Area:(26.7, 5.8)(565.8, 5.8)(565.8, 538.9)(26.7, 538.9)
Rule:GATE(5,5);SD(5,5);GATE_SD(0.5);GATE_ITO(0.5);SD_ITO(0.5)
Module:M1
Boundary:(262.1, 241.9)(262.1, 130.4)(315.7, 130.4)(315.7, 78.9)(366.1, 78.9)(366.1, 241.9);GATE
Port:(356.1, 93.4)(366.1, 93.4)(366.1, 227.4)(356.1, 227.4);SD
Port:(262.1, 241.9)(262.1, 130.4)(315.7, 130.4)(315.7, 78.9)(351.1, 78.9)(351.1, 241.9);GATE
Port:(267.1, 144.9)(271.1, 144.9)(271.1, 231.9)(267.1, 231.9);SD
Module:M8
Boundary:(495.3, 50.2)(401.8, 50.2)(401.8, 60.2)(386.3, 60.2)(386.3, 229.2)(495.3, 229.2);GATE
Port:(400.8, 219.2)(480.8, 219.2)(480.8, 229.2)(400.8, 229.2);SD
Port:(495.3, 50.2)(401.8, 50.2)(401.8, 60.2)(386.3, 60.2)(386.3, 214.2)(495.3, 214.2);GATE
Port:(416.3, 55.2)(485.3, 55.2)(485.3, 59.2)(416.3, 59.2);SD
Module:M10
Boundary:(261.7, 50.8)(261.7, 162.3)(229.7, 162.3)(229.7, 231.8)(175.7, 231.8)(175.7, 50.8);GATE
Port:(175.7, 65.3)(185.7, 65.3)(185.7, 217.3)(175.7, 217.3);SD
Port:(261.7, 50.8)(261.7, 162.3)(229.7, 162.3)(229.7, 231.8)(190.7, 231.8)(190.7, 50.8);GATE
Port:(252.7, 60.8)(256.7, 60.8)(256.7, 147.8)(252.7, 147.8);SD
Module:M5
Boundary:(95.5, 45.8)(168.5, 45.8)(168.5, 236.8)(95.5, 236.8);GATE
Port:(110.0, 226.8)(154.0, 226.8)(154.0, 236.8)(110.0, 236.8);SD
Port:(95.5, 45.8)(168.5, 45.8)(168.5, 221.8)(95.5, 221.8);GATE
Port:(105.5, 50.8)(158.5, 50.8)(158.5, 54.8)(105.5, 54.8);SD
Module:M9
Boundary:(237.3, 323.8)(237.3, 250.8)(323.3, 250.8)(323.3, 323.8);GATE
Port:(313.3, 265.3)(323.3, 265.3)(323.3, 309.3)(313.3, 309.3);SD
Port:(237.3, 323.8)(237.3, 250.8)(308.3, 250.8)(308.3, 323.8);GATE
Port:(242.3, 260.8)(246.3, 260.8)(246.3, 313.8)(242.3, 313.8);SD
Module:M2
Boundary:(164.5, 323.0)(164.5, 250.0)(82.5, 250.0)(82.5, 323.0);GATE
Port:(82.5, 264.5)(92.5, 264.5)(92.5, 308.5)(82.5, 308.5);SD
Port:(164.5, 323.0)(164.5, 250.0)(97.5, 250.0)(97.5, 323.0);GATE
Port:(155.5, 260.0)(159.5, 260.0)(159.5, 313.0)(155.5, 313.0);SD
Module:M7
Boundary:(507.8, 242.0)(360.3, 242.0)(360.3, 289.2)(326.8, 289.2)(326.8, 350.0)(507.8, 350.0);GATE
Port:(341.3, 340.0)(493.3, 340.0)(493.3, 350.0)(341.3, 350.0);SD
Port:(507.8, 242.0)(360.3, 242.0)(360.3, 289.2)(326.8, 289.2)(326.8, 335.0)(507.8, 335.0);GATE
Port:(374.8, 247.0)(497.8, 247.0)(497.8, 251.0)(374.8, 251.0);SD
Module:M4
Boundary:(201.6, 498.9)(331.1, 498.9)(331.1, 484.9)(346.6, 484.9)(346.6, 363.9)(201.6, 363.9);GATE
Port:(216.1, 363.9)(332.1, 363.9)(332.1, 373.9)(216.1, 373.9);SD
Port:(201.6, 498.9)(331.1, 498.9)(331.1, 484.9)(346.6, 484.9)(346.6, 378.9)(201.6, 378.9);GATE
Port:(211.6, 489.9)(316.6, 489.9)(316.6, 493.9)(211.6, 493.9);SD
Module:M3
Boundary:(66.7, 342.7)(160.2, 342.7)(160.2, 396.0)(193.7, 396.0)(193.7, 468.7)(66.7, 468.7);GATE
Port:(81.2, 458.7)(179.2, 458.7)(179.2, 468.7)(81.2, 468.7);SD
Port:(66.7, 342.7)(160.2, 342.7)(160.2, 396.0)(193.7, 396.0)(193.7, 453.7)(66.7, 453.7);GATE
Port:(76.7, 347.7)(145.7, 347.7)(145.7, 351.7)(76.7, 351.7);SD
Module:M6
Boundary:(525.8, 484.5)(525.8, 391.0)(447.5, 391.0)(447.5, 357.5)(349.8, 357.5)(349.8, 484.5);GATE
Port:(349.8, 372.0)(359.8, 372.0)(359.8, 470.0)(349.8, 470.0);SD
Port:(525.8, 484.5)(525.8, 391.0)(447.5, 391.0)(447.5, 357.5)(364.8, 357.5)(364.8, 484.5);GATE
Port:(516.8, 405.5)(520.8, 405.5)(520.8, 474.5)(516.8, 474.5);SD
