Area:(4.0, -20.0)(362.6, -20.0)(362.6, 403.0)(4.0, 403.0)
Rule:GATE(5,5);SD(5,5);GATE_SD(0.5);GATE_ITO(0.5);SD_ITO(0.5)
Module:M2
Boundary:(213.6, 20.0)(112.2, 20.0)(112.2, 49.1)(96.3, 49.1)(96.3, 187.1)(213.6, 187.1);GATE
Port:(109.6, 182.0)(200.3, 182.0)(200.3, 187.1)(109.6, 187.1);SD
Port:(213.6, 20.0)(112.2, 20.0)(112.2, 49.1)(96.3, 49.1)(96.3, 179.3)(213.6, 179.3);GATE
Port:(118.6, 24.4)(208.2, 24.4)(208.2, 29.8)(118.6, 29.8);SD
Module:M5
Boundary:(87.4, 36.9)(44.0, 36.9)(44.0, 228.3)(87.4, 228.3);GATE
Port:(55.6, 222.8)(75.8, 222.8)(75.8, 228.3)(55.6, 228.3);SD
Port:(87.4, 36.9)(44.0, 36.9)(44.0, 221.2)(87.4, 221.2);GATE
Port:(50.0, 41.9)(81.4, 41.9)(81.4, 46.9)(50.0, 46.9);SD
Module:M4
Boundary:(220.4, 247.5)(266.1, 247.5)(266.1, 169.8)(279.5, 169.8)(279.5, 27.9)(220.4, 27.9);GATE
Port:(232.0, 27.9)(267.9, 27.9)(267.9, 33.8)(232.0, 33.8);SD
Port:(220.4, 247.5)(266.1, 247.5)(266.1, 169.8)(279.5, 169.8)(279.5, 36.7)(220.4, 36.7);GATE
Port:(226.3, 237.8)(259.2, 237.8)(259.2, 242.6)(226.3, 242.6);SD
Module:M3
Boundary:(54.2, 356.1)(54.2, 244.4)(159.4, 244.4)(159.4, 356.1);GATE
Port:(154.7, 257.8)(159.4, 257.8)(159.4, 342.7)(154.7, 342.7);SD
Port:(54.2, 356.1)(54.2, 244.4)(152.1, 244.4)(152.1, 356.1);GATE
Port:(58.5, 249.7)(65.7, 249.7)(65.7, 350.8)(58.5, 350.8);SD
Module:M1
Boundary:(164.7, 363.0)(164.7, 266.0)(322.6, 266.0)(322.6, 363.0);GATE
Port:(316.7, 279.4)(322.6, 279.4)(322.6, 349.6)(316.7, 349.6);SD
Port:(164.7, 363.0)(164.7, 266.0)(314.5, 266.0)(314.5, 363.0);GATE
Port:(169.5, 271.8)(175.9, 271.8)(175.9, 357.2)(169.5, 357.2);SD
