Area:(-20.0, -20.0)(909.2, -20.0)(909.2, 492.1)(-20.0, 492.1)
Rule:GATE(5,5);SD(5,5);GATE_SD(0.5);GATE_ITO(0.5);SD_ITO(0.5)
Module:M14
Boundary:(336.0, 318.5)(336.0, 418.5)(249.0, 418.5)(249.0, 433.5)(135.3, 433.5)(135.3, 318.5);GATE
Port:(135.3, 332.7)(141.1, 332.7)(141.1, 419.3)(135.3, 419.3);SD
Port:(336.0, 318.5)(336.0, 418.5)(249.0, 418.5)(249.0, 433.5)(143.4, 433.5)(143.4, 318.5);GATE
Port:(324.0, 324.6)(330.9, 324.6)(330.9, 411.4)(324.0, 411.4);SD
Module:M9
Boundary:(593.4, 333.4)(593.4, 437.6)(386.0, 437.6)(386.0, 333.4);GATE
Port:(386.0, 347.5)(391.1, 347.5)(391.1, 423.5)(386.0, 423.5);SD
Port:(593.4, 333.4)(593.4, 437.6)(393.0, 437.6)(393.0, 333.4);GATE
Port:(582.4, 338.7)(589.1, 338.7)(589.1, 432.3)(582.4, 432.3);SD
Module:M5
Boundary:(336.4, 169.7)(336.4, 268.5)(157.3, 268.5)(157.3, 169.7);GATE
Port:(157.3, 184.2)(161.8, 184.2)(161.8, 254.0)(157.3, 254.0);SD
Port:(336.4, 169.7)(336.4, 268.5)(164.0, 268.5)(164.0, 169.7);GATE
Port:(324.1, 176.4)(330.7, 176.4)(330.7, 261.8)(324.1, 261.8);SD
Module:M11
Boundary:(861.8, 371.0)(861.8, 436.5)(861.8, 436.5)(861.8, 452.1)(633.4, 452.1)(633.4, 371.0);GATE
Port:(633.4, 385.0)(638.1, 385.0)(638.1, 438.1)(633.4, 438.1);SD
Port:(861.8, 371.0)(861.8, 436.5)(861.8, 436.5)(861.8, 452.1)(639.9, 452.1)(639.9, 371.0);GATE
Port:(850.1, 377.7)(856.1, 377.7)(856.1, 429.8)(850.1, 429.8);SD
Module:M1
Boundary:(286.8, 30.0)(333.2, 30.0)(333.2, 30.2)(346.9, 30.2)(346.9, 119.7)(286.8, 119.7);GATE
Port:(299.7, 114.5)(334.0, 114.5)(334.0, 119.7)(299.7, 119.7);SD
Port:(286.8, 30.0)(333.2, 30.0)(333.2, 30.2)(346.9, 30.2)(346.9, 112.9)(286.8, 112.9);GATE
Port:(293.6, 35.8)(326.4, 35.8)(326.4, 41.2)(293.6, 41.2);SD
Module:M6
Boundary:(646.7, 252.3)(703.5, 252.3)(703.5, 267.9)(720.8, 267.9)(720.8, 328.8)(646.7, 328.8);GATE
Port:(661.9, 323.7)(705.6, 323.7)(705.6, 328.8)(661.9, 328.8);SD
Port:(646.7, 252.3)(703.5, 252.3)(703.5, 267.9)(720.8, 267.9)(720.8, 321.5)(646.7, 321.5);GATE
Port:(652.3, 256.9)(696.9, 256.9)(696.9, 264.2)(652.3, 264.2);SD
Module:M2
Boundary:(646.7, 20.0)(742.9, 20.0)(742.9, 212.3)(646.7, 212.3);GATE
Port:(658.6, 208.2)(731.0, 208.2)(731.0, 212.3)(658.6, 212.3);SD
Port:(646.7, 20.0)(742.9, 20.0)(742.9, 205.7)(646.7, 205.7);GATE
Port:(651.9, 24.2)(737.7, 24.2)(737.7, 29.7)(651.9, 29.7);SD
Module:M16
Boundary:(396.9, 20.0)(482.5, 20.0)(482.5, 28.5)(498.2, 28.5)(498.2, 129.1)(396.9, 129.1);GATE
Port:(410.4, 124.5)(484.7, 124.5)(484.7, 129.1)(410.4, 129.1);SD
Port:(396.9, 20.0)(482.5, 20.0)(482.5, 28.5)(498.2, 28.5)(498.2, 123.4)(396.9, 123.4);GATE
Port:(403.1, 25.2)(475.3, 25.2)(475.3, 30.6)(403.1, 30.6);SD
Module:M13
Boundary:(538.2, 20.0)(606.7, 20.0)(606.7, 147.3)(538.2, 147.3);GATE
Port:(549.3, 142.7)(595.6, 142.7)(595.6, 147.3)(549.3, 147.3);SD
Port:(538.2, 20.0)(606.7, 20.0)(606.7, 140.4)(538.2, 140.4);GATE
Port:(543.3, 24.1)(601.6, 24.1)(601.6, 29.4)(543.3, 29.4);SD
Module:M10
Boundary:(847.7, 265.0)(847.7, 315.8)(829.3, 315.8)(829.3, 331.0)(760.8, 331.0)(760.8, 265.0);GATE
Port:(760.8, 278.1)(766.4, 278.1)(766.4, 317.9)(760.8, 317.9);SD
Port:(847.7, 265.0)(847.7, 315.8)(829.3, 315.8)(829.3, 331.0)(768.6, 331.0)(768.6, 265.0);GATE
Port:(837.2, 271.2)(842.5, 271.2)(842.5, 308.6)(837.2, 308.6);SD
Module:M7
Boundary:(782.9, 20.0)(869.2, 20.0)(869.2, 225.0)(782.9, 225.0);GATE
Port:(798.3, 219.1)(853.8, 219.1)(853.8, 225.0)(798.3, 225.0);SD
Port:(782.9, 20.0)(869.2, 20.0)(869.2, 217.4)(782.9, 217.4);GATE
Port:(789.6, 25.7)(862.5, 25.7)(862.5, 32.6)(789.6, 32.6);SD
Module:M3
Boundary:(236.8, 20.0)(236.8, 107.5)(20.0, 107.5)(20.0, 20.0);GATE
Port:(20.0, 32.3)(24.1, 32.3)(24.1, 95.2)(20.0, 95.2);SD
Port:(236.8, 20.0)(236.8, 107.5)(27.0, 107.5)(27.0, 20.0);GATE
Port:(226.1, 25.2)(232.6, 25.2)(232.6, 102.3)(226.1, 102.3);SD
Module:M15
Boundary:(20.0, 147.5)(101.8, 147.5)(101.8, 147.7)(117.3, 147.7)(117.3, 235.5)(20.0, 235.5);GATE
Port:(34.2, 231.3)(103.1, 231.3)(103.1, 235.5)(34.2, 235.5);SD
Port:(20.0, 147.5)(101.8, 147.5)(101.8, 147.7)(117.3, 147.7)(117.3, 229.9)(20.0, 229.9);GATE
Port:(26.6, 153.1)(95.2, 153.1)(95.2, 159.8)(26.6, 159.8);SD
Module:M12
Boundary:(529.5, 187.3)(584.5, 187.3)(584.5, 194.8)(601.1, 194.8)(601.1, 288.9)(529.5, 288.9);GATE
Port:(544.0, 283.7)(586.6, 283.7)(586.6, 288.9)(544.0, 288.9);SD
Port:(529.5, 187.3)(584.5, 187.3)(584.5, 194.8)(601.1, 194.8)(601.1, 282.1)(529.5, 282.1);GATE
Port:(536.2, 193.0)(576.8, 193.0)(576.8, 198.9)(536.2, 198.9);SD
Module:M8
Boundary:(386.0, 169.7)(472.8, 169.7)(472.8, 209.8)(489.5, 209.8)(489.5, 293.4)(386.0, 293.4);GATE
Port:(399.2, 288.2)(476.3, 288.2)(476.3, 293.4)(399.2, 293.4);SD
Port:(386.0, 169.7)(472.8, 169.7)(472.8, 209.8)(489.5, 209.8)(489.5, 285.3)(386.0, 285.3);GATE
Port:(391.2, 173.9)(466.6, 173.9)(466.6, 179.5)(391.2, 179.5);SD
Module:M4
Boundary:(20.0, 275.5)(70.4, 275.5)(70.4, 347.7)(85.3, 347.7)(85.3, 446.6)(20.0, 446.6);GATE
Port:(33.3, 441.0)(72.0, 441.0)(72.0, 446.6)(33.3, 446.6);SD
Port:(20.0, 275.5)(70.4, 275.5)(70.4, 347.7)(85.3, 347.7)(85.3, 438.0)(20.0, 438.0);GATE
Port:(25.3, 279.8)(64.1, 279.8)(64.1, 286.6)(25.3, 286.6);SD
