Area:(-20.0, -20.0)(1955.0, -20.0)(1955.0, 739.0)(-20.0, 739.0)
Rule:GATE(5,5);SD(5,5);GATE_SD(0.5);GATE_ITO(0.5);SD_ITO(0.5)
Module:M14
Boundary:(1699.0, 20.0)(1699.0, 93.0)(1629.0, 93.0)(1629.0, 20.0);GATE
Port:(1629.0, 34.5)(1639.0, 34.5)(1639.0, 78.5)(1629.0, 78.5);SD
Port:(1699.0, 20.0)(1699.0, 93.0)(1644.0, 93.0)(1644.0, 20.0);GATE
Port:(1690.0, 30.0)(1694.0, 30.0)(1694.0, 83.0)(1690.0, 83.0);SD
Module:M9
Boundary:(1749.0, 328.0)(1896.5, 328.0)(1896.5, 344.0)(1912.0, 344.0)(1912.0, 458.0)(1749.0, 458.0);GATE
Port:(1763.5, 448.0)(1897.5, 448.0)(1897.5, 458.0)(1763.5, 458.0);SD
Port:(1749.0, 328.0)(1896.5, 328.0)(1896.5, 344.0)(1912.0, 344.0)(1912.0, 443.0)(1749.0, 443.0);GATE
Port:(1759.0, 333.0)(1882.0, 333.0)(1882.0, 337.0)(1759.0, 337.0);SD
Module:M5
Boundary:(1587.0, 151.0)(1663.0, 151.0)(1663.0, 159.0)(1678.0, 159.0)(1678.0, 290.0)(1587.0, 290.0);GATE
Port:(1601.5, 280.0)(1663.5, 280.0)(1663.5, 290.0)(1601.5, 290.0);SD
Port:(1587.0, 151.0)(1663.0, 151.0)(1663.0, 159.0)(1678.0, 159.0)(1678.0, 275.0)(1587.0, 275.0);GATE
Port:(1597.0, 156.0)(1648.0, 156.0)(1648.0, 160.0)(1597.0, 160.0);SD
Module:M11
Boundary:(1362.0, 20.0)(1362.0, 149.5)(1257.0, 149.5)(1257.0, 255.0)(1179.0, 255.0)(1179.0, 20.0);GATE
Port:(1179.0, 34.5)(1189.0, 34.5)(1189.0, 240.5)(1179.0, 240.5);SD
Port:(1362.0, 20.0)(1362.0, 149.5)(1257.0, 149.5)(1257.0, 255.0)(1194.0, 255.0)(1194.0, 20.0);GATE
Port:(1353.0, 30.0)(1357.0, 30.0)(1357.0, 135.0)(1353.0, 135.0);SD
Module:M1
Boundary:(435.0, 559.0)(564.5, 559.0)(564.5, 574.0)(580.0, 574.0)(580.0, 695.0)(435.0, 695.0);GATE
Port:(449.5, 685.0)(565.5, 685.0)(565.5, 695.0)(449.5, 695.0);SD
Port:(435.0, 559.0)(564.5, 559.0)(564.5, 574.0)(580.0, 574.0)(580.0, 680.0)(435.0, 680.0);GATE
Port:(445.0, 564.0)(550.0, 564.0)(550.0, 568.0)(445.0, 568.0);SD
Module:M43
Boundary:(1179.0, 573.0)(1290.5, 573.0)(1290.5, 585.0)(1306.0, 585.0)(1306.0, 688.0)(1179.0, 688.0);GATE
Port:(1193.5, 678.0)(1291.5, 678.0)(1291.5, 688.0)(1193.5, 688.0);SD
Port:(1179.0, 573.0)(1290.5, 573.0)(1290.5, 585.0)(1306.0, 585.0)(1306.0, 673.0)(1179.0, 673.0);GATE
Port:(1189.0, 578.0)(1276.0, 578.0)(1276.0, 582.0)(1189.0, 582.0);SD
Module:M38
Boundary:(170.0, 427.0)(170.0, 520.5)(160.0, 520.5)(160.0, 536.0)(20.0, 536.0)(20.0, 427.0);GATE
Port:(20.0, 441.5)(30.0, 441.5)(30.0, 521.5)(20.0, 521.5);SD
Port:(170.0, 427.0)(170.0, 520.5)(160.0, 520.5)(160.0, 536.0)(35.0, 536.0)(35.0, 427.0);GATE
Port:(161.0, 437.0)(165.0, 437.0)(165.0, 506.0)(161.0, 506.0);SD
Module:M40
Boundary:(445.0, 312.0)(556.5, 312.0)(556.5, 334.5)(608.0, 334.5)(608.0, 395.0)(445.0, 395.0);GATE
Port:(459.5, 385.0)(593.5, 385.0)(593.5, 395.0)(459.5, 395.0);SD
Port:(445.0, 312.0)(556.5, 312.0)(556.5, 334.5)(608.0, 334.5)(608.0, 380.0)(445.0, 380.0);GATE
Port:(455.0, 317.0)(542.0, 317.0)(542.0, 321.0)(455.0, 321.0);SD
Module:M35
Boundary:(1516.0, 327.0)(1516.0, 438.5)(1501.0, 438.5)(1501.0, 454.0)(1346.0, 454.0)(1346.0, 327.0);GATE
Port:(1346.0, 341.5)(1356.0, 341.5)(1356.0, 439.5)(1346.0, 439.5);SD
Port:(1516.0, 327.0)(1516.0, 438.5)(1501.0, 438.5)(1501.0, 454.0)(1361.0, 454.0)(1361.0, 327.0);GATE
Port:(1507.0, 337.0)(1511.0, 337.0)(1511.0, 424.0)(1507.0, 424.0);SD
Module:M32
Boundary:(294.0, 161.0)(370.0, 161.0)(370.0, 169.0)(385.0, 169.0)(385.0, 282.0)(294.0, 282.0);GATE
Port:(308.5, 272.0)(370.5, 272.0)(370.5, 282.0)(308.5, 282.0);SD
Port:(294.0, 161.0)(370.0, 161.0)(370.0, 169.0)(385.0, 169.0)(385.0, 267.0)(294.0, 267.0);GATE
Port:(304.0, 166.0)(355.0, 166.0)(355.0, 170.0)(304.0, 170.0);SD
Module:M27
Boundary:(188.0, 260.0)(188.0, 371.5)(176.0, 371.5)(176.0, 387.0)(20.0, 387.0)(20.0, 260.0);GATE
Port:(20.0, 274.5)(30.0, 274.5)(30.0, 372.5)(20.0, 372.5);SD
Port:(188.0, 260.0)(188.0, 371.5)(176.0, 371.5)(176.0, 387.0)(35.0, 387.0)(35.0, 260.0);GATE
Port:(179.0, 270.0)(183.0, 270.0)(183.0, 357.0)(179.0, 357.0);SD
Module:M24
Boundary:(1572.0, 498.0)(1647.5, 498.0)(1647.5, 635.2)(1915.0, 635.2)(1915.0, 698.0)(1572.0, 698.0);GATE
Port:(1586.5, 688.0)(1900.5, 688.0)(1900.5, 698.0)(1586.5, 698.0);SD
Port:(1572.0, 498.0)(1647.5, 498.0)(1647.5, 635.2)(1915.0, 635.2)(1915.0, 683.0)(1572.0, 683.0);GATE
Port:(1582.0, 503.0)(1633.0, 503.0)(1633.0, 507.0)(1582.0, 507.0);SD
Module:M19
Boundary:(30.0, 586.0)(123.5, 586.0)(123.5, 624.7)(157.0, 624.7)(157.0, 683.0)(30.0, 683.0);GATE
Port:(44.5, 673.0)(142.5, 673.0)(142.5, 683.0)(44.5, 683.0);SD
Port:(30.0, 586.0)(123.5, 586.0)(123.5, 624.7)(157.0, 624.7)(157.0, 668.0)(30.0, 668.0);GATE
Port:(40.0, 591.0)(109.0, 591.0)(109.0, 595.0)(40.0, 595.0);SD
Module:M6
Boundary:(734.0, 320.0)(734.0, 396.0)(726.0, 396.0)(726.0, 411.0)(669.0, 411.0)(669.0, 320.0);GATE
Port:(669.0, 334.5)(679.0, 334.5)(679.0, 396.5)(669.0, 396.5);SD
Port:(734.0, 320.0)(734.0, 396.0)(726.0, 396.0)(726.0, 411.0)(684.0, 411.0)(684.0, 320.0);GATE
Port:(725.0, 330.0)(729.0, 330.0)(729.0, 381.0)(725.0, 381.0);SD
Module:M21
Boundary:(1473.0, 20.0)(1473.0, 96.0)(1465.0, 96.0)(1465.0, 111.0)(1402.0, 111.0)(1402.0, 20.0);GATE
Port:(1402.0, 34.5)(1412.0, 34.5)(1412.0, 96.5)(1402.0, 96.5);SD
Port:(1473.0, 20.0)(1473.0, 96.0)(1465.0, 96.0)(1465.0, 111.0)(1417.0, 111.0)(1417.0, 20.0);GATE
Port:(1464.0, 30.0)(1468.0, 30.0)(1468.0, 81.0)(1464.0, 81.0);SD
Module:M2
Boundary:(435.0, 445.0)(564.5, 445.0)(564.5, 474.1)(598.0, 474.1)(598.0, 519.0)(435.0, 519.0);GATE
Port:(449.5, 509.0)(583.5, 509.0)(583.5, 519.0)(449.5, 519.0);SD
Port:(435.0, 445.0)(564.5, 445.0)(564.5, 474.1)(598.0, 474.1)(598.0, 504.0)(435.0, 504.0);GATE
Port:(445.0, 450.0)(550.0, 450.0)(550.0, 454.0)(445.0, 454.0);SD
Module:M16
Boundary:(1532.0, 494.0)(1532.0, 641.5)(1422.3, 641.5)(1422.3, 693.0)(1346.0, 693.0)(1346.0, 494.0);GATE
Port:(1346.0, 508.5)(1356.0, 508.5)(1356.0, 678.5)(1346.0, 678.5);SD
Port:(1532.0, 494.0)(1532.0, 641.5)(1422.3, 641.5)(1422.3, 693.0)(1361.0, 693.0)(1361.0, 494.0);GATE
Port:(1523.0, 504.0)(1527.0, 504.0)(1527.0, 627.0)(1523.0, 627.0);SD
Module:M13
Boundary:(345.0, 20.0)(345.0, 96.0)(337.0, 96.0)(337.0, 111.0)(284.0, 111.0)(284.0, 20.0);GATE
Port:(284.0, 34.5)(294.0, 34.5)(294.0, 96.5)(284.0, 96.5);SD
Port:(345.0, 20.0)(345.0, 96.0)(337.0, 96.0)(337.0, 111.0)(299.0, 111.0)(299.0, 20.0);GATE
Port:(336.0, 30.0)(340.0, 30.0)(340.0, 81.0)(336.0, 81.0);SD
Module:M45
Boundary:(886.0, 317.0)(886.0, 390.0)(804.0, 390.0)(804.0, 317.0);GATE
Port:(804.0, 331.5)(814.0, 331.5)(814.0, 375.5)(804.0, 375.5);SD
Port:(886.0, 317.0)(886.0, 390.0)(819.0, 390.0)(819.0, 317.0);GATE
Port:(877.0, 327.0)(881.0, 327.0)(881.0, 380.0)(877.0, 380.0);SD
Module:M10
Boundary:(918.0, 20.0)(918.0, 149.5)(897.0, 149.5)(897.0, 165.0)(804.0, 165.0)(804.0, 20.0);GATE
Port:(804.0, 34.5)(814.0, 34.5)(814.0, 150.5)(804.0, 150.5);SD
Port:(918.0, 20.0)(918.0, 149.5)(897.0, 149.5)(897.0, 165.0)(819.0, 165.0)(819.0, 20.0);GATE
Port:(909.0, 30.0)(913.0, 30.0)(913.0, 135.0)(909.0, 135.0);SD
Module:M42
Boundary:(1842.0, 20.0)(1915.0, 20.0)(1915.0, 175.0)(1842.0, 175.0);GATE
Port:(1856.5, 165.0)(1900.5, 165.0)(1900.5, 175.0)(1856.5, 175.0);SD
Port:(1842.0, 20.0)(1915.0, 20.0)(1915.0, 160.0)(1842.0, 160.0);GATE
Port:(1852.0, 25.0)(1905.0, 25.0)(1905.0, 29.0)(1852.0, 29.0);SD
Module:M37
Boundary:(1179.0, 295.0)(1290.5, 295.0)(1290.5, 307.0)(1306.0, 307.0)(1306.0, 412.0)(1179.0, 412.0);GATE
Port:(1193.5, 402.0)(1291.5, 402.0)(1291.5, 412.0)(1193.5, 412.0);SD
Port:(1179.0, 295.0)(1290.5, 295.0)(1290.5, 307.0)(1306.0, 307.0)(1306.0, 397.0)(1179.0, 397.0);GATE
Port:(1189.0, 300.0)(1276.0, 300.0)(1276.0, 304.0)(1189.0, 304.0);SD
Module:M34
Boundary:(761.0, 171.0)(761.0, 264.5)(751.0, 264.5)(751.0, 280.0)(669.0, 280.0)(669.0, 171.0);GATE
Port:(669.0, 185.5)(679.0, 185.5)(679.0, 265.5)(669.0, 265.5);SD
Port:(761.0, 171.0)(761.0, 264.5)(751.0, 264.5)(751.0, 280.0)(684.0, 280.0)(684.0, 171.0);GATE
Port:(752.0, 181.0)(756.0, 181.0)(756.0, 250.0)(752.0, 250.0);SD
Module:M29
Boundary:(524.0, 20.0)(617.5, 20.0)(617.5, 30.0)(633.0, 30.0)(633.0, 131.0)(524.0, 131.0);GATE
Port:(538.5, 121.0)(618.5, 121.0)(618.5, 131.0)(538.5, 131.0);SD
Port:(524.0, 20.0)(617.5, 20.0)(617.5, 30.0)(633.0, 30.0)(633.0, 116.0)(524.0, 116.0);GATE
Port:(534.0, 25.0)(603.0, 25.0)(603.0, 29.0)(534.0, 29.0);SD
Module:M7
Boundary:(484.0, 20.0)(484.0, 96.0)(476.0, 96.0)(476.0, 111.0)(385.0, 111.0)(385.0, 20.0);GATE
Port:(385.0, 34.5)(395.0, 34.5)(395.0, 96.5)(385.0, 96.5);SD
Port:(484.0, 20.0)(484.0, 96.0)(476.0, 96.0)(476.0, 111.0)(400.0, 111.0)(400.0, 20.0);GATE
Port:(475.0, 30.0)(479.0, 30.0)(479.0, 81.0)(475.0, 81.0);SD
Module:M31
Boundary:(20.0, 20.0)(96.0, 20.0)(96.0, 28.0)(111.0, 28.0)(111.0, 220.0)(20.0, 220.0);GATE
Port:(34.5, 210.0)(96.5, 210.0)(96.5, 220.0)(34.5, 220.0);SD
Port:(20.0, 20.0)(96.0, 20.0)(96.0, 28.0)(111.0, 28.0)(111.0, 205.0)(20.0, 205.0);GATE
Port:(30.0, 25.0)(81.0, 25.0)(81.0, 29.0)(30.0, 29.0);SD
Module:M3
Boundary:(390.0, 332.0)(390.0, 425.5)(341.8, 425.5)(341.8, 477.0)(228.0, 477.0)(228.0, 332.0);GATE
Port:(228.0, 346.5)(238.0, 346.5)(238.0, 462.5)(228.0, 462.5);SD
Port:(390.0, 332.0)(390.0, 425.5)(341.8, 425.5)(341.8, 477.0)(243.0, 477.0)(243.0, 332.0);GATE
Port:(381.0, 342.0)(385.0, 342.0)(385.0, 411.0)(381.0, 411.0);SD
Module:M26
Boundary:(161.0, 30.0)(234.0, 30.0)(234.0, 185.0)(161.0, 185.0);GATE
Port:(175.5, 175.0)(219.5, 175.0)(219.5, 185.0)(175.5, 185.0);SD
Port:(161.0, 30.0)(234.0, 30.0)(234.0, 170.0)(161.0, 170.0);GATE
Port:(171.0, 35.0)(224.0, 35.0)(224.0, 39.0)(171.0, 39.0);SD
Module:M23
Boundary:(1802.0, 20.0)(1802.0, 113.5)(1792.0, 113.5)(1792.0, 129.0)(1739.0, 129.0)(1739.0, 20.0);GATE
Port:(1739.0, 34.5)(1749.0, 34.5)(1749.0, 114.5)(1739.0, 114.5);SD
Port:(1802.0, 20.0)(1802.0, 113.5)(1792.0, 113.5)(1792.0, 129.0)(1754.0, 129.0)(1754.0, 20.0);GATE
Port:(1793.0, 30.0)(1797.0, 30.0)(1797.0, 99.0)(1793.0, 99.0);SD
Module:M18
Boundary:(999.0, 197.0)(1110.5, 197.0)(1110.5, 209.0)(1126.0, 209.0)(1126.0, 396.0)(999.0, 396.0);GATE
Port:(1013.5, 386.0)(1111.5, 386.0)(1111.5, 396.0)(1013.5, 396.0);SD
Port:(999.0, 197.0)(1110.5, 197.0)(1110.5, 209.0)(1126.0, 209.0)(1126.0, 381.0)(999.0, 381.0);GATE
Port:(1009.0, 202.0)(1096.0, 202.0)(1096.0, 206.0)(1009.0, 206.0);SD
Module:M20
Boundary:(1179.0, 452.0)(1290.5, 452.0)(1290.5, 464.0)(1306.0, 464.0)(1306.0, 533.0)(1179.0, 533.0);GATE
Port:(1193.5, 523.0)(1291.5, 523.0)(1291.5, 533.0)(1193.5, 533.0);SD
Port:(1179.0, 452.0)(1290.5, 452.0)(1290.5, 464.0)(1306.0, 464.0)(1306.0, 518.0)(1179.0, 518.0);GATE
Port:(1189.0, 457.0)(1276.0, 457.0)(1276.0, 461.0)(1189.0, 461.0);SD
Module:M15
Boundary:(629.0, 171.0)(629.0, 247.0)(621.0, 247.0)(621.0, 262.0)(435.0, 262.0)(435.0, 171.0);GATE
Port:(435.0, 185.5)(445.0, 185.5)(445.0, 247.5)(435.0, 247.5);SD
Port:(629.0, 171.0)(629.0, 247.0)(621.0, 247.0)(621.0, 262.0)(450.0, 262.0)(450.0, 171.0);GATE
Port:(620.0, 181.0)(624.0, 181.0)(624.0, 232.0)(620.0, 232.0);SD
Module:M12
Boundary:(673.0, 20.0)(749.0, 20.0)(749.0, 28.0)(764.0, 28.0)(764.0, 129.0)(673.0, 129.0);GATE
Port:(687.5, 119.0)(749.5, 119.0)(749.5, 129.0)(687.5, 129.0);SD
Port:(673.0, 20.0)(749.0, 20.0)(749.0, 28.0)(764.0, 28.0)(764.0, 114.0)(673.0, 114.0);GATE
Port:(683.0, 25.0)(734.0, 25.0)(734.0, 29.0)(683.0, 29.0);SD
Module:M44
Boundary:(1139.0, 20.0)(1139.0, 95.5)(1085.2, 95.5)(1085.2, 147.0)(958.0, 147.0)(958.0, 20.0);GATE
Port:(958.0, 34.5)(968.0, 34.5)(968.0, 132.5)(958.0, 132.5);SD
Port:(1139.0, 20.0)(1139.0, 95.5)(1085.2, 95.5)(1085.2, 147.0)(973.0, 147.0)(973.0, 20.0);GATE
Port:(1130.0, 30.0)(1134.0, 30.0)(1134.0, 81.0)(1130.0, 81.0);SD
Module:M39
Boundary:(740.0, 592.0)(740.0, 668.0)(732.0, 668.0)(732.0, 683.0)(630.0, 683.0)(630.0, 592.0);GATE
Port:(630.0, 606.5)(640.0, 606.5)(640.0, 668.5)(630.0, 668.5);SD
Port:(740.0, 592.0)(740.0, 668.0)(732.0, 668.0)(732.0, 683.0)(645.0, 683.0)(645.0, 592.0);GATE
Port:(731.0, 602.0)(735.0, 602.0)(735.0, 653.0)(731.0, 653.0);SD
Module:M8
Boundary:(1402.0, 151.0)(1531.5, 151.0)(1531.5, 165.0)(1547.0, 165.0)(1547.0, 287.0)(1402.0, 287.0);GATE
Port:(1416.5, 277.0)(1532.5, 277.0)(1532.5, 287.0)(1416.5, 287.0);SD
Port:(1402.0, 151.0)(1531.5, 151.0)(1531.5, 165.0)(1547.0, 165.0)(1547.0, 272.0)(1402.0, 272.0);GATE
Port:(1412.0, 156.0)(1517.0, 156.0)(1517.0, 160.0)(1412.0, 160.0);SD
Module:M41
Boundary:(1139.0, 446.0)(1139.0, 539.5)(1064.2, 539.5)(1064.2, 699.0)(978.0, 699.0)(978.0, 446.0);GATE
Port:(978.0, 460.5)(988.0, 460.5)(988.0, 684.5)(978.0, 684.5);SD
Port:(1139.0, 446.0)(1139.0, 539.5)(1064.2, 539.5)(1064.2, 699.0)(993.0, 699.0)(993.0, 446.0);GATE
Port:(1130.0, 456.0)(1134.0, 456.0)(1134.0, 525.0)(1130.0, 525.0);SD
Module:M4
Boundary:(1914.0, 215.0)(1914.0, 288.0)(1718.0, 288.0)(1718.0, 215.0);GATE
Port:(1718.0, 229.5)(1728.0, 229.5)(1728.0, 273.5)(1718.0, 273.5);SD
Port:(1914.0, 215.0)(1914.0, 288.0)(1733.0, 288.0)(1733.0, 215.0);GATE
Port:(1905.0, 225.0)(1909.0, 225.0)(1909.0, 278.0)(1905.0, 278.0);SD
Module:M36
Boundary:(1589.0, 20.0)(1589.0, 96.0)(1581.0, 96.0)(1581.0, 111.0)(1513.0, 111.0)(1513.0, 20.0);GATE
Port:(1513.0, 34.5)(1523.0, 34.5)(1523.0, 96.5)(1513.0, 96.5);SD
Port:(1589.0, 20.0)(1589.0, 96.0)(1581.0, 96.0)(1581.0, 111.0)(1528.0, 111.0)(1528.0, 20.0);GATE
Port:(1580.0, 30.0)(1584.0, 30.0)(1584.0, 81.0)(1580.0, 81.0);SD
Module:M33
Boundary:(801.0, 430.0)(912.5, 430.0)(912.5, 442.0)(928.0, 442.0)(928.0, 528.0)(801.0, 528.0);GATE
Port:(815.5, 518.0)(913.5, 518.0)(913.5, 528.0)(815.5, 528.0);SD
Port:(801.0, 430.0)(912.5, 430.0)(912.5, 442.0)(928.0, 442.0)(928.0, 513.0)(801.0, 513.0);GATE
Port:(811.0, 435.0)(898.0, 435.0)(898.0, 439.0)(811.0, 439.0);SD
Module:M28
Boundary:(1709.0, 330.0)(1709.0, 441.5)(1697.0, 441.5)(1697.0, 457.0)(1572.0, 457.0)(1572.0, 330.0);GATE
Port:(1572.0, 344.5)(1582.0, 344.5)(1582.0, 442.5)(1572.0, 442.5);SD
Port:(1709.0, 330.0)(1709.0, 441.5)(1697.0, 441.5)(1697.0, 457.0)(1587.0, 457.0)(1587.0, 330.0);GATE
Port:(1700.0, 340.0)(1704.0, 340.0)(1704.0, 427.0)(1700.0, 427.0);SD
Module:M30
Boundary:(793.0, 568.0)(868.5, 568.0)(868.5, 619.7)(938.0, 619.7)(938.0, 696.0)(793.0, 696.0);GATE
Port:(807.5, 686.0)(923.5, 686.0)(923.5, 696.0)(807.5, 696.0);SD
Port:(793.0, 568.0)(868.5, 568.0)(868.5, 619.7)(938.0, 619.7)(938.0, 681.0)(793.0, 681.0);GATE
Port:(803.0, 573.0)(854.0, 573.0)(854.0, 577.0)(803.0, 577.0);SD
Module:M25
Boundary:(753.0, 451.0)(753.0, 527.0)(745.0, 527.0)(745.0, 542.0)(638.0, 542.0)(638.0, 451.0);GATE
Port:(638.0, 465.5)(648.0, 465.5)(648.0, 527.5)(638.0, 527.5);SD
Port:(753.0, 451.0)(753.0, 527.0)(745.0, 527.0)(745.0, 542.0)(653.0, 542.0)(653.0, 451.0);GATE
Port:(744.0, 461.0)(748.0, 461.0)(748.0, 512.0)(744.0, 512.0);SD
Module:M22
Boundary:(804.0, 205.0)(933.5, 205.0)(933.5, 219.0)(949.0, 219.0)(949.0, 277.0)(804.0, 277.0);GATE
Port:(818.5, 267.0)(934.5, 267.0)(934.5, 277.0)(818.5, 277.0);SD
Port:(804.0, 205.0)(933.5, 205.0)(933.5, 219.0)(949.0, 219.0)(949.0, 262.0)(804.0, 262.0);GATE
Port:(814.0, 210.0)(919.0, 210.0)(919.0, 214.0)(814.0, 214.0);SD
Module:M17
Boundary:(220.0, 527.0)(313.5, 527.0)(313.5, 595.2)(347.0, 595.2)(347.0, 683.0)(220.0, 683.0);GATE
Port:(234.5, 673.0)(332.5, 673.0)(332.5, 683.0)(234.5, 683.0);SD
Port:(220.0, 527.0)(313.5, 527.0)(313.5, 595.2)(347.0, 595.2)(347.0, 668.0)(220.0, 668.0);GATE
Port:(230.0, 532.0)(299.0, 532.0)(299.0, 536.0)(230.0, 536.0);SD
