Area:(-20.0, 21.3)(435.2, 21.3)(435.2, 626.0)(-20.0, 626.0)
Rule:GATE(5,5);SD(5,5);GATE_SD(0.5);GATE_ITO(0.5);SD_ITO(0.5)
Module:M3
Boundary:(20.0, 203.0)(20.0, 84.1)(119.6, 84.1)(119.6, 203.0);GATE
Port:(115.3, 98.1)(119.6, 98.1)(119.6, 189.0)(115.3, 189.0);SD
Port:(20.0, 203.0)(20.0, 84.1)(113.9, 84.1)(113.9, 203.0);GATE
Port:(24.6, 89.7)(30.6, 89.7)(30.6, 197.4)(24.6, 197.4);SD
Module:M10
Boundary:(170.7, 61.3)(262.4, 61.3)(262.4, 113.3)(276.2, 113.3)(276.2, 256.9)(170.7, 256.9);GATE
Port:(182.7, 252.5)(264.2, 252.5)(264.2, 256.9)(182.7, 256.9);SD
Port:(170.7, 61.3)(262.4, 61.3)(262.4, 113.3)(276.2, 113.3)(276.2, 251.3)(170.7, 251.3);GATE
Port:(176.9, 66.5)(255.2, 66.5)(255.2, 71.4)(176.9, 71.4);SD
Module:M1
Boundary:(369.4, 75.5)(298.5, 75.5)(298.5, 75.8)(284.6, 75.8)(284.6, 302.9)(369.4, 302.9);GATE
Port:(296.0, 297.4)(358.0, 297.4)(358.0, 302.9)(296.0, 302.9);SD
Port:(369.4, 75.5)(298.5, 75.5)(298.5, 75.8)(284.6, 75.8)(284.6, 295.4)(369.4, 295.4);GATE
Port:(303.5, 79.5)(364.4, 79.5)(364.4, 85.1)(303.5, 85.1);SD
Module:M8
Boundary:(118.1, 318.3)(118.1, 229.0)(74.2, 229.0)(74.2, 212.2)(20.0, 212.2)(20.0, 318.3);GATE
Port:(20.0, 225.8)(24.6, 225.8)(24.6, 304.7)(20.0, 304.7);SD
Port:(118.1, 318.3)(118.1, 229.0)(74.2, 229.0)(74.2, 212.2)(27.1, 212.2)(27.1, 318.3);GATE
Port:(107.4, 236.1)(113.0, 236.1)(113.0, 312.2)(107.4, 312.2);SD
Module:M6
Boundary:(144.9, 286.0)(211.6, 286.0)(211.6, 286.0)(228.3, 286.0)(228.3, 364.5)(144.9, 364.5);GATE
Port:(157.6, 359.0)(215.6, 359.0)(215.6, 364.5)(157.6, 364.5);SD
Port:(144.9, 286.0)(211.6, 286.0)(211.6, 286.0)(228.3, 286.0)(228.3, 357.6)(144.9, 357.6);GATE
Port:(150.6, 290.7)(205.9, 290.7)(205.9, 296.0)(150.6, 296.0);SD
Module:M5
Boundary:(395.2, 442.1)(293.0, 442.1)(293.0, 312.3)(395.2, 312.3);GATE
Port:(305.0, 312.3)(383.2, 312.3)(383.2, 318.0)(305.0, 318.0);SD
Port:(395.2, 442.1)(293.0, 442.1)(293.0, 320.9)(395.2, 320.9);GATE
Port:(298.1, 432.6)(390.1, 432.6)(390.1, 438.0)(298.1, 438.0);SD
Module:M9
Boundary:(55.4, 463.4)(122.8, 463.4)(122.8, 463.2)(140.1, 463.2)(140.1, 318.5)(55.4, 318.5);GATE
Port:(68.2, 318.5)(127.3, 318.5)(127.3, 324.4)(68.2, 324.4);SD
Port:(55.4, 463.4)(122.8, 463.4)(122.8, 463.2)(140.1, 463.2)(140.1, 325.6)(55.4, 325.6);GATE
Port:(61.2, 453.8)(117.0, 453.8)(117.0, 458.6)(61.2, 458.6);SD
Module:M2
Boundary:(169.0, 376.6)(246.9, 376.6)(246.9, 389.1)(260.8, 389.1)(260.8, 462.2)(169.0, 462.2);GATE
Port:(181.8, 457.8)(248.0, 457.8)(248.0, 462.2)(181.8, 462.2);SD
Port:(169.0, 376.6)(246.9, 376.6)(246.9, 389.1)(260.8, 389.1)(260.8, 456.4)(169.0, 456.4);GATE
Port:(174.2, 380.8)(240.7, 380.8)(240.7, 387.4)(174.2, 387.4);SD
Module:M7
Boundary:(261.0, 586.0)(351.9, 586.0)(351.9, 585.8)(369.7, 585.8)(369.7, 459.9)(261.0, 459.9);GATE
Port:(276.1, 459.9)(354.6, 459.9)(354.6, 463.9)(276.1, 463.9);SD
Port:(261.0, 586.0)(351.9, 586.0)(351.9, 585.8)(369.7, 585.8)(369.7, 466.3)(261.0, 466.3);GATE
Port:(266.8, 573.8)(346.1, 573.8)(346.1, 581.2)(266.8, 581.2);SD
Module:M4
Boundary:(199.3, 470.2)(199.3, 542.1)(146.7, 542.1)(146.7, 557.7)(39.9, 557.7)(39.9, 470.2);GATE
Port:(39.9, 485.5)(45.7, 485.5)(45.7, 542.4)(39.9, 542.4);SD
Port:(199.3, 470.2)(199.3, 542.1)(146.7, 542.1)(146.7, 557.7)(48.1, 557.7)(48.1, 470.2);GATE
Port:(186.5, 476.6)(193.9, 476.6)(193.9, 534.7)(186.5, 534.7);SD
