Area:(23.4, -4.1)(578.0, -4.1)(578.0, 248.9)(23.4, 248.9)
Rule:GATE(5,5);SD(5,5);GATE_SD(0.5);GATE_ITO(0.5);SD_ITO(0.5)
Module:M2
Boundary:(63.4, 53.9)(63.4, 126.9)(255.4, 126.9)(255.4, 53.9);GATE
Port:(245.4, 68.4)(255.4, 68.4)(255.4, 112.4)(245.4, 112.4);SD
Port:(63.4, 53.9)(63.4, 126.9)(240.4, 126.9)(240.4, 53.9);GATE
Port:(68.4, 63.9)(72.4, 63.9)(72.4, 116.9)(68.4, 116.9);SD
Module:M4
Boundary:(538.0, 180.6)(444.5, 180.6)(444.5, 170.6)(429.0, 170.6)(429.0, 70.6)(538.0, 70.6);GATE
Port:(443.5, 70.6)(523.5, 70.6)(523.5, 80.6)(443.5, 80.6);SD
Port:(538.0, 180.6)(444.5, 180.6)(444.5, 170.6)(429.0, 170.6)(429.0, 85.6)(538.0, 85.6);GATE
Port:(459.0, 171.6)(528.0, 171.6)(528.0, 175.6)(459.0, 175.6);SD
Module:M5
Boundary:(331.8, 202.2)(407.8, 202.2)(407.8, 194.2)(422.8, 194.2)(422.8, 43.2)(331.8, 43.2);GATE
Port:(346.3, 43.2)(408.3, 43.2)(408.3, 53.2)(346.3, 53.2);SD
Port:(331.8, 202.2)(407.8, 202.2)(407.8, 194.2)(422.8, 194.2)(422.8, 58.2)(331.8, 58.2);GATE
Port:(341.8, 193.2)(392.8, 193.2)(392.8, 197.2)(341.8, 197.2);SD
Module:M3
Boundary:(258.7, 35.9)(331.7, 35.9)(331.7, 208.9)(258.7, 208.9);GATE
Port:(273.2, 198.9)(317.2, 198.9)(317.2, 208.9)(273.2, 208.9);SD
Port:(258.7, 35.9)(331.7, 35.9)(331.7, 193.9)(258.7, 193.9);GATE
Port:(268.7, 40.9)(321.7, 40.9)(321.7, 44.9)(268.7, 44.9);SD
Module:M1
Boundary:(242.1, 133.0)(94.6, 133.0)(94.6, 149.0)(79.1, 149.0)(79.1, 205.0)(242.1, 205.0);GATE
Port:(93.6, 195.0)(227.6, 195.0)(227.6, 205.0)(93.6, 205.0);SD
Port:(242.1, 133.0)(94.6, 133.0)(94.6, 149.0)(79.1, 149.0)(79.1, 190.0)(242.1, 190.0);GATE
Port:(109.1, 138.0)(232.1, 138.0)(232.1, 142.0)(109.1, 142.0);SD
