Area:(-20.0, -20.0)(473.9, -20.0)(473.9, 586.6)(-20.0, 586.6)
Rule:GATE(5,5);SD(5,5);GATE_SD(0.5);GATE_ITO(0.5);SD_ITO(0.5)
Module:M9
Boundary:(20.0, 167.0)(108.5, 167.0)(108.5, 376.9)(20.0, 376.9);GATE
Port:(33.7, 370.9)(94.8, 370.9)(94.8, 376.9)(33.7, 376.9);SD
Port:(20.0, 167.0)(108.5, 167.0)(108.5, 368.3)(20.0, 368.3);GATE
Port:(25.4, 171.4)(103.1, 171.4)(103.1, 177.3)(25.4, 177.3);SD
Module:M5
Boundary:(325.6, 377.6)(416.1, 377.6)(416.1, 377.9)(433.9, 377.9)(433.9, 532.0)(325.6, 532.0);GATE
Port:(340.7, 526.2)(418.8, 526.2)(418.8, 532.0)(340.7, 532.0);SD
Port:(325.6, 377.6)(416.1, 377.6)(416.1, 377.9)(433.9, 377.9)(433.9, 523.9)(325.6, 523.9);GATE
Port:(332.2, 383.2)(409.5, 383.2)(409.5, 389.4)(332.2, 389.4);SD
Module:M1
Boundary:(316.3, 20.0)(414.8, 20.0)(414.8, 20.2)(430.7, 20.2)(430.7, 204.4)(316.3, 204.4);GATE
Port:(330.6, 198.7)(416.4, 198.7)(416.4, 204.4)(330.6, 204.4);SD
Port:(316.3, 20.0)(414.8, 20.0)(414.8, 20.2)(430.7, 20.2)(430.7, 196.1)(316.3, 196.1);GATE
Port:(322.9, 25.6)(408.2, 25.6)(408.2, 32.0)(322.9, 32.0);SD
Module:M6
Boundary:(270.3, 289.7)(270.3, 379.9)(231.8, 379.9)(231.8, 396.0)(148.5, 396.0)(148.5, 289.7);GATE
Port:(148.5, 304.7)(154.2, 304.7)(154.2, 381.0)(148.5, 381.0);SD
Port:(270.3, 289.7)(270.3, 379.9)(231.8, 379.9)(231.8, 396.0)(156.7, 396.0)(156.7, 289.7);GATE
Port:(257.7, 296.6)(264.4, 296.6)(264.4, 372.0)(257.7, 372.0);SD
Module:M2
Boundary:(275.6, 436.0)(275.6, 530.9)(236.5, 530.9)(236.5, 545.7)(124.1, 545.7)(124.1, 436.0);GATE
Port:(124.1, 447.5)(130.0, 447.5)(130.0, 534.2)(124.1, 534.2);SD
Port:(275.6, 436.0)(275.6, 530.9)(236.5, 530.9)(236.5, 545.7)(132.3, 545.7)(132.3, 436.0);GATE
Port:(266.5, 441.7)(270.9, 441.7)(270.9, 524.2)(266.5, 524.2);SD
Module:M10
Boundary:(433.8, 254.4)(433.8, 303.5)(409.0, 303.5)(409.0, 317.6)(325.8, 317.6)(325.8, 254.4);GATE
Port:(325.8, 267.4)(331.3, 267.4)(331.3, 304.6)(325.8, 304.6);SD
Port:(433.8, 254.4)(433.8, 303.5)(409.0, 303.5)(409.0, 317.6)(333.1, 317.6)(333.1, 254.4);GATE
Port:(422.7, 261.1)(428.1, 261.1)(428.1, 295.8)(422.7, 295.8);SD
Module:M7
Boundary:(193.2, 20.0)(260.6, 20.0)(260.6, 20.1)(276.3, 20.1)(276.3, 131.1)(193.2, 131.1);GATE
Port:(207.8, 125.3)(261.7, 125.3)(261.7, 131.1)(207.8, 131.1);SD
Port:(193.2, 20.0)(260.6, 20.0)(260.6, 20.1)(276.3, 20.1)(276.3, 123.2)(193.2, 123.2);GATE
Port:(199.2, 25.0)(254.6, 25.0)(254.6, 32.6)(199.2, 32.6);SD
Module:M3
Boundary:(20.0, 416.9)(84.1, 416.9)(84.1, 546.6)(20.0, 546.6);GATE
Port:(33.4, 542.5)(70.7, 542.5)(70.7, 546.6)(33.4, 546.6);SD
Port:(20.0, 416.9)(84.1, 416.9)(84.1, 539.7)(20.0, 539.7);GATE
Port:(26.0, 421.9)(78.1, 421.9)(78.1, 428.4)(26.0, 428.4);SD
Module:M8
Boundary:(148.5, 171.1)(258.4, 171.1)(258.4, 181.9)(275.8, 181.9)(275.8, 249.7)(148.5, 249.7);GATE
Port:(162.5, 245.5)(261.8, 245.5)(261.8, 249.7)(162.5, 249.7);SD
Port:(148.5, 171.1)(258.4, 171.1)(258.4, 181.9)(275.8, 181.9)(275.8, 243.6)(148.5, 243.6);GATE
Port:(153.8, 175.4)(252.1, 175.4)(252.1, 182.0)(153.8, 182.0);SD
Module:M4
Boundary:(153.2, 20.0)(153.2, 113.3)(142.2, 113.3)(142.2, 127.0)(20.0, 127.0)(20.0, 20.0);GATE
Port:(20.0, 33.2)(25.4, 33.2)(25.4, 113.8)(20.0, 113.8);SD
Port:(153.2, 20.0)(153.2, 113.3)(142.2, 113.3)(142.2, 127.0)(27.6, 127.0)(27.6, 20.0);GATE
Port:(141.5, 26.7)(147.5, 26.7)(147.5, 105.6)(141.5, 105.6);SD
