Area:(-20.0, -20.0)(378.5, -20.0)(378.5, 786.8)(-20.0, 786.8)
Rule:GATE(5,5);SD(5,5);GATE_SD(0.5);GATE_ITO(0.5);SD_ITO(0.5)
Module:M9
Boundary:(175.2, 20.0)(175.2, 115.4)(174.7, 115.4)(174.7, 130.7)(20.0, 130.7)(20.0, 20.0);GATE
Port:(20.0, 33.4)(25.2, 33.4)(25.2, 117.3)(20.0, 117.3);SD
Port:(175.2, 20.0)(175.2, 115.4)(174.7, 115.4)(174.7, 130.7)(26.9, 130.7)(26.9, 20.0);GATE
Port:(163.6, 26.4)(169.8, 26.4)(169.8, 109.0)(163.6, 109.0);SD
Module:M5
Boundary:(195.1, 332.8)(195.1, 423.2)(195.1, 423.2)(195.1, 441.7)(30.0, 441.7)(30.0, 332.8);GATE
Port:(30.0, 346.6)(35.2, 346.6)(35.2, 427.9)(30.0, 427.9);SD
Port:(195.1, 332.8)(195.1, 423.2)(195.1, 423.2)(195.1, 441.7)(38.1, 441.7)(38.1, 332.8);GATE
Port:(184.6, 338.4)(190.5, 338.4)(190.5, 417.6)(184.6, 417.6);SD
Module:M1
Boundary:(242.3, 534.4)(319.4, 534.4)(319.4, 534.8)(334.7, 534.8)(334.7, 746.8)(242.3, 746.8);GATE
Port:(254.9, 741.8)(322.1, 741.8)(322.1, 746.8)(254.9, 746.8);SD
Port:(242.3, 534.4)(319.4, 534.4)(319.4, 534.8)(334.7, 534.8)(334.7, 740.3)(242.3, 740.3);GATE
Port:(247.8, 538.9)(313.9, 538.9)(313.9, 544.3)(247.8, 544.3);SD
Module:M6
Boundary:(174.0, 170.7)(174.0, 267.8)(82.8, 267.8)(82.8, 282.8)(20.0, 282.8)(20.0, 170.7);GATE
Port:(20.0, 183.3)(24.2, 183.3)(24.2, 270.2)(20.0, 270.2);SD
Port:(174.0, 170.7)(174.0, 267.8)(82.8, 267.8)(82.8, 282.8)(26.1, 282.8)(26.1, 170.7);GATE
Port:(164.3, 175.8)(169.9, 175.8)(169.9, 261.7)(164.3, 261.7);SD
Module:M2
Boundary:(215.2, 20.0)(322.0, 20.0)(322.0, 66.8)(338.5, 66.8)(338.5, 200.7)(215.2, 200.7);GATE
Port:(229.6, 195.0)(324.1, 195.0)(324.1, 200.7)(229.6, 200.7);SD
Port:(215.2, 20.0)(322.0, 20.0)(322.0, 66.8)(338.5, 66.8)(338.5, 193.4)(215.2, 193.4);GATE
Port:(221.3, 25.1)(314.9, 25.1)(314.9, 31.6)(221.3, 31.6);SD
Module:M10
Boundary:(30.0, 501.7)(91.9, 501.7)(91.9, 543.7)(106.0, 543.7)(106.0, 609.7)(30.0, 609.7);GATE
Port:(41.5, 604.2)(94.5, 604.2)(94.5, 609.7)(41.5, 609.7);SD
Port:(30.0, 501.7)(91.9, 501.7)(91.9, 543.7)(106.0, 543.7)(106.0, 602.5)(30.0, 602.5);GATE
Port:(35.5, 506.2)(85.4, 506.2)(85.4, 511.6)(35.5, 511.6);SD
Module:M7
Boundary:(156.0, 491.7)(187.9, 491.7)(187.9, 491.8)(202.3, 491.8)(202.3, 617.2)(156.0, 617.2);GATE
Port:(168.2, 611.5)(190.1, 611.5)(190.1, 617.2)(168.2, 617.2);SD
Port:(156.0, 491.7)(187.9, 491.7)(187.9, 491.8)(202.3, 491.8)(202.3, 609.6)(156.0, 609.6);GATE
Port:(161.5, 496.2)(182.4, 496.2)(182.4, 502.3)(161.5, 502.3);SD
Module:M3
Boundary:(191.2, 659.7)(191.2, 744.0)(20.0, 744.0)(20.0, 659.7);GATE
Port:(20.0, 671.2)(26.0, 671.2)(26.0, 732.5)(20.0, 732.5);SD
Port:(191.2, 659.7)(191.2, 744.0)(27.2, 744.0)(27.2, 659.7);GATE
Port:(181.5, 665.4)(186.5, 665.4)(186.5, 738.3)(181.5, 738.3);SD
Module:M8
Boundary:(338.0, 240.7)(338.0, 291.5)(296.8, 291.5)(296.8, 308.4)(245.1, 308.4)(245.1, 240.7);GATE
Port:(245.1, 252.7)(250.5, 252.7)(250.5, 296.4)(245.1, 296.4);SD
Port:(338.0, 240.7)(338.0, 291.5)(296.8, 291.5)(296.8, 308.4)(252.6, 308.4)(252.6, 240.7);GATE
Port:(329.2, 245.9)(333.8, 245.9)(333.8, 285.3)(329.2, 285.3);SD
Module:M4
Boundary:(245.1, 348.4)(315.8, 348.4)(315.8, 421.6)(331.7, 421.6)(331.7, 494.4)(245.1, 494.4);GATE
Port:(259.8, 489.5)(317.0, 489.5)(317.0, 494.4)(259.8, 494.4);SD
Port:(245.1, 348.4)(315.8, 348.4)(315.8, 421.6)(331.7, 421.6)(331.7, 488.2)(245.1, 488.2);GATE
Port:(250.5, 352.8)(309.4, 352.8)(309.4, 360.3)(250.5, 360.3);SD
