Area:(6.5, -1.8)(519.1, -1.8)(519.1, 272.5)(6.5, 272.5)
Rule:GATE(5,5);SD(5,5);GATE_SD(0.5);GATE_ITO(0.5);SD_ITO(0.5)
Module:M5
Boundary:(304.6, 42.7)(304.6, 91.4)(304.6, 91.4)(304.6, 107.0)(179.3, 107.0)(179.3, 42.7);GATE
Port:(179.3, 55.4)(185.2, 55.4)(185.2, 94.3)(179.3, 94.3);SD
Port:(304.6, 42.7)(304.6, 91.4)(304.6, 91.4)(304.6, 107.0)(187.0, 107.0)(187.0, 42.7);GATE
Port:(294.3, 48.3)(300.0, 48.3)(300.0, 85.8)(294.3, 85.8);SD
Module:M4
Boundary:(459.5, 38.2)(459.5, 130.4)(423.6, 130.4)(423.6, 143.6)(311.0, 143.6)(311.0, 38.2);GATE
Port:(311.0, 52.2)(317.0, 52.2)(317.0, 129.6)(311.0, 129.6);SD
Port:(459.5, 38.2)(459.5, 130.4)(423.6, 130.4)(423.6, 143.6)(318.6, 143.6)(318.6, 38.2);GATE
Port:(447.1, 45.0)(453.7, 45.0)(453.7, 122.6)(447.1, 122.6);SD
Module:M2
Boundary:(46.5, 46.3)(120.2, 46.3)(120.2, 123.8)(137.0, 123.8)(137.0, 201.0)(46.5, 201.0);GATE
Port:(61.1, 196.2)(122.4, 196.2)(122.4, 201.0)(61.1, 201.0);SD
Port:(46.5, 46.3)(120.2, 46.3)(120.2, 123.8)(137.0, 123.8)(137.0, 194.2)(46.5, 194.2);GATE
Port:(52.1, 50.9)(113.6, 50.9)(113.6, 58.4)(52.1, 58.4);SD
Module:M3
Boundary:(184.0, 124.3)(255.4, 124.3)(255.4, 124.5)(272.7, 124.5)(272.7, 232.5)(184.0, 232.5);GATE
Port:(198.4, 228.2)(258.3, 228.2)(258.3, 232.5)(198.4, 232.5);SD
Port:(184.0, 124.3)(255.4, 124.3)(255.4, 124.5)(272.7, 124.5)(272.7, 225.6)(184.0, 225.6);GATE
Port:(189.7, 129.0)(249.7, 129.0)(249.7, 136.5)(189.7, 136.5);SD
Module:M1
Boundary:(479.1, 143.7)(479.1, 197.9)(479.1, 197.9)(479.1, 211.4)(279.2, 211.4)(279.2, 143.7);GATE
Port:(279.2, 153.8)(284.0, 153.8)(284.0, 201.3)(279.2, 201.3);SD
Port:(479.1, 143.7)(479.1, 197.9)(479.1, 197.9)(479.1, 211.4)(287.0, 211.4)(287.0, 143.7);GATE
Port:(470.7, 148.9)(474.9, 148.9)(474.9, 192.7)(470.7, 192.7);SD
