Area:(-20.0, -7.2)(880.0, -7.2)(880.0, 669.2)(-20.0, 669.2)
Rule:GATE(5,5);SD(5,5);GATE_SD(0.5);GATE_ITO(0.5);SD_ITO(0.5)
Module:M5
Boundary:(346.9, 166.8)(346.9, 55.3)(334.9, 55.3)(334.9, 39.8)(201.9, 39.8)(201.9, 166.8);GATE
Port:(201.9, 54.3)(211.9, 54.3)(211.9, 152.3)(201.9, 152.3);SD
Port:(346.9, 166.8)(346.9, 55.3)(334.9, 55.3)(334.9, 39.8)(216.9, 39.8)(216.9, 166.8);GATE
Port:(337.9, 69.8)(341.9, 69.8)(341.9, 156.8)(337.9, 156.8);SD
Module:M1
Boundary:(734.0, 207.2)(734.0, 95.7)(746.0, 95.7)(746.0, 80.2)(818.0, 80.2)(818.0, 207.2);GATE
Port:(808.0, 94.7)(818.0, 94.7)(818.0, 192.7)(808.0, 192.7);SD
Port:(734.0, 207.2)(734.0, 95.7)(746.0, 95.7)(746.0, 80.2)(803.0, 80.2)(803.0, 207.2);GATE
Port:(739.0, 110.2)(743.0, 110.2)(743.0, 197.2)(739.0, 197.2);SD
Module:M8
Boundary:(502.7, 32.8)(373.2, 32.8)(373.2, 46.8)(357.7, 46.8)(357.7, 200.8)(502.7, 200.8);GATE
Port:(372.2, 190.8)(488.2, 190.8)(488.2, 200.8)(372.2, 200.8);SD
Port:(502.7, 32.8)(373.2, 32.8)(373.2, 46.8)(357.7, 46.8)(357.7, 185.8)(502.7, 185.8);GATE
Port:(387.7, 37.8)(492.7, 37.8)(492.7, 41.8)(387.7, 41.8);SD
Module:M16
Boundary:(717.1, 229.9)(605.6, 229.9)(605.6, 175.4)(554.1, 175.4)(554.1, 50.9)(717.1, 50.9);GATE
Port:(568.6, 50.9)(702.6, 50.9)(702.6, 60.9)(568.6, 60.9);SD
Port:(717.1, 229.9)(605.6, 229.9)(605.6, 175.4)(554.1, 175.4)(554.1, 65.9)(717.1, 65.9);GATE
Port:(620.1, 220.9)(707.1, 220.9)(707.1, 224.9)(620.1, 224.9);SD
Module:M20
Boundary:(147.0, 55.1)(35.5, 55.1)(35.5, 73.1)(20.0, 73.1)(20.0, 253.1)(147.0, 253.1);GATE
Port:(34.5, 243.1)(132.5, 243.1)(132.5, 253.1)(34.5, 253.1);SD
Port:(147.0, 55.1)(35.5, 55.1)(35.5, 73.1)(20.0, 73.1)(20.0, 238.1)(147.0, 238.1);GATE
Port:(50.0, 60.1)(137.0, 60.1)(137.0, 64.1)(50.0, 64.1);SD
Module:M11
Boundary:(218.4, 292.9)(218.4, 219.9)(341.4, 219.9)(341.4, 292.9);GATE
Port:(331.4, 234.4)(341.4, 234.4)(341.4, 278.4)(331.4, 278.4);SD
Port:(218.4, 292.9)(218.4, 219.9)(326.4, 219.9)(326.4, 292.9);GATE
Port:(223.4, 229.9)(227.4, 229.9)(227.4, 282.9)(223.4, 282.9);SD
Module:M17
Boundary:(840.0, 281.4)(840.0, 208.4)(756.0, 208.4)(756.0, 281.4);GATE
Port:(756.0, 222.9)(766.0, 222.9)(766.0, 266.9)(756.0, 266.9);SD
Port:(840.0, 281.4)(840.0, 208.4)(771.0, 208.4)(771.0, 281.4);GATE
Port:(831.0, 218.4)(835.0, 218.4)(835.0, 271.4)(831.0, 271.4);SD
Module:M15
Boundary:(681.5, 239.0)(681.5, 332.5)(671.5, 332.5)(671.5, 348.0)(527.5, 348.0)(527.5, 239.0);GATE
Port:(527.5, 253.5)(537.5, 253.5)(537.5, 333.5)(527.5, 333.5);SD
Port:(681.5, 239.0)(681.5, 332.5)(671.5, 332.5)(671.5, 348.0)(542.5, 348.0)(542.5, 239.0);GATE
Port:(672.5, 249.0)(676.5, 249.0)(676.5, 318.0)(672.5, 318.0);SD
Module:M18
Boundary:(350.0, 353.6)(497.5, 353.6)(497.5, 337.6)(513.0, 337.6)(513.0, 225.6)(350.0, 225.6);GATE
Port:(364.5, 225.6)(498.5, 225.6)(498.5, 235.6)(364.5, 235.6);SD
Port:(350.0, 353.6)(497.5, 353.6)(497.5, 337.6)(513.0, 337.6)(513.0, 240.6)(350.0, 240.6);GATE
Port:(360.0, 344.6)(483.0, 344.6)(483.0, 348.6)(360.0, 348.6);SD
Module:M19
Boundary:(30.9, 267.7)(106.9, 267.7)(106.9, 275.7)(121.9, 275.7)(121.9, 366.7)(30.9, 366.7);GATE
Port:(45.4, 356.7)(107.4, 356.7)(107.4, 366.7)(45.4, 366.7);SD
Port:(30.9, 267.7)(106.9, 267.7)(106.9, 275.7)(121.9, 275.7)(121.9, 351.7)(30.9, 351.7);GATE
Port:(40.9, 272.7)(91.9, 272.7)(91.9, 276.7)(40.9, 276.7);SD
Module:M14
Boundary:(694.3, 292.0)(694.3, 365.0)(775.3, 365.0)(775.3, 292.0);GATE
Port:(765.3, 306.5)(775.3, 306.5)(775.3, 350.5)(765.3, 350.5);SD
Port:(694.3, 292.0)(694.3, 365.0)(760.3, 365.0)(760.3, 292.0);GATE
Port:(699.3, 302.0)(703.3, 302.0)(703.3, 355.0)(699.3, 355.0);SD
Module:M9
Boundary:(341.0, 441.6)(341.0, 312.1)(327.0, 312.1)(327.0, 296.6)(184.0, 296.6)(184.0, 441.6);GATE
Port:(184.0, 311.1)(194.0, 311.1)(194.0, 427.1)(184.0, 427.1);SD
Port:(341.0, 441.6)(341.0, 312.1)(327.0, 312.1)(327.0, 296.6)(199.0, 296.6)(199.0, 441.6);GATE
Port:(332.0, 326.6)(336.0, 326.6)(336.0, 431.6)(332.0, 431.6);SD
Module:M3
Boundary:(125.9, 470.0)(52.9, 470.0)(52.9, 397.0)(125.9, 397.0);GATE
Port:(67.4, 397.0)(111.4, 397.0)(111.4, 407.0)(67.4, 407.0);SD
Port:(125.9, 470.0)(52.9, 470.0)(52.9, 412.0)(125.9, 412.0);GATE
Port:(62.9, 461.0)(115.9, 461.0)(115.9, 465.0)(62.9, 465.0);SD
Module:M12
Boundary:(375.8, 388.1)(375.8, 515.1)(538.8, 515.1)(538.8, 388.1);GATE
Port:(528.8, 402.6)(538.8, 402.6)(538.8, 500.6)(528.8, 500.6);SD
Port:(375.8, 388.1)(375.8, 515.1)(523.8, 515.1)(523.8, 388.1);GATE
Port:(380.8, 398.1)(384.8, 398.1)(384.8, 505.1)(380.8, 505.1);SD
Module:M7
Boundary:(648.0, 356.6)(648.0, 486.1)(634.0, 486.1)(634.0, 501.6)(545.0, 501.6)(545.0, 356.6);GATE
Port:(545.0, 371.1)(555.0, 371.1)(555.0, 487.1)(545.0, 487.1);SD
Port:(648.0, 356.6)(648.0, 486.1)(634.0, 486.1)(634.0, 501.6)(560.0, 501.6)(560.0, 356.6);GATE
Port:(639.0, 366.6)(643.0, 366.6)(643.0, 471.6)(639.0, 471.6);SD
Module:M2
Boundary:(526.9, 629.2)(526.9, 556.2)(633.9, 556.2)(633.9, 629.2);GATE
Port:(623.9, 570.7)(633.9, 570.7)(633.9, 614.7)(623.9, 614.7);SD
Port:(526.9, 629.2)(526.9, 556.2)(618.9, 556.2)(618.9, 629.2);GATE
Port:(531.9, 566.2)(535.9, 566.2)(535.9, 619.2)(531.9, 619.2);SD
Module:M6
Boundary:(789.1, 615.1)(789.1, 521.6)(707.1, 521.6)(707.1, 380.1)(667.1, 380.1)(667.1, 615.1);GATE
Port:(667.1, 394.6)(677.1, 394.6)(677.1, 600.6)(667.1, 600.6);SD
Port:(789.1, 615.1)(789.1, 521.6)(707.1, 521.6)(707.1, 380.1)(682.1, 380.1)(682.1, 615.1);GATE
Port:(780.1, 536.1)(784.1, 536.1)(784.1, 605.1)(780.1, 605.1);SD
Module:M10
Boundary:(149.2, 454.3)(296.7, 454.3)(296.7, 470.4)(312.2, 470.4)(312.2, 622.3)(149.2, 622.3);GATE
Port:(163.7, 612.3)(297.7, 612.3)(297.7, 622.3)(163.7, 622.3);SD
Port:(149.2, 454.3)(296.7, 454.3)(296.7, 470.4)(312.2, 470.4)(312.2, 607.3)(149.2, 607.3);GATE
Port:(159.2, 459.3)(282.2, 459.3)(282.2, 463.3)(159.2, 463.3);SD
Module:M13
Boundary:(346.8, 623.3)(346.8, 547.3)(354.8, 547.3)(354.8, 532.3)(514.8, 532.3)(514.8, 623.3);GATE
Port:(504.8, 546.8)(514.8, 546.8)(514.8, 608.8)(504.8, 608.8);SD
Port:(346.8, 623.3)(346.8, 547.3)(354.8, 547.3)(354.8, 532.3)(499.8, 532.3)(499.8, 623.3);GATE
Port:(351.8, 562.3)(355.8, 562.3)(355.8, 613.3)(351.8, 613.3);SD
Module:M4
Boundary:(120.1, 472.5)(120.1, 584.0)(90.5, 584.0)(90.5, 617.5)(43.1, 617.5)(43.1, 472.5);GATE
Port:(43.1, 487.0)(53.1, 487.0)(53.1, 603.0)(43.1, 603.0);SD
Port:(120.1, 472.5)(120.1, 584.0)(90.5, 584.0)(90.5, 617.5)(58.1, 617.5)(58.1, 472.5);GATE
Port:(111.1, 482.5)(115.1, 482.5)(115.1, 569.5)(111.1, 569.5);SD
