Area:(-20.0, -8.2)(664.1, -8.2)(664.1, 1273.6)(-20.0, 1273.6)
Rule:GATE(5,5);SD(5,5);GATE_SD(0.5);GATE_ITO(0.5);SD_ITO(0.5)
Module:M6
Boundary:(404.2, 51.2)(292.7, 51.2)(292.7, 79.3)(241.2, 79.3)(241.2, 151.2)(404.2, 151.2);GATE
Port:(255.7, 141.2)(389.7, 141.2)(389.7, 151.2)(255.7, 151.2);SD
Port:(404.2, 51.2)(292.7, 51.2)(292.7, 79.3)(241.2, 79.3)(241.2, 136.2)(404.2, 136.2);GATE
Port:(307.2, 56.2)(394.2, 56.2)(394.2, 60.2)(307.2, 60.2);SD
Module:M25
Boundary:(594.9, 31.8)(465.4, 31.8)(465.4, 45.8)(449.9, 45.8)(449.9, 136.8)(594.9, 136.8);GATE
Port:(464.4, 126.8)(580.4, 126.8)(580.4, 136.8)(464.4, 136.8);SD
Port:(594.9, 31.8)(465.4, 31.8)(465.4, 45.8)(449.9, 45.8)(449.9, 121.8)(594.9, 121.8);GATE
Port:(479.9, 36.8)(584.9, 36.8)(584.9, 40.8)(479.9, 40.8);SD
Module:M4
Boundary:(20.0, 214.2)(113.5, 214.2)(113.5, 104.5)(237.0, 104.5)(237.0, 58.2)(20.0, 58.2);GATE
Port:(34.5, 58.2)(222.5, 58.2)(222.5, 68.2)(34.5, 68.2);SD
Port:(20.0, 214.2)(113.5, 214.2)(113.5, 104.5)(237.0, 104.5)(237.0, 73.2)(20.0, 73.2);GATE
Port:(30.0, 205.2)(99.0, 205.2)(99.0, 209.2)(30.0, 209.2);SD
Module:M12
Boundary:(21.2, 237.9)(21.2, 310.9)(115.2, 310.9)(115.2, 237.9);GATE
Port:(105.2, 252.4)(115.2, 252.4)(115.2, 296.4)(105.2, 296.4);SD
Port:(21.2, 237.9)(21.2, 310.9)(100.2, 310.9)(100.2, 237.9);GATE
Port:(26.2, 247.9)(30.2, 247.9)(30.2, 300.9)(26.2, 300.9);SD
Module:M21
Boundary:(603.3, 204.9)(455.8, 204.9)(455.8, 320.5)(368.3, 320.5)(368.3, 374.9)(603.3, 374.9);GATE
Port:(382.8, 364.9)(588.8, 364.9)(588.8, 374.9)(382.8, 374.9);SD
Port:(603.3, 204.9)(455.8, 204.9)(455.8, 320.5)(368.3, 320.5)(368.3, 359.9)(603.3, 359.9);GATE
Port:(470.3, 209.9)(593.3, 209.9)(593.3, 213.9)(470.3, 213.9);SD
Module:M13
Boundary:(170.4, 216.0)(170.4, 309.5)(200.6, 309.5)(200.6, 343.0)(250.4, 343.0)(250.4, 216.0);GATE
Port:(240.4, 230.5)(250.4, 230.5)(250.4, 328.5)(240.4, 328.5);SD
Port:(170.4, 216.0)(170.4, 309.5)(200.6, 309.5)(200.6, 343.0)(235.4, 343.0)(235.4, 216.0);GATE
Port:(175.4, 226.0)(179.4, 226.0)(179.4, 295.0)(175.4, 295.0);SD
Module:M23
Boundary:(347.8, 167.8)(274.8, 167.8)(274.8, 350.8)(347.8, 350.8);GATE
Port:(289.3, 340.8)(333.3, 340.8)(333.3, 350.8)(289.3, 350.8);SD
Port:(347.8, 167.8)(274.8, 167.8)(274.8, 335.8)(347.8, 335.8);GATE
Port:(284.8, 172.8)(337.8, 172.8)(337.8, 176.8)(284.8, 176.8);SD
Module:M5
Boundary:(171.7, 383.1)(265.2, 383.1)(265.2, 393.1)(280.7, 393.1)(280.7, 473.1)(171.7, 473.1);GATE
Port:(186.2, 463.1)(266.2, 463.1)(266.2, 473.1)(186.2, 473.1);SD
Port:(171.7, 383.1)(265.2, 383.1)(265.2, 393.1)(280.7, 393.1)(280.7, 458.1)(171.7, 458.1);GATE
Port:(181.7, 388.1)(250.7, 388.1)(250.7, 392.1)(181.7, 392.1);SD
Module:M2
Boundary:(41.4, 522.3)(114.4, 522.3)(114.4, 370.3)(41.4, 370.3);GATE
Port:(55.9, 370.3)(99.9, 370.3)(99.9, 380.3)(55.9, 380.3);SD
Port:(41.4, 522.3)(114.4, 522.3)(114.4, 385.3)(41.4, 385.3);GATE
Port:(51.4, 513.3)(104.4, 513.3)(104.4, 517.3)(51.4, 517.3);SD
Module:M3
Boundary:(324.9, 406.2)(400.9, 406.2)(400.9, 414.2)(415.9, 414.2)(415.9, 575.2)(324.9, 575.2);GATE
Port:(339.4, 565.2)(401.4, 565.2)(401.4, 575.2)(339.4, 575.2);SD
Port:(324.9, 406.2)(400.9, 406.2)(400.9, 414.2)(415.9, 414.2)(415.9, 560.2)(324.9, 560.2);GATE
Port:(334.9, 411.2)(385.9, 411.2)(385.9, 415.2)(334.9, 415.2);SD
Module:M16
Boundary:(450.0, 375.0)(450.0, 468.5)(535.0, 468.5)(535.0, 592.0)(595.0, 592.0)(595.0, 375.0);GATE
Port:(585.0, 389.5)(595.0, 389.5)(595.0, 577.5)(585.0, 577.5);SD
Port:(450.0, 375.0)(450.0, 468.5)(535.0, 468.5)(535.0, 592.0)(580.0, 592.0)(580.0, 375.0);GATE
Port:(455.0, 385.0)(459.0, 385.0)(459.0, 454.0)(455.0, 454.0);SD
Module:M8
Boundary:(385.1, 692.9)(312.1, 692.9)(312.1, 597.9)(385.1, 597.9);GATE
Port:(326.6, 597.9)(370.6, 597.9)(370.6, 607.9)(326.6, 607.9);SD
Port:(385.1, 692.9)(312.1, 692.9)(312.1, 612.9)(385.1, 612.9);GATE
Port:(322.1, 683.9)(375.1, 683.9)(375.1, 687.9)(322.1, 687.9);SD
Module:M19
Boundary:(166.6, 495.0)(278.1, 495.0)(278.1, 576.2)(311.6, 576.2)(311.6, 675.0)(166.6, 675.0);GATE
Port:(181.1, 665.0)(297.1, 665.0)(297.1, 675.0)(181.1, 675.0);SD
Port:(166.6, 495.0)(278.1, 495.0)(278.1, 576.2)(311.6, 576.2)(311.6, 660.0)(166.6, 660.0);GATE
Port:(176.6, 500.0)(263.6, 500.0)(263.6, 504.0)(176.6, 504.0);SD
Module:M18
Boundary:(159.1, 522.4)(83.1, 522.4)(83.1, 530.4)(68.1, 530.4)(68.1, 697.4)(159.1, 697.4);GATE
Port:(82.6, 687.4)(144.6, 687.4)(144.6, 697.4)(82.6, 697.4);SD
Port:(159.1, 522.4)(83.1, 522.4)(83.1, 530.4)(68.1, 530.4)(68.1, 682.4)(159.1, 682.4);GATE
Port:(98.1, 527.4)(149.1, 527.4)(149.1, 531.4)(98.1, 531.4);SD
Module:M10
Boundary:(624.1, 592.3)(624.1, 703.8)(609.1, 703.8)(609.1, 719.3)(448.1, 719.3)(448.1, 592.3);GATE
Port:(448.1, 606.8)(458.1, 606.8)(458.1, 704.8)(448.1, 704.8);SD
Port:(624.1, 592.3)(624.1, 703.8)(609.1, 703.8)(609.1, 719.3)(463.1, 719.3)(463.1, 592.3);GATE
Port:(615.1, 602.3)(619.1, 602.3)(619.1, 689.3)(615.1, 689.3);SD
Module:M20
Boundary:(237.1, 827.0)(237.1, 715.5)(249.1, 715.5)(249.1, 700.0)(419.1, 700.0)(419.1, 827.0);GATE
Port:(409.1, 714.5)(419.1, 714.5)(419.1, 812.5)(409.1, 812.5);SD
Port:(237.1, 827.0)(237.1, 715.5)(249.1, 715.5)(249.1, 700.0)(404.1, 700.0)(404.1, 827.0);GATE
Port:(242.1, 730.0)(246.1, 730.0)(246.1, 817.0)(242.1, 817.0);SD
Module:M7
Boundary:(612.6, 799.0)(483.1, 799.0)(483.1, 871.0)(413.6, 871.0)(413.6, 920.0)(612.6, 920.0);GATE
Port:(428.1, 910.0)(598.1, 910.0)(598.1, 920.0)(428.1, 920.0);SD
Port:(612.6, 799.0)(483.1, 799.0)(483.1, 871.0)(413.6, 871.0)(413.6, 905.0)(612.6, 905.0);GATE
Port:(497.6, 804.0)(602.6, 804.0)(602.6, 808.0)(497.6, 808.0);SD
Module:M14
Boundary:(322.8, 869.2)(322.8, 944.7)(288.0, 944.7)(288.0, 996.2)(198.8, 996.2)(198.8, 869.2);GATE
Port:(198.8, 883.7)(208.8, 883.7)(208.8, 981.7)(198.8, 981.7);SD
Port:(322.8, 869.2)(322.8, 944.7)(288.0, 944.7)(288.0, 996.2)(213.8, 996.2)(213.8, 869.2);GATE
Port:(313.8, 879.2)(317.8, 879.2)(317.8, 930.2)(313.8, 930.2);SD
Module:M1
Boundary:(601.9, 960.0)(528.9, 960.0)(528.9, 1033.0)(601.9, 1033.0);GATE
Port:(543.4, 1023.0)(587.4, 1023.0)(587.4, 1033.0)(543.4, 1033.0);SD
Port:(601.9, 960.0)(528.9, 960.0)(528.9, 1018.0)(601.9, 1018.0);GATE
Port:(538.9, 965.0)(591.9, 965.0)(591.9, 969.0)(538.9, 969.0);SD
Module:M15
Boundary:(55.5, 699.4)(55.5, 810.9)(149.5, 810.9)(149.5, 1006.4)(198.5, 1006.4)(198.5, 699.4);GATE
Port:(188.5, 713.9)(198.5, 713.9)(198.5, 991.9)(188.5, 991.9);SD
Port:(55.5, 699.4)(55.5, 810.9)(149.5, 810.9)(149.5, 1006.4)(183.5, 1006.4)(183.5, 699.4);GATE
Port:(60.5, 709.4)(64.5, 709.4)(64.5, 796.4)(60.5, 796.4);SD
Module:M22
Boundary:(496.9, 943.2)(496.9, 1019.2)(488.9, 1019.2)(488.9, 1034.2)(360.9, 1034.2)(360.9, 943.2);GATE
Port:(360.9, 957.7)(370.9, 957.7)(370.9, 1019.7)(360.9, 1019.7);SD
Port:(496.9, 943.2)(496.9, 1019.2)(488.9, 1019.2)(488.9, 1034.2)(375.9, 1034.2)(375.9, 943.2);GATE
Port:(487.9, 953.2)(491.9, 953.2)(491.9, 1004.2)(487.9, 1004.2);SD
Module:M17
Boundary:(345.6, 1023.8)(345.6, 1171.3)(329.6, 1171.3)(329.6, 1186.8)(219.6, 1186.8)(219.6, 1023.8);GATE
Port:(219.6, 1038.3)(229.6, 1038.3)(229.6, 1172.3)(219.6, 1172.3);SD
Port:(345.6, 1023.8)(345.6, 1171.3)(329.6, 1171.3)(329.6, 1186.8)(234.6, 1186.8)(234.6, 1023.8);GATE
Port:(336.6, 1033.8)(340.6, 1033.8)(340.6, 1156.8)(336.6, 1156.8);SD
Module:M24
Boundary:(58.1, 1210.7)(169.6, 1210.7)(169.6, 1142.9)(203.1, 1142.9)(203.1, 1057.7)(58.1, 1057.7);GATE
Port:(72.6, 1057.7)(188.6, 1057.7)(188.6, 1067.7)(72.6, 1067.7);SD
Port:(58.1, 1210.7)(169.6, 1210.7)(169.6, 1142.9)(203.1, 1142.9)(203.1, 1072.7)(58.1, 1072.7);GATE
Port:(68.1, 1201.7)(155.1, 1201.7)(155.1, 1205.7)(68.1, 1205.7);SD
Module:M11
Boundary:(484.5, 1210.8)(484.5, 1081.3)(470.5, 1081.3)(470.5, 1065.8)(352.5, 1065.8)(352.5, 1210.8);GATE
Port:(352.5, 1080.3)(362.5, 1080.3)(362.5, 1196.3)(352.5, 1196.3);SD
Port:(484.5, 1210.8)(484.5, 1081.3)(470.5, 1081.3)(470.5, 1065.8)(367.5, 1065.8)(367.5, 1210.8);GATE
Port:(475.5, 1095.8)(479.5, 1095.8)(479.5, 1200.8)(475.5, 1200.8);SD
Module:M9
Boundary:(622.5, 1070.6)(622.5, 1218.1)(606.5, 1218.1)(606.5, 1233.6)(544.5, 1233.6)(544.5, 1070.6);GATE
Port:(544.5, 1085.1)(554.5, 1085.1)(554.5, 1219.1)(544.5, 1219.1);SD
Port:(622.5, 1070.6)(622.5, 1218.1)(606.5, 1218.1)(606.5, 1233.6)(559.5, 1233.6)(559.5, 1070.6);GATE
Port:(613.5, 1080.6)(617.5, 1080.6)(617.5, 1203.6)(613.5, 1203.6);SD
