Area:(-20.0, -20.0)(371.0, -20.0)(371.0, 893.0)(-20.0, 893.0)
Rule:GATE(5,5);SD(5,5);GATE_SD(0.5);GATE_ITO(0.5);SD_ITO(0.5)
Module:M9
Boundary:(20.0, 20.0)(93.0, 20.0)(93.0, 158.0)(20.0, 158.0);GATE
Port:(34.5, 148.0)(78.5, 148.0)(78.5, 158.0)(34.5, 158.0);SD
Port:(20.0, 20.0)(93.0, 20.0)(93.0, 143.0)(20.0, 143.0);GATE
Port:(30.0, 25.0)(83.0, 25.0)(83.0, 29.0)(30.0, 29.0);SD
Module:M5
Boundary:(226.0, 215.0)(302.0, 215.0)(302.0, 223.0)(317.0, 223.0)(317.0, 309.0)(226.0, 309.0);GATE
Port:(240.5, 299.0)(302.5, 299.0)(302.5, 309.0)(240.5, 309.0);SD
Port:(226.0, 215.0)(302.0, 215.0)(302.0, 223.0)(317.0, 223.0)(317.0, 294.0)(226.0, 294.0);GATE
Port:(236.0, 220.0)(287.0, 220.0)(287.0, 224.0)(236.0, 224.0);SD
Module:M1
Boundary:(258.0, 597.0)(331.0, 597.0)(331.0, 791.0)(258.0, 791.0);GATE
Port:(272.5, 781.0)(316.5, 781.0)(316.5, 791.0)(272.5, 791.0);SD
Port:(258.0, 597.0)(331.0, 597.0)(331.0, 776.0)(258.0, 776.0);GATE
Port:(268.0, 602.0)(321.0, 602.0)(321.0, 606.0)(268.0, 606.0);SD
Module:M6
Boundary:(214.0, 762.0)(214.0, 838.0)(206.0, 838.0)(206.0, 853.0)(20.0, 853.0)(20.0, 762.0);GATE
Port:(20.0, 776.5)(30.0, 776.5)(30.0, 838.5)(20.0, 838.5);SD
Port:(214.0, 762.0)(214.0, 838.0)(206.0, 838.0)(206.0, 853.0)(35.0, 853.0)(35.0, 762.0);GATE
Port:(205.0, 772.0)(209.0, 772.0)(209.0, 823.0)(205.0, 823.0);SD
Module:M2
Boundary:(303.0, 20.0)(303.0, 149.5)(289.0, 149.5)(289.0, 165.0)(133.0, 165.0)(133.0, 20.0);GATE
Port:(133.0, 34.5)(143.0, 34.5)(143.0, 150.5)(133.0, 150.5);SD
Port:(303.0, 20.0)(303.0, 149.5)(289.0, 149.5)(289.0, 165.0)(148.0, 165.0)(148.0, 20.0);GATE
Port:(294.0, 30.0)(298.0, 30.0)(298.0, 135.0)(294.0, 135.0);SD
Module:M10
Boundary:(166.0, 215.0)(166.0, 326.5)(154.0, 326.5)(154.0, 342.0)(30.0, 342.0)(30.0, 215.0);GATE
Port:(30.0, 229.5)(40.0, 229.5)(40.0, 327.5)(30.0, 327.5);SD
Port:(166.0, 215.0)(166.0, 326.5)(154.0, 326.5)(154.0, 342.0)(45.0, 342.0)(45.0, 215.0);GATE
Port:(157.0, 225.0)(161.0, 225.0)(161.0, 312.0)(157.0, 312.0);SD
Module:M7
Boundary:(20.0, 541.0)(93.0, 541.0)(93.0, 705.0)(20.0, 705.0);GATE
Port:(34.5, 695.0)(78.5, 695.0)(78.5, 705.0)(34.5, 705.0);SD
Port:(20.0, 541.0)(93.0, 541.0)(93.0, 690.0)(20.0, 690.0);GATE
Port:(30.0, 546.0)(83.0, 546.0)(83.0, 550.0)(30.0, 550.0);SD
Module:M3
Boundary:(258.0, 359.0)(331.0, 359.0)(331.0, 557.0)(258.0, 557.0);GATE
Port:(272.5, 547.0)(316.5, 547.0)(316.5, 557.0)(272.5, 557.0);SD
Port:(258.0, 359.0)(331.0, 359.0)(331.0, 542.0)(258.0, 542.0);GATE
Port:(268.0, 364.0)(321.0, 364.0)(321.0, 368.0)(268.0, 368.0);SD
Module:M8
Boundary:(197.0, 392.0)(197.0, 485.5)(187.0, 485.5)(187.0, 501.0)(20.0, 501.0)(20.0, 392.0);GATE
Port:(20.0, 406.5)(30.0, 406.5)(30.0, 486.5)(20.0, 486.5);SD
Port:(197.0, 392.0)(197.0, 485.5)(187.0, 485.5)(187.0, 501.0)(35.0, 501.0)(35.0, 392.0);GATE
Port:(188.0, 402.0)(192.0, 402.0)(192.0, 471.0)(188.0, 471.0);SD
Module:M4
Boundary:(218.0, 541.0)(218.0, 652.5)(186.0, 652.5)(186.0, 722.0)(133.0, 722.0)(133.0, 541.0);GATE
Port:(133.0, 555.5)(143.0, 555.5)(143.0, 707.5)(133.0, 707.5);SD
Port:(218.0, 541.0)(218.0, 652.5)(186.0, 652.5)(186.0, 722.0)(148.0, 722.0)(148.0, 541.0);GATE
Port:(209.0, 551.0)(213.0, 551.0)(213.0, 638.0)(209.0, 638.0);SD
