Area:(-16.3, -10.0)(338.7, -10.0)(338.7, 787.8)(-16.3, 787.8)
Rule:GATE(5,5);SD(5,5);GATE_SD(0.5);GATE_ITO(0.5);SD_ITO(0.5)
Module:M5
Boundary:(95.6, 30.0)(37.0, 30.0)(37.0, 158.4)(95.6, 158.4);GATE
Port:(48.8, 153.8)(83.8, 153.8)(83.8, 158.4)(48.8, 158.4);SD
Port:(95.6, 30.0)(37.0, 30.0)(37.0, 151.7)(95.6, 151.7);GATE
Port:(43.0, 35.0)(89.6, 35.0)(89.6, 39.7)(43.0, 39.7);SD
Module:M7
Boundary:(204.4, 59.6)(138.6, 59.6)(138.6, 229.8)(204.4, 229.8);GATE
Port:(151.6, 225.3)(191.4, 225.3)(191.4, 229.8)(151.6, 229.8);SD
Port:(204.4, 59.6)(138.6, 59.6)(138.6, 224.0)(204.4, 224.0);GATE
Port:(144.3, 64.3)(198.7, 64.3)(198.7, 70.0)(144.3, 70.0);SD
Module:M10
Boundary:(298.7, 30.0)(250.1, 30.0)(250.1, 30.2)(235.0, 30.2)(235.0, 232.6)(298.7, 232.6);GATE
Port:(248.4, 227.4)(285.3, 227.4)(285.3, 232.6)(248.4, 232.6);SD
Port:(298.7, 30.0)(250.1, 30.0)(250.1, 30.2)(235.0, 30.2)(235.0, 225.2)(298.7, 225.2);GATE
Port:(255.6, 34.5)(293.2, 34.5)(293.2, 41.4)(255.6, 41.4);SD
Module:M8
Boundary:(144.9, 331.0)(59.6, 331.0)(59.6, 325.3)(44.6, 325.3)(44.6, 247.9)(144.9, 247.9);GATE
Port:(59.6, 247.9)(129.9, 247.9)(129.9, 253.6)(59.6, 253.6);SD
Port:(144.9, 331.0)(59.6, 331.0)(59.6, 325.3)(44.6, 325.3)(44.6, 256.0)(144.9, 256.0);GATE
Port:(67.3, 319.3)(138.2, 319.3)(138.2, 325.3)(67.3, 325.3);SD
Module:M9
Boundary:(283.1, 384.7)(283.1, 311.2)(282.9, 311.2)(282.9, 293.3)(155.4, 293.3)(155.4, 384.7);GATE
Port:(155.4, 308.7)(160.5, 308.7)(160.5, 369.3)(155.4, 369.3);SD
Port:(283.1, 384.7)(283.1, 311.2)(282.9, 311.2)(282.9, 293.3)(162.8, 293.3)(162.8, 384.7);GATE
Port:(270.9, 317.3)(278.0, 317.3)(278.0, 378.6)(270.9, 378.6);SD
Module:M2
Boundary:(118.1, 451.2)(118.1, 362.7)(103.8, 362.7)(103.8, 346.1)(24.2, 346.1)(24.2, 451.2);GATE
Port:(24.2, 360.0)(30.1, 360.0)(30.1, 437.3)(24.2, 437.3);SD
Port:(118.1, 451.2)(118.1, 362.7)(103.8, 362.7)(103.8, 346.1)(31.5, 346.1)(31.5, 451.2);GATE
Port:(107.4, 369.6)(113.2, 369.6)(113.2, 445.3)(107.4, 445.3);SD
Module:M3
Boundary:(136.3, 593.0)(23.7, 593.0)(23.7, 472.4)(136.3, 472.4);GATE
Port:(40.1, 472.4)(119.9, 472.4)(119.9, 477.4)(40.1, 477.4);SD
Port:(136.3, 593.0)(23.7, 593.0)(23.7, 479.2)(136.3, 479.2);GATE
Port:(30.4, 579.8)(129.6, 579.8)(129.6, 587.3)(30.4, 587.3);SD
Module:M4
Boundary:(273.7, 626.0)(182.4, 626.0)(182.4, 530.7)(165.6, 530.7)(165.6, 407.3)(273.7, 407.3);GATE
Port:(180.3, 407.3)(259.0, 407.3)(259.0, 411.8)(180.3, 411.8);SD
Port:(273.7, 626.0)(182.4, 626.0)(182.4, 530.7)(165.6, 530.7)(165.6, 414.8)(273.7, 414.8);GATE
Port:(189.6, 614.6)(267.5, 614.6)(267.5, 620.8)(189.6, 620.8);SD
Module:M1
Boundary:(159.5, 731.9)(159.5, 651.0)(159.3, 651.0)(159.3, 635.0)(51.2, 635.0)(51.2, 731.9);GATE
Port:(51.2, 647.6)(57.0, 647.6)(57.0, 719.3)(51.2, 719.3);SD
Port:(159.5, 731.9)(159.5, 651.0)(159.3, 651.0)(159.3, 635.0)(59.1, 635.0)(59.1, 731.9);GATE
Port:(148.8, 657.0)(154.5, 657.0)(154.5, 725.9)(148.8, 725.9);SD
Module:M6
Boundary:(269.8, 663.4)(269.8, 735.6)(223.4, 735.6)(223.4, 747.8)(167.0, 747.8)(167.0, 663.4);GATE
Port:(167.0, 676.0)(172.5, 676.0)(172.5, 735.2)(167.0, 735.2);SD
Port:(269.8, 663.4)(269.8, 735.6)(223.4, 735.6)(223.4, 747.8)(175.2, 747.8)(175.2, 663.4);GATE
Port:(259.0, 669.1)(265.1, 669.1)(265.1, 728.9)(259.0, 728.9);SD
