Area:(-20.0, -20.0)(1302.7, -20.0)(1302.7, 481.5)(-20.0, 481.5)
Rule:GATE(5,5);SD(5,5);GATE_SD(0.5);GATE_ITO(0.5);SD_ITO(0.5)
Module:M12
Boundary:(607.8, 89.1)(607.8, 36.3)(599.3, 36.3)(599.3, 20.0)(495.8, 20.0)(495.8, 89.1);GATE
Port:(495.8, 33.9)(501.8, 33.9)(501.8, 75.2)(495.8, 75.2);SD
Port:(607.8, 89.1)(607.8, 36.3)(599.3, 36.3)(599.3, 20.0)(504.3, 20.0)(504.3, 89.1);GATE
Port:(597.3, 43.6)(602.5, 43.6)(602.5, 82.8)(597.3, 82.8);SD
Module:M3
Boundary:(623.9, 22.4)(623.9, 81.9)(624.0, 81.9)(624.0, 96.2)(801.9, 96.2)(801.9, 22.4);GATE
Port:(797.1, 34.1)(801.9, 34.1)(801.9, 84.5)(797.1, 84.5);SD
Port:(623.9, 22.4)(623.9, 81.9)(624.0, 81.9)(624.0, 96.2)(795.8, 96.2)(795.8, 22.4);GATE
Port:(628.2, 27.7)(633.9, 27.7)(633.9, 76.6)(628.2, 76.6);SD
Module:M21
Boundary:(455.8, 97.6)(455.8, 35.2)(455.7, 35.2)(455.7, 20.6)(253.6, 20.6)(253.6, 97.6);GATE
Port:(253.6, 33.7)(258.4, 33.7)(258.4, 84.5)(253.6, 84.5);SD
Port:(455.8, 97.6)(455.8, 35.2)(455.7, 35.2)(455.7, 20.6)(259.6, 20.6)(259.6, 97.6);GATE
Port:(444.5, 41.4)(450.6, 41.4)(450.6, 91.4)(444.5, 91.4);SD
Module:M9
Boundary:(213.6, 38.4)(213.6, 117.6)(20.0, 117.6)(20.0, 38.4);GATE
Port:(20.0, 52.2)(24.3, 52.2)(24.3, 103.8)(20.0, 103.8);SD
Port:(213.6, 38.4)(213.6, 117.6)(26.4, 117.6)(26.4, 38.4);GATE
Port:(201.7, 44.8)(208.2, 44.8)(208.2, 111.2)(201.7, 111.2);SD
Module:M10
Boundary:(1262.7, 133.0)(1262.7, 60.9)(1246.1, 60.9)(1246.1, 45.2)(1154.0, 45.2)(1154.0, 133.0);GATE
Port:(1154.0, 60.4)(1159.7, 60.4)(1159.7, 117.8)(1154.0, 117.8);SD
Port:(1262.7, 133.0)(1262.7, 60.9)(1246.1, 60.9)(1246.1, 45.2)(1161.6, 45.2)(1161.6, 133.0);GATE
Port:(1249.8, 68.1)(1257.5, 68.1)(1257.5, 126.8)(1249.8, 126.8);SD
Module:M14
Boundary:(1106.7, 177.8)(1010.0, 177.8)(1010.0, 144.8)(995.0, 144.8)(995.0, 43.8)(1106.7, 43.8);GATE
Port:(1007.1, 43.8)(1094.6, 43.8)(1094.6, 49.1)(1007.1, 49.1);SD
Port:(1106.7, 177.8)(1010.0, 177.8)(1010.0, 144.8)(995.0, 144.8)(995.0, 51.7)(1106.7, 51.7);GATE
Port:(1016.3, 167.9)(1101.4, 167.9)(1101.4, 173.5)(1016.3, 173.5);SD
Module:M18
Boundary:(821.4, 20.0)(905.5, 20.0)(905.5, 67.5)(917.9, 67.5)(917.9, 164.4)(821.4, 164.4);GATE
Port:(832.9, 159.1)(906.4, 159.1)(906.4, 164.4)(832.9, 164.4);SD
Port:(821.4, 20.0)(905.5, 20.0)(905.5, 67.5)(917.9, 67.5)(917.9, 156.5)(821.4, 156.5);GATE
Port:(827.5, 25.1)(898.4, 25.1)(898.4, 29.9)(827.5, 29.9);SD
Module:M13
Boundary:(417.8, 141.2)(417.8, 174.4)(417.6, 174.4)(417.6, 191.4)(201.9, 191.4)(201.9, 141.2);GATE
Port:(201.9, 154.0)(207.0, 154.0)(207.0, 178.6)(201.9, 178.6);SD
Port:(417.8, 141.2)(417.8, 174.4)(417.6, 174.4)(417.6, 191.4)(209.7, 191.4)(209.7, 141.2);GATE
Port:(408.1, 146.6)(413.4, 146.6)(413.4, 169.0)(408.1, 169.0);SD
Module:M1
Boundary:(576.6, 133.8)(576.6, 214.6)(780.2, 214.6)(780.2, 133.8);GATE
Port:(774.9, 146.9)(780.2, 146.9)(780.2, 201.5)(774.9, 201.5);SD
Port:(576.6, 133.8)(576.6, 214.6)(772.1, 214.6)(772.1, 133.8);GATE
Port:(582.2, 140.4)(587.7, 140.4)(587.7, 208.0)(582.2, 208.0);SD
Module:M2
Boundary:(145.4, 229.9)(145.4, 158.3)(135.6, 158.3)(135.6, 141.8)(20.0, 141.8)(20.0, 229.9);GATE
Port:(20.0, 156.2)(24.3, 156.2)(24.3, 215.5)(20.0, 215.5);SD
Port:(145.4, 229.9)(145.4, 158.3)(135.6, 158.3)(135.6, 141.8)(26.8, 141.8)(26.8, 229.9);GATE
Port:(134.5, 164.5)(141.2, 164.5)(141.2, 224.7)(134.5, 224.7);SD
Module:M17
Boundary:(536.6, 150.1)(460.6, 150.1)(460.6, 150.3)(441.3, 150.3)(441.3, 242.3)(536.6, 242.3);GATE
Port:(456.1, 236.8)(521.8, 236.8)(521.8, 242.3)(456.1, 242.3);SD
Port:(536.6, 150.1)(460.6, 150.1)(460.6, 150.3)(441.3, 150.3)(441.3, 235.0)(536.6, 235.0);GATE
Port:(467.2, 155.7)(530.0, 155.7)(530.0, 161.5)(467.2, 161.5);SD
Module:M15
Boundary:(912.3, 299.2)(940.7, 299.2)(940.7, 299.0)(953.9, 299.0)(953.9, 201.5)(912.3, 201.5);GATE
Port:(923.4, 201.5)(942.8, 201.5)(942.8, 205.6)(923.4, 205.6);SD
Port:(912.3, 299.2)(940.7, 299.2)(940.7, 299.0)(953.9, 299.0)(953.9, 207.9)(912.3, 207.9);GATE
Port:(917.4, 290.0)(935.6, 290.0)(935.6, 295.1)(917.4, 295.1);SD
Module:M7
Boundary:(839.9, 313.0)(884.3, 313.0)(884.3, 312.9)(897.9, 312.9)(897.9, 204.4)(839.9, 204.4);GATE
Port:(851.8, 204.4)(886.0, 204.4)(886.0, 209.3)(851.8, 209.3);SD
Port:(839.9, 313.0)(884.3, 313.0)(884.3, 312.9)(897.9, 312.9)(897.9, 210.9)(839.9, 210.9);GATE
Port:(845.5, 302.8)(878.7, 302.8)(878.7, 308.4)(845.5, 308.4);SD
Module:M8
Boundary:(1013.4, 194.0)(1013.4, 297.4)(1048.8, 297.4)(1048.8, 313.4)(1109.1, 313.4)(1109.1, 194.0);GATE
Port:(1104.4, 207.8)(1109.1, 207.8)(1109.1, 299.6)(1104.4, 299.6);SD
Port:(1013.4, 194.0)(1013.4, 297.4)(1048.8, 297.4)(1048.8, 313.4)(1102.8, 313.4)(1102.8, 194.0);GATE
Port:(1018.6, 200.2)(1023.7, 200.2)(1023.7, 290.2)(1018.6, 290.2);SD
Module:M11
Boundary:(819.8, 251.8)(819.8, 300.7)(819.5, 300.7)(819.5, 317.3)(597.5, 317.3)(597.5, 251.8);GATE
Port:(597.5, 264.5)(603.2, 264.5)(603.2, 304.6)(597.5, 304.6);SD
Port:(819.8, 251.8)(819.8, 300.7)(819.5, 300.7)(819.5, 317.3)(605.0, 317.3)(605.0, 251.8);GATE
Port:(810.0, 257.3)(815.3, 257.3)(815.3, 295.2)(810.0, 295.2);SD
Module:M25
Boundary:(400.5, 326.6)(400.5, 251.5)(400.3, 251.5)(400.3, 232.7)(251.8, 232.7)(251.8, 326.6);GATE
Port:(251.8, 247.5)(257.2, 247.5)(257.2, 311.8)(251.8, 311.8);SD
Port:(400.5, 326.6)(400.5, 251.5)(400.3, 251.5)(400.3, 232.7)(259.4, 232.7)(259.4, 326.6);GATE
Port:(389.1, 258.0)(395.0, 258.0)(395.0, 320.1)(389.1, 320.1);SD
Module:M5
Boundary:(193.5, 332.0)(193.5, 282.3)(193.3, 282.3)(193.3, 266.1)(20.0, 266.1)(20.0, 332.0);GATE
Port:(20.0, 279.2)(25.4, 279.2)(25.4, 318.9)(20.0, 318.9);SD
Port:(193.5, 332.0)(193.5, 282.3)(193.3, 282.3)(193.3, 266.1)(27.0, 266.1)(27.0, 332.0);GATE
Port:(183.1, 288.6)(188.2, 288.6)(188.2, 325.7)(183.1, 325.7);SD
Module:M19
Boundary:(1150.5, 151.6)(1236.7, 151.6)(1236.7, 151.6)(1253.7, 151.6)(1253.7, 349.8)(1150.5, 349.8);GATE
Port:(1164.2, 344.4)(1240.0, 344.4)(1240.0, 349.8)(1164.2, 349.8);SD
Port:(1150.5, 151.6)(1236.7, 151.6)(1236.7, 151.6)(1253.7, 151.6)(1253.7, 341.7)(1150.5, 341.7);GATE
Port:(1156.2, 156.3)(1231.0, 156.3)(1231.0, 162.6)(1156.2, 162.6);SD
Module:M6
Boundary:(669.3, 422.5)(669.3, 369.2)(643.5, 369.2)(643.5, 354.3)(591.5, 354.3)(591.5, 422.5);GATE
Port:(591.5, 369.1)(595.7, 369.1)(595.7, 407.7)(591.5, 407.7);SD
Port:(669.3, 422.5)(669.3, 369.2)(643.5, 369.2)(643.5, 354.3)(597.5, 354.3)(597.5, 422.5);GATE
Port:(656.9, 376.9)(663.6, 376.9)(663.6, 415.8)(656.9, 415.8);SD
Module:M4
Boundary:(846.4, 413.0)(846.4, 336.5)(860.7, 336.5)(860.7, 325.3)(1016.9, 325.3)(1016.9, 413.0);GATE
Port:(1012.9, 335.6)(1016.9, 335.6)(1016.9, 402.7)(1012.9, 402.7);SD
Port:(846.4, 413.0)(846.4, 336.5)(860.7, 336.5)(860.7, 325.3)(1011.7, 325.3)(1011.7, 413.0);GATE
Port:(850.8, 342.9)(855.2, 342.9)(855.2, 407.6)(850.8, 407.6);SD
Module:M20
Boundary:(211.8, 441.5)(211.8, 385.4)(161.1, 385.4)(161.1, 373.2)(20.0, 373.2)(20.0, 441.5);GATE
Port:(20.0, 384.3)(25.7, 384.3)(25.7, 430.4)(20.0, 430.4);SD
Port:(211.8, 441.5)(211.8, 385.4)(161.1, 385.4)(161.1, 373.2)(28.2, 373.2)(28.2, 441.5);GATE
Port:(202.3, 391.6)(207.6, 391.6)(207.6, 436.3)(202.3, 436.3);SD
Module:M24
Boundary:(467.2, 436.9)(467.2, 370.2)(411.3, 370.2)(411.3, 354.9)(303.1, 354.9)(303.1, 436.9);GATE
Port:(303.1, 368.4)(308.6, 368.4)(308.6, 423.4)(303.1, 423.4);SD
Port:(467.2, 436.9)(467.2, 370.2)(411.3, 370.2)(411.3, 354.9)(310.2, 354.9)(310.2, 436.9);GATE
Port:(457.2, 376.2)(463.2, 376.2)(463.2, 431.9)(457.2, 431.9);SD
Module:M22
Boundary:(1221.1, 361.2)(1221.1, 407.7)(1191.4, 407.7)(1191.4, 421.1)(1047.3, 421.1)(1047.3, 361.2);GATE
Port:(1047.3, 373.4)(1053.3, 373.4)(1053.3, 408.9)(1047.3, 408.9);SD
Port:(1221.1, 361.2)(1221.1, 407.7)(1191.4, 407.7)(1191.4, 421.1)(1056.1, 421.1)(1056.1, 361.2);GATE
Port:(1211.0, 367.3)(1216.0, 367.3)(1216.0, 400.6)(1211.0, 400.6);SD
Module:M16
Boundary:(465.4, 435.7)(534.4, 435.7)(534.4, 390.5)(550.1, 390.5)(550.1, 258.5)(465.4, 258.5);GATE
Port:(479.6, 258.5)(535.9, 258.5)(535.9, 264.0)(479.6, 264.0);SD
Port:(465.4, 435.7)(534.4, 435.7)(534.4, 390.5)(550.1, 390.5)(550.1, 265.9)(465.4, 265.9);GATE
Port:(472.3, 424.8)(526.5, 424.8)(526.5, 429.8)(472.3, 429.8);SD
Module:M23
Boundary:(813.4, 324.5)(813.4, 393.5)(813.1, 393.5)(813.1, 411.1)(677.3, 411.1)(677.3, 324.5);GATE
Port:(677.3, 337.9)(682.3, 337.9)(682.3, 397.7)(677.3, 397.7);SD
Port:(813.4, 324.5)(813.4, 393.5)(813.1, 393.5)(813.1, 411.1)(683.9, 411.1)(683.9, 324.5);GATE
Port:(802.9, 329.6)(809.3, 329.6)(809.3, 388.4)(802.9, 388.4);SD
