Area:(-20.0, -20.0)(482.0, -20.0)(482.0, 372.0)(-20.0, 372.0)
Rule:GATE(5,5);SD(5,5);GATE_SD(0.5);GATE_ITO(0.5);SD_ITO(0.5)
Module:M5
Boundary:(20.0, 20.0)(131.5, 20.0)(131.5, 36.0)(147.0, 36.0)(147.0, 145.0)(20.0, 145.0);GATE
Port:(34.5, 135.0)(132.5, 135.0)(132.5, 145.0)(34.5, 145.0);SD
Port:(20.0, 20.0)(131.5, 20.0)(131.5, 36.0)(147.0, 36.0)(147.0, 130.0)(20.0, 130.0);GATE
Port:(30.0, 25.0)(117.0, 25.0)(117.0, 29.0)(30.0, 29.0);SD
Module:M1
Boundary:(430.0, 20.0)(430.0, 77.5)(378.0, 77.5)(378.0, 201.0)(313.0, 201.0)(313.0, 20.0);GATE
Port:(313.0, 34.5)(323.0, 34.5)(323.0, 186.5)(313.0, 186.5);SD
Port:(430.0, 20.0)(430.0, 77.5)(378.0, 77.5)(378.0, 201.0)(328.0, 201.0)(328.0, 20.0);GATE
Port:(421.0, 30.0)(425.0, 30.0)(425.0, 63.0)(421.0, 63.0);SD
Module:M2
Boundary:(187.0, 20.0)(260.0, 20.0)(260.0, 141.0)(187.0, 141.0);GATE
Port:(201.5, 131.0)(245.5, 131.0)(245.5, 141.0)(201.5, 141.0);SD
Port:(187.0, 20.0)(260.0, 20.0)(260.0, 126.0)(187.0, 126.0);GATE
Port:(197.0, 25.0)(250.0, 25.0)(250.0, 29.0)(197.0, 29.0);SD
Module:M3
Boundary:(20.0, 185.0)(149.5, 185.0)(149.5, 257.6)(273.0, 257.6)(273.0, 313.0)(20.0, 313.0);GATE
Port:(34.5, 303.0)(258.5, 303.0)(258.5, 313.0)(34.5, 313.0);SD
Port:(20.0, 185.0)(149.5, 185.0)(149.5, 257.6)(273.0, 257.6)(273.0, 298.0)(20.0, 298.0);GATE
Port:(30.0, 190.0)(135.0, 190.0)(135.0, 194.0)(30.0, 194.0);SD
Module:M4
Boundary:(442.0, 241.0)(442.0, 317.0)(434.0, 317.0)(434.0, 332.0)(313.0, 332.0)(313.0, 241.0);GATE
Port:(313.0, 255.5)(323.0, 255.5)(323.0, 317.5)(313.0, 317.5);SD
Port:(442.0, 241.0)(442.0, 317.0)(434.0, 317.0)(434.0, 332.0)(328.0, 332.0)(328.0, 241.0);GATE
Port:(433.0, 251.0)(437.0, 251.0)(437.0, 302.0)(433.0, 302.0);SD
