Area:(-20.0, -20.0)(383.4, -20.0)(383.4, 380.4)(-20.0, 380.4)
Rule:GATE(5,5);SD(5,5);GATE_SD(0.5);GATE_ITO(0.5);SD_ITO(0.5)
Module:M5
Boundary:(329.0, 134.1)(329.0, 207.3)(328.7, 207.3)(328.7, 224.3)(152.2, 224.3)(152.2, 134.1);GATE
Port:(152.2, 150.4)(158.0, 150.4)(158.0, 208.0)(152.2, 208.0);SD
Port:(329.0, 134.1)(329.0, 207.3)(328.7, 207.3)(328.7, 224.3)(160.1, 224.3)(160.1, 134.1);GATE
Port:(315.4, 141.0)(323.1, 141.0)(323.1, 200.4)(315.4, 200.4);SD
Module:M1
Boundary:(343.4, 20.0)(343.4, 79.7)(343.3, 79.7)(343.3, 94.1)(152.2, 94.1)(152.2, 20.0);GATE
Port:(152.2, 32.2)(157.2, 32.2)(157.2, 81.9)(152.2, 81.9);SD
Port:(343.4, 20.0)(343.4, 79.7)(343.3, 79.7)(343.3, 94.1)(160.1, 94.1)(160.1, 20.0);GATE
Port:(333.5, 26.5)(337.9, 26.5)(337.9, 73.2)(333.5, 73.2);SD
Module:M2
Boundary:(342.8, 264.3)(342.8, 315.6)(290.4, 315.6)(290.4, 329.7)(143.1, 329.7)(143.1, 264.3);GATE
Port:(143.1, 278.5)(147.8, 278.5)(147.8, 315.5)(143.1, 315.5);SD
Port:(342.8, 264.3)(342.8, 315.6)(290.4, 315.6)(290.4, 329.7)(149.3, 329.7)(149.3, 264.3);GATE
Port:(330.7, 270.8)(337.3, 270.8)(337.3, 308.1)(330.7, 308.1);SD
Module:M3
Boundary:(20.0, 193.4)(103.1, 193.4)(103.1, 340.4)(20.0, 340.4);GATE
Port:(33.8, 335.8)(89.3, 335.8)(89.3, 340.4)(33.8, 340.4);SD
Port:(20.0, 193.4)(103.1, 193.4)(103.1, 334.4)(20.0, 334.4);GATE
Port:(26.0, 198.4)(97.1, 198.4)(97.1, 205.1)(26.0, 205.1);SD
Module:M4
Boundary:(20.0, 20.0)(94.9, 20.0)(94.9, 62.6)(112.2, 62.6)(112.2, 153.4)(20.0, 153.4);GATE
Port:(35.0, 149.0)(97.2, 149.0)(97.2, 153.4)(35.0, 153.4);SD
Port:(20.0, 20.0)(94.9, 20.0)(94.9, 62.6)(112.2, 62.6)(112.2, 147.9)(20.0, 147.9);GATE
Port:(26.0, 25.0)(87.9, 25.0)(87.9, 31.7)(26.0, 31.7);SD
