Area:(-20.0, 20.7)(427.0, 20.7)(427.0, 614.5)(-20.0, 614.5)
Rule:GATE(5,5);SD(5,5);GATE_SD(0.5);GATE_ITO(0.5);SD_ITO(0.5)
Module:M7
Boundary:(53.8, 60.7)(53.8, 134.3)(53.8, 134.3)(53.8, 148.3)(156.2, 148.3)(156.2, 60.7);GATE
Port:(151.9, 73.2)(156.2, 73.2)(156.2, 135.8)(151.9, 135.8);SD
Port:(53.8, 60.7)(53.8, 134.3)(53.8, 134.3)(53.8, 148.3)(149.4, 148.3)(149.4, 60.7);GATE
Port:(58.6, 66.5)(64.2, 66.5)(64.2, 128.5)(58.6, 128.5);SD
Module:M1
Boundary:(166.6, 65.1)(264.3, 65.1)(264.3, 152.7)(166.6, 152.7);GATE
Port:(179.7, 148.7)(251.2, 148.7)(251.2, 152.7)(179.7, 152.7);SD
Port:(166.6, 65.1)(264.3, 65.1)(264.3, 147.6)(166.6, 147.6);GATE
Port:(172.0, 69.5)(258.9, 69.5)(258.9, 75.5)(172.0, 75.5);SD
Module:M6
Boundary:(286.5, 61.3)(374.3, 61.3)(374.3, 139.0)(387.0, 139.0)(387.0, 242.9)(286.5, 242.9);GATE
Port:(299.5, 238.6)(374.0, 238.6)(374.0, 242.9)(299.5, 242.9);SD
Port:(286.5, 61.3)(374.3, 61.3)(374.3, 139.0)(387.0, 139.0)(387.0, 235.7)(286.5, 235.7);GATE
Port:(293.0, 66.8)(366.8, 66.8)(366.8, 72.0)(293.0, 72.0);SD
Module:M4
Boundary:(226.2, 278.8)(226.2, 173.1)(135.7, 173.1)(135.7, 157.2)(20.0, 157.2)(20.0, 278.8);GATE
Port:(20.0, 172.0)(25.3, 172.0)(25.3, 264.0)(20.0, 264.0);SD
Port:(226.2, 278.8)(226.2, 173.1)(135.7, 173.1)(135.7, 157.2)(26.4, 157.2)(26.4, 278.8);GATE
Port:(213.9, 180.4)(220.9, 180.4)(220.9, 272.5)(213.9, 272.5);SD
Module:M8
Boundary:(54.8, 309.6)(54.8, 373.8)(83.0, 373.8)(83.0, 388.8)(172.7, 388.8)(172.7, 309.6);GATE
Port:(166.9, 321.7)(172.7, 321.7)(172.7, 376.7)(166.9, 376.7);SD
Port:(54.8, 309.6)(54.8, 373.8)(83.0, 373.8)(83.0, 388.8)(164.7, 388.8)(164.7, 309.6);GATE
Port:(59.2, 315.0)(64.6, 315.0)(64.6, 367.4)(59.2, 367.4);SD
Module:M10
Boundary:(354.2, 276.3)(274.5, 276.3)(274.5, 363.8)(260.2, 363.8)(260.2, 472.6)(354.2, 472.6);GATE
Port:(273.1, 468.4)(341.3, 468.4)(341.3, 472.6)(273.1, 472.6);SD
Port:(354.2, 276.3)(274.5, 276.3)(274.5, 363.8)(260.2, 363.8)(260.2, 467.2)(354.2, 467.2);GATE
Port:(281.1, 280.9)(348.6, 280.9)(348.6, 287.0)(281.1, 287.0);SD
Module:M2
Boundary:(179.9, 332.0)(240.5, 332.0)(240.5, 412.8)(253.9, 412.8)(253.9, 490.2)(179.9, 490.2);GATE
Port:(191.6, 485.1)(242.2, 485.1)(242.2, 490.2)(191.6, 490.2);SD
Port:(179.9, 332.0)(240.5, 332.0)(240.5, 412.8)(253.9, 412.8)(253.9, 482.5)(179.9, 482.5);GATE
Port:(185.5, 336.6)(233.9, 336.6)(233.9, 342.1)(185.5, 342.1);SD
Module:M9
Boundary:(152.8, 396.1)(81.2, 396.1)(81.2, 396.2)(67.1, 396.2)(67.1, 467.6)(152.8, 467.6);GATE
Port:(78.2, 463.0)(141.7, 463.0)(141.7, 467.6)(78.2, 467.6);SD
Port:(152.8, 396.1)(81.2, 396.1)(81.2, 396.2)(67.1, 396.2)(67.1, 461.6)(152.8, 461.6);GATE
Port:(86.5, 400.4)(147.5, 400.4)(147.5, 405.4)(86.5, 405.4);SD
Module:M5
Boundary:(381.8, 571.0)(381.8, 509.3)(381.6, 509.3)(381.6, 494.7)(206.5, 494.7)(206.5, 571.0);GATE
Port:(206.5, 507.4)(211.4, 507.4)(211.4, 558.3)(206.5, 558.3);SD
Port:(381.8, 571.0)(381.8, 509.3)(381.6, 509.3)(381.6, 494.7)(213.2, 494.7)(213.2, 571.0);GATE
Port:(370.6, 516.0)(376.1, 516.0)(376.1, 564.3)(370.6, 564.3);SD
Module:M3
Boundary:(190.1, 508.3)(190.1, 574.5)(71.6, 574.5)(71.6, 508.3);GATE
Port:(71.6, 521.3)(76.2, 521.3)(76.2, 561.5)(71.6, 561.5);SD
Port:(190.1, 508.3)(190.1, 574.5)(78.5, 574.5)(78.5, 508.3);GATE
Port:(180.5, 513.4)(186.0, 513.4)(186.0, 569.4)(180.5, 569.4);SD
