Area:(-30.0, -30.0)(676.3, -30.0)(676.3, 1639.0)(-30.0, 1639.0)
Rule:GATE(5,5);SD(5,5);GATE_SD(0.5);GATE_ITO(0.5);SD_ITO(0.5)
Module:M14
Boundary:(30.0, 1402.5)(80.1, 1402.5)(80.1, 1509.8)(95.4, 1509.8)(95.4, 1581.1)(30.0, 1581.1);GATE
Port:(43.1, 1576.2)(82.3, 1576.2)(82.3, 1581.1)(43.1, 1581.1);SD
Port:(30.0, 1402.5)(80.1, 1402.5)(80.1, 1509.8)(95.4, 1509.8)(95.4, 1574.5)(30.0, 1574.5);GATE
Port:(35.5, 1407.0)(73.6, 1407.0)(73.6, 1412.6)(35.5, 1412.6);SD
Module:M9
Boundary:(521.5, 921.1)(623.9, 921.1)(623.9, 1113.2)(521.5, 1113.2);GATE
Port:(534.6, 1107.9)(610.8, 1107.9)(610.8, 1113.2)(534.6, 1113.2);SD
Port:(521.5, 921.1)(623.9, 921.1)(623.9, 1106.0)(521.5, 1106.0);GATE
Port:(528.0, 926.6)(617.4, 926.6)(617.4, 932.5)(528.0, 932.5);SD
Module:M5
Boundary:(348.7, 1143.1)(348.7, 1215.1)(165.8, 1215.1)(165.8, 1143.1);GATE
Port:(165.8, 1157.8)(170.5, 1157.8)(170.5, 1200.4)(165.8, 1200.4);SD
Port:(348.7, 1143.1)(348.7, 1215.1)(173.4, 1215.1)(173.4, 1143.1);GATE
Port:(337.5, 1148.9)(343.9, 1148.9)(343.9, 1209.3)(337.5, 1209.3);SD
Module:M11
Boundary:(20.0, 268.5)(97.4, 268.5)(97.4, 268.6)(111.9, 268.6)(111.9, 464.9)(20.0, 464.9);GATE
Port:(33.6, 459.1)(98.3, 459.1)(98.3, 464.9)(33.6, 464.9);SD
Port:(20.0, 268.5)(97.4, 268.5)(97.4, 268.6)(111.9, 268.6)(111.9, 456.3)(20.0, 456.3);GATE
Port:(26.9, 274.4)(90.5, 274.4)(90.5, 280.2)(26.9, 280.2);SD
Module:M1
Boundary:(30.0, 998.6)(115.8, 998.6)(115.8, 1201.3)(30.0, 1201.3);GATE
Port:(44.3, 1196.2)(101.5, 1196.2)(101.5, 1201.3)(44.3, 1201.3);SD
Port:(30.0, 998.6)(115.8, 998.6)(115.8, 1194.7)(30.0, 1194.7);GATE
Port:(36.3, 1003.9)(109.5, 1003.9)(109.5, 1010.3)(36.3, 1010.3);SD
Module:M38
Boundary:(10.0, 642.6)(89.9, 642.6)(89.9, 654.7)(103.8, 654.7)(103.8, 788.9)(10.0, 788.9);GATE
Port:(23.7, 784.5)(90.1, 784.5)(90.1, 788.9)(23.7, 788.9);SD
Port:(10.0, 642.6)(89.9, 642.6)(89.9, 654.7)(103.8, 654.7)(103.8, 782.9)(10.0, 782.9);GATE
Port:(16.7, 648.3)(82.2, 648.3)(82.2, 654.1)(16.7, 654.1);SD
Module:M40
Boundary:(519.7, 1501.6)(616.8, 1501.6)(616.8, 1508.7)(631.4, 1508.7)(631.4, 1599.0)(519.7, 1599.0);GATE
Port:(533.5, 1594.8)(617.6, 1594.8)(617.6, 1599.0)(533.5, 1599.0);SD
Port:(519.7, 1501.6)(616.8, 1501.6)(616.8, 1508.7)(631.4, 1508.7)(631.4, 1593.5)(519.7, 1593.5);GATE
Port:(524.7, 1505.6)(610.8, 1505.6)(610.8, 1512.8)(524.7, 1512.8);SD
Module:M35
Boundary:(363.8, 997.5)(363.8, 1085.8)(363.8, 1085.8)(363.8, 1103.1)(165.8, 1103.1)(165.8, 997.5);GATE
Port:(165.8, 1012.3)(171.1, 1012.3)(171.1, 1088.3)(165.8, 1088.3);SD
Port:(363.8, 997.5)(363.8, 1085.8)(363.8, 1085.8)(363.8, 1103.1)(173.1, 1103.1)(173.1, 997.5);GATE
Port:(352.1, 1004.3)(358.0, 1004.3)(358.0, 1079.0)(352.1, 1079.0);SD
Module:M32
Boundary:(187.8, 514.9)(187.8, 586.7)(107.8, 586.7)(107.8, 602.6)(30.0, 602.6)(30.0, 514.9);GATE
Port:(30.0, 529.5)(34.0, 529.5)(34.0, 588.0)(30.0, 588.0);SD
Port:(187.8, 514.9)(187.8, 586.7)(107.8, 586.7)(107.8, 602.6)(35.8, 602.6)(35.8, 514.9);GATE
Port:(176.1, 521.5)(182.2, 521.5)(182.2, 579.1)(176.1, 579.1);SD
Module:M27
Boundary:(239.5, 533.5)(292.5, 533.5)(292.5, 533.6)(309.4, 533.6)(309.4, 733.9)(239.5, 733.9);GATE
Port:(254.1, 728.9)(294.8, 728.9)(294.8, 733.9)(254.1, 733.9);SD
Port:(239.5, 533.5)(292.5, 533.5)(292.5, 533.6)(309.4, 533.6)(309.4, 726.1)(239.5, 726.1);GATE
Port:(246.4, 539.4)(285.6, 539.4)(285.6, 545.1)(246.4, 545.1);SD
Module:M24
Boundary:(625.7, 335.1)(625.7, 420.3)(584.1, 420.3)(584.1, 436.5)(498.5, 436.5)(498.5, 335.1);GATE
Port:(498.5, 348.3)(503.4, 348.3)(503.4, 423.3)(498.5, 423.3);SD
Port:(625.7, 335.1)(625.7, 420.3)(584.1, 420.3)(584.1, 436.5)(505.7, 436.5)(505.7, 335.1);GATE
Port:(615.7, 340.4)(621.4, 340.4)(621.4, 414.0)(615.7, 414.0);SD
Module:M19
Boundary:(536.2, 20.0)(536.2, 98.5)(465.9, 98.5)(465.9, 20.0);GATE
Port:(465.9, 32.7)(470.2, 32.7)(470.2, 85.8)(465.9, 85.8);SD
Port:(536.2, 20.0)(536.2, 98.5)(471.8, 98.5)(471.8, 20.0);GATE
Port:(525.5, 26.1)(531.1, 26.1)(531.1, 92.4)(525.5, 92.4);SD
Module:M6
Boundary:(349.4, 609.5)(450.7, 609.5)(450.7, 617.5)(466.1, 617.5)(466.1, 709.6)(349.4, 709.6);GATE
Port:(362.8, 705.1)(452.7, 705.1)(452.7, 709.6)(362.8, 709.6);SD
Port:(349.4, 609.5)(450.7, 609.5)(450.7, 617.5)(466.1, 617.5)(466.1, 702.3)(349.4, 702.3);GATE
Port:(356.4, 615.5)(442.7, 615.5)(442.7, 620.7)(356.4, 620.7);SD
Module:M21
Boundary:(304.3, 1372.3)(304.3, 1449.2)(304.2, 1449.2)(304.2, 1464.6)(162.4, 1464.6)(162.4, 1372.3);GATE
Port:(162.4, 1384.4)(168.1, 1384.4)(168.1, 1452.5)(162.4, 1452.5);SD
Port:(304.3, 1372.3)(304.3, 1449.2)(304.2, 1449.2)(304.2, 1464.6)(169.4, 1464.6)(169.4, 1372.3);GATE
Port:(294.7, 1377.7)(299.9, 1377.7)(299.9, 1443.8)(294.7, 1443.8);SD
Module:M2
Boundary:(456.9, 460.4)(456.9, 555.6)(411.8, 555.6)(411.8, 569.5)(355.4, 569.5)(355.4, 460.4);GATE
Port:(355.4, 474.3)(360.9, 474.3)(360.9, 555.6)(355.4, 555.6);SD
Port:(456.9, 460.4)(456.9, 555.6)(411.8, 555.6)(411.8, 569.5)(363.3, 569.5)(363.3, 460.4);GATE
Port:(445.3, 467.3)(451.0, 467.3)(451.0, 547.7)(445.3, 547.7);SD
Module:M16
Boundary:(302.2, 1504.6)(302.2, 1576.8)(237.9, 1576.8)(237.9, 1593.0)(145.4, 1593.0)(145.4, 1504.6);GATE
Port:(145.4, 1519.1)(151.3, 1519.1)(151.3, 1578.5)(145.4, 1578.5);SD
Port:(302.2, 1504.6)(302.2, 1576.8)(237.9, 1576.8)(237.9, 1593.0)(154.1, 1593.0)(154.1, 1504.6);GATE
Port:(290.6, 1511.1)(296.7, 1511.1)(296.7, 1569.3)(290.6, 1569.3);SD
Module:M13
Boundary:(30.0, 30.0)(92.6, 30.0)(92.6, 218.5)(30.0, 218.5);GATE
Port:(43.8, 213.7)(78.8, 213.7)(78.8, 218.5)(43.8, 218.5);SD
Port:(30.0, 30.0)(92.6, 30.0)(92.6, 211.6)(30.0, 211.6);GATE
Port:(36.8, 35.8)(85.8, 35.8)(85.8, 42.0)(36.8, 42.0);SD
Module:M10
Boundary:(413.8, 988.7)(458.9, 988.7)(458.9, 1017.7)(471.5, 1017.7)(471.5, 1107.7)(413.8, 1107.7);GATE
Port:(425.8, 1103.0)(459.5, 1103.0)(459.5, 1107.7)(425.8, 1107.7);SD
Port:(413.8, 988.7)(458.9, 988.7)(458.9, 1017.7)(471.5, 1017.7)(471.5, 1101.6)(413.8, 1101.6);GATE
Port:(420.6, 994.5)(451.1, 994.5)(451.1, 998.7)(420.6, 998.7);SD
Module:M37
Boundary:(519.7, 1321.7)(629.7, 1321.7)(629.7, 1481.6)(519.7, 1481.6);GATE
Port:(535.2, 1477.1)(614.2, 1477.1)(614.2, 1481.6)(535.2, 1481.6);SD
Port:(519.7, 1321.7)(629.7, 1321.7)(629.7, 1475.3)(519.7, 1475.3);GATE
Port:(526.6, 1327.6)(622.8, 1327.6)(622.8, 1335.3)(526.6, 1335.3);SD
Module:M34
Boundary:(133.8, 652.6)(184.9, 652.6)(184.9, 718.7)(199.5, 718.7)(199.5, 791.3)(133.8, 791.3);GATE
Port:(148.0, 785.6)(185.3, 785.6)(185.3, 791.3)(148.0, 791.3);SD
Port:(133.8, 652.6)(184.9, 652.6)(184.9, 718.7)(199.5, 718.7)(199.5, 782.9)(133.8, 782.9);GATE
Port:(140.3, 658.1)(177.4, 658.1)(177.4, 664.0)(140.3, 664.0);SD
Module:M29
Boundary:(576.2, 20.0)(611.0, 20.0)(611.0, 20.2)(626.7, 20.2)(626.7, 114.9)(576.2, 114.9);GATE
Port:(590.2, 109.5)(612.7, 109.5)(612.7, 114.9)(590.2, 114.9);SD
Port:(576.2, 20.0)(611.0, 20.0)(611.0, 20.2)(626.7, 20.2)(626.7, 107.3)(576.2, 107.3);GATE
Port:(582.8, 25.6)(604.4, 25.6)(604.4, 31.1)(582.8, 31.1);SD
Module:M7
Boundary:(524.2, 1153.2)(626.5, 1153.2)(626.5, 1291.7)(524.2, 1291.7);GATE
Port:(537.1, 1286.1)(613.6, 1286.1)(613.6, 1291.7)(537.1, 1291.7);SD
Port:(524.2, 1153.2)(626.5, 1153.2)(626.5, 1283.6)(524.2, 1283.6);GATE
Port:(530.1, 1158.1)(620.6, 1158.1)(620.6, 1164.2)(530.1, 1164.2);SD
Module:M31
Boundary:(239.5, 773.9)(335.2, 773.9)(335.2, 957.5)(239.5, 957.5);GATE
Port:(251.7, 953.3)(323.0, 953.3)(323.0, 957.5)(251.7, 957.5);SD
Port:(239.5, 773.9)(335.2, 773.9)(335.2, 952.3)(239.5, 952.3);GATE
Port:(245.3, 778.7)(329.4, 778.7)(329.4, 783.6)(245.3, 783.6);SD
Module:M3
Boundary:(482.9, 1539.9)(482.9, 1574.4)(482.8, 1574.4)(482.8, 1590.9)(344.3, 1590.9)(344.3, 1539.9);GATE
Port:(344.3, 1553.7)(349.2, 1553.7)(349.2, 1577.1)(344.3, 1577.1);SD
Port:(482.9, 1539.9)(482.9, 1574.4)(482.8, 1574.4)(482.8, 1590.9)(351.8, 1590.9)(351.8, 1539.9);GATE
Port:(471.4, 1546.3)(477.5, 1546.3)(477.5, 1568.0)(471.4, 1568.0);SD
Module:M26
Boundary:(239.5, 283.6)(301.9, 283.6)(301.9, 377.6)(315.4, 377.6)(315.4, 493.5)(239.5, 493.5);GATE
Port:(252.0, 489.4)(302.9, 489.4)(302.9, 493.5)(252.0, 493.5);SD
Port:(239.5, 283.6)(301.9, 283.6)(301.9, 377.6)(315.4, 377.6)(315.4, 488.1)(239.5, 488.1);GATE
Port:(244.9, 288.0)(295.5, 288.0)(295.5, 294.3)(244.9, 294.3);SD
Module:M23
Boundary:(170.0, 841.3)(170.0, 938.6)(30.0, 938.6)(30.0, 841.3);GATE
Port:(30.0, 855.1)(35.0, 855.1)(35.0, 924.8)(30.0, 924.8);SD
Port:(170.0, 841.3)(170.0, 938.6)(36.1, 938.6)(36.1, 841.3);GATE
Port:(158.0, 848.1)(164.2, 848.1)(164.2, 931.8)(158.0, 931.8);SD
Module:M18
Boundary:(398.7, 1167.7)(456.6, 1167.7)(456.6, 1244.2)(474.2, 1244.2)(474.2, 1346.7)(398.7, 1346.7);GATE
Port:(413.9, 1341.6)(459.0, 1341.6)(459.0, 1346.7)(413.9, 1346.7);SD
Port:(398.7, 1167.7)(456.6, 1167.7)(456.6, 1244.2)(474.2, 1244.2)(474.2, 1339.0)(398.7, 1339.0);GATE
Port:(404.9, 1172.9)(449.4, 1172.9)(449.4, 1179.5)(404.9, 1179.5);SD
Module:M20
Boundary:(30.0, 1261.3)(97.1, 1261.3)(97.1, 1289.4)(112.4, 1289.4)(112.4, 1342.5)(30.0, 1342.5);GATE
Port:(43.4, 1336.7)(99.0, 1336.7)(99.0, 1342.5)(43.4, 1342.5);SD
Port:(30.0, 1261.3)(97.1, 1261.3)(97.1, 1289.4)(112.4, 1289.4)(112.4, 1335.7)(30.0, 1335.7);GATE
Port:(35.8, 1266.1)(90.3, 1266.1)(90.3, 1272.3)(35.8, 1272.3);SD
Module:M15
Boundary:(510.1, 164.9)(599.9, 164.9)(599.9, 165.3)(613.8, 165.3)(613.8, 279.0)(510.1, 279.0);GATE
Port:(523.8, 274.2)(600.1, 274.2)(600.1, 279.0)(523.8, 279.0);SD
Port:(510.1, 164.9)(599.9, 164.9)(599.9, 165.3)(613.8, 165.3)(613.8, 272.9)(510.1, 272.9);GATE
Port:(516.9, 170.7)(593.1, 170.7)(593.1, 176.8)(516.9, 176.8);SD
Module:M12
Boundary:(460.1, 226.5)(460.1, 279.6)(427.4, 279.6)(427.4, 295.1)(355.4, 295.1)(355.4, 226.5);GATE
Port:(355.4, 240.9)(359.9, 240.9)(359.9, 280.7)(355.4, 280.7);SD
Port:(460.1, 226.5)(460.1, 279.6)(427.4, 279.6)(427.4, 295.1)(361.1, 295.1)(361.1, 226.5);GATE
Port:(448.4, 232.5)(455.1, 232.5)(455.1, 272.6)(448.4, 272.6);SD
Module:M39
Boundary:(132.6, 10.0)(198.6, 10.0)(198.6, 227.4)(132.6, 227.4);GATE
Port:(146.1, 222.1)(185.1, 222.1)(185.1, 227.4)(146.1, 227.4);SD
Port:(132.6, 10.0)(198.6, 10.0)(198.6, 220.0)(132.6, 220.0);GATE
Port:(139.4, 15.8)(191.8, 15.8)(191.8, 21.7)(139.4, 21.7);SD
Module:M8
Boundary:(506.1, 476.5)(603.5, 476.5)(603.5, 477.1)(622.7, 477.1)(622.7, 704.6)(506.1, 704.6);GATE
Port:(522.2, 699.7)(606.6, 699.7)(606.6, 704.6)(522.2, 704.6);SD
Port:(506.1, 476.5)(603.5, 476.5)(603.5, 477.1)(622.7, 477.1)(622.7, 698.5)(506.1, 698.5);GATE
Port:(512.7, 482.1)(596.9, 482.1)(596.9, 489.3)(512.7, 489.3);SD
Module:M4
Boundary:(228.6, 20.0)(297.4, 20.0)(297.4, 160.8)(313.8, 160.8)(313.8, 243.6)(228.6, 243.6);GATE
Port:(241.6, 239.1)(300.8, 239.1)(300.8, 243.6)(241.6, 243.6);SD
Port:(228.6, 20.0)(297.4, 20.0)(297.4, 160.8)(313.8, 160.8)(313.8, 237.5)(228.6, 237.5);GATE
Port:(233.6, 24.0)(291.4, 24.0)(291.4, 29.6)(233.6, 29.6);SD
Module:M36
Boundary:(508.7, 734.6)(619.0, 734.6)(619.0, 786.8)(636.3, 786.8)(636.3, 891.1)(508.7, 891.1);GATE
Port:(522.9, 886.0)(622.1, 886.0)(622.1, 891.1)(522.9, 891.1);SD
Port:(508.7, 734.6)(619.0, 734.6)(619.0, 786.8)(636.3, 786.8)(636.3, 884.5)(508.7, 884.5);GATE
Port:(514.2, 739.1)(612.5, 739.1)(612.5, 745.9)(514.2, 745.9);SD
Module:M33
Boundary:(151.9, 283.6)(181.9, 283.6)(181.9, 283.7)(196.5, 283.7)(196.5, 457.3)(151.9, 457.3);GATE
Port:(163.4, 452.5)(185.0, 452.5)(185.0, 457.3)(163.4, 457.3);SD
Port:(151.9, 283.6)(181.9, 283.6)(181.9, 283.7)(196.5, 283.7)(196.5, 449.7)(151.9, 449.7);GATE
Port:(157.7, 288.4)(176.1, 288.4)(176.1, 292.8)(157.7, 292.8);SD
Module:M28
Boundary:(458.5, 335.1)(458.5, 405.0)(411.4, 405.0)(411.4, 420.4)(355.4, 420.4)(355.4, 335.1);GATE
Port:(355.4, 350.1)(360.0, 350.1)(360.0, 405.4)(355.4, 405.4);SD
Port:(458.5, 335.1)(458.5, 405.0)(411.4, 405.0)(411.4, 420.4)(361.0, 420.4)(361.0, 335.1);GATE
Port:(446.8, 341.7)(452.9, 341.7)(452.9, 397.4)(446.8, 397.4);SD
Module:M30
Boundary:(375.2, 749.6)(462.6, 749.6)(462.6, 847.0)(478.7, 847.0)(478.7, 938.7)(375.2, 938.7);GATE
Port:(389.1, 933.7)(464.8, 933.7)(464.8, 938.7)(389.1, 938.7);SD
Port:(375.2, 749.6)(462.6, 749.6)(462.6, 847.0)(478.7, 847.0)(478.7, 931.5)(375.2, 931.5);GATE
Port:(381.9, 755.3)(454.9, 755.3)(454.9, 760.1)(381.9, 760.1);SD
Module:M25
Boundary:(489.7, 1396.7)(489.7, 1486.0)(489.3, 1486.0)(489.3, 1499.9)(344.3, 1499.9)(344.3, 1396.7);GATE
Port:(344.3, 1410.2)(349.4, 1410.2)(349.4, 1486.4)(344.3, 1486.4);SD
Port:(489.7, 1396.7)(489.7, 1486.0)(489.3, 1486.0)(489.3, 1499.9)(351.5, 1499.9)(351.5, 1396.7);GATE
Port:(478.1, 1403.0)(484.4, 1403.0)(484.4, 1479.7)(478.1, 1479.7);SD
Module:M22
Boundary:(355.4, 20.0)(410.9, 20.0)(410.9, 89.8)(425.9, 89.8)(425.9, 186.5)(355.4, 186.5);GATE
Port:(370.3, 181.4)(411.0, 181.4)(411.0, 186.5)(370.3, 186.5);SD
Port:(355.4, 20.0)(410.9, 20.0)(410.9, 89.8)(425.9, 89.8)(425.9, 178.5)(355.4, 178.5);GATE
Port:(362.0, 25.6)(402.3, 25.6)(402.3, 31.7)(362.0, 31.7);SD
Module:M17
Boundary:(303.5, 1255.1)(303.5, 1317.4)(303.3, 1317.4)(303.3, 1332.3)(165.8, 1332.3)(165.8, 1255.1);GATE
Port:(165.8, 1267.8)(171.2, 1267.8)(171.2, 1319.6)(165.8, 1319.6);SD
Port:(303.5, 1255.1)(303.5, 1317.4)(303.3, 1317.4)(303.3, 1332.3)(174.0, 1332.3)(174.0, 1255.1);GATE
Port:(292.6, 1261.0)(298.6, 1261.0)(298.6, 1311.5)(292.6, 1311.5);SD
