Area:(-19.7, -8.6)(1011.0, -8.6)(1011.0, 782.7)(-19.7, 782.7)
Rule:GATE(5,5);SD(5,5);GATE_SD(0.5);GATE_ITO(0.5);SD_ITO(0.5)
Module:M10
Boundary:(55.2, 36.0)(166.7, 36.0)(166.7, 48.0)(182.2, 48.0)(182.2, 133.0)(55.2, 133.0);GATE
Port:(69.7, 123.0)(167.7, 123.0)(167.7, 133.0)(69.7, 133.0);SD
Port:(55.2, 36.0)(166.7, 36.0)(166.7, 48.0)(182.2, 48.0)(182.2, 118.0)(55.2, 118.0);GATE
Port:(65.2, 41.0)(152.2, 41.0)(152.2, 45.0)(65.2, 45.0);SD
Module:M7
Boundary:(190.4, 150.5)(190.4, 57.0)(200.4, 57.0)(200.4, 41.5)(342.4, 41.5)(342.4, 150.5);GATE
Port:(332.4, 56.0)(342.4, 56.0)(342.4, 136.0)(332.4, 136.0);SD
Port:(190.4, 150.5)(190.4, 57.0)(200.4, 57.0)(200.4, 41.5)(327.4, 41.5)(327.4, 150.5);GATE
Port:(195.4, 71.5)(199.4, 71.5)(199.4, 140.5)(195.4, 140.5);SD
Module:M12
Boundary:(633.2, 47.2)(726.7, 47.2)(726.7, 109.9)(814.2, 109.9)(814.2, 177.2)(633.2, 177.2);GATE
Port:(647.7, 167.2)(799.7, 167.2)(799.7, 177.2)(647.7, 177.2);SD
Port:(633.2, 47.2)(726.7, 47.2)(726.7, 109.9)(814.2, 109.9)(814.2, 162.2)(633.2, 162.2);GATE
Port:(643.2, 52.2)(712.2, 52.2)(712.2, 56.2)(643.2, 56.2);SD
Module:M17
Boundary:(898.0, 56.2)(971.0, 56.2)(971.0, 186.2)(898.0, 186.2);GATE
Port:(912.5, 176.2)(956.5, 176.2)(956.5, 186.2)(912.5, 186.2);SD
Port:(898.0, 56.2)(971.0, 56.2)(971.0, 171.2)(898.0, 171.2);GATE
Port:(908.0, 61.2)(961.0, 61.2)(961.0, 65.2)(908.0, 65.2);SD
Module:M5
Boundary:(534.8, 224.3)(607.8, 224.3)(607.8, 38.3)(534.8, 38.3);GATE
Port:(549.3, 38.3)(593.3, 38.3)(593.3, 48.3)(549.3, 48.3);SD
Port:(534.8, 224.3)(607.8, 224.3)(607.8, 53.3)(534.8, 53.3);GATE
Port:(544.8, 215.3)(597.8, 215.3)(597.8, 219.3)(544.8, 219.3);SD
Module:M11
Boundary:(65.5, 190.4)(65.5, 263.4)(178.5, 263.4)(178.5, 190.4);GATE
Port:(168.5, 204.9)(178.5, 204.9)(178.5, 248.9)(168.5, 248.9);SD
Port:(65.5, 190.4)(65.5, 263.4)(163.5, 263.4)(163.5, 190.4);GATE
Port:(70.5, 200.4)(74.5, 200.4)(74.5, 253.4)(70.5, 253.4);SD
Module:M16
Boundary:(333.7, 267.0)(240.2, 267.0)(240.2, 244.4)(206.7, 244.4)(206.7, 202.0)(333.7, 202.0);GATE
Port:(221.2, 202.0)(319.2, 202.0)(319.2, 212.0)(221.2, 212.0);SD
Port:(333.7, 267.0)(240.2, 267.0)(240.2, 244.4)(206.7, 244.4)(206.7, 217.0)(333.7, 217.0);GATE
Port:(254.7, 258.0)(323.7, 258.0)(323.7, 262.0)(254.7, 262.0);SD
Module:M2
Boundary:(523.3, 31.4)(523.3, 178.9)(432.7, 178.9)(432.7, 248.4)(378.3, 248.4)(378.3, 31.4);GATE
Port:(378.3, 45.9)(388.3, 45.9)(388.3, 233.9)(378.3, 233.9);SD
Port:(523.3, 31.4)(523.3, 178.9)(432.7, 178.9)(432.7, 248.4)(393.3, 248.4)(393.3, 31.4);GATE
Port:(514.3, 41.4)(518.3, 41.4)(518.3, 164.4)(514.3, 164.4);SD
Module:M19
Boundary:(898.0, 216.2)(971.0, 216.2)(971.0, 343.2)(898.0, 343.2);GATE
Port:(912.5, 333.2)(956.5, 333.2)(956.5, 343.2)(912.5, 343.2);SD
Port:(898.0, 216.2)(971.0, 216.2)(971.0, 328.2)(898.0, 328.2);GATE
Port:(908.0, 221.2)(961.0, 221.2)(961.0, 225.2)(908.0, 225.2);SD
Module:M4
Boundary:(543.0, 249.6)(654.5, 249.6)(654.5, 261.6)(670.0, 261.6)(670.0, 325.6)(543.0, 325.6);GATE
Port:(557.5, 315.6)(655.5, 315.6)(655.5, 325.6)(557.5, 325.6);SD
Port:(543.0, 249.6)(654.5, 249.6)(654.5, 261.6)(670.0, 261.6)(670.0, 310.6)(543.0, 310.6);GATE
Port:(553.0, 254.6)(640.0, 254.6)(640.0, 258.6)(553.0, 258.6);SD
Module:M14
Boundary:(809.9, 202.4)(733.9, 202.4)(733.9, 210.4)(718.9, 210.4)(718.9, 389.4)(809.9, 389.4);GATE
Port:(733.4, 379.4)(795.4, 379.4)(795.4, 389.4)(733.4, 389.4);SD
Port:(809.9, 202.4)(733.9, 202.4)(733.9, 210.4)(718.9, 210.4)(718.9, 374.4)(809.9, 374.4);GATE
Port:(748.9, 207.4)(799.9, 207.4)(799.9, 211.4)(748.9, 211.4);SD
Module:M25
Boundary:(104.8, 412.8)(104.8, 319.3)(94.8, 319.3)(94.8, 303.8)(33.8, 303.8)(33.8, 412.8);GATE
Port:(33.8, 318.3)(43.8, 318.3)(43.8, 398.3)(33.8, 398.3);SD
Port:(104.8, 412.8)(104.8, 319.3)(94.8, 319.3)(94.8, 303.8)(48.8, 303.8)(48.8, 412.8);GATE
Port:(95.8, 333.8)(99.8, 333.8)(99.8, 402.8)(95.8, 402.8);SD
Module:M20
Boundary:(142.8, 475.2)(142.8, 381.7)(199.8, 381.7)(199.8, 276.2)(334.8, 276.2)(334.8, 475.2);GATE
Port:(324.8, 290.7)(334.8, 290.7)(334.8, 460.7)(324.8, 460.7);SD
Port:(142.8, 475.2)(142.8, 381.7)(199.8, 381.7)(199.8, 276.2)(319.8, 276.2)(319.8, 475.2);GATE
Port:(147.8, 396.2)(151.8, 396.2)(151.8, 465.2)(147.8, 465.2);SD
Module:M21
Boundary:(363.0, 476.5)(363.0, 347.0)(418.2, 347.0)(418.2, 277.5)(495.0, 277.5)(495.0, 476.5);GATE
Port:(485.0, 292.0)(495.0, 292.0)(495.0, 462.0)(485.0, 462.0);SD
Port:(363.0, 476.5)(363.0, 347.0)(418.2, 347.0)(418.2, 277.5)(480.0, 277.5)(480.0, 476.5);GATE
Port:(368.0, 361.5)(372.0, 361.5)(372.0, 466.5)(368.0, 466.5);SD
Module:M6
Boundary:(707.1, 407.2)(783.1, 407.2)(783.1, 415.2)(798.1, 415.2)(798.1, 508.2)(707.1, 508.2);GATE
Port:(721.6, 498.2)(783.6, 498.2)(783.6, 508.2)(721.6, 508.2);SD
Port:(707.1, 407.2)(783.1, 407.2)(783.1, 415.2)(798.1, 415.2)(798.1, 493.2)(707.1, 493.2);GATE
Port:(717.1, 412.2)(768.1, 412.2)(768.1, 416.2)(717.1, 416.2);SD
Module:M9
Boundary:(664.3, 371.1)(664.3, 518.6)(648.3, 518.6)(648.3, 534.1)(509.3, 534.1)(509.3, 371.1);GATE
Port:(509.3, 385.6)(519.3, 385.6)(519.3, 519.6)(509.3, 519.6);SD
Port:(664.3, 371.1)(664.3, 518.6)(648.3, 518.6)(648.3, 534.1)(524.3, 534.1)(524.3, 371.1);GATE
Port:(655.3, 381.1)(659.3, 381.1)(659.3, 504.1)(655.3, 504.1);SD
Module:M22
Boundary:(941.8, 528.0)(848.3, 528.0)(848.3, 518.0)(832.8, 518.0)(832.8, 357.0)(941.8, 357.0);GATE
Port:(847.3, 357.0)(927.3, 357.0)(927.3, 367.0)(847.3, 367.0);SD
Port:(941.8, 528.0)(848.3, 528.0)(848.3, 518.0)(832.8, 518.0)(832.8, 372.0)(941.8, 372.0);GATE
Port:(862.8, 519.0)(931.8, 519.0)(931.8, 523.0)(862.8, 523.0);SD
Module:M13
Boundary:(86.3, 418.8)(86.3, 548.3)(61.3, 548.3)(61.3, 581.8)(20.3, 581.8)(20.3, 418.8);GATE
Port:(20.3, 433.3)(30.3, 433.3)(30.3, 567.3)(20.3, 567.3);SD
Port:(86.3, 418.8)(86.3, 548.3)(61.3, 548.3)(61.3, 581.8)(35.3, 581.8)(35.3, 418.8);GATE
Port:(77.3, 428.8)(81.3, 428.8)(81.3, 533.8)(77.3, 533.8);SD
Module:M24
Boundary:(264.3, 569.7)(188.3, 569.7)(188.3, 561.7)(173.3, 561.7)(173.3, 488.7)(264.3, 488.7);GATE
Port:(187.8, 488.7)(249.8, 488.7)(249.8, 498.7)(187.8, 498.7);SD
Port:(264.3, 569.7)(188.3, 569.7)(188.3, 561.7)(173.3, 561.7)(173.3, 503.7)(264.3, 503.7);GATE
Port:(203.3, 560.7)(254.3, 560.7)(254.3, 564.7)(203.3, 564.7);SD
Module:M23
Boundary:(503.3, 516.0)(391.8, 516.0)(391.8, 557.8)(304.3, 557.8)(304.3, 642.0)(503.3, 642.0);GATE
Port:(318.8, 632.0)(488.8, 632.0)(488.8, 642.0)(318.8, 642.0);SD
Port:(503.3, 516.0)(391.8, 516.0)(391.8, 557.8)(304.3, 557.8)(304.3, 627.0)(503.3, 627.0);GATE
Port:(406.3, 521.0)(493.3, 521.0)(493.3, 525.0)(406.3, 525.0);SD
Module:M18
Boundary:(703.2, 508.4)(832.7, 508.4)(832.7, 626.0)(938.2, 626.0)(938.2, 676.4)(703.2, 676.4);GATE
Port:(717.7, 666.4)(923.7, 666.4)(923.7, 676.4)(717.7, 676.4);SD
Port:(703.2, 508.4)(832.7, 508.4)(832.7, 626.0)(938.2, 626.0)(938.2, 661.4)(703.2, 661.4);GATE
Port:(713.2, 513.4)(818.2, 513.4)(818.2, 517.4)(713.2, 517.4);SD
Module:M1
Boundary:(127.8, 633.0)(51.8, 633.0)(51.8, 641.0)(36.8, 641.0)(36.8, 737.0)(127.8, 737.0);GATE
Port:(51.3, 727.0)(113.3, 727.0)(113.3, 737.0)(51.3, 737.0);SD
Port:(127.8, 633.0)(51.8, 633.0)(51.8, 641.0)(36.8, 641.0)(36.8, 722.0)(127.8, 722.0);GATE
Port:(66.8, 638.0)(117.8, 638.0)(117.8, 642.0)(66.8, 642.0);SD
Module:M3
Boundary:(503.4, 545.1)(650.9, 545.1)(650.9, 561.1)(666.4, 561.1)(666.4, 722.1)(503.4, 722.1);GATE
Port:(517.9, 712.1)(651.9, 712.1)(651.9, 722.1)(517.9, 722.1);SD
Port:(503.4, 545.1)(650.9, 545.1)(650.9, 561.1)(666.4, 561.1)(666.4, 707.1)(503.4, 707.1);GATE
Port:(513.4, 550.1)(636.4, 550.1)(636.4, 554.1)(513.4, 554.1);SD
Module:M8
Boundary:(249.0, 742.7)(249.0, 649.2)(239.0, 649.2)(239.0, 633.7)(151.0, 633.7)(151.0, 742.7);GATE
Port:(151.0, 648.2)(161.0, 648.2)(161.0, 728.2)(151.0, 728.2);SD
Port:(249.0, 742.7)(249.0, 649.2)(239.0, 649.2)(239.0, 633.7)(166.0, 633.7)(166.0, 742.7);GATE
Port:(240.0, 663.7)(244.0, 663.7)(244.0, 732.7)(240.0, 732.7);SD
Module:M15
Boundary:(341.9, 729.4)(471.4, 729.4)(471.4, 715.5)(486.9, 715.5)(486.9, 667.4)(341.9, 667.4);GATE
Port:(356.4, 667.4)(472.4, 667.4)(472.4, 677.4)(356.4, 677.4);SD
Port:(341.9, 729.4)(471.4, 729.4)(471.4, 715.5)(486.9, 715.5)(486.9, 682.4)(341.9, 682.4);GATE
Port:(351.9, 720.4)(456.9, 720.4)(456.9, 724.4)(351.9, 724.4);SD
