Area:(-20.0, -9.9)(453.7, -9.9)(453.7, 263.4)(-20.0, 263.4)
Rule:GATE(5,5);SD(5,5);GATE_SD(0.5);GATE_ITO(0.5);SD_ITO(0.5)
Module:M1
Boundary:(232.6, 32.1)(232.6, 81.1)(20.0, 81.1)(20.0, 32.1);GATE
Port:(20.0, 45.3)(24.8, 45.3)(24.8, 67.9)(20.0, 67.9);SD
Port:(232.6, 32.1)(232.6, 81.1)(27.7, 81.1)(27.7, 32.1);GATE
Port:(221.5, 38.4)(227.3, 38.4)(227.3, 74.8)(221.5, 74.8);SD
Module:M4
Boundary:(349.1, 30.1)(349.1, 72.2)(343.7, 72.2)(343.7, 83.7)(269.4, 83.7)(269.4, 30.1);GATE
Port:(269.4, 41.4)(274.9, 41.4)(274.9, 72.3)(269.4, 72.3);SD
Port:(349.1, 30.1)(349.1, 72.2)(343.7, 72.2)(343.7, 83.7)(277.6, 83.7)(277.6, 30.1);GATE
Port:(339.5, 36.2)(343.9, 36.2)(343.9, 65.0)(339.5, 65.0);SD
Module:M5
Boundary:(353.1, 37.0)(413.7, 37.0)(413.7, 189.1)(353.1, 189.1);GATE
Port:(365.8, 183.4)(401.0, 183.4)(401.0, 189.1)(365.8, 189.1);SD
Port:(353.1, 37.0)(413.7, 37.0)(413.7, 180.6)(353.1, 180.6);GATE
Port:(358.9, 41.8)(407.9, 41.8)(407.9, 47.5)(358.9, 47.5);SD
Module:M2
Boundary:(306.6, 113.6)(306.6, 209.7)(267.6, 209.7)(267.6, 223.4)(213.5, 223.4)(213.5, 113.6);GATE
Port:(213.5, 128.2)(218.8, 128.2)(218.8, 208.8)(213.5, 208.8);SD
Port:(306.6, 113.6)(306.6, 209.7)(267.6, 209.7)(267.6, 223.4)(220.5, 223.4)(220.5, 113.6);GATE
Port:(293.8, 120.5)(300.7, 120.5)(300.7, 201.8)(293.8, 201.8);SD
Module:M3
Boundary:(210.1, 94.2)(210.1, 217.7)(28.6, 217.7)(28.6, 94.2);GATE
Port:(28.6, 108.2)(32.6, 108.2)(32.6, 203.7)(28.6, 203.7);SD
Port:(210.1, 94.2)(210.1, 217.7)(33.7, 217.7)(33.7, 94.2);GATE
Port:(198.8, 100.0)(205.3, 100.0)(205.3, 211.9)(198.8, 211.9);SD
