Area:(-14.2, -18.1)(1002.5, -18.1)(1002.5, 544.4)(-14.2, 544.4)
Rule:GATE(5,5);SD(5,5);GATE_SD(0.5);GATE_ITO(0.5);SD_ITO(0.5)
Module:M20
Boundary:(586.9, 35.9)(586.9, 88.9)(633.7, 88.9)(633.7, 104.4)(768.5, 104.4)(768.5, 35.9);GATE
Port:(762.6, 49.8)(768.5, 49.8)(768.5, 90.5)(762.6, 90.5);SD
Port:(586.9, 35.9)(586.9, 88.9)(633.7, 88.9)(633.7, 104.4)(760.0, 104.4)(760.0, 35.9);GATE
Port:(592.6, 42.6)(598.0, 42.6)(598.0, 81.2)(592.6, 81.2);SD
Module:M19
Boundary:(349.5, 101.4)(349.5, 49.6)(349.5, 49.6)(349.5, 32.3)(156.3, 32.3)(156.3, 101.4);GATE
Port:(156.3, 45.6)(161.8, 45.6)(161.8, 88.1)(156.3, 88.1);SD
Port:(349.5, 101.4)(349.5, 49.6)(349.5, 49.6)(349.5, 32.3)(163.2, 32.3)(163.2, 101.4);GATE
Port:(339.3, 56.2)(343.9, 56.2)(343.9, 94.8)(339.3, 94.8);SD
Module:M18
Boundary:(373.3, 29.7)(426.4, 29.7)(426.4, 75.0)(442.4, 75.0)(442.4, 144.0)(373.3, 144.0);GATE
Port:(387.2, 138.2)(428.5, 138.2)(428.5, 144.0)(387.2, 144.0);SD
Port:(373.3, 29.7)(426.4, 29.7)(426.4, 75.0)(442.4, 75.0)(442.4, 136.9)(373.3, 136.9);GATE
Port:(379.6, 35.0)(419.1, 35.0)(419.1, 40.8)(379.6, 40.8);SD
Module:M2
Boundary:(899.2, 153.8)(949.0, 153.8)(949.0, 89.0)(962.5, 89.0)(962.5, 35.1)(899.2, 35.1);GATE
Port:(913.1, 35.1)(948.6, 35.1)(948.6, 40.3)(913.1, 40.3);SD
Port:(899.2, 153.8)(949.0, 153.8)(949.0, 89.0)(962.5, 89.0)(962.5, 42.6)(899.2, 42.6);GATE
Port:(905.9, 141.9)(941.3, 141.9)(941.3, 148.1)(905.9, 148.1);SD
Module:M16
Boundary:(628.1, 42.3)(564.9, 42.3)(564.9, 111.0)(551.4, 111.0)(551.4, 164.7)(628.1, 164.7);GATE
Port:(564.1, 159.0)(615.4, 159.0)(615.4, 164.7)(564.1, 164.7);SD
Port:(628.1, 42.3)(564.9, 42.3)(564.9, 111.0)(551.4, 111.0)(551.4, 157.0)(628.1, 157.0);GATE
Port:(572.6, 48.0)(621.4, 48.0)(621.4, 53.2)(572.6, 53.2);SD
Module:M4
Boundary:(75.9, 21.9)(125.4, 21.9)(125.4, 54.0)(140.1, 54.0)(140.1, 150.6)(75.9, 150.6);GATE
Port:(89.0, 146.2)(127.0, 146.2)(127.0, 150.6)(89.0, 150.6);SD
Port:(75.9, 21.9)(125.4, 21.9)(125.4, 54.0)(140.1, 54.0)(140.1, 144.4)(75.9, 144.4);GATE
Port:(82.2, 27.2)(118.1, 27.2)(118.1, 32.5)(82.2, 32.5);SD
Module:M3
Boundary:(478.6, 25.5)(529.6, 25.5)(529.6, 25.6)(545.7, 25.6)(545.7, 254.7)(478.6, 254.7);GATE
Port:(492.7, 248.8)(531.6, 248.8)(531.6, 254.7)(492.7, 254.7);SD
Port:(478.6, 25.5)(529.6, 25.5)(529.6, 25.6)(545.7, 25.6)(545.7, 247.5)(478.6, 247.5);GATE
Port:(484.1, 30.0)(524.1, 30.0)(524.1, 37.2)(484.1, 37.2);SD
Module:M10
Boundary:(425.5, 197.8)(425.5, 265.2)(392.6, 265.2)(392.6, 281.0)(335.5, 281.0)(335.5, 197.8);GATE
Port:(335.5, 210.2)(339.5, 210.2)(339.5, 268.6)(335.5, 268.6);SD
Port:(425.5, 197.8)(425.5, 265.2)(392.6, 265.2)(392.6, 281.0)(341.8, 281.0)(341.8, 197.8);GATE
Port:(415.4, 203.7)(420.6, 203.7)(420.6, 258.3)(415.4, 258.3);SD
Module:M14
Boundary:(555.0, 302.7)(641.5, 302.7)(641.5, 292.5)(657.3, 292.5)(657.3, 175.0)(555.0, 175.0);GATE
Port:(569.1, 175.0)(643.2, 175.0)(643.2, 180.5)(569.1, 180.5);SD
Port:(555.0, 302.7)(641.5, 302.7)(641.5, 292.5)(657.3, 292.5)(657.3, 182.9)(555.0, 182.9);GATE
Port:(560.9, 291.7)(634.6, 291.7)(634.6, 297.8)(560.9, 297.8);SD
Module:M1
Boundary:(767.0, 116.6)(690.9, 116.6)(690.9, 116.7)(676.9, 116.7)(676.9, 302.4)(767.0, 302.4);GATE
Port:(690.7, 297.5)(753.2, 297.5)(753.2, 302.4)(690.7, 302.4);SD
Port:(767.0, 116.6)(690.9, 116.6)(690.9, 116.7)(676.9, 116.7)(676.9, 294.9)(767.0, 294.9);GATE
Port:(696.9, 121.6)(761.0, 121.6)(761.0, 128.8)(696.9, 128.8);SD
Module:M8
Boundary:(811.4, 307.6)(913.6, 307.6)(913.6, 221.5)(929.7, 221.5)(929.7, 161.3)(811.4, 161.3);GATE
Port:(824.7, 161.3)(916.4, 161.3)(916.4, 166.0)(824.7, 166.0);SD
Port:(811.4, 307.6)(913.6, 307.6)(913.6, 221.5)(929.7, 221.5)(929.7, 167.6)(811.4, 167.6);GATE
Port:(816.9, 297.6)(907.1, 297.6)(907.1, 303.1)(816.9, 303.1);SD
Module:M13
Boundary:(190.7, 119.1)(303.2, 119.1)(303.2, 119.2)(321.8, 119.2)(321.8, 322.4)(190.7, 322.4);GATE
Port:(206.0, 317.5)(306.5, 317.5)(306.5, 322.4)(206.0, 322.4);SD
Port:(190.7, 119.1)(303.2, 119.1)(303.2, 119.2)(321.8, 119.2)(321.8, 316.2)(190.7, 316.2);GATE
Port:(196.5, 123.9)(297.4, 123.9)(297.4, 131.3)(196.5, 131.3);SD
Module:M15
Boundary:(335.6, 288.6)(335.6, 349.2)(535.1, 349.2)(535.1, 288.6);GATE
Port:(530.9, 300.7)(535.1, 300.7)(535.1, 337.1)(530.9, 337.1);SD
Port:(335.6, 288.6)(335.6, 349.2)(528.2, 349.2)(528.2, 288.6);GATE
Port:(339.7, 293.7)(345.3, 293.7)(345.3, 344.1)(339.7, 344.1);SD
Module:M17
Boundary:(25.8, 157.8)(111.2, 157.8)(111.2, 158.2)(127.3, 158.2)(127.3, 346.2)(25.8, 346.2);GATE
Port:(40.9, 342.0)(112.2, 342.0)(112.2, 346.2)(40.9, 346.2);SD
Port:(25.8, 157.8)(111.2, 157.8)(111.2, 158.2)(127.3, 158.2)(127.3, 339.0)(25.8, 339.0);GATE
Port:(32.2, 163.2)(104.8, 163.2)(104.8, 170.5)(32.2, 170.5);SD
Module:M9
Boundary:(734.0, 333.5)(734.0, 384.1)(733.7, 384.1)(733.7, 401.2)(573.6, 401.2)(573.6, 333.5);GATE
Port:(573.6, 346.9)(578.1, 346.9)(578.1, 387.8)(573.6, 387.8);SD
Port:(734.0, 333.5)(734.0, 384.1)(733.7, 384.1)(733.7, 401.2)(580.5, 401.2)(580.5, 333.5);GATE
Port:(723.8, 339.5)(729.0, 339.5)(729.0, 378.1)(723.8, 378.1);SD
Module:M7
Boundary:(753.1, 329.7)(753.1, 456.4)(950.2, 456.4)(950.2, 329.7);GATE
Port:(945.5, 345.4)(950.2, 345.4)(950.2, 440.7)(945.5, 440.7);SD
Port:(753.1, 329.7)(753.1, 456.4)(943.2, 456.4)(943.2, 329.7);GATE
Port:(758.6, 336.2)(766.4, 336.2)(766.4, 449.9)(758.6, 449.9);SD
Module:M6
Boundary:(295.5, 455.1)(225.8, 455.1)(225.8, 445.6)(209.8, 445.6)(209.8, 329.8)(295.5, 329.8);GATE
Port:(223.8, 329.8)(281.5, 329.8)(281.5, 335.1)(223.8, 335.1);SD
Port:(295.5, 455.1)(225.8, 455.1)(225.8, 445.6)(209.8, 445.6)(209.8, 337.8)(295.5, 337.8);GATE
Port:(232.0, 444.0)(290.3, 444.0)(290.3, 450.9)(232.0, 450.9);SD
Module:M12
Boundary:(196.8, 355.8)(196.8, 424.8)(148.9, 424.8)(148.9, 440.8)(75.9, 440.8)(75.9, 355.8);GATE
Port:(75.9, 369.0)(80.8, 369.0)(80.8, 427.6)(75.9, 427.6);SD
Port:(196.8, 355.8)(196.8, 424.8)(148.9, 424.8)(148.9, 440.8)(83.7, 440.8)(83.7, 355.8);GATE
Port:(186.3, 362.1)(191.5, 362.1)(191.5, 417.5)(186.3, 417.5);SD
Module:M11
Boundary:(513.7, 391.0)(513.7, 504.4)(307.7, 504.4)(307.7, 391.0);GATE
Port:(307.7, 403.9)(312.9, 403.9)(312.9, 491.5)(307.7, 491.5);SD
Port:(513.7, 391.0)(513.7, 504.4)(315.7, 504.4)(315.7, 391.0);GATE
Port:(503.5, 397.5)(508.2, 397.5)(508.2, 497.9)(503.5, 497.9);SD
Module:M5
Boundary:(711.0, 439.2)(711.0, 490.2)(539.5, 490.2)(539.5, 439.2);GATE
Port:(539.5, 453.5)(543.7, 453.5)(543.7, 475.9)(539.5, 475.9);SD
Port:(711.0, 439.2)(711.0, 490.2)(546.5, 490.2)(546.5, 439.2);GATE
Port:(699.6, 445.0)(706.2, 445.0)(706.2, 484.4)(699.6, 484.4);SD
