Area:(-20.0, 6.8)(434.0, 6.8)(434.0, 614.9)(-20.0, 614.9)
Rule:GATE(5,5);SD(5,5);GATE_SD(0.5);GATE_ITO(0.5);SD_ITO(0.5)
Module:M8
Boundary:(143.9, 71.9)(143.9, 125.9)(191.7, 125.9)(191.7, 140.4)(247.6, 140.4)(247.6, 71.9);GATE
Port:(243.5, 87.0)(247.6, 87.0)(247.6, 125.3)(243.5, 125.3);SD
Port:(143.9, 71.9)(143.9, 125.9)(191.7, 125.9)(191.7, 140.4)(242.4, 140.4)(242.4, 71.9);GATE
Port:(149.6, 78.6)(157.2, 78.6)(157.2, 118.2)(149.6, 118.2);SD
Module:M6
Boundary:(380.1, 50.5)(380.1, 136.5)(331.6, 136.5)(331.6, 152.2)(274.0, 152.2)(274.0, 50.5);GATE
Port:(274.0, 64.6)(278.5, 64.6)(278.5, 138.1)(274.0, 138.1);SD
Port:(380.1, 50.5)(380.1, 136.5)(331.6, 136.5)(331.6, 152.2)(279.7, 152.2)(279.7, 50.5);GATE
Port:(368.6, 56.2)(375.4, 56.2)(375.4, 129.8)(368.6, 129.8);SD
Module:M1
Boundary:(29.7, 46.8)(126.8, 46.8)(126.8, 214.6)(29.7, 214.6);GATE
Port:(43.5, 209.5)(113.0, 209.5)(113.0, 214.6)(43.5, 214.6);SD
Port:(29.7, 46.8)(126.8, 46.8)(126.8, 207.7)(29.7, 207.7);GATE
Port:(36.6, 52.7)(119.9, 52.7)(119.9, 58.7)(36.6, 58.7);SD
Module:M3
Boundary:(358.1, 166.5)(358.1, 234.9)(227.9, 234.9)(227.9, 166.5);GATE
Port:(227.9, 180.2)(233.6, 180.2)(233.6, 221.2)(227.9, 221.2);SD
Port:(358.1, 166.5)(358.1, 234.9)(235.8, 234.9)(235.8, 166.5);GATE
Port:(347.5, 172.0)(353.6, 172.0)(353.6, 229.4)(347.5, 229.4);SD
Module:M4
Boundary:(148.0, 163.8)(148.0, 269.7)(184.5, 269.7)(184.5, 286.5)(221.4, 286.5)(221.4, 163.8);GATE
Port:(216.8, 176.9)(221.4, 176.9)(221.4, 273.4)(216.8, 273.4);SD
Port:(148.0, 163.8)(148.0, 269.7)(184.5, 269.7)(184.5, 286.5)(215.1, 286.5)(215.1, 163.8);GATE
Port:(153.0, 169.8)(157.9, 169.8)(157.9, 262.7)(153.0, 262.7);SD
Module:M9
Boundary:(270.3, 330.1)(270.3, 257.8)(388.2, 257.8)(388.2, 330.1);GATE
Port:(382.9, 271.1)(388.2, 271.1)(388.2, 316.8)(382.9, 316.8);SD
Port:(270.3, 330.1)(270.3, 257.8)(380.4, 257.8)(380.4, 330.1);GATE
Port:(275.8, 264.3)(281.9, 264.3)(281.9, 323.6)(275.8, 323.6);SD
Module:M7
Boundary:(154.8, 464.9)(219.6, 464.9)(219.6, 464.7)(234.4, 464.7)(234.4, 319.7)(154.8, 319.7);GATE
Port:(168.9, 319.7)(220.3, 319.7)(220.3, 325.7)(168.9, 325.7);SD
Port:(154.8, 464.9)(219.6, 464.9)(219.6, 464.7)(234.4, 464.7)(234.4, 326.9)(154.8, 326.9);GATE
Port:(161.0, 452.5)(213.4, 452.5)(213.4, 459.7)(161.0, 459.7);SD
Module:M2
Boundary:(20.0, 294.4)(116.7, 294.4)(116.7, 344.7)(131.1, 344.7)(131.1, 443.9)(20.0, 443.9);GATE
Port:(34.0, 439.4)(117.1, 439.4)(117.1, 443.9)(34.0, 443.9);SD
Port:(20.0, 294.4)(116.7, 294.4)(116.7, 344.7)(131.1, 344.7)(131.1, 437.3)(20.0, 437.3);GATE
Port:(26.4, 299.8)(109.3, 299.8)(109.3, 305.3)(26.4, 305.3);SD
Module:M5
Boundary:(394.0, 340.5)(288.0, 340.5)(288.0, 534.0)(394.0, 534.0);GATE
Port:(304.0, 529.5)(378.0, 529.5)(378.0, 534.0)(304.0, 534.0);SD
Port:(394.0, 340.5)(288.0, 340.5)(288.0, 527.2)(394.0, 527.2);GATE
Port:(294.4, 345.9)(387.6, 345.9)(387.6, 353.6)(294.4, 353.6);SD
Module:M10
Boundary:(255.3, 478.9)(255.3, 560.8)(182.8, 560.8)(182.8, 574.9)(46.2, 574.9)(46.2, 478.9);GATE
Port:(46.2, 493.3)(51.7, 493.3)(51.7, 560.5)(46.2, 560.5);SD
Port:(255.3, 478.9)(255.3, 560.8)(182.8, 560.8)(182.8, 574.9)(54.4, 574.9)(54.4, 478.9);GATE
Port:(242.8, 485.7)(249.5, 485.7)(249.5, 553.0)(242.8, 553.0);SD
