Area:(-20.0, -20.0)(840.9, -20.0)(840.9, 665.9)(-20.0, 665.9)
Rule:GATE(5,5);SD(5,5);GATE_SD(0.5);GATE_ITO(0.5);SD_ITO(0.5)
Module:M9
Boundary:(349.4, 194.9)(349.4, 65.4)(335.4, 65.4)(335.4, 49.9)(212.4, 49.9)(212.4, 194.9);GATE
Port:(212.4, 64.4)(222.4, 64.4)(222.4, 180.4)(212.4, 180.4);SD
Port:(349.4, 194.9)(349.4, 65.4)(335.4, 65.4)(335.4, 49.9)(227.4, 49.9)(227.4, 194.9);GATE
Port:(340.4, 79.9)(344.4, 79.9)(344.4, 184.9)(340.4, 184.9);SD
Module:M11
Boundary:(428.8, 197.6)(428.8, 86.1)(403.2, 86.1)(403.2, 52.6)(359.8, 52.6)(359.8, 197.6);GATE
Port:(359.8, 67.1)(369.8, 67.1)(369.8, 183.1)(359.8, 183.1);SD
Port:(428.8, 197.6)(428.8, 86.1)(403.2, 86.1)(403.2, 52.6)(374.8, 52.6)(374.8, 197.6);GATE
Port:(419.8, 100.6)(423.8, 100.6)(423.8, 187.6)(419.8, 187.6);SD
Module:M12
Boundary:(800.9, 20.0)(800.9, 167.5)(784.9, 167.5)(784.9, 183.0)(687.9, 183.0)(687.9, 20.0);GATE
Port:(687.9, 34.5)(697.9, 34.5)(697.9, 168.5)(687.9, 168.5);SD
Port:(800.9, 20.0)(800.9, 167.5)(784.9, 167.5)(784.9, 183.0)(702.9, 183.0)(702.9, 20.0);GATE
Port:(791.9, 30.0)(795.9, 30.0)(795.9, 153.0)(791.9, 153.0);SD
Module:M13
Boundary:(567.3, 20.0)(643.3, 20.0)(643.3, 28.0)(658.3, 28.0)(658.3, 195.0)(567.3, 195.0);GATE
Port:(581.8, 185.0)(643.8, 185.0)(643.8, 195.0)(581.8, 195.0);SD
Port:(567.3, 20.0)(643.3, 20.0)(643.3, 28.0)(658.3, 28.0)(658.3, 180.0)(567.3, 180.0);GATE
Port:(577.3, 25.0)(628.3, 25.0)(628.3, 29.0)(577.3, 29.0);SD
Module:M10
Boundary:(191.9, 29.1)(191.9, 140.6)(134.7, 140.6)(134.7, 210.1)(54.9, 210.1)(54.9, 29.1);GATE
Port:(54.9, 43.6)(64.9, 43.6)(64.9, 195.6)(54.9, 195.6);SD
Port:(191.9, 29.1)(191.9, 140.6)(134.7, 140.6)(134.7, 210.1)(69.9, 210.1)(69.9, 29.1);GATE
Port:(182.9, 39.1)(186.9, 39.1)(186.9, 126.1)(182.9, 126.1);SD
Module:M4
Boundary:(508.4, 20.0)(508.4, 149.5)(489.4, 149.5)(489.4, 201.0)(443.4, 201.0)(443.4, 20.0);GATE
Port:(443.4, 34.5)(453.4, 34.5)(453.4, 186.5)(443.4, 186.5);SD
Port:(508.4, 20.0)(508.4, 149.5)(489.4, 149.5)(489.4, 201.0)(458.4, 201.0)(458.4, 20.0);GATE
Port:(499.4, 30.0)(503.4, 30.0)(503.4, 135.0)(499.4, 135.0);SD
Module:M14
Boundary:(234.6, 314.0)(234.6, 241.0)(144.6, 241.0)(144.6, 314.0);GATE
Port:(144.6, 255.5)(154.6, 255.5)(154.6, 299.5)(144.6, 299.5);SD
Port:(234.6, 314.0)(234.6, 241.0)(159.6, 241.0)(159.6, 314.0);GATE
Port:(225.6, 251.0)(229.6, 251.0)(229.6, 304.0)(225.6, 304.0);SD
Module:M6
Boundary:(268.4, 205.0)(379.9, 205.0)(379.9, 237.2)(431.4, 237.2)(431.4, 317.0)(268.4, 317.0);GATE
Port:(282.9, 307.0)(416.9, 307.0)(416.9, 317.0)(282.9, 317.0);SD
Port:(268.4, 205.0)(379.9, 205.0)(379.9, 237.2)(431.4, 237.2)(431.4, 302.0)(268.4, 302.0);GATE
Port:(278.4, 210.0)(365.4, 210.0)(365.4, 214.0)(278.4, 214.0);SD
Module:M2
Boundary:(124.6, 238.8)(124.6, 332.3)(114.6, 332.3)(114.6, 347.8)(41.6, 347.8)(41.6, 238.8);GATE
Port:(41.6, 253.3)(51.6, 253.3)(51.6, 333.3)(41.6, 333.3);SD
Port:(124.6, 238.8)(124.6, 332.3)(114.6, 332.3)(114.6, 347.8)(56.6, 347.8)(56.6, 238.8);GATE
Port:(115.6, 248.8)(119.6, 248.8)(119.6, 317.8)(115.6, 317.8);SD
Module:M18
Boundary:(785.8, 239.9)(656.3, 239.9)(656.3, 286.7)(604.8, 286.7)(604.8, 393.9)(785.8, 393.9);GATE
Port:(619.3, 383.9)(771.3, 383.9)(771.3, 393.9)(619.3, 393.9);SD
Port:(785.8, 239.9)(656.3, 239.9)(656.3, 286.7)(604.8, 286.7)(604.8, 378.9)(785.8, 378.9);GATE
Port:(670.8, 244.9)(775.8, 244.9)(775.8, 248.9)(670.8, 248.9);SD
Module:M19
Boundary:(447.9, 412.7)(559.4, 412.7)(559.4, 400.7)(574.9, 400.7)(574.9, 245.7)(447.9, 245.7);GATE
Port:(462.4, 245.7)(560.4, 245.7)(560.4, 255.7)(462.4, 255.7);SD
Port:(447.9, 412.7)(559.4, 412.7)(559.4, 400.7)(574.9, 400.7)(574.9, 260.7)(447.9, 260.7);GATE
Port:(457.9, 403.7)(544.9, 403.7)(544.9, 407.7)(457.9, 407.7);SD
Module:M7
Boundary:(278.0, 336.6)(278.0, 409.6)(143.0, 409.6)(143.0, 336.6);GATE
Port:(143.0, 351.1)(153.0, 351.1)(153.0, 395.1)(143.0, 395.1);SD
Port:(278.0, 336.6)(278.0, 409.6)(158.0, 409.6)(158.0, 336.6);GATE
Port:(269.0, 346.6)(273.0, 346.6)(273.0, 399.6)(269.0, 399.6);SD
Module:M8
Boundary:(447.8, 337.5)(447.8, 410.5)(353.8, 410.5)(353.8, 337.5);GATE
Port:(353.8, 352.0)(363.8, 352.0)(363.8, 396.0)(353.8, 396.0);SD
Port:(447.8, 337.5)(447.8, 410.5)(368.8, 410.5)(368.8, 337.5);GATE
Port:(438.8, 347.5)(442.8, 347.5)(442.8, 400.5)(438.8, 400.5);SD
Module:M5
Boundary:(20.0, 367.3)(93.0, 367.3)(93.0, 430.3)(20.0, 430.3);GATE
Port:(34.5, 420.3)(78.5, 420.3)(78.5, 430.3)(34.5, 430.3);SD
Port:(20.0, 367.3)(93.0, 367.3)(93.0, 415.3)(20.0, 415.3);GATE
Port:(30.0, 372.3)(83.0, 372.3)(83.0, 376.3)(30.0, 376.3);SD
Module:M16
Boundary:(170.3, 453.4)(299.8, 453.4)(299.8, 467.3)(315.3, 467.3)(315.3, 517.4)(170.3, 517.4);GATE
Port:(184.8, 507.4)(300.8, 507.4)(300.8, 517.4)(184.8, 517.4);SD
Port:(170.3, 453.4)(299.8, 453.4)(299.8, 467.3)(315.3, 467.3)(315.3, 502.4)(170.3, 502.4);GATE
Port:(180.3, 458.4)(285.3, 458.4)(285.3, 462.4)(180.3, 462.4);SD
Module:M1
Boundary:(93.0, 445.3)(20.0, 445.3)(20.0, 596.3)(93.0, 596.3);GATE
Port:(34.5, 586.3)(78.5, 586.3)(78.5, 596.3)(34.5, 596.3);SD
Port:(93.0, 445.3)(20.0, 445.3)(20.0, 581.3)(93.0, 581.3);GATE
Port:(30.0, 450.3)(83.0, 450.3)(83.0, 454.3)(30.0, 454.3);SD
Module:M15
Boundary:(623.3, 405.0)(623.3, 516.5)(687.7, 516.5)(687.7, 622.0)(776.3, 622.0)(776.3, 405.0);GATE
Port:(766.3, 419.5)(776.3, 419.5)(776.3, 607.5)(766.3, 607.5);SD
Port:(623.3, 405.0)(623.3, 516.5)(687.7, 516.5)(687.7, 622.0)(761.3, 622.0)(761.3, 405.0);GATE
Port:(628.3, 415.0)(632.3, 415.0)(632.3, 502.0)(628.3, 502.0);SD
Module:M17
Boundary:(207.6, 609.4)(207.6, 536.4)(316.6, 536.4)(316.6, 609.4);GATE
Port:(306.6, 550.9)(316.6, 550.9)(316.6, 594.9)(306.6, 594.9);SD
Port:(207.6, 609.4)(207.6, 536.4)(301.6, 536.4)(301.6, 609.4);GATE
Port:(212.6, 546.4)(216.6, 546.4)(216.6, 599.4)(212.6, 599.4);SD
Module:M3
Boundary:(459.1, 426.9)(459.1, 538.4)(530.1, 538.4)(530.1, 625.9)(601.1, 625.9)(601.1, 426.9);GATE
Port:(591.1, 441.4)(601.1, 441.4)(601.1, 611.4)(591.1, 611.4);SD
Port:(459.1, 426.9)(459.1, 538.4)(530.1, 538.4)(530.1, 625.9)(586.1, 625.9)(586.1, 426.9);GATE
Port:(464.1, 436.9)(468.1, 436.9)(468.1, 523.9)(464.1, 523.9);SD
Module:M20
Boundary:(456.0, 412.8)(456.0, 506.3)(367.0, 506.3)(367.0, 593.8)(318.0, 593.8)(318.0, 412.8);GATE
Port:(318.0, 427.3)(328.0, 427.3)(328.0, 579.3)(318.0, 579.3);SD
Port:(456.0, 412.8)(456.0, 506.3)(367.0, 506.3)(367.0, 593.8)(333.0, 593.8)(333.0, 412.8);GATE
Port:(447.0, 422.8)(451.0, 422.8)(451.0, 491.8)(447.0, 491.8);SD
