Area:(-20.0, -20.0)(536.7, -20.0)(536.7, 575.3)(-20.0, 575.3)
Rule:GATE(5,5);SD(5,5);GATE_SD(0.5);GATE_ITO(0.5);SD_ITO(0.5)
Module:M9
Boundary:(365.5, 447.4)(365.5, 535.3)(181.3, 535.3)(181.3, 447.4);GATE
Port:(181.3, 462.2)(186.0, 462.2)(186.0, 520.5)(181.3, 520.5);SD
Port:(365.5, 447.4)(365.5, 535.3)(187.4, 535.3)(187.4, 447.4);GATE
Port:(354.2, 452.5)(361.4, 452.5)(361.4, 530.2)(354.2, 530.2);SD
Module:M5
Boundary:(490.3, 203.6)(490.3, 300.4)(490.1, 300.4)(490.1, 316.5)(385.8, 316.5)(385.8, 203.6);GATE
Port:(385.8, 216.7)(390.7, 216.7)(390.7, 303.4)(385.8, 303.4);SD
Port:(490.3, 203.6)(490.3, 300.4)(490.1, 300.4)(490.1, 316.5)(393.2, 316.5)(393.2, 203.6);GATE
Port:(480.6, 209.9)(485.0, 209.9)(485.0, 294.1)(480.6, 294.1);SD
Module:M1
Boundary:(173.3, 184.6)(173.3, 279.8)(20.0, 279.8)(20.0, 184.6);GATE
Port:(20.0, 198.5)(25.5, 198.5)(25.5, 265.9)(20.0, 265.9);SD
Port:(173.3, 184.6)(173.3, 279.8)(27.2, 279.8)(27.2, 184.6);GATE
Port:(161.7, 191.0)(167.9, 191.0)(167.9, 273.4)(161.7, 273.4);SD
Module:M6
Boundary:(181.3, 335.1)(285.7, 335.1)(285.7, 357.4)(301.0, 357.4)(301.0, 407.4)(181.3, 407.4);GATE
Port:(196.5, 402.5)(285.8, 402.5)(285.8, 407.4)(196.5, 407.4);SD
Port:(181.3, 335.1)(285.7, 335.1)(285.7, 357.4)(301.0, 357.4)(301.0, 401.4)(181.3, 401.4);GATE
Port:(188.2, 341.0)(277.8, 341.0)(277.8, 348.5)(188.2, 348.5);SD
Module:M2
Boundary:(248.3, 20.0)(248.3, 121.7)(222.0, 121.7)(222.0, 137.3)(168.3, 137.3)(168.3, 20.0);GATE
Port:(168.3, 33.7)(174.1, 33.7)(174.1, 123.6)(168.3, 123.6);SD
Port:(248.3, 20.0)(248.3, 121.7)(222.0, 121.7)(222.0, 137.3)(176.5, 137.3)(176.5, 20.0);GATE
Port:(237.5, 26.8)(242.5, 26.8)(242.5, 113.9)(237.5, 113.9);SD
Module:M10
Boundary:(30.0, 329.8)(115.9, 329.8)(115.9, 426.7)(131.3, 426.7)(131.3, 519.2)(30.0, 519.2);GATE
Port:(44.5, 513.3)(116.8, 513.3)(116.8, 519.2)(44.5, 519.2);SD
Port:(30.0, 329.8)(115.9, 329.8)(115.9, 426.7)(131.3, 426.7)(131.3, 510.6)(30.0, 510.6);GATE
Port:(36.5, 335.3)(108.4, 335.3)(108.4, 341.3)(36.5, 341.3);SD
Module:M7
Boundary:(496.7, 20.0)(496.7, 153.6)(288.3, 153.6)(288.3, 20.0);GATE
Port:(288.3, 34.4)(293.4, 34.4)(293.4, 139.2)(288.3, 139.2);SD
Port:(496.7, 20.0)(496.7, 153.6)(295.3, 153.6)(295.3, 20.0);GATE
Port:(485.7, 25.6)(492.1, 25.6)(492.1, 148.0)(485.7, 148.0);SD
Module:M3
Boundary:(213.3, 193.6)(318.5, 193.6)(318.5, 194.1)(335.8, 194.1)(335.8, 295.1)(213.3, 295.1);GATE
Port:(227.5, 290.9)(321.6, 290.9)(321.6, 295.1)(227.5, 295.1);SD
Port:(213.3, 193.6)(318.5, 193.6)(318.5, 194.1)(335.8, 194.1)(335.8, 288.6)(213.3, 288.6);GATE
Port:(219.6, 198.9)(312.2, 198.9)(312.2, 205.0)(219.6, 205.0);SD
Module:M8
Boundary:(20.0, 20.0)(111.4, 20.0)(111.4, 69.5)(128.3, 69.5)(128.3, 144.6)(20.0, 144.6);GATE
Port:(34.9, 139.3)(113.4, 139.3)(113.4, 144.6)(34.9, 144.6);SD
Port:(20.0, 20.0)(111.4, 20.0)(111.4, 69.5)(128.3, 69.5)(128.3, 136.5)(20.0, 136.5);GATE
Port:(25.3, 24.3)(105.1, 24.3)(105.1, 31.5)(25.3, 31.5);SD
Module:M4
Boundary:(405.5, 366.5)(480.1, 366.5)(480.1, 437.7)(493.4, 437.7)(493.4, 507.9)(405.5, 507.9);GATE
Port:(417.4, 503.5)(481.5, 503.5)(481.5, 507.9)(417.4, 507.9);SD
Port:(405.5, 366.5)(480.1, 366.5)(480.1, 437.7)(493.4, 437.7)(493.4, 500.8)(405.5, 500.8);GATE
Port:(411.7, 371.7)(472.9, 371.7)(472.9, 376.5)(411.7, 376.5);SD
