Area:(-17.1, -15.8)(1104.0, -15.8)(1104.0, 1560.6)(-17.1, 1560.6)
Rule:GATE(5,5);SD(5,5);GATE_SD(0.5);GATE_ITO(0.5);SD_ITO(0.5)
Module:M19
Boundary:(670.1, 41.4)(670.1, 114.4)(513.1, 114.4)(513.1, 41.4);GATE
Port:(513.1, 55.9)(523.1, 55.9)(523.1, 99.9)(513.1, 99.9);SD
Port:(670.1, 41.4)(670.1, 114.4)(528.1, 114.4)(528.1, 41.4);GATE
Port:(661.1, 51.4)(665.1, 51.4)(665.1, 104.4)(661.1, 104.4);SD
Module:M34
Boundary:(512.0, 52.4)(512.0, 145.9)(502.0, 145.9)(502.0, 161.4)(378.0, 161.4)(378.0, 52.4);GATE
Port:(378.0, 66.9)(388.0, 66.9)(388.0, 146.9)(378.0, 146.9);SD
Port:(512.0, 52.4)(512.0, 145.9)(502.0, 145.9)(502.0, 161.4)(393.0, 161.4)(393.0, 52.4);GATE
Port:(503.0, 62.4)(507.0, 62.4)(507.0, 131.4)(503.0, 131.4);SD
Module:M48
Boundary:(700.1, 24.2)(829.6, 24.2)(829.6, 57.0)(881.1, 57.0)(881.1, 136.2)(700.1, 136.2);GATE
Port:(714.6, 126.2)(866.6, 126.2)(866.6, 136.2)(714.6, 136.2);SD
Port:(700.1, 24.2)(829.6, 24.2)(829.6, 57.0)(881.1, 57.0)(881.1, 121.2)(700.1, 121.2);GATE
Port:(710.1, 29.2)(815.1, 29.2)(815.1, 33.2)(710.1, 33.2);SD
Module:M18
Boundary:(229.0, 70.0)(322.5, 70.0)(322.5, 80.0)(338.0, 80.0)(338.0, 195.0)(229.0, 195.0);GATE
Port:(243.5, 185.0)(323.5, 185.0)(323.5, 195.0)(243.5, 195.0);SD
Port:(229.0, 70.0)(322.5, 70.0)(322.5, 80.0)(338.0, 80.0)(338.0, 180.0)(229.0, 180.0);GATE
Port:(239.0, 75.0)(308.0, 75.0)(308.0, 79.0)(239.0, 79.0);SD
Module:M23
Boundary:(994.6, 50.5)(994.6, 179.9)(980.6, 179.9)(980.6, 195.4)(929.6, 195.4)(929.6, 50.5);GATE
Port:(929.6, 65.0)(939.6, 65.0)(939.6, 180.9)(929.6, 180.9);SD
Port:(994.6, 50.5)(994.6, 179.9)(980.6, 179.9)(980.6, 195.4)(944.6, 195.4)(944.6, 50.5);GATE
Port:(985.6, 60.5)(989.6, 60.5)(989.6, 165.4)(985.6, 165.4);SD
Module:M7
Boundary:(693.5, 187.6)(823.0, 187.6)(823.0, 201.6)(838.5, 201.6)(838.5, 266.6)(693.5, 266.6);GATE
Port:(708.0, 256.6)(824.0, 256.6)(824.0, 266.6)(708.0, 266.6);SD
Port:(693.5, 187.6)(823.0, 187.6)(823.0, 201.6)(838.5, 201.6)(838.5, 251.6)(693.5, 251.6);GATE
Port:(703.5, 192.6)(808.5, 192.6)(808.5, 196.6)(703.5, 196.6);SD
Module:M22
Boundary:(237.1, 70.0)(237.1, 199.5)(145.1, 199.5)(145.1, 341.0)(88.1, 341.0)(88.1, 70.0);GATE
Port:(88.1, 84.5)(98.1, 84.5)(98.1, 326.5)(88.1, 326.5);SD
Port:(237.1, 70.0)(237.1, 199.5)(145.1, 199.5)(145.1, 341.0)(103.1, 341.0)(103.1, 70.0);GATE
Port:(228.1, 80.0)(232.1, 80.0)(232.1, 185.0)(228.1, 185.0);SD
Module:M47
Boundary:(515.0, 201.6)(515.0, 331.1)(501.0, 331.1)(501.0, 346.6)(435.0, 346.6)(435.0, 201.6);GATE
Port:(435.0, 216.1)(445.0, 216.1)(445.0, 332.1)(435.0, 332.1);SD
Port:(515.0, 201.6)(515.0, 331.1)(501.0, 331.1)(501.0, 346.6)(450.0, 346.6)(450.0, 201.6);GATE
Port:(506.0, 211.6)(510.0, 211.6)(510.0, 316.6)(506.0, 316.6);SD
Module:M40
Boundary:(1048.9, 237.6)(1048.9, 367.1)(1034.9, 367.1)(1034.9, 382.6)(931.9, 382.6)(931.9, 237.6);GATE
Port:(931.9, 252.1)(941.9, 252.1)(941.9, 368.1)(931.9, 368.1);SD
Port:(1048.9, 237.6)(1048.9, 367.1)(1034.9, 367.1)(1034.9, 382.6)(946.9, 382.6)(946.9, 237.6);GATE
Port:(1039.9, 247.6)(1043.9, 247.6)(1043.9, 352.6)(1039.9, 352.6);SD
Module:M17
Boundary:(681.8, 133.0)(681.8, 190.5)(590.2, 190.5)(590.2, 368.0)(522.8, 368.0)(522.8, 133.0);GATE
Port:(522.8, 147.5)(532.8, 147.5)(532.8, 353.5)(522.8, 353.5);SD
Port:(681.8, 133.0)(681.8, 190.5)(590.2, 190.5)(590.2, 368.0)(537.8, 368.0)(537.8, 133.0);GATE
Port:(672.8, 143.0)(676.8, 143.0)(676.8, 176.0)(672.8, 176.0);SD
Module:M6
Boundary:(690.9, 313.9)(802.4, 313.9)(802.4, 343.6)(835.9, 343.6)(835.9, 390.9)(690.9, 390.9);GATE
Port:(705.4, 380.9)(821.4, 380.9)(821.4, 390.9)(705.4, 390.9);SD
Port:(690.9, 313.9)(802.4, 313.9)(802.4, 343.6)(835.9, 343.6)(835.9, 375.9)(690.9, 375.9);GATE
Port:(700.9, 318.9)(787.9, 318.9)(787.9, 322.9)(700.9, 322.9);SD
Module:M41
Boundary:(412.4, 288.5)(412.4, 418.0)(333.4, 418.0)(333.4, 559.5)(280.4, 559.5)(280.4, 288.5);GATE
Port:(280.4, 303.0)(290.4, 303.0)(290.4, 545.0)(280.4, 545.0);SD
Port:(412.4, 288.5)(412.4, 418.0)(333.4, 418.0)(333.4, 559.5)(295.4, 559.5)(295.4, 288.5);GATE
Port:(403.4, 298.5)(407.4, 298.5)(407.4, 403.5)(403.4, 403.5);SD
Module:M8
Boundary:(50.0, 368.6)(197.5, 368.6)(197.5, 384.6)(213.0, 384.6)(213.0, 519.5)(50.0, 519.5);GATE
Port:(64.5, 509.6)(198.5, 509.6)(198.5, 519.5)(64.5, 519.5);SD
Port:(50.0, 368.6)(197.5, 368.6)(197.5, 384.6)(213.0, 384.6)(213.0, 504.6)(50.0, 504.6);GATE
Port:(60.0, 373.6)(183.0, 373.6)(183.0, 377.6)(60.0, 377.6);SD
Module:M21
Boundary:(892.3, 451.3)(892.3, 544.8)(882.3, 544.8)(882.3, 560.3)(813.3, 560.3)(813.3, 451.3);GATE
Port:(813.3, 465.8)(823.3, 465.8)(823.3, 545.8)(813.3, 545.8);SD
Port:(892.3, 451.3)(892.3, 544.8)(882.3, 544.8)(882.3, 560.3)(828.3, 560.3)(828.3, 451.3);GATE
Port:(883.3, 461.3)(887.3, 461.3)(887.3, 530.3)(883.3, 530.3);SD
Module:M31
Boundary:(955.0, 404.8)(1048.5, 404.8)(1048.5, 414.8)(1064.0, 414.8)(1064.0, 552.8)(955.0, 552.8);GATE
Port:(969.5, 542.8)(1049.5, 542.8)(1049.5, 552.8)(969.5, 552.8);SD
Port:(955.0, 404.8)(1048.5, 404.8)(1048.5, 414.8)(1064.0, 414.8)(1064.0, 537.8)(955.0, 537.8);GATE
Port:(965.0, 409.8)(1034.0, 409.8)(1034.0, 413.8)(965.0, 413.8);SD
Module:M45
Boundary:(565.0, 448.3)(658.5, 448.3)(658.5, 518.2)(782.0, 518.2)(782.0, 573.3)(565.0, 573.3);GATE
Port:(579.5, 563.3)(767.5, 563.3)(767.5, 573.3)(579.5, 573.3);SD
Port:(565.0, 448.3)(658.5, 448.3)(658.5, 518.2)(782.0, 518.2)(782.0, 558.3)(565.0, 558.3);GATE
Port:(575.0, 453.3)(644.0, 453.3)(644.0, 457.3)(575.0, 457.3);SD
Module:M12
Boundary:(491.9, 390.2)(564.9, 390.2)(564.9, 589.2)(491.9, 589.2);GATE
Port:(506.4, 579.2)(550.4, 579.2)(550.4, 589.2)(506.4, 589.2);SD
Port:(491.9, 390.2)(564.9, 390.2)(564.9, 574.2)(491.9, 574.2);GATE
Port:(501.9, 395.2)(554.9, 395.2)(554.9, 399.2)(501.9, 399.2);SD
Module:M1
Boundary:(851.4, 588.5)(998.9, 588.5)(998.9, 604.5)(1014.4, 604.5)(1014.4, 674.5)(851.4, 674.5);GATE
Port:(865.9, 664.5)(999.9, 664.5)(999.9, 674.5)(865.9, 674.5);SD
Port:(851.4, 588.5)(998.9, 588.5)(998.9, 604.5)(1014.4, 604.5)(1014.4, 659.5)(851.4, 659.5);GATE
Port:(861.4, 593.5)(984.4, 593.5)(984.4, 597.5)(861.4, 597.5);SD
Module:M39
Boundary:(314.5, 573.1)(408.0, 573.1)(408.0, 583.1)(423.5, 583.1)(423.5, 722.1)(314.5, 722.1);GATE
Port:(329.0, 712.1)(409.0, 712.1)(409.0, 722.1)(329.0, 722.1);SD
Port:(314.5, 573.1)(408.0, 573.1)(408.0, 583.1)(423.5, 583.1)(423.5, 707.1)(314.5, 707.1);GATE
Port:(324.5, 578.1)(393.5, 578.1)(393.5, 582.1)(324.5, 582.1);SD
Module:M3
Boundary:(61.8, 575.6)(173.3, 575.6)(173.3, 638.9)(278.8, 638.9)(278.8, 696.6)(61.8, 696.6);GATE
Port:(76.3, 686.6)(264.3, 686.6)(264.3, 696.6)(76.3, 696.6);SD
Port:(61.8, 575.6)(173.3, 575.6)(173.3, 638.9)(278.8, 638.9)(278.8, 681.6)(61.8, 681.6);GATE
Port:(71.8, 580.6)(158.8, 580.6)(158.8, 584.6)(71.8, 584.6);SD
Module:M11
Boundary:(659.9, 626.5)(732.9, 626.5)(732.9, 774.5)(659.9, 774.5);GATE
Port:(674.4, 764.5)(718.4, 764.5)(718.4, 774.5)(674.4, 774.5);SD
Port:(659.9, 626.5)(732.9, 626.5)(732.9, 759.5)(659.9, 759.5);GATE
Port:(669.9, 631.5)(722.9, 631.5)(722.9, 635.5)(669.9, 635.5);SD
Module:M33
Boundary:(451.3, 593.0)(526.8, 593.0)(526.8, 636.2)(632.3, 636.2)(632.3, 745.0)(451.3, 745.0);GATE
Port:(465.8, 735.0)(617.8, 735.0)(617.8, 745.0)(465.8, 745.0);SD
Port:(451.3, 593.0)(526.8, 593.0)(526.8, 636.2)(632.3, 636.2)(632.3, 730.0)(451.3, 730.0);GATE
Port:(461.3, 598.0)(512.3, 598.0)(512.3, 602.0)(461.3, 602.0);SD
Module:M44
Boundary:(841.9, 614.7)(841.9, 762.2)(812.9, 762.2)(812.9, 795.7)(770.9, 795.7)(770.9, 614.7);GATE
Port:(770.9, 629.2)(780.9, 629.2)(780.9, 781.2)(770.9, 781.2);SD
Port:(841.9, 614.7)(841.9, 762.2)(812.9, 762.2)(812.9, 795.7)(785.9, 795.7)(785.9, 614.7);GATE
Port:(832.9, 624.7)(836.9, 624.7)(836.9, 747.7)(832.9, 747.7);SD
Module:M38
Boundary:(1008.8, 714.0)(1008.8, 807.5)(998.8, 807.5)(998.8, 823.0)(872.8, 823.0)(872.8, 714.0);GATE
Port:(872.8, 728.5)(882.8, 728.5)(882.8, 808.5)(872.8, 808.5);SD
Port:(1008.8, 714.0)(1008.8, 807.5)(998.8, 807.5)(998.8, 823.0)(887.8, 823.0)(887.8, 714.0);GATE
Port:(999.8, 724.0)(1003.8, 724.0)(1003.8, 793.0)(999.8, 793.0);SD
Module:M29
Boundary:(232.1, 730.1)(361.6, 730.1)(361.6, 744.1)(377.1, 744.1)(377.1, 853.1)(232.1, 853.1);GATE
Port:(246.6, 843.1)(362.6, 843.1)(362.6, 853.1)(246.6, 853.1);SD
Port:(232.1, 730.1)(361.6, 730.1)(361.6, 744.1)(377.1, 744.1)(377.1, 838.1)(232.1, 838.1);GATE
Port:(242.1, 735.1)(347.1, 735.1)(347.1, 739.1)(242.1, 739.1);SD
Module:M10
Boundary:(641.9, 771.6)(641.9, 847.6)(633.9, 847.6)(633.9, 862.6)(460.9, 862.6)(460.9, 771.6);GATE
Port:(460.9, 786.1)(470.9, 786.1)(470.9, 848.1)(460.9, 848.1);SD
Port:(641.9, 771.6)(641.9, 847.6)(633.9, 847.6)(633.9, 862.6)(475.9, 862.6)(475.9, 771.6);GATE
Port:(632.9, 781.6)(636.9, 781.6)(636.9, 832.6)(632.9, 832.6);SD
Module:M14
Boundary:(749.4, 805.7)(825.4, 805.7)(825.4, 813.7)(840.4, 813.7)(840.4, 874.7)(749.4, 874.7);GATE
Port:(763.9, 864.7)(825.9, 864.7)(825.9, 874.7)(763.9, 874.7);SD
Port:(749.4, 805.7)(825.4, 805.7)(825.4, 813.7)(840.4, 813.7)(840.4, 859.7)(749.4, 859.7);GATE
Port:(759.4, 810.7)(810.4, 810.7)(810.4, 814.7)(759.4, 814.7);SD
Module:M46
Boundary:(205.3, 723.0)(205.3, 852.5)(115.6, 852.5)(115.6, 904.0)(48.3, 904.0)(48.3, 723.0);GATE
Port:(48.3, 737.5)(58.3, 737.5)(58.3, 889.5)(48.3, 889.5);SD
Port:(205.3, 723.0)(205.3, 852.5)(115.6, 852.5)(115.6, 904.0)(63.3, 904.0)(63.3, 723.0);GATE
Port:(196.3, 733.0)(200.3, 733.0)(200.3, 838.0)(196.3, 838.0);SD
Module:M35
Boundary:(642.0, 785.0)(715.0, 785.0)(715.0, 912.0)(642.0, 912.0);GATE
Port:(656.5, 902.0)(700.5, 902.0)(700.5, 912.0)(656.5, 912.0);SD
Port:(642.0, 785.0)(715.0, 785.0)(715.0, 897.0)(642.0, 897.0);GATE
Port:(652.0, 790.0)(705.0, 790.0)(705.0, 794.0)(652.0, 794.0);SD
Module:M9
Boundary:(846.4, 847.4)(993.9, 847.4)(993.9, 870.4)(1009.4, 870.4)(1009.4, 942.4)(846.4, 942.4);GATE
Port:(860.9, 932.4)(994.9, 932.4)(994.9, 942.4)(860.9, 942.4);SD
Port:(846.4, 847.4)(993.9, 847.4)(993.9, 870.4)(1009.4, 870.4)(1009.4, 927.4)(846.4, 927.4);GATE
Port:(856.4, 852.4)(979.4, 852.4)(979.4, 856.4)(856.4, 856.4);SD
Module:M26
Boundary:(550.9, 893.7)(550.9, 966.7)(412.9, 966.7)(412.9, 893.7);GATE
Port:(412.9, 908.2)(422.9, 908.2)(422.9, 952.2)(412.9, 952.2);SD
Port:(550.9, 893.7)(550.9, 966.7)(427.9, 966.7)(427.9, 893.7);GATE
Port:(541.9, 903.7)(545.9, 903.7)(545.9, 956.7)(541.9, 956.7);SD
Module:M49
Boundary:(166.9, 910.2)(166.9, 983.2)(22.9, 983.2)(22.9, 910.2);GATE
Port:(22.9, 924.7)(32.9, 924.7)(32.9, 968.7)(22.9, 968.7);SD
Port:(166.9, 910.2)(166.9, 983.2)(37.9, 983.2)(37.9, 910.2);GATE
Port:(157.9, 920.2)(161.9, 920.2)(161.9, 973.2)(157.9, 973.2);SD
Module:M4
Boundary:(389.2, 878.3)(389.2, 971.8)(349.0, 971.8)(349.0, 1023.3)(251.2, 1023.3)(251.2, 878.3);GATE
Port:(251.2, 892.8)(261.2, 892.8)(261.2, 1008.8)(251.2, 1008.8);SD
Port:(389.2, 878.3)(389.2, 971.8)(349.0, 971.8)(349.0, 1023.3)(266.2, 1023.3)(266.2, 878.3);GATE
Port:(380.2, 888.3)(384.2, 888.3)(384.2, 957.3)(380.2, 957.3);SD
Module:M28
Boundary:(648.9, 950.4)(648.9, 1043.9)(631.9, 1043.9)(631.9, 1059.4)(556.9, 1059.4)(556.9, 950.4);GATE
Port:(556.9, 964.9)(566.9, 964.9)(566.9, 1044.9)(556.9, 1044.9);SD
Port:(648.9, 950.4)(648.9, 1043.9)(631.9, 1043.9)(631.9, 1059.4)(571.9, 1059.4)(571.9, 950.4);GATE
Port:(639.9, 960.4)(643.9, 960.4)(643.9, 1029.4)(639.9, 1029.4);SD
Module:M36
Boundary:(864.0, 1001.5)(1011.5, 1001.5)(1011.5, 1030.1)(1045.0, 1030.1)(1045.0, 1072.5)(864.0, 1072.5);GATE
Port:(878.5, 1062.5)(1030.5, 1062.5)(1030.5, 1072.5)(878.5, 1072.5);SD
Port:(864.0, 1001.5)(1011.5, 1001.5)(1011.5, 1030.1)(1045.0, 1030.1)(1045.0, 1057.5)(864.0, 1057.5);GATE
Port:(874.0, 1006.5)(997.0, 1006.5)(997.0, 1010.5)(874.0, 1010.5);SD
Module:M20
Boundary:(705.0, 952.0)(798.5, 952.0)(798.5, 962.0)(814.0, 962.0)(814.0, 1100.0)(705.0, 1100.0);GATE
Port:(719.5, 1090.0)(799.5, 1090.0)(799.5, 1100.0)(719.5, 1100.0);SD
Port:(705.0, 952.0)(798.5, 952.0)(798.5, 962.0)(814.0, 962.0)(814.0, 1085.0)(705.0, 1085.0);GATE
Port:(715.0, 957.0)(784.0, 957.0)(784.0, 961.0)(715.0, 961.0);SD
Module:M16
Boundary:(45.3, 1031.7)(138.8, 1031.7)(138.8, 1041.7)(154.3, 1041.7)(154.3, 1103.7)(45.3, 1103.7);GATE
Port:(59.8, 1093.7)(139.8, 1093.7)(139.8, 1103.7)(59.8, 1103.7);SD
Port:(45.3, 1031.7)(138.8, 1031.7)(138.8, 1041.7)(154.3, 1041.7)(154.3, 1088.7)(45.3, 1088.7);GATE
Port:(55.3, 1036.7)(124.3, 1036.7)(124.3, 1040.7)(55.3, 1040.7);SD
Module:M37
Boundary:(373.2, 1093.0)(373.2, 1169.0)(365.2, 1169.0)(365.2, 1184.0)(230.2, 1184.0)(230.2, 1093.0);GATE
Port:(230.2, 1107.5)(240.2, 1107.5)(240.2, 1169.5)(230.2, 1169.5);SD
Port:(373.2, 1093.0)(373.2, 1169.0)(365.2, 1169.0)(365.2, 1184.0)(245.2, 1184.0)(245.2, 1093.0);GATE
Port:(364.2, 1103.0)(368.2, 1103.0)(368.2, 1154.0)(364.2, 1154.0);SD
Module:M50
Boundary:(400.0, 997.6)(511.5, 997.6)(511.5, 1009.7)(527.0, 1009.7)(527.0, 1162.7)(400.0, 1162.7);GATE
Port:(414.5, 1152.7)(512.5, 1152.7)(512.5, 1162.7)(414.5, 1162.7);SD
Port:(400.0, 997.6)(511.5, 997.6)(511.5, 1009.7)(527.0, 1009.7)(527.0, 1147.7)(400.0, 1147.7);GATE
Port:(410.0, 1002.6)(497.0, 1002.6)(497.0, 1006.6)(410.0, 1006.6);SD
Module:M32
Boundary:(994.6, 1143.7)(994.6, 1219.2)(938.4, 1219.2)(938.4, 1270.7)(806.6, 1270.7)(806.6, 1143.7);GATE
Port:(806.6, 1158.2)(816.6, 1158.2)(816.6, 1256.2)(806.6, 1256.2);SD
Port:(994.6, 1143.7)(994.6, 1219.2)(938.4, 1219.2)(938.4, 1270.7)(821.6, 1270.7)(821.6, 1143.7);GATE
Port:(985.6, 1153.7)(989.6, 1153.7)(989.6, 1204.7)(985.6, 1204.7);SD
Module:M25
Boundary:(557.4, 1069.4)(633.4, 1069.4)(633.4, 1077.4)(648.4, 1077.4)(648.4, 1248.4)(557.4, 1248.4);GATE
Port:(571.9, 1238.4)(633.9, 1238.4)(633.9, 1248.4)(571.9, 1248.4);SD
Port:(557.4, 1069.4)(633.4, 1069.4)(633.4, 1077.4)(648.4, 1077.4)(648.4, 1233.4)(557.4, 1233.4);GATE
Port:(567.4, 1074.4)(618.4, 1074.4)(618.4, 1078.4)(567.4, 1078.4);SD
Module:M30
Boundary:(799.2, 1140.0)(799.2, 1233.5)(771.8, 1233.5)(771.8, 1285.0)(699.2, 1285.0)(699.2, 1140.0);GATE
Port:(699.2, 1154.5)(709.2, 1154.5)(709.2, 1270.5)(699.2, 1270.5);SD
Port:(799.2, 1140.0)(799.2, 1233.5)(771.8, 1233.5)(771.8, 1285.0)(714.2, 1285.0)(714.2, 1140.0);GATE
Port:(790.2, 1150.0)(794.2, 1150.0)(794.2, 1219.0)(790.2, 1219.0);SD
Module:M2
Boundary:(417.5, 1227.2)(529.0, 1227.2)(529.0, 1239.2)(544.5, 1239.2)(544.5, 1289.2)(417.5, 1289.2);GATE
Port:(432.0, 1279.2)(530.0, 1279.2)(530.0, 1289.2)(432.0, 1289.2);SD
Port:(417.5, 1227.2)(529.0, 1227.2)(529.0, 1239.2)(544.5, 1239.2)(544.5, 1274.2)(417.5, 1274.2);GATE
Port:(427.5, 1232.2)(514.5, 1232.2)(514.5, 1236.2)(427.5, 1236.2);SD
Module:M5
Boundary:(360.0, 1199.4)(360.0, 1272.4)(264.0, 1272.4)(264.0, 1199.4);GATE
Port:(264.0, 1213.9)(274.0, 1213.9)(274.0, 1257.9)(264.0, 1257.9);SD
Port:(360.0, 1199.4)(360.0, 1272.4)(279.0, 1272.4)(279.0, 1199.4);GATE
Port:(351.0, 1209.4)(355.0, 1209.4)(355.0, 1262.4)(351.0, 1262.4);SD
Module:M13
Boundary:(168.3, 1211.1)(244.3, 1211.1)(244.3, 1219.1)(259.3, 1219.1)(259.3, 1288.1)(168.3, 1288.1);GATE
Port:(182.8, 1278.1)(244.8, 1278.1)(244.8, 1288.1)(182.8, 1288.1);SD
Port:(168.3, 1211.1)(244.3, 1211.1)(244.3, 1219.1)(259.3, 1219.1)(259.3, 1273.1)(168.3, 1273.1);GATE
Port:(178.3, 1216.1)(229.3, 1216.1)(229.3, 1220.1)(178.3, 1220.1);SD
Module:M43
Boundary:(47.6, 1140.4)(120.6, 1140.4)(120.6, 1257.4)(47.6, 1257.4);GATE
Port:(62.1, 1247.4)(106.1, 1247.4)(106.1, 1257.4)(62.1, 1257.4);SD
Port:(47.6, 1140.4)(120.6, 1140.4)(120.6, 1242.4)(47.6, 1242.4);GATE
Port:(57.6, 1145.4)(110.6, 1145.4)(110.6, 1149.4)(57.6, 1149.4);SD
Module:M15
Boundary:(321.4, 1328.0)(450.9, 1328.0)(450.9, 1463.1)(646.4, 1463.1)(646.4, 1505.0)(321.4, 1505.0);GATE
Port:(335.9, 1495.0)(631.9, 1495.0)(631.9, 1505.0)(335.9, 1505.0);SD
Port:(321.4, 1328.0)(450.9, 1328.0)(450.9, 1463.1)(646.4, 1463.1)(646.4, 1490.0)(321.4, 1490.0);GATE
Port:(331.4, 1333.0)(436.4, 1333.0)(436.4, 1337.0)(331.4, 1337.0);SD
Module:M24
Boundary:(649.6, 1302.4)(725.1, 1302.4)(725.1, 1421.4)(1010.6, 1421.4)(1010.6, 1489.4)(649.6, 1489.4);GATE
Port:(664.1, 1479.4)(996.1, 1479.4)(996.1, 1489.4)(664.1, 1489.4);SD
Port:(649.6, 1302.4)(725.1, 1302.4)(725.1, 1421.4)(1010.6, 1421.4)(1010.6, 1474.4)(649.6, 1474.4);GATE
Port:(659.6, 1307.4)(710.6, 1307.4)(710.6, 1311.4)(659.6, 1311.4);SD
Module:M42
Boundary:(34.8, 1330.6)(107.8, 1330.6)(107.8, 1520.6)(34.8, 1520.6);GATE
Port:(49.3, 1510.6)(93.3, 1510.6)(93.3, 1520.6)(49.3, 1520.6);SD
Port:(34.8, 1330.6)(107.8, 1330.6)(107.8, 1505.6)(34.8, 1505.6);GATE
Port:(44.8, 1335.6)(97.8, 1335.6)(97.8, 1339.6)(44.8, 1339.6);SD
Module:M27
Boundary:(184.1, 1323.5)(295.6, 1323.5)(295.6, 1335.5)(311.1, 1335.5)(311.1, 1518.5)(184.1, 1518.5);GATE
Port:(198.6, 1508.5)(296.6, 1508.5)(296.6, 1518.5)(198.6, 1518.5);SD
Port:(184.1, 1323.5)(295.6, 1323.5)(295.6, 1335.5)(311.1, 1335.5)(311.1, 1503.5)(184.1, 1503.5);GATE
Port:(194.1, 1328.5)(281.1, 1328.5)(281.1, 1332.5)(194.1, 1332.5);SD
