Area:(22.6, -20.0)(969.1, -20.0)(969.1, 534.2)(22.6, 534.2)
Rule:GATE(5,5);SD(5,5);GATE_SD(0.5);GATE_ITO(0.5);SD_ITO(0.5)
Module:M17
Boundary:(269.7, 119.9)(269.7, 47.9)(496.2, 47.9)(496.2, 119.9);GATE
Port:(491.9, 62.9)(496.2, 62.9)(496.2, 104.9)(491.9, 104.9);SD
Port:(269.7, 119.9)(269.7, 47.9)(490.5, 47.9)(490.5, 119.9);GATE
Port:(274.0, 53.2)(281.3, 53.2)(281.3, 114.6)(274.0, 114.6);SD
Module:M1
Boundary:(67.9, 63.3)(67.9, 152.3)(251.6, 152.3)(251.6, 63.3);GATE
Port:(245.7, 76.9)(251.6, 76.9)(251.6, 138.7)(245.7, 138.7);SD
Port:(67.9, 63.3)(67.9, 152.3)(243.2, 152.3)(243.2, 63.3);GATE
Port:(73.3, 69.7)(79.7, 69.7)(79.7, 145.9)(73.3, 145.9);SD
Module:M11
Boundary:(681.9, 20.0)(614.4, 20.0)(614.4, 20.2)(598.3, 20.2)(598.3, 127.1)(681.9, 127.1);GATE
Port:(612.1, 121.9)(668.1, 121.9)(668.1, 127.1)(612.1, 127.1);SD
Port:(681.9, 20.0)(614.4, 20.0)(614.4, 20.2)(598.3, 20.2)(598.3, 119.0)(681.9, 119.0);GATE
Port:(620.8, 25.4)(675.5, 25.4)(675.5, 31.9)(620.8, 31.9);SD
Module:M19
Boundary:(751.7, 35.8)(801.5, 35.8)(801.5, 36.1)(818.3, 36.1)(818.3, 143.2)(751.7, 143.2);GATE
Port:(764.7, 139.1)(805.3, 139.1)(805.3, 143.2)(764.7, 143.2);SD
Port:(751.7, 35.8)(801.5, 35.8)(801.5, 36.1)(818.3, 36.1)(818.3, 137.2)(751.7, 137.2);GATE
Port:(758.0, 41.1)(795.2, 41.1)(795.2, 45.4)(758.0, 45.4);SD
Module:M6
Boundary:(583.4, 128.6)(583.4, 37.1)(560.6, 37.1)(560.6, 20.0)(503.3, 20.0)(503.3, 128.6);GATE
Port:(503.3, 34.4)(508.3, 34.4)(508.3, 114.2)(503.3, 114.2);SD
Port:(583.4, 128.6)(583.4, 37.1)(560.6, 37.1)(560.6, 20.0)(510.1, 20.0)(510.1, 128.6);GATE
Port:(572.0, 44.0)(578.5, 44.0)(578.5, 122.7)(572.0, 122.7);SD
Module:M20
Boundary:(62.6, 213.2)(62.6, 168.6)(78.6, 168.6)(78.6, 155.6)(243.3, 155.6)(243.3, 213.2);GATE
Port:(239.0, 167.3)(243.3, 167.3)(243.3, 201.5)(239.0, 201.5);SD
Port:(62.6, 213.2)(62.6, 168.6)(78.6, 168.6)(78.6, 155.6)(237.1, 155.6)(237.1, 213.2);GATE
Port:(66.7, 174.7)(72.2, 174.7)(72.2, 208.1)(66.7, 208.1);SD
Module:M16
Boundary:(824.8, 59.3)(897.3, 59.3)(897.3, 174.2)(914.1, 174.2)(914.1, 273.7)(824.8, 273.7);GATE
Port:(839.1, 269.3)(899.8, 269.3)(899.8, 273.7)(839.1, 273.7);SD
Port:(824.8, 59.3)(897.3, 59.3)(897.3, 174.2)(914.1, 174.2)(914.1, 267.1)(824.8, 267.1);GATE
Port:(830.0, 63.5)(891.1, 63.5)(891.1, 70.2)(830.0, 70.2);SD
Module:M18
Boundary:(462.9, 132.0)(366.2, 132.0)(366.2, 211.9)(351.3, 211.9)(351.3, 289.6)(462.9, 289.6);GATE
Port:(364.0, 284.4)(450.2, 284.4)(450.2, 289.6)(364.0, 289.6);SD
Port:(462.9, 132.0)(366.2, 132.0)(366.2, 211.9)(351.3, 211.9)(351.3, 282.1)(462.9, 282.1);GATE
Port:(372.7, 136.5)(457.4, 136.5)(457.4, 142.3)(372.7, 142.3);SD
Module:M4
Boundary:(280.4, 288.2)(332.5, 288.2)(332.5, 220.5)(348.0, 220.5)(348.0, 130.0)(280.4, 130.0);GATE
Port:(294.4, 130.0)(334.0, 130.0)(334.0, 134.4)(294.4, 134.4);SD
Port:(280.4, 288.2)(332.5, 288.2)(332.5, 220.5)(348.0, 220.5)(348.0, 135.6)(280.4, 135.6);GATE
Port:(285.7, 276.9)(326.2, 276.9)(326.2, 283.9)(285.7, 283.9);SD
Module:M12
Boundary:(805.7, 335.4)(747.6, 335.4)(747.6, 250.0)(730.9, 250.0)(730.9, 167.4)(805.7, 167.4);GATE
Port:(746.9, 167.4)(789.7, 167.4)(789.7, 171.4)(746.9, 171.4);SD
Port:(805.7, 335.4)(747.6, 335.4)(747.6, 250.0)(730.9, 250.0)(730.9, 174.2)(805.7, 174.2);GATE
Port:(755.1, 322.2)(799.2, 322.2)(799.2, 329.9)(755.1, 329.9);SD
Module:M9
Boundary:(577.0, 343.2)(498.9, 343.2)(498.9, 166.3)(577.0, 166.3);GATE
Port:(510.8, 166.3)(565.1, 166.3)(565.1, 172.2)(510.8, 172.2);SD
Port:(577.0, 343.2)(498.9, 343.2)(498.9, 174.3)(577.0, 174.3);GATE
Port:(504.2, 333.7)(571.7, 333.7)(571.7, 338.9)(504.2, 338.9);SD
Module:M5
Boundary:(595.6, 167.1)(665.0, 167.1)(665.0, 347.0)(595.6, 347.0);GATE
Port:(609.9, 342.0)(650.7, 342.0)(650.7, 347.0)(609.9, 347.0);SD
Port:(595.6, 167.1)(665.0, 167.1)(665.0, 339.7)(595.6, 339.7);GATE
Port:(601.6, 172.1)(659.0, 172.1)(659.0, 178.8)(601.6, 178.8);SD
Module:M8
Boundary:(254.2, 250.9)(254.2, 343.5)(210.4, 343.5)(210.4, 357.1)(82.3, 357.1)(82.3, 250.9);GATE
Port:(82.3, 263.8)(87.9, 263.8)(87.9, 344.2)(82.3, 344.2);SD
Port:(254.2, 250.9)(254.2, 343.5)(210.4, 343.5)(210.4, 357.1)(90.5, 357.1)(90.5, 250.9);GATE
Port:(243.1, 256.8)(249.3, 256.8)(249.3, 336.6)(243.1, 336.6);SD
Module:M15
Boundary:(825.1, 375.8)(914.3, 375.8)(914.3, 273.8)(825.1, 273.8);GATE
Port:(839.8, 273.8)(899.6, 273.8)(899.6, 279.6)(839.8, 279.6);SD
Port:(825.1, 375.8)(914.3, 375.8)(914.3, 281.0)(825.1, 281.0);GATE
Port:(830.5, 364.5)(908.9, 364.5)(908.9, 371.4)(830.5, 371.4);SD
Module:M2
Boundary:(241.8, 440.1)(139.4, 440.1)(139.4, 420.8)(123.8, 420.8)(123.8, 366.5)(241.8, 366.5);GATE
Port:(137.8, 366.5)(227.8, 366.5)(227.8, 372.1)(137.8, 372.1);SD
Port:(241.8, 440.1)(139.4, 440.1)(139.4, 420.8)(123.8, 420.8)(123.8, 373.8)(241.8, 373.8);GATE
Port:(146.4, 429.0)(235.8, 429.0)(235.8, 435.1)(146.4, 435.1);SD
Module:M13
Boundary:(563.4, 476.4)(482.8, 476.4)(482.8, 476.2)(466.9, 476.2)(466.9, 381.0)(563.4, 381.0);GATE
Port:(480.2, 381.0)(550.1, 381.0)(550.1, 385.2)(480.2, 385.2);SD
Port:(563.4, 476.4)(482.8, 476.4)(482.8, 476.2)(466.9, 476.2)(466.9, 388.0)(563.4, 388.0);GATE
Port:(488.1, 465.5)(558.1, 465.5)(558.1, 472.1)(488.1, 472.1);SD
Module:M3
Boundary:(687.3, 387.0)(612.9, 387.0)(612.9, 387.3)(598.9, 387.3)(598.9, 489.6)(687.3, 489.6);GATE
Port:(611.5, 484.9)(674.7, 484.9)(674.7, 489.6)(611.5, 489.6);SD
Port:(687.3, 387.0)(612.9, 387.0)(612.9, 387.3)(598.9, 387.3)(598.9, 482.9)(687.3, 482.9);GATE
Port:(619.4, 392.5)(680.8, 392.5)(680.8, 398.0)(619.4, 398.0);SD
Module:M7
Boundary:(929.1, 407.8)(929.1, 467.7)(929.0, 467.7)(929.0, 482.5)(738.6, 482.5)(738.6, 407.8);GATE
Port:(738.6, 419.0)(744.1, 419.0)(744.1, 471.3)(738.6, 471.3);SD
Port:(929.1, 407.8)(929.1, 467.7)(929.0, 467.7)(929.0, 482.5)(746.7, 482.5)(746.7, 407.8);GATE
Port:(919.8, 413.1)(924.8, 413.1)(924.8, 462.4)(919.8, 462.4);SD
Module:M14
Boundary:(379.5, 493.8)(444.2, 493.8)(444.2, 436.7)(458.9, 436.7)(458.9, 329.6)(379.5, 329.6);GATE
Port:(392.3, 329.6)(446.1, 329.6)(446.1, 333.9)(392.3, 333.9);SD
Port:(379.5, 493.8)(444.2, 493.8)(444.2, 436.7)(458.9, 436.7)(458.9, 335.9)(379.5, 335.9);GATE
Port:(386.1, 483.9)(436.6, 483.9)(436.6, 488.2)(386.1, 488.2);SD
Module:M10
Boundary:(269.4, 330.2)(355.1, 330.2)(355.1, 398.7)(370.8, 398.7)(370.8, 494.2)(269.4, 494.2);GATE
Port:(283.5, 488.3)(356.7, 488.3)(356.7, 494.2)(283.5, 494.2);SD
Port:(269.4, 330.2)(355.1, 330.2)(355.1, 398.7)(370.8, 398.7)(370.8, 485.8)(269.4, 485.8);GATE
Port:(275.2, 335.0)(348.3, 335.0)(348.3, 341.0)(275.2, 341.0);SD
