Area:(-18.3, 24.8)(462.0, 24.8)(462.0, 1328.3)(-18.3, 1328.3)
Rule:GATE(5,5);SD(5,5);GATE_SD(0.5);GATE_ITO(0.5);SD_ITO(0.5)
Module:M20
Boundary:(373.0, 222.1)(243.5, 222.1)(243.5, 187.6)(192.0, 187.6)(192.0, 105.1)(373.0, 105.1);GATE
Port:(206.5, 105.1)(358.5, 105.1)(358.5, 115.1)(206.5, 115.1);SD
Port:(373.0, 222.1)(243.5, 222.1)(243.5, 187.6)(192.0, 187.6)(192.0, 120.1)(373.0, 120.1);GATE
Port:(258.0, 213.1)(363.0, 213.1)(363.0, 217.1)(258.0, 217.1);SD
Module:M3
Boundary:(191.7, 64.8)(191.7, 158.3)(142.2, 158.3)(142.2, 263.8)(21.7, 263.8)(21.7, 64.8);GATE
Port:(21.7, 79.3)(31.7, 79.3)(31.7, 249.3)(21.7, 249.3);SD
Port:(191.7, 64.8)(191.7, 158.3)(142.2, 158.3)(142.2, 263.8)(36.7, 263.8)(36.7, 64.8);GATE
Port:(182.7, 74.8)(186.7, 74.8)(186.7, 143.8)(182.7, 143.8);SD
Module:M1
Boundary:(381.1, 314.0)(381.1, 238.0)(373.1, 238.0)(373.1, 223.0)(209.1, 223.0)(209.1, 314.0);GATE
Port:(209.1, 237.5)(219.1, 237.5)(219.1, 299.5)(209.1, 299.5);SD
Port:(381.1, 314.0)(381.1, 238.0)(373.1, 238.0)(373.1, 223.0)(224.1, 223.0)(224.1, 314.0);GATE
Port:(372.1, 253.0)(376.1, 253.0)(376.1, 304.0)(372.1, 304.0);SD
Module:M6
Boundary:(72.0, 383.1)(72.0, 310.1)(202.0, 310.1)(202.0, 383.1);GATE
Port:(192.0, 324.6)(202.0, 324.6)(202.0, 368.6)(192.0, 368.6);SD
Port:(72.0, 383.1)(72.0, 310.1)(187.0, 310.1)(187.0, 383.1);GATE
Port:(77.0, 320.1)(81.0, 320.1)(81.0, 373.1)(77.0, 373.1);SD
Module:M14
Boundary:(324.6, 325.1)(324.6, 436.6)(312.6, 436.6)(312.6, 452.1)(224.6, 452.1)(224.6, 325.1);GATE
Port:(224.6, 339.6)(234.6, 339.6)(234.6, 437.6)(224.6, 437.6);SD
Port:(324.6, 325.1)(324.6, 436.6)(312.6, 436.6)(312.6, 452.1)(239.6, 452.1)(239.6, 325.1);GATE
Port:(315.6, 335.1)(319.6, 335.1)(319.6, 422.1)(315.6, 422.1);SD
Module:M11
Boundary:(420.0, 326.1)(420.0, 437.6)(408.0, 437.6)(408.0, 453.1)(345.0, 453.1)(345.0, 326.1);GATE
Port:(345.0, 340.6)(355.0, 340.6)(355.0, 438.6)(345.0, 438.6);SD
Port:(420.0, 326.1)(420.0, 437.6)(408.0, 437.6)(408.0, 453.1)(360.0, 453.1)(360.0, 326.1);GATE
Port:(411.0, 336.1)(415.0, 336.1)(415.0, 423.1)(411.0, 423.1);SD
Module:M19
Boundary:(52.6, 574.4)(164.1, 574.4)(164.1, 512.1)(197.6, 512.1)(197.6, 432.4)(52.6, 432.4);GATE
Port:(67.1, 432.4)(183.1, 432.4)(183.1, 442.4)(67.1, 442.4);SD
Port:(52.6, 574.4)(164.1, 574.4)(164.1, 512.1)(197.6, 512.1)(197.6, 447.4)(52.6, 447.4);GATE
Port:(62.6, 565.4)(149.6, 565.4)(149.6, 569.4)(62.6, 569.4);SD
Module:M13
Boundary:(270.5, 486.7)(270.5, 580.2)(260.5, 580.2)(260.5, 595.7)(210.5, 595.7)(210.5, 486.7);GATE
Port:(210.5, 501.2)(220.5, 501.2)(220.5, 581.2)(210.5, 581.2);SD
Port:(270.5, 486.7)(270.5, 580.2)(260.5, 580.2)(260.5, 595.7)(225.5, 595.7)(225.5, 486.7);GATE
Port:(261.5, 496.7)(265.5, 496.7)(265.5, 565.7)(261.5, 565.7);SD
Module:M4
Boundary:(421.0, 623.9)(421.0, 530.4)(411.0, 530.4)(411.0, 514.9)(305.0, 514.9)(305.0, 623.9);GATE
Port:(305.0, 529.4)(315.0, 529.4)(315.0, 609.4)(305.0, 609.4);SD
Port:(421.0, 623.9)(421.0, 530.4)(411.0, 530.4)(411.0, 514.9)(320.0, 514.9)(320.0, 623.9);GATE
Port:(412.0, 544.9)(416.0, 544.9)(416.0, 613.9)(412.0, 613.9);SD
Module:M12
Boundary:(130.0, 584.7)(130.0, 660.7)(121.9, 660.7)(121.9, 675.7)(27.0, 675.7)(27.0, 584.7);GATE
Port:(27.0, 599.2)(37.0, 599.2)(37.0, 661.2)(27.0, 661.2);SD
Port:(130.0, 584.7)(130.0, 660.7)(121.9, 660.7)(121.9, 675.7)(42.0, 675.7)(42.0, 584.7);GATE
Port:(121.0, 594.7)(125.0, 594.7)(125.0, 645.7)(121.0, 645.7);SD
Module:M8
Boundary:(324.0, 625.1)(324.0, 754.6)(306.0, 754.6)(306.0, 770.1)(191.0, 770.1)(191.0, 625.1);GATE
Port:(191.0, 639.6)(201.0, 639.6)(201.0, 755.6)(191.0, 755.6);SD
Port:(324.0, 625.1)(324.0, 754.6)(306.0, 754.6)(306.0, 770.1)(206.0, 770.1)(206.0, 625.1);GATE
Port:(315.0, 635.1)(319.0, 635.1)(319.0, 740.1)(315.0, 740.1);SD
Module:M5
Boundary:(390.6, 773.4)(390.6, 643.9)(376.6, 643.9)(376.6, 628.4)(330.6, 628.4)(330.6, 773.4);GATE
Port:(330.6, 642.9)(340.6, 642.9)(340.6, 758.9)(330.6, 758.9);SD
Port:(390.6, 773.4)(390.6, 643.9)(376.6, 643.9)(376.6, 628.4)(345.6, 628.4)(345.6, 773.4);GATE
Port:(381.6, 658.4)(385.6, 658.4)(385.6, 763.4)(381.6, 763.4);SD
Module:M15
Boundary:(45.5, 685.0)(157.0, 685.0)(157.0, 697.0)(172.5, 697.0)(172.5, 783.0)(45.5, 783.0);GATE
Port:(60.0, 773.0)(158.0, 773.0)(158.0, 783.0)(60.0, 783.0);SD
Port:(45.5, 685.0)(157.0, 685.0)(157.0, 697.0)(172.5, 697.0)(172.5, 768.0)(45.5, 768.0);GATE
Port:(55.5, 690.0)(142.5, 690.0)(142.5, 694.0)(55.5, 694.0);SD
Module:M10
Boundary:(176.5, 783.1)(176.5, 912.6)(162.5, 912.6)(162.5, 928.1)(66.5, 928.1)(66.5, 783.1);GATE
Port:(66.5, 797.6)(76.5, 797.6)(76.5, 913.6)(66.5, 913.6);SD
Port:(176.5, 783.1)(176.5, 912.6)(162.5, 912.6)(162.5, 928.1)(81.5, 928.1)(81.5, 783.1);GATE
Port:(167.5, 793.1)(171.5, 793.1)(171.5, 898.1)(167.5, 898.1);SD
Module:M17
Boundary:(199.9, 781.8)(199.9, 893.2)(243.9, 893.2)(243.9, 944.8)(288.9, 944.8)(288.9, 781.8);GATE
Port:(278.9, 796.2)(288.9, 796.2)(288.9, 930.2)(278.9, 930.2);SD
Port:(199.9, 781.8)(199.9, 893.2)(243.9, 893.2)(243.9, 944.8)(273.9, 944.8)(273.9, 781.8);GATE
Port:(204.9, 791.8)(208.9, 791.8)(208.9, 878.8)(204.9, 878.8);SD
Module:M18
Boundary:(420.0, 781.2)(420.0, 928.7)(404.0, 928.7)(404.0, 944.2)(316.0, 944.2)(316.0, 781.2);GATE
Port:(316.0, 795.7)(326.0, 795.7)(326.0, 929.7)(316.0, 929.7);SD
Port:(420.0, 781.2)(420.0, 928.7)(404.0, 928.7)(404.0, 944.2)(331.0, 944.2)(331.0, 781.2);GATE
Port:(411.0, 791.2)(415.0, 791.2)(415.0, 914.2)(411.0, 914.2);SD
Module:M7
Boundary:(132.9, 973.9)(59.9, 973.9)(59.9, 1112.9)(132.9, 1112.9);GATE
Port:(74.4, 1102.9)(118.4, 1102.9)(118.4, 1112.9)(74.4, 1112.9);SD
Port:(132.9, 973.9)(59.9, 973.9)(59.9, 1097.9)(132.9, 1097.9);GATE
Port:(69.9, 978.9)(122.9, 978.9)(122.9, 982.9)(69.9, 982.9);SD
Module:M2
Boundary:(422.0, 957.2)(274.5, 957.2)(274.5, 1078.5)(133.0, 1078.5)(133.0, 1123.2)(422.0, 1123.2);GATE
Port:(147.5, 1113.2)(407.5, 1113.2)(407.5, 1123.2)(147.5, 1123.2);SD
Port:(422.0, 957.2)(274.5, 957.2)(274.5, 1078.5)(133.0, 1078.5)(133.0, 1108.2)(422.0, 1108.2);GATE
Port:(289.0, 962.2)(412.0, 962.2)(412.0, 966.2)(289.0, 966.2);SD
Module:M16
Boundary:(25.2, 1167.0)(25.2, 1260.5)(35.3, 1260.5)(35.3, 1276.0)(198.2, 1276.0)(198.2, 1167.0);GATE
Port:(188.2, 1181.5)(198.2, 1181.5)(198.2, 1261.5)(188.2, 1261.5);SD
Port:(25.2, 1167.0)(25.2, 1260.5)(35.3, 1260.5)(35.3, 1276.0)(183.2, 1276.0)(183.2, 1167.0);GATE
Port:(30.2, 1177.0)(34.2, 1177.0)(34.2, 1246.0)(30.2, 1246.0);SD
Module:M9
Boundary:(363.3, 1288.3)(363.3, 1194.8)(353.3, 1194.8)(353.3, 1179.3)(198.3, 1179.3)(198.3, 1288.3);GATE
Port:(198.3, 1193.8)(208.3, 1193.8)(208.3, 1273.8)(198.3, 1273.8);SD
Port:(363.3, 1288.3)(363.3, 1194.8)(353.3, 1194.8)(353.3, 1179.3)(213.3, 1179.3)(213.3, 1288.3);GATE
Port:(354.3, 1209.3)(358.3, 1209.3)(358.3, 1278.3)(354.3, 1278.3);SD
