Area:(-19.1, -6.9)(296.4, -6.9)(296.4, 375.6)(-19.1, 375.6)
Rule:GATE(5,5);SD(5,5);GATE_SD(0.5);GATE_ITO(0.5);SD_ITO(0.5)
Module:M5
Boundary:(20.9, 162.0)(96.9, 162.0)(96.9, 154.0)(111.9, 154.0)(111.9, 56.0)(20.9, 56.0);GATE
Port:(35.4, 56.0)(97.4, 56.0)(97.4, 66.0)(35.4, 66.0);SD
Port:(20.9, 162.0)(96.9, 162.0)(96.9, 154.0)(111.9, 154.0)(111.9, 71.0)(20.9, 71.0);GATE
Port:(30.9, 153.0)(81.9, 153.0)(81.9, 157.0)(30.9, 157.0);SD
Module:M2
Boundary:(118.3, 183.1)(229.8, 183.1)(229.8, 171.1)(245.3, 171.1)(245.3, 33.1)(118.3, 33.1);GATE
Port:(132.8, 33.1)(230.8, 33.1)(230.8, 43.1)(132.8, 43.1);SD
Port:(118.3, 183.1)(229.8, 183.1)(229.8, 171.1)(245.3, 171.1)(245.3, 48.1)(118.3, 48.1);GATE
Port:(128.3, 174.1)(215.3, 174.1)(215.3, 178.1)(128.3, 178.1);SD
Module:M3
Boundary:(37.7, 168.1)(110.7, 168.1)(110.7, 239.1)(37.7, 239.1);GATE
Port:(52.2, 229.1)(96.2, 229.1)(96.2, 239.1)(52.2, 239.1);SD
Port:(37.7, 168.1)(110.7, 168.1)(110.7, 224.1)(37.7, 224.1);GATE
Port:(47.7, 173.1)(100.7, 173.1)(100.7, 177.1)(47.7, 177.1);SD
Module:M4
Boundary:(256.4, 325.9)(256.4, 214.4)(244.4, 214.4)(244.4, 198.9)(157.4, 198.9)(157.4, 325.9);GATE
Port:(157.4, 213.4)(167.4, 213.4)(167.4, 311.4)(157.4, 311.4);SD
Port:(256.4, 325.9)(256.4, 214.4)(244.4, 214.4)(244.4, 198.9)(172.4, 198.9)(172.4, 325.9);GATE
Port:(247.4, 228.9)(251.4, 228.9)(251.4, 315.9)(247.4, 315.9);SD
Module:M1
Boundary:(48.3, 335.6)(141.8, 335.6)(141.8, 325.6)(157.3, 325.6)(157.3, 243.7)(48.3, 243.7);GATE
Port:(62.8, 243.7)(142.8, 243.7)(142.8, 253.7)(62.8, 253.7);SD
Port:(48.3, 335.6)(141.8, 335.6)(141.8, 325.6)(157.3, 325.6)(157.3, 258.6)(48.3, 258.6);GATE
Port:(58.3, 326.6)(127.3, 326.6)(127.3, 330.6)(58.3, 330.6);SD
