Area:(-17.9, -13.5)(406.0, -13.5)(406.0, 659.5)(-17.9, 659.5)
Rule:GATE(5,5);SD(5,5);GATE_SD(0.5);GATE_ITO(0.5);SD_ITO(0.5)
Module:M9
Boundary:(56.5, 26.5)(56.5, 115.3)(185.9, 115.3)(185.9, 26.5);GATE
Port:(181.0, 40.4)(185.9, 40.4)(185.9, 101.4)(181.0, 101.4);SD
Port:(56.5, 26.5)(56.5, 115.3)(178.5, 115.3)(178.5, 26.5);GATE
Port:(61.6, 32.6)(67.2, 32.6)(67.2, 109.2)(61.6, 109.2);SD
Module:M7
Boundary:(282.9, 142.6)(334.0, 142.6)(334.0, 50.1)(282.9, 50.1);GATE
Port:(296.7, 50.1)(320.2, 50.1)(320.2, 54.3)(296.7, 54.3);SD
Port:(282.9, 142.6)(334.0, 142.6)(334.0, 56.8)(282.9, 56.8);GATE
Port:(289.6, 131.6)(327.3, 131.6)(327.3, 136.9)(289.6, 136.9);SD
Module:M2
Boundary:(242.9, 85.8)(188.2, 85.8)(188.2, 160.5)(172.3, 160.5)(172.3, 261.9)(242.9, 261.9);GATE
Port:(187.0, 256.6)(228.2, 256.6)(228.2, 261.9)(187.0, 261.9);SD
Port:(242.9, 85.8)(188.2, 85.8)(188.2, 160.5)(172.3, 160.5)(172.3, 253.7)(242.9, 253.7);GATE
Port:(195.9, 91.5)(236.2, 91.5)(236.2, 97.9)(195.9, 97.9);SD
Module:M6
Boundary:(137.9, 186.8)(42.6, 186.8)(42.6, 219.6)(28.0, 219.6)(28.0, 276.0)(137.9, 276.0);GATE
Port:(40.0, 270.4)(125.9, 270.4)(125.9, 276.0)(40.0, 276.0);SD
Port:(137.9, 186.8)(42.6, 186.8)(42.6, 219.6)(28.0, 219.6)(28.0, 268.9)(137.9, 268.9);GATE
Port:(49.4, 191.6)(132.1, 191.6)(132.1, 197.2)(49.4, 197.2);SD
Module:M10
Boundary:(196.1, 266.2)(196.1, 363.5)(231.4, 363.5)(231.4, 381.2)(312.1, 381.2)(312.1, 266.2);GATE
Port:(307.5, 282.5)(312.1, 282.5)(312.1, 364.9)(307.5, 364.9);SD
Port:(196.1, 266.2)(196.1, 363.5)(231.4, 363.5)(231.4, 381.2)(306.5, 381.2)(306.5, 266.2);GATE
Port:(201.9, 273.0)(209.3, 273.0)(209.3, 355.7)(201.9, 355.7);SD
Module:M5
Boundary:(163.7, 288.9)(163.7, 360.8)(163.4, 360.8)(163.4, 379.2)(57.6, 379.2)(57.6, 288.9);GATE
Port:(57.6, 302.7)(62.8, 302.7)(62.8, 365.4)(57.6, 365.4);SD
Port:(163.7, 288.9)(163.7, 360.8)(163.4, 360.8)(163.4, 379.2)(64.5, 379.2)(64.5, 288.9);GATE
Port:(153.3, 294.7)(158.9, 294.7)(158.9, 355.0)(153.3, 355.0);SD
Module:M4
Boundary:(366.0, 409.4)(366.0, 490.0)(248.4, 490.0)(248.4, 505.0)(145.1, 505.0)(145.1, 409.4);GATE
Port:(145.1, 422.0)(150.6, 422.0)(150.6, 492.4)(145.1, 492.4);SD
Port:(366.0, 409.4)(366.0, 490.0)(248.4, 490.0)(248.4, 505.0)(153.6, 505.0)(153.6, 409.4);GATE
Port:(356.4, 415.3)(361.1, 415.3)(361.1, 483.1)(356.4, 483.1);SD
Module:M3
Boundary:(22.1, 386.0)(107.2, 386.0)(107.2, 544.4)(22.1, 544.4);GATE
Port:(36.7, 539.3)(92.6, 539.3)(92.6, 544.4)(36.7, 544.4);SD
Port:(22.1, 386.0)(107.2, 386.0)(107.2, 538.0)(22.1, 538.0);GATE
Port:(28.3, 391.2)(101.0, 391.2)(101.0, 398.1)(28.3, 398.1);SD
Module:M8
Boundary:(339.7, 506.8)(339.7, 596.9)(248.5, 596.9)(248.5, 610.0)(132.1, 610.0)(132.1, 506.8);GATE
Port:(132.1, 519.8)(136.8, 519.8)(136.8, 597.0)(132.1, 597.0);SD
Port:(339.7, 506.8)(339.7, 596.9)(248.5, 596.9)(248.5, 610.0)(138.6, 610.0)(138.6, 506.8);GATE
Port:(328.5, 512.9)(334.6, 512.9)(334.6, 589.8)(328.5, 589.8);SD
Module:M1
Boundary:(125.5, 551.1)(125.5, 619.5)(28.4, 619.5)(28.4, 551.1);GATE
Port:(28.4, 565.3)(32.9, 565.3)(32.9, 605.3)(28.4, 605.3);SD
Port:(125.5, 551.1)(125.5, 619.5)(33.9, 619.5)(33.9, 551.1);GATE
Port:(113.8, 556.5)(121.1, 556.5)(121.1, 614.1)(113.8, 614.1);SD
