Area:(-17.7, -5.8)(341.9, -5.8)(341.9, 917.4)(-17.7, 917.4)
Rule:GATE(5,5);SD(5,5);GATE_SD(0.5);GATE_ITO(0.5);SD_ITO(0.5)
Module:M3
Boundary:(257.0, 45.4)(145.5, 45.4)(145.5, 57.4)(130.0, 57.4)(130.0, 217.4)(257.0, 217.4);GATE
Port:(144.5, 207.4)(242.5, 207.4)(242.5, 217.4)(144.5, 217.4);SD
Port:(257.0, 45.4)(145.5, 45.4)(145.5, 57.4)(130.0, 57.4)(130.0, 202.4)(257.0, 202.4);GATE
Port:(160.0, 50.4)(247.0, 50.4)(247.0, 54.4)(160.0, 54.4);SD
Module:M5
Boundary:(121.0, 34.2)(45.0, 34.2)(45.0, 42.2)(30.0, 42.2)(30.0, 219.2)(121.0, 219.2);GATE
Port:(44.5, 209.2)(106.5, 209.2)(106.5, 219.2)(44.5, 219.2);SD
Port:(121.0, 34.2)(45.0, 34.2)(45.0, 42.2)(30.0, 42.2)(30.0, 204.2)(121.0, 204.2);GATE
Port:(60.0, 39.2)(111.0, 39.2)(111.0, 43.2)(60.0, 43.2);SD
Module:M8
Boundary:(149.1, 341.4)(276.1, 341.4)(276.1, 272.4)(149.1, 272.4);GATE
Port:(163.6, 272.4)(261.6, 272.4)(261.6, 282.4)(163.6, 282.4);SD
Port:(149.1, 341.4)(276.1, 341.4)(276.1, 287.4)(149.1, 287.4);GATE
Port:(159.1, 332.4)(266.1, 332.4)(266.1, 336.4)(159.1, 336.4);SD
Module:M2
Boundary:(301.9, 445.7)(301.9, 369.7)(293.9, 369.7)(293.9, 354.7)(139.9, 354.7)(139.9, 445.7);GATE
Port:(139.9, 369.2)(149.9, 369.2)(149.9, 431.2)(139.9, 431.2);SD
Port:(301.9, 445.7)(301.9, 369.7)(293.9, 369.7)(293.9, 354.7)(154.9, 354.7)(154.9, 445.7);GATE
Port:(292.9, 384.7)(296.9, 384.7)(296.9, 435.7)(292.9, 435.7);SD
Module:M4
Boundary:(40.9, 487.3)(116.9, 487.3)(116.9, 479.3)(131.9, 479.3)(131.9, 292.3)(40.9, 292.3);GATE
Port:(55.4, 292.3)(117.4, 292.3)(117.4, 302.3)(55.4, 302.3);SD
Port:(40.9, 487.3)(116.9, 487.3)(116.9, 479.3)(131.9, 479.3)(131.9, 307.3)(40.9, 307.3);GATE
Port:(50.9, 478.3)(101.9, 478.3)(101.9, 482.3)(50.9, 482.3);SD
Module:M1
Boundary:(274.3, 607.5)(180.8, 607.5)(180.8, 597.5)(165.3, 597.5)(165.3, 449.5)(274.3, 449.5);GATE
Port:(179.8, 449.5)(259.8, 449.5)(259.8, 459.5)(179.8, 459.5);SD
Port:(274.3, 607.5)(180.8, 607.5)(180.8, 597.5)(165.3, 597.5)(165.3, 464.5)(274.3, 464.5);GATE
Port:(195.3, 598.5)(264.3, 598.5)(264.3, 602.5)(195.3, 602.5);SD
Module:M9
Boundary:(154.3, 495.8)(154.3, 571.3)(84.3, 571.3)(84.3, 676.8)(22.3, 676.8)(22.3, 495.8);GATE
Port:(22.3, 510.3)(32.3, 510.3)(32.3, 662.3)(22.3, 662.3);SD
Port:(154.3, 495.8)(154.3, 571.3)(84.3, 571.3)(84.3, 676.8)(37.3, 676.8)(37.3, 495.8);GATE
Port:(145.3, 505.8)(149.3, 505.8)(149.3, 556.8)(145.3, 556.8);SD
Module:M6
Boundary:(188.2, 662.5)(188.2, 735.5)(282.2, 735.5)(282.2, 662.5);GATE
Port:(272.2, 677.0)(282.2, 677.0)(282.2, 721.0)(272.2, 721.0);SD
Port:(188.2, 662.5)(188.2, 735.5)(267.2, 735.5)(267.2, 662.5);GATE
Port:(193.2, 672.5)(197.2, 672.5)(197.2, 725.5)(193.2, 725.5);SD
Module:M10
Boundary:(175.1, 694.0)(175.1, 769.5)(122.3, 769.5)(122.3, 875.0)(44.1, 875.0)(44.1, 694.0);GATE
Port:(44.1, 708.5)(54.1, 708.5)(54.1, 860.5)(44.1, 860.5);SD
Port:(175.1, 694.0)(175.1, 769.5)(122.3, 769.5)(122.3, 875.0)(59.1, 875.0)(59.1, 694.0);GATE
Port:(166.1, 704.0)(170.1, 704.0)(170.1, 755.0)(166.1, 755.0);SD
Module:M7
Boundary:(184.3, 877.4)(260.3, 877.4)(260.3, 869.4)(275.3, 869.4)(275.3, 738.4)(184.3, 738.4);GATE
Port:(198.8, 738.4)(260.8, 738.4)(260.8, 748.4)(198.8, 748.4);SD
Port:(184.3, 877.4)(260.3, 877.4)(260.3, 869.4)(275.3, 869.4)(275.3, 753.4)(184.3, 753.4);GATE
Port:(194.3, 868.4)(245.3, 868.4)(245.3, 872.4)(194.3, 872.4);SD
