Area:(-20.0, 3.5)(676.3, 3.5)(676.3, 576.1)(-20.0, 576.1)
Rule:GATE(5,5);SD(5,5);GATE_SD(0.5);GATE_ITO(0.5);SD_ITO(0.5)
Module:M8
Boundary:(252.4, 43.8)(252.4, 112.8)(309.9, 112.8)(309.9, 128.9)(357.8, 128.9)(357.8, 43.8);GATE
Port:(353.3, 56.9)(357.8, 56.9)(357.8, 115.8)(353.3, 115.8);SD
Port:(252.4, 43.8)(252.4, 112.8)(309.9, 112.8)(309.9, 128.9)(351.6, 128.9)(351.6, 43.8);GATE
Port:(257.3, 49.7)(262.3, 49.7)(262.3, 105.9)(257.3, 105.9);SD
Module:M3
Boundary:(610.0, 68.3)(610.0, 158.6)(463.1, 158.6)(463.1, 68.3);GATE
Port:(463.1, 82.7)(467.5, 82.7)(467.5, 144.2)(463.1, 144.2);SD
Port:(610.0, 68.3)(610.0, 158.6)(468.5, 158.6)(468.5, 68.3);GATE
Port:(598.3, 75.0)(604.3, 75.0)(604.3, 151.9)(598.3, 151.9);SD
Module:M9
Boundary:(443.4, 162.3)(363.8, 162.3)(363.8, 67.3)(443.4, 67.3);GATE
Port:(376.9, 67.3)(430.3, 67.3)(430.3, 72.3)(376.9, 72.3);SD
Port:(443.4, 162.3)(363.8, 162.3)(363.8, 74.1)(443.4, 74.1);GATE
Port:(369.7, 151.6)(437.5, 151.6)(437.5, 157.4)(369.7, 157.4);SD
Module:M2
Boundary:(148.5, 188.9)(210.6, 188.9)(210.6, 131.5)(225.2, 131.5)(225.2, 50.2)(148.5, 50.2);GATE
Port:(160.2, 50.2)(213.5, 50.2)(213.5, 55.9)(160.2, 55.9);SD
Port:(148.5, 188.9)(210.6, 188.9)(210.6, 131.5)(225.2, 131.5)(225.2, 57.9)(148.5, 57.9);GATE
Port:(153.8, 179.9)(204.3, 179.9)(204.3, 184.6)(153.8, 184.6);SD
Module:M13
Boundary:(51.8, 43.5)(127.5, 43.5)(127.5, 221.1)(51.8, 221.1);GATE
Port:(64.9, 215.2)(114.4, 215.2)(114.4, 221.1)(64.9, 221.1);SD
Port:(51.8, 43.5)(127.5, 43.5)(127.5, 212.3)(51.8, 212.3);GATE
Port:(58.2, 48.9)(121.1, 48.9)(121.1, 54.4)(58.2, 54.4);SD
Module:M14
Boundary:(636.3, 160.3)(636.3, 214.1)(582.6, 214.1)(582.6, 229.4)(522.5, 229.4)(522.5, 160.3);GATE
Port:(522.5, 174.6)(526.5, 174.6)(526.5, 215.1)(522.5, 215.1);SD
Port:(636.3, 160.3)(636.3, 214.1)(582.6, 214.1)(582.6, 229.4)(528.3, 229.4)(528.3, 160.3);GATE
Port:(624.2, 166.5)(631.1, 166.5)(631.1, 206.9)(624.2, 206.9);SD
Module:M1
Boundary:(475.9, 183.3)(425.2, 183.3)(425.2, 183.5)(408.3, 183.5)(408.3, 277.1)(475.9, 277.1);GATE
Port:(421.5, 272.5)(462.7, 272.5)(462.7, 277.1)(421.5, 277.1);SD
Port:(475.9, 183.3)(425.2, 183.3)(425.2, 183.5)(408.3, 183.5)(408.3, 270.7)(475.9, 270.7);GATE
Port:(431.0, 188.1)(470.1, 188.1)(470.1, 194.1)(431.0, 194.1);SD
Module:M6
Boundary:(227.9, 296.7)(227.9, 228.1)(227.5, 228.1)(227.5, 211.0)(156.7, 211.0)(156.7, 296.7);GATE
Port:(156.7, 224.9)(162.6, 224.9)(162.6, 282.8)(156.7, 282.8);SD
Port:(227.9, 296.7)(227.9, 228.1)(227.5, 228.1)(227.5, 211.0)(163.6, 211.0)(163.6, 296.7);GATE
Port:(217.3, 233.7)(223.3, 233.7)(223.3, 291.1)(217.3, 291.1);SD
Module:M7
Boundary:(343.7, 319.5)(259.4, 319.5)(259.4, 319.1)(243.2, 319.1)(243.2, 140.3)(343.7, 140.3);GATE
Port:(257.4, 140.3)(329.5, 140.3)(329.5, 144.4)(257.4, 144.4);SD
Port:(343.7, 319.5)(259.4, 319.5)(259.4, 319.1)(243.2, 319.1)(243.2, 147.4)(343.7, 147.4);GATE
Port:(266.2, 307.4)(336.9, 307.4)(336.9, 313.7)(266.2, 313.7);SD
Module:M10
Boundary:(210.8, 304.2)(210.8, 372.7)(111.7, 372.7)(111.7, 388.2)(20.0, 388.2)(20.0, 304.2);GATE
Port:(20.0, 317.6)(25.6, 317.6)(25.6, 374.8)(20.0, 374.8);SD
Port:(210.8, 304.2)(210.8, 372.7)(111.7, 372.7)(111.7, 388.2)(28.2, 388.2)(28.2, 304.2);GATE
Port:(199.9, 309.5)(206.5, 309.5)(206.5, 366.4)(199.9, 366.4);SD
Module:M4
Boundary:(350.1, 409.9)(350.1, 353.3)(308.5, 353.3)(308.5, 340.5)(244.0, 340.5)(244.0, 409.9);GATE
Port:(244.0, 351.4)(248.5, 351.4)(248.5, 399.0)(244.0, 399.0);SD
Port:(350.1, 409.9)(350.1, 353.3)(308.5, 353.3)(308.5, 340.5)(250.8, 340.5)(250.8, 409.9);GATE
Port:(341.2, 359.5)(345.9, 359.5)(345.9, 404.7)(341.2, 404.7);SD
Module:M12
Boundary:(492.8, 267.4)(604.4, 267.4)(604.4, 335.3)(621.3, 335.3)(621.3, 427.5)(492.8, 427.5);GATE
Port:(509.0, 423.2)(605.1, 423.2)(605.1, 427.5)(509.0, 427.5);SD
Port:(492.8, 267.4)(604.4, 267.4)(604.4, 335.3)(621.3, 335.3)(621.3, 422.0)(492.8, 422.0);GATE
Port:(499.3, 272.9)(596.9, 272.9)(596.9, 280.2)(499.3, 280.2);SD
Module:M11
Boundary:(366.0, 301.3)(446.3, 301.3)(446.3, 437.7)(366.0, 437.7);GATE
Port:(378.0, 433.1)(434.3, 433.1)(434.3, 437.7)(378.0, 437.7);SD
Port:(366.0, 301.3)(446.3, 301.3)(446.3, 431.7)(366.0, 431.7);GATE
Port:(371.9, 306.2)(440.4, 306.2)(440.4, 310.8)(371.9, 310.8);SD
Module:M15
Boundary:(621.1, 501.7)(621.1, 434.3)(483.1, 434.3)(483.1, 501.7);GATE
Port:(483.1, 448.5)(488.3, 448.5)(488.3, 487.5)(483.1, 487.5);SD
Port:(621.1, 501.7)(621.1, 434.3)(491.2, 434.3)(491.2, 501.7);GATE
Port:(609.4, 441.2)(615.2, 441.2)(615.2, 494.8)(609.4, 494.8);SD
Module:M16
Boundary:(220.8, 435.6)(220.8, 522.9)(99.1, 522.9)(99.1, 536.1)(23.0, 536.1)(23.0, 435.6);GATE
Port:(23.0, 446.9)(27.8, 446.9)(27.8, 524.8)(23.0, 524.8);SD
Port:(220.8, 435.6)(220.8, 522.9)(99.1, 522.9)(99.1, 536.1)(30.3, 536.1)(30.3, 435.6);GATE
Port:(211.5, 440.9)(216.5, 440.9)(216.5, 516.6)(211.5, 516.6);SD
Module:M5
Boundary:(481.0, 453.5)(481.0, 518.4)(262.6, 518.4)(262.6, 453.5);GATE
Port:(262.6, 467.8)(268.1, 467.8)(268.1, 504.1)(262.6, 504.1);SD
Port:(481.0, 453.5)(481.0, 518.4)(269.9, 518.4)(269.9, 453.5);GATE
Port:(469.2, 459.9)(475.6, 459.9)(475.6, 512.0)(469.2, 512.0);SD
