Area:(-20.0, -16.0)(501.5, -16.0)(501.5, 506.6)(-20.0, 506.6)
Rule:GATE(5,5);SD(5,5);GATE_SD(0.5);GATE_ITO(0.5);SD_ITO(0.5)
Module:M5
Boundary:(192.4, 70.9)(262.8, 70.9)(262.8, 149.5)(192.4, 149.5);GATE
Port:(207.1, 145.0)(248.1, 145.0)(248.1, 149.5)(207.1, 149.5);SD
Port:(192.4, 70.9)(262.8, 70.9)(262.8, 143.8)(192.4, 143.8);GATE
Port:(199.1, 76.6)(256.1, 76.6)(256.1, 82.7)(199.1, 82.7);SD
Module:M6
Boundary:(55.0, 70.2)(129.4, 70.2)(129.4, 114.0)(146.4, 114.0)(146.4, 169.5)(55.0, 169.5);GATE
Port:(69.9, 165.4)(131.5, 165.4)(131.5, 169.5)(69.9, 169.5);SD
Port:(55.0, 70.2)(129.4, 70.2)(129.4, 114.0)(146.4, 114.0)(146.4, 162.7)(55.0, 162.7);GATE
Port:(61.9, 76.1)(121.5, 76.1)(121.5, 82.3)(61.9, 82.3);SD
Module:M1
Boundary:(241.0, 172.9)(241.0, 241.3)(241.0, 241.3)(241.0, 256.8)(20.0, 256.8)(20.0, 172.9);GATE
Port:(20.0, 187.8)(24.6, 187.8)(24.6, 241.9)(20.0, 241.9);SD
Port:(241.0, 172.9)(241.0, 241.3)(241.0, 241.3)(241.0, 256.8)(26.3, 256.8)(26.3, 172.9);GATE
Port:(227.7, 179.7)(235.2, 179.7)(235.2, 234.5)(227.7, 234.5);SD
Module:M8
Boundary:(359.3, 58.0)(284.7, 58.0)(284.7, 139.2)(271.7, 139.2)(271.7, 285.7)(359.3, 285.7);GATE
Port:(284.2, 281.4)(346.8, 281.4)(346.8, 285.7)(284.2, 285.7);SD
Port:(359.3, 58.0)(284.7, 58.0)(284.7, 139.2)(271.7, 139.2)(271.7, 278.8)(359.3, 278.8);GATE
Port:(291.5, 62.8)(353.5, 62.8)(353.5, 68.7)(291.5, 68.7);SD
Module:M3
Boundary:(433.2, 252.5)(379.0, 252.5)(379.0, 252.3)(361.2, 252.3)(361.2, 24.0)(433.2, 24.0);GATE
Port:(376.1, 24.0)(418.3, 24.0)(418.3, 28.6)(376.1, 28.6);SD
Port:(433.2, 252.5)(379.0, 252.5)(379.0, 252.3)(361.2, 252.3)(361.2, 31.5)(433.2, 31.5);GATE
Port:(385.1, 240.8)(427.1, 240.8)(427.1, 247.4)(385.1, 247.4);SD
Module:M2
Boundary:(172.4, 263.0)(253.0, 263.0)(253.0, 297.5)(267.6, 297.5)(267.6, 334.6)(172.4, 334.6);GATE
Port:(185.4, 330.4)(254.6, 330.4)(254.6, 334.6)(185.4, 334.6);SD
Port:(172.4, 263.0)(253.0, 263.0)(253.0, 297.5)(267.6, 297.5)(267.6, 329.3)(172.4, 329.3);GATE
Port:(178.6, 268.2)(245.8, 268.2)(245.8, 273.7)(178.6, 273.7);SD
Module:M9
Boundary:(169.3, 260.9)(169.3, 351.3)(168.9, 351.3)(168.9, 366.0)(49.4, 366.0)(49.4, 260.9);GATE
Port:(49.4, 273.1)(54.0, 273.1)(54.0, 353.8)(49.4, 353.8);SD
Port:(169.3, 260.9)(169.3, 351.3)(168.9, 351.3)(168.9, 366.0)(55.9, 366.0)(55.9, 260.9);GATE
Port:(158.9, 267.4)(163.8, 267.4)(163.8, 344.8)(158.9, 344.8);SD
Module:M7
Boundary:(390.4, 449.5)(444.6, 449.5)(444.6, 449.2)(461.5, 449.2)(461.5, 252.6)(390.4, 252.6);GATE
Port:(405.2, 252.6)(446.7, 252.6)(446.7, 258.1)(405.2, 258.1);SD
Port:(390.4, 449.5)(444.6, 449.5)(444.6, 449.2)(461.5, 449.2)(461.5, 260.8)(390.4, 260.8);GATE
Port:(396.8, 437.3)(438.2, 437.3)(438.2, 444.1)(396.8, 444.1);SD
Module:M10
Boundary:(383.9, 368.2)(383.9, 434.9)(354.6, 434.9)(354.6, 449.5)(212.6, 449.5)(212.6, 368.2);GATE
Port:(212.6, 382.0)(217.5, 382.0)(217.5, 435.7)(212.6, 435.7);SD
Port:(383.9, 368.2)(383.9, 434.9)(354.6, 434.9)(354.6, 449.5)(219.5, 449.5)(219.5, 368.2);GATE
Port:(372.7, 375.2)(377.9, 375.2)(377.9, 426.9)(372.7, 426.9);SD
Module:M4
Boundary:(212.8, 393.6)(212.8, 453.9)(195.6, 453.9)(195.6, 466.6)(102.5, 466.6)(102.5, 393.6);GATE
Port:(102.5, 406.2)(106.5, 406.2)(106.5, 454.0)(102.5, 454.0);SD
Port:(212.8, 393.6)(212.8, 453.9)(195.6, 453.9)(195.6, 466.6)(109.2, 466.6)(109.2, 393.6);GATE
Port:(202.1, 399.3)(208.1, 399.3)(208.1, 447.2)(202.1, 447.2);SD
