Area:(-20.0, -20.0)(964.4, -20.0)(964.4, 1192.5)(-20.0, 1192.5)
Rule:GATE(5,5);SD(5,5);GATE_SD(0.5);GATE_ITO(0.5);SD_ITO(0.5)
Module:M14
Boundary:(591.5, 378.0)(591.5, 453.0)(499.9, 453.0)(499.9, 466.2)(414.6, 466.2)(414.6, 378.0);GATE
Port:(414.6, 390.6)(420.5, 390.6)(420.5, 453.6)(414.6, 453.6);SD
Port:(591.5, 378.0)(591.5, 453.0)(499.9, 453.0)(499.9, 466.2)(422.6, 466.2)(422.6, 378.0);GATE
Port:(580.8, 383.1)(587.4, 383.1)(587.4, 446.9)(580.8, 446.9);SD
Module:M9
Boundary:(518.8, 183.9)(592.8, 183.9)(592.8, 184.1)(607.5, 184.1)(607.5, 323.1)(518.8, 323.1);GATE
Port:(530.0, 317.2)(596.3, 317.2)(596.3, 323.1)(530.0, 323.1);SD
Port:(518.8, 183.9)(592.8, 183.9)(592.8, 184.1)(607.5, 184.1)(607.5, 316.2)(518.8, 316.2);GATE
Port:(524.1, 188.2)(587.5, 188.2)(587.5, 193.4)(524.1, 193.4);SD
Module:M5
Boundary:(330.9, 128.4)(330.9, 163.6)(330.7, 163.6)(330.7, 181.7)(215.4, 181.7)(215.4, 128.4);GATE
Port:(215.4, 142.2)(221.1, 142.2)(221.1, 167.9)(215.4, 167.9);SD
Port:(330.9, 128.4)(330.9, 163.6)(330.7, 163.6)(330.7, 181.7)(223.0, 181.7)(223.0, 128.4);GATE
Port:(320.3, 134.2)(326.1, 134.2)(326.1, 157.8)(320.3, 157.8);SD
Module:M11
Boundary:(345.8, 714.2)(345.8, 801.5)(345.5, 801.5)(345.5, 818.9)(127.1, 818.9)(127.1, 714.2);GATE
Port:(127.1, 727.9)(133.1, 727.9)(133.1, 805.2)(127.1, 805.2);SD
Port:(345.8, 714.2)(345.8, 801.5)(345.5, 801.5)(345.5, 818.9)(135.0, 818.9)(135.0, 714.2);GATE
Port:(335.1, 720.4)(340.6, 720.4)(340.6, 795.3)(335.1, 795.3);SD
Module:M1
Boundary:(235.3, 858.9)(273.9, 858.9)(273.9, 859.1)(293.2, 859.1)(293.2, 1017.7)(235.3, 1017.7);GATE
Port:(250.6, 1012.0)(277.9, 1012.0)(277.9, 1017.7)(250.6, 1017.7);SD
Port:(235.3, 858.9)(273.9, 858.9)(273.9, 859.1)(293.2, 859.1)(293.2, 1010.1)(235.3, 1010.1);GATE
Port:(241.7, 864.3)(267.5, 864.3)(267.5, 870.7)(241.7, 870.7);SD
Module:M43
Boundary:(20.0, 703.9)(87.1, 703.9)(87.1, 875.0)(20.0, 875.0);GATE
Port:(34.0, 870.9)(73.1, 870.9)(73.1, 875.0)(34.0, 875.0);SD
Port:(20.0, 703.9)(87.1, 703.9)(87.1, 869.7)(20.0, 869.7);GATE
Port:(25.5, 708.4)(81.6, 708.4)(81.6, 714.7)(25.5, 714.7);SD
Module:M38
Boundary:(669.5, 810.9)(669.5, 881.0)(596.9, 881.0)(596.9, 895.8)(522.6, 895.8)(522.6, 810.9);GATE
Port:(522.6, 825.8)(528.3, 825.8)(528.3, 880.9)(522.6, 880.9);SD
Port:(669.5, 810.9)(669.5, 881.0)(596.9, 881.0)(596.9, 895.8)(530.2, 895.8)(530.2, 810.9);GATE
Port:(656.3, 817.7)(663.7, 817.7)(663.7, 873.2)(656.3, 873.2);SD
Module:M40
Boundary:(603.1, 30.0)(603.1, 117.8)(573.6, 117.8)(573.6, 133.9)(528.8, 133.9)(528.8, 30.0);GATE
Port:(528.8, 43.8)(533.7, 43.8)(533.7, 120.1)(528.8, 120.1);SD
Port:(603.1, 30.0)(603.1, 117.8)(573.6, 117.8)(573.6, 133.9)(536.0, 133.9)(536.0, 30.0);GATE
Port:(591.7, 35.8)(598.3, 35.8)(598.3, 111.0)(591.7, 111.0);SD
Module:M35
Boundary:(657.8, 665.2)(657.8, 770.9)(528.5, 770.9)(528.5, 665.2);GATE
Port:(528.5, 678.1)(533.4, 678.1)(533.4, 758.0)(528.5, 758.0);SD
Port:(657.8, 665.2)(657.8, 770.9)(535.8, 770.9)(535.8, 665.2);GATE
Port:(647.1, 670.7)(653.3, 670.7)(653.3, 765.4)(647.1, 765.4);SD
Module:M32
Boundary:(830.9, 30.0)(904.2, 30.0)(904.2, 131.0)(921.5, 131.0)(921.5, 257.3)(830.9, 257.3);GATE
Port:(844.9, 251.3)(907.5, 251.3)(907.5, 257.3)(844.9, 257.3);SD
Port:(830.9, 30.0)(904.2, 30.0)(904.2, 131.0)(921.5, 131.0)(921.5, 250.2)(830.9, 250.2);GATE
Port:(837.2, 35.3)(896.9, 35.3)(896.9, 41.0)(837.2, 41.0);SD
Module:M27
Boundary:(20.0, 915.0)(88.3, 915.0)(88.3, 915.4)(105.3, 915.4)(105.3, 1015.0)(20.0, 1015.0);GATE
Port:(33.2, 1010.8)(92.1, 1010.8)(92.1, 1015.0)(33.2, 1015.0);SD
Port:(20.0, 915.0)(88.3, 915.0)(88.3, 915.4)(105.3, 915.4)(105.3, 1007.9)(20.0, 1007.9);GATE
Port:(25.3, 919.3)(83.0, 919.3)(83.0, 925.7)(25.3, 925.7);SD
Module:M24
Boundary:(370.9, 243.3)(460.7, 243.3)(460.7, 277.1)(477.1, 277.1)(477.1, 338.0)(370.9, 338.0);GATE
Port:(386.1, 332.8)(461.9, 332.8)(461.9, 338.0)(386.1, 338.0);SD
Port:(370.9, 243.3)(460.7, 243.3)(460.7, 277.1)(477.1, 277.1)(477.1, 330.9)(370.9, 330.9);GATE
Port:(376.7, 248.1)(453.9, 248.1)(453.9, 255.3)(376.7, 255.3);SD
Module:M19
Boundary:(353.1, 388.0)(353.1, 439.7)(352.8, 439.7)(352.8, 456.6)(160.2, 456.6)(160.2, 388.0);GATE
Port:(160.2, 401.4)(165.1, 401.4)(165.1, 443.2)(160.2, 443.2);SD
Port:(353.1, 388.0)(353.1, 439.7)(352.8, 439.7)(352.8, 456.6)(166.5, 456.6)(166.5, 388.0);GATE
Port:(342.4, 394.2)(347.9, 394.2)(347.9, 433.5)(342.4, 433.5);SD
Module:M6
Boundary:(20.0, 580.7)(77.3, 580.7)(77.3, 597.2)(94.4, 597.2)(94.4, 663.9)(20.0, 663.9);GATE
Port:(35.3, 658.1)(79.1, 658.1)(79.1, 663.9)(35.3, 663.9);SD
Port:(20.0, 580.7)(77.3, 580.7)(77.3, 597.2)(94.4, 597.2)(94.4, 656.7)(20.0, 656.7);GATE
Port:(26.2, 585.9)(70.1, 585.9)(70.1, 593.2)(26.2, 593.2);SD
Module:M21
Boundary:(500.5, 1063.7)(500.5, 1131.6)(500.0, 1131.6)(500.0, 1149.2)(334.1, 1149.2)(334.1, 1063.7);GATE
Port:(334.1, 1076.9)(339.1, 1076.9)(339.1, 1136.0)(334.1, 1136.0);SD
Port:(500.5, 1063.7)(500.5, 1131.6)(500.0, 1131.6)(500.0, 1149.2)(341.9, 1149.2)(341.9, 1063.7);GATE
Port:(490.6, 1068.9)(496.3, 1068.9)(496.3, 1126.4)(490.6, 1126.4);SD
Module:M2
Boundary:(325.6, 221.7)(325.6, 318.3)(219.6, 318.3)(219.6, 333.0)(150.2, 333.0)(150.2, 221.7);GATE
Port:(150.2, 234.3)(155.8, 234.3)(155.8, 320.4)(150.2, 320.4);SD
Port:(325.6, 221.7)(325.6, 318.3)(219.6, 318.3)(219.6, 333.0)(157.4, 333.0)(157.4, 221.7);GATE
Port:(315.4, 227.2)(321.1, 227.2)(321.1, 311.8)(315.4, 311.8);SD
Module:M16
Boundary:(924.4, 693.8)(924.4, 745.9)(924.2, 745.9)(924.2, 762.5)(697.8, 762.5)(697.8, 693.8);GATE
Port:(697.8, 707.8)(702.5, 707.8)(702.5, 748.5)(697.8, 748.5);SD
Port:(924.4, 693.8)(924.4, 745.9)(924.2, 745.9)(924.2, 762.5)(703.6, 762.5)(703.6, 693.8);GATE
Port:(912.8, 699.4)(919.8, 699.4)(919.8, 740.3)(912.8, 740.3);SD
Module:M13
Boundary:(920.6, 307.3)(920.6, 352.5)(920.5, 352.5)(920.5, 365.8)(818.9, 365.8)(818.9, 307.3);GATE
Port:(818.9, 320.2)(824.9, 320.2)(824.9, 352.9)(818.9, 352.9);SD
Port:(920.6, 307.3)(920.6, 352.5)(920.5, 352.5)(920.5, 365.8)(826.9, 365.8)(826.9, 307.3);GATE
Port:(909.6, 314.0)(914.9, 314.0)(914.9, 345.8)(909.6, 345.8);SD
Module:M45
Boundary:(414.6, 506.2)(470.0, 506.2)(470.0, 506.4)(488.5, 506.4)(488.5, 675.7)(414.6, 675.7);GATE
Port:(429.2, 671.5)(473.9, 671.5)(473.9, 675.7)(429.2, 675.7);SD
Port:(414.6, 506.2)(470.0, 506.2)(470.0, 506.4)(488.5, 506.4)(488.5, 669.6)(414.6, 669.6);GATE
Port:(420.6, 511.2)(464.0, 511.2)(464.0, 517.4)(420.6, 517.4);SD
Module:M10
Boundary:(674.2, 519.0)(674.2, 608.4)(590.8, 608.4)(590.8, 625.2)(528.5, 625.2)(528.5, 519.0);GATE
Port:(528.5, 533.0)(534.1, 533.0)(534.1, 611.2)(528.5, 611.2);SD
Port:(674.2, 519.0)(674.2, 608.4)(590.8, 608.4)(590.8, 625.2)(536.4, 625.2)(536.4, 519.0);GATE
Port:(663.2, 524.6)(669.6, 524.6)(669.6, 601.8)(663.2, 601.8);SD
Module:M42
Boundary:(20.0, 20.0)(66.6, 20.0)(66.6, 84.3)(81.1, 84.3)(81.1, 204.3)(20.0, 204.3);GATE
Port:(32.0, 199.1)(69.1, 199.1)(69.1, 204.3)(32.0, 204.3);SD
Port:(20.0, 20.0)(66.6, 20.0)(66.6, 84.3)(81.1, 84.3)(81.1, 197.1)(20.0, 197.1);GATE
Port:(25.2, 24.2)(60.4, 24.2)(60.4, 28.8)(25.2, 28.8);SD
Module:M37
Boundary:(145.3, 858.9)(179.0, 858.9)(179.0, 859.0)(195.3, 859.0)(195.3, 1013.0)(145.3, 1013.0);GATE
Port:(158.5, 1008.3)(182.1, 1008.3)(182.1, 1013.0)(158.5, 1013.0);SD
Port:(145.3, 858.9)(179.0, 858.9)(179.0, 859.0)(195.3, 859.0)(195.3, 1006.5)(145.3, 1006.5);GATE
Port:(151.3, 863.9)(173.0, 863.9)(173.0, 869.8)(151.3, 869.8);SD
Module:M34
Boundary:(20.0, 244.3)(88.9, 244.3)(88.9, 275.7)(103.9, 275.7)(103.9, 427.3)(20.0, 427.3);GATE
Port:(34.2, 423.3)(89.7, 423.3)(89.7, 427.3)(34.2, 427.3);SD
Port:(20.0, 244.3)(88.9, 244.3)(88.9, 275.7)(103.9, 275.7)(103.9, 421.9)(20.0, 421.9);GATE
Port:(26.7, 250.0)(81.2, 250.0)(81.2, 256.0)(26.7, 256.0);SD
Module:M29
Boundary:(121.1, 20.0)(175.4, 20.0)(175.4, 176.5)(121.1, 176.5);GATE
Port:(136.0, 170.6)(160.5, 170.6)(160.5, 176.5)(136.0, 176.5);SD
Port:(121.1, 20.0)(175.4, 20.0)(175.4, 169.2)(121.1, 169.2);GATE
Port:(126.6, 24.5)(169.9, 24.5)(169.9, 31.7)(126.6, 31.7);SD
Module:M7
Boundary:(374.6, 506.6)(374.6, 554.8)(374.5, 554.8)(374.5, 569.8)(150.2, 569.8)(150.2, 506.6);GATE
Port:(150.2, 519.6)(156.0, 519.6)(156.0, 556.8)(150.2, 556.8);SD
Port:(374.6, 506.6)(374.6, 554.8)(374.5, 554.8)(374.5, 569.8)(158.7, 569.8)(158.7, 506.6);GATE
Port:(363.1, 512.7)(369.5, 512.7)(369.5, 548.7)(363.1, 548.7);SD
Module:M31
Boundary:(370.9, 128.4)(453.8, 128.4)(453.8, 203.3)(370.9, 203.3);GATE
Port:(384.1, 199.2)(440.6, 199.2)(440.6, 203.3)(384.1, 203.3);SD
Port:(370.9, 128.4)(453.8, 128.4)(453.8, 197.9)(370.9, 197.9);GATE
Port:(377.5, 134.0)(447.2, 134.0)(447.2, 138.8)(377.5, 138.8);SD
Module:M3
Boundary:(285.2, 20.0)(285.2, 83.3)(215.4, 83.3)(215.4, 20.0);GATE
Port:(215.4, 33.6)(219.8, 33.6)(219.8, 69.7)(215.4, 69.7);SD
Port:(285.2, 20.0)(285.2, 83.3)(221.4, 83.3)(221.4, 20.0);GATE
Port:(273.6, 25.6)(280.6, 25.6)(280.6, 77.7)(273.6, 77.7);SD
Module:M26
Boundary:(923.9, 545.9)(923.9, 643.8)(724.2, 643.8)(724.2, 545.9);GATE
Port:(724.2, 558.9)(729.5, 558.9)(729.5, 630.8)(724.2, 630.8);SD
Port:(923.9, 545.9)(923.9, 643.8)(731.2, 643.8)(731.2, 545.9);GATE
Port:(913.0, 551.0)(919.8, 551.0)(919.8, 638.7)(913.0, 638.7);SD
Module:M23
Boundary:(482.6, 715.7)(482.6, 800.9)(482.2, 800.9)(482.2, 816.9)(385.8, 816.9)(385.8, 715.7);GATE
Port:(385.8, 731.0)(389.8, 731.0)(389.8, 801.6)(385.8, 801.6);SD
Port:(482.6, 715.7)(482.6, 800.9)(482.2, 800.9)(482.2, 816.9)(391.1, 816.9)(391.1, 715.7);GATE
Port:(469.9, 722.5)(476.8, 722.5)(476.8, 794.1)(469.9, 794.1);SD
Module:M18
Boundary:(344.1, 868.9)(415.5, 868.9)(415.5, 916.5)(431.7, 916.5)(431.7, 1013.7)(344.1, 1013.7);GATE
Port:(358.5, 1008.8)(417.3, 1008.8)(417.3, 1013.7)(358.5, 1013.7);SD
Port:(344.1, 868.9)(415.5, 868.9)(415.5, 916.5)(431.7, 916.5)(431.7, 1006.0)(344.1, 1006.0);GATE
Port:(349.6, 873.4)(409.0, 873.4)(409.0, 880.4)(349.6, 880.4);SD
Module:M20
Boundary:(736.4, 396.0)(736.4, 463.8)(681.1, 463.8)(681.1, 479.0)(631.5, 479.0)(631.5, 396.0);GATE
Port:(631.5, 409.6)(636.2, 409.6)(636.2, 465.4)(631.5, 465.4);SD
Port:(736.4, 396.0)(736.4, 463.8)(681.1, 463.8)(681.1, 479.0)(638.5, 479.0)(638.5, 396.0);GATE
Port:(725.3, 402.2)(731.2, 402.2)(731.2, 456.6)(725.3, 456.6);SD
Module:M15
Boundary:(915.7, 405.8)(915.7, 478.2)(915.4, 478.2)(915.4, 495.9)(776.4, 495.9)(776.4, 405.8);GATE
Port:(776.4, 420.7)(781.2, 420.7)(781.2, 481.0)(776.4, 481.0);SD
Port:(915.7, 405.8)(915.7, 478.2)(915.4, 478.2)(915.4, 495.9)(783.8, 495.9)(783.8, 405.8);GATE
Port:(904.1, 412.1)(910.4, 412.1)(910.4, 471.9)(904.1, 471.9);SD
Module:M12
Boundary:(909.7, 1078.7)(909.7, 1134.3)(790.0, 1134.3)(790.0, 1151.2)(713.2, 1151.2)(713.2, 1078.7);GATE
Port:(713.2, 1093.7)(718.2, 1093.7)(718.2, 1136.2)(713.2, 1136.2);SD
Port:(909.7, 1078.7)(909.7, 1134.3)(790.0, 1134.3)(790.0, 1151.2)(720.0, 1151.2)(720.0, 1078.7);GATE
Port:(898.0, 1083.8)(905.6, 1083.8)(905.6, 1128.2)(898.0, 1128.2);SD
Module:M44
Boundary:(713.2, 802.5)(802.2, 802.5)(802.2, 871.5)(818.4, 871.5)(818.4, 928.6)(713.2, 928.6);GATE
Port:(727.9, 923.8)(803.7, 923.8)(803.7, 928.6)(727.9, 928.6);SD
Port:(713.2, 802.5)(802.2, 802.5)(802.2, 871.5)(818.4, 871.5)(818.4, 921.7)(713.2, 921.7);GATE
Port:(719.8, 808.1)(794.6, 808.1)(794.6, 814.5)(719.8, 814.5);SD
Module:M39
Boundary:(868.4, 812.5)(921.5, 812.5)(921.5, 1024.3)(868.4, 1024.3);GATE
Port:(883.5, 1019.0)(906.4, 1019.0)(906.4, 1024.3)(883.5, 1024.3);SD
Port:(868.4, 812.5)(921.5, 812.5)(921.5, 1017.1)(868.4, 1017.1);GATE
Port:(875.3, 818.4)(914.6, 818.4)(914.6, 824.2)(875.3, 824.2);SD
Module:M8
Boundary:(661.2, 1043.1)(661.2, 1139.3)(592.9, 1139.3)(592.9, 1152.5)(540.5, 1152.5)(540.5, 1043.1);GATE
Port:(540.5, 1056.6)(544.7, 1056.6)(544.7, 1139.0)(540.5, 1139.0);SD
Port:(661.2, 1043.1)(661.2, 1139.3)(592.9, 1139.3)(592.9, 1152.5)(545.7, 1152.5)(545.7, 1043.1);GATE
Port:(650.1, 1049.9)(655.4, 1049.9)(655.4, 1130.5)(650.1, 1130.5);SD
Module:M41
Boundary:(653.1, 20.0)(780.9, 20.0)(780.9, 206.5)(653.1, 206.5);GATE
Port:(669.0, 201.5)(765.0, 201.5)(765.0, 206.5)(669.0, 206.5);SD
Port:(653.1, 20.0)(780.9, 20.0)(780.9, 198.9)(653.1, 198.9);GATE
Port:(660.1, 26.0)(773.9, 26.0)(773.9, 32.9)(660.1, 32.9);SD
Module:M4
Boundary:(478.8, 20.0)(478.8, 72.1)(414.6, 72.1)(414.6, 88.4)(325.2, 88.4)(325.2, 20.0);GATE
Port:(325.2, 33.6)(329.4, 33.6)(329.4, 74.8)(325.2, 74.8);SD
Port:(478.8, 20.0)(478.8, 72.1)(414.6, 72.1)(414.6, 88.4)(331.2, 88.4)(331.2, 20.0);GATE
Port:(468.1, 25.1)(474.7, 25.1)(474.7, 66.0)(468.1, 66.0);SD
Module:M36
Boundary:(778.9, 246.5)(778.9, 341.6)(715.9, 341.6)(715.9, 356.0)(647.5, 356.0)(647.5, 246.5);GATE
Port:(647.5, 259.6)(653.2, 259.6)(653.2, 342.9)(647.5, 342.9);SD
Port:(778.9, 246.5)(778.9, 341.6)(715.9, 341.6)(715.9, 356.0)(655.5, 356.0)(655.5, 246.5);GATE
Port:(768.3, 253.0)(773.4, 253.0)(773.4, 334.1)(768.3, 334.1);SD
Module:M33
Boundary:(176.4, 1057.7)(294.1, 1057.7)(294.1, 1143.8)(176.4, 1143.8);GATE
Port:(190.7, 1138.3)(279.8, 1138.3)(279.8, 1143.8)(190.7, 1143.8);SD
Port:(176.4, 1057.7)(294.1, 1057.7)(294.1, 1136.8)(176.4, 1136.8);GATE
Port:(182.0, 1062.3)(288.5, 1062.3)(288.5, 1069.2)(182.0, 1069.2);SD
Module:M28
Boundary:(360.5, 609.8)(360.5, 660.3)(240.4, 660.3)(240.4, 674.2)(134.4, 674.2)(134.4, 609.8);GATE
Port:(134.4, 623.8)(139.9, 623.8)(139.9, 660.2)(134.4, 660.2);SD
Port:(360.5, 609.8)(360.5, 660.3)(240.4, 660.3)(240.4, 674.2)(141.1, 674.2)(141.1, 609.8);GATE
Port:(348.2, 616.0)(355.3, 616.0)(355.3, 653.1)(348.2, 653.1);SD
Module:M30
Boundary:(20.0, 467.3)(96.6, 467.3)(96.6, 491.7)(110.2, 491.7)(110.2, 540.7)(20.0, 540.7);GATE
Port:(32.7, 535.7)(97.5, 535.7)(97.5, 540.7)(32.7, 540.7);SD
Port:(20.0, 467.3)(96.6, 467.3)(96.6, 491.7)(110.2, 491.7)(110.2, 533.0)(20.0, 533.0);GATE
Port:(26.2, 472.5)(89.4, 472.5)(89.4, 478.0)(26.2, 478.0);SD
Module:M25
Boundary:(673.2, 935.8)(673.2, 1003.1)(481.7, 1003.1)(481.7, 935.8);GATE
Port:(481.7, 949.0)(486.8, 949.0)(486.8, 989.9)(481.7, 989.9);SD
Port:(673.2, 935.8)(673.2, 1003.1)(489.3, 1003.1)(489.3, 935.8);GATE
Port:(662.5, 941.1)(668.9, 941.1)(668.9, 997.8)(662.5, 997.8);SD
Module:M22
Boundary:(20.0, 1055.0)(120.7, 1055.0)(120.7, 1083.2)(136.4, 1083.2)(136.4, 1134.5)(20.0, 1134.5);GATE
Port:(33.0, 1130.3)(123.4, 1130.3)(123.4, 1134.5)(33.0, 1134.5);SD
Port:(20.0, 1055.0)(120.7, 1055.0)(120.7, 1083.2)(136.4, 1083.2)(136.4, 1128.3)(20.0, 1128.3);GATE
Port:(25.5, 1059.5)(114.2, 1059.5)(114.2, 1064.6)(25.5, 1064.6);SD
Module:M17
Boundary:(793.8, 978.6)(793.8, 1028.7)(723.2, 1028.7)(723.2, 978.6);GATE
Port:(723.2, 992.1)(728.8, 992.1)(728.8, 1015.2)(723.2, 1015.2);SD
Port:(793.8, 978.6)(793.8, 1028.7)(730.8, 1028.7)(730.8, 978.6);GATE
Port:(783.5, 984.5)(788.9, 984.5)(788.9, 1022.8)(783.5, 1022.8);SD
