Area:(-20.0, -20.0)(454.0, -20.0)(454.0, 422.0)(-20.0, 422.0)
Rule:GATE(5,5);SD(5,5);GATE_SD(0.5);GATE_ITO(0.5);SD_ITO(0.5)
Module:M5
Boundary:(332.0, 20.0)(405.0, 20.0)(405.0, 179.0)(332.0, 179.0);GATE
Port:(346.5, 169.0)(390.5, 169.0)(390.5, 179.0)(346.5, 179.0);SD
Port:(332.0, 20.0)(405.0, 20.0)(405.0, 164.0)(332.0, 164.0);GATE
Port:(342.0, 25.0)(395.0, 25.0)(395.0, 29.0)(342.0, 29.0);SD
Module:M1
Boundary:(20.0, 205.0)(95.5, 205.0)(95.5, 287.7)(183.0, 287.7)(183.0, 369.0)(20.0, 369.0);GATE
Port:(34.5, 359.0)(168.5, 359.0)(168.5, 369.0)(34.5, 369.0);SD
Port:(20.0, 205.0)(95.5, 205.0)(95.5, 287.7)(183.0, 287.7)(183.0, 354.0)(20.0, 354.0);GATE
Port:(30.0, 210.0)(81.0, 210.0)(81.0, 214.0)(30.0, 214.0);SD
Module:M2
Boundary:(414.0, 219.0)(414.0, 366.5)(398.0, 366.5)(398.0, 382.0)(223.0, 382.0)(223.0, 219.0);GATE
Port:(223.0, 233.5)(233.0, 233.5)(233.0, 367.5)(223.0, 367.5);SD
Port:(414.0, 219.0)(414.0, 366.5)(398.0, 366.5)(398.0, 382.0)(238.0, 382.0)(238.0, 219.0);GATE
Port:(405.0, 229.0)(409.0, 229.0)(409.0, 352.0)(405.0, 352.0);SD
Module:M3
Boundary:(130.0, 20.0)(130.0, 95.5)(87.3, 95.5)(87.3, 165.0)(20.0, 165.0)(20.0, 20.0);GATE
Port:(20.0, 34.5)(30.0, 34.5)(30.0, 150.5)(20.0, 150.5);SD
Port:(130.0, 20.0)(130.0, 95.5)(87.3, 95.5)(87.3, 165.0)(35.0, 165.0)(35.0, 20.0);GATE
Port:(121.0, 30.0)(125.0, 30.0)(125.0, 81.0)(121.0, 81.0);SD
Module:M4
Boundary:(292.0, 20.0)(292.0, 149.5)(278.0, 149.5)(278.0, 165.0)(170.0, 165.0)(170.0, 20.0);GATE
Port:(170.0, 34.5)(180.0, 34.5)(180.0, 150.5)(170.0, 150.5);SD
Port:(292.0, 20.0)(292.0, 149.5)(278.0, 149.5)(278.0, 165.0)(185.0, 165.0)(185.0, 20.0);GATE
Port:(283.0, 30.0)(287.0, 30.0)(287.0, 135.0)(283.0, 135.0);SD
