Area:(-20.0, -20.0)(906.0, -20.0)(906.0, 494.1)(-20.0, 494.1)
Rule:GATE(5,5);SD(5,5);GATE_SD(0.5);GATE_ITO(0.5);SD_ITO(0.5)
Module:M14
Boundary:(176.2, 30.0)(176.2, 104.6)(90.4, 104.6)(90.4, 117.8)(30.0, 117.8)(30.0, 30.0);GATE
Port:(30.0, 42.3)(34.8, 42.3)(34.8, 105.5)(30.0, 105.5);SD
Port:(176.2, 30.0)(176.2, 104.6)(90.4, 104.6)(90.4, 117.8)(36.3, 117.8)(36.3, 30.0);GATE
Port:(166.2, 35.2)(172.0, 35.2)(172.0, 98.4)(166.2, 98.4);SD
Module:M9
Boundary:(178.4, 327.8)(178.4, 421.1)(177.8, 421.1)(177.8, 440.0)(20.0, 440.0)(20.0, 327.8);GATE
Port:(20.0, 342.2)(24.9, 342.2)(24.9, 425.6)(20.0, 425.6);SD
Port:(178.4, 327.8)(178.4, 421.1)(177.8, 421.1)(177.8, 440.0)(26.5, 440.0)(26.5, 327.8);GATE
Port:(167.4, 333.9)(173.3, 333.9)(173.3, 415.0)(167.4, 415.0);SD
Module:M5
Boundary:(409.4, 236.6)(409.4, 286.1)(409.3, 286.1)(409.3, 302.1)(224.3, 302.1)(224.3, 236.6);GATE
Port:(224.3, 249.8)(230.3, 249.8)(230.3, 288.9)(224.3, 288.9);SD
Port:(409.4, 236.6)(409.4, 286.1)(409.3, 286.1)(409.3, 302.1)(231.6, 302.1)(231.6, 236.6);GATE
Port:(398.4, 241.7)(405.3, 241.7)(405.3, 281.0)(398.4, 281.0);SD
Module:M11
Boundary:(774.0, 20.0)(851.0, 20.0)(851.0, 20.2)(866.0, 20.2)(866.0, 214.0)(774.0, 214.0);GATE
Port:(786.4, 208.6)(853.6, 208.6)(853.6, 214.0)(786.4, 214.0);SD
Port:(774.0, 20.0)(851.0, 20.0)(851.0, 20.2)(866.0, 20.2)(866.0, 207.3)(774.0, 207.3);GATE
Port:(779.1, 24.1)(845.9, 24.1)(845.9, 30.5)(779.1, 30.5);SD
Module:M1
Boundary:(766.3, 264.0)(861.2, 264.0)(861.2, 418.5)(766.3, 418.5);GATE
Port:(780.4, 413.2)(847.1, 413.2)(847.1, 418.5)(780.4, 418.5);SD
Port:(766.3, 264.0)(861.2, 264.0)(861.2, 411.7)(766.3, 411.7);GATE
Port:(773.2, 269.9)(854.3, 269.9)(854.3, 275.8)(773.2, 275.8);SD
Module:M6
Boundary:(218.4, 342.1)(274.8, 342.1)(274.8, 376.4)(291.6, 376.4)(291.6, 454.1)(218.4, 454.1);GATE
Port:(233.7, 449.9)(276.3, 449.9)(276.3, 454.1)(233.7, 454.1);SD
Port:(218.4, 342.1)(274.8, 342.1)(274.8, 376.4)(291.6, 376.4)(291.6, 447.0)(218.4, 447.0);GATE
Port:(224.8, 347.5)(267.4, 347.5)(267.4, 354.4)(224.8, 354.4);SD
Module:M2
Boundary:(184.3, 167.8)(184.3, 271.5)(156.8, 271.5)(156.8, 287.8)(20.0, 287.8)(20.0, 167.8);GATE
Port:(20.0, 181.1)(24.5, 181.1)(24.5, 274.5)(20.0, 274.5);SD
Port:(184.3, 167.8)(184.3, 271.5)(156.8, 271.5)(156.8, 287.8)(27.1, 287.8)(27.1, 167.8);GATE
Port:(174.3, 173.7)(179.4, 173.7)(179.4, 264.6)(174.3, 264.6);SD
Module:M16
Boundary:(498.3, 20.0)(498.3, 70.5)(470.6, 70.5)(470.6, 85.0)(381.5, 85.0)(381.5, 20.0);GATE
Port:(381.5, 33.1)(385.9, 33.1)(385.9, 71.9)(381.5, 71.9);SD
Port:(498.3, 20.0)(498.3, 70.5)(470.6, 70.5)(470.6, 85.0)(388.3, 85.0)(388.3, 20.0);GATE
Port:(487.1, 26.2)(493.1, 26.2)(493.1, 63.3)(487.1, 63.3);SD
Module:M13
Boundary:(479.6, 368.3)(479.6, 438.6)(479.4, 438.6)(479.4, 452.3)(331.6, 452.3)(331.6, 368.3);GATE
Port:(331.6, 379.8)(336.1, 379.8)(336.1, 440.8)(331.6, 440.8);SD
Port:(479.6, 368.3)(479.6, 438.6)(479.4, 438.6)(479.4, 452.3)(337.3, 452.3)(337.3, 368.3);GATE
Port:(470.1, 373.8)(475.1, 373.8)(475.1, 433.1)(470.1, 433.1);SD
Module:M10
Boundary:(463.6, 125.0)(463.6, 183.5)(463.5, 183.5)(463.5, 196.6)(381.5, 196.6)(381.5, 125.0);GATE
Port:(381.5, 137.7)(385.9, 137.7)(385.9, 183.9)(381.5, 183.9);SD
Port:(463.6, 125.0)(463.6, 183.5)(463.5, 183.5)(463.5, 196.6)(387.7, 196.6)(387.7, 125.0);GATE
Port:(452.5, 131.1)(458.5, 131.1)(458.5, 177.4)(452.5, 177.4);SD
Module:M7
Boundary:(709.3, 117.8)(709.3, 173.3)(709.1, 173.3)(709.1, 192.3)(538.3, 192.3)(538.3, 117.8);GATE
Port:(538.3, 132.1)(542.7, 132.1)(542.7, 178.0)(538.3, 178.0);SD
Port:(709.3, 117.8)(709.3, 173.3)(709.1, 173.3)(709.1, 192.3)(544.9, 192.3)(544.9, 117.8);GATE
Port:(698.4, 124.1)(704.0, 124.1)(704.0, 167.0)(698.4, 167.0);SD
Module:M3
Boundary:(626.2, 232.3)(716.3, 232.3)(716.3, 324.9)(626.2, 324.9);GATE
Port:(641.1, 319.5)(701.4, 319.5)(701.4, 324.9)(641.1, 324.9);SD
Port:(626.2, 232.3)(716.3, 232.3)(716.3, 316.6)(626.2, 316.6);GATE
Port:(632.1, 237.2)(710.4, 237.2)(710.4, 244.0)(632.1, 244.0);SD
Module:M15
Boundary:(586.2, 236.6)(586.2, 313.3)(586.1, 313.3)(586.1, 328.3)(449.4, 328.3)(449.4, 236.6);GATE
Port:(449.4, 248.6)(454.3, 248.6)(454.3, 316.3)(449.4, 316.3);SD
Port:(586.2, 236.6)(586.2, 313.3)(586.1, 313.3)(586.1, 328.3)(456.7, 328.3)(456.7, 236.6);GATE
Port:(575.9, 241.7)(582.1, 241.7)(582.1, 308.2)(575.9, 308.2);SD
Module:M12
Boundary:(734.0, 20.0)(734.0, 64.3)(629.5, 64.3)(629.5, 77.8)(538.3, 77.8)(538.3, 20.0);GATE
Port:(538.3, 30.8)(542.8, 30.8)(542.8, 67.0)(538.3, 67.0);SD
Port:(734.0, 20.0)(734.0, 64.3)(629.5, 64.3)(629.5, 77.8)(545.2, 77.8)(545.2, 20.0);GATE
Port:(725.3, 25.4)(729.6, 25.4)(729.6, 57.9)(725.3, 57.9);SD
Module:M8
Boundary:(695.4, 368.3)(695.4, 432.0)(635.5, 432.0)(635.5, 445.4)(519.6, 445.4)(519.6, 368.3);GATE
Port:(519.6, 382.1)(524.4, 382.1)(524.4, 431.6)(519.6, 431.6);SD
Port:(695.4, 368.3)(695.4, 432.0)(635.5, 432.0)(635.5, 445.4)(526.9, 445.4)(526.9, 368.3);GATE
Port:(683.7, 374.3)(690.4, 374.3)(690.4, 425.0)(683.7, 425.0);SD
Module:M4
Boundary:(226.2, 20.0)(326.5, 20.0)(326.5, 79.3)(341.5, 79.3)(341.5, 193.3)(226.2, 193.3);GATE
Port:(240.4, 188.4)(327.3, 188.4)(327.3, 193.3)(240.4, 193.3);SD
Port:(226.2, 20.0)(326.5, 20.0)(326.5, 79.3)(341.5, 79.3)(341.5, 187.0)(226.2, 187.0);GATE
Port:(232.9, 25.7)(318.8, 25.7)(318.8, 31.2)(232.9, 31.2);SD
