Area:(-20.0, -20.0)(606.0, -20.0)(606.0, 310.0)(-20.0, 310.0)
Rule:GATE(5,5);SD(5,5);GATE_SD(0.5);GATE_ITO(0.5);SD_ITO(0.5)
Module:M5
Boundary:(435.0, 20.0)(435.0, 149.5)(421.0, 149.5)(421.0, 165.0)(241.0, 165.0)(241.0, 20.0);GATE
Port:(241.0, 34.5)(251.0, 34.5)(251.0, 150.5)(241.0, 150.5);SD
Port:(435.0, 20.0)(435.0, 149.5)(421.0, 149.5)(421.0, 165.0)(256.0, 165.0)(256.0, 20.0);GATE
Port:(426.0, 30.0)(430.0, 30.0)(430.0, 135.0)(426.0, 135.0);SD
Module:M1
Boundary:(191.0, 205.0)(338.5, 205.0)(338.5, 221.0)(354.0, 221.0)(354.0, 270.0)(191.0, 270.0);GATE
Port:(205.5, 260.0)(339.5, 260.0)(339.5, 270.0)(205.5, 270.0);SD
Port:(191.0, 205.0)(338.5, 205.0)(338.5, 221.0)(354.0, 221.0)(354.0, 255.0)(191.0, 255.0);GATE
Port:(201.0, 210.0)(324.0, 210.0)(324.0, 214.0)(201.0, 214.0);SD
Module:M2
Boundary:(475.0, 20.0)(551.0, 20.0)(551.0, 28.0)(566.0, 28.0)(566.0, 214.0)(475.0, 214.0);GATE
Port:(489.5, 204.0)(551.5, 204.0)(551.5, 214.0)(489.5, 214.0);SD
Port:(475.0, 20.0)(551.0, 20.0)(551.0, 28.0)(566.0, 28.0)(566.0, 199.0)(475.0, 199.0);GATE
Port:(485.0, 25.0)(536.0, 25.0)(536.0, 29.0)(485.0, 29.0);SD
Module:M3
Boundary:(20.0, 20.0)(149.5, 20.0)(149.5, 53.5)(201.0, 53.5)(201.0, 134.0)(20.0, 134.0);GATE
Port:(34.5, 124.0)(186.5, 124.0)(186.5, 134.0)(34.5, 134.0);SD
Port:(20.0, 20.0)(149.5, 20.0)(149.5, 53.5)(201.0, 53.5)(201.0, 119.0)(20.0, 119.0);GATE
Port:(30.0, 25.0)(135.0, 25.0)(135.0, 29.0)(30.0, 29.0);SD
Module:M4
Boundary:(151.0, 174.0)(151.0, 247.0)(20.0, 247.0)(20.0, 174.0);GATE
Port:(20.0, 188.5)(30.0, 188.5)(30.0, 232.5)(20.0, 232.5);SD
Port:(151.0, 174.0)(151.0, 247.0)(35.0, 247.0)(35.0, 174.0);GATE
Port:(142.0, 184.0)(146.0, 184.0)(146.0, 237.0)(142.0, 237.0);SD
