Area:(-4.3, -11.6)(724.2, -11.6)(724.2, 777.6)(-4.3, 777.6)
Rule:GATE(5,5);SD(5,5);GATE_SD(0.5);GATE_ITO(0.5);SD_ITO(0.5)
Module:M12
Boundary:(70.4, 123.9)(163.9, 123.9)(163.9, 113.9)(179.4, 113.9)(179.4, 44.9)(70.4, 44.9);GATE
Port:(84.9, 44.9)(164.9, 44.9)(164.9, 54.9)(84.9, 54.9);SD
Port:(70.4, 123.9)(163.9, 123.9)(163.9, 113.9)(179.4, 113.9)(179.4, 59.9)(70.4, 59.9);GATE
Port:(80.4, 114.9)(149.4, 114.9)(149.4, 118.9)(80.4, 118.9);SD
Module:M10
Boundary:(467.2, 194.7)(394.2, 194.7)(394.2, 34.7)(467.2, 34.7);GATE
Port:(408.7, 34.7)(452.7, 34.7)(452.7, 44.7)(408.7, 44.7);SD
Port:(467.2, 194.7)(394.2, 194.7)(394.2, 49.7)(467.2, 49.7);GATE
Port:(404.2, 185.7)(457.2, 185.7)(457.2, 189.7)(404.2, 189.7);SD
Module:M18
Boundary:(196.5, 47.3)(196.5, 140.8)(241.5, 140.8)(241.5, 210.3)(387.5, 210.3)(387.5, 47.3);GATE
Port:(377.5, 61.8)(387.5, 61.8)(387.5, 195.8)(377.5, 195.8);SD
Port:(196.5, 47.3)(196.5, 140.8)(241.5, 140.8)(241.5, 210.3)(372.5, 210.3)(372.5, 47.3);GATE
Port:(201.5, 57.3)(205.5, 57.3)(205.5, 126.3)(201.5, 126.3);SD
Module:M1
Boundary:(503.2, 28.4)(632.7, 28.4)(632.7, 85.9)(684.2, 85.9)(684.2, 214.4)(503.2, 214.4);GATE
Port:(517.7, 204.4)(669.7, 204.4)(669.7, 214.4)(517.7, 214.4);SD
Port:(503.2, 28.4)(632.7, 28.4)(632.7, 85.9)(684.2, 85.9)(684.2, 199.4)(503.2, 199.4);GATE
Port:(513.2, 33.4)(618.2, 33.4)(618.2, 37.4)(513.2, 37.4);SD
Module:M5
Boundary:(147.1, 161.8)(147.1, 234.8)(62.1, 234.8)(62.1, 161.8);GATE
Port:(62.1, 176.3)(72.1, 176.3)(72.1, 220.3)(62.1, 220.3);SD
Port:(147.1, 161.8)(147.1, 234.8)(77.1, 234.8)(77.1, 161.8);GATE
Port:(138.1, 171.8)(142.1, 171.8)(142.1, 224.8)(138.1, 224.8);SD
Module:M15
Boundary:(459.1, 220.0)(386.1, 220.0)(386.1, 296.0)(459.1, 296.0);GATE
Port:(400.6, 286.0)(444.6, 286.0)(444.6, 296.0)(400.6, 296.0);SD
Port:(459.1, 220.0)(386.1, 220.0)(386.1, 281.0)(459.1, 281.0);GATE
Port:(396.1, 225.0)(449.1, 225.0)(449.1, 229.0)(396.1, 229.0);SD
Module:M13
Boundary:(504.8, 271.4)(652.3, 271.4)(652.3, 287.4)(667.8, 287.4)(667.8, 333.4)(504.8, 333.4);GATE
Port:(519.3, 323.4)(653.3, 323.4)(653.3, 333.4)(519.3, 333.4);SD
Port:(504.8, 271.4)(652.3, 271.4)(652.3, 287.4)(667.8, 287.4)(667.8, 318.4)(504.8, 318.4);GATE
Port:(514.8, 276.4)(637.8, 276.4)(637.8, 280.4)(514.8, 280.4);SD
Module:M17
Boundary:(158.1, 224.9)(305.6, 224.9)(305.6, 332.7)(375.1, 332.7)(375.1, 392.9)(158.1, 392.9);GATE
Port:(172.6, 382.9)(360.6, 382.9)(360.6, 392.9)(172.6, 392.9);SD
Port:(158.1, 224.9)(305.6, 224.9)(305.6, 332.7)(375.1, 332.7)(375.1, 377.9)(158.1, 377.9);GATE
Port:(168.1, 229.9)(291.1, 229.9)(291.1, 233.9)(168.1, 233.9);SD
Module:M2
Boundary:(498.3, 423.4)(422.3, 423.4)(422.3, 415.4)(407.3, 415.4)(407.3, 346.4)(498.3, 346.4);GATE
Port:(421.8, 346.4)(483.8, 346.4)(483.8, 356.4)(421.8, 356.4);SD
Port:(498.3, 423.4)(422.3, 423.4)(422.3, 415.4)(407.3, 415.4)(407.3, 361.4)(498.3, 361.4);GATE
Port:(437.3, 414.4)(488.3, 414.4)(488.3, 418.4)(437.3, 418.4);SD
Module:M14
Boundary:(147.7, 236.3)(71.7, 236.3)(71.7, 244.3)(56.7, 244.3)(56.7, 433.3)(147.7, 433.3);GATE
Port:(71.2, 423.3)(133.2, 423.3)(133.2, 433.3)(71.2, 433.3);SD
Port:(147.7, 236.3)(71.7, 236.3)(71.7, 244.3)(56.7, 244.3)(56.7, 418.3)(147.7, 418.3);GATE
Port:(86.7, 241.3)(137.7, 241.3)(137.7, 245.3)(86.7, 245.3);SD
Module:M16
Boundary:(314.4, 490.3)(314.4, 417.3)(155.4, 417.3)(155.4, 490.3);GATE
Port:(155.4, 431.8)(165.4, 431.8)(165.4, 475.8)(155.4, 475.8);SD
Port:(314.4, 490.3)(314.4, 417.3)(170.4, 417.3)(170.4, 490.3);GATE
Port:(305.4, 427.3)(309.4, 427.3)(309.4, 480.3)(305.4, 480.3);SD
Module:M9
Boundary:(495.0, 432.7)(365.5, 432.7)(365.5, 446.7)(350.0, 446.7)(350.0, 496.7)(495.0, 496.7);GATE
Port:(364.5, 486.7)(480.5, 486.7)(480.5, 496.7)(364.5, 496.7);SD
Port:(495.0, 432.7)(365.5, 432.7)(365.5, 446.7)(350.0, 446.7)(350.0, 481.7)(495.0, 481.7);GATE
Port:(380.0, 437.7)(485.0, 437.7)(485.0, 441.7)(380.0, 441.7);SD
Module:M11
Boundary:(676.2, 551.8)(528.7, 551.8)(528.7, 535.8)(513.2, 535.8)(513.2, 364.8)(676.2, 364.8);GATE
Port:(527.7, 364.8)(661.7, 364.8)(661.7, 374.8)(527.7, 374.8);SD
Port:(676.2, 551.8)(528.7, 551.8)(528.7, 535.8)(513.2, 535.8)(513.2, 379.8)(676.2, 379.8);GATE
Port:(543.2, 542.8)(666.2, 542.8)(666.2, 546.8)(543.2, 546.8);SD
Module:M19
Boundary:(55.7, 450.1)(131.7, 450.1)(131.7, 458.1)(146.7, 458.1)(146.7, 511.1)(55.7, 511.1);GATE
Port:(70.2, 501.1)(132.2, 501.1)(132.2, 511.1)(70.2, 511.1);SD
Port:(55.7, 450.1)(131.7, 450.1)(131.7, 458.1)(146.7, 458.1)(146.7, 496.1)(55.7, 496.1);GATE
Port:(65.7, 455.1)(116.7, 455.1)(116.7, 459.1)(65.7, 459.1);SD
Module:M8
Boundary:(189.2, 592.0)(189.2, 519.0)(312.2, 519.0)(312.2, 592.0);GATE
Port:(302.2, 533.5)(312.2, 533.5)(312.2, 577.5)(302.2, 577.5);SD
Port:(189.2, 592.0)(189.2, 519.0)(297.2, 519.0)(297.2, 592.0);GATE
Port:(194.2, 529.0)(198.2, 529.0)(198.2, 582.0)(194.2, 582.0);SD
Module:M20
Boundary:(332.6, 557.0)(462.1, 557.0)(462.1, 571.0)(477.6, 571.0)(477.6, 618.0)(332.6, 618.0);GATE
Port:(347.1, 608.0)(463.1, 608.0)(463.1, 618.0)(347.1, 618.0);SD
Port:(332.6, 557.0)(462.1, 557.0)(462.1, 571.0)(477.6, 571.0)(477.6, 603.0)(332.6, 603.0);GATE
Port:(342.6, 562.0)(447.6, 562.0)(447.6, 566.0)(342.6, 566.0);SD
Module:M3
Boundary:(187.9, 710.2)(187.9, 637.2)(373.9, 637.2)(373.9, 710.2);GATE
Port:(363.9, 651.7)(373.9, 651.7)(373.9, 695.7)(363.9, 695.7);SD
Port:(187.9, 710.2)(187.9, 637.2)(358.9, 637.2)(358.9, 710.2);GATE
Port:(192.9, 647.2)(196.9, 647.2)(196.9, 700.2)(192.9, 700.2);SD
Module:M4
Boundary:(483.1, 698.0)(483.1, 625.0)(381.1, 625.0)(381.1, 698.0);GATE
Port:(381.1, 639.5)(391.1, 639.5)(391.1, 683.5)(381.1, 683.5);SD
Port:(483.1, 698.0)(483.1, 625.0)(396.1, 625.0)(396.1, 698.0);GATE
Port:(474.1, 635.0)(478.1, 635.0)(478.1, 688.0)(474.1, 688.0);SD
Module:M7
Boundary:(35.7, 665.4)(35.7, 553.9)(77.4, 553.9)(77.4, 520.4)(136.7, 520.4)(136.7, 665.4);GATE
Port:(126.7, 534.9)(136.7, 534.9)(136.7, 650.9)(126.7, 650.9);SD
Port:(35.7, 665.4)(35.7, 553.9)(77.4, 553.9)(77.4, 520.4)(121.7, 520.4)(121.7, 665.4);GATE
Port:(40.7, 568.4)(44.7, 568.4)(44.7, 655.4)(40.7, 655.4);SD
Module:M6
Boundary:(490.3, 737.6)(490.3, 590.1)(506.3, 590.1)(506.3, 574.6)(657.3, 574.6)(657.3, 737.6);GATE
Port:(647.3, 589.1)(657.3, 589.1)(657.3, 723.1)(647.3, 723.1);SD
Port:(490.3, 737.6)(490.3, 590.1)(506.3, 590.1)(506.3, 574.6)(642.3, 574.6)(642.3, 737.6);GATE
Port:(495.3, 604.6)(499.3, 604.6)(499.3, 727.6)(495.3, 727.6);SD
