Area:(-20.0, 14.5)(538.5, 14.5)(538.5, 1314.8)(-20.0, 1314.8)
Rule:GATE(5,5);SD(5,5);GATE_SD(0.5);GATE_ITO(0.5);SD_ITO(0.5)
Module:M5
Boundary:(496.1, 145.9)(384.6, 145.9)(384.6, 111.9)(333.1, 111.9)(333.1, 72.9)(496.1, 72.9);GATE
Port:(347.6, 72.9)(481.6, 72.9)(481.6, 82.9)(347.6, 82.9);SD
Port:(496.1, 145.9)(384.6, 145.9)(384.6, 111.9)(333.1, 111.9)(333.1, 87.9)(496.1, 87.9);GATE
Port:(399.1, 136.9)(486.1, 136.9)(486.1, 140.9)(399.1, 140.9);SD
Module:M7
Boundary:(150.8, 61.5)(74.8, 61.5)(74.8, 69.5)(59.8, 69.5)(59.8, 143.5)(150.8, 143.5);GATE
Port:(74.3, 133.5)(136.3, 133.5)(136.3, 143.5)(74.3, 143.5);SD
Port:(150.8, 61.5)(74.8, 61.5)(74.8, 69.5)(59.8, 69.5)(59.8, 128.5)(150.8, 128.5);GATE
Port:(89.8, 66.5)(140.8, 66.5)(140.8, 70.5)(89.8, 70.5);SD
Module:M20
Boundary:(151.0, 145.5)(151.0, 69.5)(159.0, 69.5)(159.0, 54.5)(307.0, 54.5)(307.0, 145.5);GATE
Port:(297.0, 69.0)(307.0, 69.0)(307.0, 131.0)(297.0, 131.0);SD
Port:(151.0, 145.5)(151.0, 69.5)(159.0, 69.5)(159.0, 54.5)(292.0, 54.5)(292.0, 145.5);GATE
Port:(156.0, 84.5)(160.0, 84.5)(160.0, 135.5)(156.0, 135.5);SD
Module:M13
Boundary:(145.6, 151.8)(145.6, 281.3)(225.4, 281.3)(225.4, 314.8)(320.6, 314.8)(320.6, 151.8);GATE
Port:(310.6, 166.3)(320.6, 166.3)(320.6, 300.3)(310.6, 300.3);SD
Port:(145.6, 151.8)(145.6, 281.3)(225.4, 281.3)(225.4, 314.8)(305.6, 314.8)(305.6, 151.8);GATE
Port:(150.6, 161.8)(154.6, 161.8)(154.6, 266.8)(150.6, 266.8);SD
Module:M17
Boundary:(470.7, 328.8)(470.7, 181.3)(411.0, 181.3)(411.0, 147.8)(337.7, 147.8)(337.7, 328.8);GATE
Port:(337.7, 162.3)(347.7, 162.3)(347.7, 314.3)(337.7, 314.3);SD
Port:(470.7, 328.8)(470.7, 181.3)(411.0, 181.3)(411.0, 147.8)(352.7, 147.8)(352.7, 328.8);GATE
Port:(461.7, 195.8)(465.7, 195.8)(465.7, 318.8)(461.7, 318.8);SD
Module:M25
Boundary:(48.0, 167.5)(124.0, 167.5)(124.0, 175.5)(139.0, 175.5)(139.0, 341.5)(48.0, 341.5);GATE
Port:(62.5, 331.5)(124.5, 331.5)(124.5, 341.5)(62.5, 341.5);SD
Port:(48.0, 167.5)(124.0, 167.5)(124.0, 175.5)(139.0, 175.5)(139.0, 326.5)(48.0, 326.5);GATE
Port:(58.0, 172.5)(109.0, 172.5)(109.0, 176.5)(58.0, 176.5);SD
Module:M10
Boundary:(498.3, 387.6)(425.3, 387.6)(425.3, 529.6)(498.3, 529.6);GATE
Port:(439.8, 519.6)(483.8, 519.6)(483.8, 529.6)(439.8, 529.6);SD
Port:(498.3, 387.6)(425.3, 387.6)(425.3, 514.6)(498.3, 514.6);GATE
Port:(435.3, 392.6)(488.3, 392.6)(488.3, 396.6)(435.3, 396.6);SD
Module:M24
Boundary:(296.9, 366.4)(372.9, 366.4)(372.9, 374.4)(387.9, 374.4)(387.9, 556.4)(296.9, 556.4);GATE
Port:(311.4, 546.4)(373.4, 546.4)(373.4, 556.4)(311.4, 556.4);SD
Port:(296.9, 366.4)(372.9, 366.4)(372.9, 374.4)(387.9, 374.4)(387.9, 541.4)(296.9, 541.4);GATE
Port:(306.9, 371.4)(357.9, 371.4)(357.9, 375.4)(306.9, 375.4);SD
Module:M12
Boundary:(20.0, 560.8)(131.5, 560.8)(131.5, 548.8)(147.0, 548.8)(147.0, 366.8)(20.0, 366.8);GATE
Port:(34.5, 366.8)(132.5, 366.8)(132.5, 376.8)(34.5, 376.8);SD
Port:(20.0, 560.8)(131.5, 560.8)(131.5, 548.8)(147.0, 548.8)(147.0, 381.8)(20.0, 381.8);GATE
Port:(30.0, 551.8)(117.0, 551.8)(117.0, 555.8)(30.0, 555.8);SD
Module:M15
Boundary:(274.5, 370.9)(274.5, 518.4)(235.0, 518.4)(235.0, 569.9)(193.5, 569.9)(193.5, 370.9);GATE
Port:(193.5, 385.4)(203.5, 385.4)(203.5, 555.4)(193.5, 555.4);SD
Port:(274.5, 370.9)(274.5, 518.4)(235.0, 518.4)(235.0, 569.9)(208.5, 569.9)(208.5, 370.9);GATE
Port:(265.5, 380.9)(269.5, 380.9)(269.5, 503.9)(265.5, 503.9);SD
Module:M8
Boundary:(480.6, 536.0)(407.6, 536.0)(407.6, 696.0)(480.6, 696.0);GATE
Port:(422.1, 686.0)(466.1, 686.0)(466.1, 696.0)(422.1, 696.0);SD
Port:(480.6, 536.0)(407.6, 536.0)(407.6, 681.0)(480.6, 681.0);GATE
Port:(417.6, 541.0)(470.6, 541.0)(470.6, 545.0)(417.6, 545.0);SD
Module:M4
Boundary:(356.6, 759.2)(283.6, 759.2)(283.6, 626.2)(356.6, 626.2);GATE
Port:(298.1, 626.2)(342.1, 626.2)(342.1, 636.2)(298.1, 636.2);SD
Port:(356.6, 759.2)(283.6, 759.2)(283.6, 641.2)(356.6, 641.2);GATE
Port:(293.6, 750.2)(346.6, 750.2)(346.6, 754.2)(293.6, 754.2);SD
Module:M19
Boundary:(263.9, 706.4)(134.4, 706.4)(134.4, 692.4)(118.9, 692.4)(118.9, 577.4)(263.9, 577.4);GATE
Port:(133.4, 577.4)(249.4, 577.4)(249.4, 587.4)(133.4, 587.4);SD
Port:(263.9, 706.4)(134.4, 706.4)(134.4, 692.4)(118.9, 692.4)(118.9, 592.4)(263.9, 592.4);GATE
Port:(148.9, 697.4)(253.9, 697.4)(253.9, 701.4)(148.9, 701.4);SD
Module:M16
Boundary:(118.5, 723.3)(45.5, 723.3)(45.5, 574.3)(118.5, 574.3);GATE
Port:(60.0, 574.3)(104.0, 574.3)(104.0, 584.3)(60.0, 584.3);SD
Port:(118.5, 723.3)(45.5, 723.3)(45.5, 589.3)(118.5, 589.3);GATE
Port:(55.5, 714.3)(108.5, 714.3)(108.5, 718.3)(55.5, 718.3);SD
Module:M1
Boundary:(20.0, 738.7)(131.5, 738.7)(131.5, 750.7)(147.0, 750.7)(147.0, 809.7)(20.0, 809.7);GATE
Port:(34.5, 799.7)(132.5, 799.7)(132.5, 809.7)(34.5, 809.7);SD
Port:(20.0, 738.7)(131.5, 738.7)(131.5, 750.7)(147.0, 750.7)(147.0, 794.7)(20.0, 794.7);GATE
Port:(30.0, 743.7)(117.0, 743.7)(117.0, 747.7)(30.0, 747.7);SD
Module:M2
Boundary:(381.0, 912.0)(381.0, 818.5)(255.2, 818.5)(255.2, 749.0)(187.0, 749.0)(187.0, 912.0);GATE
Port:(187.0, 763.5)(197.0, 763.5)(197.0, 897.5)(187.0, 897.5);SD
Port:(381.0, 912.0)(381.0, 818.5)(255.2, 818.5)(255.2, 749.0)(202.0, 749.0)(202.0, 912.0);GATE
Port:(372.0, 833.0)(376.0, 833.0)(376.0, 902.0)(372.0, 902.0);SD
Module:M21
Boundary:(487.7, 716.9)(411.6, 716.9)(411.6, 724.9)(396.7, 724.9)(396.7, 911.9)(487.7, 911.9);GATE
Port:(411.2, 901.9)(473.2, 901.9)(473.2, 911.9)(411.2, 911.9);SD
Port:(487.7, 716.9)(411.6, 716.9)(411.6, 724.9)(396.7, 724.9)(396.7, 896.9)(487.7, 896.9);GATE
Port:(426.7, 721.9)(477.7, 721.9)(477.7, 725.9)(426.7, 725.9);SD
Module:M22
Boundary:(183.7, 890.0)(72.2, 890.0)(72.2, 902.0)(56.7, 902.0)(56.7, 976.0)(183.7, 976.0);GATE
Port:(71.2, 966.0)(169.2, 966.0)(169.2, 976.0)(71.2, 976.0);SD
Port:(183.7, 890.0)(72.2, 890.0)(72.2, 902.0)(56.7, 902.0)(56.7, 961.0)(183.7, 961.0);GATE
Port:(86.7, 895.0)(173.7, 895.0)(173.7, 899.0)(86.7, 899.0);SD
Module:M3
Boundary:(208.4, 931.2)(355.9, 931.2)(355.9, 947.2)(371.4, 947.2)(371.4, 1000.2)(208.4, 1000.2);GATE
Port:(222.9, 990.2)(356.9, 990.2)(356.9, 1000.2)(222.9, 1000.2);SD
Port:(208.4, 931.2)(355.9, 931.2)(355.9, 947.2)(371.4, 947.2)(371.4, 985.2)(208.4, 985.2);GATE
Port:(218.4, 936.2)(341.4, 936.2)(341.4, 940.2)(218.4, 940.2);SD
Module:M11
Boundary:(30.8, 1088.8)(142.3, 1088.8)(142.3, 1076.8)(157.8, 1076.8)(157.8, 978.8)(30.8, 978.8);GATE
Port:(45.3, 978.8)(143.3, 978.8)(143.3, 988.8)(45.3, 988.8);SD
Port:(30.8, 1088.8)(142.3, 1088.8)(142.3, 1076.8)(157.8, 1076.8)(157.8, 993.8)(30.8, 993.8);GATE
Port:(40.8, 1079.8)(127.8, 1079.8)(127.8, 1083.8)(40.8, 1083.8);SD
Module:M23
Boundary:(371.5, 948.1)(447.0, 948.1)(447.0, 1003.2)(498.5, 1003.2)(498.5, 1133.1)(371.5, 1133.1);GATE
Port:(386.0, 1123.1)(484.0, 1123.1)(484.0, 1133.1)(386.0, 1133.1);SD
Port:(371.5, 948.1)(447.0, 948.1)(447.0, 1003.2)(498.5, 1003.2)(498.5, 1118.1)(371.5, 1118.1);GATE
Port:(381.5, 953.1)(432.5, 953.1)(432.5, 957.1)(381.5, 957.1);SD
Module:M14
Boundary:(172.6, 1048.6)(320.1, 1048.6)(320.1, 1070.6)(335.6, 1070.6)(335.6, 1154.6)(172.6, 1154.6);GATE
Port:(187.1, 1144.6)(321.1, 1144.6)(321.1, 1154.6)(187.1, 1154.6);SD
Port:(172.6, 1048.6)(320.1, 1048.6)(320.1, 1070.6)(335.6, 1070.6)(335.6, 1139.6)(172.6, 1139.6);GATE
Port:(182.6, 1053.6)(305.6, 1053.6)(305.6, 1057.6)(182.6, 1057.6);SD
Module:M6
Boundary:(68.0, 1118.8)(144.0, 1118.8)(144.0, 1126.8)(159.0, 1126.8)(159.0, 1261.8)(68.0, 1261.8);GATE
Port:(82.5, 1251.8)(144.5, 1251.8)(144.5, 1261.8)(82.5, 1261.8);SD
Port:(68.0, 1118.8)(144.0, 1118.8)(144.0, 1126.8)(159.0, 1126.8)(159.0, 1246.8)(68.0, 1246.8);GATE
Port:(78.0, 1123.8)(129.0, 1123.8)(129.0, 1127.8)(78.0, 1127.8);SD
Module:M9
Boundary:(296.4, 1274.8)(296.4, 1198.8)(288.4, 1198.8)(288.4, 1183.8)(168.4, 1183.8)(168.4, 1274.8);GATE
Port:(168.4, 1198.3)(178.4, 1198.3)(178.4, 1260.3)(168.4, 1260.3);SD
Port:(296.4, 1274.8)(296.4, 1198.8)(288.4, 1198.8)(288.4, 1183.8)(183.4, 1183.8)(183.4, 1274.8);GATE
Port:(287.4, 1213.8)(291.4, 1213.8)(291.4, 1264.8)(287.4, 1264.8);SD
Module:M18
Boundary:(493.9, 1270.5)(493.9, 1194.5)(485.9, 1194.5)(485.9, 1179.5)(296.9, 1179.5)(296.9, 1270.5);GATE
Port:(296.9, 1194.0)(306.9, 1194.0)(306.9, 1256.0)(296.9, 1256.0);SD
Port:(493.9, 1270.5)(493.9, 1194.5)(485.9, 1194.5)(485.9, 1179.5)(311.9, 1179.5)(311.9, 1270.5);GATE
Port:(484.9, 1209.5)(488.9, 1209.5)(488.9, 1260.5)(484.9, 1260.5);SD
