Area:(-20.0, -20.0)(469.0, -20.0)(469.0, 300.0)(-20.0, 300.0)
Rule:GATE(5,5);SD(5,5);GATE_SD(0.5);GATE_ITO(0.5);SD_ITO(0.5)
Module:M5
Boundary:(326.0, 20.0)(326.0, 96.0)(318.0, 96.0)(318.0, 111.0)(151.0, 111.0)(151.0, 20.0);GATE
Port:(151.0, 34.5)(161.0, 34.5)(161.0, 96.5)(151.0, 96.5);SD
Port:(326.0, 20.0)(326.0, 96.0)(318.0, 96.0)(318.0, 111.0)(166.0, 111.0)(166.0, 20.0);GATE
Port:(317.0, 30.0)(321.0, 30.0)(321.0, 81.0)(317.0, 81.0);SD
Module:M1
Boundary:(20.0, 154.0)(167.5, 154.0)(167.5, 170.0)(183.0, 170.0)(183.0, 251.0)(20.0, 251.0);GATE
Port:(34.5, 241.0)(168.5, 241.0)(168.5, 251.0)(34.5, 251.0);SD
Port:(20.0, 154.0)(167.5, 154.0)(167.5, 170.0)(183.0, 170.0)(183.0, 236.0)(20.0, 236.0);GATE
Port:(30.0, 159.0)(153.0, 159.0)(153.0, 163.0)(30.0, 163.0);SD
Module:M2
Boundary:(429.0, 20.0)(429.0, 113.5)(404.0, 113.5)(404.0, 147.0)(366.0, 147.0)(366.0, 20.0);GATE
Port:(366.0, 34.5)(376.0, 34.5)(376.0, 132.5)(366.0, 132.5);SD
Port:(429.0, 20.0)(429.0, 113.5)(404.0, 113.5)(404.0, 147.0)(381.0, 147.0)(381.0, 20.0);GATE
Port:(420.0, 30.0)(424.0, 30.0)(424.0, 99.0)(420.0, 99.0);SD
Module:M3
Boundary:(20.0, 20.0)(96.0, 20.0)(96.0, 28.0)(111.0, 28.0)(111.0, 114.0)(20.0, 114.0);GATE
Port:(34.5, 104.0)(96.5, 104.0)(96.5, 114.0)(34.5, 114.0);SD
Port:(20.0, 20.0)(96.0, 20.0)(96.0, 28.0)(111.0, 28.0)(111.0, 99.0)(20.0, 99.0);GATE
Port:(30.0, 25.0)(81.0, 25.0)(81.0, 29.0)(30.0, 29.0);SD
Module:M4
Boundary:(416.0, 187.0)(416.0, 260.0)(223.0, 260.0)(223.0, 187.0);GATE
Port:(223.0, 201.5)(233.0, 201.5)(233.0, 245.5)(223.0, 245.5);SD
Port:(416.0, 187.0)(416.0, 260.0)(238.0, 260.0)(238.0, 187.0);GATE
Port:(407.0, 197.0)(411.0, 197.0)(411.0, 250.0)(407.0, 250.0);SD
