Area:(-20.0, -20.0)(602.1, -20.0)(602.1, 475.9)(-20.0, 475.9)
Rule:GATE(5,5);SD(5,5);GATE_SD(0.5);GATE_ITO(0.5);SD_ITO(0.5)
Module:M9
Boundary:(109.8, 156.6)(109.8, 201.2)(109.8, 201.2)(109.8, 216.1)(20.0, 216.1)(20.0, 156.6);GATE
Port:(20.0, 168.3)(24.8, 168.3)(24.8, 204.4)(20.0, 204.4);SD
Port:(109.8, 156.6)(109.8, 201.2)(109.8, 201.2)(109.8, 216.1)(26.6, 216.1)(26.6, 156.6);GATE
Port:(100.8, 162.2)(105.2, 162.2)(105.2, 195.6)(100.8, 195.6);SD
Module:M5
Boundary:(552.9, 365.2)(552.9, 411.3)(552.8, 411.3)(552.8, 426.2)(440.2, 426.2)(440.2, 365.2);GATE
Port:(440.2, 377.4)(445.2, 377.4)(445.2, 414.0)(440.2, 414.0);SD
Port:(552.9, 365.2)(552.9, 411.3)(552.8, 411.3)(552.8, 426.2)(447.7, 426.2)(447.7, 365.2);GATE
Port:(543.0, 370.8)(548.3, 370.8)(548.3, 405.7)(543.0, 405.7);SD
Module:M1
Boundary:(562.1, 183.0)(562.1, 296.6)(562.0, 296.6)(562.0, 315.2)(364.2, 315.2)(364.2, 183.0);GATE
Port:(364.2, 199.1)(368.7, 199.1)(368.7, 299.1)(364.2, 299.1);SD
Port:(562.1, 183.0)(562.1, 296.6)(562.0, 296.6)(562.0, 315.2)(370.1, 315.2)(370.1, 183.0);GATE
Port:(549.4, 189.6)(556.5, 189.6)(556.5, 290.0)(549.4, 290.0);SD
Module:M6
Boundary:(213.0, 20.0)(283.3, 20.0)(283.3, 60.6)(298.0, 60.6)(298.0, 179.4)(213.0, 179.4);GATE
Port:(226.8, 174.3)(284.2, 174.3)(284.2, 179.4)(226.8, 179.4);SD
Port:(213.0, 20.0)(283.3, 20.0)(283.3, 60.6)(298.0, 60.6)(298.0, 172.3)(213.0, 172.3);GATE
Port:(219.6, 25.6)(274.7, 25.6)(274.7, 31.6)(219.6, 31.6);SD
Module:M2
Boundary:(390.2, 363.4)(390.2, 420.2)(324.5, 420.2)(324.5, 432.2)(255.9, 432.2)(255.9, 363.4);GATE
Port:(255.9, 375.1)(260.4, 375.1)(260.4, 420.5)(255.9, 420.5);SD
Port:(390.2, 363.4)(390.2, 420.2)(324.5, 420.2)(324.5, 432.2)(262.7, 432.2)(262.7, 363.4);GATE
Port:(380.2, 368.8)(385.8, 368.8)(385.8, 413.8)(380.2, 413.8);SD
Module:M10
Boundary:(552.0, 30.0)(552.0, 119.8)(443.7, 119.8)(443.7, 133.0)(348.0, 133.0)(348.0, 30.0);GATE
Port:(348.0, 42.0)(353.6, 42.0)(353.6, 121.0)(348.0, 121.0);SD
Port:(552.0, 30.0)(552.0, 119.8)(443.7, 119.8)(443.7, 133.0)(356.2, 133.0)(356.2, 30.0);GATE
Port:(541.6, 36.3)(546.7, 36.3)(546.7, 112.5)(541.6, 112.5);SD
Module:M7
Boundary:(215.9, 369.7)(215.9, 435.9)(20.0, 435.9)(20.0, 369.7);GATE
Port:(20.0, 382.9)(25.0, 382.9)(25.0, 422.7)(20.0, 422.7);SD
Port:(215.9, 369.7)(215.9, 435.9)(26.8, 435.9)(26.8, 369.7);GATE
Port:(205.1, 376.0)(210.6, 376.0)(210.6, 429.6)(205.1, 429.6);SD
Module:M3
Boundary:(173.0, 20.0)(173.0, 116.6)(20.0, 116.6)(20.0, 20.0);GATE
Port:(20.0, 33.3)(24.8, 33.3)(24.8, 103.3)(20.0, 103.3);SD
Port:(173.0, 20.0)(173.0, 116.6)(26.3, 116.6)(26.3, 20.0);GATE
Port:(162.0, 25.9)(168.1, 25.9)(168.1, 110.7)(162.0, 110.7);SD
Module:M8
Boundary:(20.0, 256.1)(99.2, 256.1)(99.2, 284.8)(113.3, 284.8)(113.3, 329.7)(20.0, 329.7);GATE
Port:(33.1, 323.8)(100.2, 323.8)(100.2, 329.7)(33.1, 329.7);SD
Port:(20.0, 256.1)(99.2, 256.1)(99.2, 284.8)(113.3, 284.8)(113.3, 321.1)(20.0, 321.1);GATE
Port:(25.9, 261.0)(92.3, 261.0)(92.3, 266.6)(25.9, 266.6);SD
Module:M4
Boundary:(324.2, 219.4)(324.2, 310.5)(281.3, 310.5)(281.3, 323.4)(153.3, 323.4)(153.3, 219.4);GATE
Port:(153.3, 233.4)(158.4, 233.4)(158.4, 309.4)(153.3, 309.4);SD
Port:(324.2, 219.4)(324.2, 310.5)(281.3, 310.5)(281.3, 323.4)(161.2, 323.4)(161.2, 219.4);GATE
Port:(311.8, 226.0)(318.6, 226.0)(318.6, 302.9)(311.8, 302.9);SD
