Area:(-7.1, -20.0)(1372.0, -20.0)(1372.0, 1098.1)(-7.1, 1098.1)
Rule:GATE(5,5);SD(5,5);GATE_SD(0.5);GATE_ITO(0.5);SD_ITO(0.5)
Module:M33
Boundary:(1104.6, 39.3)(1177.6, 39.3)(1177.6, 112.3)(1104.6, 112.3);GATE
Port:(1119.1, 102.3)(1163.1, 102.3)(1163.1, 112.3)(1119.1, 112.3);SD
Port:(1104.6, 39.3)(1177.6, 39.3)(1177.6, 97.3)(1104.6, 97.3);GATE
Port:(1114.6, 44.3)(1167.6, 44.3)(1167.6, 48.3)(1114.6, 48.3);SD
Module:M16
Boundary:(851.7, 44.1)(924.7, 44.1)(924.7, 121.1)(851.7, 121.1);GATE
Port:(866.2, 111.1)(910.2, 111.1)(910.2, 121.1)(866.2, 121.1);SD
Port:(851.7, 44.1)(924.7, 44.1)(924.7, 106.1)(851.7, 106.1);GATE
Port:(861.7, 49.1)(914.7, 49.1)(914.7, 53.1)(861.7, 53.1);SD
Module:M18
Boundary:(1038.5, 52.9)(1038.5, 146.4)(1028.5, 146.4)(1028.5, 161.9)(961.5, 161.9)(961.5, 52.9);GATE
Port:(961.5, 67.4)(971.5, 67.4)(971.5, 147.4)(961.5, 147.4);SD
Port:(1038.5, 52.9)(1038.5, 146.4)(1028.5, 146.4)(1028.5, 161.9)(976.5, 161.9)(976.5, 52.9);GATE
Port:(1029.5, 62.9)(1033.5, 62.9)(1033.5, 131.9)(1029.5, 131.9);SD
Module:M43
Boundary:(400.8, 55.5)(400.8, 203.0)(384.7, 203.0)(384.7, 218.5)(278.8, 218.5)(278.8, 55.5);GATE
Port:(278.8, 70.0)(288.8, 70.0)(288.8, 204.0)(278.8, 204.0);SD
Port:(400.8, 55.5)(400.8, 203.0)(384.7, 203.0)(384.7, 218.5)(293.8, 218.5)(293.8, 55.5);GATE
Port:(391.8, 65.5)(395.8, 65.5)(395.8, 188.5)(391.8, 188.5);SD
Module:M22
Boundary:(554.3, 48.3)(647.8, 48.3)(647.8, 85.1)(717.3, 85.1)(717.3, 211.3)(554.3, 211.3);GATE
Port:(568.8, 201.3)(702.8, 201.3)(702.8, 211.3)(568.8, 211.3);SD
Port:(554.3, 48.3)(647.8, 48.3)(647.8, 85.1)(717.3, 85.1)(717.3, 196.3)(554.3, 196.3);GATE
Port:(564.3, 53.3)(633.3, 53.3)(633.3, 57.3)(564.3, 57.3);SD
Module:M14
Boundary:(1215.5, 20.0)(1291.5, 20.0)(1291.5, 28.0)(1306.5, 28.0)(1306.5, 198.0)(1215.5, 198.0);GATE
Port:(1230.0, 188.0)(1292.0, 188.0)(1292.0, 198.0)(1230.0, 198.0);SD
Port:(1215.5, 20.0)(1291.5, 20.0)(1291.5, 28.0)(1306.5, 28.0)(1306.5, 183.0)(1215.5, 183.0);GATE
Port:(1225.5, 25.0)(1276.5, 25.0)(1276.5, 29.0)(1225.5, 29.0);SD
Module:M12
Boundary:(724.9, 20.0)(797.9, 20.0)(797.9, 203.0)(724.9, 203.0);GATE
Port:(739.4, 193.0)(783.4, 193.0)(783.4, 203.0)(739.4, 203.0);SD
Port:(724.9, 20.0)(797.9, 20.0)(797.9, 188.0)(724.9, 188.0);GATE
Port:(734.9, 25.0)(787.9, 25.0)(787.9, 29.0)(734.9, 29.0);SD
Module:M8
Boundary:(413.0, 59.1)(506.5, 59.1)(506.5, 69.1)(522.0, 69.1)(522.0, 245.1)(413.0, 245.1);GATE
Port:(427.5, 235.1)(507.5, 235.1)(507.5, 245.1)(427.5, 245.1);SD
Port:(413.0, 59.1)(506.5, 59.1)(506.5, 69.1)(522.0, 69.1)(522.0, 230.1)(413.0, 230.1);GATE
Port:(423.0, 64.1)(492.0, 64.1)(492.0, 68.1)(423.0, 68.1);SD
Module:M34
Boundary:(833.8, 150.2)(906.8, 150.2)(906.8, 320.2)(833.8, 320.2);GATE
Port:(848.3, 310.2)(892.3, 310.2)(892.3, 320.2)(848.3, 320.2);SD
Port:(833.8, 150.2)(906.8, 150.2)(906.8, 305.2)(833.8, 305.2);GATE
Port:(843.8, 155.2)(896.8, 155.2)(896.8, 159.2)(843.8, 159.2);SD
Module:M41
Boundary:(748.4, 252.0)(821.4, 252.0)(821.4, 324.0)(748.4, 324.0);GATE
Port:(762.9, 314.0)(806.9, 314.0)(806.9, 324.0)(762.9, 324.0);SD
Port:(748.4, 252.0)(821.4, 252.0)(821.4, 309.0)(748.4, 309.0);GATE
Port:(758.4, 257.0)(811.4, 257.0)(811.4, 261.0)(758.4, 261.0);SD
Module:M2
Boundary:(532.7, 253.0)(532.7, 326.0)(429.7, 326.0)(429.7, 253.0);GATE
Port:(429.7, 267.5)(439.7, 267.5)(439.7, 311.5)(429.7, 311.5);SD
Port:(532.7, 253.0)(532.7, 326.0)(444.7, 326.0)(444.7, 253.0);GATE
Port:(523.7, 263.0)(527.7, 263.0)(527.7, 316.0)(523.7, 316.0);SD
Module:M21
Boundary:(1307.5, 242.3)(1307.5, 318.3)(1299.5, 318.3)(1299.5, 333.3)(1213.5, 333.3)(1213.5, 242.3);GATE
Port:(1213.5, 256.8)(1223.5, 256.8)(1223.5, 318.8)(1213.5, 318.8);SD
Port:(1307.5, 242.3)(1307.5, 318.3)(1299.5, 318.3)(1299.5, 333.3)(1228.5, 333.3)(1228.5, 242.3);GATE
Port:(1298.5, 252.3)(1302.5, 252.3)(1302.5, 303.3)(1298.5, 303.3);SD
Module:M11
Boundary:(251.0, 236.6)(344.5, 236.6)(344.5, 246.7)(360.0, 246.7)(360.0, 343.6)(251.0, 343.6);GATE
Port:(265.5, 333.6)(345.5, 333.6)(345.5, 343.6)(265.5, 343.6);SD
Port:(251.0, 236.6)(344.5, 236.6)(344.5, 246.7)(360.0, 246.7)(360.0, 328.6)(251.0, 328.6);GATE
Port:(261.0, 241.6)(330.0, 241.6)(330.0, 245.6)(261.0, 245.6);SD
Module:M20
Boundary:(946.6, 228.9)(1094.1, 228.9)(1094.1, 312.9)(1145.6, 312.9)(1145.6, 374.9)(946.6, 374.9);GATE
Port:(961.1, 364.9)(1131.1, 364.9)(1131.1, 374.9)(961.1, 374.9);SD
Port:(946.6, 228.9)(1094.1, 228.9)(1094.1, 312.9)(1145.6, 312.9)(1145.6, 359.9)(946.6, 359.9);GATE
Port:(956.6, 233.9)(1079.6, 233.9)(1079.6, 237.9)(956.6, 237.9);SD
Module:M40
Boundary:(711.0, 248.5)(711.0, 342.0)(701.0, 342.0)(701.0, 357.5)(572.0, 357.5)(572.0, 248.5);GATE
Port:(572.0, 263.0)(582.0, 263.0)(582.0, 343.0)(572.0, 343.0);SD
Port:(711.0, 248.5)(711.0, 342.0)(701.0, 342.0)(701.0, 357.5)(587.0, 357.5)(587.0, 248.5);GATE
Port:(702.0, 258.5)(706.0, 258.5)(706.0, 327.5)(702.0, 327.5);SD
Module:M28
Boundary:(223.9, 138.6)(223.9, 232.1)(110.9, 232.1)(110.9, 463.6)(32.9, 463.6)(32.9, 138.6);GATE
Port:(32.9, 153.1)(42.9, 153.1)(42.9, 449.1)(32.9, 449.1);SD
Port:(223.9, 138.6)(223.9, 232.1)(110.9, 232.1)(110.9, 463.6)(47.9, 463.6)(47.9, 138.6);GATE
Port:(214.9, 148.6)(218.9, 148.6)(218.9, 217.6)(214.9, 217.6);SD
Module:M44
Boundary:(1317.2, 369.0)(1317.2, 445.0)(1309.2, 445.0)(1309.2, 460.0)(1234.2, 460.0)(1234.2, 369.0);GATE
Port:(1234.2, 383.5)(1244.2, 383.5)(1244.2, 445.5)(1234.2, 445.5);SD
Port:(1317.2, 369.0)(1317.2, 445.0)(1309.2, 445.0)(1309.2, 460.0)(1249.2, 460.0)(1249.2, 369.0);GATE
Port:(1308.2, 379.0)(1312.2, 379.0)(1312.2, 430.0)(1308.2, 430.0);SD
Module:M3
Boundary:(694.0, 414.3)(694.0, 507.8)(684.0, 507.8)(684.0, 523.3)(562.0, 523.3)(562.0, 414.3);GATE
Port:(562.0, 428.8)(572.0, 428.8)(572.0, 508.8)(562.0, 508.8);SD
Port:(694.0, 414.3)(694.0, 507.8)(684.0, 507.8)(684.0, 523.3)(577.0, 523.3)(577.0, 414.3);GATE
Port:(685.0, 424.3)(689.0, 424.3)(689.0, 493.3)(685.0, 493.3);SD
Module:M25
Boundary:(761.0, 392.5)(908.5, 392.5)(908.5, 408.5)(924.0, 408.5)(924.0, 539.5)(761.0, 539.5);GATE
Port:(775.5, 529.5)(909.5, 529.5)(909.5, 539.5)(775.5, 539.5);SD
Port:(761.0, 392.5)(908.5, 392.5)(908.5, 408.5)(924.0, 408.5)(924.0, 524.5)(761.0, 524.5);GATE
Port:(771.0, 397.5)(894.0, 397.5)(894.0, 401.5)(771.0, 401.5);SD
Module:M31
Boundary:(924.8, 386.5)(1000.8, 386.5)(1000.8, 394.5)(1015.8, 394.5)(1015.8, 544.5)(924.8, 544.5);GATE
Port:(939.3, 534.5)(1001.3, 534.5)(1001.3, 544.5)(939.3, 544.5);SD
Port:(924.8, 386.5)(1000.8, 386.5)(1000.8, 394.5)(1015.8, 394.5)(1015.8, 529.5)(924.8, 529.5);GATE
Port:(934.8, 391.5)(985.8, 391.5)(985.8, 395.5)(934.8, 395.5);SD
Module:M6
Boundary:(295.5, 409.4)(389.0, 409.4)(389.0, 419.5)(404.5, 419.5)(404.5, 578.4)(295.5, 578.4);GATE
Port:(310.0, 568.4)(390.0, 568.4)(390.0, 578.4)(310.0, 578.4);SD
Port:(295.5, 409.4)(389.0, 409.4)(389.0, 419.5)(404.5, 419.5)(404.5, 563.4)(295.5, 563.4);GATE
Port:(305.5, 414.4)(374.5, 414.4)(374.5, 418.4)(305.5, 418.4);SD
Module:M24
Boundary:(1058.1, 375.0)(1151.6, 375.0)(1151.6, 385.0)(1167.1, 385.0)(1167.1, 543.0)(1058.1, 543.0);GATE
Port:(1072.6, 533.0)(1152.6, 533.0)(1152.6, 543.0)(1072.6, 543.0);SD
Port:(1058.1, 375.0)(1151.6, 375.0)(1151.6, 385.0)(1167.1, 385.0)(1167.1, 528.0)(1058.1, 528.0);GATE
Port:(1068.1, 380.0)(1137.1, 380.0)(1137.1, 384.0)(1068.1, 384.0);SD
Module:M26
Boundary:(431.2, 326.1)(507.2, 326.1)(507.2, 334.1)(522.2, 334.1)(522.2, 521.1)(431.2, 521.1);GATE
Port:(445.7, 511.1)(507.7, 511.1)(507.7, 521.1)(445.7, 521.1);SD
Port:(431.2, 326.1)(507.2, 326.1)(507.2, 334.1)(522.2, 334.1)(522.2, 506.1)(431.2, 506.1);GATE
Port:(441.2, 331.1)(492.2, 331.1)(492.2, 335.1)(441.2, 335.1);SD
Module:M1
Boundary:(1229.9, 506.7)(1302.9, 506.7)(1302.9, 602.7)(1229.9, 602.7);GATE
Port:(1244.4, 592.7)(1288.4, 592.7)(1288.4, 602.7)(1244.4, 602.7);SD
Port:(1229.9, 506.7)(1302.9, 506.7)(1302.9, 587.7)(1229.9, 587.7);GATE
Port:(1239.9, 511.7)(1292.9, 511.7)(1292.9, 515.7)(1239.9, 515.7);SD
Module:M36
Boundary:(237.2, 376.3)(237.2, 469.8)(90.5, 469.8)(90.5, 593.3)(38.2, 593.3)(38.2, 376.3);GATE
Port:(38.2, 390.8)(48.2, 390.8)(48.2, 578.8)(38.2, 578.8);SD
Port:(237.2, 376.3)(237.2, 469.8)(90.5, 469.8)(90.5, 593.3)(53.2, 593.3)(53.2, 376.3);GATE
Port:(228.2, 386.3)(232.2, 386.3)(232.2, 455.3)(228.2, 455.3);SD
Module:M32
Boundary:(897.5, 551.5)(897.5, 645.0)(887.5, 645.0)(887.5, 660.5)(714.5, 660.5)(714.5, 551.5);GATE
Port:(714.5, 566.0)(724.5, 566.0)(724.5, 646.0)(714.5, 646.0);SD
Port:(897.5, 551.5)(897.5, 645.0)(887.5, 645.0)(887.5, 660.5)(729.5, 660.5)(729.5, 551.5);GATE
Port:(888.5, 561.5)(892.5, 561.5)(892.5, 630.5)(888.5, 630.5);SD
Module:M38
Boundary:(599.1, 541.0)(692.6, 541.0)(692.6, 551.0)(708.1, 551.0)(708.1, 670.0)(599.1, 670.0);GATE
Port:(613.6, 660.0)(693.6, 660.0)(693.6, 670.0)(613.6, 670.0);SD
Port:(599.1, 541.0)(692.6, 541.0)(692.6, 551.0)(708.1, 551.0)(708.1, 655.0)(599.1, 655.0);GATE
Port:(609.1, 546.0)(678.1, 546.0)(678.1, 550.0)(609.1, 550.0);SD
Module:M19
Boundary:(898.3, 593.0)(1009.8, 593.0)(1009.8, 693.3)(1097.3, 693.3)(1097.3, 745.0)(898.3, 745.0);GATE
Port:(912.8, 735.0)(1082.8, 735.0)(1082.8, 745.0)(912.8, 745.0);SD
Port:(898.3, 593.0)(1009.8, 593.0)(1009.8, 693.3)(1097.3, 693.3)(1097.3, 730.0)(898.3, 730.0);GATE
Port:(908.3, 598.0)(995.3, 598.0)(995.3, 602.0)(908.3, 602.0);SD
Module:M29
Boundary:(280.8, 579.0)(356.9, 579.0)(356.9, 587.0)(371.8, 587.0)(371.8, 753.0)(280.8, 753.0);GATE
Port:(295.3, 743.0)(357.3, 743.0)(357.3, 753.0)(295.3, 753.0);SD
Port:(280.8, 579.0)(356.9, 579.0)(356.9, 587.0)(371.8, 587.0)(371.8, 738.0)(280.8, 738.0);GATE
Port:(290.8, 584.0)(341.8, 584.0)(341.8, 588.0)(290.8, 588.0);SD
Module:M9
Boundary:(408.7, 612.3)(502.2, 612.3)(502.2, 689.5)(535.7, 689.5)(535.7, 786.3)(408.7, 786.3);GATE
Port:(423.2, 776.3)(521.2, 776.3)(521.2, 786.3)(423.2, 786.3);SD
Port:(408.7, 612.3)(502.2, 612.3)(502.2, 689.5)(535.7, 689.5)(535.7, 771.3)(408.7, 771.3);GATE
Port:(418.7, 617.3)(487.7, 617.3)(487.7, 621.3)(418.7, 621.3);SD
Module:M10
Boundary:(1223.0, 621.0)(1316.5, 621.0)(1316.5, 631.0)(1332.0, 631.0)(1332.0, 788.0)(1223.0, 788.0);GATE
Port:(1237.5, 778.0)(1317.5, 778.0)(1317.5, 788.0)(1237.5, 788.0);SD
Port:(1223.0, 621.0)(1316.5, 621.0)(1316.5, 631.0)(1332.0, 631.0)(1332.0, 773.0)(1223.0, 773.0);GATE
Port:(1233.0, 626.0)(1302.0, 626.0)(1302.0, 630.0)(1233.0, 630.0);SD
Module:M5
Boundary:(751.1, 704.0)(751.1, 761.5)(706.2, 761.5)(706.2, 831.0)(552.1, 831.0)(552.1, 704.0);GATE
Port:(552.1, 718.5)(562.1, 718.5)(562.1, 816.5)(552.1, 816.5);SD
Port:(751.1, 704.0)(751.1, 761.5)(706.2, 761.5)(706.2, 831.0)(567.1, 831.0)(567.1, 704.0);GATE
Port:(742.1, 714.0)(746.1, 714.0)(746.1, 747.0)(742.1, 747.0);SD
Module:M45
Boundary:(288.3, 642.0)(288.3, 717.5)(237.8, 717.5)(237.8, 841.0)(90.3, 841.0)(90.3, 642.0);GATE
Port:(90.3, 656.5)(100.3, 656.5)(100.3, 826.5)(90.3, 826.5);SD
Port:(288.3, 642.0)(288.3, 717.5)(237.8, 717.5)(237.8, 841.0)(105.3, 841.0)(105.3, 642.0);GATE
Port:(279.3, 652.0)(283.3, 652.0)(283.3, 703.0)(279.3, 703.0);SD
Module:M23
Boundary:(772.8, 700.5)(866.3, 700.5)(866.3, 710.5)(881.8, 710.5)(881.8, 840.5)(772.8, 840.5);GATE
Port:(787.3, 830.5)(867.3, 830.5)(867.3, 840.5)(787.3, 840.5);SD
Port:(772.8, 700.5)(866.3, 700.5)(866.3, 710.5)(881.8, 710.5)(881.8, 825.5)(772.8, 825.5);GATE
Port:(782.8, 705.5)(851.8, 705.5)(851.8, 709.5)(782.8, 709.5);SD
Module:M42
Boundary:(292.2, 767.1)(368.2, 767.1)(368.2, 775.1)(383.2, 775.1)(383.2, 829.1)(292.2, 829.1);GATE
Port:(306.7, 819.1)(368.7, 819.1)(368.7, 829.1)(306.7, 829.1);SD
Port:(292.2, 767.1)(368.2, 767.1)(368.2, 775.1)(383.2, 775.1)(383.2, 814.1)(292.2, 814.1);GATE
Port:(302.2, 772.1)(353.2, 772.1)(353.2, 776.1)(302.2, 776.1);SD
Module:M30
Boundary:(882.1, 767.1)(1029.6, 767.1)(1029.6, 783.1)(1045.1, 783.1)(1045.1, 865.1)(882.1, 865.1);GATE
Port:(896.6, 855.1)(1030.6, 855.1)(1030.6, 865.1)(896.6, 865.1);SD
Port:(882.1, 767.1)(1029.6, 767.1)(1029.6, 783.1)(1045.1, 783.1)(1045.1, 850.1)(882.1, 850.1);GATE
Port:(892.1, 772.1)(1015.1, 772.1)(1015.1, 776.1)(892.1, 776.1);SD
Module:M27
Boundary:(401.7, 813.6)(513.2, 813.6)(513.2, 829.6)(528.7, 829.6)(528.7, 894.6)(401.7, 894.6);GATE
Port:(416.2, 884.6)(514.2, 884.6)(514.2, 894.6)(416.2, 894.6);SD
Port:(401.7, 813.6)(513.2, 813.6)(513.2, 829.6)(528.7, 829.6)(528.7, 879.6)(401.7, 879.6);GATE
Port:(411.7, 818.6)(498.7, 818.6)(498.7, 822.6)(411.7, 822.6);SD
Module:M35
Boundary:(47.6, 849.4)(177.1, 849.4)(177.1, 863.4)(192.6, 863.4)(192.6, 923.4)(47.6, 923.4);GATE
Port:(62.1, 913.4)(178.1, 913.4)(178.1, 923.4)(62.1, 923.4);SD
Port:(47.6, 849.4)(177.1, 849.4)(177.1, 863.4)(192.6, 863.4)(192.6, 908.4)(47.6, 908.4);GATE
Port:(57.6, 854.4)(162.6, 854.4)(162.6, 858.4)(57.6, 858.4);SD
Module:M17
Boundary:(878.0, 901.0)(878.0, 1030.5)(864.0, 1030.5)(864.0, 1046.0)(758.0, 1046.0)(758.0, 901.0);GATE
Port:(758.0, 915.5)(768.0, 915.5)(768.0, 1031.5)(758.0, 1031.5);SD
Port:(878.0, 901.0)(878.0, 1030.5)(864.0, 1030.5)(864.0, 1046.0)(773.0, 1046.0)(773.0, 901.0);GATE
Port:(869.0, 911.0)(873.0, 911.0)(873.0, 1016.0)(869.0, 1016.0);SD
Module:M39
Boundary:(1055.9, 838.8)(1185.4, 838.8)(1185.4, 852.8)(1200.9, 852.8)(1200.9, 1034.8)(1055.9, 1034.8);GATE
Port:(1070.4, 1024.8)(1186.4, 1024.8)(1186.4, 1034.8)(1070.4, 1034.8);SD
Port:(1055.9, 838.8)(1185.4, 838.8)(1185.4, 852.8)(1200.9, 852.8)(1200.9, 1019.8)(1055.9, 1019.8);GATE
Port:(1065.9, 843.8)(1170.9, 843.8)(1170.9, 847.8)(1065.9, 847.8);SD
Module:M15
Boundary:(386.6, 904.1)(534.1, 904.1)(534.1, 920.1)(549.6, 920.1)(549.6, 1020.1)(386.6, 1020.1);GATE
Port:(401.1, 1010.1)(535.1, 1010.1)(535.1, 1020.1)(401.1, 1020.1);SD
Port:(386.6, 904.1)(534.1, 904.1)(534.1, 920.1)(549.6, 920.1)(549.6, 1005.1)(386.6, 1005.1);GATE
Port:(396.6, 909.1)(519.6, 909.1)(519.6, 913.1)(396.6, 913.1);SD
Module:M4
Boundary:(878.3, 897.8)(1007.8, 897.8)(1007.8, 956.5)(1041.3, 956.5)(1041.3, 1030.8)(878.3, 1030.8);GATE
Port:(892.8, 1020.8)(1026.8, 1020.8)(1026.8, 1030.8)(892.8, 1030.8);SD
Port:(878.3, 897.8)(1007.8, 897.8)(1007.8, 956.5)(1041.3, 956.5)(1041.3, 1015.8)(878.3, 1015.8);GATE
Port:(888.3, 902.8)(993.3, 902.8)(993.3, 906.8)(888.3, 906.8);SD
Module:M13
Boundary:(162.5, 985.1)(162.5, 1058.1)(37.5, 1058.1)(37.5, 985.1);GATE
Port:(37.5, 999.6)(47.5, 999.6)(47.5, 1043.6)(37.5, 1043.6);SD
Port:(162.5, 985.1)(162.5, 1058.1)(52.5, 1058.1)(52.5, 985.1);GATE
Port:(153.5, 995.1)(157.5, 995.1)(157.5, 1048.1)(153.5, 1048.1);SD
Module:M37
Boundary:(265.2, 865.9)(358.7, 865.9)(358.7, 875.9)(374.2, 875.9)(374.2, 1040.9)(265.2, 1040.9);GATE
Port:(279.7, 1030.9)(359.7, 1030.9)(359.7, 1040.9)(279.7, 1040.9);SD
Port:(265.2, 865.9)(358.7, 865.9)(358.7, 875.9)(374.2, 875.9)(374.2, 1025.9)(265.2, 1025.9);GATE
Port:(275.2, 870.9)(344.2, 870.9)(344.2, 874.9)(275.2, 874.9);SD
Module:M7
Boundary:(557.0, 829.5)(704.5, 829.5)(704.5, 845.6)(720.0, 845.6)(720.0, 1022.5)(557.0, 1022.5);GATE
Port:(571.5, 1012.5)(705.5, 1012.5)(705.5, 1022.5)(571.5, 1022.5);SD
Port:(557.0, 829.5)(704.5, 829.5)(704.5, 845.6)(720.0, 845.6)(720.0, 1007.5)(557.0, 1007.5);GATE
Port:(567.0, 834.5)(690.0, 834.5)(690.0, 838.5)(567.0, 838.5);SD
