Area:(-20.0, -20.0)(746.0, -20.0)(746.0, 1079.0)(-20.0, 1079.0)
Rule:GATE(5,5);SD(5,5);GATE_SD(0.5);GATE_ITO(0.5);SD_ITO(0.5)
Module:M14
Boundary:(597.0, 719.0)(690.5, 719.0)(690.5, 729.0)(706.0, 729.0)(706.0, 883.0)(597.0, 883.0);GATE
Port:(611.5, 873.0)(691.5, 873.0)(691.5, 883.0)(611.5, 883.0);SD
Port:(597.0, 719.0)(690.5, 719.0)(690.5, 729.0)(706.0, 729.0)(706.0, 868.0)(597.0, 868.0);GATE
Port:(607.0, 724.0)(676.0, 724.0)(676.0, 728.0)(607.0, 728.0);SD
Module:M9
Boundary:(215.0, 223.0)(215.0, 334.5)(203.0, 334.5)(203.0, 350.0)(20.0, 350.0)(20.0, 223.0);GATE
Port:(20.0, 237.5)(30.0, 237.5)(30.0, 335.5)(20.0, 335.5);SD
Port:(215.0, 223.0)(215.0, 334.5)(203.0, 334.5)(203.0, 350.0)(35.0, 350.0)(35.0, 223.0);GATE
Port:(206.0, 233.0)(210.0, 233.0)(210.0, 320.0)(206.0, 320.0);SD
Module:M5
Boundary:(387.0, 247.0)(498.5, 247.0)(498.5, 259.0)(514.0, 259.0)(514.0, 374.0)(387.0, 374.0);GATE
Port:(401.5, 364.0)(499.5, 364.0)(499.5, 374.0)(401.5, 374.0);SD
Port:(387.0, 247.0)(498.5, 247.0)(498.5, 259.0)(514.0, 259.0)(514.0, 359.0)(387.0, 359.0);GATE
Port:(397.0, 252.0)(484.0, 252.0)(484.0, 256.0)(397.0, 256.0);SD
Module:M11
Boundary:(428.0, 414.0)(501.0, 414.0)(501.0, 522.0)(428.0, 522.0);GATE
Port:(442.5, 512.0)(486.5, 512.0)(486.5, 522.0)(442.5, 522.0);SD
Port:(428.0, 414.0)(501.0, 414.0)(501.0, 507.0)(428.0, 507.0);GATE
Port:(438.0, 419.0)(491.0, 419.0)(491.0, 423.0)(438.0, 423.0);SD
Module:M1
Boundary:(706.0, 223.0)(706.0, 370.5)(690.0, 370.5)(690.0, 386.0)(554.0, 386.0)(554.0, 223.0);GATE
Port:(554.0, 237.5)(564.0, 237.5)(564.0, 371.5)(554.0, 371.5);SD
Port:(706.0, 223.0)(706.0, 370.5)(690.0, 370.5)(690.0, 386.0)(569.0, 386.0)(569.0, 223.0);GATE
Port:(697.0, 233.0)(701.0, 233.0)(701.0, 356.0)(697.0, 356.0);SD
Module:M19
Boundary:(382.0, 20.0)(493.5, 20.0)(493.5, 33.0)(509.0, 33.0)(509.0, 207.0)(382.0, 207.0);GATE
Port:(396.5, 197.0)(494.5, 197.0)(494.5, 207.0)(396.5, 207.0);SD
Port:(382.0, 20.0)(493.5, 20.0)(493.5, 33.0)(509.0, 33.0)(509.0, 192.0)(382.0, 192.0);GATE
Port:(392.0, 25.0)(479.0, 25.0)(479.0, 29.0)(392.0, 29.0);SD
Module:M6
Boundary:(557.0, 741.0)(557.0, 852.5)(545.0, 852.5)(545.0, 868.0)(399.0, 868.0)(399.0, 741.0);GATE
Port:(399.0, 755.5)(409.0, 755.5)(409.0, 853.5)(399.0, 853.5);SD
Port:(557.0, 741.0)(557.0, 852.5)(545.0, 852.5)(545.0, 868.0)(414.0, 868.0)(414.0, 741.0);GATE
Port:(548.0, 751.0)(552.0, 751.0)(552.0, 838.0)(548.0, 838.0);SD
Module:M2
Boundary:(219.0, 390.0)(219.0, 465.5)(82.6, 465.5)(82.6, 733.0)(20.0, 733.0)(20.0, 390.0);GATE
Port:(20.0, 404.5)(30.0, 404.5)(30.0, 718.5)(20.0, 718.5);SD
Port:(219.0, 390.0)(219.0, 465.5)(82.6, 465.5)(82.6, 733.0)(35.0, 733.0)(35.0, 390.0);GATE
Port:(210.0, 400.0)(214.0, 400.0)(214.0, 451.0)(210.0, 451.0);SD
Module:M16
Boundary:(706.0, 20.0)(706.0, 167.5)(690.0, 167.5)(690.0, 183.0)(549.0, 183.0)(549.0, 20.0);GATE
Port:(549.0, 34.5)(559.0, 34.5)(559.0, 168.5)(549.0, 168.5);SD
Port:(706.0, 20.0)(706.0, 167.5)(690.0, 167.5)(690.0, 183.0)(564.0, 183.0)(564.0, 20.0);GATE
Port:(697.0, 30.0)(701.0, 30.0)(701.0, 153.0)(697.0, 153.0);SD
Module:M13
Boundary:(388.0, 418.0)(388.0, 494.0)(380.0, 494.0)(380.0, 509.0)(259.0, 509.0)(259.0, 418.0);GATE
Port:(259.0, 432.5)(269.0, 432.5)(269.0, 494.5)(259.0, 494.5);SD
Port:(388.0, 418.0)(388.0, 494.0)(380.0, 494.0)(380.0, 509.0)(274.0, 509.0)(274.0, 418.0);GATE
Port:(379.0, 428.0)(383.0, 428.0)(383.0, 479.0)(379.0, 479.0);SD
Module:M10
Boundary:(347.0, 269.0)(347.0, 362.5)(337.0, 362.5)(337.0, 378.0)(259.0, 378.0)(259.0, 269.0);GATE
Port:(259.0, 283.5)(269.0, 283.5)(269.0, 363.5)(259.0, 363.5);SD
Port:(347.0, 269.0)(347.0, 362.5)(337.0, 362.5)(337.0, 378.0)(274.0, 378.0)(274.0, 269.0);GATE
Port:(338.0, 279.0)(342.0, 279.0)(342.0, 348.0)(338.0, 348.0);SD
Module:M7
Boundary:(232.0, 773.0)(325.5, 773.0)(325.5, 794.0)(359.0, 794.0)(359.0, 834.0)(232.0, 834.0);GATE
Port:(246.5, 824.0)(344.5, 824.0)(344.5, 834.0)(246.5, 834.0);SD
Port:(232.0, 773.0)(325.5, 773.0)(325.5, 794.0)(359.0, 794.0)(359.0, 819.0)(232.0, 819.0);GATE
Port:(242.0, 778.0)(311.0, 778.0)(311.0, 782.0)(242.0, 782.0);SD
Module:M3
Boundary:(192.0, 773.0)(192.0, 830.5)(87.0, 830.5)(87.0, 1026.0)(20.0, 1026.0)(20.0, 773.0);GATE
Port:(20.0, 787.5)(30.0, 787.5)(30.0, 1011.5)(20.0, 1011.5);SD
Port:(192.0, 773.0)(192.0, 830.5)(87.0, 830.5)(87.0, 1026.0)(35.0, 1026.0)(35.0, 773.0);GATE
Port:(183.0, 783.0)(187.0, 783.0)(187.0, 816.0)(183.0, 816.0);SD
Module:M18
Boundary:(215.0, 20.0)(326.5, 20.0)(326.5, 38.0)(342.0, 38.0)(342.0, 109.0)(215.0, 109.0);GATE
Port:(229.5, 99.0)(327.5, 99.0)(327.5, 109.0)(229.5, 109.0);SD
Port:(215.0, 20.0)(326.5, 20.0)(326.5, 38.0)(342.0, 38.0)(342.0, 94.0)(215.0, 94.0);GATE
Port:(225.0, 25.0)(312.0, 25.0)(312.0, 29.0)(225.0, 29.0);SD
Module:M20
Boundary:(259.0, 562.0)(406.5, 562.0)(406.5, 648.0)(476.0, 648.0)(476.0, 701.0)(259.0, 701.0);GATE
Port:(273.5, 691.0)(461.5, 691.0)(461.5, 701.0)(273.5, 701.0);SD
Port:(259.0, 562.0)(406.5, 562.0)(406.5, 648.0)(476.0, 648.0)(476.0, 686.0)(259.0, 686.0);GATE
Port:(269.0, 567.0)(392.0, 567.0)(392.0, 571.0)(269.0, 571.0);SD
Module:M15
Boundary:(175.0, 20.0)(175.0, 167.5)(159.0, 167.5)(159.0, 183.0)(20.0, 183.0)(20.0, 20.0);GATE
Port:(20.0, 34.5)(30.0, 34.5)(30.0, 168.5)(20.0, 168.5);SD
Port:(175.0, 20.0)(175.0, 167.5)(159.0, 167.5)(159.0, 183.0)(35.0, 183.0)(35.0, 20.0);GATE
Port:(166.0, 30.0)(170.0, 30.0)(170.0, 153.0)(166.0, 153.0);SD
Module:M12
Boundary:(434.0, 923.0)(581.5, 923.0)(581.5, 991.8)(651.0, 991.8)(651.0, 1039.0)(434.0, 1039.0);GATE
Port:(448.5, 1029.0)(636.5, 1029.0)(636.5, 1039.0)(448.5, 1039.0);SD
Port:(434.0, 923.0)(581.5, 923.0)(581.5, 991.8)(651.0, 991.8)(651.0, 1024.0)(434.0, 1024.0);GATE
Port:(444.0, 928.0)(567.0, 928.0)(567.0, 932.0)(444.0, 932.0);SD
Module:M8
Boundary:(698.0, 426.0)(698.0, 537.5)(600.0, 537.5)(600.0, 679.0)(541.0, 679.0)(541.0, 426.0);GATE
Port:(541.0, 440.5)(551.0, 440.5)(551.0, 664.5)(541.0, 664.5);SD
Port:(698.0, 426.0)(698.0, 537.5)(600.0, 537.5)(600.0, 679.0)(556.0, 679.0)(556.0, 426.0);GATE
Port:(689.0, 436.0)(693.0, 436.0)(693.0, 523.0)(689.0, 523.0);SD
Module:M4
Boundary:(394.0, 908.0)(394.0, 1019.5)(382.0, 1019.5)(382.0, 1035.0)(232.0, 1035.0)(232.0, 908.0);GATE
Port:(232.0, 922.5)(242.0, 922.5)(242.0, 1020.5)(232.0, 1020.5);SD
Port:(394.0, 908.0)(394.0, 1019.5)(382.0, 1019.5)(382.0, 1035.0)(247.0, 1035.0)(247.0, 908.0);GATE
Port:(385.0, 918.0)(389.0, 918.0)(389.0, 1005.0)(385.0, 1005.0);SD
Module:M17
Boundary:(255.0, 149.0)(328.0, 149.0)(328.0, 229.0)(255.0, 229.0);GATE
Port:(269.5, 219.0)(313.5, 219.0)(313.5, 229.0)(269.5, 229.0);SD
Port:(255.0, 149.0)(328.0, 149.0)(328.0, 214.0)(255.0, 214.0);GATE
Port:(265.0, 154.0)(318.0, 154.0)(318.0, 158.0)(265.0, 158.0);SD
