Area:(-20.0, -20.0)(674.2, -20.0)(674.2, 709.3)(-20.0, 709.3)
Rule:GATE(5,5);SD(5,5);GATE_SD(0.5);GATE_ITO(0.5);SD_ITO(0.5)
Module:M14
Boundary:(257.2, 572.3)(309.9, 572.3)(309.9, 593.2)(325.8, 593.2)(325.8, 669.3)(257.2, 669.3);GATE
Port:(271.4, 663.5)(311.6, 663.5)(311.6, 669.3)(271.4, 669.3);SD
Port:(257.2, 572.3)(309.9, 572.3)(309.9, 593.2)(325.8, 593.2)(325.8, 661.2)(257.2, 661.2);GATE
Port:(263.1, 577.2)(303.0, 577.2)(303.0, 583.5)(263.1, 583.5);SD
Module:M9
Boundary:(551.9, 186.7)(617.6, 186.7)(617.6, 187.1)(632.9, 187.1)(632.9, 318.8)(551.9, 318.8);GATE
Port:(566.4, 313.7)(618.4, 313.7)(618.4, 318.8)(566.4, 318.8);SD
Port:(551.9, 186.7)(617.6, 186.7)(617.6, 187.1)(632.9, 187.1)(632.9, 311.9)(551.9, 311.9);GATE
Port:(558.6, 192.4)(610.9, 192.4)(610.9, 198.1)(558.6, 198.1);SD
Module:M5
Boundary:(159.9, 351.3)(159.9, 403.0)(159.6, 403.0)(159.6, 420.1)(20.0, 420.1)(20.0, 351.3);GATE
Port:(20.0, 364.8)(24.7, 364.8)(24.7, 406.6)(20.0, 406.6);SD
Port:(159.9, 351.3)(159.9, 403.0)(159.6, 403.0)(159.6, 420.1)(26.6, 420.1)(26.6, 351.3);GATE
Port:(149.6, 356.6)(155.6, 356.6)(155.6, 397.7)(149.6, 397.7);SD
Module:M11
Boundary:(199.9, 351.3)(274.3, 351.3)(274.3, 351.6)(293.1, 351.6)(293.1, 516.0)(199.9, 516.0);GATE
Port:(214.3, 510.5)(278.7, 510.5)(278.7, 516.0)(214.3, 516.0);SD
Port:(199.9, 351.3)(274.3, 351.3)(274.3, 351.6)(293.1, 351.6)(293.1, 509.1)(199.9, 509.1);GATE
Port:(205.4, 355.8)(268.8, 355.8)(268.8, 362.7)(205.4, 362.7);SD
Module:M1
Boundary:(20.0, 20.0)(112.4, 20.0)(112.4, 20.6)(130.7, 20.6)(130.7, 160.0)(20.0, 160.0);GATE
Port:(35.0, 155.3)(115.7, 155.3)(115.7, 160.0)(35.0, 160.0);SD
Port:(20.0, 20.0)(112.4, 20.0)(112.4, 20.6)(130.7, 20.6)(130.7, 153.9)(20.0, 153.9);GATE
Port:(26.0, 25.0)(106.4, 25.0)(106.4, 31.8)(26.0, 31.8);SD
Module:M19
Boundary:(544.9, 20.0)(614.6, 20.0)(614.6, 20.1)(632.2, 20.1)(632.2, 146.7)(544.9, 146.7);GATE
Port:(558.3, 141.8)(618.8, 141.8)(618.8, 146.7)(558.3, 146.7);SD
Port:(544.9, 20.0)(614.6, 20.0)(614.6, 20.1)(632.2, 20.1)(632.2, 139.8)(544.9, 139.8);GATE
Port:(550.0, 24.1)(609.5, 24.1)(609.5, 30.0)(550.0, 30.0);SD
Module:M6
Boundary:(511.9, 238.2)(511.9, 281.7)(398.9, 281.7)(398.9, 293.9)(326.3, 293.9)(326.3, 238.2);GATE
Port:(326.3, 249.8)(331.4, 249.8)(331.4, 282.3)(326.3, 282.3);SD
Port:(511.9, 238.2)(511.9, 281.7)(398.9, 281.7)(398.9, 293.9)(333.3, 293.9)(333.3, 238.2);GATE
Port:(501.8, 244.0)(507.1, 244.0)(507.1, 274.9)(501.8, 274.9);SD
Module:M2
Boundary:(303.3, 127.2)(303.3, 176.6)(226.3, 176.6)(226.3, 190.6)(170.7, 190.6)(170.7, 127.2);GATE
Port:(170.7, 140.0)(175.5, 140.0)(175.5, 177.8)(170.7, 177.8);SD
Port:(303.3, 127.2)(303.3, 176.6)(226.3, 176.6)(226.3, 190.6)(176.7, 190.6)(176.7, 127.2);GATE
Port:(292.1, 133.4)(298.1, 133.4)(298.1, 169.4)(292.1, 169.4);SD
Module:M16
Boundary:(20.0, 200.0)(115.9, 200.0)(115.9, 255.5)(130.2, 255.5)(130.2, 305.4)(20.0, 305.4);GATE
Port:(33.4, 299.5)(116.8, 299.5)(116.8, 305.4)(33.4, 305.4);SD
Port:(20.0, 200.0)(115.9, 200.0)(115.9, 255.5)(130.2, 255.5)(130.2, 297.3)(20.0, 297.3);GATE
Port:(26.3, 205.3)(108.6, 205.3)(108.6, 211.3)(26.3, 211.3);SD
Module:M13
Boundary:(504.9, 20.0)(504.9, 101.8)(344.2, 101.8)(344.2, 20.0);GATE
Port:(344.2, 34.2)(350.0, 34.2)(350.0, 87.6)(344.2, 87.6);SD
Port:(504.9, 20.0)(504.9, 101.8)(352.2, 101.8)(352.2, 20.0);GATE
Port:(492.9, 25.4)(500.5, 25.4)(500.5, 96.4)(492.9, 96.4);SD
Module:M10
Boundary:(548.9, 358.8)(618.0, 358.8)(618.0, 375.0)(634.2, 375.0)(634.2, 464.4)(548.9, 464.4);GATE
Port:(562.1, 460.3)(621.0, 460.3)(621.0, 464.4)(562.1, 464.4);SD
Port:(548.9, 358.8)(618.0, 358.8)(618.0, 375.0)(634.2, 375.0)(634.2, 457.6)(548.9, 457.6);GATE
Port:(554.7, 363.6)(611.2, 363.6)(611.2, 369.2)(554.7, 369.2);SD
Module:M7
Boundary:(490.7, 422.4)(490.7, 514.2)(490.1, 514.2)(490.1, 532.3)(333.1, 532.3)(333.1, 422.4);GATE
Port:(333.1, 437.2)(337.6, 437.2)(337.6, 517.5)(333.1, 517.5);SD
Port:(490.7, 422.4)(490.7, 514.2)(490.1, 514.2)(490.1, 532.3)(339.8, 532.3)(339.8, 422.4);GATE
Port:(479.3, 429.2)(484.9, 429.2)(484.9, 507.4)(479.3, 507.4);SD
Module:M3
Boundary:(217.2, 569.2)(217.2, 668.4)(20.0, 668.4)(20.0, 569.2);GATE
Port:(20.0, 583.1)(24.1, 583.1)(24.1, 654.5)(20.0, 654.5);SD
Port:(217.2, 569.2)(217.2, 668.4)(26.4, 668.4)(26.4, 569.2);GATE
Port:(205.6, 575.2)(212.2, 575.2)(212.2, 662.4)(205.6, 662.4);SD
Module:M18
Boundary:(365.8, 572.3)(465.4, 572.3)(465.4, 591.4)(480.7, 591.4)(480.7, 644.7)(365.8, 644.7);GATE
Port:(379.0, 640.0)(467.5, 640.0)(467.5, 644.7)(379.0, 644.7);SD
Port:(365.8, 572.3)(465.4, 572.3)(465.4, 591.4)(480.7, 591.4)(480.7, 637.1)(365.8, 637.1);GATE
Port:(371.0, 576.5)(459.2, 576.5)(459.2, 583.3)(371.0, 583.3);SD
Module:M20
Boundary:(158.1, 460.1)(158.1, 513.0)(111.7, 513.0)(111.7, 529.2)(20.0, 529.2)(20.0, 460.1);GATE
Port:(20.0, 473.8)(24.5, 473.8)(24.5, 515.5)(20.0, 515.5);SD
Port:(158.1, 460.1)(158.1, 513.0)(111.7, 513.0)(111.7, 529.2)(25.6, 529.2)(25.6, 460.1);GATE
Port:(147.8, 465.3)(153.9, 465.3)(153.9, 506.8)(147.8, 506.8);SD
Module:M15
Boundary:(508.9, 333.9)(508.9, 366.9)(508.9, 366.9)(508.9, 382.4)(333.1, 382.4)(333.1, 333.9);GATE
Port:(333.1, 347.3)(338.5, 347.3)(338.5, 369.0)(333.1, 369.0);SD
Port:(508.9, 333.9)(508.9, 366.9)(508.9, 366.9)(508.9, 382.4)(340.8, 382.4)(340.8, 333.9);GATE
Port:(498.3, 339.5)(504.3, 339.5)(504.3, 361.3)(498.3, 361.3);SD
Module:M12
Boundary:(286.3, 230.6)(286.3, 297.2)(232.6, 297.2)(232.6, 311.3)(170.7, 311.3)(170.7, 230.6);GATE
Port:(170.7, 244.6)(175.9, 244.6)(175.9, 297.3)(170.7, 297.3);SD
Port:(286.3, 230.6)(286.3, 297.2)(232.6, 297.2)(232.6, 311.3)(177.5, 311.3)(177.5, 230.6);GATE
Port:(273.8, 237.2)(280.7, 237.2)(280.7, 289.6)(273.8, 289.6);SD
Module:M8
Boundary:(530.7, 504.4)(613.3, 504.4)(613.3, 546.3)(628.2, 546.3)(628.2, 667.8)(530.7, 667.8);GATE
Port:(544.1, 662.8)(614.8, 662.8)(614.8, 667.8)(544.1, 667.8);SD
Port:(530.7, 504.4)(613.3, 504.4)(613.3, 546.3)(628.2, 546.3)(628.2, 661.5)(530.7, 661.5);GATE
Port:(536.2, 508.9)(606.8, 508.9)(606.8, 515.1)(536.2, 515.1);SD
Module:M4
Boundary:(304.2, 20.0)(304.2, 72.2)(271.9, 72.2)(271.9, 87.2)(170.7, 87.2)(170.7, 20.0);GATE
Port:(170.7, 33.7)(175.2, 33.7)(175.2, 73.5)(170.7, 73.5);SD
Port:(304.2, 20.0)(304.2, 72.2)(271.9, 72.2)(271.9, 87.2)(177.1, 87.2)(177.1, 20.0);GATE
Port:(292.9, 25.9)(299.3, 25.9)(299.3, 65.3)(292.9, 65.3);SD
Module:M17
Boundary:(464.1, 141.8)(464.1, 198.2)(343.3, 198.2)(343.3, 141.8);GATE
Port:(343.3, 152.5)(347.3, 152.5)(347.3, 187.5)(343.3, 187.5);SD
Port:(464.1, 141.8)(464.1, 198.2)(350.1, 198.2)(350.1, 141.8);GATE
Port:(455.5, 147.1)(459.8, 147.1)(459.8, 192.9)(455.5, 192.9);SD
