Area:(18.8, 0.5)(1103.0, 0.5)(1103.0, 1411.5)(18.8, 1411.5)
Rule:GATE(5,5);SD(5,5);GATE_SD(0.5);GATE_ITO(0.5);SD_ITO(0.5)
Module:M40
Boundary:(828.8, 64.3)(904.8, 64.3)(904.8, 72.3)(919.8, 72.3)(919.8, 152.3)(828.8, 152.3);GATE
Port:(843.3, 142.3)(905.3, 142.3)(905.3, 152.3)(843.3, 152.3);SD
Port:(828.8, 64.3)(904.8, 64.3)(904.8, 72.3)(919.8, 72.3)(919.8, 137.3)(828.8, 137.3);GATE
Port:(838.8, 69.3)(889.8, 69.3)(889.8, 73.3)(838.8, 73.3);SD
Module:M3
Boundary:(231.2, 40.5)(231.2, 116.5)(223.2, 116.5)(223.2, 131.5)(96.2, 131.5)(96.2, 40.5);GATE
Port:(96.2, 55.0)(106.2, 55.0)(106.2, 117.0)(96.2, 117.0);SD
Port:(231.2, 40.5)(231.2, 116.5)(223.2, 116.5)(223.2, 131.5)(111.2, 131.5)(111.2, 40.5);GATE
Port:(222.2, 50.5)(226.2, 50.5)(226.2, 101.5)(222.2, 101.5);SD
Module:M41
Boundary:(264.9, 53.1)(358.4, 53.1)(358.4, 84.1)(427.9, 84.1)(427.9, 137.1)(264.9, 137.1);GATE
Port:(279.4, 127.1)(413.4, 127.1)(413.4, 137.1)(279.4, 137.1);SD
Port:(264.9, 53.1)(358.4, 53.1)(358.4, 84.1)(427.9, 84.1)(427.9, 122.1)(264.9, 122.1);GATE
Port:(274.9, 58.1)(343.9, 58.1)(343.9, 62.1)(274.9, 62.1);SD
Module:M4
Boundary:(720.1, 77.0)(796.1, 77.0)(796.1, 85.0)(811.1, 85.0)(811.1, 194.0)(720.1, 194.0);GATE
Port:(734.6, 184.0)(796.6, 184.0)(796.6, 194.0)(734.6, 194.0);SD
Port:(720.1, 77.0)(796.1, 77.0)(796.1, 85.0)(811.1, 85.0)(811.1, 179.0)(720.1, 179.0);GATE
Port:(730.1, 82.0)(781.1, 82.0)(781.1, 86.0)(730.1, 86.0);SD
Module:M6
Boundary:(589.7, 49.0)(665.7, 49.0)(665.7, 57.0)(680.7, 57.0)(680.7, 178.0)(589.7, 178.0);GATE
Port:(604.2, 168.0)(666.2, 168.0)(666.2, 178.0)(604.2, 178.0);SD
Port:(589.7, 49.0)(665.7, 49.0)(665.7, 57.0)(680.7, 57.0)(680.7, 163.0)(589.7, 163.0);GATE
Port:(599.7, 54.0)(650.7, 54.0)(650.7, 58.0)(599.7, 58.0);SD
Module:M48
Boundary:(442.0, 45.4)(571.5, 45.4)(571.5, 59.4)(587.0, 59.4)(587.0, 177.4)(442.0, 177.4);GATE
Port:(456.5, 167.4)(572.5, 167.4)(572.5, 177.4)(456.5, 177.4);SD
Port:(442.0, 45.4)(571.5, 45.4)(571.5, 59.4)(587.0, 59.4)(587.0, 162.4)(442.0, 162.4);GATE
Port:(452.0, 50.4)(557.0, 50.4)(557.0, 54.4)(452.0, 54.4);SD
Module:M46
Boundary:(1063.0, 127.6)(1063.0, 275.1)(1040.0, 275.1)(1040.0, 290.6)(996.0, 290.6)(996.0, 127.6);GATE
Port:(996.0, 142.1)(1006.0, 142.1)(1006.0, 276.1)(996.0, 276.1);SD
Port:(1063.0, 127.6)(1063.0, 275.1)(1040.0, 275.1)(1040.0, 290.6)(1011.0, 290.6)(1011.0, 127.6);GATE
Port:(1054.0, 137.6)(1058.0, 137.6)(1058.0, 260.6)(1054.0, 260.6);SD
Module:M10
Boundary:(853.6, 156.3)(929.6, 156.3)(929.6, 164.4)(944.6, 164.4)(944.6, 323.4)(853.6, 323.4);GATE
Port:(868.1, 313.4)(930.1, 313.4)(930.1, 323.4)(868.1, 323.4);SD
Port:(853.6, 156.3)(929.6, 156.3)(929.6, 164.4)(944.6, 164.4)(944.6, 308.4)(853.6, 308.4);GATE
Port:(863.6, 161.3)(914.6, 161.3)(914.6, 165.3)(863.6, 165.3);SD
Module:M44
Boundary:(377.9, 187.5)(377.9, 281.0)(245.2, 281.0)(245.2, 368.5)(184.9, 368.5)(184.9, 187.5);GATE
Port:(184.9, 202.0)(194.9, 202.0)(194.9, 354.0)(184.9, 354.0);SD
Port:(377.9, 187.5)(377.9, 281.0)(245.2, 281.0)(245.2, 368.5)(199.9, 368.5)(199.9, 187.5);GATE
Port:(368.9, 197.5)(372.9, 197.5)(372.9, 266.5)(368.9, 266.5);SD
Module:M1
Boundary:(170.4, 181.9)(170.4, 329.4)(105.4, 329.4)(105.4, 398.9)(61.4, 398.9)(61.4, 181.9);GATE
Port:(61.4, 196.4)(71.4, 196.4)(71.4, 384.4)(61.4, 384.4);SD
Port:(170.4, 181.9)(170.4, 329.4)(105.4, 329.4)(105.4, 398.9)(76.4, 398.9)(76.4, 181.9);GATE
Port:(161.4, 191.9)(165.4, 191.9)(165.4, 314.9)(161.4, 314.9);SD
Module:M47
Boundary:(1045.9, 280.6)(1045.9, 410.1)(1031.9, 410.1)(1031.9, 425.6)(970.9, 425.6)(970.9, 280.6);GATE
Port:(970.9, 295.1)(980.9, 295.1)(980.9, 411.1)(970.9, 411.1);SD
Port:(1045.9, 280.6)(1045.9, 410.1)(1031.9, 410.1)(1031.9, 425.6)(985.9, 425.6)(985.9, 280.6);GATE
Port:(1036.9, 290.6)(1040.9, 290.6)(1040.9, 395.6)(1036.9, 395.6);SD
Module:M32
Boundary:(572.1, 219.0)(701.6, 219.0)(701.6, 273.9)(753.1, 273.9)(753.1, 397.0)(572.1, 397.0);GATE
Port:(586.6, 387.0)(738.6, 387.0)(738.6, 397.0)(586.6, 397.0);SD
Port:(572.1, 219.0)(701.6, 219.0)(701.6, 273.9)(753.1, 273.9)(753.1, 382.0)(572.1, 382.0);GATE
Port:(582.1, 224.0)(687.1, 224.0)(687.1, 228.0)(582.1, 228.0);SD
Module:M22
Boundary:(572.0, 274.6)(572.0, 422.1)(505.7, 422.1)(505.7, 473.6)(451.0, 473.6)(451.0, 274.6);GATE
Port:(451.0, 289.1)(461.0, 289.1)(461.0, 459.1)(451.0, 459.1);SD
Port:(572.0, 274.6)(572.0, 422.1)(505.7, 422.1)(505.7, 473.6)(466.0, 473.6)(466.0, 274.6);GATE
Port:(563.0, 284.6)(567.0, 284.6)(567.0, 407.6)(563.0, 407.6);SD
Module:M21
Boundary:(816.1, 418.6)(892.1, 418.6)(892.1, 426.6)(907.1, 426.6)(907.1, 500.6)(816.1, 500.6);GATE
Port:(830.6, 490.6)(892.6, 490.6)(892.6, 500.6)(830.6, 500.6);SD
Port:(816.1, 418.6)(892.1, 418.6)(892.1, 426.6)(907.1, 426.6)(907.1, 485.6)(816.1, 485.6);GATE
Port:(826.1, 423.6)(877.1, 423.6)(877.1, 427.6)(826.1, 427.6);SD
Module:M24
Boundary:(278.6, 395.0)(408.1, 395.0)(408.1, 416.0)(423.6, 416.0)(423.6, 465.0)(278.6, 465.0);GATE
Port:(293.1, 455.0)(409.1, 455.0)(409.1, 465.0)(293.1, 465.0);SD
Port:(278.6, 395.0)(408.1, 395.0)(408.1, 416.0)(423.6, 416.0)(423.6, 450.0)(278.6, 450.0);GATE
Port:(288.6, 400.0)(393.6, 400.0)(393.6, 404.0)(288.6, 404.0);SD
Module:M31
Boundary:(981.6, 411.6)(1054.6, 411.6)(1054.6, 477.6)(981.6, 477.6);GATE
Port:(996.1, 467.6)(1040.1, 467.6)(1040.1, 477.6)(996.1, 477.6);SD
Port:(981.6, 411.6)(1054.6, 411.6)(1054.6, 462.6)(981.6, 462.6);GATE
Port:(991.6, 416.6)(1044.6, 416.6)(1044.6, 420.6)(991.6, 420.6);SD
Module:M30
Boundary:(80.6, 421.3)(174.1, 421.3)(174.1, 448.3)(207.6, 448.3)(207.6, 491.3)(80.6, 491.3);GATE
Port:(95.1, 481.3)(193.1, 481.3)(193.1, 491.3)(95.1, 491.3);SD
Port:(80.6, 421.3)(174.1, 421.3)(174.1, 448.3)(207.6, 448.3)(207.6, 476.3)(80.6, 476.3);GATE
Port:(90.6, 426.3)(159.6, 426.3)(159.6, 430.3)(90.6, 430.3);SD
Module:M7
Boundary:(628.3, 431.2)(775.8, 431.2)(775.8, 447.2)(791.3, 447.2)(791.3, 537.2)(628.3, 537.2);GATE
Port:(642.8, 527.2)(776.8, 527.2)(776.8, 537.2)(642.8, 537.2);SD
Port:(628.3, 431.2)(775.8, 431.2)(775.8, 447.2)(791.3, 447.2)(791.3, 522.2)(628.3, 522.2);GATE
Port:(638.3, 436.2)(761.3, 436.2)(761.3, 440.2)(638.3, 440.2);SD
Module:M38
Boundary:(942.3, 525.1)(1018.3, 525.1)(1018.3, 533.2)(1033.3, 533.2)(1033.3, 617.1)(942.3, 617.1);GATE
Port:(956.8, 607.1)(1018.8, 607.1)(1018.8, 617.1)(956.8, 617.1);SD
Port:(942.3, 525.1)(1018.3, 525.1)(1018.3, 533.2)(1033.3, 533.2)(1033.3, 602.1)(942.3, 602.1);GATE
Port:(952.3, 530.1)(1003.3, 530.1)(1003.3, 534.1)(952.3, 534.1);SD
Module:M36
Boundary:(247.8, 537.6)(247.8, 613.6)(239.8, 613.6)(239.8, 628.6)(58.8, 628.6)(58.8, 537.6);GATE
Port:(58.8, 552.1)(68.8, 552.1)(68.8, 614.1)(58.8, 614.1);SD
Port:(247.8, 537.6)(247.8, 613.6)(239.8, 613.6)(239.8, 628.6)(73.8, 628.6)(73.8, 537.6);GATE
Port:(238.8, 547.6)(242.8, 547.6)(242.8, 598.6)(238.8, 598.6);SD
Module:M29
Boundary:(506.5, 489.7)(600.0, 489.7)(600.0, 499.7)(615.5, 499.7)(615.5, 658.7)(506.5, 658.7);GATE
Port:(521.0, 648.7)(601.0, 648.7)(601.0, 658.7)(521.0, 658.7);SD
Port:(506.5, 489.7)(600.0, 489.7)(600.0, 499.7)(615.5, 499.7)(615.5, 643.7)(506.5, 643.7);GATE
Port:(516.5, 494.7)(585.5, 494.7)(585.5, 498.7)(516.5, 498.7);SD
Module:M43
Boundary:(918.0, 550.7)(918.0, 698.2)(895.0, 698.2)(895.0, 713.7)(850.0, 713.7)(850.0, 550.7);GATE
Port:(850.0, 565.2)(860.0, 565.2)(860.0, 699.2)(850.0, 699.2);SD
Port:(918.0, 550.7)(918.0, 698.2)(895.0, 698.2)(895.0, 713.7)(865.0, 713.7)(865.0, 550.7);GATE
Port:(909.0, 560.7)(913.0, 560.7)(913.0, 683.7)(909.0, 683.7);SD
Module:M2
Boundary:(501.8, 574.0)(501.8, 667.5)(439.7, 667.5)(439.7, 791.0)(332.8, 791.0)(332.8, 574.0);GATE
Port:(332.8, 588.5)(342.8, 588.5)(342.8, 776.5)(332.8, 776.5);SD
Port:(501.8, 574.0)(501.8, 667.5)(439.7, 667.5)(439.7, 791.0)(347.8, 791.0)(347.8, 574.0);GATE
Port:(492.8, 584.0)(496.8, 584.0)(496.8, 653.0)(492.8, 653.0);SD
Module:M11
Boundary:(631.0, 537.1)(742.5, 537.1)(742.5, 587.3)(794.0, 587.3)(794.0, 703.1)(631.0, 703.1);GATE
Port:(645.5, 693.1)(779.5, 693.1)(779.5, 703.1)(645.5, 703.1);SD
Port:(631.0, 537.1)(742.5, 537.1)(742.5, 587.3)(794.0, 587.3)(794.0, 688.1)(631.0, 688.1);GATE
Port:(641.0, 542.1)(728.0, 542.1)(728.0, 546.1)(641.0, 546.1);SD
Module:M50
Boundary:(613.5, 682.0)(613.5, 755.0)(492.5, 755.0)(492.5, 682.0);GATE
Port:(492.5, 696.5)(502.5, 696.5)(502.5, 740.5)(492.5, 740.5);SD
Port:(613.5, 682.0)(613.5, 755.0)(507.5, 755.0)(507.5, 682.0);GATE
Port:(604.5, 692.0)(608.5, 692.0)(608.5, 745.0)(604.5, 745.0);SD
Module:M17
Boundary:(845.3, 653.3)(938.8, 653.3)(938.8, 750.3)(1044.3, 750.3)(1044.3, 797.3)(845.3, 797.3);GATE
Port:(859.8, 787.3)(1029.8, 787.3)(1029.8, 797.3)(859.8, 797.3);SD
Port:(845.3, 653.3)(938.8, 653.3)(938.8, 750.3)(1044.3, 750.3)(1044.3, 782.3)(845.3, 782.3);GATE
Port:(855.3, 658.3)(924.3, 658.3)(924.3, 662.3)(855.3, 662.3);SD
Module:M45
Boundary:(99.7, 638.7)(247.2, 638.7)(247.2, 716.4)(280.7, 716.4)(280.7, 807.7)(99.7, 807.7);GATE
Port:(114.2, 797.7)(266.2, 797.7)(266.2, 807.7)(114.2, 807.7);SD
Port:(99.7, 638.7)(247.2, 638.7)(247.2, 716.4)(280.7, 716.4)(280.7, 792.7)(99.7, 792.7);GATE
Port:(109.7, 643.7)(232.7, 643.7)(232.7, 647.7)(109.7, 647.7);SD
Module:M19
Boundary:(337.7, 748.5)(485.2, 748.5)(485.2, 764.5)(500.7, 764.5)(500.7, 848.5)(337.7, 848.5);GATE
Port:(352.2, 838.5)(486.2, 838.5)(486.2, 848.5)(352.2, 848.5);SD
Port:(337.7, 748.5)(485.2, 748.5)(485.2, 764.5)(500.7, 764.5)(500.7, 833.5)(337.7, 833.5);GATE
Port:(347.7, 753.5)(470.7, 753.5)(470.7, 757.5)(347.7, 757.5);SD
Module:M49
Boundary:(650.0, 766.2)(779.5, 766.2)(779.5, 780.2)(795.0, 780.2)(795.0, 912.2)(650.0, 912.2);GATE
Port:(664.5, 902.2)(780.5, 902.2)(780.5, 912.2)(664.5, 912.2);SD
Port:(650.0, 766.2)(779.5, 766.2)(779.5, 780.2)(795.0, 780.2)(795.0, 897.2)(650.0, 897.2);GATE
Port:(660.0, 771.2)(765.0, 771.2)(765.0, 775.2)(660.0, 775.2);SD
Module:M8
Boundary:(897.0, 855.5)(1044.5, 855.5)(1044.5, 871.5)(1060.0, 871.5)(1060.0, 927.5)(897.0, 927.5);GATE
Port:(911.5, 917.5)(1045.5, 917.5)(1045.5, 927.5)(911.5, 927.5);SD
Port:(897.0, 855.5)(1044.5, 855.5)(1044.5, 871.5)(1060.0, 871.5)(1060.0, 912.5)(897.0, 912.5);GATE
Port:(907.0, 860.5)(1030.0, 860.5)(1030.0, 864.5)(907.0, 864.5);SD
Module:M15
Boundary:(486.9, 723.0)(634.4, 723.0)(634.4, 739.0)(649.9, 739.0)(649.9, 888.0)(486.9, 888.0);GATE
Port:(501.4, 878.0)(635.4, 878.0)(635.4, 888.0)(501.4, 888.0);SD
Port:(486.9, 723.0)(634.4, 723.0)(634.4, 739.0)(649.9, 739.0)(649.9, 873.0)(486.9, 873.0);GATE
Port:(496.9, 728.0)(619.9, 728.0)(619.9, 732.0)(496.9, 732.0);SD
Module:M39
Boundary:(207.1, 891.4)(207.1, 967.4)(199.1, 967.4)(199.1, 982.4)(77.1, 982.4)(77.1, 891.4);GATE
Port:(77.1, 905.9)(87.1, 905.9)(87.1, 967.9)(77.1, 967.9);SD
Port:(207.1, 891.4)(207.1, 967.4)(199.1, 967.4)(199.1, 982.4)(92.1, 982.4)(92.1, 891.4);GATE
Port:(198.1, 901.4)(202.1, 901.4)(202.1, 952.4)(198.1, 952.4);SD
Module:M23
Boundary:(356.3, 897.6)(429.3, 897.6)(429.3, 1049.6)(356.3, 1049.6);GATE
Port:(370.8, 1039.6)(414.8, 1039.6)(414.8, 1049.6)(370.8, 1049.6);SD
Port:(356.3, 897.6)(429.3, 897.6)(429.3, 1034.6)(356.3, 1034.6);GATE
Port:(366.3, 902.6)(419.3, 902.6)(419.3, 906.6)(366.3, 906.6);SD
Module:M27
Boundary:(779.5, 930.9)(779.5, 1024.4)(769.5, 1024.4)(769.5, 1039.9)(619.5, 1039.9)(619.5, 930.9);GATE
Port:(619.5, 945.4)(629.5, 945.4)(629.5, 1025.4)(619.5, 1025.4);SD
Port:(779.5, 930.9)(779.5, 1024.4)(769.5, 1024.4)(769.5, 1039.9)(634.5, 1039.9)(634.5, 930.9);GATE
Port:(770.5, 940.9)(774.5, 940.9)(774.5, 1009.9)(770.5, 1009.9);SD
Module:M5
Boundary:(252.8, 853.9)(328.8, 853.9)(328.8, 861.9)(343.8, 861.9)(343.8, 1019.9)(252.8, 1019.9);GATE
Port:(267.3, 1009.9)(329.3, 1009.9)(329.3, 1019.9)(267.3, 1019.9);SD
Port:(252.8, 853.9)(328.8, 853.9)(328.8, 861.9)(343.8, 861.9)(343.8, 1004.9)(252.8, 1004.9);GATE
Port:(262.8, 858.9)(313.8, 858.9)(313.8, 862.9)(262.8, 862.9);SD
Module:M16
Boundary:(488.7, 1005.2)(582.2, 1005.2)(582.2, 1015.2)(597.7, 1015.2)(597.7, 1102.2)(488.7, 1102.2);GATE
Port:(503.2, 1092.2)(583.2, 1092.2)(583.2, 1102.2)(503.2, 1102.2);SD
Port:(488.7, 1005.2)(582.2, 1005.2)(582.2, 1015.2)(597.7, 1015.2)(597.7, 1087.2)(488.7, 1087.2);GATE
Port:(498.7, 1010.2)(567.7, 1010.2)(567.7, 1014.2)(498.7, 1014.2);SD
Module:M14
Boundary:(89.9, 1009.2)(219.4, 1009.2)(219.4, 1023.2)(234.9, 1023.2)(234.9, 1087.2)(89.9, 1087.2);GATE
Port:(104.4, 1077.2)(220.4, 1077.2)(220.4, 1087.2)(104.4, 1087.2);SD
Port:(89.9, 1009.2)(219.4, 1009.2)(219.4, 1023.2)(234.9, 1023.2)(234.9, 1072.2)(89.9, 1072.2);GATE
Port:(99.9, 1014.2)(204.9, 1014.2)(204.9, 1018.2)(99.9, 1018.2);SD
Module:M20
Boundary:(804.1, 955.8)(951.6, 955.8)(951.6, 971.8)(967.1, 971.8)(967.1, 1088.8)(804.1, 1088.8);GATE
Port:(818.6, 1078.8)(952.6, 1078.8)(952.6, 1088.8)(818.6, 1088.8);SD
Port:(804.1, 955.8)(951.6, 955.8)(951.6, 971.8)(967.1, 971.8)(967.1, 1073.8)(804.1, 1073.8);GATE
Port:(814.1, 960.8)(937.1, 960.8)(937.1, 964.8)(814.1, 964.8);SD
Module:M35
Boundary:(344.6, 1045.0)(344.6, 1121.0)(336.6, 1121.0)(336.6, 1136.0)(239.7, 1136.0)(239.7, 1045.0);GATE
Port:(239.7, 1059.5)(249.7, 1059.5)(249.7, 1121.5)(239.7, 1121.5);SD
Port:(344.6, 1045.0)(344.6, 1121.0)(336.6, 1121.0)(336.6, 1136.0)(254.7, 1136.0)(254.7, 1045.0);GATE
Port:(335.6, 1055.0)(339.6, 1055.0)(339.6, 1106.0)(335.6, 1106.0);SD
Module:M28
Boundary:(388.3, 1055.9)(499.8, 1055.9)(499.8, 1067.9)(515.3, 1067.9)(515.3, 1162.9)(388.3, 1162.9);GATE
Port:(402.8, 1152.9)(500.8, 1152.9)(500.8, 1162.9)(402.8, 1162.9);SD
Port:(388.3, 1055.9)(499.8, 1055.9)(499.8, 1067.9)(515.3, 1067.9)(515.3, 1147.9)(388.3, 1147.9);GATE
Port:(398.3, 1060.9)(485.3, 1060.9)(485.3, 1064.9)(398.3, 1064.9);SD
Module:M42
Boundary:(114.0, 1124.7)(207.5, 1124.7)(207.5, 1138.7)(223.0, 1138.7)(223.0, 1201.7)(114.0, 1201.7);GATE
Port:(128.5, 1191.7)(208.5, 1191.7)(208.5, 1201.7)(128.5, 1201.7);SD
Port:(114.0, 1124.7)(207.5, 1124.7)(207.5, 1138.7)(223.0, 1138.7)(223.0, 1186.7)(114.0, 1186.7);GATE
Port:(124.0, 1129.7)(193.0, 1129.7)(193.0, 1133.7)(124.0, 1133.7);SD
Module:M33
Boundary:(830.8, 1123.4)(978.3, 1123.4)(978.3, 1139.4)(993.8, 1139.4)(993.8, 1212.4)(830.8, 1212.4);GATE
Port:(845.3, 1202.4)(979.3, 1202.4)(979.3, 1212.4)(845.3, 1212.4);SD
Port:(830.8, 1123.4)(978.3, 1123.4)(978.3, 1139.4)(993.8, 1139.4)(993.8, 1197.4)(830.8, 1197.4);GATE
Port:(840.8, 1128.4)(963.8, 1128.4)(963.8, 1132.4)(840.8, 1132.4);SD
Module:M18
Boundary:(651.0, 1106.2)(798.5, 1106.2)(798.5, 1122.2)(814.0, 1122.2)(814.0, 1255.2)(651.0, 1255.2);GATE
Port:(665.5, 1245.2)(799.5, 1245.2)(799.5, 1255.2)(665.5, 1255.2);SD
Port:(651.0, 1106.2)(798.5, 1106.2)(798.5, 1122.2)(814.0, 1122.2)(814.0, 1240.2)(651.0, 1240.2);GATE
Port:(661.0, 1111.2)(784.0, 1111.2)(784.0, 1115.2)(661.0, 1115.2);SD
Module:M13
Boundary:(520.0, 1116.7)(631.5, 1116.7)(631.5, 1128.7)(647.0, 1128.7)(647.0, 1224.7)(520.0, 1224.7);GATE
Port:(534.5, 1214.7)(632.5, 1214.7)(632.5, 1224.7)(534.5, 1224.7);SD
Port:(520.0, 1116.7)(631.5, 1116.7)(631.5, 1128.7)(647.0, 1128.7)(647.0, 1209.7)(520.0, 1209.7);GATE
Port:(530.0, 1121.7)(617.0, 1121.7)(617.0, 1125.7)(530.0, 1125.7);SD
Module:M25
Boundary:(78.9, 1248.0)(172.4, 1248.0)(172.4, 1258.0)(187.9, 1258.0)(187.9, 1351.0)(78.9, 1351.0);GATE
Port:(93.4, 1341.0)(173.4, 1341.0)(173.4, 1351.0)(93.4, 1351.0);SD
Port:(78.9, 1248.0)(172.4, 1248.0)(172.4, 1258.0)(187.9, 1258.0)(187.9, 1336.0)(78.9, 1336.0);GATE
Port:(88.9, 1253.0)(157.9, 1253.0)(157.9, 1257.0)(88.9, 1257.0);SD
Module:M26
Boundary:(390.1, 1224.6)(483.6, 1224.6)(483.6, 1234.6)(499.1, 1234.6)(499.1, 1361.6)(390.1, 1361.6);GATE
Port:(404.6, 1351.6)(484.6, 1351.6)(484.6, 1361.6)(404.6, 1361.6);SD
Port:(390.1, 1224.6)(483.6, 1224.6)(483.6, 1234.6)(499.1, 1234.6)(499.1, 1346.6)(390.1, 1346.6);GATE
Port:(400.1, 1229.6)(469.1, 1229.6)(469.1, 1233.6)(400.1, 1233.6);SD
Module:M37
Boundary:(1031.5, 1240.5)(1031.5, 1316.5)(1023.5, 1316.5)(1023.5, 1331.5)(868.5, 1331.5)(868.5, 1240.5);GATE
Port:(868.5, 1255.0)(878.5, 1255.0)(878.5, 1317.0)(868.5, 1317.0);SD
Port:(1031.5, 1240.5)(1031.5, 1316.5)(1023.5, 1316.5)(1023.5, 1331.5)(883.5, 1331.5)(883.5, 1240.5);GATE
Port:(1022.5, 1250.5)(1026.5, 1250.5)(1026.5, 1301.5)(1022.5, 1301.5);SD
Module:M9
Boundary:(376.9, 1221.6)(376.9, 1351.1)(362.9, 1351.1)(362.9, 1366.6)(214.9, 1366.6)(214.9, 1221.6);GATE
Port:(214.9, 1236.1)(224.9, 1236.1)(224.9, 1352.1)(214.9, 1352.1);SD
Port:(376.9, 1221.6)(376.9, 1351.1)(362.9, 1351.1)(362.9, 1366.6)(229.9, 1366.6)(229.9, 1221.6);GATE
Port:(367.9, 1231.6)(371.9, 1231.6)(371.9, 1336.6)(367.9, 1336.6);SD
Module:M12
Boundary:(615.5, 1298.5)(615.5, 1371.5)(506.5, 1371.5)(506.5, 1298.5);GATE
Port:(506.5, 1313.0)(516.5, 1313.0)(516.5, 1357.0)(506.5, 1357.0);SD
Port:(615.5, 1298.5)(615.5, 1371.5)(521.5, 1371.5)(521.5, 1298.5);GATE
Port:(606.5, 1308.5)(610.5, 1308.5)(610.5, 1361.5)(606.5, 1361.5);SD
Module:M34
Boundary:(625.8, 1277.7)(773.3, 1277.7)(773.3, 1317.3)(806.8, 1317.3)(806.8, 1370.7)(625.8, 1370.7);GATE
Port:(640.3, 1360.7)(792.3, 1360.7)(792.3, 1370.7)(640.3, 1370.7);SD
Port:(625.8, 1277.7)(773.3, 1277.7)(773.3, 1317.3)(806.8, 1317.3)(806.8, 1355.7)(625.8, 1355.7);GATE
Port:(635.8, 1282.7)(758.8, 1282.7)(758.8, 1286.7)(635.8, 1286.7);SD
