Area:(28.9, -19.4)(542.3, -19.4)(542.3, 274.2)(28.9, 274.2)
Rule:GATE(5,5);SD(5,5);GATE_SD(0.5);GATE_ITO(0.5);SD_ITO(0.5)
Module:M1
Boundary:(160.4, 46.6)(160.4, 77.4)(160.4, 77.4)(160.4, 91.1)(68.9, 91.1)(68.9, 46.6);GATE
Port:(68.9, 58.6)(73.0, 58.6)(73.0, 79.1)(68.9, 79.1);SD
Port:(160.4, 46.6)(160.4, 77.4)(160.4, 77.4)(160.4, 91.1)(74.6, 91.1)(74.6, 46.6);GATE
Port:(150.1, 53.0)(155.0, 53.0)(155.0, 71.0)(150.1, 71.0);SD
Module:M5
Boundary:(279.5, 125.6)(279.5, 72.5)(279.5, 72.5)(279.5, 59.7)(502.3, 59.7)(502.3, 125.6);GATE
Port:(496.7, 70.3)(502.3, 70.3)(502.3, 115.0)(496.7, 115.0);SD
Port:(279.5, 125.6)(279.5, 72.5)(279.5, 72.5)(279.5, 59.7)(495.3, 59.7)(495.3, 125.6);GATE
Port:(284.0, 78.0)(288.4, 78.0)(288.4, 120.1)(284.0, 120.1);SD
Module:M4
Boundary:(265.4, 173.3)(190.7, 173.3)(190.7, 109.6)(173.3, 109.6)(173.3, 20.6)(265.4, 20.6);GATE
Port:(188.6, 20.6)(250.2, 20.6)(250.2, 25.8)(188.6, 25.8);SD
Port:(265.4, 173.3)(190.7, 173.3)(190.7, 109.6)(173.3, 109.6)(173.3, 28.2)(265.4, 28.2);GATE
Port:(197.2, 161.5)(259.8, 161.5)(259.8, 168.7)(197.2, 168.7);SD
Module:M3
Boundary:(165.4, 110.5)(95.0, 110.5)(95.0, 224.9)(165.4, 224.9);GATE
Port:(107.8, 219.1)(152.6, 219.1)(152.6, 224.9)(107.8, 224.9);SD
Port:(165.4, 110.5)(95.0, 110.5)(95.0, 217.9)(165.4, 217.9);GATE
Port:(101.7, 116.2)(158.7, 116.2)(158.7, 121.6)(101.7, 121.6);SD
Module:M2
Boundary:(489.0, 234.2)(489.0, 142.6)(352.6, 142.6)(352.6, 125.9)(268.1, 125.9)(268.1, 234.2);GATE
Port:(268.1, 140.8)(272.8, 140.8)(272.8, 219.3)(268.1, 219.3);SD
Port:(489.0, 234.2)(489.0, 142.6)(352.6, 142.6)(352.6, 125.9)(274.7, 125.9)(274.7, 234.2);GATE
Port:(476.7, 150.2)(483.4, 150.2)(483.4, 227.6)(476.7, 227.6);SD
