Area:(-20.0, -20.0)(364.9, -20.0)(364.9, 444.1)(-20.0, 444.1)
Rule:GATE(5,5);SD(5,5);GATE_SD(0.5);GATE_ITO(0.5);SD_ITO(0.5)
Module:M5
Boundary:(324.9, 164.2)(324.9, 257.3)(127.5, 257.3)(127.5, 164.2);GATE
Port:(127.5, 175.8)(132.1, 175.8)(132.1, 245.7)(127.5, 245.7);SD
Port:(324.9, 164.2)(324.9, 257.3)(133.5, 257.3)(133.5, 164.2);GATE
Port:(316.3, 169.2)(320.9, 169.2)(320.9, 252.3)(316.3, 252.3);SD
Module:M1
Boundary:(20.0, 152.2)(72.1, 152.2)(72.1, 152.4)(87.5, 152.4)(87.5, 342.9)(20.0, 342.9);GATE
Port:(34.4, 338.5)(73.1, 338.5)(73.1, 342.9)(34.4, 342.9);SD
Port:(20.0, 152.2)(72.1, 152.2)(72.1, 152.4)(87.5, 152.4)(87.5, 336.6)(20.0, 336.6);GATE
Port:(26.9, 158.1)(65.2, 158.1)(65.2, 164.7)(26.9, 164.7);SD
Module:M2
Boundary:(192.0, 20.0)(291.1, 20.0)(291.1, 27.2)(306.0, 27.2)(306.0, 124.2)(192.0, 124.2);GATE
Port:(205.9, 118.3)(292.1, 118.3)(292.1, 124.2)(205.9, 124.2);SD
Port:(192.0, 20.0)(291.1, 20.0)(291.1, 27.2)(306.0, 27.2)(306.0, 116.8)(192.0, 116.8);GATE
Port:(197.5, 24.5)(284.6, 24.5)(284.6, 31.2)(197.5, 31.2);SD
Module:M3
Boundary:(152.0, 20.0)(152.0, 97.6)(151.6, 97.6)(151.6, 112.2)(20.0, 112.2)(20.0, 20.0);GATE
Port:(20.0, 33.7)(24.3, 33.7)(24.3, 98.5)(20.0, 98.5);SD
Port:(152.0, 20.0)(152.0, 97.6)(151.6, 97.6)(151.6, 112.2)(26.5, 112.2)(26.5, 20.0);GATE
Port:(140.7, 26.4)(146.6, 26.4)(146.6, 91.2)(140.7, 91.2);SD
Module:M4
Boundary:(304.3, 297.3)(304.3, 390.4)(259.1, 390.4)(259.1, 404.1)(127.5, 404.1)(127.5, 297.3);GATE
Port:(127.5, 310.8)(132.3, 310.8)(132.3, 390.6)(127.5, 390.6);SD
Port:(304.3, 297.3)(304.3, 390.4)(259.1, 390.4)(259.1, 404.1)(134.6, 404.1)(134.6, 297.3);GATE
Port:(293.0, 304.1)(298.5, 304.1)(298.5, 382.6)(293.0, 382.6);SD
