Area:(-20.0, -2.8)(428.7, -2.8)(428.7, 300.9)(-20.0, 300.9)
Rule:GATE(5,5);SD(5,5);GATE_SD(0.5);GATE_ITO(0.5);SD_ITO(0.5)
Module:M4
Boundary:(363.7, 110.2)(363.7, 37.2)(215.7, 37.2)(215.7, 110.2);GATE
Port:(215.7, 51.7)(225.7, 51.7)(225.7, 95.7)(215.7, 95.7);SD
Port:(363.7, 110.2)(363.7, 37.2)(230.7, 37.2)(230.7, 110.2);GATE
Port:(354.7, 47.2)(358.7, 47.2)(358.7, 100.2)(354.7, 100.2);SD
Module:M2
Boundary:(36.5, 133.9)(184.0, 133.9)(184.0, 117.9)(199.5, 117.9)(199.5, 40.9)(36.5, 40.9);GATE
Port:(51.0, 40.9)(185.0, 40.9)(185.0, 50.9)(51.0, 50.9);SD
Port:(36.5, 133.9)(184.0, 133.9)(184.0, 117.9)(199.5, 117.9)(199.5, 55.9)(36.5, 55.9);GATE
Port:(46.5, 124.9)(169.5, 124.9)(169.5, 128.9)(46.5, 128.9);SD
Module:M3
Boundary:(170.8, 246.5)(243.8, 246.5)(243.8, 152.5)(170.8, 152.5);GATE
Port:(185.3, 152.5)(229.3, 152.5)(229.3, 162.5)(185.3, 162.5);SD
Port:(170.8, 246.5)(243.8, 246.5)(243.8, 167.5)(170.8, 167.5);GATE
Port:(180.8, 237.5)(233.8, 237.5)(233.8, 241.5)(180.8, 241.5);SD
Module:M5
Boundary:(158.0, 249.7)(158.0, 156.2)(148.0, 156.2)(148.0, 140.7)(20.0, 140.7)(20.0, 249.7);GATE
Port:(20.0, 155.2)(30.0, 155.2)(30.0, 235.2)(20.0, 235.2);SD
Port:(158.0, 249.7)(158.0, 156.2)(148.0, 156.2)(148.0, 140.7)(35.0, 140.7)(35.0, 249.7);GATE
Port:(149.0, 170.7)(153.0, 170.7)(153.0, 239.7)(149.0, 239.7);SD
Module:M1
Boundary:(388.7, 260.9)(295.2, 260.9)(295.2, 250.9)(279.7, 250.9)(279.7, 119.9)(388.7, 119.9);GATE
Port:(294.2, 119.9)(374.2, 119.9)(374.2, 129.9)(294.2, 129.9);SD
Port:(388.7, 260.9)(295.2, 260.9)(295.2, 250.9)(279.7, 250.9)(279.7, 134.9)(388.7, 134.9);GATE
Port:(309.7, 251.9)(378.7, 251.9)(378.7, 255.9)(309.7, 255.9);SD
