Area:(-20.0, -20.0)(1300.2, -20.0)(1300.2, 943.2)(-20.0, 943.2)
Rule:GATE(5,5);SD(5,5);GATE_SD(0.5);GATE_ITO(0.5);SD_ITO(0.5)
Module:M14
Boundary:(897.5, 674.2)(897.5, 753.6)(835.4, 753.6)(835.4, 767.2)(768.1, 767.2)(768.1, 674.2);GATE
Port:(768.1, 688.1)(773.7, 688.1)(773.7, 753.3)(768.1, 753.3);SD
Port:(897.5, 674.2)(897.5, 753.6)(835.4, 753.6)(835.4, 767.2)(775.5, 767.2)(775.5, 674.2);GATE
Port:(885.5, 681.0)(891.7, 681.0)(891.7, 745.8)(885.5, 745.8);SD
Module:M9
Boundary:(737.2, 151.4)(808.0, 151.4)(808.0, 352.7)(737.2, 352.7);GATE
Port:(751.8, 347.1)(793.4, 347.1)(793.4, 352.7)(751.8, 352.7);SD
Port:(737.2, 151.4)(808.0, 151.4)(808.0, 345.0)(737.2, 345.0);GATE
Port:(743.2, 156.4)(802.0, 156.4)(802.0, 163.3)(743.2, 163.3);SD
Module:M5
Boundary:(1070.0, 20.0)(1137.9, 20.0)(1137.9, 20.3)(1153.9, 20.3)(1153.9, 179.4)(1070.0, 179.4);GATE
Port:(1084.4, 175.0)(1139.5, 175.0)(1139.5, 179.4)(1084.4, 179.4);SD
Port:(1070.0, 20.0)(1137.9, 20.0)(1137.9, 20.3)(1153.9, 20.3)(1153.9, 173.2)(1070.0, 173.2);GATE
Port:(1076.3, 25.3)(1131.6, 25.3)(1131.6, 32.0)(1076.3, 32.0);SD
Module:M11
Boundary:(1128.8, 390.2)(1128.8, 479.1)(957.0, 479.1)(957.0, 390.2);GATE
Port:(957.0, 404.1)(962.0, 404.1)(962.0, 465.2)(957.0, 465.2);SD
Port:(1128.8, 390.2)(1128.8, 479.1)(963.1, 479.1)(963.1, 390.2);GATE
Port:(1116.7, 396.8)(1123.2, 396.8)(1123.2, 472.5)(1116.7, 472.5);SD
Module:M1
Boundary:(728.1, 674.2)(728.1, 724.2)(727.9, 724.2)(727.9, 740.9)(593.1, 740.9)(593.1, 674.2);GATE
Port:(593.1, 687.5)(598.0, 687.5)(598.0, 727.6)(593.1, 727.6);SD
Port:(728.1, 674.2)(728.1, 724.2)(727.9, 724.2)(727.9, 740.9)(600.7, 740.9)(600.7, 674.2);GATE
Port:(717.9, 680.4)(722.9, 680.4)(722.9, 718.0)(717.9, 718.0);SD
Module:M43
Boundary:(850.2, 386.3)(917.0, 386.3)(917.0, 471.0)(850.2, 471.0);GATE
Port:(864.0, 465.9)(903.2, 465.9)(903.2, 471.0)(864.0, 471.0);SD
Port:(850.2, 386.3)(917.0, 386.3)(917.0, 463.0)(850.2, 463.0);GATE
Port:(856.4, 391.5)(910.8, 391.5)(910.8, 397.0)(856.4, 397.0);SD
Module:M38
Boundary:(1133.4, 814.6)(1133.4, 903.2)(937.5, 903.2)(937.5, 814.6);GATE
Port:(937.5, 826.3)(941.6, 826.3)(941.6, 891.5)(937.5, 891.5);SD
Port:(1133.4, 814.6)(1133.4, 903.2)(944.0, 903.2)(944.0, 814.6);GATE
Port:(1123.5, 821.2)(1127.8, 821.2)(1127.8, 896.6)(1123.5, 896.6);SD
Module:M40
Boundary:(215.7, 550.8)(215.7, 647.3)(119.2, 647.3)(119.2, 662.0)(30.0, 662.0)(30.0, 550.8);GATE
Port:(30.0, 563.7)(35.0, 563.7)(35.0, 649.1)(30.0, 649.1);SD
Port:(215.7, 550.8)(215.7, 647.3)(119.2, 647.3)(119.2, 662.0)(37.6, 662.0)(37.6, 550.8);GATE
Port:(205.3, 556.1)(211.4, 556.1)(211.4, 641.0)(205.3, 641.0);SD
Module:M35
Boundary:(267.0, 419.3)(356.8, 419.3)(356.8, 527.1)(267.0, 527.1);GATE
Port:(279.1, 522.7)(344.7, 522.7)(344.7, 527.1)(279.1, 527.1);SD
Port:(267.0, 419.3)(356.8, 419.3)(356.8, 521.3)(267.0, 521.3);GATE
Port:(273.7, 425.0)(350.1, 425.0)(350.1, 429.4)(273.7, 429.4);SD
Module:M32
Boundary:(1126.7, 529.1)(1126.7, 587.6)(1126.5, 587.6)(1126.5, 606.2)(922.5, 606.2)(922.5, 529.1);GATE
Port:(922.5, 545.3)(928.2, 545.3)(928.2, 590.0)(922.5, 590.0);SD
Port:(1126.7, 529.1)(1126.7, 587.6)(1126.5, 587.6)(1126.5, 606.2)(930.3, 606.2)(930.3, 529.1);GATE
Port:(1114.0, 536.1)(1120.7, 536.1)(1120.7, 580.6)(1114.0, 580.6);SD
Module:M27
Boundary:(242.3, 767.5)(314.5, 767.5)(314.5, 767.6)(332.8, 767.6)(332.8, 902.9)(242.3, 902.9);GATE
Port:(256.6, 898.4)(318.5, 898.4)(318.5, 902.9)(256.6, 902.9);SD
Port:(242.3, 767.5)(314.5, 767.5)(314.5, 767.6)(332.8, 767.6)(332.8, 896.3)(242.3, 896.3);GATE
Port:(248.0, 772.2)(308.8, 772.2)(308.8, 778.3)(248.0, 778.3);SD
Module:M24
Boundary:(588.6, 142.1)(682.8, 142.1)(682.8, 180.9)(697.2, 180.9)(697.2, 360.7)(588.6, 360.7);GATE
Port:(600.8, 356.3)(685.0, 356.3)(685.0, 360.7)(600.8, 360.7);SD
Port:(588.6, 142.1)(682.8, 142.1)(682.8, 180.9)(697.2, 180.9)(697.2, 355.3)(588.6, 355.3);GATE
Port:(594.8, 147.3)(675.6, 147.3)(675.6, 152.0)(594.8, 152.0);SD
Module:M19
Boundary:(1185.2, 666.2)(1227.7, 666.2)(1227.7, 666.2)(1241.2, 666.2)(1241.2, 883.4)(1185.2, 883.4);GATE
Port:(1196.7, 879.1)(1229.7, 879.1)(1229.7, 883.4)(1196.7, 883.4);SD
Port:(1185.2, 666.2)(1227.7, 666.2)(1227.7, 666.2)(1241.2, 666.2)(1241.2, 877.4)(1185.2, 877.4);GATE
Port:(1190.4, 670.4)(1222.5, 670.4)(1222.5, 675.9)(1190.4, 675.9);SD
Module:M6
Boundary:(897.7, 20.0)(897.7, 98.1)(805.1, 98.1)(805.1, 111.4)(739.5, 111.4)(739.5, 20.0);GATE
Port:(739.5, 34.1)(744.9, 34.1)(744.9, 97.3)(739.5, 97.3);SD
Port:(897.7, 20.0)(897.7, 98.1)(805.1, 98.1)(805.1, 111.4)(746.9, 111.4)(746.9, 20.0);GATE
Port:(886.0, 26.7)(892.0, 26.7)(892.0, 90.4)(886.0, 90.4);SD
Module:M21
Boundary:(537.0, 20.0)(537.0, 123.9)(308.2, 123.9)(308.2, 20.0);GATE
Port:(308.2, 35.4)(313.2, 35.4)(313.2, 108.5)(308.2, 108.5);SD
Port:(537.0, 20.0)(537.0, 123.9)(314.8, 123.9)(314.8, 20.0);GATE
Port:(524.8, 26.4)(531.6, 26.4)(531.6, 117.5)(524.8, 117.5);SD
Module:M2
Boundary:(553.1, 560.7)(553.1, 644.8)(501.1, 644.8)(501.1, 659.5)(396.8, 659.5)(396.8, 560.7);GATE
Port:(396.8, 575.1)(401.3, 575.1)(401.3, 645.1)(396.8, 645.1);SD
Port:(553.1, 560.7)(553.1, 644.8)(501.1, 644.8)(501.1, 659.5)(403.6, 659.5)(403.6, 560.7);GATE
Port:(540.5, 567.0)(547.8, 567.0)(547.8, 637.5)(540.5, 637.5);SD
Module:M16
Boundary:(227.0, 411.8)(227.0, 487.4)(203.3, 487.4)(203.3, 500.8)(154.4, 500.8)(154.4, 411.8);GATE
Port:(154.4, 424.3)(159.8, 424.3)(159.8, 488.3)(154.4, 488.3);SD
Port:(227.0, 411.8)(227.0, 487.4)(203.3, 487.4)(203.3, 500.8)(162.8, 500.8)(162.8, 411.8);GATE
Port:(216.8, 417.5)(222.3, 417.5)(222.3, 480.7)(216.8, 480.7);SD
Module:M13
Boundary:(1135.2, 656.2)(1135.2, 774.6)(937.5, 774.6)(937.5, 656.2);GATE
Port:(937.5, 671.6)(941.9, 671.6)(941.9, 759.2)(937.5, 759.2);SD
Port:(1135.2, 656.2)(1135.2, 774.6)(944.8, 774.6)(944.8, 656.2);GATE
Port:(1122.5, 662.2)(1130.2, 662.2)(1130.2, 768.6)(1122.5, 768.6);SD
Module:M45
Boundary:(551.6, 699.5)(551.6, 752.3)(551.3, 752.3)(551.3, 768.8)(387.0, 768.8)(387.0, 699.5);GATE
Port:(387.0, 714.4)(392.6, 714.4)(392.6, 753.9)(387.0, 753.9);SD
Port:(551.6, 699.5)(551.6, 752.3)(551.3, 752.3)(551.3, 768.8)(393.9, 768.8)(393.9, 699.5);GATE
Port:(539.5, 706.1)(546.0, 706.1)(546.0, 745.7)(539.5, 745.7);SD
Module:M10
Boundary:(202.3, 818.6)(202.3, 884.5)(154.9, 884.5)(154.9, 898.8)(20.0, 898.8)(20.0, 818.6);GATE
Port:(20.0, 832.2)(24.8, 832.2)(24.8, 885.2)(20.0, 885.2);SD
Port:(202.3, 818.6)(202.3, 884.5)(154.9, 884.5)(154.9, 898.8)(26.8, 898.8)(26.8, 818.6);GATE
Port:(191.2, 825.5)(196.4, 825.5)(196.4, 876.6)(191.2, 876.6);SD
Module:M42
Boundary:(957.0, 168.6)(1007.3, 168.6)(1007.3, 168.9)(1024.5, 168.9)(1024.5, 331.9)(957.0, 331.9);GATE
Port:(970.2, 326.4)(1011.3, 326.4)(1011.3, 331.9)(970.2, 331.9);SD
Port:(957.0, 168.6)(1007.3, 168.6)(1007.3, 168.9)(1024.5, 168.9)(1024.5, 325.3)(957.0, 325.3);GATE
Port:(962.3, 172.9)(1002.0, 172.9)(1002.0, 178.8)(962.3, 178.8);SD
Module:M37
Boundary:(161.9, 178.7)(265.9, 178.7)(265.9, 371.8)(161.9, 371.8);GATE
Port:(174.9, 366.5)(252.9, 366.5)(252.9, 371.8)(174.9, 371.8);SD
Port:(161.9, 178.7)(265.9, 178.7)(265.9, 365.3)(161.9, 365.3);GATE
Port:(167.7, 183.5)(260.1, 183.5)(260.1, 188.9)(167.7, 188.9);SD
Module:M34
Boundary:(201.4, 712.0)(201.4, 762.5)(169.7, 762.5)(169.7, 778.6)(20.0, 778.6)(20.0, 712.0);GATE
Port:(20.0, 724.4)(25.1, 724.4)(25.1, 766.2)(20.0, 766.2);SD
Port:(201.4, 712.0)(201.4, 762.5)(169.7, 762.5)(169.7, 778.6)(26.5, 778.6)(26.5, 712.0);GATE
Port:(191.5, 717.2)(197.2, 717.2)(197.2, 756.3)(191.5, 756.3);SD
Module:M29
Boundary:(265.7, 567.1)(332.0, 567.1)(332.0, 567.2)(347.0, 567.2)(347.0, 727.5)(265.7, 727.5);GATE
Port:(280.5, 723.0)(332.2, 723.0)(332.2, 727.5)(280.5, 727.5);SD
Port:(265.7, 567.1)(332.0, 567.1)(332.0, 567.2)(347.0, 567.2)(347.0, 721.2)(265.7, 721.2);GATE
Port:(272.0, 572.4)(325.7, 572.4)(325.7, 580.1)(272.0, 580.1);SD
Module:M7
Boundary:(560.7, 808.8)(560.7, 887.1)(560.3, 887.1)(560.3, 902.0)(372.8, 902.0)(372.8, 808.8);GATE
Port:(372.8, 822.6)(378.5, 822.6)(378.5, 888.2)(372.8, 888.2);SD
Port:(560.7, 808.8)(560.7, 887.1)(560.3, 887.1)(560.3, 902.0)(379.8, 902.0)(379.8, 808.8);GATE
Port:(549.4, 814.3)(556.2, 814.3)(556.2, 881.6)(549.4, 881.6);SD
Module:M31
Boundary:(850.2, 151.4)(884.3, 151.4)(884.3, 151.5)(900.3, 151.5)(900.3, 346.3)(850.2, 346.3);GATE
Port:(864.1, 342.3)(886.4, 342.3)(886.4, 346.3)(864.1, 346.3);SD
Port:(850.2, 151.4)(884.3, 151.4)(884.3, 151.5)(900.3, 151.5)(900.3, 339.7)(850.2, 339.7);GATE
Port:(857.2, 157.4)(877.3, 157.4)(877.3, 162.2)(857.2, 162.2);SD
Module:M3
Boundary:(20.0, 20.0)(114.8, 20.0)(114.8, 20.3)(131.0, 20.3)(131.0, 99.1)(20.0, 99.1);GATE
Port:(31.3, 93.3)(119.7, 93.3)(119.7, 99.1)(31.3, 99.1);SD
Port:(20.0, 20.0)(114.8, 20.0)(114.8, 20.3)(131.0, 20.3)(131.0, 91.2)(20.0, 91.2);GATE
Port:(25.0, 24.0)(109.8, 24.0)(109.8, 28.5)(25.0, 28.5);SD
Module:M26
Boundary:(1250.7, 229.4)(1250.7, 325.4)(1143.8, 325.4)(1143.8, 340.2)(1074.5, 340.2)(1074.5, 229.4);GATE
Port:(1074.5, 241.5)(1080.4, 241.5)(1080.4, 328.1)(1074.5, 328.1);SD
Port:(1250.7, 229.4)(1250.7, 325.4)(1143.8, 325.4)(1143.8, 340.2)(1081.8, 340.2)(1081.8, 229.4);GATE
Port:(1240.8, 234.6)(1246.5, 234.6)(1246.5, 319.2)(1240.8, 319.2);SD
Module:M23
Boundary:(268.2, 20.0)(268.2, 121.9)(268.2, 121.9)(268.2, 138.7)(171.0, 138.7)(171.0, 20.0);GATE
Port:(171.0, 34.1)(176.2, 34.1)(176.2, 124.6)(171.0, 124.6);SD
Port:(268.2, 20.0)(268.2, 121.9)(268.2, 121.9)(268.2, 138.7)(179.0, 138.7)(179.0, 20.0);GATE
Port:(257.6, 26.4)(262.8, 26.4)(262.8, 115.5)(257.6, 115.5);SD
Module:M18
Boundary:(689.5, 30.0)(689.5, 77.8)(659.3, 77.8)(659.3, 92.1)(587.0, 92.1)(587.0, 30.0);GATE
Port:(587.0, 42.4)(592.5, 42.4)(592.5, 79.7)(587.0, 79.7);SD
Port:(689.5, 30.0)(689.5, 77.8)(659.3, 77.8)(659.3, 92.1)(594.9, 92.1)(594.9, 30.0);GATE
Port:(679.2, 35.5)(685.0, 35.5)(685.0, 71.3)(679.2, 71.3);SD
Module:M20
Boundary:(513.6, 311.6)(513.6, 365.8)(459.7, 365.8)(459.7, 379.3)(305.9, 379.3)(305.9, 311.6);GATE
Port:(305.9, 326.6)(311.5, 326.6)(311.5, 364.3)(305.9, 364.3);SD
Port:(513.6, 311.6)(513.6, 365.8)(459.7, 365.8)(459.7, 379.3)(314.3, 379.3)(314.3, 311.6);GATE
Port:(500.7, 318.2)(508.0, 318.2)(508.0, 357.2)(500.7, 357.2);SD
Module:M15
Boundary:(20.0, 305.8)(114.4, 305.8)(114.4, 490.2)(20.0, 490.2);GATE
Port:(34.2, 485.3)(100.2, 485.3)(100.2, 490.2)(34.2, 490.2);SD
Port:(20.0, 305.8)(114.4, 305.8)(114.4, 484.3)(20.0, 484.3);GATE
Port:(26.9, 311.7)(107.5, 311.7)(107.5, 318.2)(26.9, 318.2);SD
Module:M12
Boundary:(693.4, 560.7)(693.4, 616.6)(648.7, 616.6)(648.7, 634.2)(593.1, 634.2)(593.1, 560.7);GATE
Port:(593.1, 574.9)(598.8, 574.9)(598.8, 620.0)(593.1, 620.0);SD
Port:(693.4, 560.7)(693.4, 616.6)(648.7, 616.6)(648.7, 634.2)(600.0, 634.2)(600.0, 560.7);GATE
Port:(682.2, 566.7)(688.4, 566.7)(688.4, 609.6)(682.2, 609.6);SD
Module:M44
Boundary:(1176.7, 390.2)(1242.3, 390.2)(1242.3, 429.1)(1257.0, 429.1)(1257.0, 610.6)(1176.7, 610.6);GATE
Port:(1189.8, 605.8)(1243.9, 605.8)(1243.9, 610.6)(1189.8, 610.6);SD
Port:(1176.7, 390.2)(1242.3, 390.2)(1242.3, 429.1)(1257.0, 429.1)(1257.0, 603.0)(1176.7, 603.0);GATE
Port:(1182.3, 394.8)(1235.7, 394.8)(1235.7, 401.1)(1182.3, 401.1);SD
Module:M39
Boundary:(950.3, 30.0)(1020.0, 30.0)(1020.0, 118.6)(950.3, 118.6);GATE
Port:(961.7, 114.0)(1008.6, 114.0)(1008.6, 118.6)(961.7, 118.6);SD
Port:(950.3, 30.0)(1020.0, 30.0)(1020.0, 111.3)(950.3, 111.3);GATE
Port:(956.4, 35.1)(1013.9, 35.1)(1013.9, 39.6)(956.4, 39.6);SD
Module:M8
Boundary:(600.7, 780.9)(667.2, 780.9)(667.2, 808.2)(681.2, 808.2)(681.2, 897.5)(600.7, 897.5);GATE
Port:(614.6, 892.7)(667.3, 892.7)(667.3, 897.5)(614.6, 897.5);SD
Port:(600.7, 780.9)(667.2, 780.9)(667.2, 808.2)(681.2, 808.2)(681.2, 890.6)(600.7, 890.6);GATE
Port:(607.1, 786.3)(659.8, 786.3)(659.8, 793.1)(607.1, 793.1);SD
Module:M41
Boundary:(632.2, 400.7)(680.7, 400.7)(680.7, 400.9)(696.5, 400.9)(696.5, 504.7)(632.2, 504.7);GATE
Port:(645.4, 499.6)(683.3, 499.6)(683.3, 504.7)(645.4, 504.7);SD
Port:(632.2, 400.7)(680.7, 400.7)(680.7, 400.9)(696.5, 400.9)(696.5, 497.4)(632.2, 497.4);GATE
Port:(638.4, 405.9)(674.5, 405.9)(674.5, 411.0)(638.4, 411.0);SD
Module:M4
Boundary:(872.5, 540.4)(872.5, 619.5)(804.8, 619.5)(804.8, 634.2)(736.5, 634.2)(736.5, 540.4);GATE
Port:(736.5, 552.9)(741.5, 552.9)(741.5, 621.7)(736.5, 621.7);SD
Port:(872.5, 540.4)(872.5, 619.5)(804.8, 619.5)(804.8, 634.2)(743.8, 634.2)(743.8, 540.4);GATE
Port:(863.0, 546.0)(867.9, 546.0)(867.9, 612.9)(863.0, 612.9);SD
Module:M36
Boundary:(883.0, 807.2)(883.0, 888.0)(800.9, 888.0)(800.9, 902.5)(721.2, 902.5)(721.2, 807.2);GATE
Port:(721.2, 820.5)(725.4, 820.5)(725.4, 889.2)(721.2, 889.2);SD
Port:(883.0, 807.2)(883.0, 888.0)(800.9, 888.0)(800.9, 902.5)(728.4, 902.5)(728.4, 807.2);GATE
Port:(871.8, 813.2)(878.0, 813.2)(878.0, 881.0)(871.8, 881.0);SD
Module:M33
Boundary:(548.6, 163.9)(548.6, 242.7)(548.4, 242.7)(548.4, 257.4)(427.6, 257.4)(427.6, 163.9);GATE
Port:(427.6, 177.8)(432.5, 177.8)(432.5, 243.5)(427.6, 243.5);SD
Port:(548.6, 163.9)(548.6, 242.7)(548.4, 242.7)(548.4, 257.4)(435.0, 257.4)(435.0, 163.9);GATE
Port:(536.4, 170.1)(543.4, 170.1)(543.4, 236.5)(536.4, 236.5);SD
Module:M28
Boundary:(736.5, 400.7)(797.1, 400.7)(797.1, 438.0)(810.2, 438.0)(810.2, 500.4)(736.5, 500.4);GATE
Port:(749.0, 496.0)(797.7, 496.0)(797.7, 500.4)(749.0, 500.4);SD
Port:(736.5, 400.7)(797.1, 400.7)(797.1, 438.0)(810.2, 438.0)(810.2, 493.1)(736.5, 493.1);GATE
Port:(742.0, 405.2)(790.6, 405.2)(790.6, 411.2)(742.0, 411.2);SD
Module:M30
Boundary:(592.2, 419.3)(592.2, 505.0)(575.2, 505.0)(575.2, 520.7)(396.8, 520.7)(396.8, 419.3);GATE
Port:(396.8, 433.5)(400.9, 433.5)(400.9, 506.5)(396.8, 506.5);SD
Port:(592.2, 419.3)(592.2, 505.0)(575.2, 505.0)(575.2, 520.7)(403.5, 520.7)(403.5, 419.3);GATE
Port:(581.2, 425.4)(587.1, 425.4)(587.1, 497.9)(581.2, 497.9);SD
Module:M25
Boundary:(387.6, 163.9)(387.6, 254.2)(387.3, 254.2)(387.3, 271.6)(308.2, 271.6)(308.2, 163.9);GATE
Port:(308.2, 179.5)(312.4, 179.5)(312.4, 256.0)(308.2, 256.0);SD
Port:(387.6, 163.9)(387.6, 254.2)(387.3, 254.2)(387.3, 271.6)(315.2, 271.6)(315.2, 163.9);GATE
Port:(375.0, 170.2)(382.3, 170.2)(382.3, 247.9)(375.0, 247.9);SD
Module:M22
Boundary:(1193.9, 20.0)(1244.6, 20.0)(1244.6, 95.7)(1260.2, 95.7)(1260.2, 168.7)(1193.9, 168.7);GATE
Port:(1207.0, 164.5)(1247.1, 164.5)(1247.1, 168.7)(1207.0, 168.7);SD
Port:(1193.9, 20.0)(1244.6, 20.0)(1244.6, 95.7)(1260.2, 95.7)(1260.2, 162.1)(1193.9, 162.1);GATE
Port:(1199.4, 24.5)(1238.1, 24.5)(1238.1, 29.8)(1199.4, 29.8);SD
Module:M17
Boundary:(30.0, 149.1)(111.9, 149.1)(111.9, 255.8)(30.0, 255.8);GATE
Port:(43.6, 249.9)(98.3, 249.9)(98.3, 255.8)(43.6, 255.8);SD
Port:(30.0, 149.1)(111.9, 149.1)(111.9, 247.7)(30.0, 247.7);GATE
Port:(36.9, 155.0)(105.0, 155.0)(105.0, 161.0)(36.9, 161.0);SD
