Area:(10.9, 0.9)(390.0, 0.9)(390.0, 837.9)(10.9, 837.9)
Rule:GATE(5,5);SD(5,5);GATE_SD(0.5);GATE_ITO(0.5);SD_ITO(0.5)
Module:M4
Boundary:(223.0, 104.5)(223.0, 234.0)(237.0, 234.0)(237.0, 249.5)(350.0, 249.5)(350.0, 104.5);GATE
Port:(340.0, 119.0)(350.0, 119.0)(350.0, 235.0)(340.0, 235.0);SD
Port:(223.0, 104.5)(223.0, 234.0)(237.0, 234.0)(237.0, 249.5)(335.0, 249.5)(335.0, 104.5);GATE
Port:(228.0, 114.5)(232.0, 114.5)(232.0, 219.5)(228.0, 219.5);SD
Module:M2
Boundary:(217.1, 230.9)(87.6, 230.9)(87.6, 143.6)(54.1, 143.6)(54.1, 40.9)(217.1, 40.9);GATE
Port:(68.6, 40.9)(202.6, 40.9)(202.6, 50.9)(68.6, 50.9);SD
Port:(217.1, 230.9)(87.6, 230.9)(87.6, 143.6)(54.1, 143.6)(54.1, 55.9)(217.1, 55.9);GATE
Port:(102.1, 221.9)(207.1, 221.9)(207.1, 225.9)(102.1, 225.9);SD
Module:M1
Boundary:(267.6, 324.0)(267.6, 251.0)(154.6, 251.0)(154.6, 324.0);GATE
Port:(154.6, 265.5)(164.6, 265.5)(164.6, 309.5)(154.6, 309.5);SD
Port:(267.6, 324.0)(267.6, 251.0)(169.6, 251.0)(169.6, 324.0);GATE
Port:(258.6, 261.0)(262.6, 261.0)(262.6, 314.0)(258.6, 314.0);SD
Module:M5
Boundary:(138.8, 414.9)(65.8, 414.9)(65.8, 243.9)(138.8, 243.9);GATE
Port:(80.3, 243.9)(124.3, 243.9)(124.3, 253.9)(80.3, 253.9);SD
Port:(138.8, 414.9)(65.8, 414.9)(65.8, 258.9)(138.8, 258.9);GATE
Port:(75.8, 405.9)(128.8, 405.9)(128.8, 409.9)(75.8, 409.9);SD
Module:M3
Boundary:(153.0, 473.7)(153.0, 328.7)(310.0, 328.7)(310.0, 473.7);GATE
Port:(300.0, 343.2)(310.0, 343.2)(310.0, 459.2)(300.0, 459.2);SD
Port:(153.0, 473.7)(153.0, 328.7)(295.0, 328.7)(295.0, 473.7);GATE
Port:(158.0, 338.7)(162.0, 338.7)(162.0, 463.7)(158.0, 463.7);SD
Module:M6
Boundary:(132.8, 572.7)(132.8, 443.2)(118.8, 443.2)(118.8, 427.7)(55.8, 427.7)(55.8, 572.7);GATE
Port:(55.8, 442.2)(65.8, 442.2)(65.8, 558.2)(55.8, 558.2);SD
Port:(132.8, 572.7)(132.8, 443.2)(118.8, 443.2)(118.8, 427.7)(70.8, 427.7)(70.8, 572.7);GATE
Port:(123.8, 457.7)(127.8, 457.7)(127.8, 562.7)(123.8, 562.7);SD
Module:M10
Boundary:(327.7, 478.4)(327.7, 553.9)(272.2, 553.9)(272.2, 605.4)(141.7, 605.4)(141.7, 478.4);GATE
Port:(141.7, 492.9)(151.7, 492.9)(151.7, 590.9)(141.7, 590.9);SD
Port:(327.7, 478.4)(327.7, 553.9)(272.2, 553.9)(272.2, 605.4)(156.7, 605.4)(156.7, 478.4);GATE
Port:(318.7, 488.4)(322.7, 488.4)(322.7, 539.4)(318.7, 539.4);SD
Module:M7
Boundary:(227.2, 717.5)(303.3, 717.5)(303.3, 709.5)(318.2, 709.5)(318.2, 618.5)(227.2, 618.5);GATE
Port:(241.7, 618.5)(303.7, 618.5)(303.7, 628.5)(241.7, 628.5);SD
Port:(227.2, 717.5)(303.3, 717.5)(303.3, 709.5)(318.2, 709.5)(318.2, 633.5)(227.2, 633.5);GATE
Port:(237.2, 708.5)(288.2, 708.5)(288.2, 712.5)(237.2, 712.5);SD
Module:M9
Boundary:(218.8, 607.5)(218.8, 737.0)(204.8, 737.0)(204.8, 752.5)(133.8, 752.5)(133.8, 607.5);GATE
Port:(133.8, 622.0)(143.8, 622.0)(143.8, 738.0)(133.8, 738.0);SD
Port:(218.8, 607.5)(218.8, 737.0)(204.8, 737.0)(204.8, 752.5)(148.8, 752.5)(148.8, 607.5);GATE
Port:(209.8, 617.5)(213.8, 617.5)(213.8, 722.5)(209.8, 722.5);SD
Module:M8
Boundary:(123.9, 624.9)(50.9, 624.9)(50.9, 797.9)(123.9, 797.9);GATE
Port:(65.4, 787.9)(109.4, 787.9)(109.4, 797.9)(65.4, 797.9);SD
Port:(123.9, 624.9)(50.9, 624.9)(50.9, 782.9)(123.9, 782.9);GATE
Port:(60.9, 629.9)(113.9, 629.9)(113.9, 633.9)(60.9, 633.9);SD
