Area:(-10.9, -10.1)(423.4, -10.1)(423.4, 238.1)(-10.9, 238.1)
Rule:GATE(5,5);SD(5,5);GATE_SD(0.5);GATE_ITO(0.5);SD_ITO(0.5)
Module:M1
Boundary:(29.1, 102.9)(29.1, 29.9)(190.1, 29.9)(190.1, 102.9);GATE
Port:(180.1, 44.4)(190.1, 44.4)(190.1, 88.4)(180.1, 88.4);SD
Port:(29.1, 102.9)(29.1, 29.9)(175.1, 29.9)(175.1, 102.9);GATE
Port:(34.1, 39.9)(38.1, 39.9)(38.1, 92.9)(34.1, 92.9);SD
Module:M2
Boundary:(200.4, 119.5)(200.4, 46.5)(383.4, 46.5)(383.4, 119.5);GATE
Port:(373.4, 61.0)(383.4, 61.0)(383.4, 105.0)(373.4, 105.0);SD
Port:(200.4, 119.5)(200.4, 46.5)(368.4, 46.5)(368.4, 119.5);GATE
Port:(205.4, 56.5)(209.4, 56.5)(209.4, 109.5)(205.4, 109.5);SD
Module:M3
Boundary:(35.0, 109.8)(111.0, 109.8)(111.0, 117.8)(126.0, 117.8)(126.0, 172.8)(35.0, 172.8);GATE
Port:(49.5, 162.8)(111.5, 162.8)(111.5, 172.8)(49.5, 172.8);SD
Port:(35.0, 109.8)(111.0, 109.8)(111.0, 117.8)(126.0, 117.8)(126.0, 157.8)(35.0, 157.8);GATE
Port:(45.0, 114.8)(96.0, 114.8)(96.0, 118.8)(45.0, 118.8);SD
Module:M5
Boundary:(132.5, 183.6)(208.5, 183.6)(208.5, 175.6)(223.5, 175.6)(223.5, 119.6)(132.5, 119.6);GATE
Port:(147.0, 119.6)(209.0, 119.6)(209.0, 129.6)(147.0, 129.6);SD
Port:(132.5, 183.6)(208.5, 183.6)(208.5, 175.6)(223.5, 175.6)(223.5, 134.6)(132.5, 134.6);GATE
Port:(142.5, 174.6)(193.5, 174.6)(193.5, 178.6)(142.5, 178.6);SD
Module:M4
Boundary:(245.1, 198.1)(338.6, 198.1)(338.6, 182.1)(354.1, 182.1)(354.1, 129.1)(245.1, 129.1);GATE
Port:(259.6, 129.1)(339.6, 129.1)(339.6, 139.1)(259.6, 139.1);SD
Port:(245.1, 198.1)(338.6, 198.1)(338.6, 182.1)(354.1, 182.1)(354.1, 144.1)(245.1, 144.1);GATE
Port:(255.1, 189.1)(324.1, 189.1)(324.1, 193.1)(255.1, 193.1);SD
