Area:(-30.0, -20.0)(670.0, -20.0)(670.0, 1618.7)(-30.0, 1618.7)
Rule:GATE(5,5);SD(5,5);GATE_SD(0.5);GATE_ITO(0.5);SD_ITO(0.5)
Module:M14
Boundary:(206.4, 1361.9)(206.4, 1427.1)(100.2, 1427.1)(100.2, 1441.5)(30.0, 1441.5)(30.0, 1361.9);GATE
Port:(30.0, 1375.3)(34.1, 1375.3)(34.1, 1428.1)(30.0, 1428.1);SD
Port:(206.4, 1361.9)(206.4, 1427.1)(100.2, 1427.1)(100.2, 1441.5)(36.1, 1441.5)(36.1, 1361.9);GATE
Port:(195.6, 1368.2)(201.1, 1368.2)(201.1, 1419.8)(195.6, 1419.8);SD
Module:M9
Boundary:(20.0, 1107.5)(110.7, 1107.5)(110.7, 1311.9)(20.0, 1311.9);GATE
Port:(34.8, 1306.3)(95.9, 1306.3)(95.9, 1311.9)(34.8, 1311.9);SD
Port:(20.0, 1107.5)(110.7, 1107.5)(110.7, 1304.1)(20.0, 1304.1);GATE
Port:(25.1, 1111.6)(105.6, 1111.6)(105.6, 1119.5)(25.1, 1119.5);SD
Module:M5
Boundary:(20.0, 827.7)(95.4, 827.7)(95.4, 827.9)(109.7, 827.9)(109.7, 896.1)(20.0, 896.1);GATE
Port:(33.2, 891.9)(96.5, 891.9)(96.5, 896.1)(33.2, 896.1);SD
Port:(20.0, 827.7)(95.4, 827.7)(95.4, 827.9)(109.7, 827.9)(109.7, 890.2)(20.0, 890.2);GATE
Port:(26.3, 833.0)(89.1, 833.0)(89.1, 839.2)(26.3, 839.2);SD
Module:M11
Boundary:(375.6, 714.0)(375.6, 803.9)(207.7, 803.9)(207.7, 714.0);GATE
Port:(207.7, 726.0)(213.0, 726.0)(213.0, 791.9)(207.7, 791.9);SD
Port:(375.6, 714.0)(375.6, 803.9)(214.0, 803.9)(214.0, 714.0);GATE
Port:(366.0, 719.6)(371.0, 719.6)(371.0, 798.3)(366.0, 798.3);SD
Module:M1
Boundary:(332.0, 358.7)(438.3, 358.7)(438.3, 526.8)(332.0, 526.8);GATE
Port:(346.7, 521.6)(423.6, 521.6)(423.6, 526.8)(346.7, 526.8);SD
Port:(332.0, 358.7)(438.3, 358.7)(438.3, 520.2)(332.0, 520.2);GATE
Port:(338.9, 364.6)(431.4, 364.6)(431.4, 370.1)(338.9, 370.1);SD
Module:M38
Boundary:(382.8, 1502.2)(382.8, 1565.3)(312.8, 1565.3)(312.8, 1578.7)(241.1, 1578.7)(241.1, 1502.2);GATE
Port:(241.1, 1515.5)(246.0, 1515.5)(246.0, 1565.4)(241.1, 1565.4);SD
Port:(382.8, 1502.2)(382.8, 1565.3)(312.8, 1565.3)(312.8, 1578.7)(247.2, 1578.7)(247.2, 1502.2);GATE
Port:(371.2, 1508.8)(377.2, 1508.8)(377.2, 1557.7)(371.2, 1557.7);SD
Module:M40
Boundary:(448.9, 1283.2)(448.9, 1360.7)(326.1, 1360.7)(326.1, 1375.0)(247.8, 1375.0)(247.8, 1283.2);GATE
Port:(247.8, 1295.4)(253.5, 1295.4)(253.5, 1362.8)(247.8, 1362.8);SD
Port:(448.9, 1283.2)(448.9, 1360.7)(326.1, 1360.7)(326.1, 1375.0)(256.3, 1375.0)(256.3, 1283.2);GATE
Port:(439.4, 1288.6)(444.5, 1288.6)(444.5, 1354.3)(439.4, 1354.3);SD
Module:M35
Boundary:(20.0, 602.5)(58.2, 602.5)(58.2, 602.6)(76.3, 602.6)(76.3, 787.7)(20.0, 787.7);GATE
Port:(35.4, 783.4)(60.9, 783.4)(60.9, 787.7)(35.4, 787.7);SD
Port:(20.0, 602.5)(58.2, 602.5)(58.2, 602.6)(76.3, 602.6)(76.3, 781.5)(20.0, 781.5);GATE
Port:(26.9, 608.4)(51.3, 608.4)(51.3, 615.0)(26.9, 615.0);SD
Module:M32
Boundary:(480.6, 30.0)(480.6, 95.5)(468.5, 95.5)(468.5, 110.0)(332.0, 110.0)(332.0, 30.0);GATE
Port:(332.0, 42.9)(337.8, 42.9)(337.8, 97.1)(332.0, 97.1);SD
Port:(480.6, 30.0)(480.6, 95.5)(468.5, 95.5)(468.5, 110.0)(340.1, 110.0)(340.1, 30.0);GATE
Port:(469.4, 36.5)(475.1, 36.5)(475.1, 88.0)(469.4, 88.0);SD
Module:M27
Boundary:(617.7, 579.6)(617.7, 657.8)(617.6, 657.8)(617.6, 672.7)(477.6, 672.7)(477.6, 579.6);GATE
Port:(477.6, 592.8)(482.9, 592.8)(482.9, 659.5)(477.6, 659.5);SD
Port:(617.7, 579.6)(617.7, 657.8)(617.6, 657.8)(617.6, 672.7)(484.2, 672.7)(484.2, 579.6);GATE
Port:(606.2, 586.0)(612.3, 586.0)(612.3, 651.4)(606.2, 651.4);SD
Module:M24
Boundary:(150.7, 1119.0)(204.3, 1119.0)(204.3, 1211.5)(217.8, 1211.5)(217.8, 1301.6)(150.7, 1301.6);GATE
Port:(165.7, 1295.9)(202.8, 1295.9)(202.8, 1301.6)(165.7, 1301.6);SD
Port:(150.7, 1119.0)(204.3, 1119.0)(204.3, 1211.5)(217.8, 1211.5)(217.8, 1293.0)(150.7, 1293.0);GATE
Port:(157.2, 1124.5)(195.8, 1124.5)(195.8, 1131.6)(157.2, 1131.6);SD
Module:M19
Boundary:(630.0, 712.7)(630.0, 772.2)(629.9, 772.2)(629.9, 786.4)(415.6, 786.4)(415.6, 712.7);GATE
Port:(415.6, 724.7)(420.6, 724.7)(420.6, 774.4)(415.6, 774.4);SD
Port:(630.0, 712.7)(630.0, 772.2)(629.9, 772.2)(629.9, 786.4)(422.2, 786.4)(422.2, 712.7);GATE
Port:(619.7, 718.9)(624.8, 718.9)(624.8, 766.0)(619.7, 766.0);SD
Module:M6
Boundary:(158.9, 20.0)(246.5, 20.0)(246.5, 25.1)(263.4, 25.1)(263.4, 96.7)(158.9, 96.7);GATE
Port:(171.8, 91.5)(250.5, 91.5)(250.5, 96.7)(171.8, 96.7);SD
Port:(158.9, 20.0)(246.5, 20.0)(246.5, 25.1)(263.4, 25.1)(263.4, 89.4)(158.9, 89.4);GATE
Port:(164.2, 24.3)(240.2, 24.3)(240.2, 29.5)(164.2, 29.5);SD
Module:M21
Boundary:(622.4, 1304.0)(622.4, 1413.8)(478.9, 1413.8)(478.9, 1304.0);GATE
Port:(478.9, 1319.2)(483.1, 1319.2)(483.1, 1398.6)(478.9, 1398.6);SD
Port:(622.4, 1304.0)(622.4, 1413.8)(484.5, 1413.8)(484.5, 1304.0);GATE
Port:(610.0, 1310.5)(616.9, 1310.5)(616.9, 1407.3)(610.0, 1407.3);SD
Module:M2
Boundary:(168.6, 971.5)(250.1, 971.5)(250.1, 1005.2)(264.9, 1005.2)(264.9, 1079.0)(168.6, 1079.0);GATE
Port:(181.8, 1073.6)(251.7, 1073.6)(251.7, 1079.0)(181.8, 1079.0);SD
Port:(168.6, 971.5)(250.1, 971.5)(250.1, 1005.2)(264.9, 1005.2)(264.9, 1072.1)(168.6, 1072.1);GATE
Port:(175.1, 977.0)(242.6, 977.0)(242.6, 981.8)(175.1, 981.8);SD
Module:M16
Boundary:(322.0, 160.0)(369.8, 160.0)(369.8, 172.2)(382.7, 172.2)(382.7, 308.7)(322.0, 308.7);GATE
Port:(335.3, 303.4)(369.4, 303.4)(369.4, 308.7)(335.3, 308.7);SD
Port:(322.0, 160.0)(369.8, 160.0)(369.8, 172.2)(382.7, 172.2)(382.7, 300.7)(322.0, 300.7);GATE
Port:(328.6, 165.6)(362.2, 165.6)(362.2, 171.3)(328.6, 171.3);SD
Module:M13
Boundary:(233.4, 469.3)(233.4, 552.5)(30.0, 552.5)(30.0, 469.3);GATE
Port:(30.0, 483.6)(34.4, 483.6)(34.4, 538.2)(30.0, 538.2);SD
Port:(233.4, 469.3)(233.4, 552.5)(36.4, 552.5)(36.4, 469.3);GATE
Port:(222.0, 475.9)(227.8, 475.9)(227.8, 545.9)(222.0, 545.9);SD
Module:M10
Boundary:(498.3, 343.3)(600.4, 343.3)(600.4, 391.3)(615.7, 391.3)(615.7, 529.6)(498.3, 529.6);GATE
Port:(512.5, 525.2)(601.5, 525.2)(601.5, 529.6)(512.5, 529.6);SD
Port:(498.3, 343.3)(600.4, 343.3)(600.4, 391.3)(615.7, 391.3)(615.7, 523.0)(498.3, 523.0);GATE
Port:(505.1, 349.1)(592.6, 349.1)(592.6, 355.4)(505.1, 355.4);SD
Module:M37
Boundary:(10.0, 232.5)(80.1, 232.5)(80.1, 232.5)(97.5, 232.5)(97.5, 429.3)(10.0, 429.3);GATE
Port:(24.4, 425.3)(83.1, 425.3)(83.1, 429.3)(24.4, 429.3);SD
Port:(10.0, 232.5)(80.1, 232.5)(80.1, 232.5)(97.5, 232.5)(97.5, 423.2)(10.0, 423.2);GATE
Port:(15.3, 236.8)(74.8, 236.8)(74.8, 243.6)(15.3, 243.6);SD
Module:M34
Boundary:(327.2, 602.5)(327.2, 657.0)(288.4, 657.0)(288.4, 674.0)(207.7, 674.0)(207.7, 602.5);GATE
Port:(207.7, 616.5)(211.9, 616.5)(211.9, 660.0)(207.7, 660.0);SD
Port:(327.2, 602.5)(327.2, 657.0)(288.4, 657.0)(288.4, 674.0)(213.3, 674.0)(213.3, 602.5);GATE
Port:(316.1, 607.6)(323.1, 607.6)(323.1, 650.9)(316.1, 650.9);SD
Module:M29
Boundary:(489.1, 998.3)(489.1, 1103.9)(304.9, 1103.9)(304.9, 998.3);GATE
Port:(304.9, 1011.7)(310.9, 1011.7)(310.9, 1090.5)(304.9, 1090.5);SD
Port:(489.1, 998.3)(489.1, 1103.9)(312.3, 1103.9)(312.3, 998.3);GATE
Port:(478.0, 1004.6)(483.8, 1004.6)(483.8, 1097.6)(478.0, 1097.6);SD
Module:M7
Boundary:(529.1, 924.5)(625.7, 924.5)(625.7, 1122.6)(529.1, 1122.6);GATE
Port:(546.0, 1116.8)(608.8, 1116.8)(608.8, 1122.6)(546.0, 1122.6);SD
Port:(529.1, 924.5)(625.7, 924.5)(625.7, 1115.6)(529.1, 1115.6);GATE
Port:(535.8, 930.2)(619.0, 930.2)(619.0, 938.1)(535.8, 938.1);SD
Module:M31
Boundary:(541.9, 142.7)(611.5, 142.7)(611.5, 142.9)(629.7, 142.9)(629.7, 293.3)(541.9, 293.3);GATE
Port:(554.8, 287.5)(616.8, 287.5)(616.8, 293.3)(554.8, 293.3);SD
Port:(541.9, 142.7)(611.5, 142.7)(611.5, 142.9)(629.7, 142.9)(629.7, 286.0)(541.9, 286.0);GATE
Port:(547.5, 147.3)(605.9, 147.3)(605.9, 152.1)(547.5, 152.1);SD
Module:M3
Boundary:(20.0, 20.0)(102.8, 20.0)(102.8, 20.5)(118.9, 20.5)(118.9, 202.5)(20.0, 202.5);GATE
Port:(33.6, 198.0)(105.3, 198.0)(105.3, 202.5)(33.6, 202.5);SD
Port:(20.0, 20.0)(102.8, 20.0)(102.8, 20.5)(118.9, 20.5)(118.9, 195.9)(20.0, 195.9);GATE
Port:(26.6, 25.6)(96.2, 25.6)(96.2, 30.8)(26.6, 30.8);SD
Module:M26
Boundary:(20.0, 936.1)(114.5, 936.1)(114.5, 1000.5)(128.6, 1000.5)(128.6, 1067.5)(20.0, 1067.5);GATE
Port:(32.7, 1063.2)(115.9, 1063.2)(115.9, 1067.5)(32.7, 1067.5);SD
Port:(20.0, 936.1)(114.5, 936.1)(114.5, 1000.5)(128.6, 1000.5)(128.6, 1061.2)(20.0, 1061.2);GATE
Port:(25.4, 940.5)(108.1, 940.5)(108.1, 947.0)(25.4, 947.0);SD
Module:M23
Boundary:(605.3, 1463.8)(605.3, 1557.2)(427.7, 1557.2)(427.7, 1463.8);GATE
Port:(427.7, 1476.7)(433.7, 1476.7)(433.7, 1544.3)(427.7, 1544.3);SD
Port:(605.3, 1463.8)(605.3, 1557.2)(434.8, 1557.2)(434.8, 1463.8);GATE
Port:(594.7, 1470.0)(600.1, 1470.0)(600.1, 1551.0)(594.7, 1551.0);SD
Module:M18
Boundary:(168.9, 146.7)(250.5, 146.7)(250.5, 178.5)(262.2, 178.5)(262.2, 237.1)(168.9, 237.1);GATE
Port:(180.7, 231.3)(250.4, 231.3)(250.4, 237.1)(180.7, 237.1);SD
Port:(168.9, 146.7)(250.5, 146.7)(250.5, 178.5)(262.2, 178.5)(262.2, 228.6)(168.9, 228.6);GATE
Port:(175.6, 152.4)(242.8, 152.4)(242.8, 156.9)(175.6, 156.9);SD
Module:M20
Boundary:(469.8, 853.9)(469.8, 934.1)(394.8, 934.1)(394.8, 948.3)(336.2, 948.3)(336.2, 853.9);GATE
Port:(336.2, 867.6)(342.0, 867.6)(342.0, 934.6)(336.2, 934.6);SD
Port:(469.8, 853.9)(469.8, 934.1)(394.8, 934.1)(394.8, 948.3)(344.8, 948.3)(344.8, 853.9);GATE
Port:(458.6, 860.0)(464.7, 860.0)(464.7, 927.0)(458.6, 927.0);SD
Module:M15
Boundary:(462.8, 1153.9)(462.8, 1225.6)(462.5, 1225.6)(462.5, 1243.2)(267.8, 1243.2)(267.8, 1153.9);GATE
Port:(267.8, 1168.5)(272.4, 1168.5)(272.4, 1228.6)(267.8, 1228.6);SD
Port:(462.8, 1153.9)(462.8, 1225.6)(462.5, 1225.6)(462.5, 1243.2)(274.2, 1243.2)(274.2, 1153.9);GATE
Port:(451.6, 1160.2)(457.5, 1160.2)(457.5, 1219.3)(451.6, 1219.3);SD
Module:M12
Boundary:(377.7, 1405.0)(377.7, 1456.4)(368.1, 1456.4)(368.1, 1472.2)(257.8, 1472.2)(257.8, 1405.0);GATE
Port:(257.8, 1418.5)(263.2, 1418.5)(263.2, 1458.7)(257.8, 1458.7);SD
Port:(377.7, 1405.0)(377.7, 1456.4)(368.1, 1456.4)(368.1, 1472.2)(264.2, 1472.2)(264.2, 1405.0);GATE
Port:(367.2, 1411.3)(372.4, 1411.3)(372.4, 1449.1)(367.2, 1449.1);SD
Module:M39
Boundary:(357.2, 566.8)(447.6, 566.8)(447.6, 679.9)(357.2, 679.9);GATE
Port:(372.6, 675.8)(432.2, 675.8)(432.2, 679.9)(372.6, 679.9);SD
Port:(357.2, 566.8)(447.6, 566.8)(447.6, 674.0)(357.2, 674.0);GATE
Port:(363.9, 572.5)(440.9, 572.5)(440.9, 579.3)(363.9, 579.3);SD
Module:M8
Boundary:(286.2, 843.9)(286.2, 917.8)(229.5, 917.8)(229.5, 931.5)(168.6, 931.5)(168.6, 843.9);GATE
Port:(168.6, 854.8)(173.8, 854.8)(173.8, 920.6)(168.6, 920.6);SD
Port:(286.2, 843.9)(286.2, 917.8)(229.5, 917.8)(229.5, 931.5)(176.2, 931.5)(176.2, 843.9);GATE
Port:(277.5, 848.9)(282.2, 848.9)(282.2, 911.8)(277.5, 911.8);SD
Module:M4
Boundary:(626.7, 20.0)(626.7, 90.3)(598.4, 90.3)(598.4, 102.7)(530.6, 102.7)(530.6, 20.0);GATE
Port:(530.6, 31.4)(536.4, 31.4)(536.4, 91.3)(530.6, 91.3);SD
Port:(626.7, 20.0)(626.7, 90.3)(598.4, 90.3)(598.4, 102.7)(538.0, 102.7)(538.0, 20.0);GATE
Port:(617.3, 26.2)(621.5, 26.2)(621.5, 83.1)(617.3, 83.1);SD
Module:M36
Boundary:(412.7, 150.0)(496.9, 150.0)(496.9, 167.9)(511.9, 167.9)(511.9, 268.0)(412.7, 268.0);GATE
Port:(427.2, 262.3)(497.4, 262.3)(497.4, 268.0)(427.2, 268.0);SD
Port:(412.7, 150.0)(496.9, 150.0)(496.9, 167.9)(511.9, 167.9)(511.9, 260.7)(412.7, 260.7);GATE
Port:(419.4, 155.7)(489.2, 155.7)(489.2, 161.8)(419.4, 161.8);SD
Module:M33
Boundary:(116.3, 602.5)(167.7, 602.5)(167.7, 771.7)(116.3, 771.7);GATE
Port:(129.4, 767.5)(154.6, 767.5)(154.6, 771.7)(129.4, 771.7);SD
Port:(116.3, 602.5)(167.7, 602.5)(167.7, 765.4)(116.3, 765.4);GATE
Port:(122.0, 607.2)(162.0, 607.2)(162.0, 612.6)(122.0, 612.6);SD
Module:M28
Boundary:(127.5, 287.1)(174.5, 287.1)(174.5, 341.3)(188.9, 341.3)(188.9, 418.2)(127.5, 418.2);GATE
Port:(139.3, 412.4)(177.1, 412.4)(177.1, 418.2)(139.3, 418.2);SD
Port:(127.5, 287.1)(174.5, 287.1)(174.5, 341.3)(188.9, 341.3)(188.9, 410.5)(127.5, 410.5);GATE
Port:(132.7, 291.3)(168.3, 291.3)(168.3, 296.6)(132.7, 296.6);SD
Module:M30
Boundary:(627.3, 1162.6)(627.3, 1248.2)(572.8, 1248.2)(572.8, 1264.0)(512.8, 1264.0)(512.8, 1162.6);GATE
Port:(512.8, 1175.7)(517.9, 1175.7)(517.9, 1250.9)(512.8, 1250.9);SD
Port:(627.3, 1162.6)(627.3, 1248.2)(572.8, 1248.2)(572.8, 1264.0)(519.9, 1264.0)(519.9, 1162.6);GATE
Port:(616.6, 1168.8)(622.1, 1168.8)(622.1, 1241.0)(616.6, 1241.0);SD
Module:M25
Boundary:(211.1, 1491.5)(211.1, 1552.1)(211.1, 1552.1)(211.1, 1566.4)(20.0, 1566.4)(20.0, 1491.5);GATE
Port:(20.0, 1504.0)(24.6, 1504.0)(24.6, 1553.9)(20.0, 1553.9);SD
Port:(211.1, 1491.5)(211.1, 1552.1)(211.1, 1552.1)(211.1, 1566.4)(27.4, 1566.4)(27.4, 1491.5);GATE
Port:(200.6, 1498.1)(205.5, 1498.1)(205.5, 1545.5)(200.6, 1545.5);SD
Module:M22
Boundary:(587.6, 826.4)(587.6, 871.0)(560.1, 871.0)(560.1, 884.5)(519.8, 884.5)(519.8, 826.4);GATE
Port:(519.8, 837.6)(524.7, 837.6)(524.7, 873.3)(519.8, 873.3);SD
Port:(587.6, 826.4)(587.6, 871.0)(560.1, 871.0)(560.1, 884.5)(525.9, 884.5)(525.9, 826.4);GATE
Port:(578.6, 831.5)(583.5, 831.5)(583.5, 864.9)(578.6, 864.9);SD
Module:M17
Boundary:(228.9, 287.1)(282.0, 287.1)(282.0, 401.2)(228.9, 401.2);GATE
Port:(243.2, 396.0)(267.7, 396.0)(267.7, 401.2)(243.2, 401.2);SD
Port:(228.9, 287.1)(282.0, 287.1)(282.0, 394.2)(228.9, 394.2);GATE
Port:(235.1, 292.3)(275.8, 292.3)(275.8, 298.1)(235.1, 298.1);SD
