Area:(-20.0, -20.0)(1036.7, -20.0)(1036.7, 1035.0)(-20.0, 1035.0)
Rule:GATE(5,5);SD(5,5);GATE_SD(0.5);GATE_ITO(0.5);SD_ITO(0.5)
Module:M14
Boundary:(735.3, 488.8)(735.3, 539.6)(735.2, 539.6)(735.2, 555.4)(608.6, 555.4)(608.6, 488.8);GATE
Port:(608.6, 503.0)(613.9, 503.0)(613.9, 541.2)(608.6, 541.2);SD
Port:(735.3, 488.8)(735.3, 539.6)(735.2, 539.6)(735.2, 555.4)(616.1, 555.4)(616.1, 488.8);GATE
Port:(723.7, 494.9)(730.2, 494.9)(730.2, 533.5)(723.7, 533.5);SD
Module:M9
Boundary:(799.2, 20.0)(847.4, 20.0)(847.4, 146.6)(799.2, 146.6);GATE
Port:(812.8, 141.2)(833.8, 141.2)(833.8, 146.6)(812.8, 146.6);SD
Port:(799.2, 20.0)(847.4, 20.0)(847.4, 139.7)(799.2, 139.7);GATE
Port:(805.7, 25.5)(840.9, 25.5)(840.9, 31.3)(805.7, 31.3);SD
Module:M5
Boundary:(910.0, 764.3)(996.7, 764.3)(996.7, 976.7)(910.0, 976.7);GATE
Port:(924.5, 971.3)(982.2, 971.3)(982.2, 976.7)(924.5, 976.7);SD
Port:(910.0, 764.3)(996.7, 764.3)(996.7, 969.7)(910.0, 969.7);GATE
Port:(915.6, 768.9)(991.1, 768.9)(991.1, 776.4)(915.6, 776.4);SD
Module:M11
Boundary:(20.0, 20.0)(104.4, 20.0)(104.4, 216.8)(20.0, 216.8);GATE
Port:(34.5, 212.1)(89.9, 212.1)(89.9, 216.8)(34.5, 216.8);SD
Port:(20.0, 20.0)(104.4, 20.0)(104.4, 209.4)(20.0, 209.4);GATE
Port:(26.8, 25.8)(97.6, 25.8)(97.6, 32.1)(26.8, 32.1);SD
Module:M1
Boundary:(154.4, 30.0)(202.9, 30.0)(202.9, 181.4)(154.4, 181.4);GATE
Port:(167.9, 176.0)(189.4, 176.0)(189.4, 181.4)(167.9, 181.4);SD
Port:(154.4, 30.0)(202.9, 30.0)(202.9, 173.4)(154.4, 173.4);GATE
Port:(160.8, 35.4)(196.5, 35.4)(196.5, 41.4)(160.8, 41.4);SD
Module:M38
Boundary:(877.0, 882.7)(877.0, 979.8)(797.5, 979.8)(797.5, 995.0)(739.7, 995.0)(739.7, 882.7);GATE
Port:(739.7, 895.0)(745.5, 895.0)(745.5, 982.7)(739.7, 982.7);SD
Port:(877.0, 882.7)(877.0, 979.8)(797.5, 979.8)(797.5, 995.0)(747.6, 995.0)(747.6, 882.7);GATE
Port:(867.9, 888.0)(872.7, 888.0)(872.7, 973.5)(867.9, 973.5);SD
Module:M40
Boundary:(433.4, 291.9)(515.5, 291.9)(515.5, 320.3)(527.5, 320.3)(527.5, 459.1)(433.4, 459.1);GATE
Port:(444.9, 454.8)(516.0, 454.8)(516.0, 459.1)(444.9, 459.1);SD
Port:(433.4, 291.9)(515.5, 291.9)(515.5, 320.3)(527.5, 320.3)(527.5, 451.8)(433.4, 451.8);GATE
Port:(439.7, 297.2)(508.2, 297.2)(508.2, 301.5)(439.7, 301.5);SD
Module:M35
Boundary:(426.4, 637.7)(426.4, 725.1)(426.0, 725.1)(426.0, 742.5)(275.4, 742.5)(275.4, 637.7);GATE
Port:(275.4, 651.3)(280.3, 651.3)(280.3, 728.9)(275.4, 728.9);SD
Port:(426.4, 637.7)(426.4, 725.1)(426.0, 725.1)(426.0, 742.5)(281.5, 742.5)(281.5, 637.7);GATE
Port:(415.4, 644.2)(420.9, 644.2)(420.9, 718.6)(415.4, 718.6);SD
Module:M32
Boundary:(699.7, 871.8)(699.7, 961.7)(596.7, 961.7)(596.7, 975.4)(505.9, 975.4)(505.9, 871.8);GATE
Port:(505.9, 883.2)(511.3, 883.2)(511.3, 964.0)(505.9, 964.0);SD
Port:(699.7, 871.8)(699.7, 961.7)(596.7, 961.7)(596.7, 975.4)(512.4, 975.4)(512.4, 871.8);GATE
Port:(690.3, 877.3)(695.2, 877.3)(695.2, 955.2)(690.3, 955.2);SD
Module:M27
Boundary:(186.8, 789.2)(186.8, 857.6)(186.6, 857.6)(186.6, 874.6)(20.0, 874.6)(20.0, 789.2);GATE
Port:(20.0, 802.5)(24.2, 802.5)(24.2, 861.3)(20.0, 861.3);SD
Port:(186.8, 789.2)(186.8, 857.6)(186.6, 857.6)(186.6, 874.6)(25.3, 874.6)(25.3, 789.2);GATE
Port:(176.3, 795.1)(181.9, 795.1)(181.9, 851.7)(176.3, 851.7);SD
Module:M24
Boundary:(573.6, 607.6)(573.6, 679.9)(549.1, 679.9)(549.1, 696.8)(466.4, 696.8)(466.4, 607.6);GATE
Port:(466.4, 621.7)(471.0, 621.7)(471.0, 682.7)(466.4, 682.7);SD
Port:(573.6, 607.6)(573.6, 679.9)(549.1, 679.9)(549.1, 696.8)(473.8, 696.8)(473.8, 607.6);GATE
Port:(562.9, 613.9)(568.3, 613.9)(568.3, 672.6)(562.9, 672.6);SD
Module:M19
Boundary:(464.8, 20.0)(518.4, 20.0)(518.4, 20.1)(535.2, 20.1)(535.2, 164.3)(464.8, 164.3);GATE
Port:(480.0, 158.5)(520.0, 158.5)(520.0, 164.3)(480.0, 164.3);SD
Port:(464.8, 20.0)(518.4, 20.0)(518.4, 20.1)(535.2, 20.1)(535.2, 156.0)(464.8, 156.0);GATE
Port:(471.7, 25.9)(511.5, 25.9)(511.5, 32.2)(471.7, 32.2);SD
Module:M6
Boundary:(750.1, 605.4)(750.1, 660.2)(730.6, 660.2)(730.6, 676.6)(625.7, 676.6)(625.7, 605.4);GATE
Port:(625.7, 620.2)(630.4, 620.2)(630.4, 661.8)(625.7, 661.8);SD
Port:(750.1, 605.4)(750.1, 660.2)(730.6, 660.2)(730.6, 676.6)(632.3, 676.6)(632.3, 605.4);GATE
Port:(738.4, 611.8)(744.7, 611.8)(744.7, 652.8)(738.4, 652.8);SD
Module:M21
Boundary:(184.1, 914.6)(184.1, 976.7)(20.0, 976.7)(20.0, 914.6);GATE
Port:(20.0, 927.4)(25.9, 927.4)(25.9, 963.9)(20.0, 963.9);SD
Port:(184.1, 914.6)(184.1, 976.7)(28.5, 976.7)(28.5, 914.6);GATE
Port:(173.0, 921.4)(178.3, 921.4)(178.3, 969.9)(173.0, 969.9);SD
Module:M2
Boundary:(746.5, 716.6)(746.5, 808.2)(727.1, 808.2)(727.1, 821.3)(625.7, 821.3)(625.7, 716.6);GATE
Port:(625.7, 730.6)(630.5, 730.6)(630.5, 807.3)(625.7, 807.3);SD
Port:(746.5, 716.6)(746.5, 808.2)(727.1, 808.2)(727.1, 821.3)(632.1, 821.3)(632.1, 716.6);GATE
Port:(734.1, 722.8)(741.3, 722.8)(741.3, 801.0)(734.1, 801.0);SD
Module:M16
Boundary:(693.7, 308.3)(693.7, 421.3)(650.9, 421.3)(650.9, 438.8)(560.7, 438.8)(560.7, 308.3);GATE
Port:(560.7, 323.4)(566.6, 323.4)(566.6, 423.7)(560.7, 423.7);SD
Port:(693.7, 308.3)(693.7, 421.3)(650.9, 421.3)(650.9, 438.8)(567.8, 438.8)(567.8, 308.3);GATE
Port:(681.8, 314.8)(688.2, 314.8)(688.2, 413.8)(681.8, 413.8);SD
Module:M13
Boundary:(336.8, 311.9)(374.8, 311.9)(374.8, 312.0)(393.4, 312.0)(393.4, 440.5)(336.8, 440.5);GATE
Port:(352.3, 436.3)(377.9, 436.3)(377.9, 440.5)(352.3, 440.5);SD
Port:(336.8, 311.9)(374.8, 311.9)(374.8, 312.0)(393.4, 312.0)(393.4, 434.8)(336.8, 434.8);GATE
Port:(343.1, 317.2)(368.5, 317.2)(368.5, 323.9)(343.1, 323.9);SD
Module:M10
Boundary:(225.4, 666.7)(225.4, 722.6)(174.5, 722.6)(174.5, 739.2)(30.0, 739.2)(30.0, 666.7);GATE
Port:(30.0, 681.5)(34.7, 681.5)(34.7, 724.4)(30.0, 724.4);SD
Port:(225.4, 666.7)(225.4, 722.6)(174.5, 722.6)(174.5, 739.2)(37.0, 739.2)(37.0, 666.7);GATE
Port:(213.7, 673.2)(219.9, 673.2)(219.9, 715.1)(213.7, 715.1);SD
Module:M37
Boundary:(944.6, 660.5)(944.6, 734.3)(780.1, 734.3)(780.1, 660.5);GATE
Port:(780.1, 671.6)(786.1, 671.6)(786.1, 723.2)(780.1, 723.2);SD
Port:(944.6, 660.5)(944.6, 734.3)(788.7, 734.3)(788.7, 660.5);GATE
Port:(935.1, 665.9)(940.2, 665.9)(940.2, 728.9)(935.1, 728.9);SD
Module:M34
Boundary:(901.4, 313.7)(979.8, 313.7)(979.8, 379.6)(993.1, 379.6)(993.1, 506.8)(901.4, 506.8);GATE
Port:(915.5, 502.2)(979.0, 502.2)(979.0, 506.8)(915.5, 506.8);SD
Port:(901.4, 313.7)(979.8, 313.7)(979.8, 379.6)(993.1, 379.6)(993.1, 499.3)(901.4, 499.3);GATE
Port:(908.3, 319.6)(971.9, 319.6)(971.9, 326.1)(908.3, 326.1);SD
Module:M29
Boundary:(790.1, 469.7)(836.6, 469.7)(836.6, 630.5)(790.1, 630.5);GATE
Port:(802.5, 626.5)(824.2, 626.5)(824.2, 630.5)(802.5, 630.5);SD
Port:(790.1, 469.7)(836.6, 469.7)(836.6, 624.2)(790.1, 624.2);GATE
Port:(795.4, 474.0)(831.3, 474.0)(831.3, 480.6)(795.4, 480.6);SD
Module:M7
Boundary:(657.0, 20.0)(657.0, 151.9)(575.2, 151.9)(575.2, 20.0);GATE
Port:(575.2, 34.8)(580.0, 34.8)(580.0, 137.1)(575.2, 137.1);SD
Port:(657.0, 20.0)(657.0, 151.9)(581.6, 151.9)(581.6, 20.0);GATE
Port:(645.6, 26.9)(651.1, 26.9)(651.1, 145.0)(645.6, 145.0);SD
Module:M31
Boundary:(861.4, 313.7)(861.4, 429.7)(733.7, 429.7)(733.7, 313.7);GATE
Port:(733.7, 329.1)(738.8, 329.1)(738.8, 414.3)(733.7, 414.3);SD
Port:(861.4, 313.7)(861.4, 429.7)(740.6, 429.7)(740.6, 313.7);GATE
Port:(849.2, 319.6)(856.5, 319.6)(856.5, 423.8)(849.2, 423.8);SD
Module:M3
Boundary:(995.1, 20.0)(995.1, 145.2)(887.4, 145.2)(887.4, 20.0);GATE
Port:(887.4, 34.5)(892.5, 34.5)(892.5, 130.7)(887.4, 130.7);SD
Port:(995.1, 20.0)(995.1, 145.2)(893.7, 145.2)(893.7, 20.0);GATE
Port:(984.1, 25.7)(990.4, 25.7)(990.4, 139.5)(984.1, 139.5);SD
Module:M26
Boundary:(876.6, 546.8)(957.0, 546.8)(957.0, 582.3)(971.8, 582.3)(971.8, 629.6)(876.6, 629.6);GATE
Port:(889.2, 624.4)(959.2, 624.4)(959.2, 629.6)(889.2, 629.6);SD
Port:(876.6, 546.8)(957.0, 546.8)(957.0, 582.3)(971.8, 582.3)(971.8, 623.3)(876.6, 623.3);GATE
Port:(882.3, 551.5)(950.3, 551.5)(950.3, 556.5)(882.3, 556.5);SD
Module:M23
Boundary:(414.8, 30.0)(414.8, 118.8)(414.4, 118.8)(414.4, 133.6)(262.9, 133.6)(262.9, 30.0);GATE
Port:(262.9, 41.0)(268.6, 41.0)(268.6, 122.6)(262.9, 122.6);SD
Port:(414.8, 30.0)(414.8, 118.8)(414.4, 118.8)(414.4, 133.6)(270.3, 133.6)(270.3, 30.0);GATE
Port:(405.9, 35.1)(410.7, 35.1)(410.7, 113.7)(405.9, 113.7);SD
Module:M18
Boundary:(165.9, 281.6)(259.8, 281.6)(259.8, 307.1)(276.8, 307.1)(276.8, 433.6)(165.9, 433.6);GATE
Port:(181.9, 429.5)(260.8, 429.5)(260.8, 433.6)(181.9, 433.6);SD
Port:(165.9, 281.6)(259.8, 281.6)(259.8, 307.1)(276.8, 307.1)(276.8, 426.8)(165.9, 426.8);GATE
Port:(172.2, 286.9)(252.5, 286.9)(252.5, 294.2)(172.2, 294.2);SD
Module:M20
Boundary:(706.8, 201.9)(706.8, 246.5)(667.7, 246.5)(667.7, 258.3)(585.2, 258.3)(585.2, 201.9);GATE
Port:(585.2, 214.3)(589.6, 214.3)(589.6, 245.9)(585.2, 245.9);SD
Port:(706.8, 201.9)(706.8, 246.5)(667.7, 246.5)(667.7, 258.3)(591.2, 258.3)(591.2, 201.9);GATE
Port:(696.2, 208.3)(701.4, 208.3)(701.4, 239.1)(696.2, 239.1);SD
Module:M15
Boundary:(30.0, 266.8)(91.2, 266.8)(91.2, 266.9)(105.9, 266.9)(105.9, 461.5)(30.0, 461.5);GATE
Port:(42.6, 456.7)(93.3, 456.7)(93.3, 461.5)(42.6, 461.5);SD
Port:(30.0, 266.8)(91.2, 266.8)(91.2, 266.9)(105.9, 266.9)(105.9, 455.4)(30.0, 455.4);GATE
Port:(35.8, 271.6)(85.4, 271.6)(85.4, 277.5)(35.8, 277.5);SD
Module:M12
Boundary:(697.0, 20.0)(745.8, 20.0)(745.8, 34.9)(759.2, 34.9)(759.2, 120.2)(697.0, 120.2);GATE
Port:(710.5, 114.3)(745.7, 114.3)(745.7, 120.2)(710.5, 120.2);SD
Port:(697.0, 20.0)(745.8, 20.0)(745.8, 34.9)(759.2, 34.9)(759.2, 113.1)(697.0, 113.1);GATE
Port:(704.0, 26.0)(737.8, 26.0)(737.8, 31.5)(704.0, 31.5);SD
Module:M39
Boundary:(530.7, 194.3)(530.7, 271.9)(351.6, 271.9)(351.6, 194.3);GATE
Port:(351.6, 207.2)(355.9, 207.2)(355.9, 259.0)(351.6, 259.0);SD
Port:(530.7, 194.3)(530.7, 271.9)(357.9, 271.9)(357.9, 194.3);GATE
Port:(520.4, 201.0)(525.0, 201.0)(525.0, 265.2)(520.4, 265.2);SD
Module:M8
Boundary:(558.6, 489.1)(558.6, 552.6)(530.7, 552.6)(530.7, 567.6)(466.4, 567.6)(466.4, 489.1);GATE
Port:(466.4, 501.0)(471.2, 501.0)(471.2, 555.7)(466.4, 555.7);SD
Port:(558.6, 489.1)(558.6, 552.6)(530.7, 552.6)(530.7, 567.6)(474.0, 567.6)(474.0, 489.1);GATE
Port:(549.6, 494.3)(554.4, 494.3)(554.4, 546.4)(549.6, 546.4);SD
Module:M4
Boundary:(585.7, 736.8)(585.7, 806.0)(553.5, 806.0)(553.5, 821.8)(495.9, 821.8)(495.9, 736.8);GATE
Port:(495.9, 750.3)(501.7, 750.3)(501.7, 808.3)(495.9, 808.3);SD
Port:(585.7, 736.8)(585.7, 806.0)(553.5, 806.0)(553.5, 821.8)(503.3, 821.8)(503.3, 736.8);GATE
Port:(574.5, 742.1)(581.4, 742.1)(581.4, 799.7)(574.5, 799.7);SD
Module:M36
Boundary:(880.0, 754.3)(880.0, 848.0)(840.2, 848.0)(840.2, 862.7)(776.5, 862.7)(776.5, 754.3);GATE
Port:(776.5, 766.2)(781.1, 766.2)(781.1, 850.8)(776.5, 850.8);SD
Port:(880.0, 754.3)(880.0, 848.0)(840.2, 848.0)(840.2, 862.7)(783.0, 862.7)(783.0, 754.3);GATE
Port:(871.3, 759.6)(875.7, 759.6)(875.7, 841.7)(871.3, 841.7);SD
Module:M33
Boundary:(321.6, 183.6)(321.6, 231.6)(252.9, 231.6)(252.9, 183.6);GATE
Port:(252.9, 195.3)(257.4, 195.3)(257.4, 219.9)(252.9, 219.9);SD
Port:(321.6, 183.6)(321.6, 231.6)(260.3, 231.6)(260.3, 183.6);GATE
Port:(312.8, 189.4)(316.8, 189.4)(316.8, 225.8)(312.8, 225.8);SD
Module:M28
Boundary:(337.8, 782.5)(440.2, 782.5)(440.2, 836.1)(455.9, 836.1)(455.9, 985.1)(337.8, 985.1);GATE
Port:(351.8, 979.2)(441.9, 979.2)(441.9, 985.1)(351.8, 985.1);SD
Port:(337.8, 782.5)(440.2, 782.5)(440.2, 836.1)(455.9, 836.1)(455.9, 976.9)(337.8, 976.9);GATE
Port:(343.8, 787.5)(433.2, 787.5)(433.2, 793.8)(343.8, 793.8);SD
Module:M30
Boundary:(982.9, 186.6)(982.9, 260.6)(902.7, 260.6)(902.7, 273.7)(799.2, 273.7)(799.2, 186.6);GATE
Port:(799.2, 198.5)(803.8, 198.5)(803.8, 261.8)(799.2, 261.8);SD
Port:(982.9, 186.6)(982.9, 260.6)(902.7, 260.6)(902.7, 273.7)(805.8, 273.7)(805.8, 186.6);GATE
Port:(972.7, 193.0)(977.5, 193.0)(977.5, 253.2)(972.7, 253.2);SD
Module:M25
Boundary:(226.8, 789.2)(280.5, 789.2)(280.5, 789.2)(297.8, 789.2)(297.8, 964.2)(226.8, 964.2);GATE
Port:(241.3, 960.1)(283.3, 960.1)(283.3, 964.2)(241.3, 964.2);SD
Port:(226.8, 789.2)(280.5, 789.2)(280.5, 789.2)(297.8, 789.2)(297.8, 957.4)(226.8, 957.4);GATE
Port:(232.8, 794.2)(274.5, 794.2)(274.5, 800.8)(232.8, 800.8);SD
Module:M22
Boundary:(420.2, 490.5)(420.2, 584.1)(324.4, 584.1)(324.4, 597.7)(204.1, 597.7)(204.1, 490.5);GATE
Port:(204.1, 504.2)(208.6, 504.2)(208.6, 584.0)(204.1, 584.0);SD
Port:(420.2, 490.5)(420.2, 584.1)(324.4, 584.1)(324.4, 597.7)(210.2, 597.7)(210.2, 490.5);GATE
Port:(408.6, 496.9)(414.8, 496.9)(414.8, 576.7)(408.6, 576.7);SD
Module:M17
Boundary:(164.1, 511.5)(164.1, 599.3)(163.9, 599.3)(163.9, 616.7)(20.0, 616.7)(20.0, 511.5);GATE
Port:(20.0, 526.0)(24.8, 526.0)(24.8, 602.2)(20.0, 602.2);SD
Port:(164.1, 511.5)(164.1, 599.3)(163.9, 599.3)(163.9, 616.7)(26.3, 616.7)(26.3, 511.5);GATE
Port:(152.5, 517.8)(158.8, 517.8)(158.8, 593.0)(152.5, 593.0);SD
