Area:(-20.0, -20.0)(473.4, -20.0)(473.4, 568.0)(-20.0, 568.0)
Rule:GATE(5,5);SD(5,5);GATE_SD(0.5);GATE_ITO(0.5);SD_ITO(0.5)
Module:M9
Boundary:(141.7, 286.5)(141.7, 381.0)(141.1, 381.0)(141.1, 396.4)(20.0, 396.4)(20.0, 286.5);GATE
Port:(20.0, 299.9)(24.1, 299.9)(24.1, 383.0)(20.0, 383.0);SD
Port:(141.7, 286.5)(141.7, 381.0)(141.1, 381.0)(141.1, 396.4)(26.6, 396.4)(26.6, 286.5);GATE
Port:(131.4, 292.9)(136.3, 292.9)(136.3, 374.6)(131.4, 374.6);SD
Module:M5
Boundary:(313.6, 447.5)(313.6, 524.0)(175.7, 524.0)(175.7, 447.5);GATE
Port:(175.7, 460.9)(180.6, 460.9)(180.6, 510.6)(175.7, 510.6);SD
Port:(313.6, 447.5)(313.6, 524.0)(182.7, 524.0)(182.7, 447.5);GATE
Port:(301.9, 453.2)(308.9, 453.2)(308.9, 518.3)(301.9, 518.3);SD
Module:M1
Boundary:(268.0, 20.0)(268.0, 141.3)(130.4, 141.3)(130.4, 20.0);GATE
Port:(130.4, 32.5)(134.8, 32.5)(134.8, 128.8)(130.4, 128.8);SD
Port:(268.0, 20.0)(268.0, 141.3)(136.9, 141.3)(136.9, 20.0);GATE
Port:(258.4, 25.1)(263.9, 25.1)(263.9, 136.2)(258.4, 136.2);SD
Module:M6
Boundary:(308.0, 20.0)(415.7, 20.0)(415.7, 68.7)(432.2, 68.7)(432.2, 142.4)(308.0, 142.4);GATE
Port:(322.8, 138.0)(417.4, 138.0)(417.4, 142.4)(322.8, 142.4);SD
Port:(308.0, 20.0)(415.7, 20.0)(415.7, 68.7)(432.2, 68.7)(432.2, 136.0)(308.0, 136.0);GATE
Port:(313.9, 24.9)(408.8, 24.9)(408.8, 32.1)(313.9, 32.1);SD
Module:M2
Boundary:(20.0, 436.4)(112.3, 436.4)(112.3, 476.6)(125.7, 476.6)(125.7, 528.0)(20.0, 528.0);GATE
Port:(33.6, 522.3)(112.1, 522.3)(112.1, 528.0)(33.6, 528.0);SD
Port:(20.0, 436.4)(112.3, 436.4)(112.3, 476.6)(125.7, 476.6)(125.7, 521.1)(20.0, 521.1);GATE
Port:(26.7, 442.1)(104.6, 442.1)(104.6, 448.5)(26.7, 448.5);SD
Module:M10
Boundary:(419.2, 192.4)(419.2, 272.5)(399.2, 272.5)(399.2, 287.0)(342.7, 287.0)(342.7, 192.4);GATE
Port:(342.7, 205.3)(347.4, 205.3)(347.4, 274.1)(342.7, 274.1);SD
Port:(419.2, 192.4)(419.2, 272.5)(399.2, 272.5)(399.2, 287.0)(350.3, 287.0)(350.3, 192.4);GATE
Port:(408.2, 198.1)(414.5, 198.1)(414.5, 265.8)(408.2, 265.8);SD
Module:M7
Boundary:(20.0, 20.0)(73.2, 20.0)(73.2, 20.1)(90.4, 20.1)(90.4, 237.3)(20.0, 237.3);GATE
Port:(34.4, 231.7)(76.0, 231.7)(76.0, 237.3)(34.4, 237.3);SD
Port:(20.0, 20.0)(73.2, 20.0)(73.2, 20.1)(90.4, 20.1)(90.4, 230.5)(20.0, 230.5);GATE
Port:(25.6, 24.6)(67.6, 24.6)(67.6, 31.3)(25.6, 31.3);SD
Module:M3
Boundary:(363.6, 337.0)(416.0, 337.0)(416.0, 337.3)(433.4, 337.3)(433.4, 519.7)(363.6, 519.7);GATE
Port:(377.2, 514.8)(419.8, 514.8)(419.8, 519.7)(377.2, 519.7);SD
Port:(363.6, 337.0)(416.0, 337.0)(416.0, 337.3)(433.4, 337.3)(433.4, 513.6)(363.6, 513.6);GATE
Port:(369.4, 341.8)(410.2, 341.8)(410.2, 347.4)(369.4, 347.4);SD
Module:M8
Boundary:(284.2, 182.4)(284.2, 231.3)(284.0, 231.3)(284.0, 246.5)(130.4, 246.5)(130.4, 182.4);GATE
Port:(130.4, 195.6)(134.8, 195.6)(134.8, 233.3)(130.4, 233.3);SD
Port:(284.2, 182.4)(284.2, 231.3)(284.0, 231.3)(284.0, 246.5)(135.8, 246.5)(135.8, 182.4);GATE
Port:(272.5, 187.9)(279.7, 187.9)(279.7, 225.8)(272.5, 225.8);SD
Module:M4
Boundary:(181.7, 286.5)(278.3, 286.5)(278.3, 329.8)(292.7, 329.8)(292.7, 397.5)(181.7, 397.5);GATE
Port:(195.3, 393.3)(279.1, 393.3)(279.1, 397.5)(195.3, 397.5);SD
Port:(181.7, 286.5)(278.3, 286.5)(278.3, 329.8)(292.7, 329.8)(292.7, 391.1)(181.7, 391.1);GATE
Port:(187.9, 291.7)(271.1, 291.7)(271.1, 297.6)(187.9, 297.6);SD
