Area:(-20.0, -20.0)(734.2, -20.0)(734.2, 724.6)(-20.0, 724.6)
Rule:GATE(5,5);SD(5,5);GATE_SD(0.5);GATE_ITO(0.5);SD_ITO(0.5)
Module:M14
Boundary:(365.7, 249.7)(436.9, 249.7)(436.9, 297.0)(452.1, 297.0)(452.1, 394.3)(365.7, 394.3);GATE
Port:(381.3, 388.4)(436.5, 388.4)(436.5, 394.3)(381.3, 394.3);SD
Port:(365.7, 249.7)(436.9, 249.7)(436.9, 297.0)(452.1, 297.0)(452.1, 385.6)(365.7, 385.6);GATE
Port:(372.2, 255.2)(429.4, 255.2)(429.4, 262.9)(372.2, 262.9);SD
Module:M9
Boundary:(492.1, 158.0)(539.2, 158.0)(539.2, 158.3)(554.6, 158.3)(554.6, 363.8)(492.1, 363.8);GATE
Port:(504.8, 358.1)(541.9, 358.1)(541.9, 363.8)(504.8, 363.8);SD
Port:(492.1, 158.0)(539.2, 158.0)(539.2, 158.3)(554.6, 158.3)(554.6, 356.0)(492.1, 356.0);GATE
Port:(497.7, 162.6)(533.6, 162.6)(533.6, 168.0)(497.7, 168.0);SD
Module:M5
Boundary:(212.8, 261.0)(212.8, 339.2)(212.6, 339.2)(212.6, 354.2)(20.0, 354.2)(20.0, 261.0);GATE
Port:(20.0, 274.3)(25.5, 274.3)(25.5, 340.9)(20.0, 340.9);SD
Port:(212.8, 261.0)(212.8, 339.2)(212.6, 339.2)(212.6, 354.2)(27.3, 354.2)(27.3, 261.0);GATE
Port:(201.4, 267.8)(207.0, 267.8)(207.0, 332.4)(201.4, 332.4);SD
Module:M11
Boundary:(152.5, 20.0)(200.5, 20.0)(200.5, 20.1)(215.2, 20.1)(215.2, 221.0)(152.5, 221.0);GATE
Port:(166.0, 216.1)(201.7, 216.1)(201.7, 221.0)(166.0, 221.0);SD
Port:(152.5, 20.0)(200.5, 20.0)(200.5, 20.1)(215.2, 20.1)(215.2, 215.0)(152.5, 215.0);GATE
Port:(159.1, 25.6)(193.9, 25.6)(193.9, 31.5)(159.1, 31.5);SD
Module:M1
Boundary:(568.6, 20.0)(568.6, 101.6)(568.3, 101.6)(568.3, 118.0)(487.8, 118.0)(487.8, 20.0);GATE
Port:(487.8, 33.2)(492.1, 33.2)(492.1, 104.8)(487.8, 104.8);SD
Port:(568.6, 20.0)(568.6, 101.6)(568.3, 101.6)(568.3, 118.0)(493.8, 118.0)(493.8, 20.0);GATE
Port:(558.1, 25.3)(564.3, 25.3)(564.3, 96.3)(558.1, 96.3);SD
Module:M19
Boundary:(608.6, 20.0)(690.2, 20.0)(690.2, 125.9)(608.6, 125.9);GATE
Port:(620.4, 120.8)(678.4, 120.8)(678.4, 125.9)(620.4, 125.9);SD
Port:(608.6, 20.0)(690.2, 20.0)(690.2, 118.9)(608.6, 118.9);GATE
Port:(615.2, 25.6)(683.6, 25.6)(683.6, 30.2)(615.2, 30.2);SD
Module:M6
Boundary:(509.0, 585.1)(509.0, 658.8)(459.6, 658.8)(459.6, 675.0)(401.2, 675.0)(401.2, 585.1);GATE
Port:(401.2, 600.9)(405.2, 600.9)(405.2, 659.2)(401.2, 659.2);SD
Port:(509.0, 585.1)(509.0, 658.8)(459.6, 658.8)(459.6, 675.0)(407.9, 675.0)(407.9, 585.1);GATE
Port:(496.0, 591.3)(503.8, 591.3)(503.8, 651.6)(496.0, 651.6);SD
Module:M2
Boundary:(20.0, 394.2)(68.6, 394.2)(68.6, 487.2)(83.7, 487.2)(83.7, 572.6)(20.0, 572.6);GATE
Port:(32.3, 567.1)(71.4, 567.1)(71.4, 572.6)(32.3, 572.6);SD
Port:(20.0, 394.2)(68.6, 394.2)(68.6, 487.2)(83.7, 487.2)(83.7, 565.1)(20.0, 565.1);GATE
Port:(25.1, 398.3)(62.5, 398.3)(62.5, 403.5)(25.1, 403.5);SD
Module:M16
Boundary:(594.6, 165.9)(678.6, 165.9)(678.6, 209.6)(694.2, 209.6)(694.2, 300.4)(594.6, 300.4);GATE
Port:(607.5, 295.1)(681.3, 295.1)(681.3, 300.4)(607.5, 300.4);SD
Port:(594.6, 165.9)(678.6, 165.9)(678.6, 209.6)(694.2, 209.6)(694.2, 292.1)(594.6, 292.1);GATE
Port:(600.6, 170.9)(671.6, 170.9)(671.6, 175.8)(600.6, 175.8);SD
Module:M13
Boundary:(361.2, 585.1)(361.2, 663.0)(360.9, 663.0)(360.9, 678.1)(206.0, 678.1)(206.0, 585.1);GATE
Port:(206.0, 598.1)(210.3, 598.1)(210.3, 665.1)(206.0, 665.1);SD
Port:(361.2, 585.1)(361.2, 663.0)(360.9, 663.0)(360.9, 678.1)(212.8, 678.1)(212.8, 585.1);GATE
Port:(350.3, 590.2)(357.1, 590.2)(357.1, 657.9)(350.3, 657.9);SD
Module:M10
Boundary:(166.0, 612.6)(166.0, 667.4)(142.1, 667.4)(142.1, 684.6)(20.0, 684.6)(20.0, 612.6);GATE
Port:(20.0, 627.0)(25.7, 627.0)(25.7, 670.2)(20.0, 670.2);SD
Port:(166.0, 612.6)(166.0, 667.4)(142.1, 667.4)(142.1, 684.6)(28.4, 684.6)(28.4, 612.6);GATE
Port:(154.8, 618.8)(160.8, 618.8)(160.8, 660.2)(154.8, 660.2);SD
Module:M7
Boundary:(594.6, 340.4)(677.7, 340.4)(677.7, 340.8)(693.5, 340.8)(693.5, 535.9)(594.6, 535.9);GATE
Port:(608.5, 529.9)(679.6, 529.9)(679.6, 535.9)(608.5, 535.9);SD
Port:(594.6, 340.4)(677.7, 340.4)(677.7, 340.8)(693.5, 340.8)(693.5, 527.5)(594.6, 527.5);GATE
Port:(601.0, 345.8)(671.3, 345.8)(671.3, 352.2)(601.0, 352.2);SD
Module:M3
Boundary:(325.7, 261.0)(325.7, 378.9)(252.8, 378.9)(252.8, 261.0);GATE
Port:(252.8, 275.2)(256.9, 275.2)(256.9, 364.7)(252.8, 364.7);SD
Port:(325.7, 261.0)(325.7, 378.9)(258.0, 378.9)(258.0, 261.0);GATE
Port:(314.2, 267.1)(320.6, 267.1)(320.6, 372.8)(314.2, 372.8);SD
Module:M18
Boundary:(20.0, 20.0)(94.9, 20.0)(94.9, 37.9)(112.5, 37.9)(112.5, 220.5)(20.0, 220.5);GATE
Port:(34.5, 214.7)(98.0, 214.7)(98.0, 220.5)(34.5, 220.5);SD
Port:(20.0, 20.0)(94.9, 20.0)(94.9, 37.9)(112.5, 37.9)(112.5, 212.4)(20.0, 212.4);GATE
Port:(26.9, 25.9)(87.0, 25.9)(87.0, 31.2)(26.9, 31.2);SD
Module:M20
Boundary:(683.7, 575.9)(683.7, 666.1)(628.6, 666.1)(628.6, 683.0)(549.0, 683.0)(549.0, 575.9);GATE
Port:(549.0, 590.0)(553.9, 590.0)(553.9, 668.9)(549.0, 668.9);SD
Port:(683.7, 575.9)(683.7, 666.1)(628.6, 666.1)(628.6, 683.0)(555.7, 683.0)(555.7, 575.9);GATE
Port:(673.1, 582.8)(677.8, 582.8)(677.8, 658.2)(673.1, 658.2);SD
Module:M15
Boundary:(353.5, 20.0)(431.8, 20.0)(431.8, 20.1)(447.8, 20.1)(447.8, 209.7)(353.5, 209.7);GATE
Port:(364.7, 204.3)(436.6, 204.3)(436.6, 209.7)(364.7, 209.7);SD
Port:(353.5, 20.0)(431.8, 20.0)(431.8, 20.1)(447.8, 20.1)(447.8, 201.8)(353.5, 201.8);GATE
Port:(358.7, 24.2)(426.6, 24.2)(426.6, 28.8)(358.7, 28.8);SD
Module:M12
Boundary:(123.7, 394.2)(188.7, 394.2)(188.7, 454.7)(202.9, 454.7)(202.9, 539.6)(123.7, 539.6);GATE
Port:(137.3, 535.0)(189.3, 535.0)(189.3, 539.6)(137.3, 539.6);SD
Port:(123.7, 394.2)(188.7, 394.2)(188.7, 454.7)(202.9, 454.7)(202.9, 534.0)(123.7, 534.0);GATE
Port:(130.0, 399.5)(181.4, 399.5)(181.4, 405.7)(130.0, 405.7);SD
Module:M8
Boundary:(445.1, 434.3)(445.1, 530.9)(338.5, 530.9)(338.5, 545.1)(242.9, 545.1)(242.9, 434.3);GATE
Port:(242.9, 448.1)(248.7, 448.1)(248.7, 531.3)(242.9, 531.3);SD
Port:(445.1, 434.3)(445.1, 530.9)(338.5, 530.9)(338.5, 545.1)(249.8, 545.1)(249.8, 434.3);GATE
Port:(433.2, 441.0)(439.4, 441.0)(439.4, 523.2)(433.2, 523.2);SD
Module:M4
Boundary:(485.1, 434.3)(536.9, 434.3)(536.9, 450.7)(552.8, 450.7)(552.8, 513.7)(485.1, 513.7);GATE
Port:(499.0, 509.4)(538.9, 509.4)(538.9, 513.7)(499.0, 513.7);SD
Port:(485.1, 434.3)(536.9, 434.3)(536.9, 450.7)(552.8, 450.7)(552.8, 508.1)(485.1, 508.1);GATE
Port:(491.1, 439.3)(529.9, 439.3)(529.9, 444.7)(491.1, 444.7);SD
Module:M17
Boundary:(255.2, 20.0)(298.9, 20.0)(298.9, 20.1)(313.5, 20.1)(313.5, 206.0)(255.2, 206.0);GATE
Port:(266.1, 201.7)(302.6, 201.7)(302.6, 206.0)(266.1, 206.0);SD
Port:(255.2, 20.0)(298.9, 20.0)(298.9, 20.1)(313.5, 20.1)(313.5, 199.3)(255.2, 199.3);GATE
Port:(260.3, 24.1)(293.8, 24.1)(293.8, 29.2)(260.3, 29.2);SD
