Area:(-10.4, -18.6)(695.1, -18.6)(695.1, 701.6)(-10.4, 701.6)
Rule:GATE(5,5);SD(5,5);GATE_SD(0.5);GATE_ITO(0.5);SD_ITO(0.5)
Module:M1
Boundary:(465.4, 54.3)(465.4, 135.9)(465.6, 135.9)(465.6, 152.3)(546.2, 152.3)(546.2, 54.3);GATE
Port:(541.9, 67.5)(546.2, 67.5)(546.2, 139.1)(541.9, 139.1);SD
Port:(465.4, 54.3)(465.4, 135.9)(465.6, 135.9)(465.6, 152.3)(540.2, 152.3)(540.2, 54.3);GATE
Port:(469.7, 59.6)(475.9, 59.6)(475.9, 130.6)(469.7, 130.6);SD
Module:M19
Boundary:(649.6, 154.2)(568.0, 154.2)(568.0, 48.3)(649.6, 48.3);GATE
Port:(579.8, 48.3)(637.8, 48.3)(637.8, 53.4)(579.8, 53.4);SD
Port:(649.6, 154.2)(568.0, 154.2)(568.0, 55.3)(649.6, 55.3);GATE
Port:(574.6, 144.0)(643.0, 144.0)(643.0, 148.6)(574.6, 148.6);SD
Module:M17
Boundary:(320.5, 207.4)(276.8, 207.4)(276.8, 207.3)(262.2, 207.3)(262.2, 21.4)(320.5, 21.4);GATE
Port:(273.1, 21.4)(309.6, 21.4)(309.6, 25.7)(273.1, 25.7);SD
Port:(320.5, 207.4)(276.8, 207.4)(276.8, 207.3)(262.2, 207.3)(262.2, 28.1)(320.5, 28.1);GATE
Port:(281.9, 198.2)(315.4, 198.2)(315.4, 203.3)(281.9, 203.3);SD
Module:M15
Boundary:(447.3, 38.8)(369.0, 38.8)(369.0, 38.9)(353.0, 38.9)(353.0, 228.5)(447.3, 228.5);GATE
Port:(364.2, 223.1)(436.1, 223.1)(436.1, 228.5)(364.2, 228.5);SD
Port:(447.3, 38.8)(369.0, 38.8)(369.0, 38.9)(353.0, 38.9)(353.0, 220.6)(447.3, 220.6);GATE
Port:(374.2, 43.0)(442.1, 43.0)(442.1, 47.6)(374.2, 47.6);SD
Module:M18
Boundary:(40.6, 33.6)(115.5, 33.6)(115.5, 51.4)(133.1, 51.4)(133.1, 234.1)(40.6, 234.1);GATE
Port:(55.1, 228.3)(118.6, 228.3)(118.6, 234.1)(55.1, 234.1);SD
Port:(40.6, 33.6)(115.5, 33.6)(115.5, 51.4)(133.1, 51.4)(133.1, 226.0)(40.6, 226.0);GATE
Port:(47.5, 39.5)(107.6, 39.5)(107.6, 44.8)(47.5, 44.8);SD
Module:M11
Boundary:(160.0, 253.1)(208.0, 253.1)(208.0, 253.0)(222.7, 253.0)(222.7, 52.1)(160.0, 52.1);GATE
Port:(173.5, 52.1)(209.2, 52.1)(209.2, 57.0)(173.5, 57.0);SD
Port:(160.0, 253.1)(208.0, 253.1)(208.0, 253.0)(222.7, 253.0)(222.7, 58.1)(160.0, 58.1);GATE
Port:(166.6, 241.6)(201.4, 241.6)(201.4, 247.5)(166.6, 247.5);SD
Module:M16
Boundary:(555.5, 199.9)(639.5, 199.9)(639.5, 243.5)(655.1, 243.5)(655.1, 334.4)(555.5, 334.4);GATE
Port:(568.4, 329.1)(642.2, 329.1)(642.2, 334.4)(568.4, 334.4);SD
Port:(555.5, 199.9)(639.5, 199.9)(639.5, 243.5)(655.1, 243.5)(655.1, 326.1)(555.5, 326.1);GATE
Port:(561.5, 204.9)(632.5, 204.9)(632.5, 209.8)(561.5, 209.8);SD
Module:M5
Boundary:(222.4, 264.2)(222.4, 342.4)(222.3, 342.4)(222.3, 357.4)(29.6, 357.4)(29.6, 264.2);GATE
Port:(29.6, 277.5)(35.1, 277.5)(35.1, 344.1)(29.6, 344.1);SD
Port:(222.4, 264.2)(222.4, 342.4)(222.3, 342.4)(222.3, 357.4)(36.9, 357.4)(36.9, 264.2);GATE
Port:(211.0, 271.0)(216.6, 271.0)(216.6, 335.6)(211.0, 335.6);SD
Module:M9
Boundary:(466.2, 158.0)(513.3, 158.0)(513.3, 158.3)(528.7, 158.3)(528.7, 363.8)(466.2, 363.8);GATE
Port:(478.9, 358.1)(516.0, 358.1)(516.0, 363.8)(478.9, 363.8);SD
Port:(466.2, 158.0)(513.3, 158.0)(513.3, 158.3)(528.7, 158.3)(528.7, 356.0)(466.2, 356.0);GATE
Port:(471.8, 162.6)(507.7, 162.6)(507.7, 168.0)(471.8, 168.0);SD
Module:M3
Boundary:(354.4, 254.4)(354.4, 372.3)(281.5, 372.3)(281.5, 254.4);GATE
Port:(281.5, 268.6)(285.6, 268.6)(285.6, 358.1)(281.5, 358.1);SD
Port:(354.4, 254.4)(354.4, 372.3)(286.7, 372.3)(286.7, 254.4);GATE
Port:(342.9, 260.5)(349.3, 260.5)(349.3, 366.2)(342.9, 366.2);SD
Module:M14
Boundary:(364.8, 229.2)(436.0, 229.2)(436.0, 276.5)(451.2, 276.5)(451.2, 373.8)(364.8, 373.8);GATE
Port:(380.4, 367.9)(435.6, 367.9)(435.6, 373.8)(380.4, 373.8);SD
Port:(364.8, 229.2)(436.0, 229.2)(436.0, 276.5)(451.2, 276.5)(451.2, 365.1)(364.8, 365.1);GATE
Port:(371.3, 234.7)(428.5, 234.7)(428.5, 242.4)(371.3, 242.4);SD
Module:M4
Boundary:(518.1, 398.0)(466.3, 398.0)(466.3, 414.3)(450.4, 414.3)(450.4, 477.4)(518.1, 477.4);GATE
Port:(464.3, 473.1)(504.2, 473.1)(504.2, 477.4)(464.3, 477.4);SD
Port:(518.1, 398.0)(466.3, 398.0)(466.3, 414.3)(450.4, 414.3)(450.4, 471.8)(518.1, 471.8);GATE
Port:(473.3, 403.0)(512.1, 403.0)(512.1, 408.4)(473.3, 408.4);SD
Module:M7
Boundary:(546.5, 356.2)(629.6, 356.2)(629.6, 356.6)(645.4, 356.6)(645.4, 551.7)(546.5, 551.7);GATE
Port:(560.4, 545.7)(631.5, 545.7)(631.5, 551.7)(560.4, 551.7);SD
Port:(546.5, 356.2)(629.6, 356.2)(629.6, 356.6)(645.4, 356.6)(645.4, 543.3)(546.5, 543.3);GATE
Port:(552.9, 361.6)(623.2, 361.6)(623.2, 368.0)(552.9, 368.0);SD
Module:M12
Boundary:(209.8, 359.7)(144.8, 359.7)(144.8, 420.2)(130.6, 420.2)(130.6, 505.1)(209.8, 505.1);GATE
Port:(144.2, 500.5)(196.2, 500.5)(196.2, 505.1)(144.2, 505.1);SD
Port:(209.8, 359.7)(144.8, 359.7)(144.8, 420.2)(130.6, 420.2)(130.6, 499.5)(209.8, 499.5);GATE
Port:(152.1, 365.0)(203.5, 365.0)(203.5, 371.2)(152.1, 371.2);SD
Module:M8
Boundary:(443.7, 392.7)(443.7, 489.3)(337.1, 489.3)(337.1, 503.5)(241.5, 503.5)(241.5, 392.7);GATE
Port:(241.5, 406.5)(247.3, 406.5)(247.3, 489.7)(241.5, 489.7);SD
Port:(443.7, 392.7)(443.7, 489.3)(337.1, 489.3)(337.1, 503.5)(248.4, 503.5)(248.4, 392.7);GATE
Port:(431.8, 399.4)(438.0, 399.4)(438.0, 481.6)(431.8, 481.6);SD
Module:M2
Boundary:(37.7, 544.9)(86.3, 544.9)(86.3, 451.8)(101.4, 451.8)(101.4, 366.5)(37.7, 366.5);GATE
Port:(50.0, 366.5)(89.1, 366.5)(89.1, 372.0)(50.0, 372.0);SD
Port:(37.7, 544.9)(86.3, 544.9)(86.3, 451.8)(101.4, 451.8)(101.4, 374.0)(37.7, 374.0);GATE
Port:(42.8, 535.6)(80.2, 535.6)(80.2, 540.8)(42.8, 540.8);SD
Module:M6
Boundary:(487.7, 628.3)(487.7, 554.6)(438.3, 554.6)(438.3, 538.4)(379.9, 538.4)(379.9, 628.3);GATE
Port:(379.9, 554.2)(383.9, 554.2)(383.9, 612.5)(379.9, 612.5);SD
Port:(487.7, 628.3)(487.7, 554.6)(438.3, 554.6)(438.3, 538.4)(386.6, 538.4)(386.6, 628.3);GATE
Port:(474.7, 561.8)(482.5, 561.8)(482.5, 622.1)(474.7, 622.1);SD
Module:M13
Boundary:(361.2, 631.8)(361.2, 553.9)(360.9, 553.9)(360.9, 538.8)(206.0, 538.8)(206.0, 631.8);GATE
Port:(206.0, 551.8)(210.3, 551.8)(210.3, 618.8)(206.0, 618.8);SD
Port:(361.2, 631.8)(361.2, 553.9)(360.9, 553.9)(360.9, 538.8)(212.8, 538.8)(212.8, 631.8);GATE
Port:(350.3, 559.0)(357.1, 559.0)(357.1, 626.7)(350.3, 626.7);SD
Module:M20
Boundary:(519.4, 661.6)(519.4, 571.4)(574.5, 571.4)(574.5, 554.5)(654.1, 554.5)(654.1, 661.6);GATE
Port:(649.2, 568.6)(654.1, 568.6)(654.1, 647.5)(649.2, 647.5);SD
Port:(519.4, 661.6)(519.4, 571.4)(574.5, 571.4)(574.5, 554.5)(647.4, 554.5)(647.4, 661.6);GATE
Port:(525.3, 579.3)(530.0, 579.3)(530.0, 654.7)(525.3, 654.7);SD
Module:M10
Boundary:(39.7, 656.5)(39.7, 601.7)(63.6, 601.7)(63.6, 584.5)(185.7, 584.5)(185.7, 656.5);GATE
Port:(180.0, 598.9)(185.7, 598.9)(185.7, 642.1)(180.0, 642.1);SD
Port:(39.7, 656.5)(39.7, 601.7)(63.6, 601.7)(63.6, 584.5)(177.3, 584.5)(177.3, 656.5);GATE
Port:(44.9, 608.9)(50.9, 608.9)(50.9, 650.3)(44.9, 650.3);SD
