Area:(-18.4, -20.0)(530.5, -20.0)(530.5, 530.8)(-18.4, 530.8)
Rule:GATE(5,5);SD(5,5);GATE_SD(0.5);GATE_ITO(0.5);SD_ITO(0.5)
Module:M6
Boundary:(161.5, 36.2)(161.5, 89.8)(239.7, 89.8)(239.7, 105.8)(382.1, 105.8)(382.1, 36.2);GATE
Port:(377.3, 50.1)(382.1, 50.1)(382.1, 91.9)(377.3, 91.9);SD
Port:(161.5, 36.2)(161.5, 89.8)(239.7, 89.8)(239.7, 105.8)(374.5, 105.8)(374.5, 36.2);GATE
Port:(166.1, 41.8)(173.2, 41.8)(173.2, 83.2)(166.1, 83.2);SD
Module:M5
Boundary:(49.4, 40.6)(140.7, 40.6)(140.7, 40.6)(155.6, 40.6)(155.6, 201.6)(49.4, 201.6);GATE
Port:(62.1, 195.7)(142.9, 195.7)(142.9, 201.6)(62.1, 201.6);SD
Port:(49.4, 40.6)(140.7, 40.6)(140.7, 40.6)(155.6, 40.6)(155.6, 193.5)(49.4, 193.5);GATE
Port:(54.4, 44.6)(135.7, 44.6)(135.7, 51.0)(54.4, 51.0);SD
Module:M1
Boundary:(401.8, 158.6)(401.8, 238.0)(401.8, 238.0)(401.8, 253.7)(216.5, 253.7)(216.5, 158.6);GATE
Port:(216.5, 170.9)(221.4, 170.9)(221.4, 241.4)(216.5, 241.4);SD
Port:(401.8, 158.6)(401.8, 238.0)(401.8, 238.0)(401.8, 253.7)(222.4, 253.7)(222.4, 158.6);GATE
Port:(391.1, 163.6)(397.8, 163.6)(397.8, 233.0)(391.1, 233.0);SD
Module:M2
Boundary:(413.4, 233.3)(460.0, 233.3)(460.0, 157.4)(474.1, 157.4)(474.1, 20.0)(413.4, 20.0);GATE
Port:(425.0, 20.0)(462.5, 20.0)(462.5, 24.9)(425.0, 24.9);SD
Port:(413.4, 233.3)(460.0, 233.3)(460.0, 157.4)(474.1, 157.4)(474.1, 26.9)(413.4, 26.9);GATE
Port:(418.4, 223.6)(454.0, 223.6)(454.0, 229.3)(418.4, 229.3);SD
Module:M3
Boundary:(21.6, 230.1)(141.7, 230.1)(141.7, 300.5)(21.6, 300.5);GATE
Port:(35.5, 294.7)(127.8, 294.7)(127.8, 300.5)(35.5, 300.5);SD
Port:(21.6, 230.1)(141.7, 230.1)(141.7, 293.3)(21.6, 293.3);GATE
Port:(27.0, 234.5)(136.3, 234.5)(136.3, 240.6)(27.0, 240.6);SD
Module:M7
Boundary:(334.0, 264.7)(334.0, 369.2)(156.8, 369.2)(156.8, 264.7);GATE
Port:(156.8, 279.9)(162.0, 279.9)(162.0, 354.0)(156.8, 354.0);SD
Port:(334.0, 264.7)(334.0, 369.2)(163.9, 369.2)(163.9, 264.7);GATE
Port:(321.6, 271.5)(328.2, 271.5)(328.2, 362.4)(321.6, 362.4);SD
Module:M9
Boundary:(489.2, 257.1)(383.9, 257.1)(383.9, 389.6)(489.2, 389.6);GATE
Port:(395.3, 384.3)(477.8, 384.3)(477.8, 389.6)(395.3, 389.6);SD
Port:(489.2, 257.1)(383.9, 257.1)(383.9, 381.4)(489.2, 381.4);GATE
Port:(389.2, 261.4)(483.9, 261.4)(483.9, 266.9)(389.2, 266.9);SD
Module:M10
Boundary:(32.0, 346.9)(84.5, 346.9)(84.5, 401.2)(98.6, 401.2)(98.6, 481.4)(32.0, 481.4);GATE
Port:(46.3, 477.4)(84.3, 477.4)(84.3, 481.4)(46.3, 481.4);SD
Port:(32.0, 346.9)(84.5, 346.9)(84.5, 401.2)(98.6, 401.2)(98.6, 474.7)(32.0, 474.7);GATE
Port:(38.7, 352.6)(76.8, 352.6)(76.8, 359.5)(38.7, 359.5);SD
Module:M4
Boundary:(490.5, 399.4)(490.5, 455.2)(421.5, 455.2)(421.5, 466.7)(293.0, 466.7)(293.0, 399.4);GATE
Port:(293.0, 411.3)(298.4, 411.3)(298.4, 454.8)(293.0, 454.8);SD
Port:(490.5, 399.4)(490.5, 455.2)(421.5, 455.2)(421.5, 466.7)(300.3, 466.7)(300.3, 399.4);GATE
Port:(480.1, 404.6)(486.3, 404.6)(486.3, 449.0)(480.1, 449.0);SD
Module:M8
Boundary:(226.8, 490.8)(226.8, 399.1)(198.6, 399.1)(198.6, 382.0)(105.6, 382.0)(105.6, 490.8);GATE
Port:(105.6, 397.0)(109.8, 397.0)(109.8, 475.8)(105.6, 475.8);SD
Port:(226.8, 490.8)(226.8, 399.1)(198.6, 399.1)(198.6, 382.0)(111.9, 382.0)(111.9, 490.8);GATE
Port:(215.2, 405.2)(222.7, 405.2)(222.7, 485.7)(215.2, 485.7);SD
