Area:(-20.0, -20.0)(355.5, -20.0)(355.5, 865.1)(-20.0, 865.1)
Rule:GATE(5,5);SD(5,5);GATE_SD(0.5);GATE_ITO(0.5);SD_ITO(0.5)
Module:M9
Boundary:(222.0, 489.5)(306.8, 489.5)(306.8, 714.9)(222.0, 714.9);GATE
Port:(235.9, 710.2)(292.9, 710.2)(292.9, 714.9)(235.9, 714.9);SD
Port:(222.0, 489.5)(306.8, 489.5)(306.8, 707.6)(222.0, 707.6);GATE
Port:(227.5, 494.0)(301.3, 494.0)(301.3, 500.9)(227.5, 500.9);SD
Module:M5
Boundary:(183.8, 338.1)(183.8, 432.3)(30.0, 432.3)(30.0, 338.1);GATE
Port:(30.0, 351.6)(34.3, 351.6)(34.3, 418.8)(30.0, 418.8);SD
Port:(183.8, 338.1)(183.8, 432.3)(36.3, 432.3)(36.3, 338.1);GATE
Port:(172.9, 344.2)(178.7, 344.2)(178.7, 426.2)(172.9, 426.2);SD
Module:M1
Boundary:(20.0, 621.8)(122.4, 621.8)(122.4, 621.9)(139.5, 621.9)(139.5, 824.8)(20.0, 824.8);GATE
Port:(33.2, 820.1)(126.3, 820.1)(126.3, 824.8)(33.2, 824.8);SD
Port:(20.0, 621.8)(122.4, 621.8)(122.4, 621.9)(139.5, 621.9)(139.5, 818.0)(20.0, 818.0);GATE
Port:(25.6, 626.4)(116.8, 626.4)(116.8, 631.9)(25.6, 631.9);SD
Module:M6
Boundary:(182.0, 482.3)(182.0, 566.2)(112.9, 566.2)(112.9, 581.8)(20.0, 581.8)(20.0, 482.3);GATE
Port:(20.0, 495.4)(26.0, 495.4)(26.0, 568.7)(20.0, 568.7);SD
Port:(182.0, 482.3)(182.0, 566.2)(112.9, 566.2)(112.9, 581.8)(27.6, 581.8)(27.6, 482.3);GATE
Port:(172.1, 487.7)(177.6, 487.7)(177.6, 559.8)(172.1, 559.8);SD
Module:M2
Boundary:(295.4, 20.0)(295.4, 74.1)(223.8, 74.1)(223.8, 89.9)(129.0, 89.9)(129.0, 20.0);GATE
Port:(129.0, 34.9)(133.5, 34.9)(133.5, 75.0)(129.0, 75.0);SD
Port:(295.4, 20.0)(295.4, 74.1)(223.8, 74.1)(223.8, 89.9)(134.7, 89.9)(134.7, 20.0);GATE
Port:(283.3, 25.8)(290.6, 25.8)(290.6, 67.3)(283.3, 67.3);SD
Module:M10
Boundary:(278.2, 139.9)(278.2, 221.3)(259.6, 221.3)(259.6, 233.0)(159.5, 233.0)(159.5, 139.9);GATE
Port:(159.5, 151.6)(164.1, 151.6)(164.1, 221.3)(159.5, 221.3);SD
Port:(278.2, 139.9)(278.2, 221.3)(259.6, 221.3)(259.6, 233.0)(166.0, 233.0)(166.0, 139.9);GATE
Port:(268.2, 145.3)(273.8, 145.3)(273.8, 214.9)(268.2, 214.9);SD
Module:M7
Boundary:(20.0, 20.0)(89.0, 20.0)(89.0, 142.7)(20.0, 142.7);GATE
Port:(32.2, 137.0)(76.8, 137.0)(76.8, 142.7)(32.2, 142.7);SD
Port:(20.0, 20.0)(89.0, 20.0)(89.0, 135.7)(20.0, 135.7);GATE
Port:(26.9, 25.9)(82.1, 25.9)(82.1, 30.7)(26.9, 30.7);SD
Module:M3
Boundary:(20.0, 182.7)(91.7, 182.7)(91.7, 183.2)(109.5, 183.2)(109.5, 288.1)(20.0, 288.1);GATE
Port:(34.3, 283.2)(95.2, 283.2)(95.2, 288.1)(34.3, 288.1);SD
Port:(20.0, 182.7)(91.7, 182.7)(91.7, 183.2)(109.5, 183.2)(109.5, 280.7)(20.0, 280.7);GATE
Port:(25.2, 186.9)(86.5, 186.9)(86.5, 193.9)(25.2, 193.9);SD
Module:M8
Boundary:(298.9, 754.9)(298.9, 809.6)(280.3, 809.6)(280.3, 825.1)(179.5, 825.1)(179.5, 754.9);GATE
Port:(179.5, 769.6)(183.7, 769.6)(183.7, 810.4)(179.5, 810.4);SD
Port:(298.9, 754.9)(298.9, 809.6)(280.3, 809.6)(280.3, 825.1)(185.3, 825.1)(185.3, 754.9);GATE
Port:(286.3, 761.6)(293.2, 761.6)(293.2, 801.9)(286.3, 801.9);SD
Module:M4
Boundary:(233.8, 283.0)(300.4, 283.0)(300.4, 339.8)(315.5, 339.8)(315.5, 449.5)(233.8, 449.5);GATE
Port:(246.6, 443.7)(302.7, 443.7)(302.7, 449.5)(246.6, 449.5);SD
Port:(233.8, 283.0)(300.4, 283.0)(300.4, 339.8)(315.5, 339.8)(315.5, 441.6)(233.8, 441.6);GATE
Port:(239.4, 287.6)(293.8, 287.6)(293.8, 293.4)(239.4, 293.4);SD
