Area:(-20.0, -20.0)(533.0, -20.0)(533.0, 824.0)(-20.0, 824.0)
Rule:GATE(5,5);SD(5,5);GATE_SD(0.5);GATE_ITO(0.5);SD_ITO(0.5)
Module:M14
Boundary:(217.0, 30.0)(346.5, 30.0)(346.5, 44.0)(362.0, 44.0)(362.0, 150.0)(217.0, 150.0);GATE
Port:(231.5, 140.0)(347.5, 140.0)(347.5, 150.0)(231.5, 150.0);SD
Port:(217.0, 30.0)(346.5, 30.0)(346.5, 44.0)(362.0, 44.0)(362.0, 135.0)(217.0, 135.0);GATE
Port:(227.0, 35.0)(332.0, 35.0)(332.0, 39.0)(227.0, 39.0);SD
Module:M9
Boundary:(111.0, 481.0)(111.0, 628.5)(95.0, 628.5)(95.0, 644.0)(20.0, 644.0)(20.0, 481.0);GATE
Port:(20.0, 495.5)(30.0, 495.5)(30.0, 629.5)(20.0, 629.5);SD
Port:(111.0, 481.0)(111.0, 628.5)(95.0, 628.5)(95.0, 644.0)(35.0, 644.0)(35.0, 481.0);GATE
Port:(102.0, 491.0)(106.0, 491.0)(106.0, 614.0)(102.0, 614.0);SD
Module:M5
Boundary:(412.0, 133.0)(485.0, 133.0)(485.0, 281.0)(412.0, 281.0);GATE
Port:(426.5, 271.0)(470.5, 271.0)(470.5, 281.0)(426.5, 281.0);SD
Port:(412.0, 133.0)(485.0, 133.0)(485.0, 266.0)(412.0, 266.0);GATE
Port:(422.0, 138.0)(475.0, 138.0)(475.0, 142.0)(422.0, 142.0);SD
Module:M11
Boundary:(151.0, 200.0)(298.5, 200.0)(298.5, 247.0)(368.0, 247.0)(368.0, 287.0)(151.0, 287.0);GATE
Port:(165.5, 277.0)(353.5, 277.0)(353.5, 287.0)(165.5, 287.0);SD
Port:(151.0, 200.0)(298.5, 200.0)(298.5, 247.0)(368.0, 247.0)(368.0, 272.0)(151.0, 272.0);GATE
Port:(161.0, 205.0)(284.0, 205.0)(284.0, 209.0)(161.0, 209.0);SD
Module:M1
Boundary:(30.0, 30.0)(123.5, 30.0)(123.5, 61.2)(157.0, 61.2)(157.0, 112.0)(30.0, 112.0);GATE
Port:(44.5, 102.0)(142.5, 102.0)(142.5, 112.0)(44.5, 112.0);SD
Port:(30.0, 30.0)(123.5, 30.0)(123.5, 61.2)(157.0, 61.2)(157.0, 97.0)(30.0, 97.0);GATE
Port:(40.0, 35.0)(109.0, 35.0)(109.0, 39.0)(40.0, 39.0);SD
Module:M6
Boundary:(110.0, 684.0)(110.0, 760.0)(102.0, 760.0)(102.0, 775.0)(20.0, 775.0)(20.0, 684.0);GATE
Port:(20.0, 698.5)(30.0, 698.5)(30.0, 760.5)(20.0, 760.5);SD
Port:(110.0, 684.0)(110.0, 760.0)(102.0, 760.0)(102.0, 775.0)(35.0, 775.0)(35.0, 684.0);GATE
Port:(101.0, 694.0)(105.0, 694.0)(105.0, 745.0)(101.0, 745.0);SD
Module:M2
Boundary:(151.0, 608.0)(280.5, 608.0)(280.5, 622.0)(296.0, 622.0)(296.0, 784.0)(151.0, 784.0);GATE
Port:(165.5, 774.0)(281.5, 774.0)(281.5, 784.0)(165.5, 784.0);SD
Port:(151.0, 608.0)(280.5, 608.0)(280.5, 622.0)(296.0, 622.0)(296.0, 769.0)(151.0, 769.0);GATE
Port:(161.0, 613.0)(266.0, 613.0)(266.0, 617.0)(161.0, 617.0);SD
Module:M16
Boundary:(402.0, 327.0)(478.0, 327.0)(478.0, 335.0)(493.0, 335.0)(493.0, 451.0)(402.0, 451.0);GATE
Port:(416.5, 441.0)(478.5, 441.0)(478.5, 451.0)(416.5, 451.0);SD
Port:(402.0, 327.0)(478.0, 327.0)(478.0, 335.0)(493.0, 335.0)(493.0, 436.0)(402.0, 436.0);GATE
Port:(412.0, 332.0)(463.0, 332.0)(463.0, 336.0)(412.0, 336.0);SD
Module:M13
Boundary:(483.0, 20.0)(483.0, 93.0)(412.0, 93.0)(412.0, 20.0);GATE
Port:(412.0, 34.5)(422.0, 34.5)(422.0, 78.5)(412.0, 78.5);SD
Port:(483.0, 20.0)(483.0, 93.0)(427.0, 93.0)(427.0, 20.0);GATE
Port:(474.0, 30.0)(478.0, 30.0)(478.0, 83.0)(474.0, 83.0);SD
Module:M10
Boundary:(151.0, 476.0)(298.5, 476.0)(298.5, 492.0)(314.0, 492.0)(314.0, 568.0)(151.0, 568.0);GATE
Port:(165.5, 558.0)(299.5, 558.0)(299.5, 568.0)(165.5, 568.0);SD
Port:(151.0, 476.0)(298.5, 476.0)(298.5, 492.0)(314.0, 492.0)(314.0, 553.0)(151.0, 553.0);GATE
Port:(161.0, 481.0)(284.0, 481.0)(284.0, 485.0)(161.0, 485.0);SD
Module:M7
Boundary:(20.0, 349.0)(96.0, 349.0)(96.0, 357.0)(111.0, 357.0)(111.0, 441.0)(20.0, 441.0);GATE
Port:(34.5, 431.0)(96.5, 431.0)(96.5, 441.0)(34.5, 441.0);SD
Port:(20.0, 349.0)(96.0, 349.0)(96.0, 357.0)(111.0, 357.0)(111.0, 426.0)(20.0, 426.0);GATE
Port:(30.0, 354.0)(81.0, 354.0)(81.0, 358.0)(30.0, 358.0);SD
Module:M3
Boundary:(362.0, 327.0)(362.0, 420.5)(352.0, 420.5)(352.0, 436.0)(300.0, 436.0)(300.0, 327.0);GATE
Port:(300.0, 341.5)(310.0, 341.5)(310.0, 421.5)(300.0, 421.5);SD
Port:(362.0, 327.0)(362.0, 420.5)(352.0, 420.5)(352.0, 436.0)(315.0, 436.0)(315.0, 327.0);GATE
Port:(353.0, 337.0)(357.0, 337.0)(357.0, 406.0)(353.0, 406.0);SD
Module:M15
Boundary:(151.0, 327.0)(244.5, 327.0)(244.5, 337.0)(260.0, 337.0)(260.0, 436.0)(151.0, 436.0);GATE
Port:(165.5, 426.0)(245.5, 426.0)(245.5, 436.0)(165.5, 436.0);SD
Port:(151.0, 327.0)(244.5, 327.0)(244.5, 337.0)(260.0, 337.0)(260.0, 421.0)(151.0, 421.0);GATE
Port:(161.0, 332.0)(230.0, 332.0)(230.0, 336.0)(161.0, 336.0);SD
Module:M12
Boundary:(20.0, 162.0)(96.0, 162.0)(96.0, 170.0)(111.0, 170.0)(111.0, 309.0)(20.0, 309.0);GATE
Port:(34.5, 299.0)(96.5, 299.0)(96.5, 309.0)(34.5, 309.0);SD
Port:(20.0, 162.0)(96.0, 162.0)(96.0, 170.0)(111.0, 170.0)(111.0, 294.0)(20.0, 294.0);GATE
Port:(30.0, 167.0)(81.0, 167.0)(81.0, 171.0)(30.0, 171.0);SD
Module:M8
Boundary:(490.0, 491.0)(490.0, 620.5)(449.2, 620.5)(449.2, 672.0)(354.0, 672.0)(354.0, 491.0);GATE
Port:(354.0, 505.5)(364.0, 505.5)(364.0, 657.5)(354.0, 657.5);SD
Port:(490.0, 491.0)(490.0, 620.5)(449.2, 620.5)(449.2, 672.0)(369.0, 672.0)(369.0, 491.0);GATE
Port:(481.0, 501.0)(485.0, 501.0)(485.0, 606.0)(481.0, 606.0);SD
Module:M4
Boundary:(336.0, 712.0)(429.5, 712.0)(429.5, 740.0)(481.0, 740.0)(481.0, 777.0)(336.0, 777.0);GATE
Port:(350.5, 767.0)(466.5, 767.0)(466.5, 777.0)(350.5, 777.0);SD
Port:(336.0, 712.0)(429.5, 712.0)(429.5, 740.0)(481.0, 740.0)(481.0, 762.0)(336.0, 762.0);GATE
Port:(346.0, 717.0)(415.0, 717.0)(415.0, 721.0)(346.0, 721.0);SD
