Area:(-20.0, 16.8)(320.9, 16.8)(320.9, 858.5)(-20.0, 858.5)
Rule:GATE(5,5);SD(5,5);GATE_SD(0.5);GATE_ITO(0.5);SD_ITO(0.5)
Module:M6
Boundary:(36.8, 56.8)(36.8, 124.8)(74.6, 124.8)(74.6, 140.0)(135.8, 140.0)(135.8, 56.8);GATE
Port:(131.8, 70.5)(135.8, 70.5)(135.8, 126.3)(131.8, 126.3);SD
Port:(36.8, 56.8)(36.8, 124.8)(74.6, 124.8)(74.6, 140.0)(130.4, 140.0)(130.4, 56.8);GATE
Port:(42.7, 63.7)(47.8, 63.7)(47.8, 116.9)(42.7, 116.9);SD
Module:M2
Boundary:(151.9, 257.6)(263.0, 257.6)(263.0, 152.4)(280.9, 152.4)(280.9, 57.5)(151.9, 57.5);GATE
Port:(165.2, 57.5)(267.6, 57.5)(267.6, 62.4)(165.2, 62.4);SD
Port:(151.9, 257.6)(263.0, 257.6)(263.0, 152.4)(280.9, 152.4)(280.9, 64.1)(151.9, 64.1);GATE
Port:(157.3, 247.5)(256.6, 247.5)(256.6, 253.2)(157.3, 253.2);SD
Module:M4
Boundary:(121.8, 153.3)(121.8, 248.5)(114.8, 248.5)(114.8, 262.6)(24.6, 262.6)(24.6, 153.3);GATE
Port:(24.6, 166.5)(29.3, 166.5)(29.3, 249.4)(24.6, 249.4);SD
Port:(121.8, 153.3)(121.8, 248.5)(114.8, 248.5)(114.8, 262.6)(30.9, 262.6)(30.9, 153.3);GATE
Port:(110.5, 160.1)(116.0, 160.1)(116.0, 240.7)(110.5, 240.7);SD
Module:M3
Boundary:(149.4, 366.8)(149.4, 316.5)(20.0, 316.5)(20.0, 366.8);GATE
Port:(20.0, 329.7)(25.4, 329.7)(25.4, 353.6)(20.0, 353.6);SD
Port:(149.4, 366.8)(149.4, 316.5)(27.4, 316.5)(27.4, 366.8);GATE
Port:(138.1, 322.8)(144.1, 322.8)(144.1, 360.5)(138.1, 360.5);SD
Module:M8
Boundary:(174.8, 263.0)(256.5, 263.0)(256.5, 291.9)(269.3, 291.9)(269.3, 347.1)(174.8, 347.1);GATE
Port:(189.2, 342.9)(254.9, 342.9)(254.9, 347.1)(189.2, 347.1);SD
Port:(174.8, 263.0)(256.5, 263.0)(256.5, 291.9)(269.3, 291.9)(269.3, 341.6)(174.8, 341.6);GATE
Port:(181.7, 268.9)(247.6, 268.9)(247.6, 275.6)(181.7, 275.6);SD
Module:M5
Boundary:(30.0, 385.0)(166.2, 385.0)(166.2, 486.8)(30.0, 486.8);GATE
Port:(46.5, 482.7)(149.7, 482.7)(149.7, 486.8)(46.5, 486.8);SD
Port:(30.0, 385.0)(166.2, 385.0)(166.2, 481.6)(30.0, 481.6);GATE
Port:(37.0, 391.0)(159.2, 391.0)(159.2, 398.2)(37.0, 398.2);SD
Module:M1
Boundary:(192.1, 516.9)(239.8, 516.9)(239.8, 516.9)(255.5, 516.9)(255.5, 365.3)(192.1, 365.3);GATE
Port:(204.3, 365.3)(243.3, 365.3)(243.3, 370.7)(204.3, 370.7);SD
Port:(192.1, 516.9)(239.8, 516.9)(239.8, 516.9)(255.5, 516.9)(255.5, 372.3)(192.1, 372.3);GATE
Port:(197.3, 506.9)(234.6, 506.9)(234.6, 512.7)(197.3, 512.7);SD
Module:M7
Boundary:(172.2, 628.3)(220.3, 628.3)(220.3, 628.3)(234.5, 628.3)(234.5, 517.5)(172.2, 517.5);GATE
Port:(185.6, 517.5)(221.1, 517.5)(221.1, 521.7)(185.6, 521.7);SD
Port:(172.2, 628.3)(220.3, 628.3)(220.3, 628.3)(234.5, 628.3)(234.5, 523.5)(172.2, 523.5);GATE
Port:(178.8, 616.5)(213.7, 616.5)(213.7, 622.7)(178.8, 622.7);SD
Module:M10
Boundary:(162.3, 556.0)(45.6, 556.0)(45.6, 570.5)(27.3, 570.5)(27.3, 728.3)(162.3, 728.3);GATE
Port:(42.6, 723.6)(147.0, 723.6)(147.0, 728.3)(42.6, 728.3);SD
Port:(162.3, 556.0)(45.6, 556.0)(45.6, 570.5)(27.3, 570.5)(27.3, 721.8)(162.3, 721.8);GATE
Port:(53.4, 561.8)(155.5, 561.8)(155.5, 567.9)(53.4, 567.9);SD
Module:M9
Boundary:(200.3, 818.5)(200.3, 736.1)(30.2, 736.1)(30.2, 818.5);GATE
Port:(30.2, 748.5)(34.6, 748.5)(34.6, 806.1)(30.2, 806.1);SD
Port:(200.3, 818.5)(200.3, 736.1)(35.9, 736.1)(35.9, 818.5);GATE
Port:(190.9, 742.2)(195.2, 742.2)(195.2, 812.4)(190.9, 812.4);SD
