Area:(-17.6, 10.6)(448.0, 10.6)(448.0, 1310.3)(-17.6, 1310.3)
Rule:GATE(5,5);SD(5,5);GATE_SD(0.5);GATE_ITO(0.5);SD_ITO(0.5)
Module:M20
Boundary:(138.1, 213.6)(211.1, 213.6)(211.1, 50.6)(138.1, 50.6);GATE
Port:(152.6, 50.6)(196.6, 50.6)(196.6, 60.6)(152.6, 60.6);SD
Port:(138.1, 213.6)(211.1, 213.6)(211.1, 65.6)(138.1, 65.6);GATE
Port:(148.1, 204.6)(201.1, 204.6)(201.1, 208.6)(148.1, 208.6);SD
Module:M14
Boundary:(211.2, 50.8)(211.2, 108.3)(296.4, 108.3)(296.4, 231.8)(387.2, 231.8)(387.2, 50.8);GATE
Port:(377.2, 65.3)(387.2, 65.3)(387.2, 217.3)(377.2, 217.3);SD
Port:(211.2, 50.8)(211.2, 108.3)(296.4, 108.3)(296.4, 231.8)(372.2, 231.8)(372.2, 50.8);GATE
Port:(216.2, 60.8)(220.2, 60.8)(220.2, 93.8)(216.2, 93.8);SD
Module:M19
Boundary:(113.3, 52.1)(40.3, 52.1)(40.3, 247.1)(113.3, 247.1);GATE
Port:(54.8, 237.1)(98.8, 237.1)(98.8, 247.1)(54.8, 247.1);SD
Port:(113.3, 52.1)(40.3, 52.1)(40.3, 232.1)(113.3, 232.1);GATE
Port:(50.3, 57.1)(103.3, 57.1)(103.3, 61.1)(50.3, 61.1);SD
Module:M17
Boundary:(226.0, 303.4)(337.5, 303.4)(337.5, 365.4)(389.0, 365.4)(389.0, 418.4)(226.0, 418.4);GATE
Port:(240.5, 408.4)(374.5, 408.4)(374.5, 418.4)(240.5, 418.4);SD
Port:(226.0, 303.4)(337.5, 303.4)(337.5, 365.4)(389.0, 365.4)(389.0, 403.4)(226.0, 403.4);GATE
Port:(236.0, 308.4)(323.0, 308.4)(323.0, 312.4)(236.0, 312.4);SD
Module:M5
Boundary:(22.4, 384.5)(22.4, 273.0)(34.4, 273.0)(34.4, 257.5)(188.4, 257.5)(188.4, 384.5);GATE
Port:(178.4, 272.0)(188.4, 272.0)(188.4, 370.0)(178.4, 370.0);SD
Port:(22.4, 384.5)(22.4, 273.0)(34.4, 273.0)(34.4, 257.5)(173.4, 257.5)(173.4, 384.5);GATE
Port:(27.4, 287.5)(31.4, 287.5)(31.4, 374.5)(27.4, 374.5);SD
Module:M9
Boundary:(194.0, 438.9)(194.0, 511.9)(385.0, 511.9)(385.0, 438.9);GATE
Port:(375.0, 453.4)(385.0, 453.4)(385.0, 497.4)(375.0, 497.4);SD
Port:(194.0, 438.9)(194.0, 511.9)(370.0, 511.9)(370.0, 438.9);GATE
Port:(199.0, 448.9)(203.0, 448.9)(203.0, 501.9)(199.0, 501.9);SD
Module:M11
Boundary:(188.0, 562.6)(188.0, 451.1)(176.0, 451.1)(176.0, 435.6)(37.0, 435.6)(37.0, 562.6);GATE
Port:(37.0, 450.1)(47.0, 450.1)(47.0, 548.1)(37.0, 548.1);SD
Port:(188.0, 562.6)(188.0, 451.1)(176.0, 451.1)(176.0, 435.6)(52.0, 435.6)(52.0, 562.6);GATE
Port:(179.0, 465.6)(183.0, 465.6)(183.0, 552.6)(179.0, 552.6);SD
Module:M3
Boundary:(404.5, 513.1)(404.5, 586.1)(210.5, 586.1)(210.5, 513.1);GATE
Port:(210.5, 527.6)(220.5, 527.6)(220.5, 571.6)(210.5, 571.6);SD
Port:(404.5, 513.1)(404.5, 586.1)(225.5, 586.1)(225.5, 513.1);GATE
Port:(395.5, 523.1)(399.5, 523.1)(399.5, 576.1)(395.5, 576.1);SD
Module:M18
Boundary:(34.2, 591.3)(34.2, 667.3)(42.2, 667.3)(42.2, 682.3)(155.2, 682.3)(155.2, 591.3);GATE
Port:(145.2, 605.8)(155.2, 605.8)(155.2, 667.8)(145.2, 667.8);SD
Port:(34.2, 591.3)(34.2, 667.3)(42.2, 667.3)(42.2, 682.3)(140.2, 682.3)(140.2, 591.3);GATE
Port:(39.2, 601.3)(43.2, 601.3)(43.2, 652.3)(39.2, 652.3);SD
Module:M15
Boundary:(305.0, 738.0)(305.0, 608.5)(319.0, 608.5)(319.0, 593.0)(408.0, 593.0)(408.0, 738.0);GATE
Port:(398.0, 607.5)(408.0, 607.5)(408.0, 723.5)(398.0, 723.5);SD
Port:(305.0, 738.0)(305.0, 608.5)(319.0, 608.5)(319.0, 593.0)(393.0, 593.0)(393.0, 738.0);GATE
Port:(310.0, 623.0)(314.0, 623.0)(314.0, 728.0)(310.0, 728.0);SD
Module:M7
Boundary:(270.5, 761.6)(270.5, 614.1)(254.5, 614.1)(254.5, 598.6)(186.5, 598.6)(186.5, 761.6);GATE
Port:(186.5, 613.1)(196.5, 613.1)(196.5, 747.1)(186.5, 747.1);SD
Port:(270.5, 761.6)(270.5, 614.1)(254.5, 614.1)(254.5, 598.6)(201.5, 598.6)(201.5, 761.6);GATE
Port:(261.5, 628.6)(265.5, 628.6)(265.5, 751.6)(261.5, 751.6);SD
Module:M8
Boundary:(50.5, 683.9)(144.0, 683.9)(144.0, 693.9)(159.5, 693.9)(159.5, 812.9)(50.5, 812.9);GATE
Port:(65.0, 802.9)(145.0, 802.9)(145.0, 812.9)(65.0, 812.9);SD
Port:(50.5, 683.9)(144.0, 683.9)(144.0, 693.9)(159.5, 693.9)(159.5, 797.9)(50.5, 797.9);GATE
Port:(60.5, 688.9)(129.5, 688.9)(129.5, 692.9)(60.5, 692.9);SD
Module:M13
Boundary:(288.9, 771.4)(215.9, 771.4)(215.9, 898.4)(288.9, 898.4);GATE
Port:(230.4, 888.4)(274.4, 888.4)(274.4, 898.4)(230.4, 898.4);SD
Port:(288.9, 771.4)(215.9, 771.4)(215.9, 883.4)(288.9, 883.4);GATE
Port:(225.9, 776.4)(278.9, 776.4)(278.9, 780.4)(225.9, 780.4);SD
Module:M4
Boundary:(399.5, 739.7)(399.5, 833.2)(349.5, 833.2)(349.5, 884.7)(300.5, 884.7)(300.5, 739.7);GATE
Port:(300.5, 754.2)(310.5, 754.2)(310.5, 870.2)(300.5, 870.2);SD
Port:(399.5, 739.7)(399.5, 833.2)(349.5, 833.2)(349.5, 884.7)(315.5, 884.7)(315.5, 739.7);GATE
Port:(390.5, 749.7)(394.5, 749.7)(394.5, 818.7)(390.5, 818.7);SD
Module:M2
Boundary:(206.2, 1022.4)(76.7, 1022.4)(76.7, 1008.4)(61.2, 1008.4)(61.2, 839.4)(206.2, 839.4);GATE
Port:(75.7, 839.4)(191.7, 839.4)(191.7, 849.4)(75.7, 849.4);SD
Port:(206.2, 1022.4)(76.7, 1022.4)(76.7, 1008.4)(61.2, 1008.4)(61.2, 854.4)(206.2, 854.4);GATE
Port:(91.2, 1013.4)(196.2, 1013.4)(196.2, 1017.4)(91.2, 1017.4);SD
Module:M10
Boundary:(218.2, 927.6)(294.2, 927.6)(294.2, 935.6)(309.2, 935.6)(309.2, 1062.6)(218.2, 1062.6);GATE
Port:(232.7, 1052.6)(294.7, 1052.6)(294.7, 1062.6)(232.7, 1062.6);SD
Port:(218.2, 927.6)(294.2, 927.6)(294.2, 935.6)(309.2, 935.6)(309.2, 1047.6)(218.2, 1047.6);GATE
Port:(228.2, 932.6)(279.2, 932.6)(279.2, 936.6)(228.2, 936.6);SD
Module:M12
Boundary:(382.4, 975.5)(309.4, 975.5)(309.4, 1136.5)(382.4, 1136.5);GATE
Port:(323.9, 1126.5)(367.9, 1126.5)(367.9, 1136.5)(323.9, 1136.5);SD
Port:(382.4, 975.5)(309.4, 975.5)(309.4, 1121.5)(382.4, 1121.5);GATE
Port:(319.4, 980.5)(372.4, 980.5)(372.4, 984.5)(319.4, 984.5);SD
Module:M6
Boundary:(194.6, 1206.0)(119.1, 1206.0)(119.1, 1141.8)(49.6, 1141.8)(49.6, 1053.0)(194.6, 1053.0);GATE
Port:(64.1, 1053.0)(180.1, 1053.0)(180.1, 1063.0)(64.1, 1063.0);SD
Port:(194.6, 1206.0)(119.1, 1206.0)(119.1, 1141.8)(49.6, 1141.8)(49.6, 1068.0)(194.6, 1068.0);GATE
Port:(133.6, 1197.0)(184.6, 1197.0)(184.6, 1201.0)(133.6, 1201.0);SD
Module:M1
Boundary:(194.7, 1270.3)(194.7, 1176.8)(206.7, 1176.8)(206.7, 1161.3)(274.7, 1161.3)(274.7, 1270.3);GATE
Port:(264.7, 1175.8)(274.7, 1175.8)(274.7, 1255.8)(264.7, 1255.8);SD
Port:(194.7, 1270.3)(194.7, 1176.8)(206.7, 1176.8)(206.7, 1161.3)(259.7, 1161.3)(259.7, 1270.3);GATE
Port:(199.7, 1191.3)(203.7, 1191.3)(203.7, 1260.3)(199.7, 1260.3);SD
Module:M16
Boundary:(290.2, 1144.5)(366.2, 1144.5)(366.2, 1152.5)(381.2, 1152.5)(381.2, 1231.5)(290.2, 1231.5);GATE
Port:(304.7, 1221.5)(366.7, 1221.5)(366.7, 1231.5)(304.7, 1231.5);SD
Port:(290.2, 1144.5)(366.2, 1144.5)(366.2, 1152.5)(381.2, 1152.5)(381.2, 1216.5)(290.2, 1216.5);GATE
Port:(300.2, 1149.5)(351.2, 1149.5)(351.2, 1153.5)(300.2, 1153.5);SD
