Area:(-20.0, -20.0)(944.0, -20.0)(944.0, 241.0)(-20.0, 241.0)
Rule:GATE(5,5);SD(5,5);GATE_SD(0.5);GATE_ITO(0.5);SD_ITO(0.5)
Module:M5
Boundary:(291.0, 20.0)(291.0, 167.5)(275.0, 167.5)(275.0, 183.0)(225.0, 183.0)(225.0, 20.0);GATE
Port:(225.0, 34.5)(235.0, 34.5)(235.0, 168.5)(225.0, 168.5);SD
Port:(291.0, 20.0)(291.0, 167.5)(275.0, 167.5)(275.0, 183.0)(240.0, 183.0)(240.0, 20.0);GATE
Port:(282.0, 30.0)(286.0, 30.0)(286.0, 153.0)(282.0, 153.0);SD
Module:M1
Boundary:(448.0, 20.0)(523.5, 20.0)(523.5, 97.5)(665.0, 97.5)(665.0, 201.0)(448.0, 201.0);GATE
Port:(462.5, 191.0)(650.5, 191.0)(650.5, 201.0)(462.5, 201.0);SD
Port:(448.0, 20.0)(523.5, 20.0)(523.5, 97.5)(665.0, 97.5)(665.0, 186.0)(448.0, 186.0);GATE
Port:(458.0, 25.0)(509.0, 25.0)(509.0, 29.0)(458.0, 29.0);SD
Module:M2
Boundary:(904.0, 20.0)(904.0, 149.5)(890.0, 149.5)(890.0, 165.0)(705.0, 165.0)(705.0, 20.0);GATE
Port:(705.0, 34.5)(715.0, 34.5)(715.0, 150.5)(705.0, 150.5);SD
Port:(904.0, 20.0)(904.0, 149.5)(890.0, 149.5)(890.0, 165.0)(720.0, 165.0)(720.0, 20.0);GATE
Port:(895.0, 30.0)(899.0, 30.0)(899.0, 135.0)(895.0, 135.0);SD
Module:M3
Boundary:(408.0, 20.0)(408.0, 113.5)(379.3, 113.5)(379.3, 147.0)(331.0, 147.0)(331.0, 20.0);GATE
Port:(331.0, 34.5)(341.0, 34.5)(341.0, 132.5)(331.0, 132.5);SD
Port:(408.0, 20.0)(408.0, 113.5)(379.3, 113.5)(379.3, 147.0)(346.0, 147.0)(346.0, 20.0);GATE
Port:(399.0, 30.0)(403.0, 30.0)(403.0, 99.0)(399.0, 99.0);SD
Module:M4
Boundary:(185.0, 20.0)(185.0, 113.5)(80.0, 113.5)(80.0, 183.0)(20.0, 183.0)(20.0, 20.0);GATE
Port:(20.0, 34.5)(30.0, 34.5)(30.0, 168.5)(20.0, 168.5);SD
Port:(185.0, 20.0)(185.0, 113.5)(80.0, 113.5)(80.0, 183.0)(35.0, 183.0)(35.0, 20.0);GATE
Port:(176.0, 30.0)(180.0, 30.0)(180.0, 99.0)(176.0, 99.0);SD
