Area:(-20.0, -20.0)(680.0, -20.0)(680.0, 442.0)(-20.0, 442.0)
Rule:GATE(5,5);SD(5,5);GATE_SD(0.5);GATE_ITO(0.5);SD_ITO(0.5)
Module:M9
Boundary:(160.0, 212.0)(253.5, 212.0)(253.5, 222.0)(269.0, 222.0)(269.0, 289.0)(160.0, 289.0);GATE
Port:(174.5, 279.0)(254.5, 279.0)(254.5, 289.0)(174.5, 289.0);SD
Port:(160.0, 212.0)(253.5, 212.0)(253.5, 222.0)(269.0, 222.0)(269.0, 274.0)(160.0, 274.0);GATE
Port:(170.0, 217.0)(239.0, 217.0)(239.0, 221.0)(170.0, 221.0);SD
Module:M5
Boundary:(110.0, 228.0)(110.0, 375.5)(94.0, 375.5)(94.0, 391.0)(30.0, 391.0)(30.0, 228.0);GATE
Port:(30.0, 242.5)(40.0, 242.5)(40.0, 376.5)(30.0, 376.5);SD
Port:(110.0, 228.0)(110.0, 375.5)(94.0, 375.5)(94.0, 391.0)(45.0, 391.0)(45.0, 228.0);GATE
Port:(101.0, 238.0)(105.0, 238.0)(105.0, 361.0)(101.0, 361.0);SD
Module:M1
Boundary:(20.0, 20.0)(93.0, 20.0)(93.0, 178.0)(20.0, 178.0);GATE
Port:(34.5, 168.0)(78.5, 168.0)(78.5, 178.0)(34.5, 178.0);SD
Port:(20.0, 20.0)(93.0, 20.0)(93.0, 163.0)(20.0, 163.0);GATE
Port:(30.0, 25.0)(83.0, 25.0)(83.0, 29.0)(30.0, 29.0);SD
Module:M6
Boundary:(324.0, 20.0)(324.0, 96.0)(316.0, 96.0)(316.0, 111.0)(264.0, 111.0)(264.0, 20.0);GATE
Port:(264.0, 34.5)(274.0, 34.5)(274.0, 96.5)(264.0, 96.5);SD
Port:(324.0, 20.0)(324.0, 96.0)(316.0, 96.0)(316.0, 111.0)(279.0, 111.0)(279.0, 20.0);GATE
Port:(315.0, 30.0)(319.0, 30.0)(319.0, 81.0)(315.0, 81.0);SD
Module:M2
Boundary:(133.0, 20.0)(209.0, 20.0)(209.0, 28.0)(224.0, 28.0)(224.0, 172.0)(133.0, 172.0);GATE
Port:(147.5, 162.0)(209.5, 162.0)(209.5, 172.0)(147.5, 172.0);SD
Port:(133.0, 20.0)(209.0, 20.0)(209.0, 28.0)(224.0, 28.0)(224.0, 157.0)(133.0, 157.0);GATE
Port:(143.0, 25.0)(194.0, 25.0)(194.0, 29.0)(143.0, 29.0);SD
Module:M10
Boundary:(628.0, 234.0)(628.0, 345.5)(616.0, 345.5)(616.0, 361.0)(441.0, 361.0)(441.0, 234.0);GATE
Port:(441.0, 248.5)(451.0, 248.5)(451.0, 346.5)(441.0, 346.5);SD
Port:(628.0, 234.0)(628.0, 345.5)(616.0, 345.5)(616.0, 361.0)(456.0, 361.0)(456.0, 234.0);GATE
Port:(619.0, 244.0)(623.0, 244.0)(623.0, 331.0)(619.0, 331.0);SD
Module:M7
Boundary:(160.0, 329.0)(253.5, 329.0)(253.5, 339.0)(269.0, 339.0)(269.0, 402.0)(160.0, 402.0);GATE
Port:(174.5, 392.0)(254.5, 392.0)(254.5, 402.0)(174.5, 402.0);SD
Port:(160.0, 329.0)(253.5, 329.0)(253.5, 339.0)(269.0, 339.0)(269.0, 387.0)(160.0, 387.0);GATE
Port:(170.0, 334.0)(239.0, 334.0)(239.0, 338.0)(170.0, 338.0);SD
Module:M3
Boundary:(391.0, 224.0)(391.0, 317.5)(351.0, 317.5)(351.0, 369.0)(309.0, 369.0)(309.0, 224.0);GATE
Port:(309.0, 238.5)(319.0, 238.5)(319.0, 354.5)(309.0, 354.5);SD
Port:(391.0, 224.0)(391.0, 317.5)(351.0, 317.5)(351.0, 369.0)(324.0, 369.0)(324.0, 224.0);GATE
Port:(382.0, 234.0)(386.0, 234.0)(386.0, 303.0)(382.0, 303.0);SD
Module:M8
Boundary:(364.0, 20.0)(440.0, 20.0)(440.0, 28.0)(455.0, 28.0)(455.0, 184.0)(364.0, 184.0);GATE
Port:(378.5, 174.0)(440.5, 174.0)(440.5, 184.0)(378.5, 184.0);SD
Port:(364.0, 20.0)(440.0, 20.0)(440.0, 28.0)(455.0, 28.0)(455.0, 169.0)(364.0, 169.0);GATE
Port:(374.0, 25.0)(425.0, 25.0)(425.0, 29.0)(374.0, 29.0);SD
Module:M4
Boundary:(495.0, 20.0)(624.5, 20.0)(624.5, 34.0)(640.0, 34.0)(640.0, 180.0)(495.0, 180.0);GATE
Port:(509.5, 170.0)(625.5, 170.0)(625.5, 180.0)(509.5, 180.0);SD
Port:(495.0, 20.0)(624.5, 20.0)(624.5, 34.0)(640.0, 34.0)(640.0, 165.0)(495.0, 165.0);GATE
Port:(505.0, 25.0)(610.0, 25.0)(610.0, 29.0)(505.0, 29.0);SD
