Area:(-15.6, -20.0)(555.0, -20.0)(555.0, 525.2)(-15.6, 525.2)
Rule:GATE(5,5);SD(5,5);GATE_SD(0.5);GATE_ITO(0.5);SD_ITO(0.5)
Module:M8
Boundary:(116.2, 38.3)(116.2, 111.3)(50.2, 111.3)(50.2, 38.3);GATE
Port:(50.2, 52.8)(60.2, 52.8)(60.2, 96.8)(50.2, 96.8);SD
Port:(116.2, 38.3)(116.2, 111.3)(65.2, 111.3)(65.2, 38.3);GATE
Port:(107.2, 48.3)(111.2, 48.3)(111.2, 101.3)(107.2, 101.3);SD
Module:M7
Boundary:(237.0, 32.0)(164.0, 32.0)(164.0, 107.0)(237.0, 107.0);GATE
Port:(178.5, 97.0)(222.5, 97.0)(222.5, 107.0)(178.5, 107.0);SD
Port:(237.0, 32.0)(164.0, 32.0)(164.0, 92.0)(237.0, 92.0);GATE
Port:(174.0, 37.0)(227.0, 37.0)(227.0, 41.0)(174.0, 41.0);SD
Module:M3
Boundary:(402.0, 139.0)(254.5, 139.0)(254.5, 123.0)(239.0, 123.0)(239.0, 20.0)(402.0, 20.0);GATE
Port:(253.5, 20.0)(387.5, 20.0)(387.5, 30.0)(253.5, 30.0);SD
Port:(402.0, 139.0)(254.5, 139.0)(254.5, 123.0)(239.0, 123.0)(239.0, 35.0)(402.0, 35.0);GATE
Port:(269.0, 130.0)(392.0, 130.0)(392.0, 134.0)(269.0, 134.0);SD
Module:M4
Boundary:(442.0, 20.0)(515.0, 20.0)(515.0, 172.0)(442.0, 172.0);GATE
Port:(456.5, 162.0)(500.5, 162.0)(500.5, 172.0)(456.5, 172.0);SD
Port:(442.0, 20.0)(515.0, 20.0)(515.0, 157.0)(442.0, 157.0);GATE
Port:(452.0, 25.0)(505.0, 25.0)(505.0, 29.0)(452.0, 29.0);SD
Module:M9
Boundary:(501.0, 326.2)(389.5, 326.2)(389.5, 314.2)(374.0, 314.2)(374.0, 230.2)(501.0, 230.2);GATE
Port:(388.5, 230.2)(486.5, 230.2)(486.5, 240.2)(388.5, 240.2);SD
Port:(501.0, 326.2)(389.5, 326.2)(389.5, 314.2)(374.0, 314.2)(374.0, 245.2)(501.0, 245.2);GATE
Port:(404.0, 317.2)(491.0, 317.2)(491.0, 321.2)(404.0, 321.2);SD
Module:M1
Boundary:(199.4, 135.0)(199.4, 264.5)(145.5, 264.5)(145.5, 316.0)(24.4, 316.0)(24.4, 135.0);GATE
Port:(24.4, 149.5)(34.4, 149.5)(34.4, 301.5)(24.4, 301.5);SD
Port:(199.4, 135.0)(199.4, 264.5)(145.5, 264.5)(145.5, 316.0)(39.4, 316.0)(39.4, 135.0);GATE
Port:(190.4, 145.0)(194.4, 145.0)(194.4, 250.0)(190.4, 250.0);SD
Module:M10
Boundary:(255.5, 180.2)(349.0, 180.2)(349.0, 190.2)(364.5, 190.2)(364.5, 349.2)(255.5, 349.2);GATE
Port:(270.0, 339.2)(350.0, 339.2)(350.0, 349.2)(270.0, 349.2);SD
Port:(255.5, 180.2)(349.0, 180.2)(349.0, 190.2)(364.5, 190.2)(364.5, 334.2)(255.5, 334.2);GATE
Port:(265.5, 185.2)(334.5, 185.2)(334.5, 189.2)(265.5, 189.2);SD
Module:M5
Boundary:(501.1, 485.2)(407.6, 485.2)(407.6, 475.2)(392.1, 475.2)(392.1, 350.2)(501.1, 350.2);GATE
Port:(406.6, 350.2)(486.6, 350.2)(486.6, 360.2)(406.6, 360.2);SD
Port:(501.1, 485.2)(407.6, 485.2)(407.6, 475.2)(392.1, 475.2)(392.1, 365.2)(501.1, 365.2);GATE
Port:(422.1, 476.2)(491.1, 476.2)(491.1, 480.2)(422.1, 480.2);SD
Module:M2
Boundary:(33.0, 462.6)(126.5, 462.6)(126.5, 404.4)(196.0, 404.4)(196.0, 322.6)(33.0, 322.6);GATE
Port:(47.5, 322.6)(181.5, 322.6)(181.5, 332.6)(47.5, 332.6);SD
Port:(33.0, 462.6)(126.5, 462.6)(126.5, 404.4)(196.0, 404.4)(196.0, 337.6)(33.0, 337.6);GATE
Port:(43.0, 453.6)(112.0, 453.6)(112.0, 457.6)(43.0, 457.6);SD
Module:M6
Boundary:(223.0, 374.4)(223.0, 450.4)(231.0, 450.4)(231.0, 465.4)(365.0, 465.4)(365.0, 374.4);GATE
Port:(355.0, 388.9)(365.0, 388.9)(365.0, 450.9)(355.0, 450.9);SD
Port:(223.0, 374.4)(223.0, 450.4)(231.0, 450.4)(231.0, 465.4)(350.0, 465.4)(350.0, 374.4);GATE
Port:(228.0, 384.4)(232.0, 384.4)(232.0, 435.4)(228.0, 435.4);SD
