Area:(-20.0, -30.0)(1770.4, -30.0)(1770.4, 642.6)(-20.0, 642.6)
Rule:GATE(5,5);SD(5,5);GATE_SD(0.5);GATE_ITO(0.5);SD_ITO(0.5)
Module:M14
Boundary:(938.7, 478.0)(938.7, 570.1)(869.4, 570.1)(869.4, 586.7)(737.1, 586.7)(737.1, 478.0);GATE
Port:(737.1, 493.7)(742.7, 493.7)(742.7, 571.0)(737.1, 571.0);SD
Port:(938.7, 478.0)(938.7, 570.1)(869.4, 570.1)(869.4, 586.7)(745.2, 586.7)(745.2, 478.0);GATE
Port:(926.2, 484.3)(933.4, 484.3)(933.4, 562.8)(926.2, 562.8);SD
Module:M9
Boundary:(1105.5, 302.9)(1105.5, 368.5)(982.6, 368.5)(982.6, 302.9);GATE
Port:(982.6, 316.7)(988.1, 316.7)(988.1, 354.7)(982.6, 354.7);SD
Port:(1105.5, 302.9)(1105.5, 368.5)(989.4, 368.5)(989.4, 302.9);GATE
Port:(1093.7, 309.8)(1099.6, 309.8)(1099.6, 361.6)(1093.7, 361.6);SD
Module:M5
Boundary:(165.7, 167.0)(235.8, 167.0)(235.8, 308.6)(165.7, 308.6);GATE
Port:(179.7, 302.8)(221.8, 302.8)(221.8, 308.6)(179.7, 308.6);SD
Port:(165.7, 167.0)(235.8, 167.0)(235.8, 301.2)(165.7, 301.2);GATE
Port:(172.3, 172.6)(229.2, 172.6)(229.2, 177.7)(172.3, 177.7);SD
Module:M11
Boundary:(1323.5, 420.0)(1394.9, 420.0)(1394.9, 598.1)(1323.5, 598.1);GATE
Port:(1337.4, 593.5)(1381.0, 593.5)(1381.0, 598.1)(1337.4, 598.1);SD
Port:(1323.5, 420.0)(1394.9, 420.0)(1394.9, 590.7)(1323.5, 590.7);GATE
Port:(1329.0, 424.5)(1389.4, 424.5)(1389.4, 430.5)(1329.0, 430.5);SD
Module:M1
Boundary:(1120.0, 150.7)(1120.0, 235.9)(1119.5, 235.9)(1119.5, 252.9)(912.2, 252.9)(912.2, 150.7);GATE
Port:(912.2, 164.4)(917.6, 164.4)(917.6, 239.2)(912.2, 239.2);SD
Port:(1120.0, 150.7)(1120.0, 235.9)(1119.5, 235.9)(1119.5, 252.9)(918.6, 252.9)(918.6, 150.7);GATE
Port:(1109.2, 157.0)(1114.7, 157.0)(1114.7, 229.6)(1109.2, 229.6);SD
Module:M38
Boundary:(1556.9, 10.0)(1604.6, 10.0)(1604.6, 21.9)(1618.1, 21.9)(1618.1, 95.9)(1556.9, 95.9);GATE
Port:(1569.7, 90.7)(1605.3, 90.7)(1605.3, 95.9)(1569.7, 95.9);SD
Port:(1556.9, 10.0)(1604.6, 10.0)(1604.6, 21.9)(1618.1, 21.9)(1618.1, 87.9)(1556.9, 87.9);GATE
Port:(1562.1, 14.2)(1598.4, 14.2)(1598.4, 20.8)(1562.1, 20.8);SD
Module:M40
Boundary:(597.4, 10.0)(650.3, 10.0)(650.3, 85.9)(666.4, 85.9)(666.4, 142.5)(597.4, 142.5);GATE
Port:(610.9, 138.0)(652.9, 138.0)(652.9, 142.5)(610.9, 142.5);SD
Port:(597.4, 10.0)(650.3, 10.0)(650.3, 85.9)(666.4, 85.9)(666.4, 136.3)(597.4, 136.3);GATE
Port:(604.0, 15.6)(642.7, 15.6)(642.7, 21.0)(604.0, 21.0);SD
Module:M35
Boundary:(242.9, 531.3)(242.9, 602.6)(20.0, 602.6)(20.0, 531.3);GATE
Port:(20.0, 545.0)(24.9, 545.0)(24.9, 588.9)(20.0, 588.9);SD
Port:(242.9, 531.3)(242.9, 602.6)(26.7, 602.6)(26.7, 531.3);GATE
Port:(232.4, 536.8)(238.4, 536.8)(238.4, 597.1)(232.4, 597.1);SD
Module:M32
Boundary:(1619.3, 501.5)(1619.3, 571.2)(1604.2, 571.2)(1604.2, 587.1)(1445.8, 587.1)(1445.8, 501.5);GATE
Port:(1445.8, 515.1)(1451.7, 515.1)(1451.7, 573.5)(1445.8, 573.5);SD
Port:(1619.3, 501.5)(1619.3, 571.2)(1604.2, 571.2)(1604.2, 587.1)(1453.7, 587.1)(1453.7, 501.5);GATE
Port:(1607.9, 507.6)(1614.2, 507.6)(1614.2, 564.1)(1607.9, 564.1);SD
Module:M27
Boundary:(1439.7, 179.4)(1518.6, 179.4)(1518.6, 179.6)(1533.8, 179.6)(1533.8, 320.7)(1439.7, 320.7);GATE
Port:(1453.0, 315.5)(1520.5, 315.5)(1520.5, 320.7)(1453.0, 320.7);SD
Port:(1439.7, 179.4)(1518.6, 179.4)(1518.6, 179.6)(1533.8, 179.6)(1533.8, 313.6)(1439.7, 313.6);GATE
Port:(1445.4, 184.1)(1512.9, 184.1)(1512.9, 190.8)(1445.4, 190.8);SD
Module:M24
Boundary:(498.9, 497.7)(498.9, 580.2)(479.4, 580.2)(479.4, 595.1)(282.9, 595.1)(282.9, 497.7);GATE
Port:(282.9, 511.1)(288.1, 511.1)(288.1, 581.7)(282.9, 581.7);SD
Port:(498.9, 497.7)(498.9, 580.2)(479.4, 580.2)(479.4, 595.1)(289.2, 595.1)(289.2, 497.7);GATE
Port:(487.9, 503.3)(494.3, 503.3)(494.3, 573.6)(487.9, 573.6);SD
Module:M19
Boundary:(20.0, 167.0)(108.3, 167.0)(108.3, 167.6)(125.7, 167.6)(125.7, 310.5)(20.0, 310.5);GATE
Port:(34.4, 306.3)(111.3, 306.3)(111.3, 310.5)(34.4, 310.5);SD
Port:(20.0, 167.0)(108.3, 167.0)(108.3, 167.6)(125.7, 167.6)(125.7, 304.9)(20.0, 304.9);GATE
Port:(26.1, 172.1)(102.2, 172.1)(102.2, 177.9)(26.1, 177.9);SD
Module:M6
Boundary:(1182.8, 420.0)(1268.4, 420.0)(1268.4, 482.2)(1283.5, 482.2)(1283.5, 600.3)(1182.8, 600.3);GATE
Port:(1197.9, 595.5)(1268.4, 595.5)(1268.4, 600.3)(1197.9, 600.3);SD
Port:(1182.8, 420.0)(1268.4, 420.0)(1268.4, 482.2)(1283.5, 482.2)(1283.5, 593.9)(1182.8, 593.9);GATE
Port:(1189.4, 425.6)(1260.8, 425.6)(1260.8, 432.1)(1189.4, 432.1);SD
Module:M21
Boundary:(1142.8, 408.5)(1142.8, 473.0)(1142.7, 473.0)(1142.7, 488.3)(988.7, 488.3)(988.7, 408.5);GATE
Port:(988.7, 422.2)(994.0, 422.2)(994.0, 474.6)(988.7, 474.6);SD
Port:(1142.8, 408.5)(1142.8, 473.0)(1142.7, 473.0)(1142.7, 488.3)(996.0, 488.3)(996.0, 408.5);GATE
Port:(1131.6, 415.1)(1137.2, 415.1)(1137.2, 466.4)(1131.6, 466.4);SD
Module:M2
Boundary:(1724.1, 132.8)(1724.1, 216.4)(1673.8, 216.4)(1673.8, 231.6)(1573.8, 231.6)(1573.8, 132.8);GATE
Port:(1573.8, 146.0)(1579.7, 146.0)(1579.7, 218.4)(1573.8, 218.4);SD
Port:(1724.1, 132.8)(1724.1, 216.4)(1673.8, 216.4)(1673.8, 231.6)(1581.0, 231.6)(1581.0, 132.8);GATE
Port:(1713.1, 137.8)(1720.1, 137.8)(1720.1, 210.4)(1713.1, 210.4);SD
Module:M16
Boundary:(861.7, 150.3)(861.7, 262.9)(861.3, 262.9)(861.3, 281.8)(714.8, 281.8)(714.8, 150.3);GATE
Port:(714.8, 165.1)(720.3, 165.1)(720.3, 267.0)(714.8, 267.0);SD
Port:(861.7, 150.3)(861.7, 262.9)(861.3, 262.9)(861.3, 281.8)(722.0, 281.8)(722.0, 150.3);GATE
Port:(850.3, 155.4)(857.6, 155.4)(857.6, 257.8)(850.3, 257.8);SD
Module:M13
Boundary:(220.8, 360.5)(220.8, 481.3)(30.0, 481.3)(30.0, 360.5);GATE
Port:(30.0, 374.4)(35.8, 374.4)(35.8, 467.4)(30.0, 467.4);SD
Port:(220.8, 360.5)(220.8, 481.3)(37.0, 481.3)(37.0, 360.5);GATE
Port:(209.9, 366.9)(215.4, 366.9)(215.4, 474.9)(209.9, 474.9);SD
Module:M10
Boundary:(435.8, 30.0)(435.8, 127.4)(385.3, 127.4)(385.3, 141.7)(309.6, 141.7)(309.6, 30.0);GATE
Port:(309.6, 44.1)(313.8, 44.1)(313.8, 127.6)(309.6, 127.6);SD
Port:(435.8, 30.0)(435.8, 127.4)(385.3, 127.4)(385.3, 141.7)(316.1, 141.7)(316.1, 30.0);GATE
Port:(423.9, 36.4)(430.4, 36.4)(430.4, 120.0)(423.9, 120.0);SD
Module:M37
Boundary:(474.6, 261.6)(577.1, 261.6)(577.1, 444.6)(474.6, 444.6);GATE
Port:(488.6, 439.0)(563.1, 439.0)(563.1, 444.6)(488.6, 444.6);SD
Port:(474.6, 261.6)(577.1, 261.6)(577.1, 437.2)(474.6, 437.2);GATE
Port:(480.4, 266.4)(571.3, 266.4)(571.3, 272.8)(480.4, 272.8);SD
Module:M34
Boundary:(1598.4, 360.7)(1598.4, 437.5)(1528.6, 437.5)(1528.6, 451.5)(1435.8, 451.5)(1435.8, 360.7);GATE
Port:(1435.8, 372.7)(1439.9, 372.7)(1439.9, 439.5)(1435.8, 439.5);SD
Port:(1598.4, 360.7)(1598.4, 437.5)(1528.6, 437.5)(1528.6, 451.5)(1441.9, 451.5)(1441.9, 360.7);GATE
Port:(1588.6, 366.2)(1593.9, 366.2)(1593.9, 431.0)(1588.6, 431.0);SD
Module:M29
Boundary:(1309.4, 20.0)(1399.7, 20.0)(1399.7, 143.7)(1309.4, 143.7);GATE
Port:(1324.0, 137.7)(1385.1, 137.7)(1385.1, 143.7)(1324.0, 143.7);SD
Port:(1309.4, 20.0)(1399.7, 20.0)(1399.7, 136.2)(1309.4, 136.2);GATE
Port:(1315.8, 25.4)(1393.3, 25.4)(1393.3, 31.2)(1315.8, 31.2);SD
Module:M7
Boundary:(1269.4, 20.0)(1269.4, 56.8)(1269.2, 56.8)(1269.2, 75.2)(1156.6, 75.2)(1156.6, 20.0);GATE
Port:(1156.6, 34.8)(1161.4, 34.8)(1161.4, 60.4)(1156.6, 60.4);SD
Port:(1269.4, 20.0)(1269.4, 56.8)(1269.2, 56.8)(1269.2, 75.2)(1162.9, 75.2)(1162.9, 20.0);GATE
Port:(1257.8, 25.4)(1265.0, 25.4)(1265.0, 51.4)(1257.8, 51.4);SD
Module:M31
Boundary:(607.4, 172.5)(657.9, 172.5)(657.9, 172.6)(674.8, 172.6)(674.8, 281.2)(607.4, 281.2);GATE
Port:(620.7, 276.1)(661.5, 276.1)(661.5, 281.2)(620.7, 281.2);SD
Port:(607.4, 172.5)(657.9, 172.5)(657.9, 172.6)(674.8, 172.6)(674.8, 274.9)(607.4, 274.9);GATE
Port:(612.8, 176.9)(652.5, 176.9)(652.5, 183.1)(612.8, 183.1);SD
Module:M3
Boundary:(942.6, 321.8)(942.6, 428.0)(811.4, 428.0)(811.4, 321.8);GATE
Port:(811.4, 335.6)(816.4, 335.6)(816.4, 414.2)(811.4, 414.2);SD
Port:(942.6, 321.8)(942.6, 428.0)(818.4, 428.0)(818.4, 321.8);GATE
Port:(930.8, 328.8)(936.6, 328.8)(936.6, 421.0)(930.8, 421.0);SD
Module:M26
Boundary:(1669.3, 478.3)(1716.4, 478.3)(1716.4, 518.7)(1730.4, 518.7)(1730.4, 602.1)(1669.3, 602.1);GATE
Port:(1681.3, 597.9)(1718.4, 597.9)(1718.4, 602.1)(1681.3, 602.1);SD
Port:(1669.3, 478.3)(1716.4, 478.3)(1716.4, 518.7)(1730.4, 518.7)(1730.4, 596.2)(1669.3, 596.2);GATE
Port:(1675.6, 483.6)(1709.1, 483.6)(1709.1, 487.9)(1675.6, 487.9);SD
Module:M23
Boundary:(434.6, 363.8)(434.6, 447.7)(280.8, 447.7)(280.8, 363.8);GATE
Port:(280.8, 376.8)(286.7, 376.8)(286.7, 434.7)(280.8, 434.7);SD
Port:(434.6, 363.8)(434.6, 447.7)(289.3, 447.7)(289.3, 363.8);GATE
Port:(424.3, 369.0)(430.4, 369.0)(430.4, 442.5)(424.3, 442.5);SD
Module:M18
Boundary:(1449.7, 30.0)(1501.6, 30.0)(1501.6, 59.0)(1516.9, 59.0)(1516.9, 129.4)(1449.7, 129.4);GATE
Port:(1463.5, 123.9)(1503.1, 123.9)(1503.1, 129.4)(1463.5, 129.4);SD
Port:(1449.7, 30.0)(1501.6, 30.0)(1501.6, 59.0)(1516.9, 59.0)(1516.9, 121.3)(1449.7, 121.3);GATE
Port:(1456.0, 35.3)(1494.3, 35.3)(1494.3, 41.2)(1456.0, 41.2);SD
Module:M20
Boundary:(249.6, 30.0)(249.6, 100.2)(152.5, 100.2)(152.5, 117.0)(30.0, 117.0)(30.0, 30.0);GATE
Port:(30.0, 43.6)(35.7, 43.6)(35.7, 103.4)(30.0, 103.4);SD
Port:(249.6, 30.0)(249.6, 100.2)(152.5, 100.2)(152.5, 117.0)(38.3, 117.0)(38.3, 30.0);GATE
Port:(239.2, 35.0)(245.6, 35.0)(245.6, 94.2)(239.2, 94.2);SD
Module:M15
Boundary:(1180.0, 125.2)(1230.7, 125.2)(1230.7, 125.4)(1247.7, 125.4)(1247.7, 345.5)(1180.0, 345.5);GATE
Port:(1193.1, 340.3)(1234.6, 340.3)(1234.6, 345.5)(1193.1, 345.5);SD
Port:(1180.0, 125.2)(1230.7, 125.2)(1230.7, 125.4)(1247.7, 125.4)(1247.7, 338.7)(1180.0, 338.7);GATE
Port:(1185.9, 130.1)(1224.8, 130.1)(1224.8, 135.6)(1185.9, 135.6);SD
Module:M12
Boundary:(862.2, 20.0)(862.2, 96.6)(778.3, 96.6)(778.3, 110.3)(696.4, 110.3)(696.4, 20.0);GATE
Port:(696.4, 32.2)(701.0, 32.2)(701.0, 98.1)(696.4, 98.1);SD
Port:(862.2, 20.0)(862.2, 96.6)(778.3, 96.6)(778.3, 110.3)(703.4, 110.3)(703.4, 20.0);GATE
Port:(851.6, 26.1)(857.1, 26.1)(857.1, 89.5)(851.6, 89.5);SD
Module:M39
Boundary:(1042.9, 10.0)(1126.6, 10.0)(1126.6, 101.4)(1042.9, 101.4);GATE
Port:(1056.1, 95.5)(1113.4, 95.5)(1113.4, 101.4)(1056.1, 101.4);SD
Port:(1042.9, 10.0)(1126.6, 10.0)(1126.6, 93.2)(1042.9, 93.2);GATE
Port:(1048.2, 14.3)(1121.3, 14.3)(1121.3, 20.3)(1048.2, 20.3);SD
Module:M8
Boundary:(485.8, 20.0)(553.4, 20.0)(553.4, 75.0)(567.4, 75.0)(567.4, 231.6)(485.8, 231.6);GATE
Port:(501.1, 225.7)(552.1, 225.7)(552.1, 231.6)(501.1, 231.6);SD
Port:(485.8, 20.0)(553.4, 20.0)(553.4, 75.0)(567.4, 75.0)(567.4, 224.3)(485.8, 224.3);GATE
Port:(492.7, 25.9)(545.5, 25.9)(545.5, 33.3)(492.7, 33.3);SD
Module:M4
Boundary:(1012.9, 20.0)(1012.9, 86.6)(979.6, 86.6)(979.6, 100.7)(902.2, 100.7)(902.2, 20.0);GATE
Port:(902.2, 34.6)(908.2, 34.6)(908.2, 86.1)(902.2, 86.1);SD
Port:(1012.9, 20.0)(1012.9, 86.6)(979.6, 86.6)(979.6, 100.7)(909.9, 100.7)(909.9, 20.0);GATE
Port:(1000.3, 26.1)(1007.8, 26.1)(1007.8, 79.5)(1000.3, 79.5);SD
Module:M36
Boundary:(1638.1, 10.0)(1700.8, 10.0)(1700.8, 29.6)(1713.9, 29.6)(1713.9, 102.8)(1638.1, 102.8);GATE
Port:(1651.6, 97.3)(1700.4, 97.3)(1700.4, 102.8)(1651.6, 102.8);SD
Port:(1638.1, 10.0)(1700.8, 10.0)(1700.8, 29.6)(1713.9, 29.6)(1713.9, 95.1)(1638.1, 95.1);GATE
Port:(1644.8, 15.7)(1693.1, 15.7)(1693.1, 21.4)(1644.8, 21.4);SD
Module:M33
Boundary:(687.1, 474.6)(687.1, 571.1)(538.9, 571.1)(538.9, 474.6);GATE
Port:(538.9, 487.9)(543.4, 487.9)(543.4, 557.8)(538.9, 557.8);SD
Port:(687.1, 474.6)(687.1, 571.1)(545.5, 571.1)(545.5, 474.6);GATE
Port:(676.6, 480.3)(682.4, 480.3)(682.4, 565.4)(676.6, 565.4);SD
Module:M28
Boundary:(771.4, 321.8)(771.4, 402.4)(674.2, 402.4)(674.2, 416.7)(607.4, 416.7)(607.4, 321.8);GATE
Port:(607.4, 335.5)(613.1, 335.5)(613.1, 403.0)(607.4, 403.0);SD
Port:(771.4, 321.8)(771.4, 402.4)(674.2, 402.4)(674.2, 416.7)(615.8, 416.7)(615.8, 321.8);GATE
Port:(760.5, 327.8)(766.4, 327.8)(766.4, 395.4)(760.5, 395.4);SD
Module:M30
Boundary:(435.4, 191.7)(435.4, 297.5)(354.5, 297.5)(354.5, 313.8)(275.8, 313.8)(275.8, 191.7);GATE
Port:(275.8, 206.3)(280.5, 206.3)(280.5, 299.2)(275.8, 299.2);SD
Port:(435.4, 191.7)(435.4, 297.5)(354.5, 297.5)(354.5, 313.8)(282.9, 313.8)(282.9, 191.7);GATE
Port:(424.2, 196.8)(431.3, 196.8)(431.3, 291.4)(424.2, 291.4);SD
Module:M25
Boundary:(1130.4, 528.3)(1130.4, 576.1)(1130.4, 576.1)(1130.4, 591.8)(988.7, 591.8)(988.7, 528.3);GATE
Port:(988.7, 541.3)(992.8, 541.3)(992.8, 578.8)(988.7, 578.8);SD
Port:(1130.4, 528.3)(1130.4, 576.1)(1130.4, 576.1)(1130.4, 591.8)(994.3, 591.8)(994.3, 528.3);GATE
Port:(1120.5, 533.7)(1126.0, 533.7)(1126.0, 570.7)(1120.5, 570.7);SD
Module:M22
Boundary:(1638.4, 271.6)(1708.1, 271.6)(1708.1, 313.8)(1723.2, 313.8)(1723.2, 438.3)(1638.4, 438.3);GATE
Port:(1652.8, 432.9)(1708.8, 432.9)(1708.8, 438.3)(1652.8, 438.3);SD
Port:(1638.4, 271.6)(1708.1, 271.6)(1708.1, 313.8)(1723.2, 313.8)(1723.2, 431.1)(1638.4, 431.1);GATE
Port:(1645.0, 277.2)(1700.5, 277.2)(1700.5, 283.6)(1645.0, 283.6);SD
Module:M17
Boundary:(1297.7, 183.7)(1379.4, 183.7)(1379.4, 183.8)(1395.8, 183.8)(1395.8, 380.0)(1297.7, 380.0);GATE
Port:(1310.3, 375.2)(1383.2, 375.2)(1383.2, 380.0)(1310.3, 380.0);SD
Port:(1297.7, 183.7)(1379.4, 183.7)(1379.4, 183.8)(1395.8, 183.8)(1395.8, 373.6)(1297.7, 373.6);GATE
Port:(1303.6, 188.6)(1373.5, 188.6)(1373.5, 193.7)(1303.6, 193.7);SD
