Area:(-20.0, -7.0)(546.6, -7.0)(546.6, 1376.9)(-20.0, 1376.9)
Rule:GATE(5,5);SD(5,5);GATE_SD(0.5);GATE_ITO(0.5);SD_ITO(0.5)
Module:M19
Boundary:(376.6, 33.0)(274.9, 33.0)(274.9, 120.0)(376.6, 120.0);GATE
Port:(289.0, 115.6)(362.5, 115.6)(362.5, 120.0)(289.0, 120.0);SD
Port:(376.6, 33.0)(274.9, 33.0)(274.9, 114.2)(376.6, 114.2);GATE
Port:(280.7, 37.8)(370.8, 37.8)(370.8, 44.1)(280.7, 44.1);SD
Module:M16
Boundary:(256.5, 53.7)(171.1, 53.7)(171.1, 124.1)(156.1, 124.1)(156.1, 179.7)(256.5, 179.7);GATE
Port:(170.3, 174.2)(242.3, 174.2)(242.3, 179.7)(170.3, 179.7);SD
Port:(256.5, 53.7)(171.1, 53.7)(171.1, 124.1)(156.1, 124.1)(156.1, 172.7)(256.5, 172.7);GATE
Port:(178.3, 58.9)(250.3, 58.9)(250.3, 66.3)(178.3, 66.3);SD
Module:M10
Boundary:(20.0, 55.9)(102.7, 55.9)(102.7, 56.0)(115.8, 56.0)(115.8, 238.2)(20.0, 238.2);GATE
Port:(31.7, 234.0)(104.1, 234.0)(104.1, 238.2)(31.7, 238.2);SD
Port:(20.0, 55.9)(102.7, 55.9)(102.7, 56.0)(115.8, 56.0)(115.8, 231.9)(20.0, 231.9);GATE
Port:(26.5, 61.4)(96.2, 61.4)(96.2, 66.0)(26.5, 66.0);SD
Module:M18
Boundary:(492.3, 115.0)(446.3, 115.0)(446.3, 147.6)(433.2, 147.6)(433.2, 301.9)(492.3, 301.9);GATE
Port:(445.4, 296.7)(480.1, 296.7)(480.1, 301.9)(445.4, 301.9);SD
Port:(492.3, 115.0)(446.3, 115.0)(446.3, 147.6)(433.2, 147.6)(433.2, 295.0)(492.3, 295.0);GATE
Port:(452.6, 119.3)(487.0, 119.3)(487.0, 125.6)(452.6, 125.6);SD
Module:M17
Boundary:(295.0, 312.8)(366.6, 312.8)(366.6, 312.7)(384.1, 312.7)(384.1, 206.9)(295.0, 206.9);GATE
Port:(309.9, 206.9)(369.2, 206.9)(369.2, 211.6)(309.9, 211.6);SD
Port:(295.0, 312.8)(366.6, 312.8)(366.6, 312.7)(384.1, 312.7)(384.1, 213.2)(295.0, 213.2);GATE
Port:(301.8, 301.2)(359.8, 301.2)(359.8, 307.0)(301.8, 307.0);SD
Module:M21
Boundary:(287.6, 203.1)(287.6, 310.3)(287.5, 310.3)(287.5, 327.5)(167.5, 327.5)(167.5, 203.1);GATE
Port:(167.5, 218.9)(172.4, 218.9)(172.4, 311.7)(167.5, 311.7);SD
Port:(287.6, 203.1)(287.6, 310.3)(287.5, 310.3)(287.5, 327.5)(174.8, 327.5)(174.8, 203.1);GATE
Port:(274.7, 210.0)(281.7, 210.0)(281.7, 303.4)(274.7, 303.4);SD
Module:M6
Boundary:(242.3, 371.2)(328.8, 371.2)(328.8, 392.2)(341.4, 392.2)(341.4, 467.0)(242.3, 467.0);GATE
Port:(254.7, 461.4)(329.0, 461.4)(329.0, 467.0)(254.7, 467.0);SD
Port:(242.3, 371.2)(328.8, 371.2)(328.8, 392.2)(341.4, 392.2)(341.4, 460.3)(242.3, 460.3);GATE
Port:(247.9, 375.8)(322.2, 375.8)(322.2, 381.6)(247.9, 381.6);SD
Module:M24
Boundary:(20.0, 276.7)(103.5, 276.7)(103.5, 350.4)(119.0, 350.4)(119.0, 485.1)(20.0, 485.1);GATE
Port:(32.7, 479.9)(106.3, 479.9)(106.3, 485.1)(32.7, 485.1);SD
Port:(20.0, 276.7)(103.5, 276.7)(103.5, 350.4)(119.0, 350.4)(119.0, 478.5)(20.0, 478.5);GATE
Port:(25.5, 281.2)(97.0, 281.2)(97.0, 286.5)(25.5, 286.5);SD
Module:M13
Boundary:(501.2, 326.1)(402.6, 326.1)(402.6, 326.2)(386.6, 326.2)(386.6, 511.9)(501.2, 511.9);GATE
Port:(400.1, 507.5)(487.7, 507.5)(487.7, 511.9)(400.1, 511.9);SD
Port:(501.2, 326.1)(402.6, 326.1)(402.6, 326.2)(386.6, 326.2)(386.6, 506.2)(501.2, 506.2);GATE
Port:(408.7, 331.2)(495.1, 331.2)(495.1, 337.5)(408.7, 337.5);SD
Module:M20
Boundary:(166.9, 387.0)(223.0, 387.0)(223.0, 445.3)(240.7, 445.3)(240.7, 557.4)(166.9, 557.4);GATE
Port:(181.1, 552.8)(226.5, 552.8)(226.5, 557.4)(181.1, 557.4);SD
Port:(166.9, 387.0)(223.0, 387.0)(223.0, 445.3)(240.7, 445.3)(240.7, 550.5)(166.9, 550.5);GATE
Port:(172.1, 391.2)(216.8, 391.2)(216.8, 397.9)(172.1, 397.9);SD
Module:M28
Boundary:(130.8, 505.3)(130.8, 555.5)(98.8, 555.5)(98.8, 569.5)(27.7, 569.5)(27.7, 505.3);GATE
Port:(27.7, 518.7)(32.2, 518.7)(32.2, 556.1)(27.7, 556.1);SD
Port:(130.8, 505.3)(130.8, 555.5)(98.8, 555.5)(98.8, 569.5)(33.4, 569.5)(33.4, 505.3);GATE
Port:(119.3, 511.9)(125.2, 511.9)(125.2, 547.9)(119.3, 547.9);SD
Module:M7
Boundary:(283.4, 650.6)(283.4, 610.9)(283.4, 610.9)(283.4, 592.6)(184.5, 592.6)(184.5, 650.6);GATE
Port:(184.5, 608.8)(188.8, 608.8)(188.8, 634.4)(184.5, 634.4);SD
Port:(283.4, 650.6)(283.4, 610.9)(283.4, 610.9)(283.4, 592.6)(190.5, 592.6)(190.5, 650.6);GATE
Port:(270.4, 617.5)(277.8, 617.5)(277.8, 644.0)(270.4, 644.0);SD
Module:M11
Boundary:(20.0, 672.4)(20.0, 614.7)(126.9, 614.7)(126.9, 672.4);GATE
Port:(122.7, 627.4)(126.9, 627.4)(126.9, 659.7)(122.7, 659.7);SD
Port:(20.0, 672.4)(20.0, 614.7)(119.9, 614.7)(119.9, 672.4);GATE
Port:(25.6, 621.3)(31.1, 621.3)(31.1, 665.8)(25.6, 665.8);SD
Module:M3
Boundary:(338.5, 480.8)(301.0, 480.8)(301.0, 481.0)(283.8, 481.0)(283.8, 699.2)(338.5, 699.2);GATE
Port:(299.0, 693.7)(323.3, 693.7)(323.3, 699.2)(299.0, 699.2);SD
Port:(338.5, 480.8)(301.0, 480.8)(301.0, 481.0)(283.8, 481.0)(283.8, 691.5)(338.5, 691.5);GATE
Port:(307.8, 486.6)(331.7, 486.6)(331.7, 493.4)(307.8, 493.4);SD
Module:M4
Boundary:(347.4, 538.7)(465.9, 538.7)(465.9, 622.0)(484.3, 622.0)(484.3, 704.7)(347.4, 704.7);GATE
Port:(363.5, 699.3)(468.2, 699.3)(468.2, 704.7)(363.5, 704.7);SD
Port:(347.4, 538.7)(465.9, 538.7)(465.9, 622.0)(484.3, 622.0)(484.3, 697.2)(347.4, 697.2);GATE
Port:(354.2, 544.5)(458.1, 544.5)(458.1, 551.4)(354.2, 551.4);SD
Module:M1
Boundary:(272.0, 680.3)(238.3, 680.3)(238.3, 680.4)(222.1, 680.4)(222.1, 787.4)(272.0, 787.4);GATE
Port:(235.5, 781.9)(258.6, 781.9)(258.6, 787.4)(235.5, 787.4);SD
Port:(272.0, 680.3)(238.3, 680.3)(238.3, 680.4)(222.1, 680.4)(222.1, 780.9)(272.0, 780.9);GATE
Port:(244.6, 685.6)(265.7, 685.6)(265.7, 691.3)(244.6, 691.3);SD
Module:M8
Boundary:(163.5, 759.6)(163.5, 686.1)(119.2, 686.1)(119.2, 672.5)(50.6, 672.5)(50.6, 759.6);GATE
Port:(50.6, 683.8)(55.4, 683.8)(55.4, 748.3)(50.6, 748.3);SD
Port:(163.5, 759.6)(163.5, 686.1)(119.2, 686.1)(119.2, 672.5)(58.3, 672.5)(58.3, 759.6);GATE
Port:(154.6, 692.3)(159.3, 692.3)(159.3, 754.4)(154.6, 754.4);SD
Module:M15
Boundary:(506.6, 724.1)(506.6, 757.1)(506.5, 757.1)(506.5, 772.4)(278.1, 772.4)(278.1, 724.1);GATE
Port:(278.1, 737.5)(283.7, 737.5)(283.7, 759.0)(278.1, 759.0);SD
Port:(506.6, 724.1)(506.6, 757.1)(506.5, 757.1)(506.5, 772.4)(286.1, 772.4)(286.1, 724.1);GATE
Port:(495.3, 729.6)(502.1, 729.6)(502.1, 751.6)(495.3, 751.6);SD
Module:M30
Boundary:(158.0, 780.5)(158.0, 858.8)(90.3, 858.8)(90.3, 872.4)(20.0, 872.4)(20.0, 780.5);GATE
Port:(20.0, 794.0)(25.4, 794.0)(25.4, 858.9)(20.0, 858.9);SD
Port:(158.0, 780.5)(158.0, 858.8)(90.3, 858.8)(90.3, 872.4)(26.6, 872.4)(26.6, 780.5);GATE
Port:(146.1, 786.2)(153.3, 786.2)(153.3, 852.1)(146.1, 852.1);SD
Module:M25
Boundary:(487.2, 796.5)(487.2, 892.0)(487.1, 892.0)(487.1, 907.1)(322.7, 907.1)(322.7, 796.5);GATE
Port:(322.7, 810.7)(328.1, 810.7)(328.1, 892.9)(322.7, 892.9);SD
Port:(487.2, 796.5)(487.2, 892.0)(487.1, 892.0)(487.1, 907.1)(329.9, 907.1)(329.9, 796.5);GATE
Port:(475.4, 803.3)(481.4, 803.3)(481.4, 885.2)(475.4, 885.2);SD
Module:M22
Boundary:(319.3, 811.5)(319.3, 910.5)(257.3, 910.5)(257.3, 925.0)(190.9, 925.0)(190.9, 811.5);GATE
Port:(190.9, 825.9)(196.4, 825.9)(196.4, 910.6)(190.9, 910.6);SD
Port:(319.3, 811.5)(319.3, 910.5)(257.3, 910.5)(257.3, 925.0)(197.6, 925.0)(197.6, 811.5);GATE
Port:(306.6, 817.4)(314.4, 817.4)(314.4, 903.6)(306.6, 903.6);SD
Module:M14
Boundary:(72.8, 978.0)(150.8, 978.0)(150.8, 1031.3)(168.4, 1031.3)(168.4, 1081.8)(72.8, 1081.8);GATE
Port:(89.0, 1076.4)(152.2, 1076.4)(152.2, 1081.8)(89.0, 1081.8);SD
Port:(72.8, 978.0)(150.8, 978.0)(150.8, 1031.3)(168.4, 1031.3)(168.4, 1074.3)(72.8, 1074.3);GATE
Port:(79.5, 983.7)(143.1, 983.7)(143.1, 991.0)(79.5, 991.0);SD
Module:M26
Boundary:(376.2, 928.2)(482.8, 928.2)(482.8, 981.6)(499.3, 981.6)(499.3, 1044.2)(376.2, 1044.2);GATE
Port:(390.7, 1039.5)(484.8, 1039.5)(484.8, 1044.2)(390.7, 1044.2);SD
Port:(376.2, 928.2)(482.8, 928.2)(482.8, 981.6)(499.3, 981.6)(499.3, 1037.4)(376.2, 1037.4);GATE
Port:(383.1, 934.1)(474.9, 934.1)(474.9, 939.3)(383.1, 939.3);SD
Module:M12
Boundary:(369.3, 1077.3)(369.3, 977.7)(251.1, 977.7)(251.1, 962.7)(174.4, 962.7)(174.4, 1077.3);GATE
Port:(174.4, 976.8)(179.2, 976.8)(179.2, 1063.2)(174.4, 1063.2);SD
Port:(369.3, 1077.3)(369.3, 977.7)(251.1, 977.7)(251.1, 962.7)(181.1, 962.7)(181.1, 1077.3);GATE
Port:(358.4, 985.5)(363.5, 985.5)(363.5, 1070.5)(358.4, 1070.5);SD
Module:M23
Boundary:(336.7, 1188.1)(336.7, 1124.6)(175.3, 1124.6)(175.3, 1188.1);GATE
Port:(175.3, 1137.4)(179.7, 1137.4)(179.7, 1175.3)(175.3, 1175.3);SD
Port:(336.7, 1188.1)(336.7, 1124.6)(181.8, 1124.6)(181.8, 1188.1);GATE
Port:(326.5, 1129.9)(332.4, 1129.9)(332.4, 1182.8)(326.5, 1182.8);SD
Module:M27
Boundary:(54.5, 1098.4)(54.5, 1169.2)(167.1, 1169.2)(167.1, 1098.4);GATE
Port:(161.7, 1112.7)(167.1, 1112.7)(167.1, 1154.9)(161.7, 1154.9);SD
Port:(54.5, 1098.4)(54.5, 1169.2)(159.2, 1169.2)(159.2, 1098.4);GATE
Port:(58.9, 1103.8)(65.9, 1103.8)(65.9, 1163.8)(58.9, 1163.8);SD
Module:M29
Boundary:(480.1, 1174.5)(480.1, 1105.7)(343.4, 1105.7)(343.4, 1174.5);GATE
Port:(343.4, 1119.9)(348.7, 1119.9)(348.7, 1160.3)(343.4, 1160.3);SD
Port:(480.1, 1174.5)(480.1, 1105.7)(350.6, 1105.7)(350.6, 1174.5);GATE
Port:(468.0, 1112.4)(474.4, 1112.4)(474.4, 1167.8)(468.0, 1167.8);SD
Module:M2
Boundary:(484.9, 1297.4)(484.9, 1224.0)(426.1, 1224.0)(426.1, 1211.1)(314.1, 1211.1)(314.1, 1297.4);GATE
Port:(314.1, 1223.2)(318.2, 1223.2)(318.2, 1285.3)(314.1, 1285.3);SD
Port:(484.9, 1297.4)(484.9, 1224.0)(426.1, 1224.0)(426.1, 1211.1)(320.3, 1211.1)(320.3, 1297.4);GATE
Port:(474.7, 1231.1)(479.8, 1231.1)(479.8, 1291.3)(474.7, 1291.3);SD
Module:M9
Boundary:(63.5, 1336.9)(63.5, 1246.2)(230.8, 1246.2)(230.8, 1336.9);GATE
Port:(225.1, 1259.8)(230.8, 1259.8)(230.8, 1323.3)(225.1, 1323.3);SD
Port:(63.5, 1336.9)(63.5, 1246.2)(223.4, 1246.2)(223.4, 1336.9);GATE
Port:(68.5, 1252.3)(75.0, 1252.3)(75.0, 1330.8)(68.5, 1330.8);SD
Module:M5
Boundary:(253.2, 1188.6)(312.8, 1188.6)(312.8, 1296.3)(253.2, 1296.3);GATE
Port:(265.6, 1291.6)(300.4, 1291.6)(300.4, 1296.3)(265.6, 1296.3);SD
Port:(253.2, 1188.6)(312.8, 1188.6)(312.8, 1289.5)(253.2, 1289.5);GATE
Port:(260.0, 1194.4)(306.0, 1194.4)(306.0, 1199.3)(260.0, 1199.3);SD
