Area:(-20.0, -20.0)(648.4, -20.0)(648.4, 1895.3)(-20.0, 1895.3)
Rule:GATE(5,5);SD(5,5);GATE_SD(0.5);GATE_ITO(0.5);SD_ITO(0.5)
Module:M14
Boundary:(380.3, 20.0)(380.3, 73.7)(360.5, 73.7)(360.5, 89.6)(289.8, 89.6)(289.8, 20.0);GATE
Port:(289.8, 34.3)(293.8, 34.3)(293.8, 75.3)(289.8, 75.3);SD
Port:(380.3, 20.0)(380.3, 73.7)(360.5, 73.7)(360.5, 89.6)(296.5, 89.6)(296.5, 20.0);GATE
Port:(368.4, 26.8)(374.5, 26.8)(374.5, 65.9)(368.4, 65.9);SD
Module:M9
Boundary:(607.5, 172.5)(607.5, 226.5)(607.3, 226.5)(607.3, 239.4)(420.1, 239.4)(420.1, 172.5);GATE
Port:(420.1, 183.5)(424.5, 183.5)(424.5, 228.4)(420.1, 228.4);SD
Port:(607.5, 172.5)(607.5, 226.5)(607.3, 226.5)(607.3, 239.4)(427.5, 239.4)(427.5, 172.5);GATE
Port:(598.3, 177.9)(603.1, 177.9)(603.1, 221.1)(598.3, 221.1);SD
Module:M5
Boundary:(498.1, 984.6)(608.2, 984.6)(608.2, 1147.5)(498.1, 1147.5);GATE
Port:(512.8, 1141.9)(593.5, 1141.9)(593.5, 1147.5)(512.8, 1147.5);SD
Port:(498.1, 984.6)(608.2, 984.6)(608.2, 1140.7)(498.1, 1140.7);GATE
Port:(504.0, 989.5)(602.3, 989.5)(602.3, 996.6)(504.0, 996.6);SD
Module:M11
Boundary:(202.5, 1615.7)(202.5, 1722.6)(202.3, 1722.6)(202.3, 1739.7)(20.0, 1739.7)(20.0, 1615.7);GATE
Port:(20.0, 1631.1)(24.6, 1631.1)(24.6, 1724.3)(20.0, 1724.3);SD
Port:(202.5, 1615.7)(202.5, 1722.6)(202.3, 1722.6)(202.3, 1739.7)(27.6, 1739.7)(27.6, 1615.7);GATE
Port:(189.7, 1622.4)(196.8, 1622.4)(196.8, 1715.9)(189.7, 1715.9);SD
Module:M1
Boundary:(511.1, 1343.4)(608.4, 1343.4)(608.4, 1508.2)(511.1, 1508.2);GATE
Port:(524.8, 1503.9)(594.7, 1503.9)(594.7, 1508.2)(524.8, 1508.2);SD
Port:(511.1, 1343.4)(608.4, 1343.4)(608.4, 1502.9)(511.1, 1502.9);GATE
Port:(517.1, 1348.4)(602.4, 1348.4)(602.4, 1354.1)(517.1, 1354.1);SD
Module:M43
Boundary:(20.0, 1779.7)(87.8, 1779.7)(87.8, 1779.9)(104.4, 1779.9)(104.4, 1855.3)(20.0, 1855.3);GATE
Port:(33.9, 1851.1)(90.5, 1851.1)(90.5, 1855.3)(33.9, 1855.3);SD
Port:(20.0, 1779.7)(87.8, 1779.7)(87.8, 1779.9)(104.4, 1779.9)(104.4, 1848.6)(20.0, 1848.6);GATE
Port:(25.4, 1784.1)(82.4, 1784.1)(82.4, 1790.9)(25.4, 1790.9);SD
Module:M38
Boundary:(141.8, 1335.6)(141.8, 1448.1)(141.6, 1448.1)(141.6, 1467.1)(20.0, 1467.1)(20.0, 1335.6);GATE
Port:(20.0, 1350.1)(25.0, 1350.1)(25.0, 1452.6)(20.0, 1452.6);SD
Port:(141.8, 1335.6)(141.8, 1448.1)(141.6, 1448.1)(141.6, 1467.1)(26.0, 1467.1)(26.0, 1335.6);GATE
Port:(130.6, 1341.4)(137.0, 1341.4)(137.0, 1442.3)(130.6, 1442.3);SD
Module:M40
Boundary:(526.8, 1558.2)(581.3, 1558.2)(581.3, 1590.2)(597.7, 1590.2)(597.7, 1663.8)(526.8, 1663.8);GATE
Port:(541.0, 1658.5)(583.5, 1658.5)(583.5, 1663.8)(541.0, 1663.8);SD
Port:(526.8, 1558.2)(581.3, 1558.2)(581.3, 1590.2)(597.7, 1590.2)(597.7, 1655.9)(526.8, 1655.9);GATE
Port:(533.2, 1563.6)(573.9, 1563.6)(573.9, 1570.0)(533.2, 1570.0);SD
Module:M35
Boundary:(252.6, 1057.4)(252.6, 1130.0)(252.5, 1130.0)(252.5, 1143.8)(156.5, 1143.8)(156.5, 1057.4);GATE
Port:(156.5, 1069.5)(162.5, 1069.5)(162.5, 1131.7)(156.5, 1131.7);SD
Port:(252.6, 1057.4)(252.6, 1130.0)(252.5, 1130.0)(252.5, 1143.8)(164.8, 1143.8)(164.8, 1057.4);GATE
Port:(242.3, 1062.9)(248.1, 1062.9)(248.1, 1124.5)(242.3, 1124.5);SD
Module:M32
Boundary:(337.4, 1195.4)(337.4, 1244.2)(292.0, 1244.2)(292.0, 1258.9)(163.2, 1258.9)(163.2, 1195.4);GATE
Port:(163.2, 1207.5)(167.2, 1207.5)(167.2, 1246.8)(163.2, 1246.8);SD
Port:(337.4, 1195.4)(337.4, 1244.2)(292.0, 1244.2)(292.0, 1258.9)(169.6, 1258.9)(169.6, 1195.4);GATE
Port:(327.4, 1201.1)(332.7, 1201.1)(332.7, 1237.5)(327.4, 1237.5);SD
Module:M27
Boundary:(266.4, 1447.9)(331.9, 1447.9)(331.9, 1601.8)(266.4, 1601.8);GATE
Port:(279.9, 1596.3)(318.4, 1596.3)(318.4, 1601.8)(279.9, 1601.8);SD
Port:(266.4, 1447.9)(331.9, 1447.9)(331.9, 1594.2)(266.4, 1594.2);GATE
Port:(272.8, 1453.3)(325.5, 1453.3)(325.5, 1459.6)(272.8, 1459.6);SD
Module:M24
Boundary:(387.4, 1343.4)(458.9, 1343.4)(458.9, 1406.6)(471.1, 1406.6)(471.1, 1458.3)(387.4, 1458.3);GATE
Port:(399.8, 1452.9)(458.7, 1452.9)(458.7, 1458.3)(399.8, 1458.3);SD
Port:(387.4, 1343.4)(458.9, 1343.4)(458.9, 1406.6)(471.1, 1406.6)(471.1, 1450.2)(387.4, 1450.2);GATE
Port:(393.7, 1348.7)(451.6, 1348.7)(451.6, 1353.8)(393.7, 1353.8);SD
Module:M19
Boundary:(510.4, 476.0)(583.0, 476.0)(583.0, 476.4)(596.9, 476.4)(596.9, 593.4)(510.4, 593.4);GATE
Port:(522.8, 587.5)(584.5, 587.5)(584.5, 593.4)(522.8, 593.4);SD
Port:(510.4, 476.0)(583.0, 476.0)(583.0, 476.4)(596.9, 476.4)(596.9, 586.1)(510.4, 586.1);GATE
Port:(515.7, 480.3)(577.7, 480.3)(577.7, 486.3)(515.7, 486.3);SD
Module:M6
Boundary:(20.0, 20.0)(103.8, 20.0)(103.8, 92.0)(119.5, 92.0)(119.5, 224.3)(20.0, 224.3);GATE
Port:(33.1, 219.1)(106.4, 219.1)(106.4, 224.3)(33.1, 224.3);SD
Port:(20.0, 20.0)(103.8, 20.0)(103.8, 92.0)(119.5, 92.0)(119.5, 216.6)(20.0, 216.6);GATE
Port:(25.5, 24.5)(97.3, 24.5)(97.3, 30.4)(25.5, 30.4);SD
Module:M21
Boundary:(516.8, 1713.8)(585.1, 1713.8)(585.1, 1714.2)(602.0, 1714.2)(602.0, 1853.1)(516.8, 1853.1);GATE
Port:(530.4, 1849.0)(588.4, 1849.0)(588.4, 1853.1)(530.4, 1853.1);SD
Port:(516.8, 1713.8)(585.1, 1713.8)(585.1, 1714.2)(602.0, 1714.2)(602.0, 1847.9)(516.8, 1847.9);GATE
Port:(522.0, 1718.0)(579.9, 1718.0)(579.9, 1724.5)(522.0, 1724.5);SD
Module:M2
Boundary:(317.3, 622.3)(317.3, 693.6)(244.9, 693.6)(244.9, 708.8)(170.8, 708.8)(170.8, 622.3);GATE
Port:(170.8, 636.4)(175.4, 636.4)(175.4, 694.7)(170.8, 694.7);SD
Port:(317.3, 622.3)(317.3, 693.6)(244.9, 693.6)(244.9, 708.8)(177.8, 708.8)(177.8, 622.3);GATE
Port:(306.3, 627.4)(313.2, 627.4)(313.2, 686.5)(306.3, 686.5);SD
Module:M16
Boundary:(370.0, 418.6)(446.8, 418.6)(446.8, 506.9)(460.4, 506.9)(460.4, 590.4)(370.0, 590.4);GATE
Port:(382.6, 584.8)(447.8, 584.8)(447.8, 590.4)(382.6, 590.4);SD
Port:(370.0, 418.6)(446.8, 418.6)(446.8, 506.9)(460.4, 506.9)(460.4, 582.9)(370.0, 582.9);GATE
Port:(376.3, 423.9)(439.5, 423.9)(439.5, 428.9)(376.3, 428.9);SD
Module:M13
Boundary:(514.9, 279.4)(580.4, 279.4)(580.4, 279.5)(596.7, 279.5)(596.7, 426.0)(514.9, 426.0);GATE
Port:(527.9, 420.8)(583.7, 420.8)(583.7, 426.0)(527.9, 426.0);SD
Port:(514.9, 279.4)(580.4, 279.4)(580.4, 279.5)(596.7, 279.5)(596.7, 418.3)(514.9, 418.3);GATE
Port:(520.6, 284.1)(574.7, 284.1)(574.7, 289.5)(520.6, 289.5);SD
Module:M45
Boundary:(226.4, 1507.1)(226.4, 1575.7)(20.0, 1575.7)(20.0, 1507.1);GATE
Port:(20.0, 1521.2)(25.8, 1521.2)(25.8, 1561.6)(20.0, 1561.6);SD
Port:(226.4, 1507.1)(226.4, 1575.7)(28.8, 1575.7)(28.8, 1507.1);GATE
Port:(214.5, 1512.7)(221.8, 1512.7)(221.8, 1570.1)(214.5, 1570.1);SD
Module:M10
Boundary:(242.5, 1641.8)(307.0, 1641.8)(307.0, 1711.7)(321.0, 1711.7)(321.0, 1766.1)(242.5, 1766.1);GATE
Port:(256.1, 1761.0)(307.4, 1761.0)(307.4, 1766.1)(256.1, 1766.1);SD
Port:(242.5, 1641.8)(307.0, 1641.8)(307.0, 1711.7)(321.0, 1711.7)(321.0, 1758.8)(242.5, 1758.8);GATE
Port:(248.6, 1646.9)(299.9, 1646.9)(299.9, 1652.8)(248.6, 1652.8);SD
Module:M42
Boundary:(20.0, 264.3)(76.2, 264.3)(76.2, 327.6)(87.0, 327.6)(87.0, 445.8)(20.0, 445.8);GATE
Port:(31.3, 440.2)(75.7, 440.2)(75.7, 445.8)(31.3, 445.8);SD
Port:(20.0, 264.3)(76.2, 264.3)(76.2, 327.6)(87.0, 327.6)(87.0, 437.6)(20.0, 437.6);GATE
Port:(25.5, 268.8)(68.7, 268.8)(68.7, 274.0)(25.5, 274.0);SD
Module:M37
Boundary:(474.9, 315.1)(474.9, 363.3)(474.9, 363.3)(474.9, 378.6)(279.1, 378.6)(279.1, 315.1);GATE
Port:(279.1, 328.4)(284.6, 328.4)(284.6, 365.3)(279.1, 365.3);SD
Port:(474.9, 315.1)(474.9, 363.3)(474.9, 363.3)(474.9, 378.6)(287.2, 378.6)(287.2, 315.1);GATE
Port:(464.2, 322.0)(469.0, 322.0)(469.0, 356.4)(464.2, 356.4);SD
Module:M34
Boundary:(20.0, 612.8)(115.8, 612.8)(115.8, 613.3)(130.8, 613.3)(130.8, 813.2)(20.0, 813.2);GATE
Port:(34.3, 807.4)(116.5, 807.4)(116.5, 813.2)(34.3, 813.2);SD
Port:(20.0, 612.8)(115.8, 612.8)(115.8, 613.3)(130.8, 613.3)(130.8, 805.3)(20.0, 805.3);GATE
Port:(26.7, 618.5)(109.1, 618.5)(109.1, 625.1)(26.7, 625.1);SD
Module:M29
Boundary:(604.2, 755.0)(604.2, 840.5)(464.6, 840.5)(464.6, 755.0);GATE
Port:(464.6, 767.9)(468.9, 767.9)(468.9, 827.6)(464.6, 827.6);SD
Port:(604.2, 755.0)(604.2, 840.5)(471.4, 840.5)(471.4, 755.0);GATE
Port:(593.9, 760.1)(600.1, 760.1)(600.1, 835.4)(593.9, 835.4);SD
Module:M7
Boundary:(371.9, 1498.3)(454.4, 1498.3)(454.4, 1498.6)(470.4, 1498.6)(470.4, 1617.9)(371.9, 1617.9);GATE
Port:(385.5, 1612.1)(456.8, 1612.1)(456.8, 1617.9)(385.5, 1617.9);SD
Port:(371.9, 1498.3)(454.4, 1498.3)(454.4, 1498.6)(470.4, 1498.6)(470.4, 1609.5)(371.9, 1609.5);GATE
Port:(378.0, 1503.4)(448.3, 1503.4)(448.3, 1509.7)(378.0, 1509.7);SD
Module:M31
Boundary:(156.5, 866.2)(229.7, 866.2)(229.7, 866.2)(248.2, 866.2)(248.2, 1017.4)(156.5, 1017.4);GATE
Port:(170.7, 1011.6)(234.0, 1011.6)(234.0, 1017.4)(170.7, 1017.4);SD
Port:(156.5, 866.2)(229.7, 866.2)(229.7, 866.2)(248.2, 866.2)(248.2, 1008.9)(156.5, 1008.9);GATE
Port:(161.6, 870.3)(224.6, 870.3)(224.6, 876.9)(161.6, 876.9);SD
Module:M3
Boundary:(313.9, 1806.1)(313.9, 1838.7)(313.9, 1838.7)(313.9, 1854.8)(144.4, 1854.8)(144.4, 1806.1);GATE
Port:(144.4, 1818.5)(148.8, 1818.5)(148.8, 1842.4)(144.4, 1842.4);SD
Port:(313.9, 1806.1)(313.9, 1838.7)(313.9, 1838.7)(313.9, 1854.8)(151.8, 1854.8)(151.8, 1806.1);GATE
Port:(303.5, 1812.2)(308.8, 1812.2)(308.8, 1832.6)(303.5, 1832.6);SD
Module:M26
Boundary:(314.2, 765.0)(399.1, 765.0)(399.1, 836.0)(414.6, 836.0)(414.6, 930.2)(314.2, 930.2);GATE
Port:(328.0, 925.8)(400.8, 925.8)(400.8, 930.2)(328.0, 930.2);SD
Port:(314.2, 765.0)(399.1, 765.0)(399.1, 836.0)(414.6, 836.0)(414.6, 923.7)(314.2, 923.7);GATE
Port:(319.3, 769.1)(393.0, 769.1)(393.0, 775.9)(319.3, 775.9);SD
Module:M23
Boundary:(162.6, 485.8)(162.6, 555.1)(162.4, 555.1)(162.4, 572.8)(20.0, 572.8)(20.0, 485.8);GATE
Port:(20.0, 498.8)(25.2, 498.8)(25.2, 559.8)(20.0, 559.8);SD
Port:(162.6, 485.8)(162.6, 555.1)(162.4, 555.1)(162.4, 572.8)(28.0, 572.8)(28.0, 485.8);GATE
Port:(152.2, 490.9)(158.5, 490.9)(158.5, 550.0)(152.2, 550.0);SD
Module:M18
Boundary:(30.0, 863.2)(93.1, 863.2)(93.1, 940.7)(106.5, 940.7)(106.5, 1080.8)(30.0, 1080.8);GATE
Port:(43.1, 1076.2)(93.4, 1076.2)(93.4, 1080.8)(43.1, 1080.8);SD
Port:(30.0, 863.2)(93.1, 863.2)(93.1, 940.7)(106.5, 940.7)(106.5, 1074.7)(30.0, 1074.7);GATE
Port:(36.6, 868.8)(85.5, 868.8)(85.5, 874.4)(36.6, 874.4);SD
Module:M20
Boundary:(361.0, 1657.9)(461.6, 1657.9)(461.6, 1692.5)(476.8, 1692.5)(476.8, 1854.8)(361.0, 1854.8);GATE
Port:(374.9, 1850.0)(462.9, 1850.0)(462.9, 1854.8)(374.9, 1854.8);SD
Port:(361.0, 1657.9)(461.6, 1657.9)(461.6, 1692.5)(476.8, 1692.5)(476.8, 1847.6)(361.0, 1847.6);GATE
Port:(367.5, 1663.4)(454.1, 1663.4)(454.1, 1669.2)(367.5, 1669.2);SD
Module:M15
Boundary:(289.8, 129.6)(380.1, 129.6)(380.1, 275.1)(289.8, 275.1);GATE
Port:(301.1, 269.7)(368.8, 269.7)(368.8, 275.1)(301.1, 275.1);SD
Port:(289.8, 129.6)(380.1, 129.6)(380.1, 266.9)(289.8, 266.9);GATE
Port:(295.0, 133.8)(374.9, 133.8)(374.9, 138.8)(295.0, 138.8);SD
Module:M12
Boundary:(607.0, 643.4)(607.0, 696.0)(559.9, 696.0)(559.9, 711.5)(489.1, 711.5)(489.1, 643.4);GATE
Port:(489.1, 657.5)(493.5, 657.5)(493.5, 697.4)(489.1, 697.4);SD
Port:(607.0, 643.4)(607.0, 696.0)(559.9, 696.0)(559.9, 711.5)(495.2, 711.5)(495.2, 643.4);GATE
Port:(595.9, 649.1)(602.3, 649.1)(602.3, 689.3)(595.9, 689.3);SD
Module:M44
Boundary:(170.8, 748.8)(246.9, 748.8)(246.9, 774.2)(264.2, 774.2)(264.2, 826.2)(170.8, 826.2);GATE
Port:(186.4, 821.9)(248.6, 821.9)(248.6, 826.2)(186.4, 826.2);SD
Port:(170.8, 748.8)(246.9, 748.8)(246.9, 774.2)(264.2, 774.2)(264.2, 820.1)(170.8, 820.1);GATE
Port:(176.5, 753.5)(240.2, 753.5)(240.2, 761.3)(176.5, 761.3);SD
Module:M39
Boundary:(137.0, 295.1)(229.1, 295.1)(229.1, 417.6)(137.0, 417.6);GATE
Port:(150.4, 412.3)(215.7, 412.3)(215.7, 417.6)(150.4, 417.6);SD
Port:(137.0, 295.1)(229.1, 295.1)(229.1, 410.1)(137.0, 410.1);GATE
Port:(143.4, 300.5)(222.7, 300.5)(222.7, 305.8)(143.4, 305.8);SD
Module:M8
Boundary:(338.7, 1308.9)(338.7, 1395.6)(246.9, 1395.6)(246.9, 1407.9)(181.8, 1407.9)(181.8, 1308.9);GATE
Port:(181.8, 1322.1)(186.2, 1322.1)(186.2, 1394.7)(181.8, 1394.7);SD
Port:(338.7, 1308.9)(338.7, 1395.6)(246.9, 1395.6)(246.9, 1407.9)(188.4, 1407.9)(188.4, 1308.9);GATE
Port:(327.1, 1315.0)(333.6, 1315.0)(333.6, 1388.5)(327.1, 1388.5);SD
Module:M41
Boundary:(20.0, 1130.8)(113.2, 1130.8)(113.2, 1295.6)(20.0, 1295.6);GATE
Port:(32.6, 1291.5)(100.6, 1291.5)(100.6, 1295.6)(32.6, 1295.6);SD
Port:(20.0, 1130.8)(113.2, 1130.8)(113.2, 1290.0)(20.0, 1290.0);GATE
Port:(25.6, 1135.4)(107.6, 1135.4)(107.6, 1141.8)(25.6, 1141.8);SD
Module:M4
Boundary:(330.0, 467.6)(330.0, 567.1)(278.1, 567.1)(278.1, 582.3)(202.6, 582.3)(202.6, 467.6);GATE
Port:(202.6, 480.5)(206.8, 480.5)(206.8, 569.4)(202.6, 569.4);SD
Port:(330.0, 467.6)(330.0, 567.1)(278.1, 567.1)(278.1, 582.3)(208.8, 582.3)(208.8, 467.6);GATE
Port:(318.8, 473.2)(325.4, 473.2)(325.4, 560.5)(318.8, 560.5);SD
Module:M36
Boundary:(605.6, 20.0)(605.6, 117.6)(506.8, 117.6)(506.8, 132.5)(420.3, 132.5)(420.3, 20.0);GATE
Port:(420.3, 33.0)(424.5, 33.0)(424.5, 119.5)(420.3, 119.5);SD
Port:(605.6, 20.0)(605.6, 117.6)(506.8, 117.6)(506.8, 132.5)(425.6, 132.5)(425.6, 20.0);GATE
Port:(595.5, 25.9)(600.7, 25.9)(600.7, 110.7)(595.5, 110.7);SD
Module:M33
Boundary:(458.1, 984.6)(458.1, 1030.5)(304.2, 1030.5)(304.2, 984.6);GATE
Port:(304.2, 997.0)(309.7, 997.0)(309.7, 1018.1)(304.2, 1018.1);SD
Port:(458.1, 984.6)(458.1, 1030.5)(311.9, 1030.5)(311.9, 984.6);GATE
Port:(448.3, 991.2)(452.5, 991.2)(452.5, 1023.9)(448.3, 1023.9);SD
Module:M28
Boundary:(455.7, 1070.5)(455.7, 1132.0)(414.1, 1132.0)(414.1, 1145.4)(292.6, 1145.4)(292.6, 1070.5);GATE
Port:(292.6, 1083.2)(296.7, 1083.2)(296.7, 1132.7)(292.6, 1132.7);SD
Port:(455.7, 1070.5)(455.7, 1132.0)(414.1, 1132.0)(414.1, 1145.4)(298.7, 1145.4)(298.7, 1070.5);GATE
Port:(445.0, 1076.0)(451.2, 1076.0)(451.2, 1125.5)(445.0, 1125.5);SD
Module:M30
Boundary:(583.2, 1187.5)(583.2, 1288.7)(479.6, 1288.7)(479.6, 1303.4)(387.4, 1303.4)(387.4, 1187.5);GATE
Port:(387.4, 1199.8)(391.9, 1199.8)(391.9, 1291.1)(387.4, 1291.1);SD
Port:(583.2, 1187.5)(583.2, 1288.7)(479.6, 1288.7)(479.6, 1303.4)(394.6, 1303.4)(394.6, 1187.5);GATE
Port:(573.8, 1193.3)(578.4, 1193.3)(578.4, 1280.9)(573.8, 1280.9);SD
Module:M25
Boundary:(602.2, 880.5)(602.2, 929.3)(602.1, 929.3)(602.1, 944.6)(464.6, 944.6)(464.6, 880.5);GATE
Port:(464.6, 894.1)(469.2, 894.1)(469.2, 931.0)(464.6, 931.0);SD
Port:(602.2, 880.5)(602.2, 929.3)(602.1, 929.3)(602.1, 944.6)(472.0, 944.6)(472.0, 880.5);GATE
Port:(591.0, 885.6)(598.1, 885.6)(598.1, 924.2)(591.0, 924.2);SD
Module:M22
Boundary:(449.1, 630.4)(449.1, 699.6)(435.9, 699.6)(435.9, 715.0)(357.3, 715.0)(357.3, 630.4);GATE
Port:(357.3, 644.2)(362.0, 644.2)(362.0, 701.2)(357.3, 701.2);SD
Port:(449.1, 630.4)(449.1, 699.6)(435.9, 699.6)(435.9, 715.0)(364.4, 715.0)(364.4, 630.4);GATE
Port:(437.8, 637.4)(443.1, 637.4)(443.1, 691.6)(437.8, 691.6);SD
Module:M17
Boundary:(169.5, 30.0)(226.3, 30.0)(226.3, 30.1)(239.8, 30.1)(239.8, 235.1)(169.5, 235.1);GATE
Port:(181.3, 230.7)(228.0, 230.7)(228.0, 235.1)(181.3, 235.1);SD
Port:(169.5, 30.0)(226.3, 30.0)(226.3, 30.1)(239.8, 30.1)(239.8, 228.6)(169.5, 228.6);GATE
Port:(175.1, 34.6)(220.7, 34.6)(220.7, 40.0)(175.1, 40.0);SD
