Area:(-1.0, 6.9)(321.6, 6.9)(321.6, 886.7)(-1.0, 886.7)
Rule:GATE(5,5);SD(5,5);GATE_SD(0.5);GATE_ITO(0.5);SD_ITO(0.5)
Module:M8
Boundary:(181.4, 149.5)(181.4, 81.2)(116.3, 81.2)(116.3, 65.3)(49.9, 65.3)(49.9, 149.5);GATE
Port:(49.9, 78.6)(54.2, 78.6)(54.2, 136.2)(49.9, 136.2);SD
Port:(181.4, 149.5)(181.4, 81.2)(116.3, 81.2)(116.3, 65.3)(56.0, 65.3)(56.0, 149.5);GATE
Port:(171.2, 87.8)(176.8, 87.8)(176.8, 143.9)(171.2, 143.9);SD
Module:M9
Boundary:(281.6, 152.5)(189.4, 152.5)(189.4, 46.9)(281.6, 46.9);GATE
Port:(202.5, 46.9)(268.5, 46.9)(268.5, 51.9)(202.5, 51.9);SD
Port:(281.6, 152.5)(189.4, 152.5)(189.4, 53.3)(281.6, 53.3);GATE
Port:(194.7, 141.2)(276.3, 141.2)(276.3, 148.2)(194.7, 148.2);SD
Module:M2
Boundary:(135.1, 175.0)(53.9, 175.0)(53.9, 201.7)(39.0, 201.7)(39.0, 244.3)(135.1, 244.3);GATE
Port:(51.4, 238.9)(122.7, 238.9)(122.7, 244.3)(51.4, 244.3);SD
Port:(135.1, 175.0)(53.9, 175.0)(53.9, 201.7)(39.0, 201.7)(39.0, 237.8)(135.1, 237.8);GATE
Port:(60.8, 179.9)(129.2, 179.9)(129.2, 185.7)(60.8, 185.7);SD
Module:M7
Boundary:(269.9, 289.4)(269.9, 190.4)(156.1, 190.4)(156.1, 289.4);GATE
Port:(156.1, 202.3)(160.3, 202.3)(160.3, 277.5)(156.1, 277.5);SD
Port:(269.9, 289.4)(269.9, 190.4)(162.8, 190.4)(162.8, 289.4);GATE
Port:(261.1, 195.8)(265.5, 195.8)(265.5, 284.0)(261.1, 284.0);SD
Module:M1
Boundary:(224.0, 307.0)(224.0, 368.4)(89.2, 368.4)(89.2, 307.0);GATE
Port:(89.2, 319.2)(93.6, 319.2)(93.6, 356.2)(89.2, 356.2);SD
Port:(224.0, 307.0)(224.0, 368.4)(96.4, 368.4)(96.4, 307.0);GATE
Port:(214.5, 312.3)(219.7, 312.3)(219.7, 363.1)(214.5, 363.1);SD
Module:M4
Boundary:(41.5, 284.7)(88.7, 284.7)(88.7, 383.7)(102.7, 383.7)(102.7, 472.5)(41.5, 472.5);GATE
Port:(53.3, 467.9)(90.9, 467.9)(90.9, 472.5)(53.3, 472.5);SD
Port:(41.5, 284.7)(88.7, 284.7)(88.7, 383.7)(102.7, 383.7)(102.7, 466.1)(41.5, 466.1);GATE
Port:(46.7, 288.9)(82.5, 288.9)(82.5, 294.8)(46.7, 294.8);SD
Module:M5
Boundary:(150.8, 416.0)(249.1, 416.0)(249.1, 580.0)(150.8, 580.0);GATE
Port:(165.1, 575.2)(234.8, 575.2)(234.8, 580.0)(165.1, 580.0);SD
Port:(150.8, 416.0)(249.1, 416.0)(249.1, 572.7)(150.8, 572.7);GATE
Port:(157.3, 421.5)(242.6, 421.5)(242.6, 428.1)(157.3, 428.1);SD
Module:M3
Boundary:(47.8, 590.8)(127.0, 590.8)(127.0, 590.5)(142.0, 590.5)(142.0, 481.3)(47.8, 481.3);GATE
Port:(61.9, 481.3)(127.9, 481.3)(127.9, 486.9)(61.9, 486.9);SD
Port:(47.8, 590.8)(127.0, 590.8)(127.0, 590.5)(142.0, 590.5)(142.0, 488.2)(47.8, 488.2);GATE
Port:(54.0, 579.6)(120.8, 579.6)(120.8, 585.6)(54.0, 585.6);SD
Module:M10
Boundary:(256.3, 599.3)(256.3, 683.3)(239.4, 683.3)(239.4, 698.8)(60.4, 698.8)(60.4, 599.3);GATE
Port:(60.4, 612.7)(65.9, 612.7)(65.9, 685.4)(60.4, 685.4);SD
Port:(256.3, 599.3)(256.3, 683.3)(239.4, 683.3)(239.4, 698.8)(68.1, 698.8)(68.1, 599.3);GATE
Port:(246.1, 605.2)(251.4, 605.2)(251.4, 676.4)(246.1, 676.4);SD
Module:M6
Boundary:(248.4, 762.2)(248.4, 831.7)(142.1, 831.7)(142.1, 846.7)(45.0, 846.7)(45.0, 762.2);GATE
Port:(45.0, 776.9)(50.6, 776.9)(50.6, 832.0)(45.0, 832.0);SD
Port:(248.4, 762.2)(248.4, 831.7)(142.1, 831.7)(142.1, 846.7)(52.4, 846.7)(52.4, 762.2);GATE
Port:(235.7, 769.1)(242.5, 769.1)(242.5, 823.8)(235.7, 823.8);SD
