Area:(-20.0, -20.0)(649.0, -20.0)(649.0, 487.0)(-20.0, 487.0)
Rule:GATE(5,5);SD(5,5);GATE_SD(0.5);GATE_ITO(0.5);SD_ITO(0.5)
Module:M9
Boundary:(470.0, 348.0)(470.0, 421.0)(408.0, 421.0)(408.0, 348.0);GATE
Port:(408.0, 362.5)(418.0, 362.5)(418.0, 406.5)(408.0, 406.5);SD
Port:(470.0, 348.0)(470.0, 421.0)(423.0, 421.0)(423.0, 348.0);GATE
Port:(461.0, 358.0)(465.0, 358.0)(465.0, 411.0)(461.0, 411.0);SD
Module:M5
Boundary:(134.0, 30.0)(134.0, 103.0)(30.0, 103.0)(30.0, 30.0);GATE
Port:(30.0, 44.5)(40.0, 44.5)(40.0, 88.5)(30.0, 88.5);SD
Port:(134.0, 30.0)(134.0, 103.0)(45.0, 103.0)(45.0, 30.0);GATE
Port:(125.0, 40.0)(129.0, 40.0)(129.0, 93.0)(125.0, 93.0);SD
Module:M1
Boundary:(20.0, 153.0)(149.5, 153.0)(149.5, 179.1)(201.0, 179.1)(201.0, 245.0)(20.0, 245.0);GATE
Port:(34.5, 235.0)(186.5, 235.0)(186.5, 245.0)(34.5, 245.0);SD
Port:(20.0, 153.0)(149.5, 153.0)(149.5, 179.1)(201.0, 179.1)(201.0, 230.0)(20.0, 230.0);GATE
Port:(30.0, 158.0)(135.0, 158.0)(135.0, 162.0)(30.0, 162.0);SD
Module:M6
Boundary:(351.0, 20.0)(462.5, 20.0)(462.5, 32.0)(478.0, 32.0)(478.0, 99.0)(351.0, 99.0);GATE
Port:(365.5, 89.0)(463.5, 89.0)(463.5, 99.0)(365.5, 99.0);SD
Port:(351.0, 20.0)(462.5, 20.0)(462.5, 32.0)(478.0, 32.0)(478.0, 84.0)(351.0, 84.0);GATE
Port:(361.0, 25.0)(448.0, 25.0)(448.0, 29.0)(361.0, 29.0);SD
Module:M2
Boundary:(20.0, 285.0)(167.5, 285.0)(167.5, 301.0)(183.0, 301.0)(183.0, 447.0)(20.0, 447.0);GATE
Port:(34.5, 437.0)(168.5, 437.0)(168.5, 447.0)(34.5, 447.0);SD
Port:(20.0, 285.0)(167.5, 285.0)(167.5, 301.0)(183.0, 301.0)(183.0, 432.0)(20.0, 432.0);GATE
Port:(30.0, 290.0)(153.0, 290.0)(153.0, 294.0)(30.0, 294.0);SD
Module:M10
Boundary:(600.0, 198.0)(600.0, 345.5)(584.0, 345.5)(584.0, 361.0)(520.0, 361.0)(520.0, 198.0);GATE
Port:(520.0, 212.5)(530.0, 212.5)(530.0, 346.5)(520.0, 346.5);SD
Port:(600.0, 198.0)(600.0, 345.5)(584.0, 345.5)(584.0, 361.0)(535.0, 361.0)(535.0, 198.0);GATE
Port:(591.0, 208.0)(595.0, 208.0)(595.0, 331.0)(591.0, 331.0);SD
Module:M7
Boundary:(518.0, 20.0)(594.0, 20.0)(594.0, 28.0)(609.0, 28.0)(609.0, 148.0)(518.0, 148.0);GATE
Port:(532.5, 138.0)(594.5, 138.0)(594.5, 148.0)(532.5, 148.0);SD
Port:(518.0, 20.0)(594.0, 20.0)(594.0, 28.0)(609.0, 28.0)(609.0, 133.0)(518.0, 133.0);GATE
Port:(528.0, 25.0)(579.0, 25.0)(579.0, 29.0)(528.0, 29.0);SD
Module:M3
Boundary:(437.0, 145.0)(437.0, 292.5)(421.0, 292.5)(421.0, 308.0)(241.0, 308.0)(241.0, 145.0);GATE
Port:(241.0, 159.5)(251.0, 159.5)(251.0, 293.5)(241.0, 293.5);SD
Port:(437.0, 145.0)(437.0, 292.5)(421.0, 292.5)(421.0, 308.0)(256.0, 308.0)(256.0, 145.0);GATE
Port:(428.0, 155.0)(432.0, 155.0)(432.0, 278.0)(428.0, 278.0);SD
Module:M8
Boundary:(223.0, 348.0)(352.5, 348.0)(352.5, 362.0)(368.0, 362.0)(368.0, 444.0)(223.0, 444.0);GATE
Port:(237.5, 434.0)(353.5, 434.0)(353.5, 444.0)(237.5, 444.0);SD
Port:(223.0, 348.0)(352.5, 348.0)(352.5, 362.0)(368.0, 362.0)(368.0, 429.0)(223.0, 429.0);GATE
Port:(233.0, 353.0)(338.0, 353.0)(338.0, 357.0)(233.0, 357.0);SD
Module:M4
Boundary:(184.0, 20.0)(295.5, 20.0)(295.5, 32.0)(311.0, 32.0)(311.0, 105.0)(184.0, 105.0);GATE
Port:(198.5, 95.0)(296.5, 95.0)(296.5, 105.0)(198.5, 105.0);SD
Port:(184.0, 20.0)(295.5, 20.0)(295.5, 32.0)(311.0, 32.0)(311.0, 90.0)(184.0, 90.0);GATE
Port:(194.0, 25.0)(281.0, 25.0)(281.0, 29.0)(194.0, 29.0);SD
