Area:(34.2, -20.0)(876.9, -20.0)(876.9, 310.4)(34.2, 310.4)
Rule:GATE(5,5);SD(5,5);GATE_SD(0.5);GATE_ITO(0.5);SD_ITO(0.5)
Module:M10
Boundary:(565.1, 74.9)(565.1, 157.0)(533.9, 157.0)(533.9, 172.6)(488.4, 172.6)(488.4, 74.9);GATE
Port:(488.4, 86.7)(494.2, 86.7)(494.2, 160.8)(488.4, 160.8);SD
Port:(565.1, 74.9)(565.1, 157.0)(533.9, 157.0)(533.9, 172.6)(496.0, 172.6)(496.0, 74.9);GATE
Port:(555.6, 79.9)(561.1, 79.9)(561.1, 151.0)(555.6, 151.0);SD
Module:M4
Boundary:(462.4, 23.4)(462.4, 131.4)(407.1, 131.4)(407.1, 148.2)(254.9, 148.2)(254.9, 23.4);GATE
Port:(254.9, 37.4)(260.8, 37.4)(260.8, 134.2)(254.9, 134.2);SD
Port:(462.4, 23.4)(462.4, 131.4)(407.1, 131.4)(407.1, 148.2)(262.5, 148.2)(262.5, 23.4);GATE
Port:(451.6, 30.1)(456.7, 30.1)(456.7, 123.7)(451.6, 123.7);SD
Module:M1
Boundary:(74.2, 53.6)(140.3, 53.6)(140.3, 179.9)(74.2, 179.9);GATE
Port:(88.0, 175.1)(126.5, 175.1)(126.5, 179.9)(88.0, 179.9);SD
Port:(74.2, 53.6)(140.3, 53.6)(140.3, 172.6)(74.2, 172.6);GATE
Port:(79.9, 58.3)(134.6, 58.3)(134.6, 65.0)(79.9, 65.0);SD
Module:M6
Boundary:(155.7, 165.5)(234.7, 165.5)(234.7, 117.5)(248.1, 117.5)(248.1, 20.0)(155.7, 20.0);GATE
Port:(169.8, 20.0)(234.0, 20.0)(234.0, 25.4)(169.8, 25.4);SD
Port:(155.7, 165.5)(234.7, 165.5)(234.7, 117.5)(248.1, 117.5)(248.1, 26.5)(155.7, 26.5);GATE
Port:(162.2, 153.0)(227.2, 153.0)(227.2, 160.0)(162.2, 160.0);SD
Module:M8
Boundary:(719.0, 36.1)(649.2, 36.1)(649.2, 48.1)(633.3, 48.1)(633.3, 181.8)(719.0, 181.8);GATE
Port:(647.3, 176.7)(705.0, 176.7)(705.0, 181.8)(647.3, 181.8);SD
Port:(719.0, 36.1)(649.2, 36.1)(649.2, 48.1)(633.3, 48.1)(633.3, 175.2)(719.0, 175.2);GATE
Port:(656.4, 41.3)(712.8, 41.3)(712.8, 47.5)(656.4, 47.5);SD
Module:M9
Boundary:(830.8, 46.8)(758.7, 46.8)(758.7, 46.8)(745.3, 46.8)(745.3, 204.4)(830.8, 204.4);GATE
Port:(757.7, 199.9)(818.4, 199.9)(818.4, 204.4)(757.7, 204.4);SD
Port:(830.8, 46.8)(758.7, 46.8)(758.7, 46.8)(745.3, 46.8)(745.3, 197.4)(830.8, 197.4);GATE
Port:(765.0, 52.1)(824.5, 52.1)(824.5, 57.6)(765.0, 57.6);SD
Module:M3
Boundary:(632.4, 210.9)(632.4, 255.1)(632.6, 255.1)(632.6, 268.6)(836.9, 268.6)(836.9, 210.9);GATE
Port:(832.5, 223.0)(836.9, 223.0)(836.9, 256.5)(832.5, 256.5);SD
Port:(632.4, 210.9)(632.4, 255.1)(632.6, 255.1)(632.6, 268.6)(831.2, 268.6)(831.2, 210.9);GATE
Port:(637.4, 216.9)(642.7, 216.9)(642.7, 249.1)(637.4, 249.1);SD
Module:M7
Boundary:(572.9, 270.4)(572.9, 193.6)(572.6, 193.6)(572.6, 178.6)(461.7, 178.6)(461.7, 270.4);GATE
Port:(461.7, 190.9)(465.9, 190.9)(465.9, 258.1)(461.7, 258.1);SD
Port:(572.9, 270.4)(572.9, 193.6)(572.6, 193.6)(572.6, 178.6)(468.2, 178.6)(468.2, 270.4);GATE
Port:(562.6, 199.1)(568.4, 199.1)(568.4, 264.9)(562.6, 264.9);SD
Module:M2
Boundary:(302.7, 180.1)(302.7, 239.0)(221.8, 239.0)(221.8, 251.3)(75.2, 251.3)(75.2, 180.1);GATE
Port:(75.2, 192.4)(80.4, 192.4)(80.4, 239.0)(75.2, 239.0);SD
Port:(302.7, 180.1)(302.7, 239.0)(221.8, 239.0)(221.8, 251.3)(82.7, 251.3)(82.7, 180.1);GATE
Port:(292.2, 186.8)(297.0, 186.8)(297.0, 231.3)(292.2, 231.3);SD
Module:M5
Boundary:(454.6, 176.9)(454.6, 243.7)(454.6, 243.7)(454.6, 259.2)(318.3, 259.2)(318.3, 176.9);GATE
Port:(318.3, 190.8)(322.9, 190.8)(322.9, 245.3)(318.3, 245.3);SD
Port:(454.6, 176.9)(454.6, 243.7)(454.6, 243.7)(454.6, 259.2)(325.6, 259.2)(325.6, 176.9);GATE
Port:(442.8, 183.8)(448.7, 183.8)(448.7, 236.8)(442.8, 236.8);SD
