Area:(-20.0, -20.0)(596.0, -20.0)(596.0, 917.0)(-20.0, 917.0)
Rule:GATE(5,5);SD(5,5);GATE_SD(0.5);GATE_ITO(0.5);SD_ITO(0.5)
Module:M14
Boundary:(420.0, 734.0)(513.5, 734.0)(513.5, 790.7)(547.0, 790.7)(547.0, 867.0)(420.0, 867.0);GATE
Port:(434.5, 857.0)(532.5, 857.0)(532.5, 867.0)(434.5, 867.0);SD
Port:(420.0, 734.0)(513.5, 734.0)(513.5, 790.7)(547.0, 790.7)(547.0, 852.0)(420.0, 852.0);GATE
Port:(430.0, 739.0)(499.0, 739.0)(499.0, 743.0)(430.0, 743.0);SD
Module:M9
Boundary:(261.0, 665.0)(354.5, 665.0)(354.5, 675.0)(370.0, 675.0)(370.0, 760.0)(261.0, 760.0);GATE
Port:(275.5, 750.0)(355.5, 750.0)(355.5, 760.0)(275.5, 760.0);SD
Port:(261.0, 665.0)(354.5, 665.0)(354.5, 675.0)(370.0, 675.0)(370.0, 745.0)(261.0, 745.0);GATE
Port:(271.0, 670.0)(340.0, 670.0)(340.0, 674.0)(271.0, 674.0);SD
Module:M5
Boundary:(554.0, 20.0)(554.0, 167.5)(452.0, 167.5)(452.0, 291.0)(408.0, 291.0)(408.0, 20.0);GATE
Port:(408.0, 34.5)(418.0, 34.5)(418.0, 276.5)(408.0, 276.5);SD
Port:(554.0, 20.0)(554.0, 167.5)(452.0, 167.5)(452.0, 291.0)(423.0, 291.0)(423.0, 20.0);GATE
Port:(545.0, 30.0)(549.0, 30.0)(549.0, 153.0)(545.0, 153.0);SD
Module:M11
Boundary:(261.0, 510.0)(372.5, 510.0)(372.5, 522.0)(388.0, 522.0)(388.0, 625.0)(261.0, 625.0);GATE
Port:(275.5, 615.0)(373.5, 615.0)(373.5, 625.0)(275.5, 625.0);SD
Port:(261.0, 510.0)(372.5, 510.0)(372.5, 522.0)(388.0, 522.0)(388.0, 610.0)(261.0, 610.0);GATE
Port:(271.0, 515.0)(358.0, 515.0)(358.0, 519.0)(271.0, 519.0);SD
Module:M1
Boundary:(30.0, 546.0)(123.5, 546.0)(123.5, 601.5)(211.0, 601.5)(211.0, 664.0)(30.0, 664.0);GATE
Port:(44.5, 654.0)(196.5, 654.0)(196.5, 664.0)(44.5, 664.0);SD
Port:(30.0, 546.0)(123.5, 546.0)(123.5, 601.5)(211.0, 601.5)(211.0, 649.0)(30.0, 649.0);GATE
Port:(40.0, 551.0)(109.0, 551.0)(109.0, 555.0)(40.0, 555.0);SD
Module:M6
Boundary:(525.0, 611.0)(525.0, 684.0)(428.0, 684.0)(428.0, 611.0);GATE
Port:(428.0, 625.5)(438.0, 625.5)(438.0, 669.5)(428.0, 669.5);SD
Port:(525.0, 611.0)(525.0, 684.0)(443.0, 684.0)(443.0, 611.0);GATE
Port:(516.0, 621.0)(520.0, 621.0)(520.0, 674.0)(516.0, 674.0);SD
Module:M2
Boundary:(261.0, 800.0)(337.0, 800.0)(337.0, 808.0)(352.0, 808.0)(352.0, 866.0)(261.0, 866.0);GATE
Port:(275.5, 856.0)(337.5, 856.0)(337.5, 866.0)(275.5, 866.0);SD
Port:(261.0, 800.0)(337.0, 800.0)(337.0, 808.0)(352.0, 808.0)(352.0, 851.0)(261.0, 851.0);GATE
Port:(271.0, 805.0)(322.0, 805.0)(322.0, 809.0)(271.0, 809.0);SD
Module:M16
Boundary:(368.0, 343.0)(368.0, 454.5)(353.0, 454.5)(353.0, 470.0)(196.0, 470.0)(196.0, 343.0);GATE
Port:(196.0, 357.5)(206.0, 357.5)(206.0, 455.5)(196.0, 455.5);SD
Port:(368.0, 343.0)(368.0, 454.5)(353.0, 454.5)(353.0, 470.0)(211.0, 470.0)(211.0, 343.0);GATE
Port:(359.0, 353.0)(363.0, 353.0)(363.0, 440.0)(359.0, 440.0);SD
Module:M13
Boundary:(156.0, 405.0)(156.0, 481.0)(148.0, 481.0)(148.0, 496.0)(20.0, 496.0)(20.0, 405.0);GATE
Port:(20.0, 419.5)(30.0, 419.5)(30.0, 481.5)(20.0, 481.5);SD
Port:(156.0, 405.0)(156.0, 481.0)(148.0, 481.0)(148.0, 496.0)(35.0, 496.0)(35.0, 405.0);GATE
Port:(147.0, 415.0)(151.0, 415.0)(151.0, 466.0)(147.0, 466.0);SD
Module:M10
Boundary:(556.0, 331.0)(556.0, 442.5)(544.0, 442.5)(544.0, 458.0)(408.0, 458.0)(408.0, 331.0);GATE
Port:(408.0, 345.5)(418.0, 345.5)(418.0, 443.5)(408.0, 443.5);SD
Port:(556.0, 331.0)(556.0, 442.5)(544.0, 442.5)(544.0, 458.0)(423.0, 458.0)(423.0, 331.0);GATE
Port:(547.0, 341.0)(551.0, 341.0)(551.0, 428.0)(547.0, 428.0);SD
Module:M7
Boundary:(20.0, 20.0)(131.5, 20.0)(131.5, 32.0)(147.0, 32.0)(147.0, 108.0)(20.0, 108.0);GATE
Port:(34.5, 98.0)(132.5, 98.0)(132.5, 108.0)(34.5, 108.0);SD
Port:(20.0, 20.0)(131.5, 20.0)(131.5, 32.0)(147.0, 32.0)(147.0, 93.0)(20.0, 93.0);GATE
Port:(30.0, 25.0)(117.0, 25.0)(117.0, 29.0)(30.0, 29.0);SD
Module:M3
Boundary:(138.0, 148.0)(138.0, 277.5)(64.5, 277.5)(64.5, 365.0)(20.0, 365.0)(20.0, 148.0);GATE
Port:(20.0, 162.5)(30.0, 162.5)(30.0, 350.5)(20.0, 350.5);SD
Port:(138.0, 148.0)(138.0, 277.5)(64.5, 277.5)(64.5, 365.0)(35.0, 365.0)(35.0, 148.0);GATE
Port:(129.0, 158.0)(133.0, 158.0)(133.0, 263.0)(129.0, 263.0);SD
Module:M15
Boundary:(363.0, 158.0)(363.0, 287.5)(347.0, 287.5)(347.0, 303.0)(178.0, 303.0)(178.0, 158.0);GATE
Port:(178.0, 172.5)(188.0, 172.5)(188.0, 288.5)(178.0, 288.5);SD
Port:(363.0, 158.0)(363.0, 287.5)(347.0, 287.5)(347.0, 303.0)(193.0, 303.0)(193.0, 158.0);GATE
Port:(354.0, 168.0)(358.0, 168.0)(358.0, 273.0)(354.0, 273.0);SD
Module:M12
Boundary:(502.0, 498.0)(502.0, 571.0)(428.0, 571.0)(428.0, 498.0);GATE
Port:(428.0, 512.5)(438.0, 512.5)(438.0, 556.5)(428.0, 556.5);SD
Port:(502.0, 498.0)(502.0, 571.0)(443.0, 571.0)(443.0, 498.0);GATE
Port:(493.0, 508.0)(497.0, 508.0)(497.0, 561.0)(493.0, 561.0);SD
Module:M8
Boundary:(187.0, 20.0)(280.5, 20.0)(280.5, 76.6)(368.0, 76.6)(368.0, 118.0)(187.0, 118.0);GATE
Port:(201.5, 108.0)(353.5, 108.0)(353.5, 118.0)(201.5, 118.0);SD
Port:(187.0, 20.0)(280.5, 20.0)(280.5, 76.6)(368.0, 76.6)(368.0, 103.0)(187.0, 103.0);GATE
Port:(197.0, 25.0)(266.0, 25.0)(266.0, 29.0)(197.0, 29.0);SD
Module:M4
Boundary:(218.0, 714.0)(218.0, 861.5)(202.0, 861.5)(202.0, 877.0)(20.0, 877.0)(20.0, 714.0);GATE
Port:(20.0, 728.5)(30.0, 728.5)(30.0, 862.5)(20.0, 862.5);SD
Port:(218.0, 714.0)(218.0, 861.5)(202.0, 861.5)(202.0, 877.0)(35.0, 877.0)(35.0, 714.0);GATE
Port:(209.0, 724.0)(213.0, 724.0)(213.0, 847.0)(209.0, 847.0);SD
