Area:(-20.0, -20.0)(501.0, -20.0)(501.0, 1406.0)(-20.0, 1406.0)
Rule:GATE(5,5);SD(5,5);GATE_SD(0.5);GATE_ITO(0.5);SD_ITO(0.5)
Module:M14
Boundary:(239.0, 481.0)(315.0, 481.0)(315.0, 489.0)(330.0, 489.0)(330.0, 612.0)(239.0, 612.0);GATE
Port:(253.5, 602.0)(315.5, 602.0)(315.5, 612.0)(253.5, 612.0);SD
Port:(239.0, 481.0)(315.0, 481.0)(315.0, 489.0)(330.0, 489.0)(330.0, 597.0)(239.0, 597.0);GATE
Port:(249.0, 486.0)(300.0, 486.0)(300.0, 490.0)(249.0, 490.0);SD
Module:M9
Boundary:(154.0, 779.0)(230.0, 779.0)(230.0, 787.0)(245.0, 787.0)(245.0, 924.0)(154.0, 924.0);GATE
Port:(168.5, 914.0)(230.5, 914.0)(230.5, 924.0)(168.5, 924.0);SD
Port:(154.0, 779.0)(230.0, 779.0)(230.0, 787.0)(245.0, 787.0)(245.0, 909.0)(154.0, 909.0);GATE
Port:(164.0, 784.0)(215.0, 784.0)(215.0, 788.0)(164.0, 788.0);SD
Module:M5
Boundary:(221.0, 336.0)(314.5, 336.0)(314.5, 346.0)(330.0, 346.0)(330.0, 441.0)(221.0, 441.0);GATE
Port:(235.5, 431.0)(315.5, 431.0)(315.5, 441.0)(235.5, 441.0);SD
Port:(221.0, 336.0)(314.5, 336.0)(314.5, 346.0)(330.0, 346.0)(330.0, 426.0)(221.0, 426.0);GATE
Port:(231.0, 341.0)(300.0, 341.0)(300.0, 345.0)(231.0, 345.0);SD
Module:M11
Boundary:(456.0, 666.0)(456.0, 795.5)(442.0, 795.5)(442.0, 811.0)(297.0, 811.0)(297.0, 666.0);GATE
Port:(297.0, 680.5)(307.0, 680.5)(307.0, 796.5)(297.0, 796.5);SD
Port:(456.0, 666.0)(456.0, 795.5)(442.0, 795.5)(442.0, 811.0)(312.0, 811.0)(312.0, 666.0);GATE
Port:(447.0, 676.0)(451.0, 676.0)(451.0, 781.0)(447.0, 781.0);SD
Module:M1
Boundary:(449.0, 323.0)(449.0, 434.5)(437.0, 434.5)(437.0, 450.0)(370.0, 450.0)(370.0, 323.0);GATE
Port:(370.0, 337.5)(380.0, 337.5)(380.0, 435.5)(370.0, 435.5);SD
Port:(449.0, 323.0)(449.0, 434.5)(437.0, 434.5)(437.0, 450.0)(385.0, 450.0)(385.0, 323.0);GATE
Port:(440.0, 333.0)(444.0, 333.0)(444.0, 420.0)(440.0, 420.0);SD
Module:M24
Boundary:(349.0, 205.0)(442.5, 205.0)(442.5, 215.0)(458.0, 215.0)(458.0, 283.0)(349.0, 283.0);GATE
Port:(363.5, 273.0)(443.5, 273.0)(443.5, 283.0)(363.5, 283.0);SD
Port:(349.0, 205.0)(442.5, 205.0)(442.5, 215.0)(458.0, 215.0)(458.0, 268.0)(349.0, 268.0);GATE
Port:(359.0, 210.0)(428.0, 210.0)(428.0, 214.0)(359.0, 214.0);SD
Module:M19
Boundary:(20.0, 695.0)(93.0, 695.0)(93.0, 757.0)(20.0, 757.0);GATE
Port:(34.5, 747.0)(78.5, 747.0)(78.5, 757.0)(34.5, 757.0);SD
Port:(20.0, 695.0)(93.0, 695.0)(93.0, 742.0)(20.0, 742.0);GATE
Port:(30.0, 700.0)(83.0, 700.0)(83.0, 704.0)(30.0, 704.0);SD
Module:M6
Boundary:(460.0, 851.0)(460.0, 924.0)(285.0, 924.0)(285.0, 851.0);GATE
Port:(285.0, 865.5)(295.0, 865.5)(295.0, 909.5)(285.0, 909.5);SD
Port:(460.0, 851.0)(460.0, 924.0)(300.0, 924.0)(300.0, 851.0);GATE
Port:(451.0, 861.0)(455.0, 861.0)(455.0, 914.0)(451.0, 914.0);SD
Module:M21
Boundary:(451.0, 964.0)(451.0, 1075.5)(390.0, 1075.5)(390.0, 1181.0)(306.0, 1181.0)(306.0, 964.0);GATE
Port:(306.0, 978.5)(316.0, 978.5)(316.0, 1166.5)(306.0, 1166.5);SD
Port:(451.0, 964.0)(451.0, 1075.5)(390.0, 1075.5)(390.0, 1181.0)(321.0, 1181.0)(321.0, 964.0);GATE
Port:(442.0, 974.0)(446.0, 974.0)(446.0, 1061.0)(442.0, 1061.0);SD
Module:M2
Boundary:(257.0, 666.0)(257.0, 739.0)(133.0, 739.0)(133.0, 666.0);GATE
Port:(133.0, 680.5)(143.0, 680.5)(143.0, 724.5)(133.0, 724.5);SD
Port:(257.0, 666.0)(257.0, 739.0)(148.0, 739.0)(148.0, 666.0);GATE
Port:(248.0, 676.0)(252.0, 676.0)(252.0, 729.0)(248.0, 729.0);SD
Module:M16
Boundary:(193.0, 1113.0)(266.0, 1113.0)(266.0, 1176.0)(193.0, 1176.0);GATE
Port:(207.5, 1166.0)(251.5, 1166.0)(251.5, 1176.0)(207.5, 1176.0);SD
Port:(193.0, 1113.0)(266.0, 1113.0)(266.0, 1161.0)(193.0, 1161.0);GATE
Port:(203.0, 1118.0)(256.0, 1118.0)(256.0, 1122.0)(203.0, 1122.0);SD
Module:M13
Boundary:(396.0, 1221.0)(396.0, 1350.5)(382.0, 1350.5)(382.0, 1366.0)(215.0, 1366.0)(215.0, 1221.0);GATE
Port:(215.0, 1235.5)(225.0, 1235.5)(225.0, 1351.5)(215.0, 1351.5);SD
Port:(396.0, 1221.0)(396.0, 1350.5)(382.0, 1350.5)(382.0, 1366.0)(230.0, 1366.0)(230.0, 1221.0);GATE
Port:(387.0, 1231.0)(391.0, 1231.0)(391.0, 1336.0)(387.0, 1336.0);SD
Module:M10
Boundary:(20.0, 467.0)(93.0, 467.0)(93.0, 655.0)(20.0, 655.0);GATE
Port:(34.5, 645.0)(78.5, 645.0)(78.5, 655.0)(34.5, 655.0);SD
Port:(20.0, 467.0)(93.0, 467.0)(93.0, 640.0)(20.0, 640.0);GATE
Port:(30.0, 472.0)(83.0, 472.0)(83.0, 476.0)(30.0, 476.0);SD
Module:M7
Boundary:(258.0, 20.0)(258.0, 167.5)(242.0, 167.5)(242.0, 183.0)(181.0, 183.0)(181.0, 20.0);GATE
Port:(181.0, 34.5)(191.0, 34.5)(191.0, 168.5)(181.0, 168.5);SD
Port:(258.0, 20.0)(258.0, 167.5)(242.0, 167.5)(242.0, 183.0)(196.0, 183.0)(196.0, 20.0);GATE
Port:(249.0, 30.0)(253.0, 30.0)(253.0, 153.0)(249.0, 153.0);SD
Module:M3
Boundary:(141.0, 20.0)(141.0, 113.5)(92.3, 113.5)(92.3, 183.0)(20.0, 183.0)(20.0, 20.0);GATE
Port:(20.0, 34.5)(30.0, 34.5)(30.0, 168.5)(20.0, 168.5);SD
Port:(141.0, 20.0)(141.0, 113.5)(92.3, 113.5)(92.3, 183.0)(35.0, 183.0)(35.0, 20.0);GATE
Port:(132.0, 30.0)(136.0, 30.0)(136.0, 99.0)(132.0, 99.0);SD
Module:M23
Boundary:(118.0, 223.0)(118.0, 299.0)(110.0, 299.0)(110.0, 314.0)(20.0, 314.0)(20.0, 223.0);GATE
Port:(20.0, 237.5)(30.0, 237.5)(30.0, 299.5)(20.0, 299.5);SD
Port:(118.0, 223.0)(118.0, 299.0)(110.0, 299.0)(110.0, 314.0)(35.0, 314.0)(35.0, 223.0);GATE
Port:(109.0, 233.0)(113.0, 233.0)(113.0, 284.0)(109.0, 284.0);SD
Module:M18
Boundary:(114.0, 797.0)(114.0, 926.5)(77.8, 926.5)(77.8, 996.0)(20.0, 996.0)(20.0, 797.0);GATE
Port:(20.0, 811.5)(30.0, 811.5)(30.0, 981.5)(20.0, 981.5);SD
Port:(114.0, 797.0)(114.0, 926.5)(77.8, 926.5)(77.8, 996.0)(35.0, 996.0)(35.0, 797.0);GATE
Port:(105.0, 807.0)(109.0, 807.0)(109.0, 912.0)(105.0, 912.0);SD
Module:M20
Boundary:(309.0, 223.0)(309.0, 296.0)(158.0, 296.0)(158.0, 223.0);GATE
Port:(158.0, 237.5)(168.0, 237.5)(168.0, 281.5)(158.0, 281.5);SD
Port:(309.0, 223.0)(309.0, 296.0)(173.0, 296.0)(173.0, 223.0);GATE
Port:(300.0, 233.0)(304.0, 233.0)(304.0, 286.0)(300.0, 286.0);SD
Module:M15
Boundary:(153.0, 1036.0)(153.0, 1183.5)(137.0, 1183.5)(137.0, 1199.0)(20.0, 1199.0)(20.0, 1036.0);GATE
Port:(20.0, 1050.5)(30.0, 1050.5)(30.0, 1184.5)(20.0, 1184.5);SD
Port:(153.0, 1036.0)(153.0, 1183.5)(137.0, 1183.5)(137.0, 1199.0)(35.0, 1199.0)(35.0, 1036.0);GATE
Port:(144.0, 1046.0)(148.0, 1046.0)(148.0, 1169.0)(144.0, 1169.0);SD
Module:M12
Boundary:(370.0, 490.0)(446.0, 490.0)(446.0, 498.0)(461.0, 498.0)(461.0, 626.0)(370.0, 626.0);GATE
Port:(384.5, 616.0)(446.5, 616.0)(446.5, 626.0)(384.5, 626.0);SD
Port:(370.0, 490.0)(446.0, 490.0)(446.0, 498.0)(461.0, 498.0)(461.0, 611.0)(370.0, 611.0);GATE
Port:(380.0, 495.0)(431.0, 495.0)(431.0, 499.0)(380.0, 499.0);SD
Module:M8
Boundary:(298.0, 20.0)(445.5, 20.0)(445.5, 36.0)(461.0, 36.0)(461.0, 165.0)(298.0, 165.0);GATE
Port:(312.5, 155.0)(446.5, 155.0)(446.5, 165.0)(312.5, 165.0);SD
Port:(298.0, 20.0)(445.5, 20.0)(445.5, 36.0)(461.0, 36.0)(461.0, 150.0)(298.0, 150.0);GATE
Port:(308.0, 25.0)(431.0, 25.0)(431.0, 29.0)(308.0, 29.0);SD
Module:M4
Boundary:(263.0, 964.0)(263.0, 1057.5)(251.0, 1057.5)(251.0, 1073.0)(193.0, 1073.0)(193.0, 964.0);GATE
Port:(193.0, 978.5)(203.0, 978.5)(203.0, 1058.5)(193.0, 1058.5);SD
Port:(263.0, 964.0)(263.0, 1057.5)(251.0, 1057.5)(251.0, 1073.0)(208.0, 1073.0)(208.0, 964.0);GATE
Port:(254.0, 974.0)(258.0, 974.0)(258.0, 1043.0)(254.0, 1043.0);SD
Module:M25
Boundary:(199.0, 481.0)(199.0, 610.5)(185.0, 610.5)(185.0, 626.0)(133.0, 626.0)(133.0, 481.0);GATE
Port:(133.0, 495.5)(143.0, 495.5)(143.0, 611.5)(133.0, 611.5);SD
Port:(199.0, 481.0)(199.0, 610.5)(185.0, 610.5)(185.0, 626.0)(148.0, 626.0)(148.0, 481.0);GATE
Port:(190.0, 491.0)(194.0, 491.0)(194.0, 596.0)(190.0, 596.0);SD
Module:M22
Boundary:(175.0, 1239.0)(175.0, 1350.5)(163.0, 1350.5)(163.0, 1366.0)(20.0, 1366.0)(20.0, 1239.0);GATE
Port:(20.0, 1253.5)(30.0, 1253.5)(30.0, 1351.5)(20.0, 1351.5);SD
Port:(175.0, 1239.0)(175.0, 1350.5)(163.0, 1350.5)(163.0, 1366.0)(35.0, 1366.0)(35.0, 1239.0);GATE
Port:(166.0, 1249.0)(170.0, 1249.0)(170.0, 1336.0)(166.0, 1336.0);SD
Module:M17
Boundary:(181.0, 354.0)(181.0, 427.0)(20.0, 427.0)(20.0, 354.0);GATE
Port:(20.0, 368.5)(30.0, 368.5)(30.0, 412.5)(20.0, 412.5);SD
Port:(181.0, 354.0)(181.0, 427.0)(35.0, 427.0)(35.0, 354.0);GATE
Port:(172.0, 364.0)(176.0, 364.0)(176.0, 417.0)(172.0, 417.0);SD
