Area:(-0.2, -1.8)(550.9, -1.8)(550.9, 479.8)(-0.2, 479.8)
Rule:GATE(5,5);SD(5,5);GATE_SD(0.5);GATE_ITO(0.5);SD_ITO(0.5)
Module:M1
Boundary:(233.6, 38.2)(233.6, 89.5)(56.5, 89.5)(56.5, 38.2);GATE
Port:(56.5, 52.5)(60.5, 52.5)(60.5, 75.2)(56.5, 75.2);SD
Port:(233.6, 38.2)(233.6, 89.5)(63.3, 89.5)(63.3, 38.2);GATE
Port:(221.6, 43.8)(229.0, 43.8)(229.0, 83.9)(221.6, 83.9);SD
Module:M5
Boundary:(308.1, 38.8)(308.1, 105.4)(239.9, 105.4)(239.9, 38.8);GATE
Port:(239.9, 52.1)(245.4, 52.1)(245.4, 92.1)(239.9, 92.1);SD
Port:(308.1, 38.8)(308.1, 105.4)(246.7, 105.4)(246.7, 38.8);GATE
Port:(298.1, 44.9)(302.9, 44.9)(302.9, 99.3)(298.1, 99.3);SD
Module:M4
Boundary:(497.4, 50.3)(497.4, 119.3)(440.9, 119.3)(440.9, 134.0)(329.0, 134.0)(329.0, 50.3);GATE
Port:(329.0, 64.8)(334.5, 64.8)(334.5, 119.5)(329.0, 119.5);SD
Port:(497.4, 50.3)(497.4, 119.3)(440.9, 119.3)(440.9, 134.0)(337.2, 134.0)(337.2, 50.3);GATE
Port:(484.5, 56.8)(491.9, 56.8)(491.9, 111.8)(484.5, 111.8);SD
Module:M9
Boundary:(134.2, 154.6)(134.2, 217.1)(134.2, 217.1)(134.2, 232.0)(52.5, 232.0)(52.5, 154.6);GATE
Port:(52.5, 167.6)(58.1, 167.6)(58.1, 219.0)(52.5, 219.0);SD
Port:(134.2, 154.6)(134.2, 217.1)(134.2, 217.1)(134.2, 232.0)(59.1, 232.0)(59.1, 154.6);GATE
Port:(123.8, 161.5)(128.3, 161.5)(128.3, 210.2)(123.8, 210.2);SD
Module:M10
Boundary:(340.3, 156.6)(340.3, 241.8)(225.5, 241.8)(225.5, 254.3)(151.7, 254.3)(151.7, 156.6);GATE
Port:(151.7, 168.5)(157.2, 168.5)(157.2, 242.4)(151.7, 242.4);SD
Port:(340.3, 156.6)(340.3, 241.8)(225.5, 241.8)(225.5, 254.3)(160.0, 254.3)(160.0, 156.6);GATE
Port:(330.2, 161.7)(336.2, 161.7)(336.2, 235.7)(330.2, 235.7);SD
Module:M2
Boundary:(490.4, 142.1)(490.4, 262.8)(478.7, 262.8)(478.7, 281.4)(346.8, 281.4)(346.8, 142.1);GATE
Port:(346.8, 158.9)(352.8, 158.9)(352.8, 264.6)(346.8, 264.6);SD
Port:(490.4, 142.1)(490.4, 262.8)(478.7, 262.8)(478.7, 281.4)(355.3, 281.4)(355.3, 142.1);GATE
Port:(477.1, 148.8)(484.7, 148.8)(484.7, 255.1)(477.1, 255.1);SD
Module:M7
Boundary:(39.8, 234.1)(108.0, 234.1)(108.0, 347.6)(39.8, 347.6);GATE
Port:(53.0, 343.3)(94.8, 343.3)(94.8, 347.6)(53.0, 347.6);SD
Port:(39.8, 234.1)(108.0, 234.1)(108.0, 341.8)(39.8, 341.8);GATE
Port:(45.4, 238.7)(102.4, 238.7)(102.4, 245.1)(45.4, 245.1);SD
Module:M8
Boundary:(510.9, 292.2)(510.9, 376.4)(463.8, 376.4)(463.8, 392.5)(332.8, 392.5)(332.8, 292.2);GATE
Port:(332.8, 304.9)(337.1, 304.9)(337.1, 379.8)(332.8, 379.8);SD
Port:(510.9, 292.2)(510.9, 376.4)(463.8, 376.4)(463.8, 392.5)(338.2, 392.5)(338.2, 292.2);GATE
Port:(501.7, 297.5)(506.6, 297.5)(506.6, 370.1)(501.7, 370.1);SD
Module:M6
Boundary:(202.5, 260.7)(314.3, 260.7)(314.3, 289.6)(331.6, 289.6)(331.6, 430.2)(202.5, 430.2);GATE
Port:(217.5, 425.5)(316.6, 425.5)(316.6, 430.2)(217.5, 430.2);SD
Port:(202.5, 260.7)(314.3, 260.7)(314.3, 289.6)(331.6, 289.6)(331.6, 423.4)(202.5, 423.4);GATE
Port:(208.1, 265.3)(307.7, 265.3)(307.7, 272.8)(208.1, 272.8);SD
Module:M3
Boundary:(180.7, 347.6)(180.7, 439.8)(41.8, 439.8)(41.8, 347.6);GATE
Port:(41.8, 361.4)(47.3, 361.4)(47.3, 426.0)(41.8, 426.0);SD
Port:(180.7, 347.6)(180.7, 439.8)(50.1, 439.8)(50.1, 347.6);GATE
Port:(170.4, 353.1)(176.2, 353.1)(176.2, 434.3)(170.4, 434.3);SD
