Area:(-20.0, -20.0)(524.0, -20.0)(524.0, 1271.0)(-20.0, 1271.0)
Rule:GATE(5,5);SD(5,5);GATE_SD(0.5);GATE_ITO(0.5);SD_ITO(0.5)
Module:M14
Boundary:(20.0, 1059.0)(149.5, 1059.0)(149.5, 1180.0)(255.0, 1180.0)(255.0, 1231.0)(20.0, 1231.0);GATE
Port:(34.5, 1221.0)(240.5, 1221.0)(240.5, 1231.0)(34.5, 1231.0);SD
Port:(20.0, 1059.0)(149.5, 1059.0)(149.5, 1180.0)(255.0, 1180.0)(255.0, 1216.0)(20.0, 1216.0);GATE
Port:(30.0, 1064.0)(135.0, 1064.0)(135.0, 1068.0)(30.0, 1068.0);SD
Module:M9
Boundary:(146.0, 873.0)(146.0, 984.5)(91.8, 984.5)(91.8, 1018.0)(20.0, 1018.0)(20.0, 873.0);GATE
Port:(20.0, 887.5)(30.0, 887.5)(30.0, 1003.5)(20.0, 1003.5);SD
Port:(146.0, 873.0)(146.0, 984.5)(91.8, 984.5)(91.8, 1018.0)(35.0, 1018.0)(35.0, 873.0);GATE
Port:(137.0, 883.0)(141.0, 883.0)(141.0, 970.0)(137.0, 970.0);SD
Module:M5
Boundary:(205.0, 312.0)(281.0, 312.0)(281.0, 320.0)(296.0, 320.0)(296.0, 489.0)(205.0, 489.0);GATE
Port:(219.5, 479.0)(281.5, 479.0)(281.5, 489.0)(219.5, 489.0);SD
Port:(205.0, 312.0)(281.0, 312.0)(281.0, 320.0)(296.0, 320.0)(296.0, 474.0)(205.0, 474.0);GATE
Port:(215.0, 317.0)(266.0, 317.0)(266.0, 321.0)(215.0, 321.0);SD
Module:M11
Boundary:(320.0, 937.0)(413.5, 937.0)(413.5, 1033.6)(483.0, 1033.6)(483.0, 1092.0)(320.0, 1092.0);GATE
Port:(334.5, 1082.0)(468.5, 1082.0)(468.5, 1092.0)(334.5, 1092.0);SD
Port:(320.0, 937.0)(413.5, 937.0)(413.5, 1033.6)(483.0, 1033.6)(483.0, 1077.0)(320.0, 1077.0);GATE
Port:(330.0, 942.0)(399.0, 942.0)(399.0, 946.0)(330.0, 946.0);SD
Module:M1
Boundary:(482.0, 1132.0)(482.0, 1208.0)(474.0, 1208.0)(474.0, 1223.0)(295.0, 1223.0)(295.0, 1132.0);GATE
Port:(295.0, 1146.5)(305.0, 1146.5)(305.0, 1208.5)(295.0, 1208.5);SD
Port:(482.0, 1132.0)(482.0, 1208.0)(474.0, 1208.0)(474.0, 1223.0)(310.0, 1223.0)(310.0, 1132.0);GATE
Port:(473.0, 1142.0)(477.0, 1142.0)(477.0, 1193.0)(473.0, 1193.0);SD
Module:M19
Boundary:(280.0, 714.0)(280.0, 807.5)(270.0, 807.5)(270.0, 823.0)(189.0, 823.0)(189.0, 714.0);GATE
Port:(189.0, 728.5)(199.0, 728.5)(199.0, 808.5)(189.0, 808.5);SD
Port:(280.0, 714.0)(280.0, 807.5)(270.0, 807.5)(270.0, 823.0)(204.0, 823.0)(204.0, 714.0);GATE
Port:(271.0, 724.0)(275.0, 724.0)(275.0, 793.0)(271.0, 793.0);SD
Module:M6
Boundary:(130.0, 20.0)(259.5, 20.0)(259.5, 92.0)(329.0, 92.0)(329.0, 140.0)(130.0, 140.0);GATE
Port:(144.5, 130.0)(314.5, 130.0)(314.5, 140.0)(144.5, 140.0);SD
Port:(130.0, 20.0)(259.5, 20.0)(259.5, 92.0)(329.0, 92.0)(329.0, 125.0)(130.0, 125.0);GATE
Port:(140.0, 25.0)(245.0, 25.0)(245.0, 29.0)(140.0, 29.0);SD
Module:M2
Boundary:(484.0, 426.0)(484.0, 555.5)(470.0, 555.5)(470.0, 571.0)(336.0, 571.0)(336.0, 426.0);GATE
Port:(336.0, 440.5)(346.0, 440.5)(346.0, 556.5)(336.0, 556.5);SD
Port:(484.0, 426.0)(484.0, 555.5)(470.0, 555.5)(470.0, 571.0)(351.0, 571.0)(351.0, 426.0);GATE
Port:(475.0, 436.0)(479.0, 436.0)(479.0, 541.0)(475.0, 541.0);SD
Module:M16
Boundary:(484.0, 20.0)(484.0, 167.5)(410.0, 167.5)(410.0, 273.0)(369.0, 273.0)(369.0, 20.0);GATE
Port:(369.0, 34.5)(379.0, 34.5)(379.0, 258.5)(369.0, 258.5);SD
Port:(484.0, 20.0)(484.0, 167.5)(410.0, 167.5)(410.0, 273.0)(384.0, 273.0)(384.0, 20.0);GATE
Port:(475.0, 30.0)(479.0, 30.0)(479.0, 153.0)(475.0, 153.0);SD
Module:M13
Boundary:(87.0, 133.0)(87.0, 226.5)(77.0, 226.5)(77.0, 242.0)(20.0, 242.0)(20.0, 133.0);GATE
Port:(20.0, 147.5)(30.0, 147.5)(30.0, 227.5)(20.0, 227.5);SD
Port:(87.0, 133.0)(87.0, 226.5)(77.0, 226.5)(77.0, 242.0)(35.0, 242.0)(35.0, 133.0);GATE
Port:(78.0, 143.0)(82.0, 143.0)(82.0, 212.0)(78.0, 212.0);SD
Module:M10
Boundary:(20.0, 485.0)(149.5, 485.0)(149.5, 499.0)(165.0, 499.0)(165.0, 666.0)(20.0, 666.0);GATE
Port:(34.5, 656.0)(150.5, 656.0)(150.5, 666.0)(34.5, 666.0);SD
Port:(20.0, 485.0)(149.5, 485.0)(149.5, 499.0)(165.0, 499.0)(165.0, 651.0)(20.0, 651.0);GATE
Port:(30.0, 490.0)(135.0, 490.0)(135.0, 494.0)(30.0, 494.0);SD
Module:M7
Boundary:(142.0, 282.0)(142.0, 429.5)(126.0, 429.5)(126.0, 445.0)(20.0, 445.0)(20.0, 282.0);GATE
Port:(20.0, 296.5)(30.0, 296.5)(30.0, 430.5)(20.0, 430.5);SD
Port:(142.0, 282.0)(142.0, 429.5)(126.0, 429.5)(126.0, 445.0)(35.0, 445.0)(35.0, 282.0);GATE
Port:(133.0, 292.0)(137.0, 292.0)(137.0, 415.0)(133.0, 415.0);SD
Module:M3
Boundary:(90.0, 20.0)(90.0, 93.0)(20.0, 93.0)(20.0, 20.0);GATE
Port:(20.0, 34.5)(30.0, 34.5)(30.0, 78.5)(20.0, 78.5);SD
Port:(90.0, 20.0)(90.0, 93.0)(35.0, 93.0)(35.0, 20.0);GATE
Port:(81.0, 30.0)(85.0, 30.0)(85.0, 83.0)(81.0, 83.0);SD
Module:M18
Boundary:(320.0, 611.0)(431.5, 611.0)(431.5, 663.5)(483.0, 663.5)(483.0, 784.0)(320.0, 784.0);GATE
Port:(334.5, 774.0)(468.5, 774.0)(468.5, 784.0)(334.5, 784.0);SD
Port:(320.0, 611.0)(431.5, 611.0)(431.5, 663.5)(483.0, 663.5)(483.0, 769.0)(320.0, 769.0);GATE
Port:(330.0, 616.0)(417.0, 616.0)(417.0, 620.0)(330.0, 620.0);SD
Module:M20
Boundary:(189.0, 863.0)(265.0, 863.0)(265.0, 871.0)(280.0, 871.0)(280.0, 1019.0)(189.0, 1019.0);GATE
Port:(203.5, 1009.0)(265.5, 1009.0)(265.5, 1019.0)(203.5, 1019.0);SD
Port:(189.0, 863.0)(265.0, 863.0)(265.0, 871.0)(280.0, 871.0)(280.0, 1004.0)(189.0, 1004.0);GATE
Port:(199.0, 868.0)(250.0, 868.0)(250.0, 872.0)(199.0, 872.0);SD
Module:M15
Boundary:(274.0, 529.0)(274.0, 658.5)(260.0, 658.5)(260.0, 674.0)(205.0, 674.0)(205.0, 529.0);GATE
Port:(205.0, 543.5)(215.0, 543.5)(215.0, 659.5)(205.0, 659.5);SD
Port:(274.0, 529.0)(274.0, 658.5)(260.0, 658.5)(260.0, 674.0)(220.0, 674.0)(220.0, 529.0);GATE
Port:(265.0, 539.0)(269.0, 539.0)(269.0, 644.0)(265.0, 644.0);SD
Module:M12
Boundary:(149.0, 706.0)(149.0, 817.5)(137.0, 817.5)(137.0, 833.0)(20.0, 833.0)(20.0, 706.0);GATE
Port:(20.0, 720.5)(30.0, 720.5)(30.0, 818.5)(20.0, 818.5);SD
Port:(149.0, 706.0)(149.0, 817.5)(137.0, 817.5)(137.0, 833.0)(35.0, 833.0)(35.0, 706.0);GATE
Port:(140.0, 716.0)(144.0, 716.0)(144.0, 803.0)(140.0, 803.0);SD
Module:M8
Boundary:(182.0, 180.0)(293.5, 180.0)(293.5, 217.2)(327.0, 217.2)(327.0, 272.0)(182.0, 272.0);GATE
Port:(196.5, 262.0)(312.5, 262.0)(312.5, 272.0)(196.5, 272.0);SD
Port:(182.0, 180.0)(293.5, 180.0)(293.5, 217.2)(327.0, 217.2)(327.0, 257.0)(182.0, 257.0);GATE
Port:(192.0, 185.0)(279.0, 185.0)(279.0, 189.0)(192.0, 189.0);SD
Module:M4
Boundary:(474.0, 824.0)(474.0, 897.0)(320.0, 897.0)(320.0, 824.0);GATE
Port:(320.0, 838.5)(330.0, 838.5)(330.0, 882.5)(320.0, 882.5);SD
Port:(474.0, 824.0)(474.0, 897.0)(335.0, 897.0)(335.0, 824.0);GATE
Port:(465.0, 834.0)(469.0, 834.0)(469.0, 887.0)(465.0, 887.0);SD
Module:M17
Boundary:(481.0, 313.0)(481.0, 386.0)(336.0, 386.0)(336.0, 313.0);GATE
Port:(336.0, 327.5)(346.0, 327.5)(346.0, 371.5)(336.0, 371.5);SD
Port:(481.0, 313.0)(481.0, 386.0)(351.0, 386.0)(351.0, 313.0);GATE
Port:(472.0, 323.0)(476.0, 323.0)(476.0, 376.0)(472.0, 376.0);SD
