Area:(-20.0, -20.0)(405.1, -20.0)(405.1, 340.0)(-20.0, 340.0)
Rule:GATE(5,5);SD(5,5);GATE_SD(0.5);GATE_ITO(0.5);SD_ITO(0.5)
Module:M5
Boundary:(115.6, 20.0)(195.9, 20.0)(195.9, 20.5)(211.1, 20.5)(211.1, 178.2)(115.6, 178.2);GATE
Port:(129.9, 172.3)(196.8, 172.3)(196.8, 178.2)(129.9, 178.2);SD
Port:(115.6, 20.0)(195.9, 20.0)(195.9, 20.5)(211.1, 20.5)(211.1, 170.8)(115.6, 170.8);GATE
Port:(121.9, 25.3)(189.6, 25.3)(189.6, 31.4)(121.9, 31.4);SD
Module:M1
Boundary:(267.4, 159.5)(348.9, 159.5)(348.9, 160.0)(365.1, 160.0)(365.1, 274.7)(267.4, 274.7);GATE
Port:(280.3, 269.3)(352.2, 269.3)(352.2, 274.7)(280.3, 274.7);SD
Port:(267.4, 159.5)(348.9, 159.5)(348.9, 160.0)(365.1, 160.0)(365.1, 266.5)(267.4, 266.5);GATE
Port:(272.8, 163.9)(343.5, 163.9)(343.5, 169.4)(272.8, 169.4);SD
Module:M2
Boundary:(20.0, 20.0)(63.8, 20.0)(63.8, 57.6)(75.6, 57.6)(75.6, 97.2)(20.0, 97.2);GATE
Port:(31.9, 92.3)(63.7, 92.3)(63.7, 97.2)(31.9, 97.2);SD
Port:(20.0, 20.0)(63.8, 20.0)(63.8, 57.6)(75.6, 57.6)(75.6, 90.3)(20.0, 90.3);GATE
Port:(25.7, 24.7)(57.1, 24.7)(57.1, 30.2)(25.7, 30.2);SD
Module:M3
Boundary:(346.2, 20.0)(346.2, 119.5)(251.1, 119.5)(251.1, 20.0);GATE
Port:(251.1, 32.5)(256.6, 32.5)(256.6, 107.0)(251.1, 107.0);SD
Port:(346.2, 20.0)(346.2, 119.5)(258.1, 119.5)(258.1, 20.0);GATE
Port:(336.4, 25.1)(342.1, 25.1)(342.1, 114.4)(336.4, 114.4);SD
Module:M4
Boundary:(227.4, 218.2)(227.4, 284.3)(172.7, 284.3)(172.7, 300.0)(20.0, 300.0)(20.0, 218.2);GATE
Port:(20.0, 230.3)(25.5, 230.3)(25.5, 287.9)(20.0, 287.9);SD
Port:(227.4, 218.2)(227.4, 284.3)(172.7, 284.3)(172.7, 300.0)(27.0, 300.0)(27.0, 218.2);GATE
Port:(218.0, 223.5)(223.1, 223.5)(223.1, 278.0)(218.0, 278.0);SD
