Area:(-20.0, -20.0)(1930.0, -20.0)(1930.0, 712.0)(-20.0, 712.0)
Rule:GATE(5,5);SD(5,5);GATE_SD(0.5);GATE_ITO(0.5);SD_ITO(0.5)
Module:M14
Boundary:(215.0, 20.0)(215.0, 96.0)(207.0, 96.0)(207.0, 111.0)(20.0, 111.0)(20.0, 20.0);GATE
Port:(20.0, 34.5)(30.0, 34.5)(30.0, 96.5)(20.0, 96.5);SD
Port:(215.0, 20.0)(215.0, 96.0)(207.0, 96.0)(207.0, 111.0)(35.0, 111.0)(35.0, 20.0);GATE
Port:(206.0, 30.0)(210.0, 30.0)(210.0, 81.0)(206.0, 81.0);SD
Module:M9
Boundary:(602.0, 545.0)(602.0, 656.5)(590.0, 656.5)(590.0, 672.0)(408.0, 672.0)(408.0, 545.0);GATE
Port:(408.0, 559.5)(418.0, 559.5)(418.0, 657.5)(408.0, 657.5);SD
Port:(602.0, 545.0)(602.0, 656.5)(590.0, 656.5)(590.0, 672.0)(423.0, 672.0)(423.0, 545.0);GATE
Port:(593.0, 555.0)(597.0, 555.0)(597.0, 642.0)(593.0, 642.0);SD
Module:M5
Boundary:(1523.0, 360.0)(1596.0, 360.0)(1596.0, 472.0)(1523.0, 472.0);GATE
Port:(1537.5, 462.0)(1581.5, 462.0)(1581.5, 472.0)(1537.5, 472.0);SD
Port:(1523.0, 360.0)(1596.0, 360.0)(1596.0, 457.0)(1523.0, 457.0);GATE
Port:(1533.0, 365.0)(1586.0, 365.0)(1586.0, 369.0)(1533.0, 369.0);SD
Module:M11
Boundary:(642.0, 476.0)(717.5, 476.0)(717.5, 579.7)(949.0, 579.7)(949.0, 672.0)(642.0, 672.0);GATE
Port:(656.5, 662.0)(934.5, 662.0)(934.5, 672.0)(656.5, 672.0);SD
Port:(642.0, 476.0)(717.5, 476.0)(717.5, 579.7)(949.0, 579.7)(949.0, 657.0)(642.0, 657.0);GATE
Port:(652.0, 481.0)(703.0, 481.0)(703.0, 485.0)(652.0, 485.0);SD
Module:M1
Boundary:(1523.0, 512.0)(1599.0, 512.0)(1599.0, 520.0)(1614.0, 520.0)(1614.0, 670.0)(1523.0, 670.0);GATE
Port:(1537.5, 660.0)(1599.5, 660.0)(1599.5, 670.0)(1537.5, 670.0);SD
Port:(1523.0, 512.0)(1599.0, 512.0)(1599.0, 520.0)(1614.0, 520.0)(1614.0, 655.0)(1523.0, 655.0);GATE
Port:(1533.0, 517.0)(1584.0, 517.0)(1584.0, 521.0)(1533.0, 521.0);SD
Module:M38
Boundary:(1369.0, 345.0)(1369.0, 438.5)(1319.6, 438.5)(1319.6, 526.0)(1223.0, 526.0)(1223.0, 345.0);GATE
Port:(1223.0, 359.5)(1233.0, 359.5)(1233.0, 511.5)(1223.0, 511.5);SD
Port:(1369.0, 345.0)(1369.0, 438.5)(1319.6, 438.5)(1319.6, 526.0)(1238.0, 526.0)(1238.0, 345.0);GATE
Port:(1360.0, 355.0)(1364.0, 355.0)(1364.0, 424.0)(1360.0, 424.0);SD
Module:M40
Boundary:(1742.0, 310.0)(1742.0, 386.0)(1734.0, 386.0)(1734.0, 401.0)(1646.0, 401.0)(1646.0, 310.0);GATE
Port:(1646.0, 324.5)(1656.0, 324.5)(1656.0, 386.5)(1646.0, 386.5);SD
Port:(1742.0, 310.0)(1742.0, 386.0)(1734.0, 386.0)(1734.0, 401.0)(1661.0, 401.0)(1661.0, 310.0);GATE
Port:(1733.0, 320.0)(1737.0, 320.0)(1737.0, 371.0)(1733.0, 371.0);SD
Module:M35
Boundary:(721.0, 30.0)(794.0, 30.0)(794.0, 158.0)(721.0, 158.0);GATE
Port:(735.5, 148.0)(779.5, 148.0)(779.5, 158.0)(735.5, 158.0);SD
Port:(721.0, 30.0)(794.0, 30.0)(794.0, 143.0)(721.0, 143.0);GATE
Port:(731.0, 35.0)(784.0, 35.0)(784.0, 39.0)(731.0, 39.0);SD
Module:M32
Boundary:(20.0, 524.0)(113.5, 524.0)(113.5, 605.6)(165.0, 605.6)(165.0, 671.0)(20.0, 671.0);GATE
Port:(34.5, 661.0)(150.5, 661.0)(150.5, 671.0)(34.5, 671.0);SD
Port:(20.0, 524.0)(113.5, 524.0)(113.5, 605.6)(165.0, 605.6)(165.0, 656.0)(20.0, 656.0);GATE
Port:(30.0, 529.0)(99.0, 529.0)(99.0, 533.0)(30.0, 533.0);SD
Module:M27
Boundary:(1889.0, 20.0)(1889.0, 167.5)(1873.0, 167.5)(1873.0, 183.0)(1821.0, 183.0)(1821.0, 20.0);GATE
Port:(1821.0, 34.5)(1831.0, 34.5)(1831.0, 168.5)(1821.0, 168.5);SD
Port:(1889.0, 20.0)(1889.0, 167.5)(1873.0, 167.5)(1873.0, 183.0)(1836.0, 183.0)(1836.0, 20.0);GATE
Port:(1880.0, 30.0)(1884.0, 30.0)(1884.0, 153.0)(1880.0, 153.0);SD
Module:M24
Boundary:(241.0, 442.0)(352.5, 442.0)(352.5, 454.0)(368.0, 454.0)(368.0, 557.0)(241.0, 557.0);GATE
Port:(255.5, 547.0)(353.5, 547.0)(353.5, 557.0)(255.5, 557.0);SD
Port:(241.0, 442.0)(352.5, 442.0)(352.5, 454.0)(368.0, 454.0)(368.0, 542.0)(241.0, 542.0);GATE
Port:(251.0, 447.0)(338.0, 447.0)(338.0, 451.0)(251.0, 451.0);SD
Module:M19
Boundary:(992.0, 379.0)(1103.5, 379.0)(1103.5, 442.8)(1173.0, 442.8)(1173.0, 529.0)(992.0, 529.0);GATE
Port:(1006.5, 519.0)(1158.5, 519.0)(1158.5, 529.0)(1006.5, 529.0);SD
Port:(992.0, 379.0)(1103.5, 379.0)(1103.5, 442.8)(1173.0, 442.8)(1173.0, 514.0)(992.0, 514.0);GATE
Port:(1002.0, 384.0)(1089.0, 384.0)(1089.0, 388.0)(1002.0, 388.0);SD
Module:M6
Boundary:(843.0, 223.0)(936.5, 223.0)(936.5, 233.0)(952.0, 233.0)(952.0, 284.0)(843.0, 284.0);GATE
Port:(857.5, 274.0)(937.5, 274.0)(937.5, 284.0)(857.5, 284.0);SD
Port:(843.0, 223.0)(936.5, 223.0)(936.5, 233.0)(952.0, 233.0)(952.0, 269.0)(843.0, 269.0);GATE
Port:(853.0, 228.0)(922.0, 228.0)(922.0, 232.0)(853.0, 232.0);SD
Module:M21
Boundary:(1483.0, 360.0)(1483.0, 471.5)(1459.9, 471.5)(1459.9, 505.0)(1419.0, 505.0)(1419.0, 360.0);GATE
Port:(1419.0, 374.5)(1429.0, 374.5)(1429.0, 490.5)(1419.0, 490.5);SD
Port:(1483.0, 360.0)(1483.0, 471.5)(1459.9, 471.5)(1459.9, 505.0)(1434.0, 505.0)(1434.0, 360.0);GATE
Port:(1474.0, 370.0)(1478.0, 370.0)(1478.0, 457.0)(1474.0, 457.0);SD
Module:M2
Boundary:(1094.0, 30.0)(1170.0, 30.0)(1170.0, 38.0)(1185.0, 38.0)(1185.0, 162.0)(1094.0, 162.0);GATE
Port:(1108.5, 152.0)(1170.5, 152.0)(1170.5, 162.0)(1108.5, 162.0);SD
Port:(1094.0, 30.0)(1170.0, 30.0)(1170.0, 38.0)(1185.0, 38.0)(1185.0, 147.0)(1094.0, 147.0);GATE
Port:(1104.0, 35.0)(1155.0, 35.0)(1155.0, 39.0)(1104.0, 39.0);SD
Module:M16
Boundary:(247.0, 205.0)(376.5, 205.0)(376.5, 219.0)(392.0, 219.0)(392.0, 402.0)(247.0, 402.0);GATE
Port:(261.5, 392.0)(377.5, 392.0)(377.5, 402.0)(261.5, 402.0);SD
Port:(247.0, 205.0)(376.5, 205.0)(376.5, 219.0)(392.0, 219.0)(392.0, 387.0)(247.0, 387.0);GATE
Port:(257.0, 210.0)(362.0, 210.0)(362.0, 214.0)(257.0, 214.0);SD
Module:M13
Boundary:(1658.0, 20.0)(1658.0, 96.0)(1650.0, 96.0)(1650.0, 111.0)(1592.0, 111.0)(1592.0, 20.0);GATE
Port:(1592.0, 34.5)(1602.0, 34.5)(1602.0, 96.5)(1592.0, 96.5);SD
Port:(1658.0, 20.0)(1658.0, 96.0)(1650.0, 96.0)(1650.0, 111.0)(1607.0, 111.0)(1607.0, 20.0);GATE
Port:(1649.0, 30.0)(1653.0, 30.0)(1653.0, 81.0)(1649.0, 81.0);SD
Module:M10
Boundary:(989.0, 569.0)(1100.5, 569.0)(1100.5, 581.0)(1116.0, 581.0)(1116.0, 670.0)(989.0, 670.0);GATE
Port:(1003.5, 660.0)(1101.5, 660.0)(1101.5, 670.0)(1003.5, 670.0);SD
Port:(989.0, 569.0)(1100.5, 569.0)(1100.5, 581.0)(1116.0, 581.0)(1116.0, 655.0)(989.0, 655.0);GATE
Port:(999.0, 574.0)(1086.0, 574.0)(1086.0, 578.0)(999.0, 578.0);SD
Module:M37
Boundary:(602.0, 229.0)(602.0, 358.5)(525.8, 358.5)(525.8, 392.0)(434.0, 392.0)(434.0, 229.0);GATE
Port:(434.0, 243.5)(444.0, 243.5)(444.0, 377.5)(434.0, 377.5);SD
Port:(602.0, 229.0)(602.0, 358.5)(525.8, 358.5)(525.8, 392.0)(449.0, 392.0)(449.0, 229.0);GATE
Port:(593.0, 239.0)(597.0, 239.0)(597.0, 344.0)(593.0, 344.0);SD
Module:M34
Boundary:(1291.0, 576.0)(1291.0, 652.0)(1283.0, 652.0)(1283.0, 667.0)(1156.0, 667.0)(1156.0, 576.0);GATE
Port:(1156.0, 590.5)(1166.0, 590.5)(1166.0, 652.5)(1156.0, 652.5);SD
Port:(1291.0, 576.0)(1291.0, 652.0)(1283.0, 652.0)(1283.0, 667.0)(1171.0, 667.0)(1171.0, 576.0);GATE
Port:(1282.0, 586.0)(1286.0, 586.0)(1286.0, 637.0)(1282.0, 637.0);SD
Module:M29
Boundary:(444.0, 30.0)(555.5, 30.0)(555.5, 92.4)(661.0, 92.4)(661.0, 179.0)(444.0, 179.0);GATE
Port:(458.5, 169.0)(646.5, 169.0)(646.5, 179.0)(458.5, 179.0);SD
Port:(444.0, 30.0)(555.5, 30.0)(555.5, 92.4)(661.0, 92.4)(661.0, 164.0)(444.0, 164.0);GATE
Port:(454.0, 35.0)(541.0, 35.0)(541.0, 39.0)(454.0, 39.0);SD
Module:M7
Boundary:(1552.0, 20.0)(1552.0, 96.0)(1544.0, 96.0)(1544.0, 111.0)(1476.0, 111.0)(1476.0, 20.0);GATE
Port:(1476.0, 34.5)(1486.0, 34.5)(1486.0, 96.5)(1476.0, 96.5);SD
Port:(1552.0, 20.0)(1552.0, 96.0)(1544.0, 96.0)(1544.0, 111.0)(1491.0, 111.0)(1491.0, 20.0);GATE
Port:(1543.0, 30.0)(1547.0, 30.0)(1547.0, 81.0)(1543.0, 81.0);SD
Module:M31
Boundary:(1887.0, 223.0)(1887.0, 296.0)(1821.0, 296.0)(1821.0, 223.0);GATE
Port:(1821.0, 237.5)(1831.0, 237.5)(1831.0, 281.5)(1821.0, 281.5);SD
Port:(1887.0, 223.0)(1887.0, 296.0)(1836.0, 296.0)(1836.0, 223.0);GATE
Port:(1878.0, 233.0)(1882.0, 233.0)(1882.0, 286.0)(1878.0, 286.0);SD
Module:M3
Boundary:(207.0, 151.0)(207.0, 262.5)(195.0, 262.5)(195.0, 278.0)(20.0, 278.0)(20.0, 151.0);GATE
Port:(20.0, 165.5)(30.0, 165.5)(30.0, 263.5)(20.0, 263.5);SD
Port:(207.0, 151.0)(207.0, 262.5)(195.0, 262.5)(195.0, 278.0)(35.0, 278.0)(35.0, 151.0);GATE
Port:(198.0, 161.0)(202.0, 161.0)(202.0, 248.0)(198.0, 248.0);SD
Module:M26
Boundary:(1664.0, 461.0)(1793.5, 461.0)(1793.5, 564.7)(1881.0, 564.7)(1881.0, 658.0)(1664.0, 658.0);GATE
Port:(1678.5, 648.0)(1866.5, 648.0)(1866.5, 658.0)(1678.5, 658.0);SD
Port:(1664.0, 461.0)(1793.5, 461.0)(1793.5, 564.7)(1881.0, 564.7)(1881.0, 643.0)(1664.0, 643.0);GATE
Port:(1674.0, 466.0)(1779.0, 466.0)(1779.0, 470.0)(1674.0, 470.0);SD
Module:M23
Boundary:(593.0, 432.0)(593.0, 505.0)(432.0, 505.0)(432.0, 432.0);GATE
Port:(432.0, 446.5)(442.0, 446.5)(442.0, 490.5)(432.0, 490.5);SD
Port:(593.0, 432.0)(593.0, 505.0)(447.0, 505.0)(447.0, 432.0);GATE
Port:(584.0, 442.0)(588.0, 442.0)(588.0, 495.0)(584.0, 495.0);SD
Module:M18
Boundary:(1044.0, 20.0)(1044.0, 167.5)(1028.0, 167.5)(1028.0, 183.0)(844.0, 183.0)(844.0, 20.0);GATE
Port:(844.0, 34.5)(854.0, 34.5)(854.0, 168.5)(844.0, 168.5);SD
Port:(1044.0, 20.0)(1044.0, 167.5)(1028.0, 167.5)(1028.0, 183.0)(859.0, 183.0)(859.0, 20.0);GATE
Port:(1035.0, 30.0)(1039.0, 30.0)(1039.0, 153.0)(1035.0, 153.0);SD
Module:M20
Boundary:(1431.0, 186.0)(1431.0, 279.5)(1421.0, 279.5)(1421.0, 295.0)(1235.0, 295.0)(1235.0, 186.0);GATE
Port:(1235.0, 200.5)(1245.0, 200.5)(1245.0, 280.5)(1235.0, 280.5);SD
Port:(1431.0, 186.0)(1431.0, 279.5)(1421.0, 279.5)(1421.0, 295.0)(1250.0, 295.0)(1250.0, 186.0);GATE
Port:(1422.0, 196.0)(1426.0, 196.0)(1426.0, 265.0)(1422.0, 265.0);SD
Module:M15
Boundary:(1776.0, 20.0)(1776.0, 113.5)(1766.0, 113.5)(1766.0, 129.0)(1698.0, 129.0)(1698.0, 20.0);GATE
Port:(1698.0, 34.5)(1708.0, 34.5)(1708.0, 114.5)(1698.0, 114.5);SD
Port:(1776.0, 20.0)(1776.0, 113.5)(1766.0, 113.5)(1766.0, 129.0)(1713.0, 129.0)(1713.0, 20.0);GATE
Port:(1767.0, 30.0)(1771.0, 30.0)(1771.0, 99.0)(1767.0, 99.0);SD
Module:M12
Boundary:(803.0, 229.0)(803.0, 358.5)(733.2, 358.5)(733.2, 428.0)(642.0, 428.0)(642.0, 229.0);GATE
Port:(642.0, 243.5)(652.0, 243.5)(652.0, 413.5)(642.0, 413.5);SD
Port:(803.0, 229.0)(803.0, 358.5)(733.2, 358.5)(733.2, 428.0)(657.0, 428.0)(657.0, 229.0);GATE
Port:(794.0, 239.0)(798.0, 239.0)(798.0, 344.0)(794.0, 344.0);SD
Module:M39
Boundary:(1890.0, 336.0)(1890.0, 409.0)(1792.0, 409.0)(1792.0, 336.0);GATE
Port:(1792.0, 350.5)(1802.0, 350.5)(1802.0, 394.5)(1792.0, 394.5);SD
Port:(1890.0, 336.0)(1890.0, 409.0)(1807.0, 409.0)(1807.0, 336.0);GATE
Port:(1881.0, 346.0)(1885.0, 346.0)(1885.0, 399.0)(1881.0, 399.0);SD
Module:M8
Boundary:(394.0, 20.0)(394.0, 95.5)(336.8, 95.5)(336.8, 165.0)(255.0, 165.0)(255.0, 20.0);GATE
Port:(255.0, 34.5)(265.0, 34.5)(265.0, 150.5)(255.0, 150.5);SD
Port:(394.0, 20.0)(394.0, 95.5)(336.8, 95.5)(336.8, 165.0)(270.0, 165.0)(270.0, 20.0);GATE
Port:(385.0, 30.0)(389.0, 30.0)(389.0, 81.0)(385.0, 81.0);SD
Module:M4
Boundary:(843.0, 324.0)(936.5, 324.0)(936.5, 334.0)(952.0, 334.0)(952.0, 436.0)(843.0, 436.0);GATE
Port:(857.5, 426.0)(937.5, 426.0)(937.5, 436.0)(857.5, 436.0);SD
Port:(843.0, 324.0)(936.5, 324.0)(936.5, 334.0)(952.0, 334.0)(952.0, 421.0)(843.0, 421.0);GATE
Port:(853.0, 329.0)(922.0, 329.0)(922.0, 333.0)(853.0, 333.0);SD
Module:M36
Boundary:(205.0, 597.0)(316.5, 597.0)(316.5, 609.0)(332.0, 609.0)(332.0, 671.0)(205.0, 671.0);GATE
Port:(219.5, 661.0)(317.5, 661.0)(317.5, 671.0)(219.5, 671.0);SD
Port:(205.0, 597.0)(316.5, 597.0)(316.5, 609.0)(332.0, 609.0)(332.0, 656.0)(205.0, 656.0);GATE
Port:(215.0, 602.0)(302.0, 602.0)(302.0, 606.0)(215.0, 606.0);SD
Module:M33
Boundary:(992.0, 223.0)(1103.5, 223.0)(1103.5, 269.7)(1173.0, 269.7)(1173.0, 339.0)(992.0, 339.0);GATE
Port:(1006.5, 329.0)(1158.5, 329.0)(1158.5, 339.0)(1006.5, 339.0);SD
Port:(992.0, 223.0)(1103.5, 223.0)(1103.5, 269.7)(1173.0, 269.7)(1173.0, 324.0)(992.0, 324.0);GATE
Port:(1002.0, 228.0)(1089.0, 228.0)(1089.0, 232.0)(1002.0, 232.0);SD
Module:M28
Boundary:(1781.0, 169.0)(1781.0, 245.0)(1773.0, 245.0)(1773.0, 260.0)(1609.0, 260.0)(1609.0, 169.0);GATE
Port:(1609.0, 183.5)(1619.0, 183.5)(1619.0, 245.5)(1609.0, 245.5);SD
Port:(1781.0, 169.0)(1781.0, 245.0)(1773.0, 245.0)(1773.0, 260.0)(1624.0, 260.0)(1624.0, 169.0);GATE
Port:(1772.0, 179.0)(1776.0, 179.0)(1776.0, 230.0)(1772.0, 230.0);SD
Module:M30
Boundary:(1486.0, 161.0)(1559.0, 161.0)(1559.0, 310.0)(1486.0, 310.0);GATE
Port:(1500.5, 300.0)(1544.5, 300.0)(1544.5, 310.0)(1500.5, 310.0);SD
Port:(1486.0, 161.0)(1559.0, 161.0)(1559.0, 295.0)(1486.0, 295.0);GATE
Port:(1496.0, 166.0)(1549.0, 166.0)(1549.0, 170.0)(1496.0, 170.0);SD
Module:M25
Boundary:(1331.0, 576.0)(1442.5, 576.0)(1442.5, 589.0)(1458.0, 589.0)(1458.0, 655.0)(1331.0, 655.0);GATE
Port:(1345.5, 645.0)(1443.5, 645.0)(1443.5, 655.0)(1345.5, 655.0);SD
Port:(1331.0, 576.0)(1442.5, 576.0)(1442.5, 589.0)(1458.0, 589.0)(1458.0, 640.0)(1331.0, 640.0);GATE
Port:(1341.0, 581.0)(1428.0, 581.0)(1428.0, 585.0)(1341.0, 585.0);SD
Module:M22
Boundary:(1245.0, 30.0)(1338.5, 30.0)(1338.5, 78.2)(1426.0, 78.2)(1426.0, 136.0)(1245.0, 136.0);GATE
Port:(1259.5, 126.0)(1411.5, 126.0)(1411.5, 136.0)(1259.5, 136.0);SD
Port:(1245.0, 30.0)(1338.5, 30.0)(1338.5, 78.2)(1426.0, 78.2)(1426.0, 121.0)(1245.0, 121.0);GATE
Port:(1255.0, 35.0)(1324.0, 35.0)(1324.0, 39.0)(1255.0, 39.0);SD
Module:M17
Boundary:(20.0, 318.0)(167.5, 318.0)(167.5, 394.2)(201.0, 394.2)(201.0, 484.0)(20.0, 484.0);GATE
Port:(34.5, 474.0)(186.5, 474.0)(186.5, 484.0)(34.5, 484.0);SD
Port:(20.0, 318.0)(167.5, 318.0)(167.5, 394.2)(201.0, 394.2)(201.0, 469.0)(20.0, 469.0);GATE
Port:(30.0, 323.0)(153.0, 323.0)(153.0, 327.0)(30.0, 327.0);SD
