Area:(6.5, 15.9)(275.8, 15.9)(275.8, 736.5)(6.5, 736.5)
Rule:GATE(5,5);SD(5,5);GATE_SD(0.5);GATE_ITO(0.5);SD_ITO(0.5)
Module:M4
Boundary:(56.2, 55.9)(56.2, 167.4)(68.2, 167.4)(68.2, 182.9)(198.2, 182.9)(198.2, 55.9);GATE
Port:(188.2, 70.4)(198.2, 70.4)(198.2, 168.4)(188.2, 168.4);SD
Port:(56.2, 55.9)(56.2, 167.4)(68.2, 167.4)(68.2, 182.9)(183.2, 182.9)(183.2, 55.9);GATE
Port:(61.2, 65.9)(65.2, 65.9)(65.2, 152.9)(61.2, 152.9);SD
Module:M3
Boundary:(137.5, 350.0)(61.5, 350.0)(61.5, 342.0)(46.5, 342.0)(46.5, 195.0)(137.5, 195.0);GATE
Port:(61.0, 195.0)(123.0, 195.0)(123.0, 205.0)(61.0, 205.0);SD
Port:(137.5, 350.0)(61.5, 350.0)(61.5, 342.0)(46.5, 342.0)(46.5, 210.0)(137.5, 210.0);GATE
Port:(76.5, 341.0)(127.5, 341.0)(127.5, 345.0)(76.5, 345.0);SD
Module:M2
Boundary:(143.5, 191.7)(219.5, 191.7)(219.5, 199.7)(234.5, 199.7)(234.5, 355.7)(143.5, 355.7);GATE
Port:(158.0, 345.7)(220.0, 345.7)(220.0, 355.7)(158.0, 355.7);SD
Port:(143.5, 191.7)(219.5, 191.7)(219.5, 199.7)(234.5, 199.7)(234.5, 340.7)(143.5, 340.7);GATE
Port:(153.5, 196.7)(204.5, 196.7)(204.5, 200.7)(153.5, 200.7);SD
Module:M1
Boundary:(224.8, 359.6)(224.8, 471.1)(212.8, 471.1)(212.8, 486.6)(62.8, 486.6)(62.8, 359.6);GATE
Port:(62.8, 374.1)(72.8, 374.1)(72.8, 472.1)(62.8, 472.1);SD
Port:(224.8, 359.6)(224.8, 471.1)(212.8, 471.1)(212.8, 486.6)(77.8, 486.6)(77.8, 359.6);GATE
Port:(215.8, 369.6)(219.8, 369.6)(219.8, 456.6)(215.8, 456.6);SD
Module:M5
Boundary:(235.8, 533.5)(235.8, 645.0)(178.2, 645.0)(178.2, 696.5)(47.8, 696.5)(47.8, 533.5);GATE
Port:(47.8, 548.0)(57.8, 548.0)(57.8, 682.0)(47.8, 682.0);SD
Port:(235.8, 533.5)(235.8, 645.0)(178.2, 645.0)(178.2, 696.5)(62.8, 696.5)(62.8, 533.5);GATE
Port:(226.8, 543.5)(230.8, 543.5)(230.8, 630.5)(226.8, 630.5);SD
