Area:(-20.0, -20.0)(340.6, -20.0)(340.6, 958.9)(-20.0, 958.9)
Rule:GATE(5,5);SD(5,5);GATE_SD(0.5);GATE_ITO(0.5);SD_ITO(0.5)
Module:M9
Boundary:(264.1, 600.8)(264.1, 667.4)(137.0, 667.4)(137.0, 600.8);GATE
Port:(137.0, 614.4)(141.5, 614.4)(141.5, 653.8)(137.0, 653.8);SD
Port:(264.1, 600.8)(264.1, 667.4)(143.0, 667.4)(143.0, 600.8);GATE
Port:(252.1, 607.0)(258.9, 607.0)(258.9, 661.2)(252.1, 661.2);SD
Module:M5
Boundary:(30.0, 308.1)(91.0, 308.1)(91.0, 308.3)(105.1, 308.3)(105.1, 501.2)(30.0, 501.2);GATE
Port:(42.7, 495.3)(92.4, 495.3)(92.4, 501.2)(42.7, 501.2);SD
Port:(30.0, 308.1)(91.0, 308.1)(91.0, 308.3)(105.1, 308.3)(105.1, 492.7)(30.0, 492.7);GATE
Port:(36.4, 313.5)(84.6, 313.5)(84.6, 319.0)(36.4, 319.0);SD
Module:M1
Boundary:(155.1, 381.3)(250.7, 381.3)(250.7, 381.7)(266.3, 381.7)(266.3, 560.8)(155.1, 560.8);GATE
Port:(168.1, 556.5)(253.3, 556.5)(253.3, 560.8)(168.1, 560.8);SD
Port:(155.1, 381.3)(250.7, 381.3)(250.7, 381.7)(266.3, 381.7)(266.3, 555.4)(155.1, 555.4);GATE
Port:(160.2, 385.4)(245.6, 385.4)(245.6, 392.2)(160.2, 392.2);SD
Module:M6
Boundary:(231.4, 127.3)(284.0, 127.3)(284.0, 240.4)(300.6, 240.4)(300.6, 341.3)(231.4, 341.3);GATE
Port:(244.6, 335.9)(287.4, 335.9)(287.4, 341.3)(244.6, 341.3);SD
Port:(231.4, 127.3)(284.0, 127.3)(284.0, 240.4)(300.6, 240.4)(300.6, 334.1)(231.4, 334.1);GATE
Port:(237.7, 132.6)(276.7, 132.6)(276.7, 137.1)(237.7, 137.1);SD
Module:M2
Boundary:(97.0, 551.2)(97.0, 645.9)(71.0, 645.9)(71.0, 659.9)(20.0, 659.9)(20.0, 551.2);GATE
Port:(20.0, 564.4)(25.1, 564.4)(25.1, 646.7)(20.0, 646.7);SD
Port:(97.0, 551.2)(97.0, 645.9)(71.0, 645.9)(71.0, 659.9)(27.3, 659.9)(27.3, 551.2);GATE
Port:(85.5, 556.7)(92.5, 556.7)(92.5, 639.4)(85.5, 639.4);SD
Module:M10
Boundary:(30.0, 30.0)(109.6, 30.0)(109.6, 45.5)(123.4, 45.5)(123.4, 106.9)(30.0, 106.9);GATE
Port:(43.3, 101.0)(110.1, 101.0)(110.1, 106.9)(43.3, 106.9);SD
Port:(30.0, 30.0)(109.6, 30.0)(109.6, 45.5)(123.4, 45.5)(123.4, 100.0)(30.0, 100.0);GATE
Port:(35.9, 34.9)(102.7, 34.9)(102.7, 41.6)(35.9, 41.6);SD
Module:M7
Boundary:(201.1, 811.1)(201.1, 903.5)(200.6, 903.5)(200.6, 918.9)(20.0, 918.9)(20.0, 811.1);GATE
Port:(20.0, 822.6)(24.9, 822.6)(24.9, 907.4)(20.0, 907.4);SD
Port:(201.1, 811.1)(201.1, 903.5)(200.6, 903.5)(200.6, 918.9)(27.5, 918.9)(27.5, 811.1);GATE
Port:(191.4, 816.6)(196.6, 816.6)(196.6, 898.0)(191.4, 898.0);SD
Module:M3
Boundary:(191.4, 156.9)(191.4, 241.4)(191.3, 241.4)(191.3, 258.1)(20.0, 258.1)(20.0, 156.9);GATE
Port:(20.0, 170.1)(24.3, 170.1)(24.3, 244.9)(20.0, 244.9);SD
Port:(191.4, 156.9)(191.4, 241.4)(191.3, 241.4)(191.3, 258.1)(25.3, 258.1)(25.3, 156.9);GATE
Port:(180.5, 163.5)(185.8, 163.5)(185.8, 234.8)(180.5, 234.8);SD
Module:M8
Boundary:(220.8, 707.4)(220.8, 757.0)(167.4, 757.0)(167.4, 771.1)(20.0, 771.1)(20.0, 707.4);GATE
Port:(20.0, 721.1)(24.5, 721.1)(24.5, 757.4)(20.0, 757.4);SD
Port:(220.8, 707.4)(220.8, 757.0)(167.4, 757.0)(167.4, 771.1)(25.7, 771.1)(25.7, 707.4);GATE
Port:(210.1, 713.2)(216.0, 713.2)(216.0, 750.2)(210.1, 750.2);SD
Module:M4
Boundary:(300.1, 20.0)(300.1, 71.9)(259.5, 71.9)(259.5, 87.3)(173.4, 87.3)(173.4, 20.0);GATE
Port:(173.4, 34.2)(178.4, 34.2)(178.4, 73.1)(173.4, 73.1);SD
Port:(300.1, 20.0)(300.1, 71.9)(259.5, 71.9)(259.5, 87.3)(179.7, 87.3)(179.7, 20.0);GATE
Port:(289.2, 25.6)(295.5, 25.6)(295.5, 65.3)(289.2, 65.3);SD
