Area:(-5.4, 7.1)(722.6, 7.1)(722.6, 741.8)(-5.4, 741.8)
Rule:GATE(5,5);SD(5,5);GATE_SD(0.5);GATE_ITO(0.5);SD_ITO(0.5)
Module:M16
Boundary:(359.6, 140.9)(359.6, 67.9)(530.6, 67.9)(530.6, 140.9);GATE
Port:(520.6, 82.4)(530.6, 82.4)(530.6, 126.4)(520.6, 126.4);SD
Port:(359.6, 140.9)(359.6, 67.9)(515.6, 67.9)(515.6, 140.9);GATE
Port:(364.6, 77.9)(368.6, 77.9)(368.6, 130.9)(364.6, 130.9);SD
Module:M6
Boundary:(187.0, 125.1)(298.5, 125.1)(298.5, 113.1)(314.0, 113.1)(314.0, 47.1)(187.0, 47.1);GATE
Port:(201.5, 47.1)(299.5, 47.1)(299.5, 57.1)(201.5, 57.1);SD
Port:(187.0, 125.1)(298.5, 125.1)(298.5, 113.1)(314.0, 113.1)(314.0, 62.1)(187.0, 62.1);GATE
Port:(197.0, 116.1)(284.0, 116.1)(284.0, 120.1)(197.0, 120.1);SD
Module:M8
Boundary:(51.3, 175.2)(162.8, 175.2)(162.8, 163.2)(178.3, 163.2)(178.3, 60.2)(51.3, 60.2);GATE
Port:(65.8, 60.2)(163.8, 60.2)(163.8, 70.2)(65.8, 70.2);SD
Port:(51.3, 175.2)(162.8, 175.2)(162.8, 163.2)(178.3, 163.2)(178.3, 75.2)(51.3, 75.2);GATE
Port:(61.3, 166.2)(148.3, 166.2)(148.3, 170.2)(61.3, 170.2);SD
Module:M9
Boundary:(555.6, 108.0)(667.1, 108.0)(667.1, 120.0)(682.6, 120.0)(682.6, 274.0)(555.6, 274.0);GATE
Port:(570.1, 264.0)(668.1, 264.0)(668.1, 274.0)(570.1, 274.0);SD
Port:(555.6, 108.0)(667.1, 108.0)(667.1, 120.0)(682.6, 120.0)(682.6, 259.0)(555.6, 259.0);GATE
Port:(565.6, 113.0)(652.6, 113.0)(652.6, 117.0)(565.6, 117.0);SD
Module:M7
Boundary:(484.2, 346.3)(484.2, 198.8)(468.3, 198.8)(468.3, 183.3)(418.2, 183.3)(418.2, 346.3);GATE
Port:(418.2, 197.8)(428.2, 197.8)(428.2, 331.8)(418.2, 331.8);SD
Port:(484.2, 346.3)(484.2, 198.8)(468.3, 198.8)(468.3, 183.3)(433.2, 183.3)(433.2, 346.3);GATE
Port:(475.2, 213.3)(479.2, 213.3)(479.2, 336.3)(475.2, 336.3);SD
Module:M1
Boundary:(235.0, 311.0)(235.0, 163.5)(251.0, 163.5)(251.0, 148.0)(376.0, 148.0)(376.0, 311.0);GATE
Port:(366.0, 162.5)(376.0, 162.5)(376.0, 296.5)(366.0, 296.5);SD
Port:(235.0, 311.0)(235.0, 163.5)(251.0, 163.5)(251.0, 148.0)(361.0, 148.0)(361.0, 311.0);GATE
Port:(240.0, 178.0)(244.0, 178.0)(244.0, 301.0)(240.0, 301.0);SD
Module:M2
Boundary:(662.8, 371.6)(662.8, 295.6)(654.7, 295.6)(654.7, 280.6)(493.8, 280.6)(493.8, 371.6);GATE
Port:(493.8, 295.1)(503.8, 295.1)(503.8, 357.1)(493.8, 357.1);SD
Port:(662.8, 371.6)(662.8, 295.6)(654.7, 295.6)(654.7, 280.6)(508.8, 280.6)(508.8, 371.6);GATE
Port:(653.8, 310.6)(657.8, 310.6)(657.8, 361.6)(653.8, 361.6);SD
Module:M14
Boundary:(38.0, 185.0)(149.5, 185.0)(149.5, 262.8)(183.0, 262.8)(183.0, 358.0)(38.0, 358.0);GATE
Port:(52.5, 348.0)(168.5, 348.0)(168.5, 358.0)(52.5, 358.0);SD
Port:(38.0, 185.0)(149.5, 185.0)(149.5, 262.8)(183.0, 262.8)(183.0, 343.0)(38.0, 343.0);GATE
Port:(48.0, 190.0)(135.0, 190.0)(135.0, 194.0)(48.0, 194.0);SD
Module:M4
Boundary:(45.9, 381.6)(139.4, 381.6)(139.4, 435.6)(244.9, 435.6)(244.9, 473.6)(45.9, 473.6);GATE
Port:(60.4, 463.6)(230.4, 463.6)(230.4, 473.6)(60.4, 473.6);SD
Port:(45.9, 381.6)(139.4, 381.6)(139.4, 435.6)(244.9, 435.6)(244.9, 458.6)(45.9, 458.6);GATE
Port:(55.9, 386.6)(124.9, 386.6)(124.9, 390.6)(55.9, 390.6);SD
Module:M11
Boundary:(668.5, 524.9)(668.5, 395.4)(654.4, 395.4)(654.4, 379.9)(471.4, 379.9)(471.4, 524.9);GATE
Port:(471.4, 394.4)(481.4, 394.4)(481.4, 510.4)(471.4, 510.4);SD
Port:(668.5, 524.9)(668.5, 395.4)(654.4, 395.4)(654.4, 379.9)(486.4, 379.9)(486.4, 524.9);GATE
Port:(659.5, 409.9)(663.5, 409.9)(663.5, 514.9)(659.5, 514.9);SD
Module:M10
Boundary:(368.2, 361.0)(292.2, 361.0)(292.2, 369.0)(277.2, 369.0)(277.2, 511.0)(368.2, 511.0);GATE
Port:(291.7, 501.0)(353.7, 501.0)(353.7, 511.0)(291.7, 511.0);SD
Port:(368.2, 361.0)(292.2, 361.0)(292.2, 369.0)(277.2, 369.0)(277.2, 496.0)(368.2, 496.0);GATE
Port:(307.2, 366.0)(358.2, 366.0)(358.2, 370.0)(307.2, 370.0);SD
Module:M15
Boundary:(446.0, 524.0)(446.0, 376.5)(430.0, 376.5)(430.0, 361.0)(375.0, 361.0)(375.0, 524.0);GATE
Port:(375.0, 375.5)(385.0, 375.5)(385.0, 509.5)(375.0, 509.5);SD
Port:(446.0, 524.0)(446.0, 376.5)(430.0, 376.5)(430.0, 361.0)(390.0, 361.0)(390.0, 524.0);GATE
Port:(437.0, 391.0)(441.0, 391.0)(441.0, 514.0)(437.0, 514.0);SD
Module:M13
Boundary:(360.8, 551.0)(284.8, 551.0)(284.8, 559.0)(269.8, 559.0)(269.8, 655.0)(360.8, 655.0);GATE
Port:(284.3, 645.0)(346.3, 645.0)(346.3, 655.0)(284.3, 655.0);SD
Port:(360.8, 551.0)(284.8, 551.0)(284.8, 559.0)(269.8, 559.0)(269.8, 640.0)(360.8, 640.0);GATE
Port:(299.8, 556.0)(350.8, 556.0)(350.8, 560.0)(299.8, 560.0);SD
Module:M3
Boundary:(373.5, 667.8)(373.5, 556.3)(385.5, 556.3)(385.5, 540.8)(473.5, 540.8)(473.5, 667.8);GATE
Port:(463.5, 555.3)(473.5, 555.3)(473.5, 653.3)(463.5, 653.3);SD
Port:(373.5, 667.8)(373.5, 556.3)(385.5, 556.3)(385.5, 540.8)(458.5, 540.8)(458.5, 667.8);GATE
Port:(378.5, 570.8)(382.5, 570.8)(382.5, 657.8)(378.5, 657.8);SD
Module:M5
Boundary:(229.6, 485.8)(229.6, 633.3)(213.6, 633.3)(213.6, 648.8)(34.6, 648.8)(34.6, 485.8);GATE
Port:(34.6, 500.3)(44.6, 500.3)(44.6, 634.3)(34.6, 634.3);SD
Port:(229.6, 485.8)(229.6, 633.3)(213.6, 633.3)(213.6, 648.8)(49.6, 648.8)(49.6, 485.8);GATE
Port:(220.6, 495.8)(224.6, 495.8)(224.6, 618.8)(220.6, 618.8);SD
Module:M12
Boundary:(486.3, 540.8)(597.8, 540.8)(597.8, 589.3)(649.3, 589.3)(649.3, 701.8)(486.3, 701.8);GATE
Port:(500.8, 691.8)(634.8, 691.8)(634.8, 701.8)(500.8, 701.8);SD
Port:(486.3, 540.8)(597.8, 540.8)(597.8, 589.3)(649.3, 589.3)(649.3, 686.8)(486.3, 686.8);GATE
Port:(496.3, 545.8)(583.3, 545.8)(583.3, 549.8)(496.3, 549.8);SD
