Area:(-13.2, 1.7)(317.8, 1.7)(317.8, 399.2)(-13.2, 399.2)
Rule:GATE(5,5);SD(5,5);GATE_SD(0.5);GATE_ITO(0.5);SD_ITO(0.5)
Module:M2
Boundary:(269.6, 41.7)(269.6, 108.4)(269.3, 108.4)(269.3, 124.3)(172.7, 124.3)(172.7, 41.7);GATE
Port:(172.7, 55.9)(176.8, 55.9)(176.8, 110.1)(172.7, 110.1);SD
Port:(269.6, 41.7)(269.6, 108.4)(269.3, 108.4)(269.3, 124.3)(178.9, 124.3)(178.9, 41.7);GATE
Port:(257.8, 48.6)(263.7, 48.6)(263.7, 101.5)(257.8, 101.5);SD
Module:M4
Boundary:(156.0, 44.6)(156.0, 121.4)(82.8, 121.4)(82.8, 139.4)(26.8, 139.4)(26.8, 44.6);GATE
Port:(26.8, 59.5)(30.9, 59.5)(30.9, 124.5)(26.8, 124.5);SD
Port:(156.0, 44.6)(156.0, 121.4)(82.8, 121.4)(82.8, 139.4)(33.5, 139.4)(33.5, 44.6);GATE
Port:(144.5, 51.1)(150.5, 51.1)(150.5, 113.9)(144.5, 113.9);SD
Module:M3
Boundary:(45.7, 147.4)(78.1, 147.4)(78.1, 147.5)(93.3, 147.5)(93.3, 243.6)(45.7, 243.6);GATE
Port:(58.5, 238.1)(80.5, 238.1)(80.5, 243.6)(58.5, 243.6);SD
Port:(45.7, 147.4)(78.1, 147.4)(78.1, 147.5)(93.3, 147.5)(93.3, 236.2)(45.7, 236.2);GATE
Port:(51.9, 152.6)(71.9, 152.6)(71.9, 158.4)(51.9, 158.4);SD
Module:M1
Boundary:(277.8, 147.8)(277.8, 239.1)(277.6, 239.1)(277.6, 256.8)(98.4, 256.8)(98.4, 147.8);GATE
Port:(98.4, 163.7)(102.6, 163.7)(102.6, 240.9)(98.4, 240.9);SD
Port:(277.8, 147.8)(277.8, 239.1)(277.6, 239.1)(277.6, 256.8)(105.6, 256.8)(105.6, 147.8);GATE
Port:(265.2, 154.1)(272.5, 154.1)(272.5, 232.8)(265.2, 232.8);SD
Module:M5
Boundary:(60.6, 264.9)(60.6, 343.2)(60.6, 343.2)(60.6, 359.2)(254.1, 359.2)(254.1, 264.9);GATE
Port:(249.7, 276.5)(254.1, 276.5)(254.1, 347.6)(249.7, 347.6);SD
Port:(60.6, 264.9)(60.6, 343.2)(60.6, 343.2)(60.6, 359.2)(247.0, 359.2)(247.0, 264.9);GATE
Port:(65.0, 270.3)(69.3, 270.3)(69.3, 337.8)(65.0, 337.8);SD
