Area:(-20.0, 21.1)(400.7, 21.1)(400.7, 1031.4)(-20.0, 1031.4)
Rule:GATE(5,5);SD(5,5);GATE_SD(0.5);GATE_ITO(0.5);SD_ITO(0.5)
Module:M16
Boundary:(186.8, 158.2)(186.8, 85.0)(186.6, 85.0)(186.6, 67.6)(32.0, 67.6)(32.0, 158.2);GATE
Port:(32.0, 83.0)(36.1, 83.0)(36.1, 142.8)(32.0, 142.8);SD
Port:(186.8, 158.2)(186.8, 85.0)(186.6, 85.0)(186.6, 67.6)(37.4, 67.6)(37.4, 158.2);GATE
Port:(174.0, 91.6)(181.2, 91.6)(181.2, 151.6)(174.0, 151.6);SD
Module:M10
Boundary:(348.3, 184.1)(348.3, 77.7)(304.4, 77.7)(304.4, 61.1)(213.1, 61.1)(213.1, 184.1);GATE
Port:(213.1, 74.7)(218.6, 74.7)(218.6, 170.5)(213.1, 170.5);SD
Port:(348.3, 184.1)(348.3, 77.7)(304.4, 77.7)(304.4, 61.1)(221.1, 61.1)(221.1, 184.1);GATE
Port:(337.4, 83.9)(344.1, 83.9)(344.1, 178.9)(337.4, 178.9);SD
Module:M11
Boundary:(188.4, 239.2)(188.4, 190.1)(359.3, 190.1)(359.3, 239.2);GATE
Port:(355.0, 202.7)(359.3, 202.7)(359.3, 226.6)(355.0, 226.6);SD
Port:(188.4, 239.2)(188.4, 190.1)(352.9, 190.1)(352.9, 239.2);GATE
Port:(193.2, 195.9)(198.0, 195.9)(198.0, 233.4)(193.2, 233.4);SD
Module:M6
Boundary:(182.4, 188.9)(182.4, 283.9)(150.8, 283.9)(150.8, 298.3)(54.0, 298.3)(54.0, 188.9);GATE
Port:(54.0, 201.9)(58.0, 201.9)(58.0, 285.3)(54.0, 285.3);SD
Port:(182.4, 188.9)(182.4, 283.9)(150.8, 283.9)(150.8, 298.3)(59.9, 298.3)(59.9, 188.9);GATE
Port:(171.6, 194.5)(177.8, 194.5)(177.8, 277.3)(171.6, 277.3);SD
Module:M9
Boundary:(211.1, 300.0)(211.1, 379.0)(20.0, 379.0)(20.0, 300.0);GATE
Port:(20.0, 314.8)(24.0, 314.8)(24.0, 364.2)(20.0, 364.2);SD
Port:(211.1, 300.0)(211.1, 379.0)(27.0, 379.0)(27.0, 300.0);GATE
Port:(198.4, 306.8)(205.3, 306.8)(205.3, 372.2)(198.4, 372.2);SD
Module:M1
Boundary:(218.5, 307.4)(314.7, 307.4)(314.7, 462.0)(218.5, 462.0);GATE
Port:(229.3, 456.6)(303.9, 456.6)(303.9, 462.0)(229.3, 462.0);SD
Port:(218.5, 307.4)(314.7, 307.4)(314.7, 454.7)(218.5, 454.7);GATE
Port:(223.7, 311.6)(309.5, 311.6)(309.5, 316.6)(223.7, 316.6);SD
Module:M7
Boundary:(20.0, 489.3)(67.9, 489.3)(67.9, 489.0)(83.9, 489.0)(83.9, 419.0)(20.0, 419.0);GATE
Port:(32.7, 419.0)(71.2, 419.0)(71.2, 423.6)(32.7, 423.6);SD
Port:(20.0, 489.3)(67.9, 489.3)(67.9, 489.0)(83.9, 489.0)(83.9, 425.6)(20.0, 425.6);GATE
Port:(25.4, 479.7)(62.5, 479.7)(62.5, 484.9)(25.4, 484.9);SD
Module:M15
Boundary:(134.6, 597.1)(191.9, 597.1)(191.9, 597.1)(205.6, 597.1)(205.6, 419.0)(134.6, 419.0);GATE
Port:(146.4, 419.0)(193.7, 419.0)(193.7, 424.2)(146.4, 424.2);SD
Port:(134.6, 597.1)(191.9, 597.1)(191.9, 597.1)(205.6, 597.1)(205.6, 426.2)(134.6, 426.2);GATE
Port:(140.7, 587.3)(185.8, 587.3)(185.8, 592.0)(140.7, 592.0);SD
Module:M14
Boundary:(360.7, 478.5)(280.5, 478.5)(280.5, 512.0)(266.6, 512.0)(266.6, 670.1)(360.7, 670.1);GATE
Port:(280.0, 665.3)(347.3, 665.3)(347.3, 670.1)(280.0, 670.1);SD
Port:(360.7, 478.5)(280.5, 478.5)(280.5, 512.0)(266.6, 512.0)(266.6, 663.4)(360.7, 663.4);GATE
Port:(288.1, 484.1)(354.1, 484.1)(354.1, 490.1)(288.1, 490.1);SD
Module:M4
Boundary:(216.6, 690.7)(216.6, 646.7)(166.5, 646.7)(166.5, 634.9)(119.9, 634.9)(119.9, 690.7);GATE
Port:(119.9, 646.8)(125.4, 646.8)(125.4, 678.8)(119.9, 678.8);SD
Port:(216.6, 690.7)(216.6, 646.7)(166.5, 646.7)(166.5, 634.9)(128.4, 634.9)(128.4, 690.7);GATE
Port:(206.4, 653.5)(211.8, 653.5)(211.8, 684.9)(206.4, 684.9);SD
Module:M12
Boundary:(20.0, 508.9)(66.4, 508.9)(66.4, 613.8)(79.9, 613.8)(79.9, 708.1)(20.0, 708.1);GATE
Port:(31.5, 702.9)(68.4, 702.9)(68.4, 708.1)(31.5, 708.1);SD
Port:(20.0, 508.9)(66.4, 508.9)(66.4, 613.8)(79.9, 613.8)(79.9, 701.3)(20.0, 701.3);GATE
Port:(26.6, 514.5)(58.8, 514.5)(58.8, 518.6)(26.6, 518.6);SD
Module:M13
Boundary:(159.8, 723.8)(244.8, 723.8)(244.8, 723.9)(261.3, 723.9)(261.3, 862.0)(159.8, 862.0);GATE
Port:(173.8, 857.9)(247.3, 857.9)(247.3, 862.0)(173.8, 862.0);SD
Port:(159.8, 723.8)(244.8, 723.8)(244.8, 723.9)(261.3, 723.9)(261.3, 856.4)(159.8, 856.4);GATE
Port:(166.2, 729.2)(238.4, 729.2)(238.4, 735.7)(166.2, 735.7);SD
Module:M8
Boundary:(132.1, 750.3)(132.1, 845.3)(110.5, 845.3)(110.5, 862.5)(31.3, 862.5)(31.3, 750.3);GATE
Port:(31.3, 766.7)(37.1, 766.7)(37.1, 846.1)(31.3, 846.1);SD
Port:(132.1, 750.3)(132.1, 845.3)(110.5, 845.3)(110.5, 862.5)(39.4, 862.5)(39.4, 750.3);GATE
Port:(119.1, 757.0)(126.4, 757.0)(126.4, 837.6)(119.1, 837.6);SD
Module:M5
Boundary:(352.4, 736.8)(304.8, 736.8)(304.8, 736.8)(290.0, 736.8)(290.0, 891.4)(352.4, 891.4);GATE
Port:(303.4, 886.2)(339.0, 886.2)(339.0, 891.4)(303.4, 891.4);SD
Port:(352.4, 736.8)(304.8, 736.8)(304.8, 736.8)(290.0, 736.8)(290.0, 883.3)(352.4, 883.3);GATE
Port:(310.6, 741.6)(346.6, 741.6)(346.6, 747.3)(310.6, 747.3);SD
Module:M3
Boundary:(233.3, 904.8)(233.3, 969.2)(233.1, 969.2)(233.1, 984.5)(40.5, 984.5)(40.5, 904.8);GATE
Port:(40.5, 918.6)(45.0, 918.6)(45.0, 970.7)(40.5, 970.7);SD
Port:(233.3, 904.8)(233.3, 969.2)(233.1, 969.2)(233.1, 984.5)(46.4, 984.5)(46.4, 904.8);GATE
Port:(222.0, 911.6)(227.5, 911.6)(227.5, 962.4)(222.0, 962.4);SD
Module:M2
Boundary:(356.8, 921.8)(356.8, 991.4)(243.6, 991.4)(243.6, 921.8);GATE
Port:(243.6, 935.2)(248.0, 935.2)(248.0, 978.0)(243.6, 978.0);SD
Port:(356.8, 921.8)(356.8, 991.4)(249.8, 991.4)(249.8, 921.8);GATE
Port:(346.2, 927.0)(352.6, 927.0)(352.6, 986.2)(346.2, 986.2);SD
