Area:(-20.0, -20.0)(751.0, -20.0)(751.0, 1844.0)(-20.0, 1844.0)
Rule:GATE(5,5);SD(5,5);GATE_SD(0.5);GATE_ITO(0.5);SD_ITO(0.5)
Module:M14
Boundary:(616.0, 1231.0)(692.0, 1231.0)(692.0, 1239.0)(707.0, 1239.0)(707.0, 1417.0)(616.0, 1417.0);GATE
Port:(630.5, 1407.0)(692.5, 1407.0)(692.5, 1417.0)(630.5, 1417.0);SD
Port:(616.0, 1231.0)(692.0, 1231.0)(692.0, 1239.0)(707.0, 1239.0)(707.0, 1402.0)(616.0, 1402.0);GATE
Port:(626.0, 1236.0)(677.0, 1236.0)(677.0, 1240.0)(626.0, 1240.0);SD
Module:M9
Boundary:(20.0, 338.0)(96.0, 338.0)(96.0, 346.0)(111.0, 346.0)(111.0, 402.0)(20.0, 402.0);GATE
Port:(34.5, 392.0)(96.5, 392.0)(96.5, 402.0)(34.5, 402.0);SD
Port:(20.0, 338.0)(96.0, 338.0)(96.0, 346.0)(111.0, 346.0)(111.0, 387.0)(20.0, 387.0);GATE
Port:(30.0, 343.0)(81.0, 343.0)(81.0, 347.0)(30.0, 347.0);SD
Module:M5
Boundary:(530.0, 921.0)(623.5, 921.0)(623.5, 1010.5)(711.0, 1010.5)(711.0, 1060.0)(530.0, 1060.0);GATE
Port:(544.5, 1050.0)(696.5, 1050.0)(696.5, 1060.0)(544.5, 1060.0);SD
Port:(530.0, 921.0)(623.5, 921.0)(623.5, 1010.5)(711.0, 1010.5)(711.0, 1045.0)(530.0, 1045.0);GATE
Port:(540.0, 926.0)(609.0, 926.0)(609.0, 930.0)(540.0, 930.0);SD
Module:M11
Boundary:(20.0, 136.0)(96.0, 136.0)(96.0, 144.0)(111.0, 144.0)(111.0, 298.0)(20.0, 298.0);GATE
Port:(34.5, 288.0)(96.5, 288.0)(96.5, 298.0)(34.5, 298.0);SD
Port:(20.0, 136.0)(96.0, 136.0)(96.0, 144.0)(111.0, 144.0)(111.0, 283.0)(20.0, 283.0);GATE
Port:(30.0, 141.0)(81.0, 141.0)(81.0, 145.0)(30.0, 145.0);SD
Module:M1
Boundary:(619.0, 1457.0)(695.0, 1457.0)(695.0, 1465.0)(710.0, 1465.0)(710.0, 1550.0)(619.0, 1550.0);GATE
Port:(633.5, 1540.0)(695.5, 1540.0)(695.5, 1550.0)(633.5, 1550.0);SD
Port:(619.0, 1457.0)(695.0, 1457.0)(695.0, 1465.0)(710.0, 1465.0)(710.0, 1535.0)(619.0, 1535.0);GATE
Port:(629.0, 1462.0)(680.0, 1462.0)(680.0, 1466.0)(629.0, 1466.0);SD
Module:M43
Boundary:(376.0, 1550.0)(376.0, 1626.0)(368.0, 1626.0)(368.0, 1641.0)(231.0, 1641.0)(231.0, 1550.0);GATE
Port:(231.0, 1564.5)(241.0, 1564.5)(241.0, 1626.5)(231.0, 1626.5);SD
Port:(376.0, 1550.0)(376.0, 1626.0)(368.0, 1626.0)(368.0, 1641.0)(246.0, 1641.0)(246.0, 1550.0);GATE
Port:(367.0, 1560.0)(371.0, 1560.0)(371.0, 1611.0)(367.0, 1611.0);SD
Module:M38
Boundary:(228.0, 1030.0)(228.0, 1105.5)(192.0, 1105.5)(192.0, 1175.0)(133.0, 1175.0)(133.0, 1030.0);GATE
Port:(133.0, 1044.5)(143.0, 1044.5)(143.0, 1160.5)(133.0, 1160.5);SD
Port:(228.0, 1030.0)(228.0, 1105.5)(192.0, 1105.5)(192.0, 1175.0)(148.0, 1175.0)(148.0, 1030.0);GATE
Port:(219.0, 1040.0)(223.0, 1040.0)(223.0, 1091.0)(219.0, 1091.0);SD
Module:M40
Boundary:(215.0, 716.0)(362.5, 716.0)(362.5, 732.0)(378.0, 732.0)(378.0, 831.0)(215.0, 831.0);GATE
Port:(229.5, 821.0)(363.5, 821.0)(363.5, 831.0)(229.5, 831.0);SD
Port:(215.0, 716.0)(362.5, 716.0)(362.5, 732.0)(378.0, 732.0)(378.0, 816.0)(215.0, 816.0);GATE
Port:(225.0, 721.0)(348.0, 721.0)(348.0, 725.0)(225.0, 725.0);SD
Module:M35
Boundary:(452.0, 205.0)(452.0, 278.0)(348.0, 278.0)(348.0, 205.0);GATE
Port:(348.0, 219.5)(358.0, 219.5)(358.0, 263.5)(348.0, 263.5);SD
Port:(452.0, 205.0)(452.0, 278.0)(363.0, 278.0)(363.0, 205.0);GATE
Port:(443.0, 215.0)(447.0, 215.0)(447.0, 268.0)(443.0, 268.0);SD
Module:M32
Boundary:(694.0, 30.0)(694.0, 105.5)(650.2, 105.5)(650.2, 157.0)(543.0, 157.0)(543.0, 30.0);GATE
Port:(543.0, 44.5)(553.0, 44.5)(553.0, 142.5)(543.0, 142.5);SD
Port:(694.0, 30.0)(694.0, 105.5)(650.2, 105.5)(650.2, 157.0)(558.0, 157.0)(558.0, 30.0);GATE
Port:(685.0, 40.0)(689.0, 40.0)(689.0, 91.0)(685.0, 91.0);SD
Module:M27
Boundary:(692.0, 443.0)(692.0, 536.5)(682.0, 536.5)(682.0, 552.0)(556.0, 552.0)(556.0, 443.0);GATE
Port:(556.0, 457.5)(566.0, 457.5)(566.0, 537.5)(556.0, 537.5);SD
Port:(692.0, 443.0)(692.0, 536.5)(682.0, 536.5)(682.0, 552.0)(571.0, 552.0)(571.0, 443.0);GATE
Port:(683.0, 453.0)(687.0, 453.0)(687.0, 522.0)(683.0, 522.0);SD
Module:M24
Boundary:(547.0, 1362.0)(547.0, 1473.5)(535.0, 1473.5)(535.0, 1489.0)(362.0, 1489.0)(362.0, 1362.0);GATE
Port:(362.0, 1376.5)(372.0, 1376.5)(372.0, 1474.5)(362.0, 1474.5);SD
Port:(547.0, 1362.0)(547.0, 1473.5)(535.0, 1473.5)(535.0, 1489.0)(377.0, 1489.0)(377.0, 1362.0);GATE
Port:(538.0, 1372.0)(542.0, 1372.0)(542.0, 1459.0)(538.0, 1459.0);SD
Module:M19
Boundary:(181.0, 1464.0)(181.0, 1539.5)(137.2, 1539.5)(137.2, 1591.0)(30.0, 1591.0)(30.0, 1464.0);GATE
Port:(30.0, 1478.5)(40.0, 1478.5)(40.0, 1576.5)(30.0, 1576.5);SD
Port:(181.0, 1464.0)(181.0, 1539.5)(137.2, 1539.5)(137.2, 1591.0)(45.0, 1591.0)(45.0, 1464.0);GATE
Port:(172.0, 1474.0)(176.0, 1474.0)(176.0, 1525.0)(172.0, 1525.0);SD
Module:M6
Boundary:(710.0, 592.0)(710.0, 703.5)(609.0, 703.5)(609.0, 881.0)(556.0, 881.0)(556.0, 592.0);GATE
Port:(556.0, 606.5)(566.0, 606.5)(566.0, 866.5)(556.0, 866.5);SD
Port:(710.0, 592.0)(710.0, 703.5)(609.0, 703.5)(609.0, 881.0)(571.0, 881.0)(571.0, 592.0);GATE
Port:(701.0, 602.0)(705.0, 602.0)(705.0, 689.0)(701.0, 689.0);SD
Module:M21
Boundary:(20.0, 20.0)(96.0, 20.0)(96.0, 28.0)(111.0, 28.0)(111.0, 96.0)(20.0, 96.0);GATE
Port:(34.5, 86.0)(96.5, 86.0)(96.5, 96.0)(34.5, 96.0);SD
Port:(20.0, 20.0)(96.0, 20.0)(96.0, 28.0)(111.0, 28.0)(111.0, 81.0)(20.0, 81.0);GATE
Port:(30.0, 25.0)(81.0, 25.0)(81.0, 29.0)(30.0, 29.0);SD
Module:M2
Boundary:(231.0, 1681.0)(360.5, 1681.0)(360.5, 1734.7)(394.0, 1734.7)(394.0, 1804.0)(231.0, 1804.0);GATE
Port:(245.5, 1794.0)(379.5, 1794.0)(379.5, 1804.0)(245.5, 1804.0);SD
Port:(231.0, 1681.0)(360.5, 1681.0)(360.5, 1734.7)(394.0, 1734.7)(394.0, 1789.0)(231.0, 1789.0);GATE
Port:(241.0, 1686.0)(346.0, 1686.0)(346.0, 1690.0)(241.0, 1690.0);SD
Module:M16
Boundary:(298.0, 591.0)(298.0, 664.0)(133.0, 664.0)(133.0, 591.0);GATE
Port:(133.0, 605.5)(143.0, 605.5)(143.0, 649.5)(133.0, 649.5);SD
Port:(298.0, 591.0)(298.0, 664.0)(148.0, 664.0)(148.0, 591.0);GATE
Port:(289.0, 601.0)(293.0, 601.0)(293.0, 654.0)(289.0, 654.0);SD
Module:M13
Boundary:(268.0, 1030.0)(344.0, 1030.0)(344.0, 1038.0)(359.0, 1038.0)(359.0, 1156.0)(268.0, 1156.0);GATE
Port:(282.5, 1146.0)(344.5, 1146.0)(344.5, 1156.0)(282.5, 1156.0);SD
Port:(268.0, 1030.0)(344.0, 1030.0)(344.0, 1038.0)(359.0, 1038.0)(359.0, 1141.0)(268.0, 1141.0);GATE
Port:(278.0, 1035.0)(329.0, 1035.0)(329.0, 1039.0)(278.0, 1039.0);SD
Module:M45
Boundary:(360.0, 881.0)(360.0, 974.5)(350.0, 974.5)(350.0, 990.0)(205.0, 990.0)(205.0, 881.0);GATE
Port:(205.0, 895.5)(215.0, 895.5)(215.0, 975.5)(205.0, 975.5);SD
Port:(360.0, 881.0)(360.0, 974.5)(350.0, 974.5)(350.0, 990.0)(220.0, 990.0)(220.0, 881.0);GATE
Port:(351.0, 891.0)(355.0, 891.0)(355.0, 960.0)(351.0, 960.0);SD
Module:M10
Boundary:(493.0, 207.0)(569.0, 207.0)(569.0, 215.0)(584.0, 215.0)(584.0, 403.0)(493.0, 403.0);GATE
Port:(507.5, 393.0)(569.5, 393.0)(569.5, 403.0)(507.5, 403.0);SD
Port:(493.0, 207.0)(569.0, 207.0)(569.0, 215.0)(584.0, 215.0)(584.0, 388.0)(493.0, 388.0);GATE
Port:(503.0, 212.0)(554.0, 212.0)(554.0, 216.0)(503.0, 216.0);SD
Module:M42
Boundary:(20.0, 1012.0)(93.0, 1012.0)(93.0, 1191.0)(20.0, 1191.0);GATE
Port:(34.5, 1181.0)(78.5, 1181.0)(78.5, 1191.0)(34.5, 1191.0);SD
Port:(20.0, 1012.0)(93.0, 1012.0)(93.0, 1176.0)(20.0, 1176.0);GATE
Port:(30.0, 1017.0)(83.0, 1017.0)(83.0, 1021.0)(30.0, 1021.0);SD
Module:M37
Boundary:(190.0, 1641.0)(190.0, 1788.5)(174.0, 1788.5)(174.0, 1804.0)(20.0, 1804.0)(20.0, 1641.0);GATE
Port:(20.0, 1655.5)(30.0, 1655.5)(30.0, 1789.5)(20.0, 1789.5);SD
Port:(190.0, 1641.0)(190.0, 1788.5)(174.0, 1788.5)(174.0, 1804.0)(35.0, 1804.0)(35.0, 1641.0);GATE
Port:(181.0, 1651.0)(185.0, 1651.0)(185.0, 1774.0)(181.0, 1774.0);SD
Module:M34
Boundary:(624.0, 207.0)(697.0, 207.0)(697.0, 397.0)(624.0, 397.0);GATE
Port:(638.5, 387.0)(682.5, 387.0)(682.5, 397.0)(638.5, 397.0);SD
Port:(624.0, 207.0)(697.0, 207.0)(697.0, 382.0)(624.0, 382.0);GATE
Port:(634.0, 212.0)(687.0, 212.0)(687.0, 216.0)(634.0, 216.0);SD
Module:M29
Boundary:(490.0, 893.0)(490.0, 1040.5)(474.0, 1040.5)(474.0, 1056.0)(400.0, 1056.0)(400.0, 893.0);GATE
Port:(400.0, 907.5)(410.0, 907.5)(410.0, 1041.5)(400.0, 1041.5);SD
Port:(490.0, 893.0)(490.0, 1040.5)(474.0, 1040.5)(474.0, 1056.0)(415.0, 1056.0)(415.0, 893.0);GATE
Port:(481.0, 903.0)(485.0, 903.0)(485.0, 1026.0)(481.0, 1026.0);SD
Module:M7
Boundary:(508.0, 521.0)(508.0, 650.5)(494.0, 650.5)(494.0, 666.0)(348.0, 666.0)(348.0, 521.0);GATE
Port:(348.0, 535.5)(358.0, 535.5)(358.0, 651.5)(348.0, 651.5);SD
Port:(508.0, 521.0)(508.0, 650.5)(494.0, 650.5)(494.0, 666.0)(363.0, 666.0)(363.0, 521.0);GATE
Port:(499.0, 531.0)(503.0, 531.0)(503.0, 636.0)(499.0, 636.0);SD
Module:M31
Boundary:(416.0, 1529.0)(563.5, 1529.0)(563.5, 1545.0)(579.0, 1545.0)(579.0, 1619.0)(416.0, 1619.0);GATE
Port:(430.5, 1609.0)(564.5, 1609.0)(564.5, 1619.0)(430.5, 1619.0);SD
Port:(416.0, 1529.0)(563.5, 1529.0)(563.5, 1545.0)(579.0, 1545.0)(579.0, 1604.0)(416.0, 1604.0);GATE
Port:(426.0, 1534.0)(549.0, 1534.0)(549.0, 1538.0)(426.0, 1538.0);SD
Module:M3
Boundary:(231.0, 1429.0)(307.0, 1429.0)(307.0, 1437.0)(322.0, 1437.0)(322.0, 1510.0)(231.0, 1510.0);GATE
Port:(245.5, 1500.0)(307.5, 1500.0)(307.5, 1510.0)(245.5, 1510.0);SD
Port:(231.0, 1429.0)(307.0, 1429.0)(307.0, 1437.0)(322.0, 1437.0)(322.0, 1495.0)(231.0, 1495.0);GATE
Port:(241.0, 1434.0)(292.0, 1434.0)(292.0, 1438.0)(241.0, 1438.0);SD
Module:M26
Boundary:(30.0, 452.0)(106.0, 452.0)(106.0, 460.0)(121.0, 460.0)(121.0, 535.0)(30.0, 535.0);GATE
Port:(44.5, 525.0)(106.5, 525.0)(106.5, 535.0)(44.5, 535.0);SD
Port:(30.0, 452.0)(106.0, 452.0)(106.0, 460.0)(121.0, 460.0)(121.0, 520.0)(30.0, 520.0);GATE
Port:(40.0, 457.0)(91.0, 457.0)(91.0, 461.0)(40.0, 461.0);SD
Module:M23
Boundary:(20.0, 704.0)(131.5, 704.0)(131.5, 772.8)(165.0, 772.8)(165.0, 859.0)(20.0, 859.0);GATE
Port:(34.5, 849.0)(150.5, 849.0)(150.5, 859.0)(34.5, 859.0);SD
Port:(20.0, 704.0)(131.5, 704.0)(131.5, 772.8)(165.0, 772.8)(165.0, 844.0)(20.0, 844.0);GATE
Port:(30.0, 709.0)(117.0, 709.0)(117.0, 713.0)(30.0, 713.0);SD
Module:M18
Boundary:(181.0, 418.0)(274.5, 418.0)(274.5, 428.0)(290.0, 428.0)(290.0, 541.0)(181.0, 541.0);GATE
Port:(195.5, 531.0)(275.5, 531.0)(275.5, 541.0)(195.5, 541.0);SD
Port:(181.0, 418.0)(274.5, 418.0)(274.5, 428.0)(290.0, 428.0)(290.0, 526.0)(181.0, 526.0);GATE
Port:(191.0, 423.0)(260.0, 423.0)(260.0, 427.0)(191.0, 427.0);SD
Module:M20
Boundary:(20.0, 585.0)(93.0, 585.0)(93.0, 663.0)(20.0, 663.0);GATE
Port:(34.5, 653.0)(78.5, 653.0)(78.5, 663.0)(34.5, 663.0);SD
Port:(20.0, 585.0)(93.0, 585.0)(93.0, 648.0)(20.0, 648.0);GATE
Port:(30.0, 590.0)(83.0, 590.0)(83.0, 594.0)(30.0, 594.0);SD
Module:M15
Boundary:(269.0, 259.0)(269.0, 352.5)(259.0, 352.5)(259.0, 368.0)(151.0, 368.0)(151.0, 259.0);GATE
Port:(151.0, 273.5)(161.0, 273.5)(161.0, 353.5)(151.0, 353.5);SD
Port:(269.0, 259.0)(269.0, 352.5)(259.0, 352.5)(259.0, 368.0)(166.0, 368.0)(166.0, 259.0);GATE
Port:(260.0, 269.0)(264.0, 269.0)(264.0, 338.0)(260.0, 338.0);SD
Module:M12
Boundary:(348.0, 20.0)(477.5, 20.0)(477.5, 34.0)(493.0, 34.0)(493.0, 165.0)(348.0, 165.0);GATE
Port:(362.5, 155.0)(478.5, 155.0)(478.5, 165.0)(362.5, 165.0);SD
Port:(348.0, 20.0)(477.5, 20.0)(477.5, 34.0)(493.0, 34.0)(493.0, 150.0)(348.0, 150.0);GATE
Port:(358.0, 25.0)(463.0, 25.0)(463.0, 29.0)(358.0, 29.0);SD
Module:M44
Boundary:(683.0, 1100.0)(683.0, 1176.0)(675.0, 1176.0)(675.0, 1191.0)(517.0, 1191.0)(517.0, 1100.0);GATE
Port:(517.0, 1114.5)(527.0, 1114.5)(527.0, 1176.5)(517.0, 1176.5);SD
Port:(683.0, 1100.0)(683.0, 1176.0)(675.0, 1176.0)(675.0, 1191.0)(532.0, 1191.0)(532.0, 1100.0);GATE
Port:(674.0, 1110.0)(678.0, 1110.0)(678.0, 1161.0)(674.0, 1161.0);SD
Module:M39
Boundary:(169.0, 1241.0)(169.0, 1388.5)(153.0, 1388.5)(153.0, 1404.0)(30.0, 1404.0)(30.0, 1241.0);GATE
Port:(30.0, 1255.5)(40.0, 1255.5)(40.0, 1389.5)(30.0, 1389.5);SD
Port:(169.0, 1241.0)(169.0, 1388.5)(153.0, 1388.5)(153.0, 1404.0)(45.0, 1404.0)(45.0, 1241.0);GATE
Port:(160.0, 1251.0)(164.0, 1251.0)(164.0, 1374.0)(160.0, 1374.0);SD
Module:M8
Boundary:(598.0, 1659.0)(598.0, 1788.5)(584.0, 1788.5)(584.0, 1804.0)(434.0, 1804.0)(434.0, 1659.0);GATE
Port:(434.0, 1673.5)(444.0, 1673.5)(444.0, 1789.5)(434.0, 1789.5);SD
Port:(598.0, 1659.0)(598.0, 1788.5)(584.0, 1788.5)(584.0, 1804.0)(449.0, 1804.0)(449.0, 1659.0);GATE
Port:(589.0, 1669.0)(593.0, 1669.0)(593.0, 1774.0)(589.0, 1774.0);SD
Module:M41
Boundary:(453.0, 318.0)(453.0, 465.5)(437.0, 465.5)(437.0, 481.0)(348.0, 481.0)(348.0, 318.0);GATE
Port:(348.0, 332.5)(358.0, 332.5)(358.0, 466.5)(348.0, 466.5);SD
Port:(453.0, 318.0)(453.0, 465.5)(437.0, 465.5)(437.0, 481.0)(363.0, 481.0)(363.0, 318.0);GATE
Port:(444.0, 328.0)(448.0, 328.0)(448.0, 451.0)(444.0, 451.0);SD
Module:M4
Boundary:(451.0, 1209.0)(451.0, 1302.5)(441.0, 1302.5)(441.0, 1318.0)(362.0, 1318.0)(362.0, 1209.0);GATE
Port:(362.0, 1223.5)(372.0, 1223.5)(372.0, 1303.5)(362.0, 1303.5);SD
Port:(451.0, 1209.0)(451.0, 1302.5)(441.0, 1302.5)(441.0, 1318.0)(377.0, 1318.0)(377.0, 1209.0);GATE
Port:(442.0, 1219.0)(446.0, 1219.0)(446.0, 1288.0)(442.0, 1288.0);SD
Module:M36
Boundary:(149.0, 899.0)(149.0, 972.0)(20.0, 972.0)(20.0, 899.0);GATE
Port:(20.0, 913.5)(30.0, 913.5)(30.0, 957.5)(20.0, 957.5);SD
Port:(149.0, 899.0)(149.0, 972.0)(35.0, 972.0)(35.0, 899.0);GATE
Port:(140.0, 909.0)(144.0, 909.0)(144.0, 962.0)(140.0, 962.0);SD
Module:M33
Boundary:(638.0, 1590.0)(711.0, 1590.0)(711.0, 1787.0)(638.0, 1787.0);GATE
Port:(652.5, 1777.0)(696.5, 1777.0)(696.5, 1787.0)(652.5, 1787.0);SD
Port:(638.0, 1590.0)(711.0, 1590.0)(711.0, 1772.0)(638.0, 1772.0);GATE
Port:(648.0, 1595.0)(701.0, 1595.0)(701.0, 1599.0)(648.0, 1599.0);SD
Module:M28
Boundary:(308.0, 20.0)(308.0, 95.5)(233.4, 95.5)(233.4, 219.0)(151.0, 219.0)(151.0, 20.0);GATE
Port:(151.0, 34.5)(161.0, 34.5)(161.0, 204.5)(151.0, 204.5);SD
Port:(308.0, 20.0)(308.0, 95.5)(233.4, 95.5)(233.4, 219.0)(166.0, 219.0)(166.0, 20.0);GATE
Port:(299.0, 30.0)(303.0, 30.0)(303.0, 81.0)(299.0, 81.0);SD
Module:M30
Boundary:(219.0, 1215.0)(295.0, 1215.0)(295.0, 1223.0)(310.0, 1223.0)(310.0, 1389.0)(219.0, 1389.0);GATE
Port:(233.5, 1379.0)(295.5, 1379.0)(295.5, 1389.0)(233.5, 1389.0);SD
Port:(219.0, 1215.0)(295.0, 1215.0)(295.0, 1223.0)(310.0, 1223.0)(310.0, 1374.0)(219.0, 1374.0);GATE
Port:(229.0, 1220.0)(280.0, 1220.0)(280.0, 1224.0)(229.0, 1224.0);SD
Module:M25
Boundary:(576.0, 1231.0)(576.0, 1307.0)(568.0, 1307.0)(568.0, 1322.0)(491.0, 1322.0)(491.0, 1231.0);GATE
Port:(491.0, 1245.5)(501.0, 1245.5)(501.0, 1307.5)(491.0, 1307.5);SD
Port:(576.0, 1231.0)(576.0, 1307.0)(568.0, 1307.0)(568.0, 1322.0)(506.0, 1322.0)(506.0, 1231.0);GATE
Port:(567.0, 1241.0)(571.0, 1241.0)(571.0, 1292.0)(567.0, 1292.0);SD
Module:M22
Boundary:(477.0, 1096.0)(477.0, 1169.0)(399.0, 1169.0)(399.0, 1096.0);GATE
Port:(399.0, 1110.5)(409.0, 1110.5)(409.0, 1154.5)(399.0, 1154.5);SD
Port:(477.0, 1096.0)(477.0, 1169.0)(414.0, 1169.0)(414.0, 1096.0);GATE
Port:(468.0, 1106.0)(472.0, 1106.0)(472.0, 1159.0)(468.0, 1159.0);SD
Module:M17
Boundary:(506.0, 716.0)(506.0, 809.5)(481.9, 809.5)(481.9, 843.0)(438.0, 843.0)(438.0, 716.0);GATE
Port:(438.0, 730.5)(448.0, 730.5)(448.0, 828.5)(438.0, 828.5);SD
Port:(506.0, 716.0)(506.0, 809.5)(481.9, 809.5)(481.9, 843.0)(453.0, 843.0)(453.0, 716.0);GATE
Port:(497.0, 726.0)(501.0, 726.0)(501.0, 795.0)(497.0, 795.0);SD
