Area:(40.7, -20.0)(873.2, -20.0)(873.2, 222.0)(40.7, 222.0)
Rule:GATE(5,5);SD(5,5);GATE_SD(0.5);GATE_ITO(0.5);SD_ITO(0.5)
Module:M3
Boundary:(682.3, 108.2)(606.3, 108.2)(606.3, 100.2)(591.3, 100.2)(591.3, 24.2)(682.3, 24.2);GATE
Port:(605.8, 24.2)(667.8, 24.2)(667.8, 34.2)(605.8, 34.2);SD
Port:(682.3, 108.2)(606.3, 108.2)(606.3, 100.2)(591.3, 100.2)(591.3, 39.2)(682.3, 39.2);GATE
Port:(621.3, 99.2)(672.3, 99.2)(672.3, 103.2)(621.3, 103.2);SD
Module:M4
Boundary:(688.2, 22.7)(817.7, 22.7)(817.7, 36.7)(833.2, 36.7)(833.2, 155.7)(688.2, 155.7);GATE
Port:(702.7, 145.7)(818.7, 145.7)(818.7, 155.7)(702.7, 155.7);SD
Port:(688.2, 22.7)(817.7, 22.7)(817.7, 36.7)(833.2, 36.7)(833.2, 140.7)(688.2, 140.7);GATE
Port:(698.2, 27.7)(803.2, 27.7)(803.2, 31.7)(698.2, 31.7);SD
Module:M1
Boundary:(80.7, 21.4)(80.7, 150.9)(96.7, 150.9)(96.7, 166.4)(270.7, 166.4)(270.7, 21.4);GATE
Port:(260.7, 36.0)(270.7, 36.0)(270.7, 151.9)(260.7, 151.9);SD
Port:(80.7, 21.4)(80.7, 150.9)(96.7, 150.9)(96.7, 166.4)(255.7, 166.4)(255.7, 21.4);GATE
Port:(85.7, 31.4)(89.7, 31.4)(89.7, 136.4)(85.7, 136.4);SD
Module:M2
Boundary:(577.5, 20.0)(577.5, 149.5)(563.4, 149.5)(563.4, 165.0)(386.5, 165.0)(386.5, 20.0);GATE
Port:(386.5, 34.5)(396.5, 34.5)(396.5, 150.5)(386.5, 150.5);SD
Port:(577.5, 20.0)(577.5, 149.5)(563.4, 149.5)(563.4, 165.0)(401.5, 165.0)(401.5, 20.0);GATE
Port:(568.5, 30.0)(572.5, 30.0)(572.5, 135.0)(568.5, 135.0);SD
Module:M5
Boundary:(279.1, 20.0)(355.1, 20.0)(355.1, 28.0)(370.1, 28.0)(370.1, 182.0)(279.1, 182.0);GATE
Port:(293.6, 172.0)(355.6, 172.0)(355.6, 182.0)(293.6, 182.0);SD
Port:(279.1, 20.0)(355.1, 20.0)(355.1, 28.0)(370.1, 28.0)(370.1, 167.0)(279.1, 167.0);GATE
Port:(289.1, 25.0)(340.1, 25.0)(340.1, 29.0)(289.1, 29.0);SD
