Area:(-20.0, -20.0)(354.0, -20.0)(354.0, 795.8)(-20.0, 795.8)
Rule:GATE(5,5);SD(5,5);GATE_SD(0.5);GATE_ITO(0.5);SD_ITO(0.5)
Module:M9
Boundary:(20.0, 474.2)(71.9, 474.2)(71.9, 632.1)(20.0, 632.1);GATE
Port:(35.2, 626.6)(56.7, 626.6)(56.7, 632.1)(35.2, 632.1);SD
Port:(20.0, 474.2)(71.9, 474.2)(71.9, 625.2)(20.0, 625.2);GATE
Port:(26.6, 479.8)(65.3, 479.8)(65.3, 486.7)(26.6, 486.7);SD
Module:M5
Boundary:(133.9, 30.0)(133.9, 121.2)(30.0, 121.2)(30.0, 30.0);GATE
Port:(30.0, 44.9)(35.8, 44.9)(35.8, 106.3)(30.0, 106.3);SD
Port:(133.9, 30.0)(133.9, 121.2)(38.1, 121.2)(38.1, 30.0);GATE
Port:(121.7, 36.3)(128.6, 36.3)(128.6, 114.9)(121.7, 114.9);SD
Module:M1
Boundary:(182.0, 474.2)(182.0, 602.2)(111.9, 602.2)(111.9, 474.2);GATE
Port:(111.9, 489.6)(116.0, 489.6)(116.0, 586.8)(111.9, 586.8);SD
Port:(182.0, 474.2)(182.0, 602.2)(117.5, 602.2)(117.5, 474.2);GATE
Port:(169.8, 480.1)(177.1, 480.1)(177.1, 596.3)(169.8, 596.3);SD
Module:M6
Boundary:(288.8, 20.0)(288.8, 105.2)(239.3, 105.2)(239.3, 117.5)(183.9, 117.5)(183.9, 20.0);GATE
Port:(183.9, 32.2)(188.4, 32.2)(188.4, 105.3)(183.9, 105.3);SD
Port:(288.8, 20.0)(288.8, 105.2)(239.3, 105.2)(239.3, 117.5)(189.4, 117.5)(189.4, 20.0);GATE
Port:(278.3, 26.6)(283.2, 26.6)(283.2, 97.6)(278.3, 97.6);SD
Module:M2
Boundary:(192.9, 171.2)(192.9, 219.7)(148.3, 219.7)(148.3, 233.8)(20.0, 233.8)(20.0, 171.2);GATE
Port:(20.0, 184.0)(25.0, 184.0)(25.0, 221.0)(20.0, 221.0);SD
Port:(192.9, 171.2)(192.9, 219.7)(148.3, 219.7)(148.3, 233.8)(27.2, 233.8)(27.2, 171.2);GATE
Port:(182.2, 176.5)(188.6, 176.5)(188.6, 213.4)(182.2, 213.4);SD
Module:M10
Boundary:(242.9, 167.5)(292.7, 167.5)(292.7, 179.6)(306.8, 179.6)(306.8, 253.0)(242.9, 253.0);GATE
Port:(256.3, 248.5)(293.4, 248.5)(293.4, 253.0)(256.3, 253.0);SD
Port:(242.9, 167.5)(292.7, 167.5)(292.7, 179.6)(306.8, 179.6)(306.8, 246.7)(242.9, 246.7);GATE
Port:(249.7, 173.3)(284.9, 173.3)(284.9, 178.6)(249.7, 178.6);SD
Module:M7
Boundary:(302.9, 303.0)(302.9, 423.4)(146.0, 423.4)(146.0, 303.0);GATE
Port:(146.0, 317.0)(150.8, 317.0)(150.8, 409.4)(146.0, 409.4);SD
Port:(302.9, 303.0)(302.9, 423.4)(151.8, 423.4)(151.8, 303.0);GATE
Port:(291.5, 308.9)(298.0, 308.9)(298.0, 417.5)(291.5, 417.5);SD
Module:M3
Boundary:(222.0, 463.4)(314.0, 463.4)(314.0, 604.3)(222.0, 604.3);GATE
Port:(234.9, 599.8)(301.1, 599.8)(301.1, 604.3)(234.9, 604.3);SD
Port:(222.0, 463.4)(314.0, 463.4)(314.0, 596.9)(222.0, 596.9);GATE
Port:(227.4, 467.8)(308.6, 467.8)(308.6, 474.5)(227.4, 474.5);SD
Module:M8
Boundary:(20.0, 273.8)(89.4, 273.8)(89.4, 273.8)(106.0, 273.8)(106.0, 434.2)(20.0, 434.2);GATE
Port:(34.7, 429.8)(91.3, 429.8)(91.3, 434.2)(34.7, 434.2);SD
Port:(20.0, 273.8)(89.4, 273.8)(89.4, 273.8)(106.0, 273.8)(106.0, 428.1)(20.0, 428.1);GATE
Port:(26.6, 279.4)(82.8, 279.4)(82.8, 285.6)(26.6, 285.6);SD
Module:M4
Boundary:(307.8, 644.3)(307.8, 740.7)(290.8, 740.7)(290.8, 755.8)(111.9, 755.8)(111.9, 644.3);GATE
Port:(111.9, 656.8)(117.3, 656.8)(117.3, 743.3)(111.9, 743.3);SD
Port:(307.8, 644.3)(307.8, 740.7)(290.8, 740.7)(290.8, 755.8)(119.8, 755.8)(119.8, 644.3);GATE
Port:(298.8, 649.9)(303.2, 649.9)(303.2, 734.1)(298.8, 734.1);SD
