Area:(-20.0, -20.0)(422.1, -20.0)(422.1, 1242.8)(-20.0, 1242.8)
Rule:GATE(5,5);SD(5,5);GATE_SD(0.5);GATE_ITO(0.5);SD_ITO(0.5)
Module:M14
Boundary:(20.0, 1050.5)(102.3, 1050.5)(102.3, 1101.7)(117.5, 1101.7)(117.5, 1202.6)(20.0, 1202.6);GATE
Port:(32.9, 1197.5)(104.6, 1197.5)(104.6, 1202.6)(32.9, 1202.6);SD
Port:(20.0, 1050.5)(102.3, 1050.5)(102.3, 1101.7)(117.5, 1101.7)(117.5, 1194.8)(20.0, 1194.8);GATE
Port:(25.4, 1054.9)(95.9, 1054.9)(95.9, 1060.5)(25.4, 1060.5);SD
Module:M9
Boundary:(354.2, 355.2)(354.2, 441.8)(354.0, 441.8)(354.0, 458.8)(163.6, 458.8)(163.6, 355.2);GATE
Port:(163.6, 369.0)(168.9, 369.0)(168.9, 445.0)(163.6, 445.0);SD
Port:(354.2, 355.2)(354.2, 441.8)(354.0, 441.8)(354.0, 458.8)(170.6, 458.8)(170.6, 355.2);GATE
Port:(342.9, 362.0)(348.4, 362.0)(348.4, 435.0)(342.9, 435.0);SD
Module:M5
Boundary:(345.5, 1115.4)(345.5, 1202.8)(157.5, 1202.8)(157.5, 1115.4);GATE
Port:(157.5, 1129.2)(161.8, 1129.2)(161.8, 1189.0)(157.5, 1189.0);SD
Port:(345.5, 1115.4)(345.5, 1202.8)(163.1, 1202.8)(163.1, 1115.4);GATE
Port:(334.6, 1121.3)(340.6, 1121.3)(340.6, 1196.9)(334.6, 1196.9);SD
Module:M11
Boundary:(20.0, 491.0)(85.9, 491.0)(85.9, 592.2)(20.0, 592.2);GATE
Port:(34.0, 586.9)(71.9, 586.9)(71.9, 592.2)(34.0, 592.2);SD
Port:(20.0, 491.0)(85.9, 491.0)(85.9, 584.0)(20.0, 584.0);GATE
Port:(26.3, 496.3)(79.6, 496.3)(79.6, 502.3)(26.3, 502.3);SD
Module:M1
Boundary:(20.0, 632.2)(79.8, 632.2)(79.8, 801.6)(20.0, 801.6);GATE
Port:(32.2, 796.2)(67.6, 796.2)(67.6, 801.6)(32.2, 801.6);SD
Port:(20.0, 632.2)(79.8, 632.2)(79.8, 793.3)(20.0, 793.3);GATE
Port:(26.2, 637.4)(73.6, 637.4)(73.6, 642.0)(26.2, 642.0);SD
Module:M19
Boundary:(367.7, 20.0)(367.7, 122.4)(246.3, 122.4)(246.3, 20.0);GATE
Port:(246.3, 35.3)(252.1, 35.3)(252.1, 107.1)(246.3, 107.1);SD
Port:(367.7, 20.0)(367.7, 122.4)(253.8, 122.4)(253.8, 20.0);GATE
Port:(354.3, 26.9)(361.8, 26.9)(361.8, 115.5)(354.3, 115.5);SD
Module:M6
Boundary:(20.0, 850.4)(115.5, 850.4)(115.5, 917.8)(129.6, 917.8)(129.6, 1010.5)(20.0, 1010.5);GATE
Port:(33.8, 1005.2)(115.8, 1005.2)(115.8, 1010.5)(33.8, 1010.5);SD
Port:(20.0, 850.4)(115.5, 850.4)(115.5, 917.8)(129.6, 917.8)(129.6, 1002.8)(20.0, 1002.8);GATE
Port:(26.3, 855.7)(108.2, 855.7)(108.2, 861.8)(26.3, 861.8);SD
Module:M2
Boundary:(276.2, 637.7)(276.2, 687.5)(196.9, 687.5)(196.9, 701.5)(119.8, 701.5)(119.8, 637.7);GATE
Port:(119.8, 651.1)(125.4, 651.1)(125.4, 688.1)(119.8, 688.1);SD
Port:(276.2, 637.7)(276.2, 687.5)(196.9, 687.5)(196.9, 701.5)(126.8, 701.5)(126.8, 637.7);GATE
Port:(264.4, 643.0)(271.9, 643.0)(271.9, 681.2)(264.4, 681.2);SD
Module:M16
Boundary:(317.8, 498.8)(368.0, 498.8)(368.0, 607.8)(382.1, 607.8)(382.1, 704.6)(317.8, 704.6);GATE
Port:(331.2, 699.2)(368.7, 699.2)(368.7, 704.6)(331.2, 704.6);SD
Port:(317.8, 498.8)(368.0, 498.8)(368.0, 607.8)(382.1, 607.8)(382.1, 697.4)(317.8, 697.4);GATE
Port:(324.1, 504.1)(360.7, 504.1)(360.7, 510.0)(324.1, 510.0);SD
Module:M13
Boundary:(329.4, 270.4)(329.4, 315.2)(151.5, 315.2)(151.5, 270.4);GATE
Port:(151.5, 282.9)(156.8, 282.9)(156.8, 302.7)(151.5, 302.7);SD
Port:(329.4, 270.4)(329.4, 315.2)(158.9, 315.2)(158.9, 270.4);GATE
Port:(318.5, 275.8)(325.0, 275.8)(325.0, 309.8)(318.5, 309.8);SD
Module:M10
Boundary:(151.5, 20.0)(194.2, 20.0)(194.2, 123.7)(206.3, 123.7)(206.3, 212.8)(151.5, 212.8);GATE
Port:(162.5, 208.3)(195.3, 208.3)(195.3, 212.8)(162.5, 212.8);SD
Port:(151.5, 20.0)(194.2, 20.0)(194.2, 123.7)(206.3, 123.7)(206.3, 207.1)(151.5, 207.1);GATE
Port:(156.7, 24.2)(188.0, 24.2)(188.0, 29.3)(156.7, 29.3);SD
Module:M7
Boundary:(277.8, 498.8)(277.8, 597.7)(125.9, 597.7)(125.9, 498.8);GATE
Port:(125.9, 513.7)(130.8, 513.7)(130.8, 582.8)(125.9, 582.8);SD
Port:(277.8, 498.8)(277.8, 597.7)(132.5, 597.7)(132.5, 498.8);GATE
Port:(266.0, 505.6)(272.0, 505.6)(272.0, 590.9)(266.0, 590.9);SD
Module:M3
Boundary:(379.8, 162.4)(379.8, 214.8)(379.6, 214.8)(379.6, 230.4)(246.3, 230.4)(246.3, 162.4);GATE
Port:(246.3, 176.8)(250.7, 176.8)(250.7, 216.0)(246.3, 216.0);SD
Port:(379.8, 162.4)(379.8, 214.8)(379.6, 214.8)(379.6, 230.4)(253.3, 230.4)(253.3, 162.4);GATE
Port:(367.4, 169.3)(373.9, 169.3)(373.9, 207.9)(367.4, 207.9);SD
Module:M18
Boundary:(195.1, 741.5)(195.1, 794.5)(170.5, 794.5)(170.5, 810.4)(119.8, 810.4)(119.8, 741.5);GATE
Port:(119.8, 755.6)(125.5, 755.6)(125.5, 796.3)(119.8, 796.3);SD
Port:(195.1, 741.5)(195.1, 794.5)(170.5, 794.5)(170.5, 810.4)(126.9, 810.4)(126.9, 741.5);GATE
Port:(183.6, 747.2)(190.4, 747.2)(190.4, 787.8)(183.6, 787.8);SD
Module:M20
Boundary:(111.5, 20.0)(111.5, 86.9)(62.9, 86.9)(62.9, 102.4)(20.0, 102.4)(20.0, 20.0);GATE
Port:(20.0, 32.5)(24.4, 32.5)(24.4, 89.9)(20.0, 89.9);SD
Port:(111.5, 20.0)(111.5, 86.9)(62.9, 86.9)(62.9, 102.4)(26.1, 102.4)(26.1, 20.0);GATE
Port:(101.2, 25.4)(107.1, 25.4)(107.1, 80.5)(101.2, 80.5);SD
Module:M15
Boundary:(169.6, 856.6)(222.0, 856.6)(222.0, 856.8)(238.7, 856.8)(238.7, 1062.3)(169.6, 1062.3);GATE
Port:(184.4, 1057.2)(223.9, 1057.2)(223.9, 1062.3)(184.4, 1062.3);SD
Port:(169.6, 856.6)(222.0, 856.6)(222.0, 856.8)(238.7, 856.8)(238.7, 1056.0)(169.6, 1056.0);GATE
Port:(175.5, 861.5)(216.1, 861.5)(216.1, 868.5)(175.5, 868.5);SD
Module:M12
Boundary:(20.0, 142.4)(90.2, 142.4)(90.2, 251.7)(105.9, 251.7)(105.9, 348.0)(20.0, 348.0);GATE
Port:(34.2, 343.4)(91.7, 343.4)(91.7, 348.0)(34.2, 348.0);SD
Port:(20.0, 142.4)(90.2, 142.4)(90.2, 251.7)(105.9, 251.7)(105.9, 342.4)(20.0, 342.4);GATE
Port:(25.4, 146.8)(83.8, 146.8)(83.8, 154.3)(25.4, 154.3);SD
Module:M8
Boundary:(123.6, 388.0)(123.6, 436.6)(83.8, 436.6)(83.8, 451.0)(20.0, 451.0)(20.0, 388.0);GATE
Port:(20.0, 400.7)(25.4, 400.7)(25.4, 438.3)(20.0, 438.3);SD
Port:(123.6, 388.0)(123.6, 436.6)(83.8, 436.6)(83.8, 451.0)(27.3, 451.0)(27.3, 388.0);GATE
Port:(113.4, 393.9)(118.7, 393.9)(118.7, 429.7)(113.4, 429.7);SD
Module:M4
Boundary:(372.7, 744.6)(372.7, 800.7)(339.3, 800.7)(339.3, 816.6)(235.1, 816.6)(235.1, 744.6);GATE
Port:(235.1, 760.5)(240.0, 760.5)(240.0, 800.7)(235.1, 800.7);SD
Port:(372.7, 744.6)(372.7, 800.7)(339.3, 800.7)(339.3, 816.6)(241.4, 816.6)(241.4, 744.6);GATE
Port:(359.6, 751.2)(367.1, 751.2)(367.1, 793.1)(359.6, 793.1);SD
Module:M17
Boundary:(278.7, 856.6)(363.8, 856.6)(363.8, 856.9)(381.3, 856.9)(381.3, 1075.4)(278.7, 1075.4);GATE
Port:(291.3, 1070.7)(368.7, 1070.7)(368.7, 1075.4)(291.3, 1075.4);SD
Port:(278.7, 856.6)(363.8, 856.6)(363.8, 856.9)(381.3, 856.9)(381.3, 1068.4)(278.7, 1068.4);GATE
Port:(283.7, 860.6)(358.8, 860.6)(358.8, 866.2)(283.7, 866.2);SD
