Area:(-20.0, -20.0)(926.0, -20.0)(926.0, 602.6)(-20.0, 602.6)
Rule:GATE(5,5);SD(5,5);GATE_SD(0.5);GATE_ITO(0.5);SD_ITO(0.5)
Module:M14
Boundary:(203.7, 342.0)(203.7, 391.2)(139.5, 391.2)(139.5, 406.6)(20.0, 406.6)(20.0, 342.0);GATE
Port:(20.0, 354.0)(24.2, 354.0)(24.2, 394.6)(20.0, 394.6);SD
Port:(203.7, 342.0)(203.7, 391.2)(139.5, 391.2)(139.5, 406.6)(26.8, 406.6)(26.8, 342.0);GATE
Port:(194.3, 347.5)(199.2, 347.5)(199.2, 384.7)(194.3, 384.7);SD
Module:M9
Boundary:(158.4, 20.0)(209.1, 20.0)(209.1, 20.1)(225.7, 20.1)(225.7, 195.0)(158.4, 195.0);GATE
Port:(172.4, 190.8)(211.7, 190.8)(211.7, 195.0)(172.4, 195.0);SD
Port:(158.4, 20.0)(209.1, 20.0)(209.1, 20.1)(225.7, 20.1)(225.7, 188.5)(158.4, 188.5);GATE
Port:(163.5, 24.1)(204.0, 24.1)(204.0, 30.6)(163.5, 30.6);SD
Module:M5
Boundary:(692.8, 228.9)(763.0, 228.9)(763.0, 229.0)(779.6, 229.0)(779.6, 411.6)(692.8, 411.6);GATE
Port:(707.9, 407.2)(764.5, 407.2)(764.5, 411.6)(707.9, 411.6);SD
Port:(692.8, 228.9)(763.0, 228.9)(763.0, 229.0)(779.6, 229.0)(779.6, 406.1)(692.8, 406.1);GATE
Port:(699.6, 234.7)(756.2, 234.7)(756.2, 241.4)(699.6, 241.4);SD
Module:M11
Boundary:(636.0, 20.0)(754.9, 20.0)(754.9, 188.9)(636.0, 188.9);GATE
Port:(652.9, 184.3)(738.0, 184.3)(738.0, 188.9)(652.9, 188.9);SD
Port:(636.0, 20.0)(754.9, 20.0)(754.9, 182.4)(636.0, 182.4);GATE
Port:(643.0, 26.0)(747.9, 26.0)(747.9, 33.7)(643.0, 33.7);SD
Module:M1
Boundary:(243.7, 347.0)(307.6, 347.0)(307.6, 430.8)(243.7, 430.8);GATE
Port:(257.3, 426.5)(294.0, 426.5)(294.0, 430.8)(257.3, 430.8);SD
Port:(243.7, 347.0)(307.6, 347.0)(307.6, 424.8)(243.7, 424.8);GATE
Port:(249.0, 351.3)(302.3, 351.3)(302.3, 358.2)(249.0, 358.2);SD
Module:M19
Boundary:(312.8, 470.8)(312.8, 540.0)(312.3, 540.0)(312.3, 557.3)(222.5, 557.3)(222.5, 470.8);GATE
Port:(222.5, 484.6)(227.3, 484.6)(227.3, 543.5)(222.5, 543.5);SD
Port:(312.8, 470.8)(312.8, 540.0)(312.3, 540.0)(312.3, 557.3)(229.7, 557.3)(229.7, 470.8);GATE
Port:(302.4, 476.6)(308.0, 476.6)(308.0, 534.2)(302.4, 534.2);SD
Module:M6
Boundary:(819.6, 209.0)(886.0, 209.0)(886.0, 413.8)(819.6, 413.8);GATE
Port:(832.6, 409.6)(873.0, 409.6)(873.0, 413.8)(832.6, 413.8);SD
Port:(819.6, 209.0)(886.0, 209.0)(886.0, 408.5)(819.6, 408.5);GATE
Port:(825.3, 213.7)(880.3, 213.7)(880.3, 219.7)(825.3, 219.7);SD
Module:M2
Boundary:(596.0, 20.0)(596.0, 111.8)(552.1, 111.8)(552.1, 125.5)(498.0, 125.5)(498.0, 20.0);GATE
Port:(498.0, 32.9)(503.9, 32.9)(503.9, 112.6)(498.0, 112.6);SD
Port:(596.0, 20.0)(596.0, 111.8)(552.1, 111.8)(552.1, 125.5)(505.0, 125.5)(505.0, 20.0);GATE
Port:(585.0, 25.7)(591.3, 25.7)(591.3, 105.1)(585.0, 105.1);SD
Module:M16
Boundary:(182.5, 446.6)(182.5, 562.6)(20.0, 562.6)(20.0, 446.6);GATE
Port:(20.0, 461.6)(24.1, 461.6)(24.1, 547.6)(20.0, 547.6);SD
Port:(182.5, 446.6)(182.5, 562.6)(26.0, 562.6)(26.0, 446.6);GATE
Port:(169.9, 453.0)(177.1, 453.0)(177.1, 556.2)(169.9, 556.2);SD
Module:M13
Boundary:(872.5, 453.8)(872.5, 545.1)(872.4, 545.1)(872.4, 559.5)(692.8, 559.5)(692.8, 453.8);GATE
Port:(692.8, 467.5)(698.1, 467.5)(698.1, 545.8)(692.8, 545.8);SD
Port:(872.5, 453.8)(872.5, 545.1)(872.4, 545.1)(872.4, 559.5)(700.9, 559.5)(700.9, 453.8);GATE
Port:(860.5, 460.6)(866.7, 460.6)(866.7, 538.3)(860.5, 538.3);SD
Module:M10
Boundary:(493.6, 453.4)(493.6, 536.5)(470.0, 536.5)(470.0, 552.1)(352.8, 552.1)(352.8, 453.4);GATE
Port:(352.8, 466.4)(357.1, 466.4)(357.1, 539.1)(352.8, 539.1);SD
Port:(493.6, 453.4)(493.6, 536.5)(470.0, 536.5)(470.0, 552.1)(359.0, 552.1)(359.0, 453.4);GATE
Port:(483.7, 459.2)(488.8, 459.2)(488.8, 529.7)(483.7, 529.7);SD
Module:M7
Boundary:(794.9, 20.0)(870.3, 20.0)(870.3, 20.1)(884.9, 20.1)(884.9, 169.0)(794.9, 169.0);GATE
Port:(807.2, 164.8)(872.6, 164.8)(872.6, 169.0)(807.2, 169.0);SD
Port:(794.9, 20.0)(870.3, 20.0)(870.3, 20.1)(884.9, 20.1)(884.9, 162.1)(794.9, 162.1);GATE
Port:(800.7, 24.8)(864.5, 24.8)(864.5, 30.7)(800.7, 30.7);SD
Module:M3
Boundary:(502.1, 347.0)(502.1, 413.4)(347.6, 413.4)(347.6, 347.0);GATE
Port:(347.6, 360.7)(351.9, 360.7)(351.9, 399.7)(347.6, 399.7);SD
Port:(502.1, 347.0)(502.1, 413.4)(354.4, 413.4)(354.4, 347.0);GATE
Port:(491.8, 353.0)(497.1, 353.0)(497.1, 407.4)(491.8, 407.4);SD
Module:M18
Boundary:(542.1, 321.1)(638.7, 321.1)(638.7, 437.9)(652.8, 437.9)(652.8, 542.2)(542.1, 542.2);GATE
Port:(556.3, 537.9)(638.6, 537.9)(638.6, 542.2)(556.3, 542.2);SD
Port:(542.1, 321.1)(638.7, 321.1)(638.7, 437.9)(652.8, 437.9)(652.8, 535.3)(542.1, 535.3);GATE
Port:(549.0, 327.0)(630.8, 327.0)(630.8, 332.8)(549.0, 332.8);SD
Module:M20
Boundary:(209.9, 242.3)(209.9, 289.8)(128.4, 289.8)(128.4, 302.0)(20.0, 302.0)(20.0, 242.3);GATE
Port:(20.0, 255.5)(25.1, 255.5)(25.1, 288.8)(20.0, 288.8);SD
Port:(209.9, 242.3)(209.9, 289.8)(128.4, 289.8)(128.4, 302.0)(27.3, 302.0)(27.3, 242.3);GATE
Port:(198.3, 249.3)(203.9, 249.3)(203.9, 281.8)(198.3, 281.8);SD
Module:M15
Boundary:(463.2, 259.9)(463.2, 292.3)(463.2, 292.3)(463.2, 307.0)(249.9, 307.0)(249.9, 259.9);GATE
Port:(249.9, 272.6)(254.4, 272.6)(254.4, 294.3)(249.9, 294.3);SD
Port:(463.2, 259.9)(463.2, 292.3)(463.2, 292.3)(463.2, 307.0)(256.0, 307.0)(256.0, 259.9);GATE
Port:(452.6, 265.0)(459.1, 265.0)(459.1, 287.2)(452.6, 287.2);SD
Module:M12
Boundary:(503.2, 165.5)(567.1, 165.5)(567.1, 193.0)(582.5, 193.0)(582.5, 281.1)(503.2, 281.1);GATE
Port:(515.1, 276.2)(570.6, 276.2)(570.6, 281.1)(515.1, 281.1);SD
Port:(503.2, 165.5)(567.1, 165.5)(567.1, 193.0)(582.5, 193.0)(582.5, 273.8)(503.2, 273.8);GATE
Port:(508.2, 169.5)(561.1, 169.5)(561.1, 173.9)(508.2, 173.9);SD
Module:M8
Boundary:(458.0, 20.0)(458.0, 104.1)(340.6, 104.1)(340.6, 119.6)(265.7, 119.6)(265.7, 20.0);GATE
Port:(265.7, 32.9)(271.2, 32.9)(271.2, 106.7)(265.7, 106.7);SD
Port:(458.0, 20.0)(458.0, 104.1)(340.6, 104.1)(340.6, 119.6)(273.2, 119.6)(273.2, 20.0);GATE
Port:(447.4, 25.2)(453.8, 25.2)(453.8, 97.9)(447.4, 97.9);SD
Module:M4
Boundary:(20.0, 20.0)(104.2, 20.0)(104.2, 97.5)(118.4, 97.5)(118.4, 202.3)(20.0, 202.3);GATE
Port:(35.5, 196.8)(102.9, 196.8)(102.9, 202.3)(35.5, 202.3);SD
Port:(20.0, 20.0)(104.2, 20.0)(104.2, 97.5)(118.4, 97.5)(118.4, 194.3)(20.0, 194.3);GATE
Port:(26.8, 25.8)(96.4, 25.8)(96.4, 33.7)(26.8, 33.7);SD
Module:M17
Boundary:(427.5, 159.6)(427.5, 200.7)(427.4, 200.7)(427.4, 219.9)(265.7, 219.9)(265.7, 159.6);GATE
Port:(265.7, 176.3)(270.3, 176.3)(270.3, 203.2)(265.7, 203.2);SD
Port:(427.5, 159.6)(427.5, 200.7)(427.4, 200.7)(427.4, 219.9)(272.0, 219.9)(272.0, 159.6);GATE
Port:(414.3, 166.6)(421.5, 166.6)(421.5, 193.7)(414.3, 193.7);SD
