Area:(-20.0, -20.0)(638.2, -20.0)(638.2, 1222.6)(-20.0, 1222.6)
Rule:GATE(5,5);SD(5,5);GATE_SD(0.5);GATE_ITO(0.5);SD_ITO(0.5)
Module:M14
Boundary:(30.0, 169.3)(95.0, 169.3)(95.0, 213.5)(110.3, 213.5)(110.3, 302.8)(30.0, 302.8);GATE
Port:(42.5, 298.3)(97.8, 298.3)(97.8, 302.8)(42.5, 302.8);SD
Port:(30.0, 169.3)(95.0, 169.3)(95.0, 213.5)(110.3, 213.5)(110.3, 296.7)(30.0, 296.7);GATE
Port:(35.4, 173.7)(88.6, 173.7)(88.6, 178.4)(35.4, 178.4);SD
Module:M9
Boundary:(430.4, 521.4)(430.4, 582.6)(430.1, 582.6)(430.1, 597.1)(309.4, 597.1)(309.4, 521.4);GATE
Port:(309.4, 534.5)(314.6, 534.5)(314.6, 584.0)(309.4, 584.0);SD
Port:(430.4, 521.4)(430.4, 582.6)(430.1, 582.6)(430.1, 597.1)(315.7, 597.1)(315.7, 521.4);GATE
Port:(419.7, 528.2)(424.6, 528.2)(424.6, 575.8)(419.7, 575.8);SD
Module:M5
Boundary:(440.2, 1060.0)(440.2, 1165.3)(439.9, 1165.3)(439.9, 1182.6)(276.5, 1182.6)(276.5, 1060.0);GATE
Port:(276.5, 1074.3)(281.1, 1074.3)(281.1, 1168.3)(276.5, 1168.3);SD
Port:(440.2, 1060.0)(440.2, 1165.3)(439.9, 1165.3)(439.9, 1182.6)(283.1, 1182.6)(283.1, 1060.0);GATE
Port:(429.0, 1066.5)(434.7, 1066.5)(434.7, 1158.8)(429.0, 1158.8);SD
Module:M11
Boundary:(486.3, 300.9)(595.1, 300.9)(595.1, 498.5)(486.3, 498.5);GATE
Port:(500.8, 494.1)(580.6, 494.1)(580.6, 498.5)(500.8, 498.5);SD
Port:(486.3, 300.9)(595.1, 300.9)(595.1, 492.9)(486.3, 492.9);GATE
Port:(492.9, 306.5)(588.5, 306.5)(588.5, 312.2)(492.9, 312.2);SD
Module:M1
Boundary:(30.0, 865.8)(81.4, 865.8)(81.4, 865.9)(98.2, 865.9)(98.2, 956.8)(30.0, 956.8);GATE
Port:(43.6, 952.8)(84.6, 952.8)(84.6, 956.8)(43.6, 956.8);SD
Port:(30.0, 865.8)(81.4, 865.8)(81.4, 865.9)(98.2, 865.9)(98.2, 950.5)(30.0, 950.5);GATE
Port:(35.4, 870.2)(76.0, 870.2)(76.0, 876.4)(35.4, 876.4);SD
Module:M27
Boundary:(328.2, 260.0)(328.2, 316.5)(160.3, 316.5)(160.3, 260.0);GATE
Port:(160.3, 275.2)(164.8, 275.2)(164.8, 301.3)(160.3, 301.3);SD
Port:(328.2, 260.0)(328.2, 316.5)(166.3, 316.5)(166.3, 260.0);GATE
Port:(315.7, 266.0)(323.2, 266.0)(323.2, 310.5)(315.7, 310.5);SD
Module:M24
Boundary:(233.5, 1115.9)(233.5, 1167.6)(196.2, 1167.6)(196.2, 1181.9)(20.0, 1181.9)(20.0, 1115.9);GATE
Port:(20.0, 1129.8)(25.2, 1129.8)(25.2, 1168.0)(20.0, 1168.0);SD
Port:(233.5, 1115.9)(233.5, 1167.6)(196.2, 1167.6)(196.2, 1181.9)(27.7, 1181.9)(27.7, 1115.9);GATE
Port:(221.9, 1122.4)(228.0, 1122.4)(228.0, 1160.1)(221.9, 1160.1);SD
Module:M19
Boundary:(158.9, 985.0)(226.5, 985.0)(226.5, 1065.9)(158.9, 1065.9);GATE
Port:(173.4, 1061.8)(212.0, 1061.8)(212.0, 1065.9)(173.4, 1065.9);SD
Port:(158.9, 985.0)(226.5, 985.0)(226.5, 1059.4)(158.9, 1059.4);GATE
Port:(165.4, 990.5)(220.0, 990.5)(220.0, 996.5)(165.4, 996.5);SD
Module:M6
Boundary:(314.1, 20.0)(361.8, 20.0)(361.8, 67.2)(375.8, 67.2)(375.8, 111.4)(314.1, 111.4);GATE
Port:(326.5, 105.5)(363.4, 105.5)(363.4, 111.4)(326.5, 111.4);SD
Port:(314.1, 20.0)(361.8, 20.0)(361.8, 67.2)(375.8, 67.2)(375.8, 103.8)(314.1, 103.8);GATE
Port:(319.7, 24.6)(355.2, 24.6)(355.2, 30.3)(319.7, 30.3);SD
Module:M21
Boundary:(440.8, 929.7)(440.8, 1020.0)(309.8, 1020.0)(309.8, 929.7);GATE
Port:(309.8, 942.3)(315.7, 942.3)(315.7, 1007.4)(309.8, 1007.4);SD
Port:(440.8, 929.7)(440.8, 1020.0)(318.2, 1020.0)(318.2, 929.7);GATE
Port:(429.8, 936.0)(435.5, 936.0)(435.5, 1013.7)(429.8, 1013.7);SD
Module:M2
Boundary:(438.6, 657.1)(438.6, 709.6)(389.7, 709.6)(389.7, 725.4)(315.0, 725.4)(315.0, 657.1);GATE
Port:(315.0, 671.0)(319.5, 671.0)(319.5, 711.5)(315.0, 711.5);SD
Port:(438.6, 657.1)(438.6, 709.6)(389.7, 709.6)(389.7, 725.4)(321.9, 725.4)(321.9, 657.1);GATE
Port:(427.6, 663.1)(433.6, 663.1)(433.6, 702.6)(427.6, 702.6);SD
Module:M16
Boundary:(495.2, 689.8)(581.8, 689.8)(581.8, 808.3)(597.0, 808.3)(597.0, 914.4)(495.2, 914.4);GATE
Port:(510.3, 908.5)(581.9, 908.5)(581.9, 914.4)(510.3, 914.4);SD
Port:(495.2, 689.8)(581.8, 689.8)(581.8, 808.3)(597.0, 808.3)(597.0, 907.0)(495.2, 907.0);GATE
Port:(502.1, 695.7)(573.9, 695.7)(573.9, 702.6)(502.1, 702.6);SD
Module:M13
Boundary:(20.0, 20.0)(107.4, 20.0)(107.4, 20.5)(124.7, 20.5)(124.7, 119.3)(20.0, 119.3);GATE
Port:(33.8, 114.1)(110.9, 114.1)(110.9, 119.3)(33.8, 119.3);SD
Port:(20.0, 20.0)(107.4, 20.0)(107.4, 20.5)(124.7, 20.5)(124.7, 112.1)(20.0, 112.1);GATE
Port:(26.5, 25.5)(100.9, 25.5)(100.9, 30.7)(26.5, 30.7);SD
Module:M10
Boundary:(328.4, 356.5)(328.4, 439.9)(189.0, 439.9)(189.0, 454.5)(102.4, 454.5)(102.4, 356.5);GATE
Port:(102.4, 371.3)(107.1, 371.3)(107.1, 439.7)(102.4, 439.7);SD
Port:(328.4, 356.5)(328.4, 439.9)(189.0, 439.9)(189.0, 454.5)(109.9, 454.5)(109.9, 356.5);GATE
Port:(316.3, 362.8)(323.1, 362.8)(323.1, 432.6)(316.3, 432.6);SD
Module:M29
Boundary:(368.4, 300.9)(446.3, 300.9)(446.3, 471.4)(368.4, 471.4);GATE
Port:(380.7, 466.0)(434.0, 466.0)(434.0, 471.4)(380.7, 471.4);SD
Port:(368.4, 300.9)(446.3, 300.9)(446.3, 463.7)(368.4, 463.7);GATE
Port:(374.4, 305.9)(440.3, 305.9)(440.3, 310.9)(374.4, 310.9);SD
Module:M7
Boundary:(20.0, 352.8)(62.4, 352.8)(62.4, 532.5)(20.0, 532.5);GATE
Port:(30.8, 526.6)(51.6, 526.6)(51.6, 532.5)(30.8, 532.5);SD
Port:(20.0, 352.8)(62.4, 352.8)(62.4, 525.1)(20.0, 525.1);GATE
Port:(25.0, 356.8)(57.4, 356.8)(57.4, 361.5)(25.0, 361.5);SD
Module:M3
Boundary:(598.2, 138.6)(598.2, 243.8)(597.6, 243.8)(597.6, 260.9)(422.4, 260.9)(422.4, 138.6);GATE
Port:(422.4, 153.4)(427.0, 153.4)(427.0, 246.1)(422.4, 246.1);SD
Port:(598.2, 138.6)(598.2, 243.8)(597.6, 243.8)(597.6, 260.9)(428.8, 260.9)(428.8, 138.6);GATE
Port:(586.4, 145.3)(592.5, 145.3)(592.5, 237.1)(586.4, 237.1);SD
Module:M26
Boundary:(164.7, 20.0)(259.7, 20.0)(259.7, 33.4)(274.1, 33.4)(274.1, 109.7)(164.7, 109.7);GATE
Port:(177.6, 104.2)(261.2, 104.2)(261.2, 109.7)(177.6, 109.7);SD
Port:(164.7, 20.0)(259.7, 20.0)(259.7, 33.4)(274.1, 33.4)(274.1, 103.2)(164.7, 103.2);GATE
Port:(169.7, 24.0)(253.7, 24.0)(253.7, 30.9)(169.7, 30.9);SD
Module:M23
Boundary:(382.4, 151.4)(382.4, 203.2)(382.3, 203.2)(382.3, 220.0)(164.7, 220.0)(164.7, 151.4);GATE
Port:(164.7, 165.0)(170.6, 165.0)(170.6, 206.4)(164.7, 206.4);SD
Port:(382.4, 151.4)(382.4, 203.2)(382.3, 203.2)(382.3, 220.0)(173.4, 220.0)(173.4, 151.4);GATE
Port:(370.8, 156.4)(378.4, 156.4)(378.4, 198.2)(370.8, 198.2);SD
Module:M18
Boundary:(490.8, 964.4)(573.5, 964.4)(573.5, 1051.1)(588.7, 1051.1)(588.7, 1163.8)(490.8, 1163.8);GATE
Port:(503.7, 1158.0)(575.8, 1158.0)(575.8, 1163.8)(503.7, 1163.8);SD
Port:(490.8, 964.4)(573.5, 964.4)(573.5, 1051.1)(588.7, 1051.1)(588.7, 1155.3)(490.8, 1155.3);GATE
Port:(496.7, 969.3)(566.6, 969.3)(566.6, 975.3)(496.7, 975.3);SD
Module:M20
Boundary:(259.4, 494.5)(259.4, 544.9)(165.2, 544.9)(165.2, 560.7)(102.4, 560.7)(102.4, 494.5);GATE
Port:(102.4, 506.9)(107.4, 506.9)(107.4, 548.3)(102.4, 548.3);SD
Port:(259.4, 494.5)(259.4, 544.9)(165.2, 544.9)(165.2, 560.7)(109.8, 560.7)(109.8, 494.5);GATE
Port:(249.9, 499.5)(255.4, 499.5)(255.4, 538.9)(249.9, 538.9);SD
Module:M15
Boundary:(265.0, 711.0)(265.0, 798.3)(264.7, 798.3)(264.7, 815.0)(159.1, 815.0)(159.1, 711.0);GATE
Port:(159.1, 726.4)(163.7, 726.4)(163.7, 799.6)(159.1, 799.6);SD
Port:(265.0, 711.0)(265.0, 798.3)(264.7, 798.3)(264.7, 815.0)(166.1, 815.0)(166.1, 711.0);GATE
Port:(252.6, 717.8)(259.2, 717.8)(259.2, 791.5)(252.6, 791.5);SD
Module:M12
Boundary:(571.6, 20.0)(571.6, 84.4)(558.7, 84.4)(558.7, 98.6)(415.8, 98.6)(415.8, 20.0);GATE
Port:(415.8, 32.9)(421.4, 32.9)(421.4, 85.7)(415.8, 85.7);SD
Port:(571.6, 20.0)(571.6, 84.4)(558.7, 84.4)(558.7, 98.6)(423.8, 98.6)(423.8, 20.0);GATE
Port:(560.3, 26.2)(566.4, 26.2)(566.4, 77.2)(560.3, 77.2);SD
Module:M8
Boundary:(445.2, 785.4)(445.2, 865.3)(403.9, 865.3)(403.9, 879.7)(319.8, 879.7)(319.8, 785.4);GATE
Port:(319.8, 797.9)(324.0, 797.9)(324.0, 867.2)(319.8, 867.2);SD
Port:(445.2, 785.4)(445.2, 865.3)(403.9, 865.3)(403.9, 879.7)(326.8, 879.7)(326.8, 785.4);GATE
Port:(435.0, 792.0)(439.6, 792.0)(439.6, 857.7)(435.0, 857.7);SD
Module:M4
Boundary:(151.2, 600.7)(220.3, 600.7)(220.3, 604.9)(235.3, 604.9)(235.3, 671.0)(151.2, 671.0);GATE
Port:(165.9, 666.5)(220.6, 666.5)(220.6, 671.0)(165.9, 671.0);SD
Port:(151.2, 600.7)(220.3, 600.7)(220.3, 604.9)(235.3, 604.9)(235.3, 663.9)(151.2, 663.9);GATE
Port:(157.5, 606.0)(213.0, 606.0)(213.0, 612.7)(157.5, 612.7);SD
Module:M28
Boundary:(111.2, 600.7)(111.2, 665.3)(72.6, 665.3)(72.6, 679.6)(20.0, 679.6)(20.0, 600.7);GATE
Port:(20.0, 613.3)(24.8, 613.3)(24.8, 667.0)(20.0, 667.0);SD
Port:(111.2, 600.7)(111.2, 665.3)(72.6, 665.3)(72.6, 679.6)(27.4, 679.6)(27.4, 600.7);GATE
Port:(100.2, 607.1)(105.8, 607.1)(105.8, 657.9)(100.2, 657.9);SD
Module:M30
Boundary:(108.9, 1006.8)(108.9, 1058.1)(71.3, 1058.1)(71.3, 1073.4)(20.0, 1073.4)(20.0, 1006.8);GATE
Port:(20.0, 1020.4)(25.5, 1020.4)(25.5, 1059.8)(20.0, 1059.8);SD
Port:(108.9, 1006.8)(108.9, 1058.1)(71.3, 1058.1)(71.3, 1073.4)(27.6, 1073.4)(27.6, 1006.8);GATE
Port:(98.4, 1012.5)(104.2, 1012.5)(104.2, 1051.4)(98.4, 1051.4);SD
Module:M25
Boundary:(269.8, 855.8)(269.8, 935.0)(148.2, 935.0)(148.2, 855.8);GATE
Port:(148.2, 869.3)(153.1, 869.3)(153.1, 921.5)(148.2, 921.5);SD
Port:(269.8, 855.8)(269.8, 935.0)(155.5, 935.0)(155.5, 855.8);GATE
Port:(258.7, 862.3)(264.3, 862.3)(264.3, 928.5)(258.7, 928.5);SD
Module:M22
Boundary:(598.2, 538.5)(598.2, 631.9)(546.9, 631.9)(546.9, 649.8)(488.6, 649.8)(488.6, 538.5);GATE
Port:(488.6, 552.6)(494.0, 552.6)(494.0, 635.7)(488.6, 635.7);SD
Port:(598.2, 538.5)(598.2, 631.9)(546.9, 631.9)(546.9, 649.8)(496.1, 649.8)(496.1, 538.5);GATE
Port:(587.6, 544.4)(593.3, 544.4)(593.3, 625.0)(587.6, 625.0);SD
Module:M17
Boundary:(20.0, 719.6)(119.1, 719.6)(119.1, 815.8)(20.0, 815.8);GATE
Port:(32.8, 811.8)(106.3, 811.8)(106.3, 815.8)(32.8, 815.8);SD
Port:(20.0, 719.6)(119.1, 719.6)(119.1, 810.1)(20.0, 810.1);GATE
Port:(25.8, 724.4)(113.3, 724.4)(113.3, 730.6)(25.8, 730.6);SD
