Area:(35.2, -20.0)(1921.6, -20.0)(1921.6, 644.5)(35.2, 644.5)
Rule:GATE(5,5);SD(5,5);GATE_SD(0.5);GATE_ITO(0.5);SD_ITO(0.5)
Module:M35
Boundary:(1811.3, 53.1)(1811.3, 133.4)(1656.6, 133.4)(1656.6, 53.1);GATE
Port:(1656.6, 66.2)(1662.6, 66.2)(1662.6, 120.3)(1656.6, 120.3);SD
Port:(1811.3, 53.1)(1811.3, 133.4)(1663.8, 133.4)(1663.8, 53.1);GATE
Port:(1800.8, 60.0)(1805.4, 60.0)(1805.4, 126.5)(1800.8, 126.5);SD
Module:M25
Boundary:(1393.3, 64.1)(1393.3, 150.7)(1246.0, 150.7)(1246.0, 64.1);GATE
Port:(1246.0, 79.0)(1250.1, 79.0)(1250.1, 135.8)(1246.0, 135.8);SD
Port:(1393.3, 64.1)(1393.3, 150.7)(1252.5, 150.7)(1252.5, 64.1);GATE
Port:(1381.1, 70.3)(1388.1, 70.3)(1388.1, 144.5)(1381.1, 144.5);SD
Module:M28
Boundary:(1641.6, 36.1)(1641.6, 116.3)(1636.0, 116.3)(1636.0, 130.8)(1564.4, 130.8)(1564.4, 36.1);GATE
Port:(1564.4, 48.6)(1569.4, 48.6)(1569.4, 118.3)(1564.4, 118.3);SD
Port:(1641.6, 36.1)(1641.6, 116.3)(1636.0, 116.3)(1636.0, 130.8)(1570.6, 130.8)(1570.6, 36.1);GATE
Port:(1631.2, 42.7)(1636.0, 42.7)(1636.0, 108.7)(1631.2, 108.7);SD
Module:M31
Boundary:(996.0, 20.0)(1069.1, 20.0)(1069.1, 116.8)(996.0, 116.8);GATE
Port:(1007.7, 111.1)(1057.4, 111.1)(1057.4, 116.8)(1007.7, 116.8);SD
Port:(996.0, 20.0)(1069.1, 20.0)(1069.1, 109.4)(996.0, 109.4);GATE
Port:(1001.5, 24.5)(1063.6, 24.5)(1063.6, 30.1)(1001.5, 30.1);SD
Module:M30
Boundary:(75.2, 37.2)(129.5, 37.2)(129.5, 83.5)(146.7, 83.5)(146.7, 137.8)(75.2, 137.8);GATE
Port:(89.0, 133.4)(132.9, 133.4)(132.9, 137.8)(89.0, 137.8);SD
Port:(75.2, 37.2)(129.5, 37.2)(129.5, 83.5)(146.7, 83.5)(146.7, 131.9)(75.2, 131.9);GATE
Port:(80.6, 41.6)(123.1, 41.6)(123.1, 47.8)(80.6, 47.8);SD
Module:M13
Boundary:(153.0, 31.9)(203.2, 31.9)(203.2, 32.1)(219.1, 32.1)(219.1, 133.2)(153.0, 133.2);GATE
Port:(166.8, 127.6)(205.3, 127.6)(205.3, 133.2)(166.8, 133.2);SD
Port:(153.0, 31.9)(203.2, 31.9)(203.2, 32.1)(219.1, 32.1)(219.1, 124.7)(153.0, 124.7);GATE
Port:(159.2, 37.1)(197.0, 37.1)(197.0, 43.4)(159.2, 43.4);SD
Module:M14
Boundary:(1070.7, 34.4)(1168.8, 34.4)(1168.8, 68.8)(1183.8, 68.8)(1183.8, 142.8)(1070.7, 142.8);GATE
Port:(1083.5, 138.1)(1171.0, 138.1)(1171.0, 142.8)(1083.5, 142.8);SD
Port:(1070.7, 34.4)(1168.8, 34.4)(1168.8, 68.8)(1183.8, 68.8)(1183.8, 136.6)(1070.7, 136.6);GATE
Port:(1077.3, 40.0)(1161.2, 40.0)(1161.2, 44.8)(1077.3, 44.8);SD
Module:M7
Boundary:(267.8, 54.5)(372.6, 54.5)(372.6, 172.3)(267.8, 172.3);GATE
Port:(283.4, 166.7)(357.0, 166.7)(357.0, 172.3)(283.4, 172.3);SD
Port:(267.8, 54.5)(372.6, 54.5)(372.6, 164.2)(267.8, 164.2);GATE
Port:(274.7, 60.4)(365.7, 60.4)(365.7, 67.5)(274.7, 67.5);SD
Module:M22
Boundary:(1557.5, 72.9)(1557.5, 177.6)(1540.4, 177.6)(1540.4, 193.5)(1447.2, 193.5)(1447.2, 72.9);GATE
Port:(1447.2, 87.5)(1451.8, 87.5)(1451.8, 178.9)(1447.2, 178.9);SD
Port:(1557.5, 72.9)(1557.5, 177.6)(1540.4, 177.6)(1540.4, 193.5)(1454.7, 193.5)(1454.7, 72.9);GATE
Port:(1545.9, 78.8)(1552.6, 78.8)(1552.6, 170.7)(1545.9, 170.7);SD
Module:M5
Boundary:(870.7, 64.6)(968.9, 64.6)(968.9, 191.5)(870.7, 191.5);GATE
Port:(884.1, 187.3)(955.5, 187.3)(955.5, 191.5)(884.1, 191.5);SD
Port:(870.7, 64.6)(968.9, 64.6)(968.9, 184.9)(870.7, 184.9);GATE
Port:(876.8, 69.7)(962.8, 69.7)(962.8, 75.3)(876.8, 75.3);SD
Module:M33
Boundary:(399.2, 54.3)(486.4, 54.3)(486.4, 190.3)(399.2, 190.3);GATE
Port:(412.4, 185.5)(473.2, 185.5)(473.2, 190.3)(412.4, 190.3);SD
Port:(399.2, 54.3)(486.4, 54.3)(486.4, 183.3)(399.2, 183.3);GATE
Port:(404.6, 58.7)(481.0, 58.7)(481.0, 64.5)(404.6, 64.5);SD
Module:M37
Boundary:(717.1, 84.6)(767.7, 84.6)(767.7, 84.9)(782.7, 84.9)(782.7, 248.8)(717.1, 248.8);GATE
Port:(731.8, 242.8)(768.0, 242.8)(768.0, 248.8)(731.8, 248.8);SD
Port:(717.1, 84.6)(767.7, 84.6)(767.7, 84.9)(782.7, 84.9)(782.7, 239.9)(717.1, 239.9);GATE
Port:(724.1, 90.6)(760.7, 90.6)(760.7, 97.2)(724.1, 97.2);SD
Module:M1
Boundary:(796.5, 20.0)(855.4, 20.0)(855.4, 199.4)(796.5, 199.4);GATE
Port:(808.5, 194.3)(843.4, 194.3)(843.4, 199.4)(808.5, 199.4);SD
Port:(796.5, 20.0)(855.4, 20.0)(855.4, 192.8)(796.5, 192.8);GATE
Port:(801.9, 24.4)(850.0, 24.4)(850.0, 30.3)(801.9, 30.3);SD
Module:M23
Boundary:(373.4, 178.3)(373.4, 227.0)(373.4, 227.0)(373.4, 243.6)(196.7, 243.6)(196.7, 178.3);GATE
Port:(196.7, 190.4)(202.5, 190.4)(202.5, 231.5)(196.7, 231.5);SD
Port:(373.4, 178.3)(373.4, 227.0)(373.4, 227.0)(373.4, 243.6)(204.9, 243.6)(204.9, 178.3);GATE
Port:(363.3, 183.6)(369.1, 183.6)(369.1, 221.7)(363.3, 221.7);SD
Module:M27
Boundary:(517.8, 23.2)(630.5, 23.2)(630.5, 247.2)(517.8, 247.2);GATE
Port:(533.1, 242.9)(615.2, 242.9)(615.2, 247.2)(533.1, 247.2);SD
Port:(517.8, 23.2)(630.5, 23.2)(630.5, 241.9)(517.8, 241.9);GATE
Port:(524.4, 28.8)(623.9, 28.8)(623.9, 35.3)(524.4, 35.3);SD
Module:M6
Boundary:(1804.4, 187.1)(1868.1, 187.1)(1868.1, 242.4)(1881.6, 242.4)(1881.6, 319.5)(1804.4, 319.5);GATE
Port:(1817.8, 315.0)(1868.2, 315.0)(1868.2, 319.5)(1817.8, 319.5);SD
Port:(1804.4, 187.1)(1868.1, 187.1)(1868.1, 242.4)(1881.6, 242.4)(1881.6, 313.8)(1804.4, 313.8);GATE
Port:(1811.2, 192.9)(1860.3, 192.9)(1860.3, 198.5)(1811.2, 198.5);SD
Module:M11
Boundary:(1662.5, 220.0)(1736.6, 220.0)(1736.6, 348.6)(1662.5, 348.6);GATE
Port:(1678.6, 343.8)(1720.5, 343.8)(1720.5, 348.6)(1678.6, 348.6);SD
Port:(1662.5, 220.0)(1736.6, 220.0)(1736.6, 341.3)(1662.5, 341.3);GATE
Port:(1669.4, 225.9)(1729.7, 225.9)(1729.7, 232.8)(1669.4, 232.8);SD
Module:M24
Boundary:(1118.1, 163.4)(1223.7, 163.4)(1223.7, 219.7)(1239.5, 219.7)(1239.5, 331.4)(1118.1, 331.4);GATE
Port:(1133.4, 327.1)(1224.2, 327.1)(1224.2, 331.4)(1133.4, 331.4);SD
Port:(1118.1, 163.4)(1223.7, 163.4)(1223.7, 219.7)(1239.5, 219.7)(1239.5, 324.7)(1118.1, 324.7);GATE
Port:(1124.4, 168.7)(1216.4, 168.7)(1216.4, 175.9)(1124.4, 175.9);SD
Module:M19
Boundary:(1270.4, 156.6)(1373.9, 156.6)(1373.9, 351.9)(1270.4, 351.9);GATE
Port:(1283.9, 346.2)(1360.4, 346.2)(1360.4, 351.9)(1283.9, 351.9);SD
Port:(1270.4, 156.6)(1373.9, 156.6)(1373.9, 343.5)(1270.4, 343.5);GATE
Port:(1277.0, 162.2)(1367.3, 162.2)(1367.3, 168.3)(1277.0, 168.3);SD
Module:M32
Boundary:(1448.6, 172.4)(1496.4, 172.4)(1496.4, 214.2)(1511.8, 214.2)(1511.8, 333.7)(1448.6, 333.7);GATE
Port:(1460.4, 329.6)(1500.0, 329.6)(1500.0, 333.7)(1460.4, 333.7);SD
Port:(1448.6, 172.4)(1496.4, 172.4)(1496.4, 214.2)(1511.8, 214.2)(1511.8, 326.9)(1448.6, 326.9);GATE
Port:(1453.7, 176.5)(1490.3, 176.5)(1490.3, 181.0)(1453.7, 181.0);SD
Module:M43
Boundary:(91.2, 147.7)(178.0, 147.7)(178.0, 341.5)(91.2, 341.5);GATE
Port:(104.2, 337.2)(165.0, 337.2)(165.0, 341.5)(104.2, 341.5);SD
Port:(91.2, 147.7)(178.0, 147.7)(178.0, 335.3)(91.2, 335.3);GATE
Port:(97.9, 153.4)(171.3, 153.4)(171.3, 158.8)(97.9, 158.8);SD
Module:M2
Boundary:(360.4, 277.8)(360.4, 334.3)(319.4, 334.3)(319.4, 351.5)(197.0, 351.5)(197.0, 277.8);GATE
Port:(197.0, 292.5)(202.7, 292.5)(202.7, 336.8)(197.0, 336.8);SD
Port:(360.4, 277.8)(360.4, 334.3)(319.4, 334.3)(319.4, 351.5)(205.2, 351.5)(205.2, 277.8);GATE
Port:(348.8, 284.0)(355.2, 284.0)(355.2, 327.1)(348.8, 327.1);SD
Module:M40
Boundary:(834.0, 249.4)(834.0, 342.8)(821.5, 342.8)(821.5, 356.8)(682.5, 356.8)(682.5, 249.4);GATE
Port:(682.5, 262.4)(687.8, 262.4)(687.8, 343.8)(682.5, 343.8);SD
Port:(834.0, 249.4)(834.0, 342.8)(821.5, 342.8)(821.5, 356.8)(689.2, 356.8)(689.2, 249.4);GATE
Port:(823.5, 255.4)(829.0, 255.4)(829.0, 335.8)(823.5, 335.8);SD
Module:M9
Boundary:(888.2, 202.3)(955.9, 202.3)(955.9, 202.5)(973.1, 202.5)(973.1, 382.7)(888.2, 382.7);GATE
Port:(901.1, 377.3)(960.2, 377.3)(960.2, 382.7)(901.1, 382.7);SD
Port:(888.2, 202.3)(955.9, 202.3)(955.9, 202.5)(973.1, 202.5)(973.1, 375.8)(888.2, 375.8);GATE
Port:(894.0, 207.1)(950.1, 207.1)(950.1, 212.5)(894.0, 212.5);SD
Module:M26
Boundary:(373.5, 228.0)(456.5, 228.0)(456.5, 395.0)(373.5, 395.0);GATE
Port:(386.7, 390.4)(443.3, 390.4)(443.3, 395.0)(386.7, 395.0);SD
Port:(373.5, 228.0)(456.5, 228.0)(456.5, 388.7)(373.5, 388.7);GATE
Port:(380.3, 233.8)(449.7, 233.8)(449.7, 239.4)(380.3, 239.4);SD
Module:M20
Boundary:(984.8, 156.8)(1038.4, 156.8)(1038.4, 215.4)(1054.1, 215.4)(1054.1, 376.9)(984.8, 376.9);GATE
Port:(999.2, 371.2)(1039.7, 371.2)(1039.7, 376.9)(999.2, 376.9);SD
Port:(984.8, 156.8)(1038.4, 156.8)(1038.4, 215.4)(1054.1, 215.4)(1054.1, 370.1)(984.8, 370.1);GATE
Port:(990.5, 161.5)(1031.7, 161.5)(1031.7, 168.8)(990.5, 168.8);SD
Module:M8
Boundary:(654.8, 298.5)(654.8, 392.0)(619.9, 392.0)(619.9, 405.6)(543.9, 405.6)(543.9, 298.5);GATE
Port:(543.9, 311.8)(548.6, 311.8)(548.6, 392.3)(543.9, 392.3);SD
Port:(654.8, 298.5)(654.8, 392.0)(619.9, 392.0)(619.9, 405.6)(549.7, 405.6)(549.7, 298.5);GATE
Port:(643.3, 305.1)(649.2, 305.1)(649.2, 384.4)(643.3, 384.4);SD
Module:M34
Boundary:(1515.1, 207.4)(1586.7, 207.4)(1586.7, 246.8)(1599.2, 246.8)(1599.2, 430.2)(1515.1, 430.2);GATE
Port:(1526.7, 425.1)(1587.6, 425.1)(1587.6, 430.2)(1526.7, 430.2);SD
Port:(1515.1, 207.4)(1586.7, 207.4)(1586.7, 246.8)(1599.2, 246.8)(1599.2, 422.4)(1515.1, 422.4);GATE
Port:(1521.1, 212.4)(1579.7, 212.4)(1579.7, 217.5)(1521.1, 217.5);SD
Module:M12
Boundary:(1796.4, 329.8)(1858.5, 329.8)(1858.5, 372.6)(1872.0, 372.6)(1872.0, 461.3)(1796.4, 461.3);GATE
Port:(1809.4, 455.7)(1859.0, 455.7)(1859.0, 461.3)(1809.4, 461.3);SD
Port:(1796.4, 329.8)(1858.5, 329.8)(1858.5, 372.6)(1872.0, 372.6)(1872.0, 453.2)(1796.4, 453.2);GATE
Port:(1802.7, 335.1)(1851.2, 335.1)(1851.2, 340.4)(1802.7, 340.4);SD
Module:M36
Boundary:(841.5, 362.2)(841.5, 413.7)(802.2, 413.7)(802.2, 429.3)(688.7, 429.3)(688.7, 362.2);GATE
Port:(688.7, 375.5)(692.9, 375.5)(692.9, 416.0)(688.7, 416.0);SD
Port:(841.5, 362.2)(841.5, 413.7)(802.2, 413.7)(802.2, 429.3)(694.5, 429.3)(694.5, 362.2);GATE
Port:(830.6, 367.6)(837.1, 367.6)(837.1, 407.3)(830.6, 407.3);SD
Module:M38
Boundary:(1600.9, 322.6)(1662.2, 322.6)(1662.2, 348.7)(1675.5, 348.7)(1675.5, 476.4)(1600.9, 476.4);GATE
Port:(1613.2, 470.8)(1663.2, 470.8)(1663.2, 476.4)(1613.2, 476.4);SD
Port:(1600.9, 322.6)(1662.2, 322.6)(1662.2, 348.7)(1675.5, 348.7)(1675.5, 468.6)(1600.9, 468.6);GATE
Port:(1606.2, 326.9)(1655.9, 326.9)(1655.9, 332.9)(1606.2, 332.9);SD
Module:M4
Boundary:(305.1, 355.2)(305.1, 426.8)(251.1, 426.8)(251.1, 442.6)(98.1, 442.6)(98.1, 355.2);GATE
Port:(98.1, 370.0)(102.7, 370.0)(102.7, 427.8)(98.1, 427.8);SD
Port:(305.1, 355.2)(305.1, 426.8)(251.1, 426.8)(251.1, 442.6)(105.4, 442.6)(105.4, 355.2);GATE
Port:(292.9, 362.1)(299.2, 362.1)(299.2, 418.9)(292.9, 418.9);SD
Module:M16
Boundary:(1484.6, 377.1)(1484.6, 452.7)(1375.9, 452.7)(1375.9, 466.5)(1281.0, 466.5)(1281.0, 377.1);GATE
Port:(1281.0, 388.4)(1286.4, 388.4)(1286.4, 455.2)(1281.0, 455.2);SD
Port:(1484.6, 377.1)(1484.6, 452.7)(1375.9, 452.7)(1375.9, 466.5)(1287.9, 466.5)(1287.9, 377.1);GATE
Port:(1475.1, 382.1)(1480.6, 382.1)(1480.6, 446.7)(1475.1, 446.7);SD
Module:M45
Boundary:(1222.1, 359.3)(1222.1, 449.0)(1079.0, 449.0)(1079.0, 359.3);GATE
Port:(1079.0, 372.1)(1083.8, 372.1)(1083.8, 436.2)(1079.0, 436.2);SD
Port:(1222.1, 359.3)(1222.1, 449.0)(1085.2, 449.0)(1085.2, 359.3);GATE
Port:(1211.2, 365.9)(1216.5, 365.9)(1216.5, 442.4)(1211.2, 442.4);SD
Module:M10
Boundary:(714.6, 406.0)(714.6, 464.5)(679.0, 464.5)(679.0, 477.3)(513.4, 477.3)(513.4, 406.0);GATE
Port:(513.4, 417.4)(518.4, 417.4)(518.4, 465.9)(513.4, 465.9);SD
Port:(714.6, 406.0)(714.6, 464.5)(679.0, 464.5)(679.0, 477.3)(521.1, 477.3)(521.1, 406.0);GATE
Port:(704.9, 412.1)(709.5, 412.1)(709.5, 457.4)(704.9, 457.4);SD
Module:M18
Boundary:(321.4, 413.5)(388.8, 413.5)(388.8, 449.1)(404.3, 449.1)(404.3, 524.9)(321.4, 524.9);GATE
Port:(334.3, 519.9)(391.4, 519.9)(391.4, 524.9)(334.3, 524.9);SD
Port:(321.4, 413.5)(388.8, 413.5)(388.8, 449.1)(404.3, 449.1)(404.3, 518.8)(321.4, 518.8);GATE
Port:(326.6, 417.7)(382.6, 417.7)(382.6, 423.6)(326.6, 423.6);SD
Module:M17
Boundary:(1510.4, 453.4)(1566.4, 453.4)(1566.4, 453.5)(1584.5, 453.5)(1584.5, 578.4)(1510.4, 578.4);GATE
Port:(1525.4, 574.0)(1569.5, 574.0)(1569.5, 578.4)(1525.4, 578.4);SD
Port:(1510.4, 453.4)(1566.4, 453.4)(1566.4, 453.5)(1584.5, 453.5)(1584.5, 573.0)(1510.4, 573.0);GATE
Port:(1516.8, 458.8)(1560.0, 458.8)(1560.0, 465.5)(1516.8, 465.5);SD
Module:M39
Boundary:(866.6, 515.7)(866.6, 565.1)(866.4, 565.1)(866.4, 581.2)(731.8, 581.2)(731.8, 515.7);GATE
Port:(731.8, 529.2)(737.5, 529.2)(737.5, 567.7)(731.8, 567.7);SD
Port:(866.6, 515.7)(866.6, 565.1)(866.4, 565.1)(866.4, 581.2)(740.0, 581.2)(740.0, 515.7);GATE
Port:(856.1, 520.8)(862.5, 520.8)(862.5, 560.0)(856.1, 560.0);SD
Module:M15
Boundary:(984.0, 377.0)(1068.0, 377.0)(1068.0, 556.3)(984.0, 556.3);GATE
Port:(998.1, 551.2)(1053.9, 551.2)(1053.9, 556.3)(998.1, 556.3);SD
Port:(984.0, 377.0)(1068.0, 377.0)(1068.0, 549.4)(984.0, 549.4);GATE
Port:(989.9, 381.9)(1062.1, 381.9)(1062.1, 389.1)(989.9, 389.1);SD
Module:M42
Boundary:(866.7, 407.3)(953.7, 407.3)(953.7, 477.2)(969.9, 477.2)(969.9, 604.5)(866.7, 604.5);GATE
Port:(880.4, 600.3)(956.2, 600.3)(956.2, 604.5)(880.4, 604.5);SD
Port:(866.7, 407.3)(953.7, 407.3)(953.7, 477.2)(969.9, 477.2)(969.9, 598.2)(866.7, 598.2);GATE
Port:(872.9, 412.5)(946.5, 412.5)(946.5, 417.9)(872.9, 417.9);SD
Module:M21
Boundary:(1495.5, 510.6)(1495.5, 566.0)(1495.5, 566.0)(1495.5, 584.6)(1307.2, 584.6)(1307.2, 510.6);GATE
Port:(1307.2, 525.0)(1313.1, 525.0)(1313.1, 570.2)(1307.2, 570.2);SD
Port:(1495.5, 510.6)(1495.5, 566.0)(1495.5, 566.0)(1495.5, 584.6)(1315.0, 584.6)(1315.0, 510.6);GATE
Port:(1484.1, 517.2)(1489.9, 517.2)(1489.9, 559.4)(1484.1, 559.4);SD
Module:M41
Boundary:(1252.4, 510.3)(1252.4, 571.4)(1252.3, 571.4)(1252.3, 585.1)(1092.8, 585.1)(1092.8, 510.3);GATE
Port:(1092.8, 524.0)(1098.5, 524.0)(1098.5, 571.4)(1092.8, 571.4);SD
Port:(1252.4, 510.3)(1252.4, 571.4)(1252.3, 571.4)(1252.3, 585.1)(1099.5, 585.1)(1099.5, 510.3);GATE
Port:(1240.3, 516.7)(1247.0, 516.7)(1247.0, 565.0)(1240.3, 565.0);SD
Module:M29
Boundary:(1840.0, 509.9)(1840.0, 600.0)(1644.1, 600.0)(1644.1, 509.9);GATE
Port:(1644.1, 524.7)(1649.8, 524.7)(1649.8, 585.2)(1644.1, 585.2);SD
Port:(1840.0, 509.9)(1840.0, 600.0)(1652.1, 600.0)(1652.1, 509.9);GATE
Port:(1827.5, 516.2)(1834.7, 516.2)(1834.7, 593.7)(1827.5, 593.7);SD
Module:M3
Boundary:(308.7, 469.3)(308.7, 536.9)(308.7, 536.9)(308.7, 552.8)(120.4, 552.8)(120.4, 469.3);GATE
Port:(120.4, 483.3)(124.6, 483.3)(124.6, 538.8)(120.4, 538.8);SD
Port:(308.7, 469.3)(308.7, 536.9)(308.7, 536.9)(308.7, 552.8)(126.9, 552.8)(126.9, 469.3);GATE
Port:(296.5, 475.8)(303.2, 475.8)(303.2, 530.4)(296.5, 530.4);SD
Module:M44
Boundary:(763.9, 530.1)(763.9, 580.8)(727.2, 580.8)(727.2, 595.9)(556.4, 595.9)(556.4, 530.1);GATE
Port:(556.4, 543.1)(560.9, 543.1)(560.9, 582.9)(556.4, 582.9);SD
Port:(763.9, 530.1)(763.9, 580.8)(727.2, 580.8)(727.2, 595.9)(563.4, 595.9)(563.4, 530.1);GATE
Port:(753.4, 536.1)(758.9, 536.1)(758.9, 573.8)(753.4, 573.8);SD
