Area:(-20.0, -20.0)(1693.0, -20.0)(1693.0, 699.0)(-20.0, 699.0)
Rule:GATE(5,5);SD(5,5);GATE_SD(0.5);GATE_ITO(0.5);SD_ITO(0.5)
Module:M14
Boundary:(673.0, 312.0)(749.0, 312.0)(749.0, 320.0)(764.0, 320.0)(764.0, 457.0)(673.0, 457.0);GATE
Port:(687.5, 447.0)(749.5, 447.0)(749.5, 457.0)(687.5, 457.0);SD
Port:(673.0, 312.0)(749.0, 312.0)(749.0, 320.0)(764.0, 320.0)(764.0, 442.0)(673.0, 442.0);GATE
Port:(683.0, 317.0)(734.0, 317.0)(734.0, 321.0)(683.0, 321.0);SD
Module:M9
Boundary:(923.0, 303.0)(1034.5, 303.0)(1034.5, 414.0)(1158.0, 414.0)(1158.0, 460.0)(923.0, 460.0);GATE
Port:(937.5, 450.0)(1143.5, 450.0)(1143.5, 460.0)(937.5, 460.0);SD
Port:(923.0, 303.0)(1034.5, 303.0)(1034.5, 414.0)(1158.0, 414.0)(1158.0, 445.0)(923.0, 445.0);GATE
Port:(933.0, 308.0)(1020.0, 308.0)(1020.0, 312.0)(933.0, 312.0);SD
Module:M5
Boundary:(765.0, 199.0)(765.0, 272.0)(680.0, 272.0)(680.0, 199.0);GATE
Port:(680.0, 213.5)(690.0, 213.5)(690.0, 257.5)(680.0, 257.5);SD
Port:(765.0, 199.0)(765.0, 272.0)(695.0, 272.0)(695.0, 199.0);GATE
Port:(756.0, 209.0)(760.0, 209.0)(760.0, 262.0)(756.0, 262.0);SD
Module:M11
Boundary:(1529.0, 564.0)(1529.0, 640.0)(1521.0, 640.0)(1521.0, 655.0)(1378.0, 655.0)(1378.0, 564.0);GATE
Port:(1378.0, 578.5)(1388.0, 578.5)(1388.0, 640.5)(1378.0, 640.5);SD
Port:(1529.0, 564.0)(1529.0, 640.0)(1521.0, 640.0)(1521.0, 655.0)(1393.0, 655.0)(1393.0, 564.0);GATE
Port:(1520.0, 574.0)(1524.0, 574.0)(1524.0, 625.0)(1520.0, 625.0);SD
Module:M1
Boundary:(1341.0, 303.0)(1341.0, 396.5)(1281.3, 396.5)(1281.3, 466.0)(1198.0, 466.0)(1198.0, 303.0);GATE
Port:(1198.0, 317.5)(1208.0, 317.5)(1208.0, 451.5)(1198.0, 451.5);SD
Port:(1341.0, 303.0)(1341.0, 396.5)(1281.3, 396.5)(1281.3, 466.0)(1213.0, 466.0)(1213.0, 303.0);GATE
Port:(1332.0, 313.0)(1336.0, 313.0)(1336.0, 382.0)(1332.0, 382.0);SD
Module:M38
Boundary:(781.0, 525.0)(928.5, 525.0)(928.5, 541.0)(944.0, 541.0)(944.0, 633.0)(781.0, 633.0);GATE
Port:(795.5, 623.0)(929.5, 623.0)(929.5, 633.0)(795.5, 633.0);SD
Port:(781.0, 525.0)(928.5, 525.0)(928.5, 541.0)(944.0, 541.0)(944.0, 618.0)(781.0, 618.0);GATE
Port:(791.0, 530.0)(914.0, 530.0)(914.0, 534.0)(791.0, 534.0);SD
Module:M40
Boundary:(1642.0, 312.0)(1642.0, 423.5)(1623.2, 423.5)(1623.2, 475.0)(1570.0, 475.0)(1570.0, 312.0);GATE
Port:(1570.0, 326.5)(1580.0, 326.5)(1580.0, 460.5)(1570.0, 460.5);SD
Port:(1642.0, 312.0)(1642.0, 423.5)(1623.2, 423.5)(1623.2, 475.0)(1585.0, 475.0)(1585.0, 312.0);GATE
Port:(1633.0, 322.0)(1637.0, 322.0)(1637.0, 409.0)(1633.0, 409.0);SD
Module:M35
Boundary:(1641.0, 30.0)(1641.0, 103.0)(1534.0, 103.0)(1534.0, 30.0);GATE
Port:(1534.0, 44.5)(1544.0, 44.5)(1544.0, 88.5)(1534.0, 88.5);SD
Port:(1641.0, 30.0)(1641.0, 103.0)(1549.0, 103.0)(1549.0, 30.0);GATE
Port:(1632.0, 40.0)(1636.0, 40.0)(1636.0, 93.0)(1632.0, 93.0);SD
Module:M32
Boundary:(1141.0, 20.0)(1141.0, 96.0)(1133.0, 96.0)(1133.0, 111.0)(944.0, 111.0)(944.0, 20.0);GATE
Port:(944.0, 34.5)(954.0, 34.5)(954.0, 96.5)(944.0, 96.5);SD
Port:(1141.0, 20.0)(1141.0, 96.0)(1133.0, 96.0)(1133.0, 111.0)(959.0, 111.0)(959.0, 20.0);GATE
Port:(1132.0, 30.0)(1136.0, 30.0)(1136.0, 81.0)(1132.0, 81.0);SD
Module:M27
Boundary:(331.0, 331.0)(404.0, 331.0)(404.0, 526.0)(331.0, 526.0);GATE
Port:(345.5, 516.0)(389.5, 516.0)(389.5, 526.0)(345.5, 526.0);SD
Port:(331.0, 331.0)(404.0, 331.0)(404.0, 511.0)(331.0, 511.0);GATE
Port:(341.0, 336.0)(394.0, 336.0)(394.0, 340.0)(341.0, 340.0);SD
Module:M24
Boundary:(265.0, 534.0)(265.0, 627.5)(255.0, 627.5)(255.0, 643.0)(193.0, 643.0)(193.0, 534.0);GATE
Port:(193.0, 548.5)(203.0, 548.5)(203.0, 628.5)(193.0, 628.5);SD
Port:(265.0, 534.0)(265.0, 627.5)(255.0, 627.5)(255.0, 643.0)(208.0, 643.0)(208.0, 534.0);GATE
Port:(256.0, 544.0)(260.0, 544.0)(260.0, 613.0)(256.0, 613.0);SD
Module:M19
Boundary:(680.0, 20.0)(753.0, 20.0)(753.0, 158.0)(680.0, 158.0);GATE
Port:(694.5, 148.0)(738.5, 148.0)(738.5, 158.0)(694.5, 158.0);SD
Port:(680.0, 20.0)(753.0, 20.0)(753.0, 143.0)(680.0, 143.0);GATE
Port:(690.0, 25.0)(743.0, 25.0)(743.0, 29.0)(690.0, 29.0);SD
Module:M6
Boundary:(640.0, 20.0)(640.0, 131.5)(628.0, 131.5)(628.0, 147.0)(444.0, 147.0)(444.0, 20.0);GATE
Port:(444.0, 34.5)(454.0, 34.5)(454.0, 132.5)(444.0, 132.5);SD
Port:(640.0, 20.0)(640.0, 131.5)(628.0, 131.5)(628.0, 147.0)(459.0, 147.0)(459.0, 20.0);GATE
Port:(631.0, 30.0)(635.0, 30.0)(635.0, 117.0)(631.0, 117.0);SD
Module:M21
Boundary:(633.0, 187.0)(633.0, 316.5)(574.5, 316.5)(574.5, 368.0)(444.0, 368.0)(444.0, 187.0);GATE
Port:(444.0, 201.5)(454.0, 201.5)(454.0, 353.5)(444.0, 353.5);SD
Port:(633.0, 187.0)(633.0, 316.5)(574.5, 316.5)(574.5, 368.0)(459.0, 368.0)(459.0, 187.0);GATE
Port:(624.0, 197.0)(628.0, 197.0)(628.0, 302.0)(624.0, 302.0);SD
Module:M2
Boundary:(1347.0, 30.0)(1440.5, 30.0)(1440.5, 57.1)(1474.0, 57.1)(1474.0, 104.0)(1347.0, 104.0);GATE
Port:(1361.5, 94.0)(1459.5, 94.0)(1459.5, 104.0)(1361.5, 104.0);SD
Port:(1347.0, 30.0)(1440.5, 30.0)(1440.5, 57.1)(1474.0, 57.1)(1474.0, 89.0)(1347.0, 89.0);GATE
Port:(1357.0, 35.0)(1426.0, 35.0)(1426.0, 39.0)(1357.0, 39.0);SD
Module:M16
Boundary:(20.0, 467.0)(96.0, 467.0)(96.0, 475.0)(111.0, 475.0)(111.0, 541.0)(20.0, 541.0);GATE
Port:(34.5, 531.0)(96.5, 531.0)(96.5, 541.0)(34.5, 541.0);SD
Port:(20.0, 467.0)(96.0, 467.0)(96.0, 475.0)(111.0, 475.0)(111.0, 526.0)(20.0, 526.0);GATE
Port:(30.0, 472.0)(81.0, 472.0)(81.0, 476.0)(30.0, 476.0);SD
Module:M13
Boundary:(403.0, 566.0)(403.0, 642.0)(395.0, 642.0)(395.0, 657.0)(305.0, 657.0)(305.0, 566.0);GATE
Port:(305.0, 580.5)(315.0, 580.5)(315.0, 642.5)(305.0, 642.5);SD
Port:(403.0, 566.0)(403.0, 642.0)(395.0, 642.0)(395.0, 657.0)(320.0, 657.0)(320.0, 566.0);GATE
Port:(394.0, 576.0)(398.0, 576.0)(398.0, 627.0)(394.0, 627.0);SD
Module:M10
Boundary:(153.0, 354.0)(153.0, 427.0)(20.0, 427.0)(20.0, 354.0);GATE
Port:(20.0, 368.5)(30.0, 368.5)(30.0, 412.5)(20.0, 412.5);SD
Port:(153.0, 354.0)(153.0, 427.0)(35.0, 427.0)(35.0, 354.0);GATE
Port:(144.0, 364.0)(148.0, 364.0)(148.0, 417.0)(144.0, 417.0);SD
Module:M37
Boundary:(944.0, 151.0)(1073.5, 151.0)(1073.5, 165.0)(1089.0, 165.0)(1089.0, 263.0)(944.0, 263.0);GATE
Port:(958.5, 253.0)(1074.5, 253.0)(1074.5, 263.0)(958.5, 263.0);SD
Port:(944.0, 151.0)(1073.5, 151.0)(1073.5, 165.0)(1089.0, 165.0)(1089.0, 248.0)(944.0, 248.0);GATE
Port:(954.0, 156.0)(1059.0, 156.0)(1059.0, 160.0)(954.0, 160.0);SD
Module:M34
Boundary:(731.0, 497.0)(731.0, 590.5)(721.0, 590.5)(721.0, 606.0)(662.0, 606.0)(662.0, 497.0);GATE
Port:(662.0, 511.5)(672.0, 511.5)(672.0, 591.5)(662.0, 591.5);SD
Port:(731.0, 497.0)(731.0, 590.5)(721.0, 590.5)(721.0, 606.0)(677.0, 606.0)(677.0, 497.0);GATE
Port:(722.0, 507.0)(726.0, 507.0)(726.0, 576.0)(722.0, 576.0);SD
Module:M29
Boundary:(394.0, 30.0)(394.0, 123.5)(384.0, 123.5)(384.0, 139.0)(316.0, 139.0)(316.0, 30.0);GATE
Port:(316.0, 44.5)(326.0, 44.5)(326.0, 124.5)(316.0, 124.5);SD
Port:(394.0, 30.0)(394.0, 123.5)(384.0, 123.5)(384.0, 139.0)(331.0, 139.0)(331.0, 30.0);GATE
Port:(385.0, 40.0)(389.0, 40.0)(389.0, 109.0)(385.0, 109.0);SD
Module:M7
Boundary:(622.0, 582.0)(622.0, 655.0)(444.0, 655.0)(444.0, 582.0);GATE
Port:(444.0, 596.5)(454.0, 596.5)(454.0, 640.5)(444.0, 640.5);SD
Port:(622.0, 582.0)(622.0, 655.0)(459.0, 655.0)(459.0, 582.0);GATE
Port:(613.0, 592.0)(617.0, 592.0)(617.0, 645.0)(613.0, 645.0);SD
Module:M31
Boundary:(994.0, 500.0)(1141.5, 500.0)(1141.5, 516.0)(1157.0, 516.0)(1157.0, 659.0)(994.0, 659.0);GATE
Port:(1008.5, 649.0)(1142.5, 649.0)(1142.5, 659.0)(1008.5, 659.0);SD
Port:(994.0, 500.0)(1141.5, 500.0)(1141.5, 516.0)(1157.0, 516.0)(1157.0, 644.0)(994.0, 644.0);GATE
Port:(1004.0, 505.0)(1127.0, 505.0)(1127.0, 509.0)(1004.0, 509.0);SD
Module:M3
Boundary:(1349.0, 154.0)(1496.5, 154.0)(1496.5, 170.0)(1512.0, 170.0)(1512.0, 249.0)(1349.0, 249.0);GATE
Port:(1363.5, 239.0)(1497.5, 239.0)(1497.5, 249.0)(1363.5, 249.0);SD
Port:(1349.0, 154.0)(1496.5, 154.0)(1496.5, 170.0)(1512.0, 170.0)(1512.0, 234.0)(1349.0, 234.0);GATE
Port:(1359.0, 159.0)(1482.0, 159.0)(1482.0, 163.0)(1359.0, 163.0);SD
Module:M26
Boundary:(803.0, 30.0)(879.0, 30.0)(879.0, 38.0)(894.0, 38.0)(894.0, 149.0)(803.0, 149.0);GATE
Port:(817.5, 139.0)(879.5, 139.0)(879.5, 149.0)(817.5, 149.0);SD
Port:(803.0, 30.0)(879.0, 30.0)(879.0, 38.0)(894.0, 38.0)(894.0, 134.0)(803.0, 134.0);GATE
Port:(813.0, 35.0)(864.0, 35.0)(864.0, 39.0)(813.0, 39.0);SD
Module:M23
Boundary:(1653.0, 153.0)(1653.0, 246.5)(1643.0, 246.5)(1643.0, 262.0)(1560.0, 262.0)(1560.0, 153.0);GATE
Port:(1560.0, 167.5)(1570.0, 167.5)(1570.0, 247.5)(1560.0, 247.5);SD
Port:(1653.0, 153.0)(1653.0, 246.5)(1643.0, 246.5)(1643.0, 262.0)(1575.0, 262.0)(1575.0, 153.0);GATE
Port:(1644.0, 163.0)(1648.0, 163.0)(1648.0, 232.0)(1644.0, 232.0);SD
Module:M18
Boundary:(869.0, 402.0)(869.0, 475.0)(805.0, 475.0)(805.0, 402.0);GATE
Port:(805.0, 416.5)(815.0, 416.5)(815.0, 460.5)(805.0, 460.5);SD
Port:(869.0, 402.0)(869.0, 475.0)(820.0, 475.0)(820.0, 402.0);GATE
Port:(860.0, 412.0)(864.0, 412.0)(864.0, 465.0)(860.0, 465.0);SD
Module:M20
Boundary:(1297.0, 20.0)(1297.0, 96.0)(1289.0, 96.0)(1289.0, 111.0)(1181.0, 111.0)(1181.0, 20.0);GATE
Port:(1181.0, 34.5)(1191.0, 34.5)(1191.0, 96.5)(1181.0, 96.5);SD
Port:(1297.0, 20.0)(1297.0, 96.0)(1289.0, 96.0)(1289.0, 111.0)(1196.0, 111.0)(1196.0, 20.0);GATE
Port:(1288.0, 30.0)(1292.0, 30.0)(1292.0, 81.0)(1288.0, 81.0);SD
Module:M15
Boundary:(1569.0, 525.0)(1642.0, 525.0)(1642.0, 659.0)(1569.0, 659.0);GATE
Port:(1583.5, 649.0)(1627.5, 649.0)(1627.5, 659.0)(1583.5, 659.0);SD
Port:(1569.0, 525.0)(1642.0, 525.0)(1642.0, 644.0)(1569.0, 644.0);GATE
Port:(1579.0, 530.0)(1632.0, 530.0)(1632.0, 534.0)(1579.0, 534.0);SD
Module:M12
Boundary:(86.0, 20.0)(86.0, 149.5)(72.0, 149.5)(72.0, 165.0)(20.0, 165.0)(20.0, 20.0);GATE
Port:(20.0, 34.5)(30.0, 34.5)(30.0, 150.5)(20.0, 150.5);SD
Port:(86.0, 20.0)(86.0, 149.5)(72.0, 149.5)(72.0, 165.0)(35.0, 165.0)(35.0, 20.0);GATE
Port:(77.0, 30.0)(81.0, 30.0)(81.0, 135.0)(77.0, 135.0);SD
Module:M39
Boundary:(883.0, 199.0)(883.0, 346.5)(867.0, 346.5)(867.0, 362.0)(805.0, 362.0)(805.0, 199.0);GATE
Port:(805.0, 213.5)(815.0, 213.5)(815.0, 347.5)(805.0, 347.5);SD
Port:(883.0, 199.0)(883.0, 346.5)(867.0, 346.5)(867.0, 362.0)(820.0, 362.0)(820.0, 199.0);GATE
Port:(874.0, 209.0)(878.0, 209.0)(878.0, 332.0)(874.0, 332.0);SD
Module:M8
Boundary:(149.0, 581.0)(149.0, 654.0)(20.0, 654.0)(20.0, 581.0);GATE
Port:(20.0, 595.5)(30.0, 595.5)(30.0, 639.5)(20.0, 639.5);SD
Port:(149.0, 581.0)(149.0, 654.0)(35.0, 654.0)(35.0, 581.0);GATE
Port:(140.0, 591.0)(144.0, 591.0)(144.0, 644.0)(140.0, 644.0);SD
Module:M4
Boundary:(1309.0, 154.0)(1309.0, 247.5)(1299.0, 247.5)(1299.0, 263.0)(1129.0, 263.0)(1129.0, 154.0);GATE
Port:(1129.0, 168.5)(1139.0, 168.5)(1139.0, 248.5)(1129.0, 248.5);SD
Port:(1309.0, 154.0)(1309.0, 247.5)(1299.0, 247.5)(1299.0, 263.0)(1144.0, 263.0)(1144.0, 154.0);GATE
Port:(1300.0, 164.0)(1304.0, 164.0)(1304.0, 233.0)(1300.0, 233.0);SD
Module:M36
Boundary:(1338.0, 506.0)(1338.0, 635.5)(1324.0, 635.5)(1324.0, 651.0)(1197.0, 651.0)(1197.0, 506.0);GATE
Port:(1197.0, 520.5)(1207.0, 520.5)(1207.0, 636.5)(1197.0, 636.5);SD
Port:(1338.0, 506.0)(1338.0, 635.5)(1324.0, 635.5)(1324.0, 651.0)(1212.0, 651.0)(1212.0, 506.0);GATE
Port:(1329.0, 516.0)(1333.0, 516.0)(1333.0, 621.0)(1329.0, 621.0);SD
Module:M33
Boundary:(444.0, 408.0)(573.5, 408.0)(573.5, 422.0)(589.0, 422.0)(589.0, 542.0)(444.0, 542.0);GATE
Port:(458.5, 532.0)(574.5, 532.0)(574.5, 542.0)(458.5, 542.0);SD
Port:(444.0, 408.0)(573.5, 408.0)(573.5, 422.0)(589.0, 422.0)(589.0, 527.0)(444.0, 527.0);GATE
Port:(454.0, 413.0)(559.0, 413.0)(559.0, 417.0)(454.0, 417.0);SD
Module:M28
Boundary:(98.0, 205.0)(98.0, 298.5)(88.0, 298.5)(88.0, 314.0)(20.0, 314.0)(20.0, 205.0);GATE
Port:(20.0, 219.5)(30.0, 219.5)(30.0, 299.5)(20.0, 299.5);SD
Port:(98.0, 205.0)(98.0, 298.5)(88.0, 298.5)(88.0, 314.0)(35.0, 314.0)(35.0, 205.0);GATE
Port:(89.0, 215.0)(93.0, 215.0)(93.0, 284.0)(89.0, 284.0);SD
Module:M30
Boundary:(256.0, 30.0)(256.0, 123.5)(244.0, 123.5)(244.0, 139.0)(136.0, 139.0)(136.0, 30.0);GATE
Port:(136.0, 44.5)(146.0, 44.5)(146.0, 124.5)(136.0, 124.5);SD
Port:(256.0, 30.0)(256.0, 123.5)(244.0, 123.5)(244.0, 139.0)(151.0, 139.0)(151.0, 30.0);GATE
Port:(247.0, 40.0)(251.0, 40.0)(251.0, 109.0)(247.0, 109.0);SD
Module:M25
Boundary:(1520.0, 289.0)(1520.0, 364.5)(1445.0, 364.5)(1445.0, 524.0)(1381.0, 524.0)(1381.0, 289.0);GATE
Port:(1381.0, 303.5)(1391.0, 303.5)(1391.0, 509.5)(1381.0, 509.5);SD
Port:(1520.0, 289.0)(1520.0, 364.5)(1445.0, 364.5)(1445.0, 524.0)(1396.0, 524.0)(1396.0, 289.0);GATE
Port:(1511.0, 299.0)(1515.0, 299.0)(1515.0, 350.0)(1511.0, 350.0);SD
Module:M22
Boundary:(148.0, 199.0)(295.5, 199.0)(295.5, 244.0)(383.0, 244.0)(383.0, 281.0)(148.0, 281.0);GATE
Port:(162.5, 271.0)(368.5, 271.0)(368.5, 281.0)(162.5, 281.0);SD
Port:(148.0, 199.0)(295.5, 199.0)(295.5, 244.0)(383.0, 244.0)(383.0, 266.0)(148.0, 266.0);GATE
Port:(158.0, 204.0)(281.0, 204.0)(281.0, 208.0)(158.0, 208.0);SD
Module:M17
Boundary:(291.0, 331.0)(291.0, 478.5)(275.0, 478.5)(275.0, 494.0)(193.0, 494.0)(193.0, 331.0);GATE
Port:(193.0, 345.5)(203.0, 345.5)(203.0, 479.5)(193.0, 479.5);SD
Port:(291.0, 331.0)(291.0, 478.5)(275.0, 478.5)(275.0, 494.0)(208.0, 494.0)(208.0, 331.0);GATE
Port:(282.0, 341.0)(286.0, 341.0)(286.0, 464.0)(282.0, 464.0);SD
