Area:(11.0, -9.8)(647.0, -9.8)(647.0, 428.6)(11.0, 428.6)
Rule:GATE(5,5);SD(5,5);GATE_SD(0.5);GATE_ITO(0.5);SD_ITO(0.5)
Module:M7
Boundary:(422.7, 41.2)(422.7, 117.2)(414.7, 117.2)(414.7, 132.2)(340.7, 132.2)(340.7, 41.2);GATE
Port:(340.7, 55.7)(350.7, 55.7)(350.7, 117.7)(340.7, 117.7);SD
Port:(422.7, 41.2)(422.7, 117.2)(414.7, 117.2)(414.7, 132.2)(355.7, 132.2)(355.7, 41.2);GATE
Port:(413.7, 51.2)(417.7, 51.2)(417.7, 102.2)(413.7, 102.2);SD
Module:M3
Boundary:(604.4, 57.3)(604.4, 150.8)(594.4, 150.8)(594.4, 166.3)(482.4, 166.3)(482.4, 57.3);GATE
Port:(482.4, 71.8)(492.4, 71.8)(492.4, 151.8)(482.4, 151.8);SD
Port:(604.4, 57.3)(604.4, 150.8)(594.4, 150.8)(594.4, 166.3)(497.4, 166.3)(497.4, 57.3);GATE
Port:(595.4, 67.3)(599.4, 67.3)(599.4, 136.3)(595.4, 136.3);SD
Module:M10
Boundary:(198.0, 180.8)(198.0, 105.3)(231.5, 105.3)(231.5, 53.8)(318.0, 53.8)(318.0, 180.8);GATE
Port:(308.0, 68.3)(318.0, 68.3)(318.0, 166.3)(308.0, 166.3);SD
Port:(198.0, 180.8)(198.0, 105.3)(231.5, 105.3)(231.5, 53.8)(303.0, 53.8)(303.0, 180.8);GATE
Port:(203.0, 119.8)(207.0, 119.8)(207.0, 170.8)(203.0, 170.8);SD
Module:M8
Boundary:(179.0, 30.2)(179.0, 177.7)(163.0, 177.7)(163.0, 193.2)(51.0, 193.2)(51.0, 30.2);GATE
Port:(51.0, 44.7)(61.0, 44.7)(61.0, 178.7)(51.0, 178.7);SD
Port:(179.0, 30.2)(179.0, 177.7)(163.0, 177.7)(163.0, 193.2)(66.0, 193.2)(66.0, 30.2);GATE
Port:(170.0, 40.2)(174.0, 40.2)(174.0, 163.2)(170.0, 163.2);SD
Module:M9
Boundary:(607.0, 168.3)(495.5, 168.3)(495.5, 183.3)(480.0, 183.3)(480.0, 239.3)(607.0, 239.3);GATE
Port:(494.5, 229.3)(592.5, 229.3)(592.5, 239.3)(494.5, 239.3);SD
Port:(607.0, 168.3)(495.5, 168.3)(495.5, 183.3)(480.0, 183.3)(480.0, 224.3)(607.0, 224.3);GATE
Port:(510.0, 173.3)(597.0, 173.3)(597.0, 177.3)(510.0, 177.3);SD
Module:M2
Boundary:(368.0, 249.0)(368.0, 173.0)(376.0, 173.0)(376.0, 158.0)(440.0, 158.0)(440.0, 249.0);GATE
Port:(430.0, 172.5)(440.0, 172.5)(440.0, 234.5)(430.0, 234.5);SD
Port:(368.0, 249.0)(368.0, 173.0)(376.0, 173.0)(376.0, 158.0)(425.0, 158.0)(425.0, 249.0);GATE
Port:(373.0, 188.0)(377.0, 188.0)(377.0, 239.0)(373.0, 239.0);SD
Module:M5
Boundary:(304.9, 189.4)(304.9, 318.9)(253.9, 318.9)(253.9, 370.4)(207.9, 370.4)(207.9, 189.4);GATE
Port:(207.9, 203.9)(217.9, 203.9)(217.9, 355.9)(207.9, 355.9);SD
Port:(304.9, 189.4)(304.9, 318.9)(253.9, 318.9)(253.9, 370.4)(222.9, 370.4)(222.9, 189.4);GATE
Port:(295.9, 199.4)(299.9, 199.4)(299.9, 304.4)(295.9, 304.4);SD
Module:M1
Boundary:(54.5, 380.9)(54.5, 269.4)(127.5, 269.4)(127.5, 199.9)(176.5, 199.9)(176.5, 380.9);GATE
Port:(166.5, 214.4)(176.5, 214.4)(176.5, 366.4)(166.5, 366.4);SD
Port:(54.5, 380.9)(54.5, 269.4)(127.5, 269.4)(127.5, 199.9)(161.5, 199.9)(161.5, 380.9);GATE
Port:(59.5, 283.9)(63.5, 283.9)(63.5, 370.9)(59.5, 370.9);SD
Module:M4
Boundary:(317.9, 259.0)(317.9, 370.5)(329.9, 370.5)(329.9, 386.0)(435.9, 386.0)(435.9, 259.0);GATE
Port:(425.9, 273.5)(435.9, 273.5)(435.9, 371.5)(425.9, 371.5);SD
Port:(317.9, 259.0)(317.9, 370.5)(329.9, 370.5)(329.9, 386.0)(420.9, 386.0)(420.9, 259.0);GATE
Port:(322.9, 269.0)(326.9, 269.0)(326.9, 356.0)(322.9, 356.0);SD
Module:M6
Boundary:(473.1, 258.6)(566.6, 258.6)(566.6, 268.6)(582.1, 268.6)(582.1, 388.6)(473.1, 388.6);GATE
Port:(487.6, 378.6)(567.6, 378.6)(567.6, 388.6)(487.6, 388.6);SD
Port:(473.1, 258.6)(566.6, 258.6)(566.6, 268.6)(582.1, 268.6)(582.1, 373.6)(473.1, 373.6);GATE
Port:(483.1, 263.6)(552.1, 263.6)(552.1, 267.6)(483.1, 267.6);SD
