Area:(3.5, -20.0)(987.0, -20.0)(987.0, 491.1)(3.5, 491.1)
Rule:GATE(5,5);SD(5,5);GATE_SD(0.5);GATE_ITO(0.5);SD_ITO(0.5)
Module:M14
Boundary:(141.5, 118.8)(141.5, 68.7)(90.3, 68.7)(90.3, 54.0)(43.5, 54.0)(43.5, 118.8);GATE
Port:(43.5, 66.9)(48.1, 66.9)(48.1, 105.9)(43.5, 105.9);SD
Port:(141.5, 118.8)(141.5, 68.7)(90.3, 68.7)(90.3, 54.0)(50.1, 54.0)(50.1, 118.8);GATE
Port:(130.2, 75.9)(136.3, 75.9)(136.3, 112.6)(130.2, 112.6);SD
Module:M6
Boundary:(467.1, 38.8)(467.1, 89.2)(388.8, 89.2)(388.8, 104.1)(285.4, 104.1)(285.4, 38.8);GATE
Port:(285.4, 52.1)(290.2, 52.1)(290.2, 90.8)(285.4, 90.8);SD
Port:(467.1, 38.8)(467.1, 89.2)(388.8, 89.2)(388.8, 104.1)(292.9, 104.1)(292.9, 38.8);GATE
Port:(456.5, 45.0)(461.9, 45.0)(461.9, 82.0)(456.5, 82.0);SD
Module:M7
Boundary:(261.2, 93.2)(182.0, 93.2)(182.0, 20.0)(261.2, 20.0);GATE
Port:(195.0, 20.0)(248.2, 20.0)(248.2, 24.1)(195.0, 24.1);SD
Port:(261.2, 93.2)(182.0, 93.2)(182.0, 26.4)(261.2, 26.4);GATE
Port:(187.2, 83.0)(256.0, 83.0)(256.0, 89.0)(187.2, 89.0);SD
Module:M17
Boundary:(319.8, 196.1)(319.8, 133.0)(467.7, 133.0)(467.7, 196.1);GATE
Port:(462.1, 146.4)(467.7, 146.4)(467.7, 182.7)(462.1, 182.7);SD
Port:(319.8, 196.1)(319.8, 133.0)(459.3, 133.0)(459.3, 196.1);GATE
Port:(324.9, 139.1)(330.7, 139.1)(330.7, 190.0)(324.9, 190.0);SD
Module:M16
Boundary:(548.7, 35.3)(482.6, 35.3)(482.6, 93.4)(467.9, 93.4)(467.9, 205.3)(548.7, 205.3);GATE
Port:(481.7, 200.7)(534.9, 200.7)(534.9, 205.3)(481.7, 205.3);SD
Port:(548.7, 35.3)(482.6, 35.3)(482.6, 93.4)(467.9, 93.4)(467.9, 198.5)(548.7, 198.5);GATE
Port:(489.1, 39.8)(543.2, 39.8)(543.2, 46.6)(489.1, 46.6);SD
Module:M19
Boundary:(552.0, 211.2)(648.9, 211.2)(648.9, 39.8)(552.0, 39.8);GATE
Port:(565.8, 39.8)(635.1, 39.8)(635.1, 44.0)(565.8, 44.0);SD
Port:(552.0, 211.2)(648.9, 211.2)(648.9, 46.0)(552.0, 46.0);GATE
Port:(559.0, 199.6)(641.9, 199.6)(641.9, 205.2)(559.0, 205.2);SD
Module:M15
Boundary:(181.4, 147.2)(181.4, 214.8)(292.4, 214.8)(292.4, 147.2);GATE
Port:(287.5, 160.2)(292.4, 160.2)(292.4, 201.8)(287.5, 201.8);SD
Port:(181.4, 147.2)(181.4, 214.8)(286.0, 214.8)(286.0, 147.2);GATE
Port:(185.7, 152.5)(191.2, 152.5)(191.2, 209.5)(185.7, 209.5);SD
Module:M13
Boundary:(46.6, 206.5)(141.7, 206.5)(141.7, 124.8)(46.6, 124.8);GATE
Port:(60.6, 124.8)(127.7, 124.8)(127.7, 129.6)(60.6, 129.6);SD
Port:(46.6, 206.5)(141.7, 206.5)(141.7, 131.3)(46.6, 131.3);GATE
Port:(53.3, 195.1)(135.0, 195.1)(135.0, 200.8)(53.3, 200.8);SD
Module:M12
Boundary:(866.1, 52.0)(932.4, 52.0)(932.4, 68.4)(947.0, 68.4)(947.0, 245.2)(866.1, 245.2);GATE
Port:(879.9, 240.3)(933.2, 240.3)(933.2, 245.2)(879.9, 245.2);SD
Port:(866.1, 52.0)(932.4, 52.0)(932.4, 68.4)(947.0, 68.4)(947.0, 238.4)(866.1, 238.4);GATE
Port:(872.9, 57.8)(924.6, 57.8)(924.6, 63.3)(872.9, 63.3);SD
Module:M9
Boundary:(736.3, 49.7)(823.6, 49.7)(823.6, 251.0)(736.3, 251.0);GATE
Port:(748.7, 246.0)(811.2, 246.0)(811.2, 251.0)(748.7, 251.0);SD
Port:(736.3, 49.7)(823.6, 49.7)(823.6, 243.5)(736.3, 243.5);GATE
Port:(741.6, 54.0)(818.3, 54.0)(818.3, 59.9)(741.6, 59.9);SD
Module:M2
Boundary:(285.6, 284.7)(285.6, 217.8)(93.1, 217.8)(93.1, 284.7);GATE
Port:(93.1, 230.7)(98.4, 230.7)(98.4, 271.8)(93.1, 271.8);SD
Port:(285.6, 284.7)(285.6, 217.8)(101.0, 217.8)(101.0, 284.7);GATE
Port:(276.0, 223.3)(281.1, 223.3)(281.1, 279.2)(276.0, 279.2);SD
Module:M1
Boundary:(565.4, 312.0)(565.4, 220.0)(412.3, 220.0)(412.3, 312.0);GATE
Port:(412.3, 233.1)(417.2, 233.1)(417.2, 298.9)(412.3, 298.9);SD
Port:(565.4, 312.0)(565.4, 220.0)(420.1, 220.0)(420.1, 312.0);GATE
Port:(554.7, 226.6)(559.8, 226.6)(559.8, 305.4)(554.7, 305.4);SD
Module:M8
Boundary:(574.2, 318.2)(574.2, 232.7)(611.5, 232.7)(611.5, 217.3)(674.0, 217.3)(674.0, 318.2);GATE
Port:(670.0, 231.9)(674.0, 231.9)(674.0, 303.6)(670.0, 303.6);SD
Port:(574.2, 318.2)(574.2, 232.7)(611.5, 232.7)(611.5, 217.3)(668.2, 217.3)(668.2, 318.2);GATE
Port:(578.6, 239.1)(586.1, 239.1)(586.1, 312.8)(578.6, 312.8);SD
Module:M20
Boundary:(404.6, 220.6)(404.6, 306.9)(381.0, 306.9)(381.0, 319.8)(301.8, 319.8)(301.8, 220.6);GATE
Port:(301.8, 231.7)(307.1, 231.7)(307.1, 308.7)(301.8, 308.7);SD
Port:(404.6, 220.6)(404.6, 306.9)(381.0, 306.9)(381.0, 319.8)(309.4, 319.8)(309.4, 220.6);GATE
Port:(395.2, 226.8)(399.4, 226.8)(399.4, 299.7)(395.2, 299.7);SD
Module:M4
Boundary:(868.9, 347.8)(868.9, 266.4)(825.8, 266.4)(825.8, 251.4)(703.0, 251.4)(703.0, 347.8);GATE
Port:(703.0, 263.6)(707.4, 263.6)(707.4, 335.6)(703.0, 335.6);SD
Port:(868.9, 347.8)(868.9, 266.4)(825.8, 266.4)(825.8, 251.4)(708.6, 251.4)(708.6, 347.8);GATE
Port:(858.7, 272.9)(864.4, 272.9)(864.4, 342.3)(858.7, 342.3);SD
Module:M10
Boundary:(732.9, 447.3)(732.9, 399.6)(807.3, 399.6)(807.3, 385.3)(941.7, 385.3)(941.7, 447.3);GATE
Port:(937.7, 397.3)(941.7, 397.3)(941.7, 435.3)(937.7, 435.3);SD
Port:(732.9, 447.3)(732.9, 399.6)(807.3, 399.6)(807.3, 385.3)(934.7, 385.3)(934.7, 447.3);GATE
Port:(737.6, 406.3)(743.1, 406.3)(743.1, 441.6)(737.6, 441.6);SD
Module:M3
Boundary:(707.4, 451.1)(707.4, 362.7)(584.3, 362.7)(584.3, 451.1);GATE
Port:(584.3, 376.6)(589.7, 376.6)(589.7, 437.2)(584.3, 437.2);SD
Port:(707.4, 451.1)(707.4, 362.7)(591.6, 362.7)(591.6, 451.1);GATE
Port:(696.3, 367.8)(703.3, 367.8)(703.3, 446.0)(696.3, 446.0);SD
Module:M11
Boundary:(267.1, 440.3)(267.1, 347.8)(266.5, 347.8)(266.5, 332.7)(76.9, 332.7)(76.9, 440.3);GATE
Port:(76.9, 345.5)(82.2, 345.5)(82.2, 427.5)(76.9, 427.5);SD
Port:(267.1, 440.3)(267.1, 347.8)(266.5, 347.8)(266.5, 332.7)(84.3, 332.7)(84.3, 440.3);GATE
Port:(256.7, 354.3)(261.6, 354.3)(261.6, 433.8)(256.7, 433.8);SD
Module:M18
Boundary:(434.9, 426.5)(434.9, 341.7)(470.0, 341.7)(470.0, 326.9)(577.6, 326.9)(577.6, 426.5);GATE
Port:(573.5, 341.3)(577.6, 341.3)(577.6, 412.1)(573.5, 412.1);SD
Port:(434.9, 426.5)(434.9, 341.7)(470.0, 341.7)(470.0, 326.9)(571.8, 326.9)(571.8, 426.5);GATE
Port:(440.8, 349.6)(447.5, 349.6)(447.5, 419.6)(440.8, 419.6);SD
Module:M5
Boundary:(285.4, 433.1)(399.0, 433.1)(399.0, 351.4)(285.4, 351.4);GATE
Port:(299.3, 351.4)(385.1, 351.4)(385.1, 355.8)(299.3, 355.8);SD
Port:(285.4, 433.1)(399.0, 433.1)(399.0, 358.5)(285.4, 358.5);GATE
Port:(291.8, 421.5)(392.6, 421.5)(392.6, 427.7)(291.8, 427.7);SD
