Area:(-20.0, -20.0)(937.0, -20.0)(937.0, 778.0)(-20.0, 778.0)
Rule:GATE(5,5);SD(5,5);GATE_SD(0.5);GATE_ITO(0.5);SD_ITO(0.5)
Module:M14
Boundary:(467.0, 416.0)(543.0, 416.0)(543.0, 424.0)(558.0, 424.0)(558.0, 535.0)(467.0, 535.0);GATE
Port:(481.5, 525.0)(543.5, 525.0)(543.5, 535.0)(481.5, 535.0);SD
Port:(467.0, 416.0)(543.0, 416.0)(543.0, 424.0)(558.0, 424.0)(558.0, 520.0)(467.0, 520.0);GATE
Port:(477.0, 421.0)(528.0, 421.0)(528.0, 425.0)(477.0, 425.0);SD
Module:M9
Boundary:(427.0, 447.0)(427.0, 523.0)(419.0, 523.0)(419.0, 538.0)(307.0, 538.0)(307.0, 447.0);GATE
Port:(307.0, 461.5)(317.0, 461.5)(317.0, 523.5)(307.0, 523.5);SD
Port:(427.0, 447.0)(427.0, 523.0)(419.0, 523.0)(419.0, 538.0)(322.0, 538.0)(322.0, 447.0);GATE
Port:(418.0, 457.0)(422.0, 457.0)(422.0, 508.0)(418.0, 508.0);SD
Module:M5
Boundary:(84.0, 187.0)(84.0, 280.5)(58.0, 280.5)(58.0, 332.0)(20.0, 332.0)(20.0, 187.0);GATE
Port:(20.0, 201.5)(30.0, 201.5)(30.0, 317.5)(20.0, 317.5);SD
Port:(84.0, 187.0)(84.0, 280.5)(58.0, 280.5)(58.0, 332.0)(35.0, 332.0)(35.0, 187.0);GATE
Port:(75.0, 197.0)(79.0, 197.0)(79.0, 266.0)(75.0, 266.0);SD
Module:M11
Boundary:(287.0, 20.0)(287.0, 93.0)(134.0, 93.0)(134.0, 20.0);GATE
Port:(134.0, 34.5)(144.0, 34.5)(144.0, 78.5)(134.0, 78.5);SD
Port:(287.0, 20.0)(287.0, 93.0)(149.0, 93.0)(149.0, 20.0);GATE
Port:(278.0, 30.0)(282.0, 30.0)(282.0, 83.0)(278.0, 83.0);SD
Module:M1
Boundary:(94.0, 20.0)(94.0, 131.5)(82.0, 131.5)(82.0, 147.0)(20.0, 147.0)(20.0, 20.0);GATE
Port:(20.0, 34.5)(30.0, 34.5)(30.0, 132.5)(20.0, 132.5);SD
Port:(94.0, 20.0)(94.0, 131.5)(82.0, 131.5)(82.0, 147.0)(35.0, 147.0)(35.0, 20.0);GATE
Port:(85.0, 30.0)(89.0, 30.0)(89.0, 117.0)(85.0, 117.0);SD
Module:M24
Boundary:(823.0, 443.0)(896.0, 443.0)(896.0, 547.0)(823.0, 547.0);GATE
Port:(837.5, 537.0)(881.5, 537.0)(881.5, 547.0)(837.5, 547.0);SD
Port:(823.0, 443.0)(896.0, 443.0)(896.0, 532.0)(823.0, 532.0);GATE
Port:(833.0, 448.0)(886.0, 448.0)(886.0, 452.0)(833.0, 452.0);SD
Module:M19
Boundary:(354.0, 578.0)(483.5, 578.0)(483.5, 623.2)(535.0, 623.2)(535.0, 727.0)(354.0, 727.0);GATE
Port:(368.5, 717.0)(520.5, 717.0)(520.5, 727.0)(368.5, 727.0);SD
Port:(354.0, 578.0)(483.5, 578.0)(483.5, 623.2)(535.0, 623.2)(535.0, 712.0)(354.0, 712.0);GATE
Port:(364.0, 583.0)(469.0, 583.0)(469.0, 587.0)(364.0, 587.0);SD
Module:M6
Boundary:(169.0, 580.0)(226.5, 580.0)(226.5, 631.8)(314.0, 631.8)(314.0, 734.0)(169.0, 734.0);GATE
Port:(183.5, 724.0)(299.5, 724.0)(299.5, 734.0)(183.5, 734.0);SD
Port:(169.0, 580.0)(226.5, 580.0)(226.5, 631.8)(314.0, 631.8)(314.0, 719.0)(169.0, 719.0);GATE
Port:(179.0, 585.0)(212.0, 585.0)(212.0, 589.0)(179.0, 589.0);SD
Module:M21
Boundary:(639.0, 213.0)(750.5, 213.0)(750.5, 225.0)(766.0, 225.0)(766.0, 386.0)(639.0, 386.0);GATE
Port:(653.5, 376.0)(751.5, 376.0)(751.5, 386.0)(653.5, 386.0);SD
Port:(639.0, 213.0)(750.5, 213.0)(750.5, 225.0)(766.0, 225.0)(766.0, 371.0)(639.0, 371.0);GATE
Port:(649.0, 218.0)(736.0, 218.0)(736.0, 222.0)(649.0, 222.0);SD
Module:M2
Boundary:(20.0, 413.0)(113.5, 413.0)(113.5, 423.0)(129.0, 423.0)(129.0, 606.0)(20.0, 606.0);GATE
Port:(34.5, 596.0)(114.5, 596.0)(114.5, 606.0)(34.5, 606.0);SD
Port:(20.0, 413.0)(113.5, 413.0)(113.5, 423.0)(129.0, 423.0)(129.0, 591.0)(20.0, 591.0);GATE
Port:(30.0, 418.0)(99.0, 418.0)(99.0, 422.0)(30.0, 422.0);SD
Module:M16
Boundary:(735.0, 593.0)(735.0, 704.5)(663.8, 704.5)(663.8, 738.0)(575.0, 738.0)(575.0, 593.0);GATE
Port:(575.0, 607.5)(585.0, 607.5)(585.0, 723.5)(575.0, 723.5);SD
Port:(735.0, 593.0)(735.0, 704.5)(663.8, 704.5)(663.8, 738.0)(590.0, 738.0)(590.0, 593.0);GATE
Port:(726.0, 603.0)(730.0, 603.0)(730.0, 690.0)(726.0, 690.0);SD
Module:M13
Boundary:(454.0, 216.0)(565.5, 216.0)(565.5, 287.2)(599.0, 287.2)(599.0, 376.0)(454.0, 376.0);GATE
Port:(468.5, 366.0)(584.5, 366.0)(584.5, 376.0)(468.5, 376.0);SD
Port:(454.0, 216.0)(565.5, 216.0)(565.5, 287.2)(599.0, 287.2)(599.0, 361.0)(454.0, 361.0);GATE
Port:(464.0, 221.0)(551.0, 221.0)(551.0, 225.0)(464.0, 225.0);SD
Module:M10
Boundary:(341.0, 208.0)(414.0, 208.0)(414.0, 407.0)(341.0, 407.0);GATE
Port:(355.5, 397.0)(399.5, 397.0)(399.5, 407.0)(355.5, 407.0);SD
Port:(341.0, 208.0)(414.0, 208.0)(414.0, 392.0)(341.0, 392.0);GATE
Port:(351.0, 213.0)(404.0, 213.0)(404.0, 217.0)(351.0, 217.0);SD
Module:M7
Boundary:(134.0, 133.0)(281.5, 133.0)(281.5, 149.0)(297.0, 149.0)(297.0, 242.0)(134.0, 242.0);GATE
Port:(148.5, 232.0)(282.5, 232.0)(282.5, 242.0)(148.5, 242.0);SD
Port:(134.0, 133.0)(281.5, 133.0)(281.5, 149.0)(297.0, 149.0)(297.0, 227.0)(134.0, 227.0);GATE
Port:(144.0, 138.0)(267.0, 138.0)(267.0, 142.0)(144.0, 142.0);SD
Module:M3
Boundary:(806.0, 147.0)(882.0, 147.0)(882.0, 155.0)(897.0, 155.0)(897.0, 287.0)(806.0, 287.0);GATE
Port:(820.5, 277.0)(882.5, 277.0)(882.5, 287.0)(820.5, 287.0);SD
Port:(806.0, 147.0)(882.0, 147.0)(882.0, 155.0)(897.0, 155.0)(897.0, 272.0)(806.0, 272.0);GATE
Port:(816.0, 152.0)(867.0, 152.0)(867.0, 156.0)(816.0, 156.0);SD
Module:M23
Boundary:(894.0, 593.0)(894.0, 722.5)(880.0, 722.5)(880.0, 738.0)(775.0, 738.0)(775.0, 593.0);GATE
Port:(775.0, 607.5)(785.0, 607.5)(785.0, 723.5)(775.0, 723.5);SD
Port:(894.0, 593.0)(894.0, 722.5)(880.0, 722.5)(880.0, 738.0)(790.0, 738.0)(790.0, 593.0);GATE
Port:(885.0, 603.0)(889.0, 603.0)(889.0, 708.0)(885.0, 708.0);SD
Module:M18
Boundary:(454.0, 20.0)(583.5, 20.0)(583.5, 34.0)(599.0, 34.0)(599.0, 176.0)(454.0, 176.0);GATE
Port:(468.5, 166.0)(584.5, 166.0)(584.5, 176.0)(468.5, 176.0);SD
Port:(454.0, 20.0)(583.5, 20.0)(583.5, 34.0)(599.0, 34.0)(599.0, 161.0)(454.0, 161.0);GATE
Port:(464.0, 25.0)(569.0, 25.0)(569.0, 29.0)(464.0, 29.0);SD
Module:M20
Boundary:(783.0, 426.0)(783.0, 537.5)(771.0, 537.5)(771.0, 553.0)(598.0, 553.0)(598.0, 426.0);GATE
Port:(598.0, 440.5)(608.0, 440.5)(608.0, 538.5)(598.0, 538.5);SD
Port:(783.0, 426.0)(783.0, 537.5)(771.0, 537.5)(771.0, 553.0)(613.0, 553.0)(613.0, 426.0);GATE
Port:(774.0, 436.0)(778.0, 436.0)(778.0, 523.0)(774.0, 523.0);SD
Module:M15
Boundary:(267.0, 413.0)(267.0, 524.5)(255.0, 524.5)(255.0, 540.0)(169.0, 540.0)(169.0, 413.0);GATE
Port:(169.0, 427.5)(179.0, 427.5)(179.0, 525.5)(169.0, 525.5);SD
Port:(267.0, 413.0)(267.0, 524.5)(255.0, 524.5)(255.0, 540.0)(184.0, 540.0)(184.0, 413.0);GATE
Port:(258.0, 423.0)(262.0, 423.0)(262.0, 510.0)(258.0, 510.0);SD
Module:M12
Boundary:(114.0, 646.0)(114.0, 722.0)(106.0, 722.0)(106.0, 737.0)(20.0, 737.0)(20.0, 646.0);GATE
Port:(20.0, 660.5)(30.0, 660.5)(30.0, 722.5)(20.0, 722.5);SD
Port:(114.0, 646.0)(114.0, 722.0)(106.0, 722.0)(106.0, 737.0)(35.0, 737.0)(35.0, 646.0);GATE
Port:(105.0, 656.0)(109.0, 656.0)(109.0, 707.0)(105.0, 707.0);SD
Module:M8
Boundary:(806.0, 20.0)(882.0, 20.0)(882.0, 28.0)(897.0, 28.0)(897.0, 107.0)(806.0, 107.0);GATE
Port:(820.5, 97.0)(882.5, 97.0)(882.5, 107.0)(820.5, 107.0);SD
Port:(806.0, 20.0)(882.0, 20.0)(882.0, 28.0)(897.0, 28.0)(897.0, 92.0)(806.0, 92.0);GATE
Port:(816.0, 25.0)(867.0, 25.0)(867.0, 29.0)(816.0, 29.0);SD
Module:M4
Boundary:(823.0, 327.0)(896.0, 327.0)(896.0, 403.0)(823.0, 403.0);GATE
Port:(837.5, 393.0)(881.5, 393.0)(881.5, 403.0)(837.5, 403.0);SD
Port:(823.0, 327.0)(896.0, 327.0)(896.0, 388.0)(823.0, 388.0);GATE
Port:(833.0, 332.0)(886.0, 332.0)(886.0, 336.0)(833.0, 336.0);SD
Module:M25
Boundary:(341.0, 20.0)(414.0, 20.0)(414.0, 168.0)(341.0, 168.0);GATE
Port:(355.5, 158.0)(399.5, 158.0)(399.5, 168.0)(355.5, 168.0);SD
Port:(341.0, 20.0)(414.0, 20.0)(414.0, 153.0)(341.0, 153.0);GATE
Port:(351.0, 25.0)(404.0, 25.0)(404.0, 29.0)(351.0, 29.0);SD
Module:M22
Boundary:(301.0, 282.0)(301.0, 358.0)(293.0, 358.0)(293.0, 373.0)(124.0, 373.0)(124.0, 282.0);GATE
Port:(124.0, 296.5)(134.0, 296.5)(134.0, 358.5)(124.0, 358.5);SD
Port:(301.0, 282.0)(301.0, 358.0)(293.0, 358.0)(293.0, 373.0)(139.0, 373.0)(139.0, 282.0);GATE
Port:(292.0, 292.0)(296.0, 292.0)(296.0, 343.0)(292.0, 343.0);SD
Module:M17
Boundary:(639.0, 20.0)(732.5, 20.0)(732.5, 88.0)(766.0, 88.0)(766.0, 173.0)(639.0, 173.0);GATE
Port:(653.5, 163.0)(751.5, 163.0)(751.5, 173.0)(653.5, 173.0);SD
Port:(639.0, 20.0)(732.5, 20.0)(732.5, 88.0)(766.0, 88.0)(766.0, 158.0)(639.0, 158.0);GATE
Port:(649.0, 25.0)(718.0, 25.0)(718.0, 29.0)(649.0, 29.0);SD
