Area:(-20.0, 8.3)(751.4, 8.3)(751.4, 749.4)(-20.0, 749.4)
Rule:GATE(5,5);SD(5,5);GATE_SD(0.5);GATE_ITO(0.5);SD_ITO(0.5)
Module:M5
Boundary:(401.3, 48.3)(325.2, 48.3)(325.2, 56.3)(310.3, 56.3)(310.3, 174.3)(401.3, 174.3);GATE
Port:(324.8, 164.3)(386.8, 164.3)(386.8, 174.3)(324.8, 174.3);SD
Port:(401.3, 48.3)(325.2, 48.3)(325.2, 56.3)(310.3, 56.3)(310.3, 159.3)(401.3, 159.3);GATE
Port:(340.3, 53.3)(391.3, 53.3)(391.3, 57.3)(340.3, 57.3);SD
Module:M18
Boundary:(534.3, 62.8)(534.3, 192.3)(548.3, 192.3)(548.3, 207.8)(709.3, 207.8)(709.3, 62.8);GATE
Port:(699.3, 77.3)(709.3, 77.3)(709.3, 193.3)(699.3, 193.3);SD
Port:(534.3, 62.8)(534.3, 192.3)(548.3, 192.3)(548.3, 207.8)(694.3, 207.8)(694.3, 62.8);GATE
Port:(539.3, 72.8)(543.3, 72.8)(543.3, 177.8)(539.3, 177.8);SD
Module:M15
Boundary:(495.4, 74.5)(419.4, 74.5)(419.4, 82.5)(404.4, 82.5)(404.4, 221.5)(495.4, 221.5);GATE
Port:(418.9, 211.5)(480.9, 211.5)(480.9, 221.5)(418.9, 221.5);SD
Port:(495.4, 74.5)(419.4, 74.5)(419.4, 82.5)(404.4, 82.5)(404.4, 206.5)(495.4, 206.5);GATE
Port:(434.4, 79.5)(485.4, 79.5)(485.4, 83.5)(434.4, 83.5);SD
Module:M7
Boundary:(286.4, 59.3)(228.9, 59.3)(228.9, 163.3)(51.4, 163.3)(51.4, 235.3)(286.4, 235.3);GATE
Port:(65.9, 225.3)(271.9, 225.3)(271.9, 235.3)(65.9, 235.3);SD
Port:(286.4, 59.3)(228.9, 59.3)(228.9, 163.3)(51.4, 163.3)(51.4, 220.3)(286.4, 220.3);GATE
Port:(243.4, 64.3)(276.4, 64.3)(276.4, 68.3)(243.4, 68.3);SD
Module:M3
Boundary:(295.0, 202.0)(371.0, 202.0)(371.0, 210.0)(386.0, 210.0)(386.0, 328.0)(295.0, 328.0);GATE
Port:(309.5, 318.0)(371.5, 318.0)(371.5, 328.0)(309.5, 328.0);SD
Port:(295.0, 202.0)(371.0, 202.0)(371.0, 210.0)(386.0, 210.0)(386.0, 313.0)(295.0, 313.0);GATE
Port:(305.0, 207.0)(356.0, 207.0)(356.0, 211.0)(305.0, 211.0);SD
Module:M9
Boundary:(584.4, 232.8)(695.9, 232.8)(695.9, 244.8)(711.4, 244.8)(711.4, 342.8)(584.4, 342.8);GATE
Port:(598.9, 332.8)(696.9, 332.8)(696.9, 342.8)(598.9, 342.8);SD
Port:(584.4, 232.8)(695.9, 232.8)(695.9, 244.8)(711.4, 244.8)(711.4, 327.8)(584.4, 327.8);GATE
Port:(594.4, 237.8)(681.4, 237.8)(681.4, 241.8)(594.4, 241.8);SD
Module:M2
Boundary:(393.8, 346.8)(505.3, 346.8)(505.3, 334.8)(520.8, 334.8)(520.8, 227.8)(393.8, 227.8);GATE
Port:(408.3, 227.8)(506.3, 227.8)(506.3, 237.8)(408.3, 237.8);SD
Port:(393.8, 346.8)(505.3, 346.8)(505.3, 334.8)(520.8, 334.8)(520.8, 242.8)(393.8, 242.8);GATE
Port:(403.8, 337.8)(490.8, 337.8)(490.8, 341.8)(403.8, 341.8);SD
Module:M20
Boundary:(93.0, 454.6)(20.0, 454.6)(20.0, 268.6)(93.0, 268.6);GATE
Port:(34.5, 268.6)(78.5, 268.6)(78.5, 278.6)(34.5, 278.6);SD
Port:(93.0, 454.6)(20.0, 454.6)(20.0, 283.6)(93.0, 283.6);GATE
Port:(30.0, 445.6)(83.0, 445.6)(83.0, 449.6)(30.0, 449.6);SD
Module:M4
Boundary:(261.0, 254.1)(261.0, 365.6)(214.1, 365.6)(214.1, 471.1)(143.0, 471.1)(143.0, 254.1);GATE
Port:(143.0, 268.6)(153.0, 268.6)(153.0, 456.6)(143.0, 456.6);SD
Port:(261.0, 254.1)(261.0, 365.6)(214.1, 365.6)(214.1, 471.1)(158.0, 471.1)(158.0, 254.1);GATE
Port:(252.0, 264.1)(256.0, 264.1)(256.0, 351.1)(252.0, 351.1);SD
Module:M19
Boundary:(318.3, 383.5)(447.8, 383.5)(447.8, 425.2)(481.3, 425.2)(481.3, 482.5)(318.3, 482.5);GATE
Port:(332.8, 472.5)(466.8, 472.5)(466.8, 482.5)(332.8, 482.5);SD
Port:(318.3, 383.5)(447.8, 383.5)(447.8, 425.2)(481.3, 425.2)(481.3, 467.5)(318.3, 467.5);GATE
Port:(328.3, 388.5)(433.3, 388.5)(433.3, 392.5)(328.3, 392.5);SD
Module:M17
Boundary:(600.9, 517.8)(600.9, 388.3)(586.8, 388.3)(586.8, 372.8)(481.9, 372.8)(481.9, 517.8);GATE
Port:(481.9, 387.3)(491.9, 387.3)(491.9, 503.3)(481.9, 503.3);SD
Port:(600.9, 517.8)(600.9, 388.3)(586.8, 388.3)(586.8, 372.8)(496.9, 372.8)(496.9, 517.8);GATE
Port:(591.9, 402.8)(595.9, 402.8)(595.9, 507.8)(591.9, 507.8);SD
Module:M12
Boundary:(610.5, 529.2)(683.5, 529.2)(683.5, 361.2)(610.5, 361.2);GATE
Port:(625.0, 361.2)(669.0, 361.2)(669.0, 371.2)(625.0, 371.2);SD
Port:(610.5, 529.2)(683.5, 529.2)(683.5, 376.2)(610.5, 376.2);GATE
Port:(620.5, 520.2)(673.5, 520.2)(673.5, 524.2)(620.5, 524.2);SD
Module:M16
Boundary:(93.0, 462.0)(20.0, 462.0)(20.0, 547.0)(93.0, 547.0);GATE
Port:(34.5, 537.0)(78.5, 537.0)(78.5, 547.0)(34.5, 547.0);SD
Port:(93.0, 462.0)(20.0, 462.0)(20.0, 532.0)(93.0, 532.0);GATE
Port:(30.0, 467.0)(83.0, 467.0)(83.0, 471.0)(30.0, 471.0);SD
Module:M1
Boundary:(180.5, 477.0)(256.5, 477.0)(256.5, 485.0)(271.5, 485.0)(271.5, 555.0)(180.5, 555.0);GATE
Port:(195.0, 545.0)(257.0, 545.0)(257.0, 555.0)(195.0, 555.0);SD
Port:(180.5, 477.0)(256.5, 477.0)(256.5, 485.0)(271.5, 485.0)(271.5, 540.0)(180.5, 540.0);GATE
Port:(190.5, 482.0)(241.5, 482.0)(241.5, 486.0)(190.5, 486.0);SD
Module:M8
Boundary:(291.2, 489.4)(420.7, 489.4)(420.7, 503.4)(436.2, 503.4)(436.2, 572.4)(291.2, 572.4);GATE
Port:(305.7, 562.4)(421.7, 562.4)(421.7, 572.4)(305.7, 572.4);SD
Port:(291.2, 489.4)(420.7, 489.4)(420.7, 503.4)(436.2, 503.4)(436.2, 557.4)(291.2, 557.4);GATE
Port:(301.2, 494.4)(406.2, 494.4)(406.2, 498.4)(301.2, 498.4);SD
Module:M6
Boundary:(20.0, 549.0)(93.0, 549.0)(93.0, 668.0)(20.0, 668.0);GATE
Port:(34.5, 658.0)(78.5, 658.0)(78.5, 668.0)(34.5, 668.0);SD
Port:(20.0, 549.0)(93.0, 549.0)(93.0, 653.0)(20.0, 653.0);GATE
Port:(30.0, 554.0)(83.0, 554.0)(83.0, 558.0)(30.0, 558.0);SD
Module:M11
Boundary:(670.6, 537.2)(670.6, 666.7)(656.7, 666.7)(656.7, 682.2)(610.6, 682.2)(610.6, 537.2);GATE
Port:(610.6, 551.7)(620.6, 551.7)(620.6, 667.7)(610.6, 667.7);SD
Port:(670.6, 537.2)(670.6, 666.7)(656.7, 666.7)(656.7, 682.2)(625.6, 682.2)(625.6, 537.2);GATE
Port:(661.6, 547.2)(665.6, 547.2)(665.6, 652.2)(661.6, 652.2);SD
Module:M14
Boundary:(437.0, 670.1)(437.0, 594.1)(429.0, 594.1)(429.0, 579.1)(286.0, 579.1)(286.0, 670.1);GATE
Port:(286.0, 593.6)(296.0, 593.6)(296.0, 655.6)(286.0, 655.6);SD
Port:(437.0, 670.1)(437.0, 594.1)(429.0, 594.1)(429.0, 579.1)(301.0, 579.1)(301.0, 670.1);GATE
Port:(428.0, 609.1)(432.0, 609.1)(432.0, 660.1)(428.0, 660.1);SD
Module:M13
Boundary:(270.4, 591.9)(270.4, 685.4)(260.4, 685.4)(260.4, 700.9)(150.4, 700.9)(150.4, 591.9);GATE
Port:(150.4, 606.4)(160.4, 606.4)(160.4, 686.4)(150.4, 686.4);SD
Port:(270.4, 591.9)(270.4, 685.4)(260.4, 685.4)(260.4, 700.9)(165.4, 700.9)(165.4, 591.9);GATE
Port:(261.4, 601.9)(265.4, 601.9)(265.4, 670.9)(261.4, 670.9);SD
Module:M10
Boundary:(593.9, 552.4)(464.4, 552.4)(464.4, 566.4)(448.9, 566.4)(448.9, 709.4)(593.9, 709.4);GATE
Port:(463.4, 699.4)(579.4, 699.4)(579.4, 709.4)(463.4, 709.4);SD
Port:(593.9, 552.4)(464.4, 552.4)(464.4, 566.4)(448.9, 566.4)(448.9, 694.4)(593.9, 694.4);GATE
Port:(478.9, 557.4)(583.9, 557.4)(583.9, 561.4)(478.9, 561.4);SD
