Area:(-15.3, -9.3)(792.1, -9.3)(792.1, 1569.5)(-15.3, 1569.5)
Rule:GATE(5,5);SD(5,5);GATE_SD(0.5);GATE_ITO(0.5);SD_ITO(0.5)
Module:M10
Boundary:(687.9, 98.7)(594.4, 98.7)(594.4, 69.7)(542.9, 69.7)(542.9, 30.7)(687.9, 30.7);GATE
Port:(557.4, 30.7)(673.4, 30.7)(673.4, 40.7)(557.4, 40.7);SD
Port:(687.9, 98.7)(594.4, 98.7)(594.4, 69.7)(542.9, 69.7)(542.9, 45.7)(687.9, 45.7);GATE
Port:(608.9, 89.7)(677.9, 89.7)(677.9, 93.7)(608.9, 93.7);SD
Module:M18
Boundary:(535.0, 48.7)(535.0, 124.7)(527.0, 124.7)(527.0, 139.7)(392.0, 139.7)(392.0, 48.7);GATE
Port:(392.0, 63.2)(402.0, 63.2)(402.0, 125.2)(392.0, 125.2);SD
Port:(535.0, 48.7)(535.0, 124.7)(527.0, 124.7)(527.0, 139.7)(407.0, 139.7)(407.0, 48.7);GATE
Port:(526.0, 58.7)(530.0, 58.7)(530.0, 109.7)(526.0, 109.7);SD
Module:M17
Boundary:(210.0, 229.9)(80.5, 229.9)(80.5, 215.9)(65.0, 215.9)(65.0, 59.9)(210.0, 59.9);GATE
Port:(79.5, 59.9)(195.5, 59.9)(195.5, 69.9)(79.5, 69.9);SD
Port:(210.0, 229.9)(80.5, 229.9)(80.5, 215.9)(65.0, 215.9)(65.0, 74.9)(210.0, 74.9);GATE
Port:(95.0, 220.9)(200.0, 220.9)(200.0, 224.9)(95.0, 224.9);SD
Module:M11
Boundary:(736.2, 158.7)(736.2, 231.7)(596.2, 231.7)(596.2, 158.7);GATE
Port:(596.2, 173.2)(606.2, 173.2)(606.2, 217.2)(596.2, 217.2);SD
Port:(736.2, 158.7)(736.2, 231.7)(611.2, 231.7)(611.2, 158.7);GATE
Port:(727.2, 168.7)(731.2, 168.7)(731.2, 221.7)(727.2, 221.7);SD
Module:M26
Boundary:(391.9, 103.7)(262.4, 103.7)(262.4, 113.7)(228.9, 113.7)(228.9, 282.7)(391.9, 282.7);GATE
Port:(243.4, 272.7)(377.4, 272.7)(377.4, 282.7)(243.4, 282.7);SD
Port:(391.9, 103.7)(262.4, 103.7)(262.4, 113.7)(228.9, 113.7)(228.9, 267.7)(391.9, 267.7);GATE
Port:(276.9, 108.7)(381.9, 108.7)(381.9, 112.7)(276.9, 112.7);SD
Module:M38
Boundary:(400.8, 249.1)(512.3, 249.1)(512.3, 224.0)(545.8, 224.0)(545.8, 181.1)(400.8, 181.1);GATE
Port:(415.3, 181.1)(531.3, 181.1)(531.3, 191.1)(415.3, 191.1);SD
Port:(400.8, 249.1)(512.3, 249.1)(512.3, 224.0)(545.8, 224.0)(545.8, 196.1)(400.8, 196.1);GATE
Port:(410.8, 240.1)(497.8, 240.1)(497.8, 244.1)(410.8, 244.1);SD
Module:M9
Boundary:(26.2, 314.7)(137.7, 314.7)(137.7, 285.6)(171.2, 285.6)(171.2, 238.7)(26.2, 238.7);GATE
Port:(40.7, 238.7)(156.7, 238.7)(156.7, 248.7)(40.7, 248.7);SD
Port:(26.2, 314.7)(137.7, 314.7)(137.7, 285.6)(171.2, 285.6)(171.2, 253.7)(26.2, 253.7);GATE
Port:(36.2, 305.7)(123.2, 305.7)(123.2, 309.7)(36.2, 309.7);SD
Module:M24
Boundary:(241.2, 382.8)(370.7, 382.8)(370.7, 357.8)(422.2, 357.8)(422.2, 300.8)(241.2, 300.8);GATE
Port:(255.7, 300.8)(407.7, 300.8)(407.7, 310.8)(255.7, 310.8);SD
Port:(241.2, 382.8)(370.7, 382.8)(370.7, 357.8)(422.2, 357.8)(422.2, 315.8)(241.2, 315.8);GATE
Port:(251.2, 373.8)(356.2, 373.8)(356.2, 377.8)(251.2, 377.8);SD
Module:M39
Boundary:(625.1, 301.1)(718.6, 301.1)(718.6, 362.8)(752.1, 362.8)(752.1, 444.1)(625.1, 444.1);GATE
Port:(639.6, 434.1)(737.6, 434.1)(737.6, 444.1)(639.6, 444.1);SD
Port:(625.1, 301.1)(718.6, 301.1)(718.6, 362.8)(752.1, 362.8)(752.1, 429.1)(625.1, 429.1);GATE
Port:(635.1, 306.1)(704.1, 306.1)(704.1, 310.1)(635.1, 310.1);SD
Module:M2
Boundary:(430.8, 309.8)(560.3, 309.8)(560.3, 323.8)(575.8, 323.8)(575.8, 408.8)(430.8, 408.8);GATE
Port:(445.3, 398.8)(561.3, 398.8)(561.3, 408.8)(445.3, 408.8);SD
Port:(430.8, 309.8)(560.3, 309.8)(560.3, 323.8)(575.8, 323.8)(575.8, 393.8)(430.8, 393.8);GATE
Port:(440.8, 314.8)(545.8, 314.8)(545.8, 318.8)(440.8, 318.8);SD
Module:M34
Boundary:(223.0, 391.2)(223.0, 464.2)(373.0, 464.2)(373.0, 391.2);GATE
Port:(363.0, 405.7)(373.0, 405.7)(373.0, 449.7)(363.0, 449.7);SD
Port:(223.0, 391.2)(223.0, 464.2)(358.0, 464.2)(358.0, 391.2);GATE
Port:(228.0, 401.2)(232.0, 401.2)(232.0, 454.2)(228.0, 454.2);SD
Module:M36
Boundary:(169.7, 383.2)(112.2, 383.2)(112.2, 423.8)(24.7, 423.8)(24.7, 509.2)(169.7, 509.2);GATE
Port:(39.2, 499.2)(155.2, 499.2)(155.2, 509.2)(39.2, 509.2);SD
Port:(169.7, 383.2)(112.2, 383.2)(112.2, 423.8)(24.7, 423.8)(24.7, 494.2)(169.7, 494.2);GATE
Port:(126.7, 388.2)(159.7, 388.2)(159.7, 392.2)(126.7, 392.2);SD
Module:M29
Boundary:(725.6, 643.1)(725.6, 531.6)(713.6, 531.6)(713.6, 516.1)(624.6, 516.1)(624.6, 643.1);GATE
Port:(624.6, 530.6)(634.6, 530.6)(634.6, 628.6)(624.6, 628.6);SD
Port:(725.6, 643.1)(725.6, 531.6)(713.6, 531.6)(713.6, 516.1)(639.6, 516.1)(639.6, 643.1);GATE
Port:(716.6, 546.1)(720.6, 546.1)(720.6, 633.1)(716.6, 633.1);SD
Module:M13
Boundary:(423.5, 601.0)(423.5, 453.5)(439.6, 453.5)(439.6, 438.0)(604.5, 438.0)(604.5, 601.0);GATE
Port:(594.5, 452.5)(604.5, 452.5)(604.5, 586.5)(594.5, 586.5);SD
Port:(423.5, 601.0)(423.5, 453.5)(439.6, 453.5)(439.6, 438.0)(589.5, 438.0)(589.5, 601.0);GATE
Port:(428.5, 468.0)(432.5, 468.0)(432.5, 591.0)(428.5, 591.0);SD
Module:M21
Boundary:(85.0, 539.9)(232.5, 539.9)(232.5, 560.9)(248.0, 560.9)(248.0, 641.9)(85.0, 641.9);GATE
Port:(99.5, 631.9)(233.5, 631.9)(233.5, 641.9)(99.5, 641.9);SD
Port:(85.0, 539.9)(232.5, 539.9)(232.5, 560.9)(248.0, 560.9)(248.0, 626.9)(85.0, 626.9);GATE
Port:(95.0, 544.9)(218.0, 544.9)(218.0, 548.9)(95.0, 548.9);SD
Module:M28
Boundary:(272.4, 494.0)(401.9, 494.0)(401.9, 508.0)(417.4, 508.0)(417.4, 624.0)(272.4, 624.0);GATE
Port:(286.9, 614.0)(402.9, 614.0)(402.9, 624.0)(286.9, 624.0);SD
Port:(272.4, 494.0)(401.9, 494.0)(401.9, 508.0)(417.4, 508.0)(417.4, 609.0)(272.4, 609.0);GATE
Port:(282.4, 499.0)(387.4, 499.0)(387.4, 503.0)(282.4, 503.0);SD
Module:M25
Boundary:(747.6, 655.3)(747.6, 728.3)(623.6, 728.3)(623.6, 655.3);GATE
Port:(623.6, 669.8)(633.6, 669.8)(633.6, 713.8)(623.6, 713.8);SD
Port:(747.6, 655.3)(747.6, 728.3)(638.6, 728.3)(638.6, 655.3);GATE
Port:(738.6, 665.3)(742.6, 665.3)(742.6, 718.3)(738.6, 718.3);SD
Module:M22
Boundary:(586.4, 654.0)(586.4, 730.0)(578.4, 730.0)(578.4, 745.0)(431.4, 745.0)(431.4, 654.0);GATE
Port:(431.4, 668.5)(441.4, 668.5)(441.4, 730.5)(431.4, 730.5);SD
Port:(586.4, 654.0)(586.4, 730.0)(578.4, 730.0)(578.4, 745.0)(446.4, 745.0)(446.4, 654.0);GATE
Port:(577.4, 664.0)(581.4, 664.0)(581.4, 715.0)(577.4, 715.0);SD
Module:M5
Boundary:(108.2, 773.4)(108.2, 679.9)(98.2, 679.9)(98.2, 664.4)(40.2, 664.4)(40.2, 773.4);GATE
Port:(40.2, 678.9)(50.2, 678.9)(50.2, 758.9)(40.2, 758.9);SD
Port:(108.2, 773.4)(108.2, 679.9)(98.2, 679.9)(98.2, 664.4)(55.2, 664.4)(55.2, 773.4);GATE
Port:(99.2, 694.4)(103.2, 694.4)(103.2, 763.4)(99.2, 763.4);SD
Module:M32
Boundary:(418.0, 695.6)(418.0, 789.1)(408.0, 789.1)(408.0, 804.6)(269.0, 804.6)(269.0, 695.6);GATE
Port:(269.0, 710.1)(279.0, 710.1)(279.0, 790.1)(269.0, 790.1);SD
Port:(418.0, 695.6)(418.0, 789.1)(408.0, 789.1)(408.0, 804.6)(284.0, 804.6)(284.0, 695.6);GATE
Port:(409.0, 705.6)(413.0, 705.6)(413.0, 774.6)(409.0, 774.6);SD
Module:M7
Boundary:(136.5, 789.6)(136.5, 660.1)(150.5, 660.1)(150.5, 644.6)(207.5, 644.6)(207.5, 789.6);GATE
Port:(197.5, 659.1)(207.5, 659.1)(207.5, 775.1)(197.5, 775.1);SD
Port:(136.5, 789.6)(136.5, 660.1)(150.5, 660.1)(150.5, 644.6)(192.5, 644.6)(192.5, 789.6);GATE
Port:(141.5, 674.6)(145.5, 674.6)(145.5, 779.6)(141.5, 779.6);SD
Module:M37
Boundary:(610.7, 876.6)(481.2, 876.6)(481.2, 862.6)(465.7, 862.6)(465.7, 786.6)(610.7, 786.6);GATE
Port:(480.2, 786.6)(596.2, 786.6)(596.2, 796.6)(480.2, 796.6);SD
Port:(610.7, 876.6)(481.2, 876.6)(481.2, 862.6)(465.7, 862.6)(465.7, 801.6)(610.7, 801.6);GATE
Port:(495.7, 867.6)(600.7, 867.6)(600.7, 871.6)(495.7, 871.6);SD
Module:M1
Boundary:(95.8, 779.4)(95.8, 855.4)(87.8, 855.4)(87.8, 870.4)(32.8, 870.4)(32.8, 779.4);GATE
Port:(32.8, 793.9)(42.8, 793.9)(42.8, 855.9)(32.8, 855.9);SD
Port:(95.8, 779.4)(95.8, 855.4)(87.8, 855.4)(87.8, 870.4)(47.8, 870.4)(47.8, 779.4);GATE
Port:(86.8, 789.4)(90.8, 789.4)(90.8, 840.4)(86.8, 840.4);SD
Module:M33
Boundary:(744.1, 909.9)(744.1, 762.4)(693.4, 762.4)(693.4, 728.9)(629.1, 728.9)(629.1, 909.9);GATE
Port:(629.1, 743.4)(639.1, 743.4)(639.1, 895.4)(629.1, 895.4);SD
Port:(744.1, 909.9)(744.1, 762.4)(693.4, 762.4)(693.4, 728.9)(644.1, 728.9)(644.1, 909.9);GATE
Port:(735.1, 776.9)(739.1, 776.9)(739.1, 899.9)(735.1, 899.9);SD
Module:M30
Boundary:(416.9, 932.0)(416.9, 838.5)(406.8, 838.5)(406.8, 823.0)(273.9, 823.0)(273.9, 932.0);GATE
Port:(273.9, 837.5)(283.9, 837.5)(283.9, 917.5)(273.9, 917.5);SD
Port:(416.9, 932.0)(416.9, 838.5)(406.8, 838.5)(406.8, 823.0)(288.9, 823.0)(288.9, 932.0);GATE
Port:(407.9, 853.0)(411.9, 853.0)(411.9, 922.0)(407.9, 922.0);SD
Module:M40
Boundary:(185.3, 833.2)(258.3, 833.2)(258.3, 917.2)(185.3, 917.2);GATE
Port:(199.8, 907.2)(243.8, 907.2)(243.8, 917.2)(199.8, 917.2);SD
Port:(185.3, 833.2)(258.3, 833.2)(258.3, 902.2)(185.3, 902.2);GATE
Port:(195.3, 838.2)(248.3, 838.2)(248.3, 842.2)(195.3, 842.2);SD
Module:M20
Boundary:(146.9, 1082.7)(146.9, 953.2)(160.9, 953.2)(160.9, 937.7)(255.9, 937.7)(255.9, 1082.7);GATE
Port:(245.9, 952.2)(255.9, 952.2)(255.9, 1068.2)(245.9, 1068.2);SD
Port:(146.9, 1082.7)(146.9, 953.2)(160.9, 953.2)(160.9, 937.7)(240.9, 937.7)(240.9, 1082.7);GATE
Port:(151.9, 967.7)(155.9, 967.7)(155.9, 1072.7)(151.9, 1072.7);SD
Module:M4
Boundary:(44.8, 874.3)(117.8, 874.3)(117.8, 1072.3)(44.8, 1072.3);GATE
Port:(59.3, 1062.3)(103.3, 1062.3)(103.3, 1072.3)(59.3, 1072.3);SD
Port:(44.8, 874.3)(117.8, 874.3)(117.8, 1057.3)(44.8, 1057.3);GATE
Port:(54.8, 879.3)(107.8, 879.3)(107.8, 883.3)(54.8, 883.3);SD
Module:M15
Boundary:(590.2, 926.8)(683.7, 926.8)(683.7, 936.8)(699.2, 936.8)(699.2, 1118.8)(590.2, 1118.8);GATE
Port:(604.7, 1108.8)(684.7, 1108.8)(684.7, 1118.8)(604.7, 1118.8);SD
Port:(590.2, 926.8)(683.7, 926.8)(683.7, 936.8)(699.2, 936.8)(699.2, 1103.8)(590.2, 1103.8);GATE
Port:(600.2, 931.8)(669.2, 931.8)(669.2, 935.8)(600.2, 935.8);SD
Module:M27
Boundary:(585.2, 886.1)(585.2, 1015.6)(526.5, 1015.6)(526.5, 1103.1)(463.2, 1103.1)(463.2, 886.1);GATE
Port:(463.2, 900.6)(473.2, 900.6)(473.2, 1088.6)(463.2, 1088.6);SD
Port:(585.2, 886.1)(585.2, 1015.6)(526.5, 1015.6)(526.5, 1103.1)(478.2, 1103.1)(478.2, 886.1);GATE
Port:(576.2, 896.1)(580.2, 896.1)(580.2, 1001.1)(576.2, 1001.1);SD
Module:M23
Boundary:(276.7, 1118.4)(406.2, 1118.4)(406.2, 1104.4)(421.7, 1104.4)(421.7, 947.4)(276.7, 947.4);GATE
Port:(291.2, 947.4)(407.2, 947.4)(407.2, 957.4)(291.2, 957.4);SD
Port:(276.7, 1118.4)(406.2, 1118.4)(406.2, 1104.4)(421.7, 1104.4)(421.7, 962.4)(276.7, 962.4);GATE
Port:(286.7, 1109.4)(391.7, 1109.4)(391.7, 1113.4)(286.7, 1113.4);SD
Module:M19
Boundary:(520.4, 1245.6)(444.4, 1245.6)(444.4, 1237.6)(429.4, 1237.6)(429.4, 1174.6)(520.4, 1174.6);GATE
Port:(443.9, 1174.6)(505.9, 1174.6)(505.9, 1184.6)(443.9, 1184.6);SD
Port:(520.4, 1245.6)(444.4, 1245.6)(444.4, 1237.6)(429.4, 1237.6)(429.4, 1189.6)(520.4, 1189.6);GATE
Port:(459.4, 1236.6)(510.4, 1236.6)(510.4, 1240.6)(459.4, 1240.6);SD
Module:M6
Boundary:(561.7, 1200.6)(709.2, 1200.6)(709.2, 1184.6)(724.7, 1184.6)(724.7, 1123.6)(561.7, 1123.6);GATE
Port:(576.2, 1123.6)(710.2, 1123.6)(710.2, 1133.6)(576.2, 1133.6);SD
Port:(561.7, 1200.6)(709.2, 1200.6)(709.2, 1184.6)(724.7, 1184.6)(724.7, 1138.6)(561.7, 1138.6);GATE
Port:(571.7, 1191.6)(694.7, 1191.6)(694.7, 1195.6)(571.7, 1195.6);SD
Module:M8
Boundary:(68.8, 1167.8)(162.3, 1167.8)(162.3, 1264.6)(285.8, 1264.6)(285.8, 1308.8)(68.8, 1308.8);GATE
Port:(83.3, 1298.8)(271.3, 1298.8)(271.3, 1308.8)(83.3, 1308.8);SD
Port:(68.8, 1167.8)(162.3, 1167.8)(162.3, 1264.6)(285.8, 1264.6)(285.8, 1293.8)(68.8, 1293.8);GATE
Port:(78.8, 1172.8)(147.8, 1172.8)(147.8, 1176.8)(78.8, 1176.8);SD
Module:M31
Boundary:(409.4, 1173.8)(409.4, 1285.3)(364.7, 1285.3)(364.7, 1354.8)(297.4, 1354.8)(297.4, 1173.8);GATE
Port:(297.4, 1188.3)(307.4, 1188.3)(307.4, 1340.3)(297.4, 1340.3);SD
Port:(409.4, 1173.8)(409.4, 1285.3)(364.7, 1285.3)(364.7, 1354.8)(312.4, 1354.8)(312.4, 1173.8);GATE
Port:(400.4, 1183.8)(404.4, 1183.8)(404.4, 1270.8)(400.4, 1270.8);SD
Module:M14
Boundary:(506.6, 1261.9)(430.6, 1261.9)(430.6, 1269.9)(415.6, 1269.9)(415.6, 1365.9)(506.6, 1365.9);GATE
Port:(430.1, 1355.9)(492.1, 1355.9)(492.1, 1365.9)(430.1, 1365.9);SD
Port:(506.6, 1261.9)(430.6, 1261.9)(430.6, 1269.9)(415.6, 1269.9)(415.6, 1350.9)(506.6, 1350.9);GATE
Port:(445.6, 1266.9)(496.6, 1266.9)(496.6, 1270.9)(445.6, 1270.9);SD
Module:M35
Boundary:(730.2, 1249.0)(730.2, 1324.5)(646.7, 1324.5)(646.7, 1466.0)(537.2, 1466.0)(537.2, 1249.0);GATE
Port:(537.2, 1263.5)(547.2, 1263.5)(547.2, 1451.5)(537.2, 1451.5);SD
Port:(730.2, 1249.0)(730.2, 1324.5)(646.7, 1324.5)(646.7, 1466.0)(552.2, 1466.0)(552.2, 1249.0);GATE
Port:(721.2, 1259.0)(725.2, 1259.0)(725.2, 1310.0)(721.2, 1310.0);SD
Module:M12
Boundary:(270.1, 1345.8)(158.6, 1345.8)(158.6, 1473.8)(53.1, 1473.8)(53.1, 1525.8)(270.1, 1525.8);GATE
Port:(67.6, 1515.8)(255.6, 1515.8)(255.6, 1525.8)(67.6, 1525.8);SD
Port:(270.1, 1345.8)(158.6, 1345.8)(158.6, 1473.8)(53.1, 1473.8)(53.1, 1510.8)(270.1, 1510.8);GATE
Port:(173.1, 1350.8)(260.1, 1350.8)(260.1, 1354.8)(173.1, 1354.8);SD
Module:M16
Boundary:(335.1, 1512.4)(408.1, 1512.4)(408.1, 1392.4)(335.1, 1392.4);GATE
Port:(349.6, 1392.4)(393.6, 1392.4)(393.6, 1402.4)(349.6, 1402.4);SD
Port:(335.1, 1512.4)(408.1, 1512.4)(408.1, 1407.4)(335.1, 1407.4);GATE
Port:(345.1, 1503.4)(398.1, 1503.4)(398.1, 1507.4)(345.1, 1507.4);SD
Module:M3
Boundary:(414.2, 1529.5)(507.7, 1529.5)(507.7, 1519.5)(523.2, 1519.5)(523.2, 1429.5)(414.2, 1429.5);GATE
Port:(428.7, 1429.5)(508.7, 1429.5)(508.7, 1439.5)(428.7, 1439.5);SD
Port:(414.2, 1529.5)(507.7, 1529.5)(507.7, 1519.5)(523.2, 1519.5)(523.2, 1444.5)(414.2, 1444.5);GATE
Port:(424.2, 1520.5)(493.2, 1520.5)(493.2, 1524.5)(424.2, 1524.5);SD
