Area:(-20.0, -20.0)(604.1, -20.0)(604.1, 487.0)(-20.0, 487.0)
Rule:GATE(5,5);SD(5,5);GATE_SD(0.5);GATE_ITO(0.5);SD_ITO(0.5)
Module:M9
Boundary:(449.0, 257.9)(545.0, 257.9)(545.0, 258.5)(564.1, 258.5)(564.1, 433.2)(449.0, 433.2);GATE
Port:(464.4, 427.4)(548.7, 427.4)(548.7, 433.2)(464.4, 433.2);SD
Port:(449.0, 257.9)(545.0, 257.9)(545.0, 258.5)(564.1, 258.5)(564.1, 424.6)(449.0, 424.6);GATE
Port:(454.9, 262.8)(539.1, 262.8)(539.1, 270.0)(454.9, 270.0);SD
Module:M5
Boundary:(459.0, 30.0)(553.5, 30.0)(553.5, 207.9)(459.0, 207.9);GATE
Port:(470.5, 203.6)(542.0, 203.6)(542.0, 207.9)(470.5, 207.9);SD
Port:(459.0, 30.0)(553.5, 30.0)(553.5, 202.2)(459.0, 202.2);GATE
Port:(464.3, 34.3)(548.2, 34.3)(548.2, 38.6)(464.3, 38.6);SD
Module:M1
Boundary:(20.0, 201.1)(106.6, 201.1)(106.6, 429.8)(20.0, 429.8);GATE
Port:(33.6, 424.7)(93.0, 424.7)(93.0, 429.8)(33.6, 429.8);SD
Port:(20.0, 201.1)(106.6, 201.1)(106.6, 423.1)(20.0, 423.1);GATE
Port:(26.1, 206.2)(100.5, 206.2)(100.5, 211.4)(26.1, 211.4);SD
Module:M6
Boundary:(406.1, 386.5)(406.1, 434.4)(380.3, 434.4)(380.3, 447.0)(252.3, 447.0)(252.3, 386.5);GATE
Port:(252.3, 399.7)(257.2, 399.7)(257.2, 433.8)(252.3, 433.8);SD
Port:(406.1, 386.5)(406.1, 434.4)(380.3, 434.4)(380.3, 447.0)(258.8, 447.0)(258.8, 386.5);GATE
Port:(394.6, 393.3)(400.3, 393.3)(400.3, 426.6)(394.6, 426.6);SD
Module:M2
Boundary:(20.0, 20.0)(100.9, 20.0)(100.9, 100.4)(115.2, 100.4)(115.2, 161.1)(20.0, 161.1);GATE
Port:(33.8, 155.6)(101.4, 155.6)(101.4, 161.1)(33.8, 161.1);SD
Port:(20.0, 20.0)(100.9, 20.0)(100.9, 100.4)(115.2, 100.4)(115.2, 154.4)(20.0, 154.4);GATE
Port:(25.7, 24.7)(94.2, 24.7)(94.2, 31.5)(25.7, 31.5);SD
Module:M10
Boundary:(300.3, 228.0)(383.4, 228.0)(383.4, 253.8)(399.0, 253.8)(399.0, 336.5)(300.3, 336.5);GATE
Port:(312.5, 331.8)(386.8, 331.8)(386.8, 336.5)(312.5, 336.5);SD
Port:(300.3, 228.0)(383.4, 228.0)(383.4, 253.8)(399.0, 253.8)(399.0, 330.1)(300.3, 330.1);GATE
Port:(305.9, 232.6)(376.8, 232.6)(376.8, 237.7)(305.9, 237.7);SD
Module:M7
Boundary:(146.6, 360.6)(212.3, 360.6)(212.3, 442.1)(146.6, 442.1);GATE
Port:(159.7, 436.6)(199.2, 436.6)(199.2, 442.1)(159.7, 442.1);SD
Port:(146.6, 360.6)(212.3, 360.6)(212.3, 434.9)(146.6, 434.9);GATE
Port:(152.8, 365.8)(206.1, 365.8)(206.1, 372.1)(152.8, 372.1);SD
Module:M3
Boundary:(297.9, 20.0)(397.0, 20.0)(397.0, 178.0)(297.9, 178.0);GATE
Port:(311.3, 172.4)(383.6, 172.4)(383.6, 178.0)(311.3, 178.0);SD
Port:(297.9, 20.0)(397.0, 20.0)(397.0, 169.8)(297.9, 169.8);GATE
Port:(303.3, 24.4)(391.6, 24.4)(391.6, 30.4)(303.3, 30.4);SD
Module:M8
Boundary:(155.2, 20.0)(241.3, 20.0)(241.3, 84.4)(257.9, 84.4)(257.9, 172.4)(155.2, 172.4);GATE
Port:(167.6, 166.9)(245.5, 166.9)(245.5, 172.4)(167.6, 172.4);SD
Port:(155.2, 20.0)(241.3, 20.0)(241.3, 84.4)(257.9, 84.4)(257.9, 165.6)(155.2, 165.6);GATE
Port:(160.5, 24.3)(235.0, 24.3)(235.0, 28.9)(160.5, 28.9);SD
Module:M4
Boundary:(250.3, 212.4)(250.3, 306.3)(233.8, 306.3)(233.8, 320.6)(146.6, 320.6)(146.6, 212.4);GATE
Port:(146.6, 224.6)(152.3, 224.6)(152.3, 308.4)(146.6, 308.4);SD
Port:(250.3, 212.4)(250.3, 306.3)(233.8, 306.3)(233.8, 320.6)(154.1, 320.6)(154.1, 212.4);GATE
Port:(240.2, 217.7)(246.0, 217.7)(246.0, 300.0)(240.2, 300.0);SD
