Area:(-20.0, -20.0)(846.0, -20.0)(846.0, 538.6)(-20.0, 538.6)
Rule:GATE(5,5);SD(5,5);GATE_SD(0.5);GATE_ITO(0.5);SD_ITO(0.5)
Module:M14
Boundary:(640.7, 420.4)(640.7, 483.8)(567.8, 483.8)(567.8, 498.0)(432.4, 498.0)(432.4, 420.4);GATE
Port:(432.4, 433.4)(438.0, 433.4)(438.0, 485.0)(432.4, 485.0);SD
Port:(640.7, 420.4)(640.7, 483.8)(567.8, 483.8)(567.8, 498.0)(440.5, 498.0)(440.5, 420.4);GATE
Port:(630.7, 426.2)(635.9, 426.2)(635.9, 477.0)(630.7, 477.0);SD
Module:M9
Boundary:(287.3, 199.3)(372.8, 199.3)(372.8, 199.7)(389.2, 199.7)(389.2, 340.0)(287.3, 340.0);GATE
Port:(302.0, 334.4)(374.5, 334.4)(374.5, 340.0)(302.0, 340.0);SD
Port:(287.3, 199.3)(372.8, 199.3)(372.8, 199.7)(389.2, 199.7)(389.2, 333.2)(287.3, 333.2);GATE
Port:(294.2, 205.2)(365.9, 205.2)(365.9, 210.8)(294.2, 210.8);SD
Module:M5
Boundary:(145.5, 390.4)(145.5, 483.0)(145.1, 483.0)(145.1, 498.6)(20.0, 498.6)(20.0, 390.4);GATE
Port:(20.0, 401.9)(25.4, 401.9)(25.4, 487.1)(20.0, 487.1);SD
Port:(145.5, 390.4)(145.5, 483.0)(145.1, 483.0)(145.1, 498.6)(28.0, 498.6)(28.0, 390.4);GATE
Port:(136.7, 395.8)(141.1, 395.8)(141.1, 477.6)(136.7, 477.6);SD
Module:M11
Boundary:(144.8, 20.0)(246.9, 20.0)(246.9, 20.4)(263.6, 20.4)(263.6, 144.3)(144.8, 144.3);GATE
Port:(158.5, 138.7)(249.9, 138.7)(249.9, 144.3)(158.5, 144.3);SD
Port:(144.8, 20.0)(246.9, 20.0)(246.9, 20.4)(263.6, 20.4)(263.6, 137.5)(144.8, 137.5);GATE
Port:(150.9, 25.1)(240.8, 25.1)(240.8, 31.5)(150.9, 31.5);SD
Module:M1
Boundary:(441.6, 157.3)(544.8, 157.3)(544.8, 357.2)(441.6, 357.2);GATE
Port:(455.3, 351.7)(531.1, 351.7)(531.1, 357.2)(455.3, 357.2);SD
Port:(441.6, 157.3)(544.8, 157.3)(544.8, 348.8)(441.6, 348.8);GATE
Port:(447.3, 162.0)(539.1, 162.0)(539.1, 168.2)(447.3, 168.2);SD
Module:M6
Boundary:(594.8, 228.6)(655.3, 228.6)(655.3, 240.1)(668.9, 240.1)(668.9, 370.4)(594.8, 370.4);GATE
Port:(606.5, 365.5)(657.2, 365.5)(657.2, 370.4)(606.5, 370.4);SD
Port:(594.8, 228.6)(655.3, 228.6)(655.3, 240.1)(668.9, 240.1)(668.9, 362.5)(594.8, 362.5);GATE
Port:(600.2, 233.0)(648.9, 233.0)(648.9, 238.7)(600.2, 238.7);SD
Module:M2
Boundary:(567.0, 20.0)(567.0, 91.7)(491.2, 91.7)(491.2, 107.3)(431.6, 107.3)(431.6, 20.0);GATE
Port:(431.6, 35.1)(437.1, 35.1)(437.1, 92.2)(431.6, 92.2);SD
Port:(567.0, 20.0)(567.0, 91.7)(491.2, 91.7)(491.2, 107.3)(438.5, 107.3)(438.5, 20.0);GATE
Port:(554.2, 26.7)(561.3, 26.7)(561.3, 84.0)(554.2, 84.0);SD
Module:M16
Boundary:(712.0, 20.0)(791.6, 20.0)(791.6, 112.0)(806.0, 112.0)(806.0, 228.2)(712.0, 228.2);GATE
Port:(725.1, 222.8)(792.9, 222.8)(792.9, 228.2)(725.1, 228.2);SD
Port:(712.0, 20.0)(791.6, 20.0)(791.6, 112.0)(806.0, 112.0)(806.0, 220.7)(712.0, 220.7);GATE
Port:(718.6, 25.6)(784.0, 25.6)(784.0, 30.3)(718.6, 30.3);SD
Module:M13
Boundary:(303.6, 20.0)(377.5, 20.0)(377.5, 20.1)(391.6, 20.1)(391.6, 159.3)(303.6, 159.3);GATE
Port:(316.2, 155.2)(379.0, 155.2)(379.0, 159.3)(316.2, 159.3);SD
Port:(303.6, 20.0)(377.5, 20.0)(377.5, 20.1)(391.6, 20.1)(391.6, 153.1)(303.6, 153.1);GATE
Port:(309.9, 25.3)(371.2, 25.3)(371.2, 30.8)(309.9, 30.8);SD
Module:M10
Boundary:(20.0, 20.0)(89.5, 20.0)(89.5, 49.0)(104.8, 49.0)(104.8, 190.9)(20.0, 190.9);GATE
Port:(34.8, 186.6)(90.0, 186.6)(90.0, 190.9)(34.8, 190.9);SD
Port:(20.0, 20.0)(89.5, 20.0)(89.5, 49.0)(104.8, 49.0)(104.8, 185.5)(20.0, 185.5);GATE
Port:(26.2, 25.2)(82.3, 25.2)(82.3, 32.1)(26.2, 32.1);SD
Module:M7
Boundary:(803.1, 268.2)(803.1, 357.0)(802.8, 357.0)(802.8, 370.7)(708.9, 370.7)(708.9, 268.2);GATE
Port:(708.9, 282.1)(714.3, 282.1)(714.3, 356.8)(708.9, 356.8);SD
Port:(803.1, 268.2)(803.1, 357.0)(802.8, 357.0)(802.8, 370.7)(715.9, 370.7)(715.9, 268.2);GATE
Port:(791.2, 275.1)(797.2, 275.1)(797.2, 350.1)(791.2, 350.1);SD
Module:M3
Boundary:(382.4, 380.0)(382.4, 471.3)(382.0, 471.3)(382.0, 485.7)(185.5, 485.7)(185.5, 380.0);GATE
Port:(185.5, 393.7)(190.2, 393.7)(190.2, 472.0)(185.5, 472.0);SD
Port:(382.4, 380.0)(382.4, 471.3)(382.0, 471.3)(382.0, 485.7)(191.9, 485.7)(191.9, 380.0);GATE
Port:(371.2, 386.4)(377.0, 386.4)(377.0, 464.9)(371.2, 464.9);SD
Module:M15
Boundary:(803.8, 410.7)(803.8, 493.8)(690.7, 493.8)(690.7, 410.7);GATE
Port:(690.7, 424.5)(696.4, 424.5)(696.4, 480.0)(690.7, 480.0);SD
Port:(803.8, 410.7)(803.8, 493.8)(699.3, 493.8)(699.3, 410.7);GATE
Port:(793.2, 416.8)(798.7, 416.8)(798.7, 487.7)(793.2, 487.7);SD
Module:M12
Boundary:(607.0, 20.0)(657.4, 20.0)(657.4, 92.2)(672.0, 92.2)(672.0, 188.6)(607.0, 188.6);GATE
Port:(620.6, 183.0)(658.4, 183.0)(658.4, 188.6)(620.6, 188.6);SD
Port:(607.0, 20.0)(657.4, 20.0)(657.4, 92.2)(672.0, 92.2)(672.0, 181.8)(607.0, 181.8);GATE
Port:(612.6, 24.6)(650.8, 24.6)(650.8, 31.1)(612.6, 31.1);SD
Module:M8
Boundary:(145.5, 184.3)(231.2, 184.3)(231.2, 233.6)(247.3, 233.6)(247.3, 332.9)(145.5, 332.9);GATE
Port:(159.2, 327.9)(233.6, 327.9)(233.6, 332.9)(159.2, 332.9);SD
Port:(145.5, 184.3)(231.2, 184.3)(231.2, 233.6)(247.3, 233.6)(247.3, 325.9)(145.5, 325.9);GATE
Port:(151.2, 189.0)(224.5, 189.0)(224.5, 194.6)(151.2, 194.6);SD
Module:M4
Boundary:(20.0, 230.9)(89.8, 230.9)(89.8, 268.0)(105.5, 268.0)(105.5, 350.4)(20.0, 350.4);GATE
Port:(34.6, 344.9)(90.9, 344.9)(90.9, 350.4)(34.6, 350.4);SD
Port:(20.0, 230.9)(89.8, 230.9)(89.8, 268.0)(105.5, 268.0)(105.5, 342.4)(20.0, 342.4);GATE
Port:(25.5, 235.4)(83.3, 235.4)(83.3, 242.6)(25.5, 242.6);SD
