Area:(-20.0, -20.0)(586.0, -20.0)(586.0, 700.0)(-20.0, 700.0)
Rule:GATE(5,5);SD(5,5);GATE_SD(0.5);GATE_ITO(0.5);SD_ITO(0.5)
Module:M9
Boundary:(185.0, 20.0)(185.0, 149.5)(171.0, 149.5)(171.0, 165.0)(20.0, 165.0)(20.0, 20.0);GATE
Port:(20.0, 34.5)(30.0, 34.5)(30.0, 150.5)(20.0, 150.5);SD
Port:(185.0, 20.0)(185.0, 149.5)(171.0, 149.5)(171.0, 165.0)(35.0, 165.0)(35.0, 20.0);GATE
Port:(176.0, 30.0)(180.0, 30.0)(180.0, 135.0)(176.0, 135.0);SD
Module:M5
Boundary:(202.0, 465.0)(202.0, 612.5)(120.0, 612.5)(120.0, 646.0)(30.0, 646.0)(30.0, 465.0);GATE
Port:(30.0, 479.5)(40.0, 479.5)(40.0, 631.5)(30.0, 631.5);SD
Port:(202.0, 465.0)(202.0, 612.5)(120.0, 612.5)(120.0, 646.0)(45.0, 646.0)(45.0, 465.0);GATE
Port:(193.0, 475.0)(197.0, 475.0)(197.0, 598.0)(193.0, 598.0);SD
Module:M1
Boundary:(544.0, 20.0)(544.0, 131.5)(513.8, 131.5)(513.8, 183.0)(438.0, 183.0)(438.0, 20.0);GATE
Port:(438.0, 34.5)(448.0, 34.5)(448.0, 168.5)(438.0, 168.5);SD
Port:(544.0, 20.0)(544.0, 131.5)(513.8, 131.5)(513.8, 183.0)(453.0, 183.0)(453.0, 20.0);GATE
Port:(535.0, 30.0)(539.0, 30.0)(539.0, 117.0)(535.0, 117.0);SD
Module:M6
Boundary:(383.0, 462.0)(494.5, 462.0)(494.5, 522.8)(546.0, 522.8)(546.0, 660.0)(383.0, 660.0);GATE
Port:(397.5, 650.0)(531.5, 650.0)(531.5, 660.0)(397.5, 660.0);SD
Port:(383.0, 462.0)(494.5, 462.0)(494.5, 522.8)(546.0, 522.8)(546.0, 645.0)(383.0, 645.0);GATE
Port:(393.0, 467.0)(480.0, 467.0)(480.0, 471.0)(393.0, 471.0);SD
Module:M2
Boundary:(398.0, 20.0)(398.0, 167.5)(382.0, 167.5)(382.0, 183.0)(243.0, 183.0)(243.0, 20.0);GATE
Port:(243.0, 34.5)(253.0, 34.5)(253.0, 168.5)(243.0, 168.5);SD
Port:(398.0, 20.0)(398.0, 167.5)(382.0, 167.5)(382.0, 183.0)(258.0, 183.0)(258.0, 20.0);GATE
Port:(389.0, 30.0)(393.0, 30.0)(393.0, 153.0)(389.0, 153.0);SD
Module:M10
Boundary:(30.0, 215.0)(177.5, 215.0)(177.5, 231.0)(193.0, 231.0)(193.0, 405.0)(30.0, 405.0);GATE
Port:(44.5, 395.0)(178.5, 395.0)(178.5, 405.0)(44.5, 405.0);SD
Port:(30.0, 215.0)(177.5, 215.0)(177.5, 231.0)(193.0, 231.0)(193.0, 390.0)(30.0, 390.0);GATE
Port:(40.0, 220.0)(163.0, 220.0)(163.0, 224.0)(40.0, 224.0);SD
Module:M7
Boundary:(252.0, 508.0)(328.0, 508.0)(328.0, 516.0)(343.0, 516.0)(343.0, 636.0)(252.0, 636.0);GATE
Port:(266.5, 626.0)(328.5, 626.0)(328.5, 636.0)(266.5, 636.0);SD
Port:(252.0, 508.0)(328.0, 508.0)(328.0, 516.0)(343.0, 516.0)(343.0, 621.0)(252.0, 621.0);GATE
Port:(262.0, 513.0)(313.0, 513.0)(313.0, 517.0)(262.0, 517.0);SD
Module:M3
Boundary:(523.0, 223.0)(523.0, 334.5)(470.1, 334.5)(470.1, 422.0)(410.0, 422.0)(410.0, 223.0);GATE
Port:(410.0, 237.5)(420.0, 237.5)(420.0, 407.5)(410.0, 407.5);SD
Port:(523.0, 223.0)(523.0, 334.5)(470.1, 334.5)(470.1, 422.0)(425.0, 422.0)(425.0, 223.0);GATE
Port:(514.0, 233.0)(518.0, 233.0)(518.0, 320.0)(514.0, 320.0);SD
Module:M8
Boundary:(252.0, 376.0)(328.0, 376.0)(328.0, 384.0)(343.0, 384.0)(343.0, 468.0)(252.0, 468.0);GATE
Port:(266.5, 458.0)(328.5, 458.0)(328.5, 468.0)(266.5, 468.0);SD
Port:(252.0, 376.0)(328.0, 376.0)(328.0, 384.0)(343.0, 384.0)(343.0, 453.0)(252.0, 453.0);GATE
Port:(262.0, 381.0)(313.0, 381.0)(313.0, 385.0)(262.0, 385.0);SD
Module:M4
Boundary:(243.0, 223.0)(354.5, 223.0)(354.5, 239.0)(370.0, 239.0)(370.0, 336.0)(243.0, 336.0);GATE
Port:(257.5, 326.0)(355.5, 326.0)(355.5, 336.0)(257.5, 336.0);SD
Port:(243.0, 223.0)(354.5, 223.0)(354.5, 239.0)(370.0, 239.0)(370.0, 321.0)(243.0, 321.0);GATE
Port:(253.0, 228.0)(340.0, 228.0)(340.0, 232.0)(253.0, 232.0);SD
