Area:(-3.5, 23.1)(439.7, 23.1)(439.7, 557.5)(-3.5, 557.5)
Rule:GATE(5,5);SD(5,5);GATE_SD(0.5);GATE_ITO(0.5);SD_ITO(0.5)
Module:M7
Boundary:(399.7, 69.6)(399.7, 175.6)(229.6, 175.6)(229.6, 69.6);GATE
Port:(229.6, 84.6)(234.8, 84.6)(234.8, 160.6)(229.6, 160.6);SD
Port:(399.7, 69.6)(399.7, 175.6)(237.1, 175.6)(237.1, 69.6);GATE
Port:(388.0, 76.5)(393.8, 76.5)(393.8, 168.7)(388.0, 168.7);SD
Module:M10
Boundary:(88.8, 63.1)(198.5, 63.1)(198.5, 112.9)(215.2, 112.9)(215.2, 160.4)(88.8, 160.4);GATE
Port:(104.6, 155.7)(199.4, 155.7)(199.4, 160.4)(104.6, 160.4);SD
Port:(88.8, 63.1)(198.5, 63.1)(198.5, 112.9)(215.2, 112.9)(215.2, 153.0)(88.8, 153.0);GATE
Port:(94.9, 68.2)(191.4, 68.2)(191.4, 75.4)(94.9, 75.4);SD
Module:M4
Boundary:(173.7, 278.9)(173.7, 218.6)(117.4, 218.6)(117.4, 206.3)(36.5, 206.3)(36.5, 278.9);GATE
Port:(36.5, 219.5)(41.1, 219.5)(41.1, 265.7)(36.5, 265.7);SD
Port:(173.7, 278.9)(173.7, 218.6)(117.4, 218.6)(117.4, 206.3)(43.6, 206.3)(43.6, 278.9);GATE
Port:(162.1, 225.9)(168.4, 225.9)(168.4, 272.6)(162.1, 272.6);SD
Module:M8
Boundary:(276.8, 290.2)(276.8, 200.5)(317.6, 200.5)(317.6, 187.4)(371.3, 187.4)(371.3, 290.2);GATE
Port:(366.4, 200.1)(371.3, 200.1)(371.3, 277.5)(366.4, 277.5);SD
Port:(276.8, 290.2)(276.8, 200.5)(317.6, 200.5)(317.6, 187.4)(364.2, 187.4)(364.2, 290.2);GATE
Port:(282.0, 207.7)(287.8, 207.7)(287.8, 284.0)(282.0, 284.0);SD
Module:M5
Boundary:(269.1, 211.1)(234.4, 211.1)(234.4, 211.1)(218.3, 211.1)(218.3, 299.2)(269.1, 299.2);GATE
Port:(232.1, 295.2)(255.3, 295.2)(255.3, 299.2)(232.1, 299.2);SD
Port:(269.1, 211.1)(234.4, 211.1)(234.4, 211.1)(218.3, 211.1)(218.3, 294.1)(269.1, 294.1);GATE
Port:(240.1, 215.8)(263.4, 215.8)(263.4, 222.0)(240.1, 222.0);SD
Module:M2
Boundary:(77.9, 341.2)(77.9, 293.1)(86.5, 293.1)(86.5, 280.0)(187.4, 280.0)(187.4, 341.2);GATE
Port:(182.9, 292.8)(187.4, 292.8)(187.4, 328.4)(182.9, 328.4);SD
Port:(77.9, 341.2)(77.9, 293.1)(86.5, 293.1)(86.5, 280.0)(181.7, 280.0)(181.7, 341.2);GATE
Port:(83.0, 300.2)(89.0, 300.2)(89.0, 335.1)(83.0, 335.1);SD
Module:M9
Boundary:(191.3, 411.9)(263.2, 411.9)(263.2, 411.8)(280.5, 411.8)(280.5, 299.3)(191.3, 299.3);GATE
Port:(206.4, 299.3)(265.4, 299.3)(265.4, 305.2)(206.4, 305.2);SD
Port:(191.3, 411.9)(263.2, 411.9)(263.2, 411.8)(280.5, 411.8)(280.5, 306.6)(191.3, 306.6);GATE
Port:(197.8, 399.6)(256.7, 399.6)(256.7, 406.4)(197.8, 406.4);SD
Module:M6
Boundary:(286.9, 297.9)(365.2, 297.9)(365.2, 363.4)(382.9, 363.4)(382.9, 433.7)(286.9, 433.7);GATE
Port:(303.4, 429.1)(366.4, 429.1)(366.4, 433.7)(303.4, 433.7);SD
Port:(286.9, 297.9)(365.2, 297.9)(365.2, 363.4)(382.9, 363.4)(382.9, 426.2)(286.9, 426.2);GATE
Port:(293.5, 303.5)(357.6, 303.5)(357.6, 310.9)(293.5, 310.9);SD
Module:M3
Boundary:(37.8, 352.1)(169.3, 352.1)(169.3, 517.5)(37.8, 517.5);GATE
Port:(52.1, 513.4)(155.0, 513.4)(155.0, 517.5)(52.1, 517.5);SD
Port:(37.8, 352.1)(169.3, 352.1)(169.3, 510.5)(37.8, 510.5);GATE
Port:(43.6, 356.9)(163.5, 356.9)(163.5, 362.9)(43.6, 362.9);SD
Module:M1
Boundary:(395.0, 517.0)(395.0, 445.0)(200.4, 445.0)(200.4, 517.0);GATE
Port:(200.4, 459.5)(206.4, 459.5)(206.4, 502.5)(200.4, 502.5);SD
Port:(395.0, 517.0)(395.0, 445.0)(207.5, 445.0)(207.5, 517.0);GATE
Port:(383.2, 450.2)(390.8, 450.2)(390.8, 511.8)(383.2, 511.8);SD
