Area:(-20.0, -20.0)(238.0, -20.0)(238.0, 696.0)(-20.0, 696.0)
Rule:GATE(5,5);SD(5,5);GATE_SD(0.5);GATE_ITO(0.5);SD_ITO(0.5)
Module:M5
Boundary:(198.0, 259.0)(198.0, 352.5)(165.0, 352.5)(165.0, 404.0)(127.0, 404.0)(127.0, 259.0);GATE
Port:(127.0, 273.5)(137.0, 273.5)(137.0, 389.5)(127.0, 389.5);SD
Port:(198.0, 259.0)(198.0, 352.5)(165.0, 352.5)(165.0, 404.0)(142.0, 404.0)(142.0, 259.0);GATE
Port:(189.0, 269.0)(193.0, 269.0)(193.0, 338.0)(189.0, 338.0);SD
Module:M1
Boundary:(197.0, 547.0)(197.0, 640.5)(187.0, 640.5)(187.0, 656.0)(20.0, 656.0)(20.0, 547.0);GATE
Port:(20.0, 561.5)(30.0, 561.5)(30.0, 641.5)(20.0, 641.5);SD
Port:(197.0, 547.0)(197.0, 640.5)(187.0, 640.5)(187.0, 656.0)(35.0, 656.0)(35.0, 547.0);GATE
Port:(188.0, 557.0)(192.0, 557.0)(192.0, 626.0)(188.0, 626.0);SD
Module:M2
Boundary:(178.0, 20.0)(178.0, 131.5)(123.4, 131.5)(123.4, 219.0)(20.0, 219.0)(20.0, 20.0);GATE
Port:(20.0, 34.5)(30.0, 34.5)(30.0, 204.5)(20.0, 204.5);SD
Port:(178.0, 20.0)(178.0, 131.5)(123.4, 131.5)(123.4, 219.0)(35.0, 219.0)(35.0, 20.0);GATE
Port:(169.0, 30.0)(173.0, 30.0)(173.0, 117.0)(169.0, 117.0);SD
Module:M3
Boundary:(20.0, 444.0)(96.0, 444.0)(96.0, 452.0)(111.0, 452.0)(111.0, 507.0)(20.0, 507.0);GATE
Port:(34.5, 497.0)(96.5, 497.0)(96.5, 507.0)(34.5, 507.0);SD
Port:(20.0, 444.0)(96.0, 444.0)(96.0, 452.0)(111.0, 452.0)(111.0, 492.0)(20.0, 492.0);GATE
Port:(30.0, 449.0)(81.0, 449.0)(81.0, 453.0)(30.0, 453.0);SD
Module:M4
Boundary:(87.0, 259.0)(87.0, 388.5)(73.0, 388.5)(73.0, 404.0)(20.0, 404.0)(20.0, 259.0);GATE
Port:(20.0, 273.5)(30.0, 273.5)(30.0, 389.5)(20.0, 389.5);SD
Port:(87.0, 259.0)(87.0, 388.5)(73.0, 388.5)(73.0, 404.0)(35.0, 404.0)(35.0, 259.0);GATE
Port:(78.0, 269.0)(82.0, 269.0)(82.0, 374.0)(78.0, 374.0);SD
