Area:(-11.3, 3.2)(333.2, 3.2)(333.2, 988.5)(-11.3, 988.5)
Rule:GATE(5,5);SD(5,5);GATE_SD(0.5);GATE_ITO(0.5);SD_ITO(0.5)
Module:M5
Boundary:(183.0, 73.7)(89.5, 73.7)(89.5, 94.8)(56.0, 94.8)(56.0, 135.7)(183.0, 135.7);GATE
Port:(70.5, 125.7)(168.5, 125.7)(168.5, 135.7)(70.5, 135.7);SD
Port:(183.0, 73.7)(89.5, 73.7)(89.5, 94.8)(56.0, 94.8)(56.0, 120.7)(183.0, 120.7);GATE
Port:(104.0, 78.7)(173.0, 78.7)(173.0, 82.7)(104.0, 82.7);SD
Module:M9
Boundary:(293.2, 170.2)(293.2, 58.7)(281.2, 58.7)(281.2, 43.2)(189.2, 43.2)(189.2, 170.2);GATE
Port:(189.2, 57.7)(199.2, 57.7)(199.2, 155.7)(189.2, 155.7);SD
Port:(293.2, 170.2)(293.2, 58.7)(281.2, 58.7)(281.2, 43.2)(204.2, 43.2)(204.2, 170.2);GATE
Port:(284.2, 73.2)(288.2, 73.2)(288.2, 160.2)(284.2, 160.2);SD
Module:M4
Boundary:(55.4, 203.5)(184.9, 203.5)(184.9, 217.5)(200.4, 217.5)(200.4, 335.5)(55.4, 335.5);GATE
Port:(69.9, 325.5)(185.9, 325.5)(185.9, 335.5)(69.9, 335.5);SD
Port:(55.4, 203.5)(184.9, 203.5)(184.9, 217.5)(200.4, 217.5)(200.4, 320.5)(55.4, 320.5);GATE
Port:(65.4, 208.5)(170.4, 208.5)(170.4, 212.5)(65.4, 212.5);SD
Module:M10
Boundary:(200.8, 235.9)(276.8, 235.9)(276.8, 243.9)(291.8, 243.9)(291.8, 393.9)(200.8, 393.9);GATE
Port:(215.3, 383.9)(277.3, 383.9)(277.3, 393.9)(215.3, 393.9);SD
Port:(200.8, 235.9)(276.8, 235.9)(276.8, 243.9)(291.8, 243.9)(291.8, 378.9)(200.8, 378.9);GATE
Port:(210.8, 240.9)(261.8, 240.9)(261.8, 244.9)(210.8, 244.9);SD
Module:M6
Boundary:(34.9, 341.8)(146.4, 341.8)(146.4, 353.8)(161.9, 353.8)(161.9, 499.8)(34.9, 499.8);GATE
Port:(49.4, 489.8)(147.4, 489.8)(147.4, 499.8)(49.4, 499.8);SD
Port:(34.9, 341.8)(146.4, 341.8)(146.4, 353.8)(161.9, 353.8)(161.9, 484.8)(34.9, 484.8);GATE
Port:(44.9, 346.8)(131.9, 346.8)(131.9, 350.8)(44.9, 350.8);SD
Module:M7
Boundary:(162.0, 412.7)(273.5, 412.7)(273.5, 431.7)(289.0, 431.7)(289.0, 549.7)(162.0, 549.7);GATE
Port:(176.5, 539.7)(274.5, 539.7)(274.5, 549.7)(176.5, 549.7);SD
Port:(162.0, 412.7)(273.5, 412.7)(273.5, 431.7)(289.0, 431.7)(289.0, 534.7)(162.0, 534.7);GATE
Port:(172.0, 417.7)(259.0, 417.7)(259.0, 421.7)(172.0, 421.7);SD
Module:M3
Boundary:(119.7, 507.7)(43.7, 507.7)(43.7, 515.7)(28.7, 515.7)(28.7, 582.7)(119.7, 582.7);GATE
Port:(43.2, 572.7)(105.2, 572.7)(105.2, 582.7)(43.2, 582.7);SD
Port:(119.7, 507.7)(43.7, 507.7)(43.7, 515.7)(28.7, 515.7)(28.7, 567.7)(119.7, 567.7);GATE
Port:(58.7, 512.7)(109.7, 512.7)(109.7, 516.7)(58.7, 516.7);SD
Module:M1
Boundary:(123.6, 563.2)(271.1, 563.2)(271.1, 580.2)(286.6, 580.2)(286.6, 726.2)(123.6, 726.2);GATE
Port:(138.1, 716.2)(272.1, 716.2)(272.1, 726.2)(138.1, 726.2);SD
Port:(123.6, 563.2)(271.1, 563.2)(271.1, 580.2)(286.6, 580.2)(286.6, 711.2)(123.6, 711.2);GATE
Port:(133.6, 568.2)(256.6, 568.2)(256.6, 572.2)(133.6, 572.2);SD
Module:M8
Boundary:(43.6, 603.9)(116.6, 603.9)(116.6, 727.9)(43.6, 727.9);GATE
Port:(58.1, 717.9)(102.1, 717.9)(102.1, 727.9)(58.1, 727.9);SD
Port:(43.6, 603.9)(116.6, 603.9)(116.6, 712.9)(43.6, 712.9);GATE
Port:(53.6, 608.9)(106.6, 608.9)(106.6, 612.9)(53.6, 612.9);SD
Module:M2
Boundary:(290.7, 770.5)(251.2, 770.5)(251.2, 858.5)(37.7, 858.5)(37.7, 948.5)(290.7, 948.5);GATE
Port:(52.2, 938.5)(276.2, 938.5)(276.2, 948.5)(52.2, 948.5);SD
Port:(290.7, 770.5)(251.2, 770.5)(251.2, 858.5)(37.7, 858.5)(37.7, 933.5)(290.7, 933.5);GATE
Port:(265.7, 775.5)(280.7, 775.5)(280.7, 779.5)(265.7, 779.5);SD
