Area:(-2.2, -13.9)(420.9, -13.9)(420.9, 295.4)(-2.2, 295.4)
Rule:GATE(5,5);SD(5,5);GATE_SD(0.5);GATE_ITO(0.5);SD_ITO(0.5)
Module:M1
Boundary:(45.4, 166.8)(107.4, 166.8)(107.4, 48.1)(45.4, 48.1);GATE
Port:(59.4, 48.1)(93.4, 48.1)(93.4, 52.3)(59.4, 52.3);SD
Port:(45.4, 166.8)(107.4, 166.8)(107.4, 54.2)(45.4, 54.2);GATE
Port:(51.9, 154.4)(100.9, 154.4)(100.9, 161.3)(51.9, 161.3);SD
Module:M2
Boundary:(218.6, 161.3)(151.6, 161.3)(151.6, 94.7)(136.7, 94.7)(136.7, 26.5)(218.6, 26.5);GATE
Port:(150.7, 26.5)(204.6, 26.5)(204.6, 31.1)(150.7, 31.1);SD
Port:(218.6, 161.3)(151.6, 161.3)(151.6, 94.7)(136.7, 94.7)(136.7, 32.4)(218.6, 32.4);GATE
Port:(158.0, 150.1)(213.2, 150.1)(213.2, 156.9)(158.0, 156.9);SD
Module:M5
Boundary:(307.5, 35.9)(380.9, 35.9)(380.9, 253.2)(307.5, 253.2);GATE
Port:(319.2, 248.1)(369.2, 248.1)(369.2, 253.2)(319.2, 253.2);SD
Port:(307.5, 35.9)(380.9, 35.9)(380.9, 246.9)(307.5, 246.9);GATE
Port:(312.5, 39.9)(375.9, 39.9)(375.9, 45.8)(312.5, 45.8);SD
Module:M4
Boundary:(231.6, 26.1)(285.7, 26.1)(285.7, 147.3)(300.7, 147.3)(300.7, 255.4)(231.6, 255.4);GATE
Port:(246.9, 250.4)(285.4, 250.4)(285.4, 255.4)(246.9, 255.4);SD
Port:(231.6, 26.1)(285.7, 26.1)(285.7, 147.3)(300.7, 147.3)(300.7, 248.0)(231.6, 248.0);GATE
Port:(238.4, 31.9)(277.9, 31.9)(277.9, 38.7)(238.4, 38.7);SD
Module:M3
Boundary:(203.2, 173.1)(203.2, 253.4)(37.8, 253.4)(37.8, 173.1);GATE
Port:(37.8, 186.2)(42.5, 186.2)(42.5, 240.3)(37.8, 240.3);SD
Port:(203.2, 173.1)(203.2, 253.4)(45.1, 253.4)(45.1, 173.1);GATE
Port:(191.6, 179.5)(197.8, 179.5)(197.8, 247.0)(191.6, 247.0);SD
