Area:(-20.0, -20.0)(402.2, -20.0)(402.2, 721.5)(-20.0, 721.5)
Rule:GATE(5,5);SD(5,5);GATE_SD(0.5);GATE_ITO(0.5);SD_ITO(0.5)
Module:M9
Boundary:(215.9, 174.5)(215.9, 265.0)(20.0, 265.0)(20.0, 174.5);GATE
Port:(20.0, 189.9)(25.4, 189.9)(25.4, 249.6)(20.0, 249.6);SD
Port:(215.9, 174.5)(215.9, 265.0)(28.0, 265.0)(28.0, 174.5);GATE
Port:(204.0, 181.5)(209.9, 181.5)(209.9, 258.0)(204.0, 258.0);SD
Module:M5
Boundary:(356.5, 30.0)(356.5, 124.5)(142.6, 124.5)(142.6, 30.0);GATE
Port:(142.6, 42.3)(148.4, 42.3)(148.4, 112.2)(142.6, 112.2);SD
Port:(356.5, 30.0)(356.5, 124.5)(150.1, 124.5)(150.1, 30.0);GATE
Port:(346.3, 35.6)(351.9, 35.6)(351.9, 118.9)(346.3, 118.9);SD
Module:M1
Boundary:(112.9, 517.9)(112.9, 617.5)(112.4, 617.5)(112.4, 634.0)(20.0, 634.0)(20.0, 517.9);GATE
Port:(20.0, 530.7)(25.5, 530.7)(25.5, 621.2)(20.0, 621.2);SD
Port:(112.9, 517.9)(112.9, 617.5)(112.4, 617.5)(112.4, 634.0)(26.6, 634.0)(26.6, 517.9);GATE
Port:(102.2, 523.8)(108.0, 523.8)(108.0, 611.6)(102.2, 611.6);SD
Module:M6
Boundary:(101.2, 413.1)(101.2, 463.4)(79.3, 463.4)(79.3, 477.9)(20.0, 477.9)(20.0, 413.1);GATE
Port:(20.0, 426.5)(25.9, 426.5)(25.9, 464.5)(20.0, 464.5);SD
Port:(101.2, 413.1)(101.2, 463.4)(79.3, 463.4)(79.3, 477.9)(28.4, 477.9)(28.4, 413.1);GATE
Port:(90.2, 418.4)(96.9, 418.4)(96.9, 457.1)(90.2, 457.1);SD
Module:M2
Boundary:(20.0, 20.0)(76.3, 20.0)(76.3, 38.1)(92.6, 38.1)(92.6, 108.5)(20.0, 108.5);GATE
Port:(35.5, 102.6)(77.1, 102.6)(77.1, 108.5)(35.5, 108.5);SD
Port:(20.0, 20.0)(76.3, 20.0)(76.3, 38.1)(92.6, 38.1)(92.6, 100.5)(20.0, 100.5);GATE
Port:(26.5, 25.5)(68.8, 25.5)(68.8, 32.5)(26.5, 32.5);SD
Module:M10
Boundary:(265.9, 184.5)(344.2, 184.5)(344.2, 198.5)(357.9, 198.5)(357.9, 348.0)(265.9, 348.0);GATE
Port:(279.2, 343.7)(344.6, 343.7)(344.6, 348.0)(279.2, 348.0);SD
Port:(265.9, 184.5)(344.2, 184.5)(344.2, 198.5)(357.9, 198.5)(357.9, 340.9)(265.9, 340.9);GATE
Port:(272.5, 190.1)(336.6, 190.1)(336.6, 195.5)(272.5, 195.5);SD
Module:M7
Boundary:(104.9, 305.0)(104.9, 356.6)(104.8, 356.6)(104.8, 373.1)(20.0, 373.1)(20.0, 305.0);GATE
Port:(20.0, 318.7)(24.7, 318.7)(24.7, 359.4)(20.0, 359.4);SD
Port:(104.9, 305.0)(104.9, 356.6)(104.8, 356.6)(104.8, 373.1)(27.3, 373.1)(27.3, 305.0);GATE
Port:(93.1, 311.6)(99.3, 311.6)(99.3, 350.0)(93.1, 350.0);SD
Module:M3
Boundary:(144.9, 305.0)(192.4, 305.0)(192.4, 424.5)(144.9, 424.5);GATE
Port:(158.4, 420.1)(178.9, 420.1)(178.9, 424.5)(158.4, 424.5);SD
Port:(144.9, 305.0)(192.4, 305.0)(192.4, 417.4)(144.9, 417.4);GATE
Port:(151.4, 310.5)(185.9, 310.5)(185.9, 316.3)(151.4, 316.3);SD
Module:M8
Boundary:(232.4, 398.0)(340.2, 398.0)(340.2, 443.5)(356.5, 443.5)(356.5, 514.4)(232.4, 514.4);GATE
Port:(247.6, 509.9)(341.3, 509.9)(341.3, 514.4)(247.6, 514.4);SD
Port:(232.4, 398.0)(340.2, 398.0)(340.2, 443.5)(356.5, 443.5)(356.5, 508.5)(232.4, 508.5);GATE
Port:(238.5, 403.1)(333.1, 403.1)(333.1, 410.4)(238.5, 410.4);SD
Module:M4
Boundary:(362.2, 554.4)(362.2, 664.4)(270.4, 664.4)(270.4, 681.5)(152.9, 681.5)(152.9, 554.4);GATE
Port:(152.9, 569.0)(157.1, 569.0)(157.1, 666.9)(152.9, 666.9);SD
Port:(362.2, 554.4)(362.2, 664.4)(270.4, 664.4)(270.4, 681.5)(158.8, 681.5)(158.8, 554.4);GATE
Port:(350.9, 560.7)(356.9, 560.7)(356.9, 657.1)(350.9, 657.1);SD
