Area:(-20.0, -20.0)(648.3, -20.0)(648.3, 594.6)(-20.0, 594.6)
Rule:GATE(5,5);SD(5,5);GATE_SD(0.5);GATE_ITO(0.5);SD_ITO(0.5)
Module:M16
Boundary:(179.7, 80.1)(273.2, 80.1)(273.2, 80.4)(288.4, 80.4)(288.4, 187.9)(179.7, 187.9);GATE
Port:(192.8, 183.2)(275.3, 183.2)(275.3, 187.9)(192.8, 187.9);SD
Port:(179.7, 80.1)(273.2, 80.1)(273.2, 80.4)(288.4, 80.4)(288.4, 180.4)(179.7, 180.4);GATE
Port:(184.7, 84.1)(268.2, 84.1)(268.2, 91.2)(184.7, 91.2);SD
Module:M4
Boundary:(36.5, 63.1)(130.0, 63.1)(130.0, 82.9)(144.5, 82.9)(144.5, 185.1)(36.5, 185.1);GATE
Port:(47.8, 179.6)(133.2, 179.6)(133.2, 185.1)(47.8, 185.1);SD
Port:(36.5, 63.1)(130.0, 63.1)(130.0, 82.9)(144.5, 82.9)(144.5, 178.0)(36.5, 178.0);GATE
Port:(42.1, 67.7)(123.4, 67.7)(123.4, 72.5)(42.1, 72.5);SD
Module:M11
Boundary:(411.1, 201.3)(345.6, 201.3)(345.6, 20.0)(411.1, 20.0);GATE
Port:(358.4, 20.0)(398.3, 20.0)(398.3, 25.2)(358.4, 25.2);SD
Port:(411.1, 201.3)(345.6, 201.3)(345.6, 28.0)(411.1, 28.0);GATE
Port:(351.0, 190.5)(405.7, 190.5)(405.7, 196.9)(351.0, 196.9);SD
Module:M12
Boundary:(492.6, 223.5)(435.2, 223.5)(435.2, 143.9)(417.3, 143.9)(417.3, 41.0)(492.6, 41.0);GATE
Port:(432.4, 41.0)(477.5, 41.0)(477.5, 46.0)(432.4, 46.0);SD
Port:(492.6, 223.5)(435.2, 223.5)(435.2, 143.9)(417.3, 143.9)(417.3, 47.1)(492.6, 47.1);GATE
Port:(442.3, 211.8)(486.5, 211.8)(486.5, 218.4)(442.3, 218.4);SD
Module:M5
Boundary:(499.1, 25.0)(608.3, 25.0)(608.3, 249.7)(499.1, 249.7);GATE
Port:(513.4, 245.2)(594.0, 245.2)(594.0, 249.7)(513.4, 249.7);SD
Port:(499.1, 25.0)(608.3, 25.0)(608.3, 242.2)(499.1, 242.2);GATE
Port:(504.5, 29.4)(602.9, 29.4)(602.9, 36.3)(504.5, 36.3);SD
Module:M10
Boundary:(266.8, 199.2)(197.2, 199.2)(197.2, 226.2)(182.4, 226.2)(182.4, 279.0)(266.8, 279.0);GATE
Port:(195.6, 273.5)(253.6, 273.5)(253.6, 279.0)(195.6, 279.0);SD
Port:(266.8, 199.2)(197.2, 199.2)(197.2, 226.2)(182.4, 226.2)(182.4, 271.5)(266.8, 271.5);GATE
Port:(205.4, 204.4)(260.6, 204.4)(260.6, 210.0)(205.4, 210.0);SD
Module:M2
Boundary:(142.4, 260.9)(142.4, 198.3)(84.2, 198.3)(84.2, 185.2)(20.0, 185.2)(20.0, 260.9);GATE
Port:(20.0, 198.5)(25.0, 198.5)(25.0, 247.6)(20.0, 247.6);SD
Port:(142.4, 260.9)(142.4, 198.3)(84.2, 198.3)(84.2, 185.2)(27.4, 185.2)(27.4, 260.9);GATE
Port:(130.7, 205.1)(137.6, 205.1)(137.6, 255.1)(130.7, 255.1);SD
Module:M6
Boundary:(330.9, 226.0)(330.9, 295.3)(403.0, 295.3)(403.0, 311.4)(477.2, 311.4)(477.2, 226.0);GATE
Port:(471.9, 239.7)(477.2, 239.7)(477.2, 297.7)(471.9, 297.7);SD
Port:(330.9, 226.0)(330.9, 295.3)(403.0, 295.3)(403.0, 311.4)(468.9, 311.4)(468.9, 226.0);GATE
Port:(335.9, 232.0)(341.4, 232.0)(341.4, 288.3)(335.9, 288.3);SD
Module:M7
Boundary:(20.0, 292.9)(20.0, 369.4)(20.2, 369.4)(20.2, 384.2)(146.2, 384.2)(146.2, 292.9);GATE
Port:(141.9, 305.8)(146.2, 305.8)(146.2, 371.3)(141.9, 371.3);SD
Port:(20.0, 292.9)(20.0, 369.4)(20.2, 369.4)(20.2, 384.2)(139.2, 384.2)(139.2, 292.9);GATE
Port:(24.1, 298.0)(30.6, 298.0)(30.6, 364.3)(24.1, 364.3);SD
Module:M14
Boundary:(589.5, 251.7)(507.6, 251.7)(507.6, 295.3)(492.8, 295.3)(492.8, 388.2)(589.5, 388.2);GATE
Port:(505.6, 382.5)(576.7, 382.5)(576.7, 388.2)(505.6, 388.2);SD
Port:(589.5, 251.7)(507.6, 251.7)(507.6, 295.3)(492.8, 295.3)(492.8, 380.2)(589.5, 380.2);GATE
Port:(514.2, 256.3)(583.9, 256.3)(583.9, 262.7)(514.2, 262.7);SD
Module:M15
Boundary:(453.6, 410.7)(453.6, 360.5)(453.6, 360.5)(453.6, 344.6)(306.1, 344.6)(306.1, 410.7);GATE
Port:(306.1, 358.4)(311.5, 358.4)(311.5, 396.9)(306.1, 396.9);SD
Port:(453.6, 410.7)(453.6, 360.5)(453.6, 360.5)(453.6, 344.6)(313.8, 344.6)(313.8, 410.7);GATE
Port:(442.7, 367.5)(447.6, 367.5)(447.6, 403.7)(442.7, 403.7);SD
Module:M9
Boundary:(299.7, 306.3)(201.9, 306.3)(201.9, 306.8)(186.2, 306.8)(186.2, 480.2)(299.7, 480.2);GATE
Port:(200.4, 475.6)(285.5, 475.6)(285.5, 480.2)(200.4, 480.2);SD
Port:(299.7, 306.3)(201.9, 306.3)(201.9, 306.8)(186.2, 306.8)(186.2, 473.5)(299.7, 473.5);GATE
Port:(208.5, 311.9)(293.1, 311.9)(293.1, 317.7)(208.5, 317.7);SD
Module:M1
Boundary:(70.9, 404.4)(150.6, 404.4)(150.6, 404.5)(166.5, 404.5)(166.5, 512.9)(70.9, 512.9);GATE
Port:(83.2, 508.6)(154.2, 508.6)(154.2, 512.9)(83.2, 512.9);SD
Port:(70.9, 404.4)(150.6, 404.4)(150.6, 404.5)(166.5, 404.5)(166.5, 506.9)(70.9, 506.9);GATE
Port:(76.6, 409.1)(144.9, 409.1)(144.9, 414.1)(76.6, 414.1);SD
Module:M3
Boundary:(459.2, 499.5)(459.2, 419.4)(347.6, 419.4)(347.6, 499.5);GATE
Port:(347.6, 432.6)(352.3, 432.6)(352.3, 486.3)(347.6, 486.3);SD
Port:(459.2, 499.5)(459.2, 419.4)(353.4, 419.4)(353.4, 499.5);GATE
Port:(448.3, 425.4)(454.2, 425.4)(454.2, 493.5)(448.3, 493.5);SD
Module:M13
Boundary:(575.0, 517.5)(575.0, 439.9)(469.9, 439.9)(469.9, 517.5);GATE
Port:(469.9, 452.4)(474.1, 452.4)(474.1, 505.0)(469.9, 505.0);SD
Port:(575.0, 517.5)(575.0, 439.9)(475.4, 439.9)(475.4, 517.5);GATE
Port:(564.0, 446.4)(569.5, 446.4)(569.5, 511.0)(564.0, 511.0);SD
Module:M8
Boundary:(338.9, 494.8)(338.9, 540.8)(287.4, 540.8)(287.4, 554.6)(188.5, 554.6)(188.5, 494.8);GATE
Port:(188.5, 505.9)(193.2, 505.9)(193.2, 543.5)(188.5, 543.5);SD
Port:(338.9, 494.8)(338.9, 540.8)(287.4, 540.8)(287.4, 554.6)(195.7, 554.6)(195.7, 494.8);GATE
Port:(329.5, 500.1)(334.6, 500.1)(334.6, 534.5)(329.5, 534.5);SD
