Area:(-20.0, -20.0)(776.0, -20.0)(776.0, 979.0)(-20.0, 979.0)
Rule:GATE(5,5);SD(5,5);GATE_SD(0.5);GATE_ITO(0.5);SD_ITO(0.5)
Module:M14
Boundary:(255.0, 158.0)(366.5, 158.0)(366.5, 170.0)(382.0, 170.0)(382.0, 249.0)(255.0, 249.0);GATE
Port:(269.5, 239.0)(367.5, 239.0)(367.5, 249.0)(269.5, 249.0);SD
Port:(255.0, 158.0)(366.5, 158.0)(366.5, 170.0)(382.0, 170.0)(382.0, 234.0)(255.0, 234.0);GATE
Port:(265.0, 163.0)(352.0, 163.0)(352.0, 167.0)(265.0, 167.0);SD
Module:M9
Boundary:(241.0, 20.0)(314.0, 20.0)(314.0, 118.0)(241.0, 118.0);GATE
Port:(255.5, 108.0)(299.5, 108.0)(299.5, 118.0)(255.5, 118.0);SD
Port:(241.0, 20.0)(314.0, 20.0)(314.0, 103.0)(241.0, 103.0);GATE
Port:(251.0, 25.0)(304.0, 25.0)(304.0, 29.0)(251.0, 29.0);SD
Module:M5
Boundary:(201.0, 20.0)(201.0, 149.5)(187.0, 149.5)(187.0, 165.0)(20.0, 165.0)(20.0, 20.0);GATE
Port:(20.0, 34.5)(30.0, 34.5)(30.0, 150.5)(20.0, 150.5);SD
Port:(201.0, 20.0)(201.0, 149.5)(187.0, 149.5)(187.0, 165.0)(35.0, 165.0)(35.0, 20.0);GATE
Port:(192.0, 30.0)(196.0, 30.0)(196.0, 135.0)(192.0, 135.0);SD
Module:M11
Boundary:(215.0, 205.0)(215.0, 278.0)(20.0, 278.0)(20.0, 205.0);GATE
Port:(20.0, 219.5)(30.0, 219.5)(30.0, 263.5)(20.0, 263.5);SD
Port:(215.0, 205.0)(215.0, 278.0)(35.0, 278.0)(35.0, 205.0);GATE
Port:(206.0, 215.0)(210.0, 215.0)(210.0, 268.0)(206.0, 268.0);SD
Module:M1
Boundary:(591.0, 449.0)(720.5, 449.0)(720.5, 463.0)(736.0, 463.0)(736.0, 544.0)(591.0, 544.0);GATE
Port:(605.5, 534.0)(721.5, 534.0)(721.5, 544.0)(605.5, 544.0);SD
Port:(591.0, 449.0)(720.5, 449.0)(720.5, 463.0)(736.0, 463.0)(736.0, 529.0)(591.0, 529.0);GATE
Port:(601.0, 454.0)(706.0, 454.0)(706.0, 458.0)(601.0, 458.0);SD
Module:M24
Boundary:(408.0, 812.0)(484.0, 812.0)(484.0, 820.0)(499.0, 820.0)(499.0, 933.0)(408.0, 933.0);GATE
Port:(422.5, 923.0)(484.5, 923.0)(484.5, 933.0)(422.5, 933.0);SD
Port:(408.0, 812.0)(484.0, 812.0)(484.0, 820.0)(499.0, 820.0)(499.0, 918.0)(408.0, 918.0);GATE
Port:(418.0, 817.0)(469.0, 817.0)(469.0, 821.0)(418.0, 821.0);SD
Module:M19
Boundary:(295.0, 759.0)(368.0, 759.0)(368.0, 828.0)(295.0, 828.0);GATE
Port:(309.5, 818.0)(353.5, 818.0)(353.5, 828.0)(309.5, 828.0);SD
Port:(295.0, 759.0)(368.0, 759.0)(368.0, 813.0)(295.0, 813.0);GATE
Port:(305.0, 764.0)(358.0, 764.0)(358.0, 768.0)(305.0, 768.0);SD
Module:M6
Boundary:(497.0, 329.0)(497.0, 402.0)(422.0, 402.0)(422.0, 329.0);GATE
Port:(422.0, 343.5)(432.0, 343.5)(432.0, 387.5)(422.0, 387.5);SD
Port:(497.0, 329.0)(497.0, 402.0)(437.0, 402.0)(437.0, 329.0);GATE
Port:(488.0, 339.0)(492.0, 339.0)(492.0, 392.0)(488.0, 392.0);SD
Module:M21
Boundary:(422.0, 133.0)(515.5, 133.0)(515.5, 148.0)(531.0, 148.0)(531.0, 289.0)(422.0, 289.0);GATE
Port:(436.5, 279.0)(516.5, 279.0)(516.5, 289.0)(436.5, 289.0);SD
Port:(422.0, 133.0)(515.5, 133.0)(515.5, 148.0)(531.0, 148.0)(531.0, 274.0)(422.0, 274.0);GATE
Port:(432.0, 138.0)(501.0, 138.0)(501.0, 142.0)(432.0, 142.0);SD
Module:M2
Boundary:(723.0, 20.0)(723.0, 93.0)(553.0, 93.0)(553.0, 20.0);GATE
Port:(553.0, 34.5)(563.0, 34.5)(563.0, 78.5)(553.0, 78.5);SD
Port:(723.0, 20.0)(723.0, 93.0)(568.0, 93.0)(568.0, 20.0);GATE
Port:(714.0, 30.0)(718.0, 30.0)(718.0, 83.0)(714.0, 83.0);SD
Module:M16
Boundary:(20.0, 663.0)(167.5, 663.0)(167.5, 773.7)(255.0, 773.7)(255.0, 827.0)(20.0, 827.0);GATE
Port:(34.5, 817.0)(240.5, 817.0)(240.5, 827.0)(34.5, 827.0);SD
Port:(20.0, 663.0)(167.5, 663.0)(167.5, 773.7)(255.0, 773.7)(255.0, 812.0)(20.0, 812.0);GATE
Port:(30.0, 668.0)(153.0, 668.0)(153.0, 672.0)(30.0, 672.0);SD
Module:M13
Boundary:(204.0, 318.0)(204.0, 391.0)(20.0, 391.0)(20.0, 318.0);GATE
Port:(20.0, 332.5)(30.0, 332.5)(30.0, 376.5)(20.0, 376.5);SD
Port:(204.0, 318.0)(204.0, 391.0)(35.0, 391.0)(35.0, 318.0);GATE
Port:(195.0, 328.0)(199.0, 328.0)(199.0, 381.0)(195.0, 381.0);SD
Module:M10
Boundary:(223.0, 868.0)(334.5, 868.0)(334.5, 897.0)(368.0, 897.0)(368.0, 937.0)(223.0, 937.0);GATE
Port:(237.5, 927.0)(353.5, 927.0)(353.5, 937.0)(237.5, 937.0);SD
Port:(223.0, 868.0)(334.5, 868.0)(334.5, 897.0)(368.0, 897.0)(368.0, 922.0)(223.0, 922.0);GATE
Port:(233.0, 873.0)(320.0, 873.0)(320.0, 877.0)(233.0, 877.0);SD
Module:M7
Boundary:(20.0, 867.0)(167.5, 867.0)(167.5, 883.0)(183.0, 883.0)(183.0, 931.0)(20.0, 931.0);GATE
Port:(34.5, 921.0)(168.5, 921.0)(168.5, 931.0)(34.5, 931.0);SD
Port:(20.0, 867.0)(167.5, 867.0)(167.5, 883.0)(183.0, 883.0)(183.0, 916.0)(20.0, 916.0);GATE
Port:(30.0, 872.0)(153.0, 872.0)(153.0, 876.0)(30.0, 876.0);SD
Module:M3
Boundary:(187.0, 447.0)(280.5, 447.0)(280.5, 457.0)(296.0, 457.0)(296.0, 536.0)(187.0, 536.0);GATE
Port:(201.5, 526.0)(281.5, 526.0)(281.5, 536.0)(201.5, 536.0);SD
Port:(187.0, 447.0)(280.5, 447.0)(280.5, 457.0)(296.0, 457.0)(296.0, 521.0)(187.0, 521.0);GATE
Port:(197.0, 452.0)(266.0, 452.0)(266.0, 456.0)(197.0, 456.0);SD
Module:M23
Boundary:(462.0, 584.0)(573.5, 584.0)(573.5, 709.0)(733.0, 709.0)(733.0, 772.0)(462.0, 772.0);GATE
Port:(476.5, 762.0)(718.5, 762.0)(718.5, 772.0)(476.5, 772.0);SD
Port:(462.0, 584.0)(573.5, 584.0)(573.5, 709.0)(733.0, 709.0)(733.0, 757.0)(462.0, 757.0);GATE
Port:(472.0, 589.0)(559.0, 589.0)(559.0, 593.0)(472.0, 593.0);SD
Module:M18
Boundary:(478.0, 449.0)(551.0, 449.0)(551.0, 541.0)(478.0, 541.0);GATE
Port:(492.5, 531.0)(536.5, 531.0)(536.5, 541.0)(492.5, 541.0);SD
Port:(478.0, 449.0)(551.0, 449.0)(551.0, 526.0)(478.0, 526.0);GATE
Port:(488.0, 454.0)(541.0, 454.0)(541.0, 458.0)(488.0, 458.0);SD
Module:M20
Boundary:(438.0, 447.0)(438.0, 523.0)(430.0, 523.0)(430.0, 538.0)(336.0, 538.0)(336.0, 447.0);GATE
Port:(336.0, 461.5)(346.0, 461.5)(346.0, 523.5)(336.0, 523.5);SD
Port:(438.0, 447.0)(438.0, 523.0)(430.0, 523.0)(430.0, 538.0)(351.0, 538.0)(351.0, 447.0);GATE
Port:(429.0, 457.0)(433.0, 457.0)(433.0, 508.0)(429.0, 508.0);SD
Module:M15
Boundary:(513.0, 20.0)(513.0, 93.0)(354.0, 93.0)(354.0, 20.0);GATE
Port:(354.0, 34.5)(364.0, 34.5)(364.0, 78.5)(354.0, 78.5);SD
Port:(513.0, 20.0)(513.0, 93.0)(369.0, 93.0)(369.0, 20.0);GATE
Port:(504.0, 30.0)(508.0, 30.0)(508.0, 83.0)(504.0, 83.0);SD
Module:M12
Boundary:(735.0, 264.0)(735.0, 393.5)(721.0, 393.5)(721.0, 409.0)(571.0, 409.0)(571.0, 264.0);GATE
Port:(571.0, 278.5)(581.0, 278.5)(581.0, 394.5)(571.0, 394.5);SD
Port:(735.0, 264.0)(735.0, 393.5)(721.0, 393.5)(721.0, 409.0)(586.0, 409.0)(586.0, 264.0);GATE
Port:(726.0, 274.0)(730.0, 274.0)(730.0, 379.0)(726.0, 379.0);SD
Module:M8
Boundary:(720.0, 133.0)(720.0, 209.0)(712.0, 209.0)(712.0, 224.0)(571.0, 224.0)(571.0, 133.0);GATE
Port:(571.0, 147.5)(581.0, 147.5)(581.0, 209.5)(571.0, 209.5);SD
Port:(720.0, 133.0)(720.0, 209.0)(712.0, 209.0)(712.0, 224.0)(586.0, 224.0)(586.0, 133.0);GATE
Port:(711.0, 143.0)(715.0, 143.0)(715.0, 194.0)(711.0, 194.0);SD
Module:M4
Boundary:(255.0, 289.0)(366.5, 289.0)(366.5, 301.0)(382.0, 301.0)(382.0, 407.0)(255.0, 407.0);GATE
Port:(269.5, 397.0)(367.5, 397.0)(367.5, 407.0)(269.5, 407.0);SD
Port:(255.0, 289.0)(366.5, 289.0)(366.5, 301.0)(382.0, 301.0)(382.0, 392.0)(255.0, 392.0);GATE
Port:(265.0, 294.0)(352.0, 294.0)(352.0, 298.0)(265.0, 298.0);SD
Module:M25
Boundary:(295.0, 578.0)(370.5, 578.0)(370.5, 618.5)(422.0, 618.5)(422.0, 719.0)(295.0, 719.0);GATE
Port:(309.5, 709.0)(407.5, 709.0)(407.5, 719.0)(309.5, 719.0);SD
Port:(295.0, 578.0)(370.5, 578.0)(370.5, 618.5)(422.0, 618.5)(422.0, 704.0)(295.0, 704.0);GATE
Port:(305.0, 583.0)(356.0, 583.0)(356.0, 587.0)(305.0, 587.0);SD
Module:M22
Boundary:(20.0, 431.0)(131.5, 431.0)(131.5, 443.0)(147.0, 443.0)(147.0, 623.0)(20.0, 623.0);GATE
Port:(34.5, 613.0)(132.5, 613.0)(132.5, 623.0)(34.5, 623.0);SD
Port:(20.0, 431.0)(131.5, 431.0)(131.5, 443.0)(147.0, 443.0)(147.0, 608.0)(20.0, 608.0);GATE
Port:(30.0, 436.0)(117.0, 436.0)(117.0, 440.0)(30.0, 440.0);SD
Module:M17
Boundary:(736.0, 812.0)(736.0, 905.5)(646.0, 905.5)(646.0, 939.0)(539.0, 939.0)(539.0, 812.0);GATE
Port:(539.0, 826.5)(549.0, 826.5)(549.0, 924.5)(539.0, 924.5);SD
Port:(736.0, 812.0)(736.0, 905.5)(646.0, 905.5)(646.0, 939.0)(554.0, 939.0)(554.0, 812.0);GATE
Port:(727.0, 822.0)(731.0, 822.0)(731.0, 891.0)(727.0, 891.0);SD
