Area:(-20.0, -20.0)(431.0, -20.0)(431.0, 402.0)(-20.0, 402.0)
Rule:GATE(5,5);SD(5,5);GATE_SD(0.5);GATE_ITO(0.5);SD_ITO(0.5)
Module:M5
Boundary:(187.0, 20.0)(260.0, 20.0)(260.0, 177.0)(187.0, 177.0);GATE
Port:(201.5, 167.0)(245.5, 167.0)(245.5, 177.0)(201.5, 177.0);SD
Port:(187.0, 20.0)(260.0, 20.0)(260.0, 162.0)(187.0, 162.0);GATE
Port:(197.0, 25.0)(250.0, 25.0)(250.0, 29.0)(197.0, 29.0);SD
Module:M1
Boundary:(386.0, 217.0)(386.0, 346.5)(372.0, 346.5)(372.0, 362.0)(277.0, 362.0)(277.0, 217.0);GATE
Port:(277.0, 231.5)(287.0, 231.5)(287.0, 347.5)(277.0, 347.5);SD
Port:(386.0, 217.0)(386.0, 346.5)(372.0, 346.5)(372.0, 362.0)(292.0, 362.0)(292.0, 217.0);GATE
Port:(377.0, 227.0)(381.0, 227.0)(381.0, 332.0)(377.0, 332.0);SD
Module:M2
Boundary:(20.0, 20.0)(113.5, 20.0)(113.5, 105.8)(147.0, 105.8)(147.0, 211.0)(20.0, 211.0);GATE
Port:(34.5, 201.0)(132.5, 201.0)(132.5, 211.0)(34.5, 211.0);SD
Port:(20.0, 20.0)(113.5, 20.0)(113.5, 105.8)(147.0, 105.8)(147.0, 196.0)(20.0, 196.0);GATE
Port:(30.0, 25.0)(99.0, 25.0)(99.0, 29.0)(30.0, 29.0);SD
Module:M3
Boundary:(20.0, 251.0)(167.5, 251.0)(167.5, 312.2)(237.0, 312.2)(237.0, 357.0)(20.0, 357.0);GATE
Port:(34.5, 347.0)(222.5, 347.0)(222.5, 357.0)(34.5, 357.0);SD
Port:(20.0, 251.0)(167.5, 251.0)(167.5, 312.2)(237.0, 312.2)(237.0, 342.0)(20.0, 342.0);GATE
Port:(30.0, 256.0)(153.0, 256.0)(153.0, 260.0)(30.0, 260.0);SD
Module:M4
Boundary:(300.0, 20.0)(376.0, 20.0)(376.0, 28.0)(391.0, 28.0)(391.0, 149.0)(300.0, 149.0);GATE
Port:(314.5, 139.0)(376.5, 139.0)(376.5, 149.0)(314.5, 149.0);SD
Port:(300.0, 20.0)(376.0, 20.0)(376.0, 28.0)(391.0, 28.0)(391.0, 134.0)(300.0, 134.0);GATE
Port:(310.0, 25.0)(361.0, 25.0)(361.0, 29.0)(310.0, 29.0);SD
