Area:(-10.0, -20.0)(716.6, -20.0)(716.6, 1111.9)(-10.0, 1111.9)
Rule:GATE(5,5);SD(5,5);GATE_SD(0.5);GATE_ITO(0.5);SD_ITO(0.5)
Module:M29
Boundary:(524.5, 31.2)(524.5, 105.1)(524.4, 105.1)(524.4, 119.4)(369.6, 119.4)(369.6, 31.2);GATE
Port:(369.6, 43.0)(375.2, 43.0)(375.2, 107.6)(369.6, 107.6);SD
Port:(524.5, 31.2)(524.5, 105.1)(524.4, 105.1)(524.4, 119.4)(377.1, 119.4)(377.1, 31.2);GATE
Port:(514.4, 37.4)(519.3, 37.4)(519.3, 98.9)(514.4, 98.9);SD
Module:M16
Boundary:(651.0, 153.1)(651.0, 65.0)(638.5, 65.0)(638.5, 48.3)(566.9, 48.3)(566.9, 153.1);GATE
Port:(566.9, 61.3)(571.5, 61.3)(571.5, 140.1)(566.9, 140.1);SD
Port:(651.0, 153.1)(651.0, 65.0)(638.5, 65.0)(638.5, 48.3)(573.7, 48.3)(573.7, 153.1);GATE
Port:(640.8, 71.7)(646.3, 71.7)(646.3, 147.4)(640.8, 147.4);SD
Module:M21
Boundary:(261.6, 20.0)(365.1, 20.0)(365.1, 151.3)(261.6, 151.3);GATE
Port:(275.1, 146.7)(351.6, 146.7)(351.6, 151.3)(275.1, 151.3);SD
Port:(261.6, 20.0)(365.1, 20.0)(365.1, 145.0)(261.6, 145.0);GATE
Port:(267.5, 24.9)(359.2, 24.9)(359.2, 30.9)(267.5, 30.9);SD
Module:M18
Boundary:(176.3, 170.4)(247.4, 170.4)(247.4, 123.5)(259.9, 123.5)(259.9, 30.0)(176.3, 30.0);GATE
Port:(188.0, 30.0)(248.2, 30.0)(248.2, 34.8)(188.0, 34.8);SD
Port:(176.3, 170.4)(247.4, 170.4)(247.4, 123.5)(259.9, 123.5)(259.9, 36.4)(176.3, 36.4);GATE
Port:(181.9, 160.3)(240.8, 160.3)(240.8, 165.8)(181.9, 165.8);SD
Module:M15
Boundary:(81.8, 306.9)(150.9, 306.9)(150.9, 97.8)(81.8, 97.8);GATE
Port:(93.7, 97.8)(139.0, 97.8)(139.0, 102.8)(93.7, 102.8);SD
Port:(81.8, 306.9)(150.9, 306.9)(150.9, 104.5)(81.8, 104.5);GATE
Port:(87.9, 296.9)(144.8, 296.9)(144.8, 301.9)(87.9, 301.9);SD
Module:M11
Boundary:(385.3, 234.8)(385.3, 305.9)(385.1, 305.9)(385.1, 320.1)(261.4, 320.1)(261.4, 234.8);GATE
Port:(261.4, 246.0)(265.9, 246.0)(265.9, 308.9)(261.4, 308.9);SD
Port:(385.3, 234.8)(385.3, 305.9)(385.1, 305.9)(385.1, 320.1)(267.8, 320.1)(267.8, 234.8);GATE
Port:(376.5, 240.0)(381.1, 240.0)(381.1, 300.7)(376.5, 300.7);SD
Module:M25
Boundary:(391.7, 157.7)(458.1, 157.7)(458.1, 298.4)(391.7, 298.4);GATE
Port:(404.9, 293.8)(444.9, 293.8)(444.9, 298.4)(404.9, 298.4);SD
Port:(391.7, 157.7)(458.1, 157.7)(458.1, 291.1)(391.7, 291.1);GATE
Port:(397.3, 162.3)(452.5, 162.3)(452.5, 167.8)(397.3, 167.8);SD
Module:M6
Boundary:(257.5, 277.1)(182.6, 277.1)(182.6, 299.7)(165.3, 299.7)(165.3, 349.1)(257.5, 349.1);GATE
Port:(180.5, 343.7)(242.3, 343.7)(242.3, 349.1)(180.5, 349.1);SD
Port:(257.5, 277.1)(182.6, 277.1)(182.6, 299.7)(165.3, 299.7)(165.3, 340.9)(257.5, 340.9);GATE
Port:(189.4, 281.9)(251.7, 281.9)(251.7, 288.9)(189.4, 288.9);SD
Module:M14
Boundary:(656.9, 212.4)(656.9, 318.0)(625.4, 318.0)(625.4, 333.7)(524.5, 333.7)(524.5, 212.4);GATE
Port:(524.5, 228.2)(530.5, 228.2)(530.5, 317.9)(524.5, 317.9);SD
Port:(656.9, 212.4)(656.9, 318.0)(625.4, 318.0)(625.4, 333.7)(532.8, 333.7)(532.8, 212.4);GATE
Port:(643.9, 218.8)(651.5, 218.8)(651.5, 310.6)(643.9, 310.6);SD
Module:M4
Boundary:(672.6, 475.1)(672.6, 390.6)(589.6, 390.6)(589.6, 375.4)(510.5, 375.4)(510.5, 475.1);GATE
Port:(510.5, 389.1)(514.6, 389.1)(514.6, 461.4)(510.5, 461.4);SD
Port:(672.6, 475.1)(672.6, 390.6)(589.6, 390.6)(589.6, 375.4)(517.1, 375.4)(517.1, 475.1);GATE
Port:(660.9, 397.1)(668.1, 397.1)(668.1, 469.6)(660.9, 469.6);SD
Module:M5
Boundary:(248.3, 358.7)(140.7, 358.7)(140.7, 483.0)(248.3, 483.0);GATE
Port:(156.4, 478.0)(232.6, 478.0)(232.6, 483.0)(156.4, 483.0);SD
Port:(248.3, 358.7)(140.7, 358.7)(140.7, 476.2)(248.3, 476.2);GATE
Port:(147.5, 364.5)(241.5, 364.5)(241.5, 370.9)(147.5, 370.9);SD
Module:M30
Boundary:(51.5, 307.2)(100.0, 307.2)(100.0, 394.1)(113.6, 394.1)(113.6, 504.8)(51.5, 504.8);GATE
Port:(64.2, 500.5)(100.9, 500.5)(100.9, 504.8)(64.2, 504.8);SD
Port:(51.5, 307.2)(100.0, 307.2)(100.0, 394.1)(113.6, 394.1)(113.6, 498.4)(51.5, 498.4);GATE
Port:(57.9, 312.6)(92.6, 312.6)(92.6, 317.9)(57.9, 317.9);SD
Module:M24
Boundary:(298.0, 353.8)(398.4, 353.8)(398.4, 450.6)(413.6, 450.6)(413.6, 516.2)(298.0, 516.2);GATE
Port:(311.6, 511.4)(400.0, 511.4)(400.0, 516.2)(311.6, 516.2);SD
Port:(298.0, 353.8)(398.4, 353.8)(398.4, 450.6)(413.6, 450.6)(413.6, 508.6)(298.0, 508.6);GATE
Port:(304.8, 359.6)(390.6, 359.6)(390.6, 365.3)(304.8, 365.3);SD
Module:M22
Boundary:(424.7, 554.0)(472.3, 554.0)(472.3, 477.8)(486.6, 477.8)(486.6, 338.6)(424.7, 338.6);GATE
Port:(436.8, 338.6)(474.5, 338.6)(474.5, 343.6)(436.8, 343.6);SD
Port:(424.7, 554.0)(472.3, 554.0)(472.3, 477.8)(486.6, 477.8)(486.6, 346.4)(424.7, 346.4);GATE
Port:(430.7, 544.2)(465.3, 544.2)(465.3, 549.0)(430.7, 549.0);SD
Module:M23
Boundary:(252.2, 513.8)(157.0, 513.8)(157.0, 606.7)(252.2, 606.7);GATE
Port:(171.3, 601.1)(237.9, 601.1)(237.9, 606.7)(171.3, 606.7);SD
Port:(252.2, 513.8)(157.0, 513.8)(157.0, 599.1)(252.2, 599.1);GATE
Port:(163.5, 519.3)(245.7, 519.3)(245.7, 526.0)(163.5, 526.0);SD
Module:M28
Boundary:(117.5, 529.9)(54.6, 529.9)(54.6, 566.5)(41.2, 566.5)(41.2, 628.2)(117.5, 628.2);GATE
Port:(54.4, 623.3)(104.3, 623.3)(104.3, 628.2)(54.4, 628.2);SD
Port:(117.5, 529.9)(54.6, 529.9)(54.6, 566.5)(41.2, 566.5)(41.2, 622.0)(117.5, 622.0);GATE
Port:(60.8, 534.1)(112.3, 534.1)(112.3, 541.6)(60.8, 541.6);SD
Module:M7
Boundary:(539.6, 481.7)(660.1, 481.7)(660.1, 643.6)(539.6, 643.6);GATE
Port:(554.3, 638.0)(645.4, 638.0)(645.4, 643.6)(554.3, 643.6);SD
Port:(539.6, 481.7)(660.1, 481.7)(660.1, 636.8)(539.6, 636.8);GATE
Port:(546.5, 487.6)(653.2, 487.6)(653.2, 494.3)(546.5, 494.3);SD
Module:M8
Boundary:(288.5, 529.0)(351.8, 529.0)(351.8, 597.5)(366.0, 597.5)(366.0, 692.0)(288.5, 692.0);GATE
Port:(301.1, 686.3)(353.4, 686.3)(353.4, 692.0)(301.1, 692.0);SD
Port:(288.5, 529.0)(351.8, 529.0)(351.8, 597.5)(366.0, 597.5)(366.0, 684.2)(288.5, 684.2);GATE
Port:(293.8, 533.3)(345.5, 533.3)(345.5, 539.6)(293.8, 539.6);SD
Module:M27
Boundary:(271.2, 698.2)(186.9, 698.2)(186.9, 617.7)(271.2, 617.7);GATE
Port:(201.5, 617.7)(256.6, 617.7)(256.6, 623.7)(201.5, 623.7);SD
Port:(271.2, 698.2)(186.9, 698.2)(186.9, 626.5)(271.2, 626.5);GATE
Port:(193.6, 685.6)(264.5, 685.6)(264.5, 692.5)(193.6, 692.5);SD
Module:M26
Boundary:(523.1, 572.4)(430.2, 572.4)(430.2, 607.4)(416.0, 607.4)(416.0, 712.0)(523.1, 712.0);GATE
Port:(428.0, 707.7)(511.1, 707.7)(511.1, 712.0)(428.0, 712.0);SD
Port:(523.1, 572.4)(430.2, 572.4)(430.2, 607.4)(416.0, 607.4)(416.0, 706.2)(523.1, 706.2);GATE
Port:(436.9, 577.1)(517.4, 577.1)(517.4, 582.2)(436.9, 582.2);SD
Module:M12
Boundary:(65.8, 628.5)(65.8, 700.5)(99.7, 700.5)(99.7, 717.1)(175.6, 717.1)(175.6, 628.5);GATE
Port:(171.0, 643.3)(175.6, 643.3)(175.6, 702.3)(171.0, 702.3);SD
Port:(65.8, 628.5)(65.8, 700.5)(99.7, 700.5)(99.7, 717.1)(169.1, 717.1)(169.1, 628.5);GATE
Port:(70.9, 634.6)(77.3, 634.6)(77.3, 693.4)(70.9, 693.4);SD
Module:M19
Boundary:(577.2, 697.7)(660.0, 697.7)(660.0, 698.0)(676.6, 698.0)(676.6, 788.0)(577.2, 788.0);GATE
Port:(590.0, 783.3)(663.8, 783.3)(663.8, 788.0)(590.0, 788.0);SD
Port:(577.2, 697.7)(660.0, 697.7)(660.0, 698.0)(676.6, 698.0)(676.6, 780.9)(577.2, 780.9);GATE
Port:(583.0, 702.5)(654.2, 702.5)(654.2, 707.5)(583.0, 707.5);SD
Module:M20
Boundary:(374.8, 856.1)(374.8, 763.6)(347.7, 763.6)(347.7, 750.1)(213.2, 750.1)(213.2, 856.1);GATE
Port:(213.2, 763.5)(217.2, 763.5)(217.2, 842.7)(213.2, 842.7);SD
Port:(374.8, 856.1)(374.8, 763.6)(347.7, 763.6)(347.7, 750.1)(219.3, 750.1)(219.3, 856.1);GATE
Port:(362.9, 769.7)(370.7, 769.7)(370.7, 851.0)(362.9, 851.0);SD
Module:M2
Boundary:(166.9, 727.3)(166.9, 831.9)(155.7, 831.9)(155.7, 848.1)(33.7, 848.1)(33.7, 727.3);GATE
Port:(33.7, 741.5)(37.9, 741.5)(37.9, 833.9)(33.7, 833.9);SD
Port:(166.9, 727.3)(166.9, 831.9)(155.7, 831.9)(155.7, 848.1)(39.1, 848.1)(39.1, 727.3);GATE
Port:(155.8, 733.4)(161.8, 733.4)(161.8, 824.8)(155.8, 824.8);SD
Module:M9
Boundary:(440.4, 773.9)(491.5, 773.9)(491.5, 774.1)(507.2, 774.1)(507.2, 913.6)(440.4, 913.6);GATE
Port:(454.1, 909.1)(493.5, 909.1)(493.5, 913.6)(454.1, 913.6);SD
Port:(440.4, 773.9)(491.5, 773.9)(491.5, 774.1)(507.2, 774.1)(507.2, 906.8)(440.4, 906.8);GATE
Port:(446.2, 778.7)(485.7, 778.7)(485.7, 786.1)(446.2, 786.1);SD
Module:M10
Boundary:(549.4, 838.0)(658.0, 838.0)(658.0, 872.0)(674.5, 872.0)(674.5, 934.6)(549.4, 934.6);GATE
Port:(564.8, 929.0)(659.1, 929.0)(659.1, 934.6)(564.8, 934.6);SD
Port:(549.4, 838.0)(658.0, 838.0)(658.0, 872.0)(674.5, 872.0)(674.5, 926.6)(549.4, 926.6);GATE
Port:(555.9, 843.5)(650.5, 843.5)(650.5, 850.3)(555.9, 850.3);SD
Module:M13
Boundary:(257.6, 873.5)(257.6, 926.4)(411.4, 926.4)(411.4, 873.5);GATE
Port:(405.6, 888.2)(411.4, 888.2)(411.4, 911.7)(405.6, 911.7);SD
Port:(257.6, 873.5)(257.6, 926.4)(403.7, 926.4)(403.7, 873.5);GATE
Port:(263.2, 880.1)(269.0, 880.1)(269.0, 919.8)(263.2, 919.8);SD
Module:M1
Boundary:(204.8, 1030.9)(204.8, 936.4)(30.0, 936.4)(30.0, 1030.9);GATE
Port:(30.0, 949.6)(35.6, 949.6)(35.6, 1017.7)(30.0, 1017.7);SD
Port:(204.8, 1030.9)(204.8, 936.4)(37.8, 936.4)(37.8, 1030.9);GATE
Port:(194.2, 942.0)(200.2, 942.0)(200.2, 1025.3)(194.2, 1025.3);SD
Module:M17
Boundary:(443.1, 1059.3)(443.1, 959.7)(609.5, 959.7)(609.5, 1059.3);GATE
Port:(603.7, 971.8)(609.5, 971.8)(609.5, 1047.2)(603.7, 1047.2);SD
Port:(443.1, 1059.3)(443.1, 959.7)(601.3, 959.7)(601.3, 1059.3);GATE
Port:(447.2, 964.8)(453.5, 964.8)(453.5, 1054.2)(447.2, 1054.2);SD
Module:M3
Boundary:(430.6, 985.1)(430.6, 1054.9)(430.2, 1054.9)(430.2, 1071.9)(230.3, 1071.9)(230.3, 985.1);GATE
Port:(230.3, 999.1)(235.8, 999.1)(235.8, 1057.9)(230.3, 1057.9);SD
Port:(430.6, 985.1)(430.6, 1054.9)(430.2, 1054.9)(430.2, 1071.9)(237.0, 1071.9)(237.0, 985.1);GATE
Port:(419.1, 991.2)(425.5, 991.2)(425.5, 1048.8)(419.1, 1048.8);SD
