Area:(-8.8, -20.0)(833.0, -20.0)(833.0, 1072.0)(-8.8, 1072.0)
Rule:GATE(5,5);SD(5,5);GATE_SD(0.5);GATE_ITO(0.5);SD_ITO(0.5)
Module:M8
Boundary:(628.1, 58.9)(628.1, 134.9)(620.1, 134.9)(620.1, 149.9)(527.1, 149.9)(527.1, 58.9);GATE
Port:(527.1, 73.4)(537.1, 73.4)(537.1, 135.4)(527.1, 135.4);SD
Port:(628.1, 58.9)(628.1, 134.9)(620.1, 134.9)(620.1, 149.9)(542.1, 149.9)(542.1, 58.9);GATE
Port:(619.1, 68.9)(623.1, 68.9)(623.1, 119.9)(619.1, 119.9);SD
Module:M13
Boundary:(716.0, 203.9)(789.0, 203.9)(789.0, 82.9)(716.0, 82.9);GATE
Port:(730.5, 82.9)(774.5, 82.9)(774.5, 92.9)(730.5, 92.9);SD
Port:(716.0, 203.9)(789.0, 203.9)(789.0, 97.9)(716.0, 97.9);GATE
Port:(726.0, 194.9)(779.0, 194.9)(779.0, 198.9)(726.0, 198.9);SD
Module:M12
Boundary:(495.2, 57.8)(495.2, 169.3)(483.2, 169.3)(483.2, 184.8)(431.2, 184.8)(431.2, 57.8);GATE
Port:(431.2, 72.3)(441.2, 72.3)(441.2, 170.3)(431.2, 170.3);SD
Port:(495.2, 57.8)(495.2, 169.3)(483.2, 169.3)(483.2, 184.8)(446.2, 184.8)(446.2, 57.8);GATE
Port:(486.2, 67.8)(490.2, 67.8)(490.2, 154.8)(486.2, 154.8);SD
Module:M26
Boundary:(126.2, 51.9)(126.2, 181.4)(140.2, 181.4)(140.2, 196.9)(304.2, 196.9)(304.2, 51.9);GATE
Port:(294.2, 66.4)(304.2, 66.4)(304.2, 182.4)(294.2, 182.4);SD
Port:(126.2, 51.9)(126.2, 181.4)(140.2, 181.4)(140.2, 196.9)(289.2, 196.9)(289.2, 51.9);GATE
Port:(131.2, 61.9)(135.2, 61.9)(135.2, 166.9)(131.2, 166.9);SD
Module:M25
Boundary:(94.2, 225.5)(94.2, 78.0)(78.3, 78.0)(78.3, 62.5)(34.2, 62.5)(34.2, 225.5);GATE
Port:(34.2, 77.0)(44.2, 77.0)(44.2, 211.0)(34.2, 211.0);SD
Port:(94.2, 225.5)(94.2, 78.0)(78.3, 78.0)(78.3, 62.5)(49.2, 62.5)(49.2, 225.5);GATE
Port:(85.2, 92.5)(89.2, 92.5)(89.2, 215.5)(85.2, 215.5);SD
Module:M16
Boundary:(417.4, 20.0)(344.4, 20.0)(344.4, 209.0)(417.4, 209.0);GATE
Port:(358.9, 199.0)(402.9, 199.0)(402.9, 209.0)(358.9, 209.0);SD
Port:(417.4, 20.0)(344.4, 20.0)(344.4, 194.0)(417.4, 194.0);GATE
Port:(354.4, 25.0)(407.4, 25.0)(407.4, 29.0)(354.4, 29.0);SD
Module:M3
Boundary:(793.0, 291.2)(793.0, 218.2)(598.0, 218.2)(598.0, 291.2);GATE
Port:(598.0, 232.7)(608.0, 232.7)(608.0, 276.7)(598.0, 276.7);SD
Port:(793.0, 291.2)(793.0, 218.2)(613.0, 218.2)(613.0, 291.2);GATE
Port:(784.0, 228.2)(788.0, 228.2)(788.0, 281.2)(784.0, 281.2);SD
Module:M1
Boundary:(453.0, 236.2)(453.0, 309.2)(540.0, 309.2)(540.0, 236.2);GATE
Port:(530.0, 250.7)(540.0, 250.7)(540.0, 294.7)(530.0, 294.7);SD
Port:(453.0, 236.2)(453.0, 309.2)(525.0, 309.2)(525.0, 236.2);GATE
Port:(458.0, 246.2)(462.0, 246.2)(462.0, 299.2)(458.0, 299.2);SD
Module:M28
Boundary:(179.0, 312.5)(290.5, 312.5)(290.5, 300.5)(306.0, 300.5)(306.0, 216.5)(179.0, 216.5);GATE
Port:(193.5, 216.5)(291.5, 216.5)(291.5, 226.5)(193.5, 226.5);SD
Port:(179.0, 312.5)(290.5, 312.5)(290.5, 300.5)(306.0, 300.5)(306.0, 231.5)(179.0, 231.5);GATE
Port:(189.0, 303.5)(276.0, 303.5)(276.0, 307.5)(189.0, 307.5);SD
Module:M19
Boundary:(115.0, 324.0)(115.0, 248.0)(107.0, 248.0)(107.0, 233.0)(47.0, 233.0)(47.0, 324.0);GATE
Port:(47.0, 247.5)(57.0, 247.5)(57.0, 309.5)(47.0, 309.5);SD
Port:(115.0, 324.0)(115.0, 248.0)(107.0, 248.0)(107.0, 233.0)(62.0, 233.0)(62.0, 324.0);GATE
Port:(106.0, 263.0)(110.0, 263.0)(110.0, 314.0)(106.0, 314.0);SD
Module:M7
Boundary:(421.9, 441.4)(530.9, 441.4)(530.9, 368.4)(421.9, 368.4);GATE
Port:(436.4, 368.4)(516.4, 368.4)(516.4, 378.4)(436.4, 378.4);SD
Port:(421.9, 441.4)(530.9, 441.4)(530.9, 383.4)(421.9, 383.4);GATE
Port:(431.9, 432.4)(520.9, 432.4)(520.9, 436.4)(431.9, 436.4);SD
Module:M24
Boundary:(173.3, 354.5)(284.8, 354.5)(284.8, 373.5)(300.3, 373.5)(300.3, 456.5)(173.3, 456.5);GATE
Port:(187.8, 446.5)(285.8, 446.5)(285.8, 456.5)(187.8, 456.5);SD
Port:(173.3, 354.5)(284.8, 354.5)(284.8, 373.5)(300.3, 373.5)(300.3, 441.5)(173.3, 441.5);GATE
Port:(183.3, 359.5)(270.3, 359.5)(270.3, 363.5)(183.3, 363.5);SD
Module:M17
Boundary:(310.0, 288.8)(386.0, 288.8)(386.0, 296.8)(401.0, 296.8)(401.0, 488.8)(310.0, 488.8);GATE
Port:(324.5, 478.8)(386.5, 478.8)(386.5, 488.8)(324.5, 488.8);SD
Port:(310.0, 288.8)(386.0, 288.8)(386.0, 296.8)(401.0, 296.8)(401.0, 473.8)(310.0, 473.8);GATE
Port:(320.0, 293.8)(371.0, 293.8)(371.0, 297.8)(320.0, 297.8);SD
Module:M5
Boundary:(792.1, 301.7)(792.1, 449.2)(776.1, 449.2)(776.1, 464.7)(599.1, 464.7)(599.1, 301.7);GATE
Port:(599.1, 316.2)(609.1, 316.2)(609.1, 450.2)(599.1, 450.2);SD
Port:(792.1, 301.7)(792.1, 449.2)(776.1, 449.2)(776.1, 464.7)(614.1, 464.7)(614.1, 301.7);GATE
Port:(783.1, 311.7)(787.1, 311.7)(787.1, 434.7)(783.1, 434.7);SD
Module:M9
Boundary:(440.1, 452.5)(516.1, 452.5)(516.1, 460.5)(531.1, 460.5)(531.1, 546.5)(440.1, 546.5);GATE
Port:(454.6, 536.5)(516.6, 536.5)(516.6, 546.5)(454.6, 546.5);SD
Port:(440.1, 452.5)(516.1, 452.5)(516.1, 460.5)(531.1, 460.5)(531.1, 531.5)(440.1, 531.5);GATE
Port:(450.1, 457.5)(501.1, 457.5)(501.1, 461.5)(450.1, 461.5);SD
Module:M14
Boundary:(264.4, 537.8)(264.4, 464.8)(169.4, 464.8)(169.4, 537.8);GATE
Port:(169.4, 479.3)(179.4, 479.3)(179.4, 523.3)(169.4, 523.3);SD
Port:(264.4, 537.8)(264.4, 464.8)(184.4, 464.8)(184.4, 537.8);GATE
Port:(255.4, 474.8)(259.4, 474.8)(259.4, 527.8)(255.4, 527.8);SD
Module:M2
Boundary:(141.0, 366.5)(68.0, 366.5)(68.0, 553.5)(141.0, 553.5);GATE
Port:(82.5, 543.5)(126.5, 543.5)(126.5, 553.5)(82.5, 553.5);SD
Port:(141.0, 366.5)(68.0, 366.5)(68.0, 538.5)(141.0, 538.5);GATE
Port:(78.0, 371.5)(131.0, 371.5)(131.0, 375.5)(78.0, 375.5);SD
Module:M29
Boundary:(417.7, 580.0)(417.7, 504.0)(409.7, 504.0)(409.7, 489.0)(323.7, 489.0)(323.7, 580.0);GATE
Port:(323.7, 503.5)(333.7, 503.5)(333.7, 565.5)(323.7, 565.5);SD
Port:(417.7, 580.0)(417.7, 504.0)(409.7, 504.0)(409.7, 489.0)(338.7, 489.0)(338.7, 580.0);GATE
Port:(408.7, 519.0)(412.7, 519.0)(412.7, 570.0)(408.7, 570.0);SD
Module:M22
Boundary:(636.0, 480.0)(636.0, 573.5)(646.0, 573.5)(646.0, 589.0)(790.0, 589.0)(790.0, 480.0);GATE
Port:(780.0, 494.5)(790.0, 494.5)(790.0, 574.5)(780.0, 574.5);SD
Port:(636.0, 480.0)(636.0, 573.5)(646.0, 573.5)(646.0, 589.0)(775.0, 589.0)(775.0, 480.0);GATE
Port:(641.0, 490.0)(645.0, 490.0)(645.0, 559.0)(641.0, 559.0);SD
Module:M15
Boundary:(398.9, 615.1)(398.9, 688.1)(233.9, 688.1)(233.9, 615.1);GATE
Port:(233.9, 629.6)(243.9, 629.6)(243.9, 673.6)(233.9, 673.6);SD
Port:(398.9, 615.1)(398.9, 688.1)(248.9, 688.1)(248.9, 615.1);GATE
Port:(389.9, 625.1)(393.9, 625.1)(393.9, 678.1)(389.9, 678.1);SD
Module:M4
Boundary:(399.0, 723.4)(528.5, 723.4)(528.5, 705.4)(544.0, 705.4)(544.0, 586.4)(399.0, 586.4);GATE
Port:(413.5, 586.4)(529.5, 586.4)(529.5, 596.4)(413.5, 596.4);SD
Port:(399.0, 723.4)(528.5, 723.4)(528.5, 705.4)(544.0, 705.4)(544.0, 601.4)(399.0, 601.4);GATE
Port:(409.0, 714.4)(514.0, 714.4)(514.0, 718.4)(409.0, 718.4);SD
Module:M18
Boundary:(618.5, 693.4)(618.5, 620.4)(739.5, 620.4)(739.5, 693.4);GATE
Port:(729.5, 634.9)(739.5, 634.9)(739.5, 678.9)(729.5, 678.9);SD
Port:(618.5, 693.4)(618.5, 620.4)(724.5, 620.4)(724.5, 693.4);GATE
Port:(623.5, 630.4)(627.5, 630.4)(627.5, 683.4)(623.5, 683.4);SD
Module:M30
Boundary:(204.2, 593.8)(204.2, 687.3)(103.2, 687.3)(103.2, 738.8)(31.2, 738.8)(31.2, 593.8);GATE
Port:(31.2, 608.3)(41.2, 608.3)(41.2, 724.3)(31.2, 724.3);SD
Port:(204.2, 593.8)(204.2, 687.3)(103.2, 687.3)(103.2, 738.8)(46.2, 738.8)(46.2, 593.8);GATE
Port:(195.2, 603.8)(199.2, 603.8)(199.2, 672.8)(195.2, 672.8);SD
Module:M23
Boundary:(409.4, 815.6)(520.9, 815.6)(520.9, 803.6)(536.4, 803.6)(536.4, 734.6)(409.4, 734.6);GATE
Port:(423.9, 734.6)(521.9, 734.6)(521.9, 744.6)(423.9, 744.6);SD
Port:(409.4, 815.6)(520.9, 815.6)(520.9, 803.6)(536.4, 803.6)(536.4, 749.6)(409.4, 749.6);GATE
Port:(419.4, 806.6)(506.4, 806.6)(506.4, 810.6)(419.4, 810.6);SD
Module:M27
Boundary:(82.1, 873.0)(229.6, 873.0)(229.6, 857.0)(245.1, 857.0)(245.1, 770.0)(82.1, 770.0);GATE
Port:(96.6, 770.0)(230.6, 770.0)(230.6, 780.0)(96.6, 780.0);SD
Port:(82.1, 873.0)(229.6, 873.0)(229.6, 857.0)(245.1, 857.0)(245.1, 785.0)(82.1, 785.0);GATE
Port:(92.1, 864.0)(215.1, 864.0)(215.1, 868.0)(92.1, 868.0);SD
Module:M10
Boundary:(253.8, 875.9)(383.3, 875.9)(383.3, 861.9)(398.8, 861.9)(398.8, 689.9)(253.8, 689.9);GATE
Port:(268.3, 689.9)(384.3, 689.9)(384.3, 699.9)(268.3, 699.9);SD
Port:(253.8, 875.9)(383.3, 875.9)(383.3, 861.9)(398.8, 861.9)(398.8, 704.9)(253.8, 704.9);GATE
Port:(263.8, 866.9)(368.8, 866.9)(368.8, 870.9)(263.8, 870.9);SD
Module:M6
Boundary:(175.6, 908.4)(64.1, 908.4)(64.1, 920.4)(48.6, 920.4)(48.6, 972.4)(175.6, 972.4);GATE
Port:(63.1, 962.4)(161.1, 962.4)(161.1, 972.4)(63.1, 972.4);SD
Port:(175.6, 908.4)(64.1, 908.4)(64.1, 920.4)(48.6, 920.4)(48.6, 957.4)(175.6, 957.4);GATE
Port:(78.6, 913.4)(165.6, 913.4)(165.6, 917.4)(78.6, 917.4);SD
Module:M11
Boundary:(191.5, 1028.4)(339.0, 1028.4)(339.0, 995.4)(390.5, 995.4)(390.5, 957.4)(191.5, 957.4);GATE
Port:(206.0, 957.4)(376.0, 957.4)(376.0, 967.4)(206.0, 967.4);SD
Port:(191.5, 1028.4)(339.0, 1028.4)(339.0, 995.4)(390.5, 995.4)(390.5, 972.4)(191.5, 972.4);GATE
Port:(201.5, 1019.4)(324.5, 1019.4)(324.5, 1023.4)(201.5, 1023.4);SD
Module:M20
Boundary:(398.5, 862.9)(398.5, 974.4)(453.7, 974.4)(453.7, 1007.9)(526.5, 1007.9)(526.5, 862.9);GATE
Port:(516.5, 877.4)(526.5, 877.4)(526.5, 993.4)(516.5, 993.4);SD
Port:(398.5, 862.9)(398.5, 974.4)(453.7, 974.4)(453.7, 1007.9)(511.5, 1007.9)(511.5, 862.9);GATE
Port:(403.5, 872.9)(407.5, 872.9)(407.5, 959.9)(403.5, 959.9);SD
Module:M21
Boundary:(566.3, 1032.0)(566.3, 956.5)(647.6, 956.5)(647.6, 779.0)(755.3, 779.0)(755.3, 1032.0);GATE
Port:(745.3, 793.5)(755.3, 793.5)(755.3, 1017.5)(745.3, 1017.5);SD
Port:(566.3, 1032.0)(566.3, 956.5)(647.6, 956.5)(647.6, 779.0)(740.3, 779.0)(740.3, 1032.0);GATE
Port:(571.3, 971.0)(575.3, 971.0)(575.3, 1022.0)(571.3, 1022.0);SD
