Area:(-20.0, -20.0)(755.6, -20.0)(755.6, 726.1)(-20.0, 726.1)
Rule:GATE(5,5);SD(5,5);GATE_SD(0.5);GATE_ITO(0.5);SD_ITO(0.5)
Module:M14
Boundary:(459.5, 315.5)(545.7, 315.5)(545.7, 357.2)(558.8, 357.2)(558.8, 398.7)(459.5, 398.7);GATE
Port:(470.9, 393.4)(547.4, 393.4)(547.4, 398.7)(470.9, 398.7);SD
Port:(459.5, 315.5)(545.7, 315.5)(545.7, 357.2)(558.8, 357.2)(558.8, 392.2)(459.5, 392.2);GATE
Port:(464.8, 319.8)(539.4, 319.8)(539.4, 324.4)(464.8, 324.4);SD
Module:M9
Boundary:(704.7, 20.0)(704.7, 91.3)(490.4, 91.3)(490.4, 20.0);GATE
Port:(490.4, 34.2)(495.3, 34.2)(495.3, 77.1)(490.4, 77.1);SD
Port:(704.7, 20.0)(704.7, 91.3)(497.3, 91.3)(497.3, 20.0);GATE
Port:(693.9, 26.7)(699.0, 26.7)(699.0, 84.6)(693.9, 84.6);SD
Module:M5
Boundary:(20.0, 20.0)(130.8, 20.0)(130.8, 101.6)(20.0, 101.6);GATE
Port:(33.5, 96.2)(117.3, 96.2)(117.3, 101.6)(33.5, 101.6);SD
Port:(20.0, 20.0)(130.8, 20.0)(130.8, 93.5)(20.0, 93.5);GATE
Port:(25.7, 24.7)(125.1, 24.7)(125.1, 31.3)(25.7, 31.3);SD
Module:M11
Boundary:(419.5, 290.0)(419.5, 370.0)(419.1, 370.0)(419.1, 386.3)(249.8, 386.3)(249.8, 290.0);GATE
Port:(249.8, 302.1)(255.6, 302.1)(255.6, 374.2)(249.8, 374.2);SD
Port:(419.5, 290.0)(419.5, 370.0)(419.1, 370.0)(419.1, 386.3)(257.8, 386.3)(257.8, 290.0);GATE
Port:(410.5, 295.3)(415.2, 295.3)(415.2, 364.7)(410.5, 364.7);SD
Module:M1
Boundary:(20.0, 523.1)(100.5, 523.1)(100.5, 523.2)(116.4, 523.2)(116.4, 684.0)(20.0, 684.0);GATE
Port:(32.6, 679.1)(103.8, 679.1)(103.8, 684.0)(32.6, 684.0);SD
Port:(20.0, 523.1)(100.5, 523.1)(100.5, 523.2)(116.4, 523.2)(116.4, 677.5)(20.0, 677.5);GATE
Port:(25.6, 527.7)(94.9, 527.7)(94.9, 533.9)(25.6, 533.9);SD
Module:M19
Boundary:(378.0, 426.3)(378.0, 472.8)(187.1, 472.8)(187.1, 426.3);GATE
Port:(187.1, 438.7)(192.1, 438.7)(192.1, 460.4)(187.1, 460.4);SD
Port:(378.0, 426.3)(378.0, 472.8)(193.5, 472.8)(193.5, 426.3);GATE
Port:(367.9, 431.4)(373.9, 431.4)(373.9, 467.7)(367.9, 467.7);SD
Module:M6
Boundary:(540.9, 589.8)(540.9, 671.1)(532.6, 671.1)(532.6, 686.1)(430.4, 686.1)(430.4, 589.8);GATE
Port:(430.4, 602.6)(435.8, 602.6)(435.8, 673.3)(430.4, 673.3);SD
Port:(540.9, 589.8)(540.9, 671.1)(532.6, 671.1)(532.6, 686.1)(437.0, 686.1)(437.0, 589.8);GATE
Port:(530.7, 595.7)(536.0, 595.7)(536.0, 664.2)(530.7, 664.2);SD
Module:M2
Boundary:(698.6, 597.1)(698.6, 661.7)(632.8, 661.7)(632.8, 676.2)(580.9, 676.2)(580.9, 597.1);GATE
Port:(580.9, 610.2)(585.0, 610.2)(585.0, 663.1)(580.9, 663.1);SD
Port:(698.6, 597.1)(698.6, 661.7)(632.8, 661.7)(632.8, 676.2)(587.0, 676.2)(587.0, 597.1);GATE
Port:(688.3, 602.5)(694.2, 602.5)(694.2, 655.3)(688.3, 655.3);SD
Module:M16
Boundary:(156.4, 523.1)(278.0, 523.1)(278.0, 678.2)(156.4, 678.2);GATE
Port:(170.3, 672.4)(264.1, 672.4)(264.1, 678.2)(170.3, 678.2);SD
Port:(156.4, 523.1)(278.0, 523.1)(278.0, 669.9)(156.4, 669.9);GATE
Port:(163.0, 528.7)(271.4, 528.7)(271.4, 533.9)(163.0, 533.9);SD
Module:M13
Boundary:(601.4, 365.0)(699.5, 365.0)(699.5, 365.4)(715.6, 365.4)(715.6, 557.1)(601.4, 557.1);GATE
Port:(615.0, 552.7)(702.0, 552.7)(702.0, 557.1)(615.0, 557.1);SD
Port:(601.4, 365.0)(699.5, 365.0)(699.5, 365.4)(715.6, 365.4)(715.6, 550.9)(601.4, 550.9);GATE
Port:(608.3, 370.9)(692.6, 370.9)(692.6, 375.4)(608.3, 375.4);SD
Module:M10
Boundary:(209.8, 286.1)(209.8, 358.5)(95.1, 358.5)(95.1, 375.0)(20.0, 375.0)(20.0, 286.1);GATE
Port:(20.0, 300.5)(25.3, 300.5)(25.3, 360.6)(20.0, 360.6);SD
Port:(209.8, 286.1)(209.8, 358.5)(95.1, 358.5)(95.1, 375.0)(27.6, 375.0)(27.6, 286.1);GATE
Port:(198.3, 291.9)(205.0, 291.9)(205.0, 351.7)(198.3, 351.7);SD
Module:M7
Boundary:(20.0, 141.6)(123.5, 141.6)(123.5, 239.7)(20.0, 239.7);GATE
Port:(34.5, 234.1)(109.0, 234.1)(109.0, 239.7)(34.5, 239.7);SD
Port:(20.0, 141.6)(123.5, 141.6)(123.5, 232.4)(20.0, 232.4);GATE
Port:(26.6, 147.2)(116.9, 147.2)(116.9, 152.7)(26.6, 152.7);SD
Module:M3
Boundary:(147.1, 415.0)(147.1, 466.6)(146.8, 466.6)(146.8, 483.1)(20.0, 483.1)(20.0, 415.0);GATE
Port:(20.0, 428.8)(25.3, 428.8)(25.3, 469.3)(20.0, 469.3);SD
Port:(147.1, 415.0)(147.1, 466.6)(146.8, 466.6)(146.8, 483.1)(27.7, 483.1)(27.7, 415.0);GATE
Port:(135.8, 421.2)(141.9, 421.2)(141.9, 460.4)(135.8, 460.4);SD
Module:M18
Boundary:(628.0, 131.3)(699.1, 131.3)(699.1, 148.5)(715.3, 148.5)(715.3, 325.0)(628.0, 325.0);GATE
Port:(642.0, 320.2)(701.3, 320.2)(701.3, 325.0)(642.0, 325.0);SD
Port:(628.0, 131.3)(699.1, 131.3)(699.1, 148.5)(715.3, 148.5)(715.3, 318.5)(628.0, 318.5);GATE
Port:(634.0, 136.3)(692.1, 136.3)(692.1, 142.8)(634.0, 142.8);SD
Module:M20
Boundary:(450.4, 20.0)(450.4, 127.5)(394.8, 127.5)(394.8, 144.3)(284.9, 144.3)(284.9, 20.0);GATE
Port:(284.9, 33.7)(290.5, 33.7)(290.5, 130.6)(284.9, 130.6);SD
Port:(450.4, 20.0)(450.4, 127.5)(394.8, 127.5)(394.8, 144.3)(291.9, 144.3)(291.9, 20.0);GATE
Port:(439.9, 25.5)(445.9, 25.5)(445.9, 121.0)(439.9, 121.0);SD
Module:M15
Boundary:(490.4, 131.3)(574.7, 131.3)(574.7, 131.5)(588.0, 131.5)(588.0, 275.5)(490.4, 275.5);GATE
Port:(502.8, 269.6)(575.6, 269.6)(575.6, 275.5)(502.8, 275.5);SD
Port:(490.4, 131.3)(574.7, 131.3)(574.7, 131.5)(588.0, 131.5)(588.0, 267.1)(490.4, 267.1);GATE
Port:(496.4, 136.3)(568.7, 136.3)(568.7, 142.2)(496.4, 142.2);SD
Module:M12
Boundary:(170.8, 20.0)(227.8, 20.0)(227.8, 99.9)(244.9, 99.9)(244.9, 246.1)(170.8, 246.1);GATE
Port:(185.8, 240.7)(229.9, 240.7)(229.9, 246.1)(185.8, 246.1);SD
Port:(170.8, 20.0)(227.8, 20.0)(227.8, 99.9)(244.9, 99.9)(244.9, 238.1)(170.8, 238.1);GATE
Port:(177.8, 26.0)(219.8, 26.0)(219.8, 31.8)(177.8, 31.8);SD
Module:M8
Boundary:(561.4, 438.7)(561.4, 535.6)(551.1, 535.6)(551.1, 549.8)(430.4, 549.8)(430.4, 438.7);GATE
Port:(430.4, 452.6)(434.8, 452.6)(434.8, 535.9)(430.4, 535.9);SD
Port:(561.4, 438.7)(561.4, 535.6)(551.1, 535.6)(551.1, 549.8)(437.4, 549.8)(437.4, 438.7);GATE
Port:(549.8, 445.3)(555.8, 445.3)(555.8, 528.0)(549.8, 528.0);SD
Module:M4
Boundary:(449.6, 184.3)(449.6, 234.4)(393.7, 234.4)(393.7, 250.0)(284.9, 250.0)(284.9, 184.3);GATE
Port:(284.9, 197.3)(290.8, 197.3)(290.8, 237.0)(284.9, 237.0);SD
Port:(449.6, 184.3)(449.6, 234.4)(393.7, 234.4)(393.7, 250.0)(292.2, 250.0)(292.2, 184.3);GATE
Port:(439.5, 189.7)(445.2, 189.7)(445.2, 228.0)(439.5, 228.0);SD
Module:M17
Boundary:(318.0, 512.8)(372.8, 512.8)(372.8, 512.9)(390.4, 512.9)(390.4, 684.9)(318.0, 684.9);GATE
Port:(332.8, 679.6)(375.6, 679.6)(375.6, 684.9)(332.8, 684.9);SD
Port:(318.0, 512.8)(372.8, 512.8)(372.8, 512.9)(390.4, 512.9)(390.4, 678.5)(318.0, 678.5);GATE
Port:(323.5, 517.3)(367.3, 517.3)(367.3, 524.9)(323.5, 524.9);SD
