Area:(-14.4, -20.0)(1080.2, -20.0)(1080.2, 643.3)(-14.4, 643.3)
Rule:GATE(5,5);SD(5,5);GATE_SD(0.5);GATE_ITO(0.5);SD_ITO(0.5)
Module:M23
Boundary:(629.5, 49.2)(629.5, 103.9)(629.3, 103.9)(629.3, 122.1)(490.5, 122.1)(490.5, 49.2);GATE
Port:(490.5, 63.8)(495.4, 63.8)(495.4, 107.5)(490.5, 107.5);SD
Port:(629.5, 49.2)(629.5, 103.9)(629.3, 103.9)(629.3, 122.1)(496.8, 122.1)(496.8, 49.2);GATE
Port:(618.2, 54.5)(625.2, 54.5)(625.2, 98.6)(618.2, 98.6);SD
Module:M15
Boundary:(897.3, 20.0)(897.3, 102.2)(897.6, 102.2)(897.6, 117.6)(1022.9, 117.6)(1022.9, 20.0);GATE
Port:(1018.3, 35.0)(1022.9, 35.0)(1022.9, 102.6)(1018.3, 102.6);SD
Port:(897.3, 20.0)(897.3, 102.2)(897.6, 102.2)(897.6, 117.6)(1016.3, 117.6)(1016.3, 20.0);GATE
Port:(902.8, 26.5)(909.4, 26.5)(909.4, 95.7)(902.8, 95.7);SD
Module:M25
Boundary:(324.9, 129.3)(324.9, 35.8)(325.2, 35.8)(325.2, 20.0)(441.1, 20.0)(441.1, 129.3);GATE
Port:(436.4, 31.2)(441.1, 31.2)(441.1, 118.1)(436.4, 118.1);SD
Port:(324.9, 129.3)(324.9, 35.8)(325.2, 35.8)(325.2, 20.0)(435.1, 20.0)(435.1, 129.3);GATE
Port:(329.1, 41.0)(333.7, 41.0)(333.7, 124.1)(329.1, 124.1);SD
Module:M8
Boundary:(846.0, 29.4)(770.9, 29.4)(770.9, 103.5)(758.0, 103.5)(758.0, 179.2)(846.0, 179.2);GATE
Port:(770.8, 173.3)(833.2, 173.3)(833.2, 179.2)(770.8, 179.2);SD
Port:(846.0, 29.4)(770.9, 29.4)(770.9, 103.5)(758.0, 103.5)(758.0, 171.0)(846.0, 171.0);GATE
Port:(778.3, 34.8)(839.6, 34.8)(839.6, 40.4)(778.3, 40.4);SD
Module:M5
Boundary:(640.7, 187.1)(721.3, 187.1)(721.3, 186.8)(736.8, 186.8)(736.8, 20.0)(640.7, 20.0);GATE
Port:(654.0, 20.0)(723.5, 20.0)(723.5, 25.2)(654.0, 25.2);SD
Port:(640.7, 187.1)(721.3, 187.1)(721.3, 186.8)(736.8, 186.8)(736.8, 27.6)(640.7, 27.6);GATE
Port:(646.8, 176.0)(715.2, 176.0)(715.2, 182.0)(646.8, 182.0);SD
Module:M4
Boundary:(577.1, 160.0)(577.1, 242.7)(512.1, 242.7)(512.1, 257.5)(441.1, 257.5)(441.1, 160.0);GATE
Port:(441.1, 173.2)(447.1, 173.2)(447.1, 244.3)(441.1, 244.3);SD
Port:(577.1, 160.0)(577.1, 242.7)(512.1, 242.7)(512.1, 257.5)(449.6, 257.5)(449.6, 160.0);GATE
Port:(565.7, 166.0)(572.1, 166.0)(572.1, 235.7)(565.7, 235.7);SD
Module:M19
Boundary:(318.4, 262.4)(221.3, 262.4)(221.3, 45.0)(318.4, 45.0);GATE
Port:(235.1, 45.0)(304.6, 45.0)(304.6, 49.1)(235.1, 49.1);SD
Port:(318.4, 262.4)(221.3, 262.4)(221.3, 51.8)(318.4, 51.8);GATE
Port:(226.8, 250.8)(312.9, 250.8)(312.9, 257.9)(226.8, 257.9);SD
Module:M1
Boundary:(167.0, 266.9)(47.9, 266.9)(47.9, 46.9)(167.0, 46.9);GATE
Port:(60.5, 46.9)(154.4, 46.9)(154.4, 51.7)(60.5, 51.7);SD
Port:(167.0, 266.9)(47.9, 266.9)(47.9, 53.3)(167.0, 53.3);GATE
Port:(53.4, 257.2)(161.5, 257.2)(161.5, 262.4)(53.4, 262.4);SD
Module:M17
Boundary:(327.5, 247.2)(327.5, 186.4)(327.7, 186.4)(327.7, 171.8)(423.4, 171.8)(423.4, 247.2);GATE
Port:(419.3, 183.6)(423.4, 183.6)(423.4, 235.4)(419.3, 235.4);SD
Port:(327.5, 247.2)(327.5, 186.4)(327.7, 186.4)(327.7, 171.8)(416.6, 171.8)(416.6, 247.2);GATE
Port:(333.2, 193.1)(337.5, 193.1)(337.5, 240.5)(333.2, 240.5);SD
Module:M9
Boundary:(1039.7, 167.2)(1039.7, 256.9)(915.5, 256.9)(915.5, 167.2);GATE
Port:(915.5, 181.2)(920.2, 181.2)(920.2, 242.9)(915.5, 242.9);SD
Port:(1039.7, 167.2)(1039.7, 256.9)(921.9, 256.9)(921.9, 167.2);GATE
Port:(1028.0, 174.0)(1033.9, 174.0)(1033.9, 250.1)(1028.0, 250.1);SD
Module:M3
Boundary:(196.8, 274.4)(196.8, 321.8)(196.7, 321.8)(196.7, 336.7)(25.6, 336.7)(25.6, 274.4);GATE
Port:(25.6, 287.3)(30.8, 287.3)(30.8, 323.8)(25.6, 323.8);SD
Port:(196.8, 274.4)(196.8, 321.8)(196.7, 321.8)(196.7, 336.7)(33.1, 336.7)(33.1, 274.4);GATE
Port:(186.0, 280.1)(192.1, 280.1)(192.1, 316.1)(186.0, 316.1);SD
Module:M24
Boundary:(852.2, 225.9)(852.2, 326.1)(819.1, 326.1)(819.1, 341.6)(659.9, 341.6)(659.9, 225.9);GATE
Port:(659.9, 239.1)(665.8, 239.1)(665.8, 328.4)(659.9, 328.4);SD
Port:(852.2, 225.9)(852.2, 326.1)(819.1, 326.1)(819.1, 341.6)(668.1, 341.6)(668.1, 225.9);GATE
Port:(841.8, 232.2)(846.9, 232.2)(846.9, 318.8)(841.8, 318.8);SD
Module:M16
Boundary:(423.1, 352.9)(423.1, 304.7)(343.9, 304.7)(343.9, 291.7)(240.8, 291.7)(240.8, 352.9);GATE
Port:(240.8, 304.8)(245.9, 304.8)(245.9, 339.8)(240.8, 339.8);SD
Port:(423.1, 352.9)(423.1, 304.7)(343.9, 304.7)(343.9, 291.7)(247.2, 291.7)(247.2, 352.9);GATE
Port:(412.0, 312.0)(417.8, 312.0)(417.8, 346.6)(412.0, 346.6);SD
Module:M18
Boundary:(617.7, 283.2)(617.7, 350.9)(556.7, 350.9)(556.7, 366.1)(470.2, 366.1)(470.2, 283.2);GATE
Port:(470.2, 297.1)(475.1, 297.1)(475.1, 352.4)(470.2, 352.4);SD
Port:(617.7, 283.2)(617.7, 350.9)(556.7, 350.9)(556.7, 366.1)(477.8, 366.1)(477.8, 283.2);GATE
Port:(606.9, 290.1)(611.9, 290.1)(611.9, 343.1)(606.9, 343.1);SD
Module:M13
Boundary:(869.4, 360.4)(869.4, 280.4)(869.9, 280.4)(869.9, 264.9)(1013.2, 264.9)(1013.2, 360.4);GATE
Port:(1009.2, 278.5)(1013.2, 278.5)(1013.2, 346.8)(1009.2, 346.8);SD
Port:(869.4, 360.4)(869.4, 280.4)(869.9, 280.4)(869.9, 264.9)(1007.4, 264.9)(1007.4, 360.4);GATE
Port:(874.4, 286.4)(880.7, 286.4)(880.7, 354.4)(874.4, 354.4);SD
Module:M20
Boundary:(465.4, 393.3)(465.4, 447.0)(544.4, 447.0)(544.4, 463.3)(648.0, 463.3)(648.0, 393.3);GATE
Port:(643.1, 407.2)(648.0, 407.2)(648.0, 449.4)(643.1, 449.4);SD
Port:(465.4, 393.3)(465.4, 447.0)(544.4, 447.0)(544.4, 463.3)(641.2, 463.3)(641.2, 393.3);GATE
Port:(470.9, 399.8)(476.0, 399.8)(476.0, 439.5)(470.9, 439.5);SD
Module:M14
Boundary:(688.0, 380.2)(688.0, 450.8)(702.0, 450.8)(702.0, 466.5)(850.3, 466.5)(850.3, 380.2);GATE
Port:(846.0, 394.9)(850.3, 394.9)(850.3, 451.8)(846.0, 451.8);SD
Port:(688.0, 380.2)(688.0, 450.8)(702.0, 450.8)(702.0, 466.5)(844.2, 466.5)(844.2, 380.2);GATE
Port:(693.9, 387.1)(699.9, 387.1)(699.9, 442.9)(693.9, 442.9);SD
Module:M10
Boundary:(56.2, 338.5)(56.2, 423.7)(133.5, 423.7)(133.5, 439.7)(210.3, 439.7)(210.3, 338.5);GATE
Port:(205.7, 351.4)(210.3, 351.4)(210.3, 426.8)(205.7, 426.8);SD
Port:(56.2, 338.5)(56.2, 423.7)(133.5, 423.7)(133.5, 439.7)(203.1, 439.7)(203.1, 338.5);GATE
Port:(61.4, 344.7)(65.9, 344.7)(65.9, 416.5)(61.4, 416.5);SD
Module:M2
Boundary:(442.8, 477.5)(442.8, 391.5)(312.6, 391.5)(312.6, 376.6)(231.5, 376.6)(231.5, 477.5);GATE
Port:(231.5, 392.1)(236.6, 392.1)(236.6, 462.0)(231.5, 462.0);SD
Port:(442.8, 477.5)(442.8, 391.5)(312.6, 391.5)(312.6, 376.6)(238.8, 376.6)(238.8, 477.5);GATE
Port:(429.8, 399.1)(437.2, 399.1)(437.2, 470.9)(429.8, 470.9);SD
Module:M22
Boundary:(1040.2, 414.1)(1040.2, 494.3)(966.6, 494.3)(966.6, 508.0)(890.3, 508.0)(890.3, 414.1);GATE
Port:(890.3, 427.8)(895.9, 427.8)(895.9, 494.3)(890.3, 494.3);SD
Port:(1040.2, 414.1)(1040.2, 494.3)(966.6, 494.3)(966.6, 508.0)(898.7, 508.0)(898.7, 414.1);GATE
Port:(1028.1, 420.9)(1034.4, 420.9)(1034.4, 486.5)(1028.1, 486.5);SD
Module:M6
Boundary:(799.7, 603.3)(799.7, 523.6)(708.6, 523.6)(708.6, 509.1)(647.7, 509.1)(647.7, 603.3);GATE
Port:(647.7, 521.4)(652.9, 521.4)(652.9, 591.0)(647.7, 591.0);SD
Port:(799.7, 603.3)(799.7, 523.6)(708.6, 523.6)(708.6, 509.1)(653.9, 509.1)(653.9, 603.3);GATE
Port:(789.3, 530.6)(794.7, 530.6)(794.7, 597.3)(789.3, 597.3);SD
Module:M21
Boundary:(1010.2, 569.5)(1010.2, 535.1)(1010.1, 535.1)(1010.1, 518.8)(848.7, 518.8)(848.7, 569.5);GATE
Port:(848.7, 532.6)(853.0, 532.6)(853.0, 555.7)(848.7, 555.7);SD
Port:(1010.2, 569.5)(1010.2, 535.1)(1010.1, 535.1)(1010.1, 518.8)(855.4, 518.8)(855.4, 569.5);GATE
Port:(998.8, 540.3)(1006.0, 540.3)(1006.0, 564.3)(998.8, 564.3);SD
Module:M7
Boundary:(647.5, 603.0)(647.5, 512.5)(647.3, 512.5)(647.3, 497.2)(484.1, 497.2)(484.1, 603.0);GATE
Port:(484.1, 508.6)(488.6, 508.6)(488.6, 591.6)(484.1, 591.6);SD
Port:(647.5, 603.0)(647.5, 512.5)(647.3, 512.5)(647.3, 497.2)(490.5, 497.2)(490.5, 603.0);GATE
Port:(638.9, 517.8)(643.2, 517.8)(643.2, 597.7)(638.9, 597.7);SD
Module:M12
Boundary:(245.2, 588.4)(245.2, 520.6)(141.8, 520.6)(141.8, 505.4)(47.6, 505.4)(47.6, 588.4);GATE
Port:(47.6, 519.2)(53.6, 519.2)(53.6, 574.6)(47.6, 574.6);SD
Port:(245.2, 588.4)(245.2, 520.6)(141.8, 520.6)(141.8, 505.4)(54.8, 505.4)(54.8, 588.4);GATE
Port:(234.1, 527.3)(240.4, 527.3)(240.4, 582.7)(234.1, 582.7);SD
Module:M11
Boundary:(263.3, 506.6)(263.3, 573.4)(263.6, 573.4)(263.6, 589.9)(428.0, 589.9)(428.0, 506.6);GATE
Port:(422.6, 519.8)(428.0, 519.8)(428.0, 576.7)(422.6, 576.7);SD
Port:(263.3, 506.6)(263.3, 573.4)(263.6, 573.4)(263.6, 589.9)(420.4, 589.9)(420.4, 506.6);GATE
Port:(267.3, 511.6)(274.0, 511.6)(274.0, 568.4)(267.3, 568.4);SD
