Area:(-10.0, -20.0)(1275.0, -20.0)(1275.0, 974.3)(-10.0, 974.3)
Rule:GATE(5,5);SD(5,5);GATE_SD(0.5);GATE_ITO(0.5);SD_ITO(0.5)
Module:M40
Boundary:(307.3, 51.7)(380.3, 51.7)(380.3, 127.7)(307.3, 127.7);GATE
Port:(321.8, 117.7)(365.8, 117.7)(365.8, 127.7)(321.8, 127.7);SD
Port:(307.3, 51.7)(380.3, 51.7)(380.3, 112.7)(307.3, 112.7);GATE
Port:(317.3, 56.7)(370.3, 56.7)(370.3, 60.7)(317.3, 60.7);SD
Module:M16
Boundary:(1214.2, 115.8)(1214.2, 39.8)(1206.2, 39.8)(1206.2, 24.8)(1023.2, 24.8)(1023.2, 115.8);GATE
Port:(1023.2, 39.3)(1033.2, 39.3)(1033.2, 101.3)(1023.2, 101.3);SD
Port:(1214.2, 115.8)(1214.2, 39.8)(1206.2, 39.8)(1206.2, 24.8)(1038.2, 24.8)(1038.2, 115.8);GATE
Port:(1205.2, 54.8)(1209.2, 54.8)(1209.2, 105.8)(1205.2, 105.8);SD
Module:M15
Boundary:(178.8, 20.0)(254.8, 20.0)(254.8, 28.0)(269.8, 28.0)(269.8, 131.0)(178.8, 131.0);GATE
Port:(193.3, 121.0)(255.3, 121.0)(255.3, 131.0)(193.3, 131.0);SD
Port:(178.8, 20.0)(254.8, 20.0)(254.8, 28.0)(269.8, 28.0)(269.8, 116.0)(178.8, 116.0);GATE
Port:(188.8, 25.0)(239.8, 25.0)(239.8, 29.0)(188.8, 29.0);SD
Module:M11
Boundary:(566.0, 42.7)(677.5, 42.7)(677.5, 102.5)(747.0, 102.5)(747.0, 184.7)(566.0, 184.7);GATE
Port:(580.5, 174.7)(732.5, 174.7)(732.5, 184.7)(580.5, 184.7);SD
Port:(566.0, 42.7)(677.5, 42.7)(677.5, 102.5)(747.0, 102.5)(747.0, 169.7)(566.0, 169.7);GATE
Port:(576.0, 47.7)(663.0, 47.7)(663.0, 51.7)(576.0, 51.7);SD
Module:M32
Boundary:(440.5, 75.8)(440.5, 205.3)(454.5, 205.3)(454.5, 220.8)(551.5, 220.8)(551.5, 75.8);GATE
Port:(541.5, 90.3)(551.5, 90.3)(551.5, 206.3)(541.5, 206.3);SD
Port:(440.5, 75.8)(440.5, 205.3)(454.5, 205.3)(454.5, 220.8)(536.5, 220.8)(536.5, 75.8);GATE
Port:(445.5, 85.8)(449.5, 85.8)(449.5, 190.8)(445.5, 190.8);SD
Module:M5
Boundary:(986.1, 20.0)(874.6, 20.0)(874.6, 110.7)(769.1, 110.7)(769.1, 182.0)(986.1, 182.0);GATE
Port:(783.6, 172.0)(971.6, 172.0)(971.6, 182.0)(783.6, 182.0);SD
Port:(986.1, 20.0)(874.6, 20.0)(874.6, 110.7)(769.1, 110.7)(769.1, 167.0)(986.1, 167.0);GATE
Port:(889.1, 25.0)(976.1, 25.0)(976.1, 29.0)(889.1, 29.0);SD
Module:M12
Boundary:(30.9, 73.3)(106.9, 73.3)(106.9, 81.3)(121.9, 81.3)(121.9, 273.3)(30.9, 273.3);GATE
Port:(45.4, 263.3)(107.4, 263.3)(107.4, 273.3)(45.4, 273.3);SD
Port:(30.9, 73.3)(106.9, 73.3)(106.9, 81.3)(121.9, 81.3)(121.9, 258.3)(30.9, 258.3);GATE
Port:(40.9, 78.3)(91.9, 78.3)(91.9, 82.3)(40.9, 82.3);SD
Module:M10
Boundary:(998.2, 222.0)(998.2, 295.0)(913.2, 295.0)(913.2, 222.0);GATE
Port:(913.2, 236.5)(923.2, 236.5)(923.2, 280.5)(913.2, 280.5);SD
Port:(998.2, 222.0)(998.2, 295.0)(928.2, 295.0)(928.2, 222.0);GATE
Port:(989.2, 232.0)(993.2, 232.0)(993.2, 285.0)(989.2, 285.0);SD
Module:M7
Boundary:(183.0, 184.7)(183.0, 260.2)(239.8, 260.2)(239.8, 311.7)(373.0, 311.7)(373.0, 184.7);GATE
Port:(363.0, 199.2)(373.0, 199.2)(373.0, 297.2)(363.0, 297.2);SD
Port:(183.0, 184.7)(183.0, 260.2)(239.8, 260.2)(239.8, 311.7)(358.0, 311.7)(358.0, 184.7);GATE
Port:(188.0, 194.7)(192.0, 194.7)(192.0, 245.7)(188.0, 245.7);SD
Module:M38
Boundary:(667.8, 343.3)(667.8, 270.3)(737.8, 270.3)(737.8, 343.3);GATE
Port:(727.8, 284.8)(737.8, 284.8)(737.8, 328.8)(727.8, 328.8);SD
Port:(667.8, 343.3)(667.8, 270.3)(722.8, 270.3)(722.8, 343.3);GATE
Port:(672.8, 280.3)(676.8, 280.3)(676.8, 333.3)(672.8, 333.3);SD
Module:M33
Boundary:(879.5, 343.5)(879.5, 267.5)(871.5, 267.5)(871.5, 252.5)(808.5, 252.5)(808.5, 343.5);GATE
Port:(808.5, 267.0)(818.5, 267.0)(818.5, 329.0)(808.5, 329.0);SD
Port:(879.5, 343.5)(879.5, 267.5)(871.5, 267.5)(871.5, 252.5)(823.5, 252.5)(823.5, 343.5);GATE
Port:(870.5, 282.5)(874.5, 282.5)(874.5, 333.5)(870.5, 333.5);SD
Module:M27
Boundary:(639.0, 209.9)(566.0, 209.9)(566.0, 352.9)(639.0, 352.9);GATE
Port:(580.5, 342.9)(624.5, 342.9)(624.5, 352.9)(580.5, 352.9);SD
Port:(639.0, 209.9)(566.0, 209.9)(566.0, 337.9)(639.0, 337.9);GATE
Port:(576.0, 214.9)(629.0, 214.9)(629.0, 218.9)(576.0, 218.9);SD
Module:M23
Boundary:(381.0, 386.1)(510.5, 386.1)(510.5, 372.1)(526.0, 372.1)(526.0, 237.1)(381.0, 237.1);GATE
Port:(395.5, 237.1)(511.5, 237.1)(511.5, 247.1)(395.5, 247.1);SD
Port:(381.0, 386.1)(510.5, 386.1)(510.5, 372.1)(526.0, 372.1)(526.0, 252.1)(381.0, 252.1);GATE
Port:(391.0, 377.1)(496.0, 377.1)(496.0, 381.1)(391.0, 381.1);SD
Module:M18
Boundary:(1216.1, 151.0)(1216.1, 298.5)(1091.0, 298.5)(1091.0, 368.0)(1025.1, 368.0)(1025.1, 151.0);GATE
Port:(1025.1, 165.5)(1035.1, 165.5)(1035.1, 353.5)(1025.1, 353.5);SD
Port:(1216.1, 151.0)(1216.1, 298.5)(1091.0, 298.5)(1091.0, 368.0)(1040.1, 368.0)(1040.1, 151.0);GATE
Port:(1207.1, 161.0)(1211.1, 161.0)(1211.1, 284.0)(1207.1, 284.0);SD
Module:M20
Boundary:(158.7, 448.6)(270.2, 448.6)(270.2, 409.6)(321.7, 409.6)(321.7, 367.6)(158.7, 367.6);GATE
Port:(173.2, 367.6)(307.2, 367.6)(307.2, 377.6)(173.2, 377.6);SD
Port:(158.7, 448.6)(270.2, 448.6)(270.2, 409.6)(321.7, 409.6)(321.7, 382.6)(158.7, 382.6);GATE
Port:(168.7, 439.6)(255.7, 439.6)(255.7, 443.6)(168.7, 443.6);SD
Module:M30
Boundary:(132.8, 287.5)(132.8, 435.0)(116.8, 435.0)(116.8, 450.5)(70.8, 450.5)(70.8, 287.5);GATE
Port:(70.8, 302.0)(80.8, 302.0)(80.8, 436.0)(70.8, 436.0);SD
Port:(132.8, 287.5)(132.8, 435.0)(116.8, 435.0)(116.8, 450.5)(85.8, 450.5)(85.8, 287.5);GATE
Port:(123.8, 297.5)(127.8, 297.5)(127.8, 420.5)(123.8, 420.5);SD
Module:M13
Boundary:(702.8, 463.0)(775.8, 463.0)(775.8, 355.0)(702.8, 355.0);GATE
Port:(717.3, 355.0)(761.3, 355.0)(761.3, 365.0)(717.3, 365.0);SD
Port:(702.8, 463.0)(775.8, 463.0)(775.8, 370.0)(702.8, 370.0);GATE
Port:(712.8, 454.0)(765.8, 454.0)(765.8, 458.0)(712.8, 458.0);SD
Module:M24
Boundary:(586.0, 385.0)(662.0, 385.0)(662.0, 393.0)(677.0, 393.0)(677.0, 466.0)(586.0, 466.0);GATE
Port:(600.5, 456.0)(662.5, 456.0)(662.5, 466.0)(600.5, 466.0);SD
Port:(586.0, 385.0)(662.0, 385.0)(662.0, 393.0)(677.0, 393.0)(677.0, 451.0)(586.0, 451.0);GATE
Port:(596.0, 390.0)(647.0, 390.0)(647.0, 394.0)(596.0, 394.0);SD
Module:M19
Boundary:(908.0, 498.0)(908.0, 386.5)(877.9, 386.5)(877.9, 353.0)(830.0, 353.0)(830.0, 498.0);GATE
Port:(830.0, 367.5)(840.0, 367.5)(840.0, 483.5)(830.0, 483.5);SD
Port:(908.0, 498.0)(908.0, 386.5)(877.9, 386.5)(877.9, 353.0)(845.0, 353.0)(845.0, 498.0);GATE
Port:(899.0, 401.0)(903.0, 401.0)(903.0, 488.0)(899.0, 488.0);SD
Module:M8
Boundary:(194.7, 467.9)(65.2, 467.9)(65.2, 481.9)(49.7, 481.9)(49.7, 535.9)(194.7, 535.9);GATE
Port:(64.2, 525.9)(180.2, 525.9)(180.2, 535.9)(64.2, 535.9);SD
Port:(194.7, 467.9)(65.2, 467.9)(65.2, 481.9)(49.7, 481.9)(49.7, 520.9)(194.7, 520.9);GATE
Port:(79.7, 472.9)(184.7, 472.9)(184.7, 476.9)(79.7, 476.9);SD
Module:M2
Boundary:(1005.4, 415.1)(1005.4, 560.1)(924.4, 560.1)(924.4, 415.1);GATE
Port:(924.4, 429.6)(934.4, 429.6)(934.4, 545.6)(924.4, 545.6);SD
Port:(1005.4, 415.1)(1005.4, 560.1)(939.4, 560.1)(939.4, 415.1);GATE
Port:(996.4, 425.1)(1000.4, 425.1)(1000.4, 550.1)(996.4, 550.1);SD
Module:M39
Boundary:(1235.0, 408.0)(1235.0, 555.5)(1219.0, 555.5)(1219.0, 571.0)(1089.0, 571.0)(1089.0, 408.0);GATE
Port:(1089.0, 422.5)(1099.0, 422.5)(1099.0, 556.5)(1089.0, 556.5);SD
Port:(1235.0, 408.0)(1235.0, 555.5)(1219.0, 555.5)(1219.0, 571.0)(1104.0, 571.0)(1104.0, 408.0);GATE
Port:(1226.0, 418.0)(1230.0, 418.0)(1230.0, 541.0)(1226.0, 541.0);SD
Module:M9
Boundary:(347.0, 582.0)(440.5, 582.0)(440.5, 526.5)(546.0, 526.5)(546.0, 394.0)(347.0, 394.0);GATE
Port:(361.5, 394.0)(531.5, 394.0)(531.5, 404.0)(361.5, 404.0);SD
Port:(347.0, 582.0)(440.5, 582.0)(440.5, 526.5)(546.0, 526.5)(546.0, 409.0)(347.0, 409.0);GATE
Port:(357.0, 573.0)(426.0, 573.0)(426.0, 577.0)(357.0, 577.0);SD
Module:M34
Boundary:(307.0, 480.6)(307.0, 556.1)(279.0, 556.1)(279.0, 607.6)(205.0, 607.6)(205.0, 480.6);GATE
Port:(205.0, 495.1)(215.0, 495.1)(215.0, 593.1)(205.0, 593.1);SD
Port:(307.0, 480.6)(307.0, 556.1)(279.0, 556.1)(279.0, 607.6)(220.0, 607.6)(220.0, 480.6);GATE
Port:(298.0, 490.6)(302.0, 490.6)(302.0, 541.6)(298.0, 541.6);SD
Module:M21
Boundary:(586.0, 486.5)(697.5, 486.5)(697.5, 505.5)(713.0, 505.5)(713.0, 599.5)(586.0, 599.5);GATE
Port:(600.5, 589.5)(698.5, 589.5)(698.5, 599.5)(600.5, 599.5);SD
Port:(586.0, 486.5)(697.5, 486.5)(697.5, 505.5)(713.0, 505.5)(713.0, 584.5)(586.0, 584.5);GATE
Port:(596.0, 491.5)(683.0, 491.5)(683.0, 495.5)(596.0, 495.5);SD
Module:M6
Boundary:(353.5, 606.9)(501.0, 606.9)(501.0, 622.9)(516.5, 622.9)(516.5, 673.9)(353.5, 673.9);GATE
Port:(368.0, 663.9)(502.0, 663.9)(502.0, 673.9)(368.0, 673.9);SD
Port:(353.5, 606.9)(501.0, 606.9)(501.0, 622.9)(516.5, 622.9)(516.5, 658.9)(353.5, 658.9);GATE
Port:(363.5, 611.9)(486.5, 611.9)(486.5, 615.9)(363.5, 615.9);SD
Module:M36
Boundary:(300.1, 612.4)(300.1, 685.4)(208.1, 685.4)(208.1, 612.4);GATE
Port:(208.1, 626.9)(218.1, 626.9)(218.1, 670.9)(208.1, 670.9);SD
Port:(300.1, 612.4)(300.1, 685.4)(223.1, 685.4)(223.1, 612.4);GATE
Port:(291.1, 622.4)(295.1, 622.4)(295.1, 675.4)(291.1, 675.4);SD
Module:M35
Boundary:(744.3, 546.7)(855.8, 546.7)(855.8, 558.7)(871.3, 558.7)(871.3, 715.7)(744.3, 715.7);GATE
Port:(758.8, 705.7)(856.8, 705.7)(856.8, 715.7)(758.8, 715.7);SD
Port:(744.3, 546.7)(855.8, 546.7)(855.8, 558.7)(871.3, 558.7)(871.3, 700.7)(744.3, 700.7);GATE
Port:(754.3, 551.7)(841.3, 551.7)(841.3, 555.7)(754.3, 555.7);SD
Module:M14
Boundary:(940.0, 613.0)(940.0, 706.5)(950.0, 706.5)(950.0, 722.0)(1104.0, 722.0)(1104.0, 613.0);GATE
Port:(1094.0, 627.5)(1104.0, 627.5)(1104.0, 707.5)(1094.0, 707.5);SD
Port:(940.0, 613.0)(940.0, 706.5)(950.0, 706.5)(950.0, 722.0)(1089.0, 722.0)(1089.0, 613.0);GATE
Port:(945.0, 623.0)(949.0, 623.0)(949.0, 692.0)(945.0, 692.0);SD
Module:M29
Boundary:(30.0, 575.0)(30.0, 668.5)(73.2, 668.5)(73.2, 702.0)(136.0, 702.0)(136.0, 575.0);GATE
Port:(126.0, 589.5)(136.0, 589.5)(136.0, 687.5)(126.0, 687.5);SD
Port:(30.0, 575.0)(30.0, 668.5)(73.2, 668.5)(73.2, 702.0)(121.0, 702.0)(121.0, 575.0);GATE
Port:(35.0, 585.0)(39.0, 585.0)(39.0, 654.0)(35.0, 654.0);SD
Module:M22
Boundary:(1212.8, 616.9)(1139.8, 616.9)(1139.8, 754.9)(1212.8, 754.9);GATE
Port:(1154.3, 744.9)(1198.3, 744.9)(1198.3, 754.9)(1154.3, 754.9);SD
Port:(1212.8, 616.9)(1139.8, 616.9)(1139.8, 739.9)(1212.8, 739.9);GATE
Port:(1149.8, 621.9)(1202.8, 621.9)(1202.8, 625.9)(1149.8, 625.9);SD
Module:M3
Boundary:(701.2, 766.0)(628.2, 766.0)(628.2, 659.0)(701.2, 659.0);GATE
Port:(642.7, 659.0)(686.7, 659.0)(686.7, 669.0)(642.7, 669.0);SD
Port:(701.2, 766.0)(628.2, 766.0)(628.2, 674.0)(701.2, 674.0);GATE
Port:(638.2, 757.0)(691.2, 757.0)(691.2, 761.0)(638.2, 761.0);SD
Module:M4
Boundary:(600.0, 659.0)(527.0, 659.0)(527.0, 773.0)(600.0, 773.0);GATE
Port:(541.5, 763.0)(585.5, 763.0)(585.5, 773.0)(541.5, 773.0);SD
Port:(600.0, 659.0)(527.0, 659.0)(527.0, 758.0)(600.0, 758.0);GATE
Port:(537.0, 664.0)(590.0, 664.0)(590.0, 668.0)(537.0, 668.0);SD
Module:M37
Boundary:(736.2, 759.2)(847.7, 759.2)(847.7, 771.2)(863.2, 771.2)(863.2, 821.2)(736.2, 821.2);GATE
Port:(750.7, 811.2)(848.7, 811.2)(848.7, 821.2)(750.7, 821.2);SD
Port:(736.2, 759.2)(847.7, 759.2)(847.7, 771.2)(863.2, 771.2)(863.2, 806.2)(736.2, 806.2);GATE
Port:(746.2, 764.2)(833.2, 764.2)(833.2, 768.2)(746.2, 768.2);SD
Module:M26
Boundary:(1079.7, 883.3)(1079.7, 753.8)(1065.7, 753.8)(1065.7, 738.3)(943.7, 738.3)(943.7, 883.3);GATE
Port:(943.7, 752.8)(953.7, 752.8)(953.7, 868.8)(943.7, 868.8);SD
Port:(1079.7, 883.3)(1079.7, 753.8)(1065.7, 753.8)(1065.7, 738.3)(958.7, 738.3)(958.7, 883.3);GATE
Port:(1070.7, 768.3)(1074.7, 768.3)(1074.7, 873.3)(1070.7, 873.3);SD
Module:M25
Boundary:(1121.9, 764.4)(1197.9, 764.4)(1197.9, 772.4)(1212.9, 772.4)(1212.9, 877.4)(1121.9, 877.4);GATE
Port:(1136.4, 867.4)(1198.4, 867.4)(1198.4, 877.4)(1136.4, 877.4);SD
Port:(1121.9, 764.4)(1197.9, 764.4)(1197.9, 772.4)(1212.9, 772.4)(1212.9, 862.4)(1121.9, 862.4);GATE
Port:(1131.9, 769.4)(1182.9, 769.4)(1182.9, 773.4)(1131.9, 773.4);SD
Module:M17
Boundary:(291.6, 704.0)(403.1, 704.0)(403.1, 849.0)(508.6, 849.0)(508.6, 904.0)(291.6, 904.0);GATE
Port:(306.1, 894.0)(494.1, 894.0)(494.1, 904.0)(306.1, 904.0);SD
Port:(291.6, 704.0)(403.1, 704.0)(403.1, 849.0)(508.6, 849.0)(508.6, 889.0)(291.6, 889.0);GATE
Port:(301.6, 709.0)(388.6, 709.0)(388.6, 713.0)(301.6, 713.0);SD
Module:M28
Boundary:(706.8, 807.3)(706.8, 918.8)(694.8, 918.8)(694.8, 934.3)(515.8, 934.3)(515.8, 807.3);GATE
Port:(515.8, 821.8)(525.8, 821.8)(525.8, 919.8)(515.8, 919.8);SD
Port:(706.8, 807.3)(706.8, 918.8)(694.8, 918.8)(694.8, 934.3)(530.8, 934.3)(530.8, 807.3);GATE
Port:(697.8, 817.3)(701.8, 817.3)(701.8, 904.3)(697.8, 904.3);SD
Module:M1
Boundary:(900.2, 912.1)(900.2, 839.1)(744.2, 839.1)(744.2, 912.1);GATE
Port:(744.2, 853.6)(754.2, 853.6)(754.2, 897.6)(744.2, 897.6);SD
Port:(900.2, 912.1)(900.2, 839.1)(759.2, 839.1)(759.2, 912.1);GATE
Port:(891.2, 849.1)(895.2, 849.1)(895.2, 902.1)(891.2, 902.1);SD
Module:M31
Boundary:(57.8, 927.3)(169.3, 927.3)(169.3, 869.9)(256.8, 869.9)(256.8, 762.3)(57.8, 762.3);GATE
Port:(72.3, 762.3)(242.3, 762.3)(242.3, 772.3)(72.3, 772.3);SD
Port:(57.8, 927.3)(169.3, 927.3)(169.3, 869.9)(256.8, 869.9)(256.8, 777.3)(57.8, 777.3);GATE
Port:(67.8, 918.3)(154.8, 918.3)(154.8, 922.3)(67.8, 922.3);SD
