Area:(-20.0, -20.0)(1047.4, -20.0)(1047.4, 500.3)(-20.0, 500.3)
Rule:GATE(5,5);SD(5,5);GATE_SD(0.5);GATE_ITO(0.5);SD_ITO(0.5)
Module:M14
Boundary:(712.4, 20.0)(712.4, 74.9)(663.7, 74.9)(663.7, 92.4)(591.1, 92.4)(591.1, 20.0);GATE
Port:(591.1, 34.2)(595.4, 34.2)(595.4, 78.2)(591.1, 78.2);SD
Port:(712.4, 20.0)(712.4, 74.9)(663.7, 74.9)(663.7, 92.4)(597.5, 92.4)(597.5, 20.0);GATE
Port:(701.5, 25.0)(708.4, 25.0)(708.4, 68.9)(701.5, 68.9);SD
Module:M9
Boundary:(530.9, 237.9)(597.6, 237.9)(597.6, 409.9)(530.9, 409.9);GATE
Port:(544.1, 404.9)(584.4, 404.9)(584.4, 409.9)(544.1, 409.9);SD
Port:(530.9, 237.9)(597.6, 237.9)(597.6, 402.8)(530.9, 402.8);GATE
Port:(536.3, 242.3)(592.2, 242.3)(592.2, 247.8)(536.3, 247.8);SD
Module:M5
Boundary:(709.2, 132.4)(709.2, 179.7)(709.2, 179.7)(709.2, 195.3)(591.1, 195.3)(591.1, 132.4);GATE
Port:(591.1, 144.8)(596.9, 144.8)(596.9, 182.9)(591.1, 182.9);SD
Port:(709.2, 132.4)(709.2, 179.7)(709.2, 179.7)(709.2, 195.3)(599.2, 195.3)(599.2, 132.4);GATE
Port:(699.1, 137.8)(704.8, 137.8)(704.8, 174.3)(699.1, 174.3);SD
Module:M11
Boundary:(888.6, 353.9)(888.6, 456.7)(752.4, 456.7)(752.4, 353.9);GATE
Port:(752.4, 366.4)(757.7, 366.4)(757.7, 444.2)(752.4, 444.2);SD
Port:(888.6, 353.9)(888.6, 456.7)(760.1, 456.7)(760.1, 353.9);GATE
Port:(877.7, 359.0)(884.5, 359.0)(884.5, 451.6)(877.7, 451.6);SD
Module:M1
Boundary:(459.0, 359.3)(459.0, 460.2)(279.7, 460.2)(279.7, 359.3);GATE
Port:(279.7, 372.2)(284.9, 372.2)(284.9, 447.3)(279.7, 447.3);SD
Port:(459.0, 359.3)(459.0, 460.2)(286.7, 460.2)(286.7, 359.3);GATE
Port:(449.0, 364.8)(454.5, 364.8)(454.5, 454.7)(449.0, 454.7);SD
Module:M19
Boundary:(551.1, 134.1)(551.1, 182.4)(551.0, 182.4)(551.0, 197.9)(401.9, 197.9)(401.9, 134.1);GATE
Port:(401.9, 147.4)(406.0, 147.4)(406.0, 184.6)(401.9, 184.6);SD
Port:(551.1, 134.1)(551.1, 182.4)(551.0, 182.4)(551.0, 197.9)(407.2, 197.9)(407.2, 134.1);GATE
Port:(540.4, 140.2)(546.0, 140.2)(546.0, 176.3)(540.4, 176.3);SD
Module:M6
Boundary:(361.9, 127.7)(361.9, 192.7)(340.1, 192.7)(340.1, 207.0)(264.2, 207.0)(264.2, 127.7);GATE
Port:(264.2, 141.1)(269.4, 141.1)(269.4, 193.6)(264.2, 193.6);SD
Port:(361.9, 127.7)(361.9, 192.7)(340.1, 192.7)(340.1, 207.0)(271.8, 207.0)(271.8, 127.7);GATE
Port:(350.8, 134.0)(356.6, 134.0)(356.6, 185.4)(350.8, 185.4);SD
Module:M2
Boundary:(982.4, 178.3)(982.4, 244.2)(950.0, 244.2)(950.0, 258.4)(890.6, 258.4)(890.6, 178.3);GATE
Port:(890.6, 192.2)(895.3, 192.2)(895.3, 244.5)(890.6, 244.5);SD
Port:(982.4, 178.3)(982.4, 244.2)(950.0, 244.2)(950.0, 258.4)(898.3, 258.4)(898.3, 178.3);GATE
Port:(971.0, 184.3)(977.4, 184.3)(977.4, 237.2)(971.0, 237.2);SD
Module:M16
Boundary:(1007.4, 20.0)(1007.4, 122.6)(956.7, 122.6)(956.7, 138.3)(853.2, 138.3)(853.2, 20.0);GATE
Port:(853.2, 34.4)(858.4, 34.4)(858.4, 123.9)(853.2, 123.9);SD
Port:(1007.4, 20.0)(1007.4, 122.6)(956.7, 122.6)(956.7, 138.3)(860.3, 138.3)(860.3, 20.0);GATE
Port:(996.0, 25.7)(1002.7, 25.7)(1002.7, 115.9)(996.0, 115.9);SD
Module:M13
Boundary:(206.2, 232.8)(206.2, 323.3)(20.0, 323.3)(20.0, 232.8);GATE
Port:(20.0, 246.9)(25.3, 246.9)(25.3, 309.2)(20.0, 309.2);SD
Port:(206.2, 232.8)(206.2, 323.3)(27.3, 323.3)(27.3, 232.8);GATE
Port:(194.0, 239.8)(200.2, 239.8)(200.2, 316.3)(194.0, 316.3);SD
Module:M10
Boundary:(224.2, 127.7)(224.2, 179.1)(169.4, 179.1)(169.4, 192.8)(20.0, 192.8)(20.0, 127.7);GATE
Port:(20.0, 140.9)(24.4, 140.9)(24.4, 179.6)(20.0, 179.6);SD
Port:(224.2, 127.7)(224.2, 179.1)(169.4, 179.1)(169.4, 192.8)(25.6, 192.8)(25.6, 127.7);GATE
Port:(213.7, 133.5)(219.4, 133.5)(219.4, 171.3)(213.7, 171.3);SD
Module:M7
Boundary:(548.5, 20.0)(548.5, 75.9)(548.2, 75.9)(548.2, 94.1)(408.7, 94.1)(408.7, 20.0);GATE
Port:(408.7, 35.0)(412.7, 35.0)(412.7, 79.1)(408.7, 79.1);SD
Port:(548.5, 20.0)(548.5, 75.9)(548.2, 75.9)(548.2, 94.1)(415.6, 94.1)(415.6, 20.0);GATE
Port:(536.3, 26.9)(542.6, 26.9)(542.6, 69.0)(536.3, 69.0);SD
Module:M3
Boundary:(239.7, 363.3)(239.7, 441.1)(239.2, 441.1)(239.2, 460.3)(20.0, 460.3)(20.0, 363.3);GATE
Port:(20.0, 379.0)(25.0, 379.0)(25.0, 444.6)(20.0, 444.6);SD
Port:(239.7, 363.3)(239.7, 441.1)(239.2, 441.1)(239.2, 460.3)(26.1, 460.3)(26.1, 363.3);GATE
Port:(227.3, 369.7)(234.3, 369.7)(234.3, 434.7)(227.3, 434.7);SD
Module:M18
Boundary:(182.2, 20.0)(182.2, 66.8)(154.2, 66.8)(154.2, 80.3)(20.0, 80.3)(20.0, 20.0);GATE
Port:(20.0, 32.2)(24.7, 32.2)(24.7, 68.1)(20.0, 68.1);SD
Port:(182.2, 20.0)(182.2, 66.8)(154.2, 66.8)(154.2, 80.3)(26.1, 80.3)(26.1, 20.0);GATE
Port:(171.7, 25.4)(177.8, 25.4)(177.8, 60.4)(171.7, 60.4);SD
Module:M20
Boundary:(928.6, 298.4)(998.4, 298.4)(998.4, 457.4)(928.6, 457.4);GATE
Port:(943.7, 451.5)(983.3, 451.5)(983.3, 457.4)(943.7, 457.4);SD
Port:(928.6, 298.4)(998.4, 298.4)(998.4, 449.7)(928.6, 449.7);GATE
Port:(935.1, 303.9)(991.9, 303.9)(991.9, 310.9)(935.1, 310.9);SD
Module:M15
Boundary:(368.7, 20.0)(368.7, 87.7)(222.2, 87.7)(222.2, 20.0);GATE
Port:(222.2, 33.7)(227.1, 33.7)(227.1, 74.0)(222.2, 74.0);SD
Port:(368.7, 20.0)(368.7, 87.7)(229.7, 87.7)(229.7, 20.0);GATE
Port:(357.8, 25.8)(363.9, 25.8)(363.9, 81.9)(357.8, 81.9);SD
Module:M12
Boundary:(752.4, 20.0)(799.7, 20.0)(799.7, 83.4)(813.2, 83.4)(813.2, 150.1)(752.4, 150.1);GATE
Port:(765.0, 145.9)(800.6, 145.9)(800.6, 150.1)(765.0, 150.1);SD
Port:(752.4, 20.0)(799.7, 20.0)(799.7, 83.4)(813.2, 83.4)(813.2, 143.4)(752.4, 143.4);GATE
Port:(758.8, 25.4)(792.3, 25.4)(792.3, 30.4)(758.8, 30.4);SD
Module:M8
Boundary:(637.6, 235.3)(692.8, 235.3)(692.8, 332.9)(708.2, 332.9)(708.2, 459.9)(637.6, 459.9);GATE
Port:(653.1, 454.6)(692.7, 454.6)(692.7, 459.9)(653.1, 459.9);SD
Port:(637.6, 235.3)(692.8, 235.3)(692.8, 332.9)(708.2, 332.9)(708.2, 451.7)(637.6, 451.7);GATE
Port:(644.3, 241.0)(685.1, 241.0)(685.1, 248.3)(644.3, 248.3);SD
Module:M4
Boundary:(490.9, 247.0)(490.9, 302.3)(389.5, 302.3)(389.5, 319.3)(264.2, 319.3)(264.2, 247.0);GATE
Port:(264.2, 261.5)(269.2, 261.5)(269.2, 304.8)(264.2, 304.8);SD
Port:(490.9, 247.0)(490.9, 302.3)(389.5, 302.3)(389.5, 319.3)(270.2, 319.3)(270.2, 247.0);GATE
Port:(479.8, 252.8)(486.1, 252.8)(486.1, 295.5)(479.8, 295.5);SD
Module:M17
Boundary:(752.4, 190.1)(834.6, 190.1)(834.6, 190.2)(850.6, 190.2)(850.6, 313.9)(752.4, 313.9);GATE
Port:(765.9, 309.3)(837.1, 309.3)(837.1, 313.9)(765.9, 313.9);SD
Port:(752.4, 190.1)(834.6, 190.1)(834.6, 190.2)(850.6, 190.2)(850.6, 308.2)(752.4, 308.2);GATE
Port:(758.5, 195.2)(828.5, 195.2)(828.5, 201.0)(758.5, 201.0);SD
