Area:(-20.0, -20.0)(521.0, -20.0)(521.0, 1250.0)(-20.0, 1250.0)
Rule:GATE(5,5);SD(5,5);GATE_SD(0.5);GATE_ITO(0.5);SD_ITO(0.5)
Module:M14
Boundary:(284.0, 169.0)(284.0, 298.5)(270.0, 298.5)(270.0, 314.0)(223.0, 314.0)(223.0, 169.0);GATE
Port:(223.0, 183.5)(233.0, 183.5)(233.0, 299.5)(223.0, 299.5);SD
Port:(284.0, 169.0)(284.0, 298.5)(270.0, 298.5)(270.0, 314.0)(238.0, 314.0)(238.0, 169.0);GATE
Port:(275.0, 179.0)(279.0, 179.0)(279.0, 284.0)(275.0, 284.0);SD
Module:M9
Boundary:(479.0, 1111.0)(479.0, 1187.0)(471.0, 1187.0)(471.0, 1202.0)(318.0, 1202.0)(318.0, 1111.0);GATE
Port:(318.0, 1125.5)(328.0, 1125.5)(328.0, 1187.5)(318.0, 1187.5);SD
Port:(479.0, 1111.0)(479.0, 1187.0)(471.0, 1187.0)(471.0, 1202.0)(333.0, 1202.0)(333.0, 1111.0);GATE
Port:(470.0, 1121.0)(474.0, 1121.0)(474.0, 1172.0)(470.0, 1172.0);SD
Module:M5
Boundary:(336.0, 951.0)(465.5, 951.0)(465.5, 965.0)(481.0, 965.0)(481.0, 1071.0)(336.0, 1071.0);GATE
Port:(350.5, 1061.0)(466.5, 1061.0)(466.5, 1071.0)(350.5, 1071.0);SD
Port:(336.0, 951.0)(465.5, 951.0)(465.5, 965.0)(481.0, 965.0)(481.0, 1056.0)(336.0, 1056.0);GATE
Port:(346.0, 956.0)(451.0, 956.0)(451.0, 960.0)(346.0, 960.0);SD
Module:M11
Boundary:(20.0, 386.0)(147.0, 386.0)(147.0, 487.0)(20.0, 487.0);GATE
Port:(34.5, 477.0)(132.5, 477.0)(132.5, 487.0)(34.5, 487.0);SD
Port:(20.0, 386.0)(147.0, 386.0)(147.0, 472.0)(20.0, 472.0);GATE
Port:(30.0, 391.0)(137.0, 391.0)(137.0, 395.0)(30.0, 395.0);SD
Module:M1
Boundary:(20.0, 169.0)(167.5, 169.0)(167.5, 185.0)(183.0, 185.0)(183.0, 346.0)(20.0, 346.0);GATE
Port:(34.5, 336.0)(168.5, 336.0)(168.5, 346.0)(34.5, 346.0);SD
Port:(20.0, 169.0)(167.5, 169.0)(167.5, 185.0)(183.0, 185.0)(183.0, 331.0)(20.0, 331.0);GATE
Port:(30.0, 174.0)(153.0, 174.0)(153.0, 178.0)(30.0, 178.0);SD
Module:M19
Boundary:(20.0, 878.0)(113.5, 878.0)(113.5, 955.0)(165.0, 955.0)(165.0, 1018.0)(20.0, 1018.0);GATE
Port:(34.5, 1008.0)(150.5, 1008.0)(150.5, 1018.0)(34.5, 1018.0);SD
Port:(20.0, 878.0)(113.5, 878.0)(113.5, 955.0)(165.0, 955.0)(165.0, 1003.0)(20.0, 1003.0);GATE
Port:(30.0, 883.0)(99.0, 883.0)(99.0, 887.0)(30.0, 887.0);SD
Module:M6
Boundary:(336.0, 755.0)(447.5, 755.0)(447.5, 824.2)(481.0, 824.2)(481.0, 911.0)(336.0, 911.0);GATE
Port:(350.5, 901.0)(466.5, 901.0)(466.5, 911.0)(350.5, 911.0);SD
Port:(336.0, 755.0)(447.5, 755.0)(447.5, 824.2)(481.0, 824.2)(481.0, 896.0)(336.0, 896.0);GATE
Port:(346.0, 760.0)(433.0, 760.0)(433.0, 764.0)(346.0, 764.0);SD
Module:M2
Boundary:(20.0, 20.0)(167.5, 20.0)(167.5, 36.0)(183.0, 36.0)(183.0, 129.0)(20.0, 129.0);GATE
Port:(34.5, 119.0)(168.5, 119.0)(168.5, 129.0)(34.5, 129.0);SD
Port:(20.0, 20.0)(167.5, 20.0)(167.5, 36.0)(183.0, 36.0)(183.0, 114.0)(20.0, 114.0);GATE
Port:(30.0, 25.0)(153.0, 25.0)(153.0, 29.0)(30.0, 29.0);SD
Module:M16
Boundary:(285.0, 20.0)(285.0, 93.0)(223.0, 93.0)(223.0, 20.0);GATE
Port:(223.0, 34.5)(233.0, 34.5)(233.0, 78.5)(223.0, 78.5);SD
Port:(285.0, 20.0)(285.0, 93.0)(238.0, 93.0)(238.0, 20.0);GATE
Port:(276.0, 30.0)(280.0, 30.0)(280.0, 83.0)(276.0, 83.0);SD
Module:M13
Boundary:(20.0, 527.0)(113.5, 527.0)(113.5, 537.0)(129.0, 537.0)(129.0, 707.0)(20.0, 707.0);GATE
Port:(34.5, 697.0)(114.5, 697.0)(114.5, 707.0)(34.5, 707.0);SD
Port:(20.0, 527.0)(113.5, 527.0)(113.5, 537.0)(129.0, 537.0)(129.0, 692.0)(20.0, 692.0);GATE
Port:(30.0, 532.0)(99.0, 532.0)(99.0, 536.0)(30.0, 536.0);SD
Module:M10
Boundary:(477.0, 331.0)(477.0, 478.5)(461.0, 478.5)(461.0, 494.0)(324.0, 494.0)(324.0, 331.0);GATE
Port:(324.0, 345.5)(334.0, 345.5)(334.0, 479.5)(324.0, 479.5);SD
Port:(477.0, 331.0)(477.0, 478.5)(461.0, 478.5)(461.0, 494.0)(339.0, 494.0)(339.0, 331.0);GATE
Port:(468.0, 341.0)(472.0, 341.0)(472.0, 464.0)(468.0, 464.0);SD
Module:M7
Boundary:(481.0, 20.0)(481.0, 113.5)(391.1, 113.5)(391.1, 291.0)(325.0, 291.0)(325.0, 20.0);GATE
Port:(325.0, 34.5)(335.0, 34.5)(335.0, 276.5)(325.0, 276.5);SD
Port:(481.0, 20.0)(481.0, 113.5)(391.1, 113.5)(391.1, 291.0)(340.0, 291.0)(340.0, 20.0);GATE
Port:(472.0, 30.0)(476.0, 30.0)(476.0, 99.0)(472.0, 99.0);SD
Module:M3
Boundary:(205.0, 878.0)(281.0, 878.0)(281.0, 886.0)(296.0, 886.0)(296.0, 1038.0)(205.0, 1038.0);GATE
Port:(219.5, 1028.0)(281.5, 1028.0)(281.5, 1038.0)(219.5, 1038.0);SD
Port:(205.0, 878.0)(281.0, 878.0)(281.0, 886.0)(296.0, 886.0)(296.0, 1023.0)(205.0, 1023.0);GATE
Port:(215.0, 883.0)(266.0, 883.0)(266.0, 887.0)(215.0, 887.0);SD
Module:M18
Boundary:(20.0, 1058.0)(149.5, 1058.0)(149.5, 1072.0)(165.0, 1072.0)(165.0, 1210.0)(20.0, 1210.0);GATE
Port:(34.5, 1200.0)(150.5, 1200.0)(150.5, 1210.0)(34.5, 1210.0);SD
Port:(20.0, 1058.0)(149.5, 1058.0)(149.5, 1072.0)(165.0, 1072.0)(165.0, 1195.0)(20.0, 1195.0);GATE
Port:(30.0, 1063.0)(135.0, 1063.0)(135.0, 1067.0)(30.0, 1067.0);SD
Module:M20
Boundary:(205.0, 1078.0)(278.0, 1078.0)(278.0, 1206.0)(205.0, 1206.0);GATE
Port:(219.5, 1196.0)(263.5, 1196.0)(263.5, 1206.0)(219.5, 1206.0);SD
Port:(205.0, 1078.0)(278.0, 1078.0)(278.0, 1191.0)(205.0, 1191.0);GATE
Port:(215.0, 1083.0)(268.0, 1083.0)(268.0, 1087.0)(215.0, 1087.0);SD
Module:M15
Boundary:(282.0, 386.0)(282.0, 479.5)(272.0, 479.5)(272.0, 495.0)(187.0, 495.0)(187.0, 386.0);GATE
Port:(187.0, 400.5)(197.0, 400.5)(197.0, 480.5)(187.0, 480.5);SD
Port:(282.0, 386.0)(282.0, 479.5)(272.0, 479.5)(272.0, 495.0)(202.0, 495.0)(202.0, 386.0);GATE
Port:(273.0, 396.0)(277.0, 396.0)(277.0, 465.0)(273.0, 465.0);SD
Module:M12
Boundary:(296.0, 747.0)(296.0, 823.0)(288.0, 823.0)(288.0, 838.0)(198.0, 838.0)(198.0, 747.0);GATE
Port:(198.0, 761.5)(208.0, 761.5)(208.0, 823.5)(198.0, 823.5);SD
Port:(296.0, 747.0)(296.0, 823.0)(288.0, 823.0)(288.0, 838.0)(213.0, 838.0)(213.0, 747.0);GATE
Port:(287.0, 757.0)(291.0, 757.0)(291.0, 808.0)(287.0, 808.0);SD
Module:M8
Boundary:(158.0, 747.0)(158.0, 823.0)(150.0, 823.0)(150.0, 838.0)(20.0, 838.0)(20.0, 747.0);GATE
Port:(20.0, 761.5)(30.0, 761.5)(30.0, 823.5)(20.0, 823.5);SD
Port:(158.0, 747.0)(158.0, 823.0)(150.0, 823.0)(150.0, 838.0)(35.0, 838.0)(35.0, 747.0);GATE
Port:(149.0, 757.0)(153.0, 757.0)(153.0, 808.0)(149.0, 808.0);SD
Module:M4
Boundary:(169.0, 535.0)(316.5, 535.0)(316.5, 551.0)(332.0, 551.0)(332.0, 707.0)(169.0, 707.0);GATE
Port:(183.5, 697.0)(317.5, 697.0)(317.5, 707.0)(183.5, 707.0);SD
Port:(169.0, 535.0)(316.5, 535.0)(316.5, 551.0)(332.0, 551.0)(332.0, 692.0)(169.0, 692.0);GATE
Port:(179.0, 540.0)(302.0, 540.0)(302.0, 544.0)(179.0, 544.0);SD
Module:M17
Boundary:(372.0, 534.0)(465.5, 534.0)(465.5, 544.0)(481.0, 544.0)(481.0, 715.0)(372.0, 715.0);GATE
Port:(386.5, 705.0)(466.5, 705.0)(466.5, 715.0)(386.5, 715.0);SD
Port:(372.0, 534.0)(465.5, 534.0)(465.5, 544.0)(481.0, 544.0)(481.0, 700.0)(372.0, 700.0);GATE
Port:(382.0, 539.0)(451.0, 539.0)(451.0, 543.0)(382.0, 543.0);SD
