Area:(-20.0, -20.0)(530.1, -20.0)(530.1, 548.0)(-20.0, 548.0)
Rule:GATE(5,5);SD(5,5);GATE_SD(0.5);GATE_ITO(0.5);SD_ITO(0.5)
Module:M9
Boundary:(490.1, 365.2)(490.1, 476.4)(288.8, 476.4)(288.8, 365.2);GATE
Port:(288.8, 380.9)(294.3, 380.9)(294.3, 460.7)(288.8, 460.7);SD
Port:(490.1, 365.2)(490.1, 476.4)(297.0, 476.4)(297.0, 365.2);GATE
Port:(477.0, 371.8)(484.5, 371.8)(484.5, 469.8)(477.0, 469.8);SD
Module:M5
Boundary:(249.7, 30.0)(249.7, 114.1)(159.4, 114.1)(159.4, 30.0);GATE
Port:(159.4, 41.2)(164.3, 41.2)(164.3, 102.9)(159.4, 102.9);SD
Port:(249.7, 30.0)(249.7, 114.1)(166.6, 114.1)(166.6, 30.0);GATE
Port:(240.6, 36.0)(244.7, 36.0)(244.7, 108.1)(240.6, 108.1);SD
Module:M1
Boundary:(206.0, 283.3)(206.0, 351.2)(206.0, 351.2)(206.0, 367.8)(20.0, 367.8)(20.0, 283.3);GATE
Port:(20.0, 297.0)(25.6, 297.0)(25.6, 354.1)(20.0, 354.1);SD
Port:(206.0, 283.3)(206.0, 351.2)(206.0, 351.2)(206.0, 367.8)(26.7, 367.8)(26.7, 283.3);GATE
Port:(194.5, 288.5)(201.8, 288.5)(201.8, 346.0)(194.5, 346.0);SD
Module:M6
Boundary:(248.8, 407.8)(248.8, 492.3)(188.2, 492.3)(188.2, 508.0)(20.0, 508.0)(20.0, 407.8);GATE
Port:(20.0, 421.1)(25.8, 421.1)(25.8, 494.7)(20.0, 494.7);SD
Port:(248.8, 407.8)(248.8, 492.3)(188.2, 492.3)(188.2, 508.0)(27.6, 508.0)(27.6, 407.8);GATE
Port:(238.1, 413.3)(244.3, 413.3)(244.3, 485.8)(238.1, 485.8);SD
Module:M2
Boundary:(483.5, 216.1)(483.5, 304.5)(454.3, 304.5)(454.3, 321.0)(409.9, 321.0)(409.9, 216.1);GATE
Port:(409.9, 230.3)(414.9, 230.3)(414.9, 306.8)(409.9, 306.8);SD
Port:(483.5, 216.1)(483.5, 304.5)(454.3, 304.5)(454.3, 321.0)(417.8, 321.0)(417.8, 216.1);GATE
Port:(472.8, 221.8)(478.8, 221.8)(478.8, 297.8)(472.8, 297.8);SD
Module:M10
Boundary:(200.9, 174.1)(200.9, 221.2)(156.7, 221.2)(156.7, 233.3)(30.0, 233.3)(30.0, 174.1);GATE
Port:(30.0, 187.3)(34.4, 187.3)(34.4, 220.1)(30.0, 220.1);SD
Port:(200.9, 174.1)(200.9, 221.2)(156.7, 221.2)(156.7, 233.3)(36.8, 233.3)(36.8, 174.1);GATE
Port:(189.4, 180.8)(195.2, 180.8)(195.2, 213.5)(189.4, 213.5);SD
Module:M7
Boundary:(299.7, 20.0)(383.1, 20.0)(383.1, 129.2)(299.7, 129.2);GATE
Port:(313.4, 123.5)(369.4, 123.5)(369.4, 129.2)(313.4, 129.2);SD
Port:(299.7, 20.0)(383.1, 20.0)(383.1, 121.8)(299.7, 121.8);GATE
Port:(306.1, 25.4)(376.7, 25.4)(376.7, 30.9)(306.1, 30.9);SD
Module:M3
Boundary:(423.1, 20.0)(473.2, 20.0)(473.2, 20.2)(487.8, 20.2)(487.8, 176.1)(423.1, 176.1);GATE
Port:(437.8, 170.1)(473.1, 170.1)(473.1, 176.1)(437.8, 176.1);SD
Port:(423.1, 20.0)(473.2, 20.0)(473.2, 20.2)(487.8, 20.2)(487.8, 167.2)(423.1, 167.2);GATE
Port:(429.7, 25.6)(466.6, 25.6)(466.6, 32.8)(429.7, 32.8);SD
Module:M8
Boundary:(250.9, 169.2)(354.4, 169.2)(354.4, 209.3)(369.9, 209.3)(369.9, 325.2)(250.9, 325.2);GATE
Port:(265.2, 320.7)(355.6, 320.7)(355.6, 325.2)(265.2, 325.2);SD
Port:(250.9, 169.2)(354.4, 169.2)(354.4, 209.3)(369.9, 209.3)(369.9, 319.7)(250.9, 319.7);GATE
Port:(256.9, 174.2)(347.4, 174.2)(347.4, 181.4)(256.9, 181.4);SD
Module:M4
Boundary:(20.0, 20.0)(93.0, 20.0)(93.0, 43.7)(109.4, 43.7)(109.4, 123.6)(20.0, 123.6);GATE
Port:(35.0, 118.4)(94.4, 118.4)(94.4, 123.6)(35.0, 123.6);SD
Port:(20.0, 20.0)(93.0, 20.0)(93.0, 43.7)(109.4, 43.7)(109.4, 116.0)(20.0, 116.0);GATE
Port:(26.2, 25.2)(85.8, 25.2)(85.8, 32.2)(26.2, 32.2);SD
