Area:(-20.0, -20.0)(1367.0, -20.0)(1367.0, 453.0)(-20.0, 453.0)
Rule:GATE(5,5);SD(5,5);GATE_SD(0.5);GATE_ITO(0.5);SD_ITO(0.5)
Module:M14
Boundary:(588.0, 20.0)(588.0, 131.5)(576.0, 131.5)(576.0, 147.0)(493.0, 147.0)(493.0, 20.0);GATE
Port:(493.0, 34.5)(503.0, 34.5)(503.0, 132.5)(493.0, 132.5);SD
Port:(588.0, 20.0)(588.0, 131.5)(576.0, 131.5)(576.0, 147.0)(508.0, 147.0)(508.0, 20.0);GATE
Port:(579.0, 30.0)(583.0, 30.0)(583.0, 117.0)(579.0, 117.0);SD
Module:M9
Boundary:(407.0, 187.0)(536.5, 187.0)(536.5, 201.0)(552.0, 201.0)(552.0, 286.0)(407.0, 286.0);GATE
Port:(421.5, 276.0)(537.5, 276.0)(537.5, 286.0)(421.5, 286.0);SD
Port:(407.0, 187.0)(536.5, 187.0)(536.5, 201.0)(552.0, 201.0)(552.0, 271.0)(407.0, 271.0);GATE
Port:(417.0, 192.0)(522.0, 192.0)(522.0, 196.0)(417.0, 196.0);SD
Module:M5
Boundary:(921.0, 232.0)(921.0, 305.0)(759.0, 305.0)(759.0, 232.0);GATE
Port:(759.0, 246.5)(769.0, 246.5)(769.0, 290.5)(759.0, 290.5);SD
Port:(921.0, 232.0)(921.0, 305.0)(774.0, 305.0)(774.0, 232.0);GATE
Port:(912.0, 242.0)(916.0, 242.0)(916.0, 295.0)(912.0, 295.0);SD
Module:M11
Boundary:(718.0, 187.0)(718.0, 316.5)(661.7, 316.5)(661.7, 404.0)(600.0, 404.0)(600.0, 187.0);GATE
Port:(600.0, 201.5)(610.0, 201.5)(610.0, 389.5)(600.0, 389.5);SD
Port:(718.0, 187.0)(718.0, 316.5)(661.7, 316.5)(661.7, 404.0)(615.0, 404.0)(615.0, 187.0);GATE
Port:(709.0, 197.0)(713.0, 197.0)(713.0, 302.0)(709.0, 302.0);SD
Module:M1
Boundary:(397.0, 326.0)(544.5, 326.0)(544.5, 342.0)(560.0, 342.0)(560.0, 400.0)(397.0, 400.0);GATE
Port:(411.5, 390.0)(545.5, 390.0)(545.5, 400.0)(411.5, 400.0);SD
Port:(397.0, 326.0)(544.5, 326.0)(544.5, 342.0)(560.0, 342.0)(560.0, 385.0)(397.0, 385.0);GATE
Port:(407.0, 331.0)(530.0, 331.0)(530.0, 335.0)(407.0, 335.0);SD
Module:M19
Boundary:(977.0, 20.0)(1052.5, 20.0)(1052.5, 70.8)(1104.0, 70.8)(1104.0, 192.0)(977.0, 192.0);GATE
Port:(991.5, 182.0)(1089.5, 182.0)(1089.5, 192.0)(991.5, 192.0);SD
Port:(977.0, 20.0)(1052.5, 20.0)(1052.5, 70.8)(1104.0, 70.8)(1104.0, 177.0)(977.0, 177.0);GATE
Port:(987.0, 25.0)(1038.0, 25.0)(1038.0, 29.0)(987.0, 29.0);SD
Module:M6
Boundary:(132.0, 20.0)(132.0, 149.5)(118.0, 149.5)(118.0, 165.0)(20.0, 165.0)(20.0, 20.0);GATE
Port:(20.0, 34.5)(30.0, 34.5)(30.0, 150.5)(20.0, 150.5);SD
Port:(132.0, 20.0)(132.0, 149.5)(118.0, 149.5)(118.0, 165.0)(35.0, 165.0)(35.0, 20.0);GATE
Port:(123.0, 30.0)(127.0, 30.0)(127.0, 135.0)(123.0, 135.0);SD
Module:M2
Boundary:(304.0, 20.0)(304.0, 149.5)(290.0, 149.5)(290.0, 165.0)(172.0, 165.0)(172.0, 20.0);GATE
Port:(172.0, 34.5)(182.0, 34.5)(182.0, 150.5)(172.0, 150.5);SD
Port:(304.0, 20.0)(304.0, 149.5)(290.0, 149.5)(290.0, 165.0)(187.0, 165.0)(187.0, 20.0);GATE
Port:(295.0, 30.0)(299.0, 30.0)(299.0, 135.0)(295.0, 135.0);SD
Module:M16
Boundary:(1180.0, 205.0)(1309.5, 205.0)(1309.5, 219.0)(1325.0, 219.0)(1325.0, 397.0)(1180.0, 397.0);GATE
Port:(1194.5, 387.0)(1310.5, 387.0)(1310.5, 397.0)(1194.5, 397.0);SD
Port:(1180.0, 205.0)(1309.5, 205.0)(1309.5, 219.0)(1325.0, 219.0)(1325.0, 382.0)(1180.0, 382.0);GATE
Port:(1190.0, 210.0)(1295.0, 210.0)(1295.0, 214.0)(1190.0, 214.0);SD
Module:M13
Boundary:(824.0, 20.0)(824.0, 167.5)(808.0, 167.5)(808.0, 183.0)(759.0, 183.0)(759.0, 20.0);GATE
Port:(759.0, 34.5)(769.0, 34.5)(769.0, 168.5)(759.0, 168.5);SD
Port:(824.0, 20.0)(824.0, 167.5)(808.0, 167.5)(808.0, 183.0)(774.0, 183.0)(774.0, 20.0);GATE
Port:(815.0, 30.0)(819.0, 30.0)(819.0, 153.0)(815.0, 153.0);SD
Module:M10
Boundary:(961.0, 232.0)(1034.0, 232.0)(1034.0, 368.0)(961.0, 368.0);GATE
Port:(975.5, 358.0)(1019.5, 358.0)(1019.5, 368.0)(975.5, 368.0);SD
Port:(961.0, 232.0)(1034.0, 232.0)(1034.0, 353.0)(961.0, 353.0);GATE
Port:(971.0, 237.0)(1024.0, 237.0)(1024.0, 241.0)(971.0, 241.0);SD
Module:M7
Boundary:(357.0, 318.0)(357.0, 394.0)(349.0, 394.0)(349.0, 409.0)(187.0, 409.0)(187.0, 318.0);GATE
Port:(187.0, 332.5)(197.0, 332.5)(197.0, 394.5)(187.0, 394.5);SD
Port:(357.0, 318.0)(357.0, 394.0)(349.0, 394.0)(349.0, 409.0)(202.0, 409.0)(202.0, 318.0);GATE
Port:(348.0, 328.0)(352.0, 328.0)(352.0, 379.0)(348.0, 379.0);SD
Module:M3
Boundary:(1140.0, 232.0)(1140.0, 379.5)(1112.0, 379.5)(1112.0, 413.0)(1074.0, 413.0)(1074.0, 232.0);GATE
Port:(1074.0, 246.5)(1084.0, 246.5)(1084.0, 398.5)(1074.0, 398.5);SD
Port:(1140.0, 232.0)(1140.0, 379.5)(1112.0, 379.5)(1112.0, 413.0)(1089.0, 413.0)(1089.0, 232.0);GATE
Port:(1131.0, 242.0)(1135.0, 242.0)(1135.0, 365.0)(1131.0, 365.0);SD
Module:M18
Boundary:(367.0, 205.0)(367.0, 278.0)(187.0, 278.0)(187.0, 205.0);GATE
Port:(187.0, 219.5)(197.0, 219.5)(197.0, 263.5)(187.0, 263.5);SD
Port:(367.0, 205.0)(367.0, 278.0)(202.0, 278.0)(202.0, 205.0);GATE
Port:(358.0, 215.0)(362.0, 215.0)(362.0, 268.0)(358.0, 268.0);SD
Module:M20
Boundary:(20.0, 205.0)(131.5, 205.0)(131.5, 217.0)(147.0, 217.0)(147.0, 392.0)(20.0, 392.0);GATE
Port:(34.5, 382.0)(132.5, 382.0)(132.5, 392.0)(34.5, 392.0);SD
Port:(20.0, 205.0)(131.5, 205.0)(131.5, 217.0)(147.0, 217.0)(147.0, 377.0)(20.0, 377.0);GATE
Port:(30.0, 210.0)(117.0, 210.0)(117.0, 214.0)(30.0, 214.0);SD
Module:M15
Boundary:(628.0, 20.0)(704.0, 20.0)(704.0, 28.0)(719.0, 28.0)(719.0, 144.0)(628.0, 144.0);GATE
Port:(642.5, 134.0)(704.5, 134.0)(704.5, 144.0)(642.5, 144.0);SD
Port:(628.0, 20.0)(704.0, 20.0)(704.0, 28.0)(719.0, 28.0)(719.0, 129.0)(628.0, 129.0);GATE
Port:(638.0, 25.0)(689.0, 25.0)(689.0, 29.0)(638.0, 29.0);SD
Module:M12
Boundary:(759.0, 345.0)(852.5, 345.0)(852.5, 362.0)(868.0, 362.0)(868.0, 413.0)(759.0, 413.0);GATE
Port:(773.5, 403.0)(853.5, 403.0)(853.5, 413.0)(773.5, 413.0);SD
Port:(759.0, 345.0)(852.5, 345.0)(852.5, 362.0)(868.0, 362.0)(868.0, 398.0)(759.0, 398.0);GATE
Port:(769.0, 350.0)(838.0, 350.0)(838.0, 354.0)(769.0, 354.0);SD
Module:M8
Boundary:(1327.0, 20.0)(1327.0, 149.5)(1313.0, 149.5)(1313.0, 165.0)(1144.0, 165.0)(1144.0, 20.0);GATE
Port:(1144.0, 34.5)(1154.0, 34.5)(1154.0, 150.5)(1144.0, 150.5);SD
Port:(1327.0, 20.0)(1327.0, 149.5)(1313.0, 149.5)(1313.0, 165.0)(1159.0, 165.0)(1159.0, 20.0);GATE
Port:(1318.0, 30.0)(1322.0, 30.0)(1322.0, 135.0)(1318.0, 135.0);SD
Module:M4
Boundary:(864.0, 20.0)(937.0, 20.0)(937.0, 192.0)(864.0, 192.0);GATE
Port:(878.5, 182.0)(922.5, 182.0)(922.5, 192.0)(878.5, 192.0);SD
Port:(864.0, 20.0)(937.0, 20.0)(937.0, 177.0)(864.0, 177.0);GATE
Port:(874.0, 25.0)(927.0, 25.0)(927.0, 29.0)(874.0, 29.0);SD
Module:M17
Boundary:(344.0, 20.0)(437.5, 20.0)(437.5, 30.0)(453.0, 30.0)(453.0, 136.0)(344.0, 136.0);GATE
Port:(358.5, 126.0)(438.5, 126.0)(438.5, 136.0)(358.5, 136.0);SD
Port:(344.0, 20.0)(437.5, 20.0)(437.5, 30.0)(453.0, 30.0)(453.0, 121.0)(344.0, 121.0);GATE
Port:(354.0, 25.0)(423.0, 25.0)(423.0, 29.0)(354.0, 29.0);SD
