Area:(-15.3, 1.4)(593.0, 1.4)(593.0, 1192.0)(-15.3, 1192.0)
Rule:GATE(5,5);SD(5,5);GATE_SD(0.5);GATE_ITO(0.5);SD_ITO(0.5)
Module:M11
Boundary:(391.4, 84.5)(391.4, 178.0)(281.1, 178.0)(281.1, 229.5)(201.4, 229.5)(201.4, 84.5);GATE
Port:(201.4, 99.0)(211.4, 99.0)(211.4, 215.0)(201.4, 215.0);SD
Port:(391.4, 84.5)(391.4, 178.0)(281.1, 178.0)(281.1, 229.5)(216.4, 229.5)(216.4, 84.5);GATE
Port:(382.4, 94.5)(386.4, 94.5)(386.4, 163.5)(382.4, 163.5);SD
Module:M22
Boundary:(505.8, 41.4)(429.7, 41.4)(429.7, 49.4)(414.8, 49.4)(414.8, 186.4)(505.8, 186.4);GATE
Port:(429.3, 176.4)(491.3, 176.4)(491.3, 186.4)(429.3, 186.4);SD
Port:(505.8, 41.4)(429.7, 41.4)(429.7, 49.4)(414.8, 49.4)(414.8, 171.4)(505.8, 171.4);GATE
Port:(444.8, 46.4)(495.8, 46.4)(495.8, 50.4)(444.8, 50.4);SD
Module:M4
Boundary:(40.3, 50.5)(169.8, 50.5)(169.8, 64.5)(185.3, 64.5)(185.3, 244.5)(40.3, 244.5);GATE
Port:(54.8, 234.5)(170.8, 234.5)(170.8, 244.5)(54.8, 244.5);SD
Port:(40.3, 50.5)(169.8, 50.5)(169.8, 64.5)(185.3, 64.5)(185.3, 229.5)(40.3, 229.5);GATE
Port:(50.3, 55.5)(155.3, 55.5)(155.3, 59.5)(50.3, 59.5);SD
Module:M2
Boundary:(276.3, 236.2)(352.3, 236.2)(352.3, 244.2)(367.3, 244.2)(367.3, 309.2)(276.3, 309.2);GATE
Port:(290.8, 299.2)(352.8, 299.2)(352.8, 309.2)(290.8, 309.2);SD
Port:(276.3, 236.2)(352.3, 236.2)(352.3, 244.2)(367.3, 244.2)(367.3, 294.2)(276.3, 294.2);GATE
Port:(286.3, 241.2)(337.3, 241.2)(337.3, 245.2)(286.3, 245.2);SD
Module:M14
Boundary:(522.6, 215.9)(393.1, 215.9)(393.1, 229.9)(377.6, 229.9)(377.6, 340.9)(522.6, 340.9);GATE
Port:(392.1, 330.9)(508.1, 330.9)(508.1, 340.9)(392.1, 340.9);SD
Port:(522.6, 215.9)(393.1, 215.9)(393.1, 229.9)(377.6, 229.9)(377.6, 325.9)(522.6, 325.9);GATE
Port:(407.6, 220.9)(512.6, 220.9)(512.6, 224.9)(407.6, 224.9);SD
Module:M9
Boundary:(104.9, 426.5)(31.9, 426.5)(31.9, 277.5)(104.9, 277.5);GATE
Port:(46.4, 277.5)(90.4, 277.5)(90.4, 287.5)(46.4, 287.5);SD
Port:(104.9, 426.5)(31.9, 426.5)(31.9, 292.5)(104.9, 292.5);GATE
Port:(41.9, 417.5)(94.9, 417.5)(94.9, 421.5)(41.9, 421.5);SD
Module:M3
Boundary:(342.1, 321.1)(269.1, 321.1)(269.1, 445.1)(342.1, 445.1);GATE
Port:(283.6, 435.1)(327.6, 435.1)(327.6, 445.1)(283.6, 445.1);SD
Port:(342.1, 321.1)(269.1, 321.1)(269.1, 430.1)(342.1, 430.1);GATE
Port:(279.1, 326.1)(332.1, 326.1)(332.1, 330.1)(279.1, 330.1);SD
Module:M17
Boundary:(139.6, 452.4)(215.6, 452.4)(215.6, 444.4)(230.6, 444.4)(230.6, 257.4)(139.6, 257.4);GATE
Port:(154.1, 257.4)(216.1, 257.4)(216.1, 267.4)(154.1, 267.4);SD
Port:(139.6, 452.4)(215.6, 452.4)(215.6, 444.4)(230.6, 444.4)(230.6, 272.4)(139.6, 272.4);GATE
Port:(149.6, 443.4)(200.6, 443.4)(200.6, 447.4)(149.6, 447.4);SD
Module:M6
Boundary:(375.7, 476.7)(375.7, 400.7)(383.7, 400.7)(383.7, 385.7)(544.7, 385.7)(544.7, 476.7);GATE
Port:(534.7, 400.2)(544.7, 400.2)(544.7, 462.2)(534.7, 462.2);SD
Port:(375.7, 476.7)(375.7, 400.7)(383.7, 400.7)(383.7, 385.7)(529.7, 385.7)(529.7, 476.7);GATE
Port:(380.7, 415.7)(384.7, 415.7)(384.7, 466.7)(380.7, 466.7);SD
Module:M7
Boundary:(131.2, 461.4)(131.2, 537.4)(123.2, 537.4)(123.2, 552.4)(70.2, 552.4)(70.2, 461.4);GATE
Port:(70.2, 475.9)(80.2, 475.9)(80.2, 537.9)(70.2, 537.9);SD
Port:(131.2, 461.4)(131.2, 537.4)(123.2, 537.4)(123.2, 552.4)(85.2, 552.4)(85.2, 461.4);GATE
Port:(122.2, 471.4)(126.2, 471.4)(126.2, 522.4)(122.2, 522.4);SD
Module:M19
Boundary:(261.3, 465.1)(167.8, 465.1)(167.8, 475.1)(152.3, 475.1)(152.3, 586.1)(261.3, 586.1);GATE
Port:(166.8, 576.1)(246.8, 576.1)(246.8, 586.1)(166.8, 586.1);SD
Port:(261.3, 465.1)(167.8, 465.1)(167.8, 475.1)(152.3, 475.1)(152.3, 571.1)(261.3, 571.1);GATE
Port:(182.3, 470.1)(251.3, 470.1)(251.3, 474.1)(182.3, 474.1);SD
Module:M21
Boundary:(284.4, 585.9)(284.4, 492.4)(298.4, 492.4)(298.4, 476.9)(434.4, 476.9)(434.4, 585.9);GATE
Port:(424.4, 491.4)(434.4, 491.4)(434.4, 571.4)(424.4, 571.4);SD
Port:(284.4, 585.9)(284.4, 492.4)(298.4, 492.4)(298.4, 476.9)(419.4, 476.9)(419.4, 585.9);GATE
Port:(289.4, 506.9)(293.4, 506.9)(293.4, 575.9)(289.4, 575.9);SD
Module:M18
Boundary:(455.0, 616.1)(528.0, 616.1)(528.0, 488.1)(455.0, 488.1);GATE
Port:(469.5, 488.1)(513.5, 488.1)(513.5, 498.1)(469.5, 498.1);SD
Port:(455.0, 616.1)(528.0, 616.1)(528.0, 503.1)(455.0, 503.1);GATE
Port:(465.0, 607.1)(518.0, 607.1)(518.0, 611.1)(465.0, 611.1);SD
Module:M10
Boundary:(428.2, 707.3)(298.7, 707.3)(298.7, 693.3)(283.2, 693.3)(283.2, 592.3)(428.2, 592.3);GATE
Port:(297.7, 592.3)(413.7, 592.3)(413.7, 602.3)(297.7, 602.3);SD
Port:(428.2, 707.3)(298.7, 707.3)(298.7, 693.3)(283.2, 693.3)(283.2, 607.3)(428.2, 607.3);GATE
Port:(313.2, 698.3)(418.2, 698.3)(418.2, 702.3)(313.2, 702.3);SD
Module:M20
Boundary:(97.7, 761.8)(24.7, 761.8)(24.7, 568.8)(97.7, 568.8);GATE
Port:(39.2, 568.8)(83.2, 568.8)(83.2, 578.8)(39.2, 578.8);SD
Port:(97.7, 761.8)(24.7, 761.8)(24.7, 583.8)(97.7, 583.8);GATE
Port:(34.7, 752.8)(87.7, 752.8)(87.7, 756.8)(34.7, 756.8);SD
Module:M16
Boundary:(282.8, 772.2)(206.8, 772.2)(206.8, 764.1)(191.8, 764.1)(191.8, 641.2)(282.8, 641.2);GATE
Port:(206.3, 641.2)(268.3, 641.2)(268.3, 651.2)(206.3, 651.2);SD
Port:(282.8, 772.2)(206.8, 772.2)(206.8, 764.1)(191.8, 764.1)(191.8, 656.2)(282.8, 656.2);GATE
Port:(221.8, 763.2)(272.8, 763.2)(272.8, 767.2)(221.8, 767.2);SD
Module:M15
Boundary:(503.8, 636.4)(430.8, 636.4)(430.8, 764.4)(503.8, 764.4);GATE
Port:(445.3, 754.4)(489.3, 754.4)(489.3, 764.4)(445.3, 764.4);SD
Port:(503.8, 636.4)(430.8, 636.4)(430.8, 749.4)(503.8, 749.4);GATE
Port:(440.8, 641.4)(493.8, 641.4)(493.8, 645.4)(440.8, 645.4);SD
Module:M23
Boundary:(137.2, 763.2)(64.2, 763.2)(64.2, 864.2)(137.2, 864.2);GATE
Port:(78.7, 854.2)(122.7, 854.2)(122.7, 864.2)(78.7, 864.2);SD
Port:(137.2, 763.2)(64.2, 763.2)(64.2, 849.2)(137.2, 849.2);GATE
Port:(74.2, 768.2)(127.2, 768.2)(127.2, 772.2)(74.2, 772.2);SD
Module:M1
Boundary:(260.3, 784.8)(260.3, 878.3)(270.3, 878.3)(270.3, 893.8)(415.3, 893.8)(415.3, 784.8);GATE
Port:(405.3, 799.3)(415.3, 799.3)(415.3, 879.3)(405.3, 879.3);SD
Port:(260.3, 784.8)(260.3, 878.3)(270.3, 878.3)(270.3, 893.8)(400.3, 893.8)(400.3, 784.8);GATE
Port:(265.3, 794.8)(269.3, 794.8)(269.3, 863.8)(265.3, 863.8);SD
Module:M8
Boundary:(434.8, 836.0)(510.8, 836.0)(510.8, 844.0)(525.8, 844.0)(525.8, 920.0)(434.8, 920.0);GATE
Port:(449.3, 910.0)(511.3, 910.0)(511.3, 920.0)(449.3, 920.0);SD
Port:(434.8, 836.0)(510.8, 836.0)(510.8, 844.0)(525.8, 844.0)(525.8, 905.0)(434.8, 905.0);GATE
Port:(444.8, 841.0)(495.8, 841.0)(495.8, 845.0)(444.8, 845.0);SD
Module:M25
Boundary:(252.2, 785.2)(252.2, 932.7)(236.2, 932.7)(236.2, 948.2)(157.2, 948.2)(157.2, 785.2);GATE
Port:(157.2, 799.7)(167.2, 799.7)(167.2, 933.7)(157.2, 933.7);SD
Port:(252.2, 785.2)(252.2, 932.7)(236.2, 932.7)(236.2, 948.2)(172.2, 948.2)(172.2, 785.2);GATE
Port:(243.2, 795.2)(247.2, 795.2)(247.2, 918.2)(243.2, 918.2);SD
Module:M5
Boundary:(553.0, 942.7)(553.0, 1090.2)(532.0, 1090.2)(532.0, 1105.7)(453.0, 1105.7)(453.0, 942.7);GATE
Port:(453.0, 957.2)(463.0, 957.2)(463.0, 1091.2)(453.0, 1091.2);SD
Port:(553.0, 942.7)(553.0, 1090.2)(532.0, 1090.2)(532.0, 1105.7)(468.0, 1105.7)(468.0, 942.7);GATE
Port:(544.0, 952.7)(548.0, 952.7)(548.0, 1075.7)(544.0, 1075.7);SD
Module:M13
Boundary:(148.6, 1065.5)(75.6, 1065.5)(75.6, 868.5)(148.6, 868.5);GATE
Port:(90.1, 868.5)(134.1, 868.5)(134.1, 878.5)(90.1, 878.5);SD
Port:(148.6, 1065.5)(75.6, 1065.5)(75.6, 883.5)(148.6, 883.5);GATE
Port:(85.6, 1056.5)(138.6, 1056.5)(138.6, 1060.5)(85.6, 1060.5);SD
Module:M12
Boundary:(246.6, 1103.4)(246.6, 991.9)(234.6, 991.9)(234.6, 976.4)(165.6, 976.4)(165.6, 1103.4);GATE
Port:(165.6, 990.9)(175.6, 990.9)(175.6, 1088.9)(165.6, 1088.9);SD
Port:(246.6, 1103.4)(246.6, 991.9)(234.6, 991.9)(234.6, 976.4)(180.6, 976.4)(180.6, 1103.4);GATE
Port:(237.6, 1006.4)(241.6, 1006.4)(241.6, 1093.4)(237.6, 1093.4);SD
Module:M24
Boundary:(415.8, 954.0)(286.3, 954.0)(286.3, 968.0)(270.8, 968.0)(270.8, 1152.0)(415.8, 1152.0);GATE
Port:(285.3, 1142.0)(401.3, 1142.0)(401.3, 1152.0)(285.3, 1152.0);SD
Port:(415.8, 954.0)(286.3, 954.0)(286.3, 968.0)(270.8, 968.0)(270.8, 1137.0)(415.8, 1137.0);GATE
Port:(300.8, 959.0)(405.8, 959.0)(405.8, 963.0)(300.8, 963.0);SD
