Area:(-20.0, -20.0)(639.5, -20.0)(639.5, 452.6)(-20.0, 452.6)
Rule:GATE(5,5);SD(5,5);GATE_SD(0.5);GATE_ITO(0.5);SD_ITO(0.5)
Module:M9
Boundary:(519.8, 20.0)(599.5, 20.0)(599.5, 195.4)(519.8, 195.4);GATE
Port:(533.3, 191.0)(586.0, 191.0)(586.0, 195.4)(533.3, 195.4);SD
Port:(519.8, 20.0)(599.5, 20.0)(599.5, 188.8)(519.8, 188.8);GATE
Port:(525.5, 24.7)(593.8, 24.7)(593.8, 31.0)(525.5, 31.0);SD
Module:M5
Boundary:(278.3, 30.0)(346.2, 30.0)(346.2, 126.0)(278.3, 126.0);GATE
Port:(292.9, 121.0)(331.6, 121.0)(331.6, 126.0)(292.9, 126.0);SD
Port:(278.3, 30.0)(346.2, 30.0)(346.2, 118.4)(278.3, 118.4);GATE
Port:(285.1, 35.8)(339.4, 35.8)(339.4, 42.1)(285.1, 42.1);SD
Module:M1
Boundary:(495.6, 235.4)(591.9, 235.4)(591.9, 369.4)(495.6, 369.4);GATE
Port:(508.7, 365.2)(578.8, 365.2)(578.8, 369.4)(508.7, 369.4);SD
Port:(495.6, 235.4)(591.9, 235.4)(591.9, 362.9)(495.6, 362.9);GATE
Port:(501.0, 239.8)(586.5, 239.8)(586.5, 245.8)(501.0, 245.8);SD
Module:M6
Boundary:(110.5, 190.0)(199.5, 190.0)(199.5, 237.7)(212.9, 237.7)(212.9, 282.7)(110.5, 282.7);GATE
Port:(122.1, 277.0)(201.3, 277.0)(201.3, 282.7)(122.1, 282.7);SD
Port:(110.5, 190.0)(199.5, 190.0)(199.5, 237.7)(212.9, 237.7)(212.9, 274.8)(110.5, 274.8);GATE
Port:(116.6, 195.1)(192.4, 195.1)(192.4, 199.6)(116.6, 199.6);SD
Module:M2
Boundary:(219.5, 322.7)(219.5, 393.8)(150.9, 393.8)(150.9, 409.8)(20.0, 409.8)(20.0, 322.7);GATE
Port:(20.0, 337.1)(25.3, 337.1)(25.3, 395.4)(20.0, 395.4);SD
Port:(219.5, 322.7)(219.5, 393.8)(150.9, 393.8)(150.9, 409.8)(27.7, 409.8)(27.7, 322.7);GATE
Port:(208.4, 329.5)(213.7, 329.5)(213.7, 386.0)(208.4, 386.0);SD
Module:M10
Boundary:(218.3, 30.0)(218.3, 125.5)(211.4, 125.5)(211.4, 140.0)(120.5, 140.0)(120.5, 30.0);GATE
Port:(120.5, 43.1)(124.5, 43.1)(124.5, 126.9)(120.5, 126.9);SD
Port:(218.3, 30.0)(218.3, 125.5)(211.4, 125.5)(211.4, 140.0)(127.4, 140.0)(127.4, 30.0);GATE
Port:(207.8, 35.6)(213.7, 35.6)(213.7, 118.9)(207.8, 118.9);SD
Module:M7
Boundary:(20.0, 20.0)(70.5, 20.0)(70.5, 228.7)(20.0, 228.7);GATE
Port:(32.9, 224.5)(57.6, 224.5)(57.6, 228.7)(32.9, 228.7);SD
Port:(20.0, 20.0)(70.5, 20.0)(70.5, 221.6)(20.0, 221.6);GATE
Port:(25.3, 24.3)(65.2, 24.3)(65.2, 30.0)(25.3, 30.0);SD
Module:M3
Boundary:(443.1, 225.6)(443.1, 303.2)(268.3, 303.2)(268.3, 225.6);GATE
Port:(268.3, 238.2)(272.4, 238.2)(272.4, 290.6)(268.3, 290.6);SD
Port:(443.1, 225.6)(443.1, 303.2)(274.4, 303.2)(274.4, 225.6);GATE
Port:(432.5, 231.8)(437.9, 231.8)(437.9, 297.0)(432.5, 297.0);SD
Module:M8
Boundary:(396.2, 20.0)(465.6, 20.0)(465.6, 76.6)(479.8, 76.6)(479.8, 185.6)(396.2, 185.6);GATE
Port:(410.7, 181.0)(465.3, 181.0)(465.3, 185.6)(410.7, 185.6);SD
Port:(396.2, 20.0)(465.6, 20.0)(465.6, 76.6)(479.8, 76.6)(479.8, 178.8)(396.2, 178.8);GATE
Port:(402.5, 25.3)(457.3, 25.3)(457.3, 31.7)(402.5, 31.7);SD
Module:M4
Boundary:(455.6, 343.2)(455.6, 396.6)(407.0, 396.6)(407.0, 412.6)(268.3, 412.6)(268.3, 343.2);GATE
Port:(268.3, 357.4)(273.2, 357.4)(273.2, 398.4)(268.3, 398.4);SD
Port:(455.6, 343.2)(455.6, 396.6)(407.0, 396.6)(407.0, 412.6)(275.2, 412.6)(275.2, 343.2);GATE
Port:(444.8, 350.1)(449.7, 350.1)(449.7, 388.7)(444.8, 388.7);SD
