Area:(-19.4, -20.0)(287.8, -20.0)(287.8, 404.9)(-19.4, 404.9)
Rule:GATE(5,5);SD(5,5);GATE_SD(0.5);GATE_ITO(0.5);SD_ITO(0.5)
Module:M5
Boundary:(145.0, 117.4)(28.7, 117.4)(28.7, 20.1)(145.0, 20.1);GATE
Port:(40.5, 20.1)(133.2, 20.1)(133.2, 25.9)(40.5, 25.9);SD
Port:(145.0, 117.4)(28.7, 117.4)(28.7, 28.1)(145.0, 28.1);GATE
Port:(34.0, 108.5)(139.7, 108.5)(139.7, 113.1)(34.0, 113.1);SD
Module:M2
Boundary:(247.8, 20.0)(172.2, 20.0)(172.2, 91.2)(155.6, 91.2)(155.6, 189.2)(247.8, 189.2);GATE
Port:(171.7, 183.9)(231.7, 183.9)(231.7, 189.2)(171.7, 189.2);SD
Port:(247.8, 20.0)(172.2, 20.0)(172.2, 91.2)(155.6, 91.2)(155.6, 181.9)(247.8, 181.9);GATE
Port:(180.1, 25.9)(240.9, 25.9)(240.9, 33.0)(180.1, 33.0);SD
Module:M3
Boundary:(22.5, 130.6)(115.8, 130.6)(115.8, 131.1)(134.4, 131.1)(134.4, 218.0)(22.5, 218.0);GATE
Port:(37.5, 213.5)(119.4, 213.5)(119.4, 218.0)(37.5, 218.0);SD
Port:(22.5, 130.6)(115.8, 130.6)(115.8, 131.1)(134.4, 131.1)(134.4, 210.5)(22.5, 210.5);GATE
Port:(29.3, 136.4)(109.0, 136.4)(109.0, 142.3)(29.3, 142.3);SD
Module:M4
Boundary:(152.5, 211.6)(221.3, 211.6)(221.3, 250.6)(237.2, 250.6)(237.2, 364.9)(152.5, 364.9);GATE
Port:(165.9, 359.4)(223.8, 359.4)(223.8, 364.9)(165.9, 364.9);SD
Port:(152.5, 211.6)(221.3, 211.6)(221.3, 250.6)(237.2, 250.6)(237.2, 357.7)(152.5, 357.7);GATE
Port:(157.9, 216.0)(214.9, 216.0)(214.9, 221.8)(157.9, 221.8);SD
Module:M1
Boundary:(146.6, 349.3)(146.6, 248.4)(146.1, 248.4)(146.1, 231.4)(20.6, 231.4)(20.6, 349.3);GATE
Port:(20.6, 244.1)(26.3, 244.1)(26.3, 336.6)(20.6, 336.6);SD
Port:(146.6, 349.3)(146.6, 248.4)(146.1, 248.4)(146.1, 231.4)(27.4, 231.4)(27.4, 349.3);GATE
Port:(137.1, 254.3)(141.7, 254.3)(141.7, 343.4)(137.1, 343.4);SD
