Area:(4.3, -13.3)(411.5, -13.3)(411.5, 391.8)(4.3, 391.8)
Rule:GATE(5,5);SD(5,5);GATE_SD(0.5);GATE_ITO(0.5);SD_ITO(0.5)
Module:M5
Boundary:(223.1, 26.7)(186.5, 26.7)(186.5, 26.7)(170.1, 26.7)(170.1, 116.4)(223.1, 116.4);GATE
Port:(184.5, 112.1)(208.7, 112.1)(208.7, 116.4)(184.5, 116.4);SD
Port:(223.1, 26.7)(186.5, 26.7)(186.5, 26.7)(170.1, 26.7)(170.1, 109.7)(223.1, 109.7);GATE
Port:(193.2, 32.4)(216.4, 32.4)(216.4, 38.7)(193.2, 38.7);SD
Module:M4
Boundary:(44.3, 41.2)(137.1, 41.2)(137.1, 104.2)(151.0, 104.2)(151.0, 170.4)(44.3, 170.4);GATE
Port:(56.5, 166.2)(138.8, 166.2)(138.8, 170.4)(56.5, 170.4);SD
Port:(44.3, 41.2)(137.1, 41.2)(137.1, 104.2)(151.0, 104.2)(151.0, 163.3)(44.3, 163.3);GATE
Port:(50.1, 46.0)(130.3, 46.0)(130.3, 51.5)(50.1, 51.5);SD
Module:M1
Boundary:(339.1, 212.0)(248.1, 212.0)(248.1, 211.7)(233.9, 211.7)(233.9, 34.1)(339.1, 34.1);GATE
Port:(247.8, 34.1)(325.2, 34.1)(325.2, 38.3)(247.8, 38.3);SD
Port:(339.1, 212.0)(248.1, 212.0)(248.1, 211.7)(233.9, 211.7)(233.9, 39.4)(339.1, 39.4);GATE
Port:(254.6, 200.1)(332.6, 200.1)(332.6, 206.5)(254.6, 206.5);SD
Module:M2
Boundary:(371.5, 221.7)(371.5, 317.3)(230.8, 317.3)(230.8, 334.8)(143.9, 334.8)(143.9, 221.7);GATE
Port:(143.9, 237.6)(148.3, 237.6)(148.3, 318.9)(143.9, 318.9);SD
Port:(371.5, 221.7)(371.5, 317.3)(230.8, 317.3)(230.8, 334.8)(149.8, 334.8)(149.8, 221.7);GATE
Port:(359.0, 228.6)(365.6, 228.6)(365.6, 309.4)(359.0, 309.4);SD
Module:M3
Boundary:(137.3, 188.1)(53.4, 188.1)(53.4, 351.8)(137.3, 351.8);GATE
Port:(68.0, 347.5)(122.7, 347.5)(122.7, 351.8)(68.0, 351.8);SD
Port:(137.3, 188.1)(53.4, 188.1)(53.4, 346.1)(137.3, 346.1);GATE
Port:(60.4, 194.1)(130.3, 194.1)(130.3, 199.7)(60.4, 199.7);SD
