Area:(-10.0, -20.0)(630.6, -20.0)(630.6, 407.4)(-10.0, 407.4)
Rule:GATE(5,5);SD(5,5);GATE_SD(0.5);GATE_ITO(0.5);SD_ITO(0.5)
Module:M2
Boundary:(64.5, 155.7)(153.0, 155.7)(153.0, 125.4)(169.9, 125.4)(169.9, 30.3)(64.5, 30.3);GATE
Port:(77.5, 30.3)(156.9, 30.3)(156.9, 36.0)(77.5, 36.0);SD
Port:(64.5, 155.7)(153.0, 155.7)(153.0, 125.4)(169.9, 125.4)(169.9, 38.2)(64.5, 38.2);GATE
Port:(70.6, 146.0)(145.9, 146.0)(145.9, 150.6)(70.6, 150.6);SD
Module:M6
Boundary:(499.2, 155.1)(577.3, 155.1)(577.3, 103.9)(590.6, 103.9)(590.6, 26.1)(499.2, 26.1);GATE
Port:(513.1, 26.1)(576.7, 26.1)(576.7, 31.6)(513.1, 31.6);SD
Port:(499.2, 155.1)(577.3, 155.1)(577.3, 103.9)(590.6, 103.9)(590.6, 33.1)(499.2, 33.1);GATE
Port:(505.6, 143.2)(569.9, 143.2)(569.9, 149.7)(505.6, 149.7);SD
Module:M3
Boundary:(399.8, 171.9)(435.6, 171.9)(435.6, 171.7)(453.9, 171.7)(453.9, 20.0)(399.8, 20.0);GATE
Port:(413.8, 20.0)(439.9, 20.0)(439.9, 24.9)(413.8, 24.9);SD
Port:(399.8, 171.9)(435.6, 171.9)(435.6, 171.7)(453.9, 171.7)(453.9, 26.1)(399.8, 26.1);GATE
Port:(406.1, 161.0)(429.3, 161.0)(429.3, 166.6)(406.1, 166.6);SD
Module:M4
Boundary:(346.8, 20.0)(297.5, 20.0)(297.5, 121.5)(283.7, 121.5)(283.7, 190.1)(346.8, 190.1);GATE
Port:(297.1, 185.5)(333.4, 185.5)(333.4, 190.1)(297.1, 190.1);SD
Port:(346.8, 20.0)(297.5, 20.0)(297.5, 121.5)(283.7, 121.5)(283.7, 183.9)(346.8, 183.9);GATE
Port:(304.4, 24.9)(340.9, 24.9)(340.9, 31.8)(304.4, 31.8);SD
Module:M5
Boundary:(106.3, 181.3)(106.3, 232.2)(30.0, 232.2)(30.0, 181.3);GATE
Port:(30.0, 195.4)(34.4, 195.4)(34.4, 218.1)(30.0, 218.1);SD
Port:(106.3, 181.3)(106.3, 232.2)(36.5, 232.2)(36.5, 181.3);GATE
Port:(95.0, 186.6)(102.0, 186.6)(102.0, 226.9)(95.0, 226.9);SD
Module:M8
Boundary:(277.5, 23.5)(189.2, 23.5)(189.2, 43.6)(172.9, 43.6)(172.9, 251.3)(277.5, 251.3);GATE
Port:(187.3, 246.7)(263.1, 246.7)(263.1, 251.3)(187.3, 251.3);SD
Port:(277.5, 23.5)(189.2, 23.5)(189.2, 43.6)(172.9, 43.6)(172.9, 243.8)(277.5, 243.8);GATE
Port:(196.2, 28.5)(271.5, 28.5)(271.5, 34.9)(196.2, 34.9);SD
Module:M10
Boundary:(330.2, 216.6)(394.9, 216.6)(394.9, 276.8)(409.1, 276.8)(409.1, 361.4)(330.2, 361.4);GATE
Port:(343.1, 356.8)(396.2, 356.8)(396.2, 361.4)(343.1, 361.4);SD
Port:(330.2, 216.6)(394.9, 216.6)(394.9, 276.8)(409.1, 276.8)(409.1, 354.9)(330.2, 354.9);GATE
Port:(335.6, 221.0)(388.5, 221.0)(388.5, 227.5)(335.6, 227.5);SD
Module:M7
Boundary:(204.5, 264.2)(204.5, 367.4)(330.1, 367.4)(330.1, 264.2);GATE
Port:(325.7, 276.8)(330.1, 276.8)(330.1, 354.8)(325.7, 354.8);SD
Port:(204.5, 264.2)(204.5, 367.4)(324.5, 367.4)(324.5, 264.2);GATE
Port:(209.4, 270.1)(214.1, 270.1)(214.1, 361.5)(209.4, 361.5);SD
Module:M1
Boundary:(567.2, 172.1)(479.5, 172.1)(479.5, 172.2)(462.9, 172.2)(462.9, 351.3)(567.2, 351.3);GATE
Port:(478.3, 347.0)(551.8, 347.0)(551.8, 351.3)(478.3, 351.3);SD
Port:(567.2, 172.1)(479.5, 172.1)(479.5, 172.2)(462.9, 172.2)(462.9, 344.4)(567.2, 344.4);GATE
Port:(486.1, 177.7)(560.6, 177.7)(560.6, 184.9)(486.1, 184.9);SD
Module:M9
Boundary:(164.0, 340.9)(164.0, 243.0)(65.6, 243.0)(65.6, 340.9);GATE
Port:(65.6, 257.0)(69.9, 257.0)(69.9, 326.9)(65.6, 326.9);SD
Port:(164.0, 340.9)(164.0, 243.0)(70.9, 243.0)(70.9, 340.9);GATE
Port:(152.8, 249.5)(158.5, 249.5)(158.5, 334.4)(152.8, 334.4);SD
