Area:(-20.0, -20.0)(592.6, -20.0)(592.6, 950.2)(-20.0, 950.2)
Rule:GATE(5,5);SD(5,5);GATE_SD(0.5);GATE_ITO(0.5);SD_ITO(0.5)
Module:M14
Boundary:(277.7, 217.5)(383.8, 217.5)(383.8, 281.2)(400.3, 281.2)(400.3, 347.3)(277.7, 347.3);GATE
Port:(291.3, 342.7)(386.7, 342.7)(386.7, 347.3)(291.3, 347.3);SD
Port:(277.7, 217.5)(383.8, 217.5)(383.8, 281.2)(400.3, 281.2)(400.3, 340.5)(277.7, 340.5);GATE
Port:(283.2, 222.0)(377.3, 222.0)(377.3, 228.1)(283.2, 228.1);SD
Module:M9
Boundary:(506.6, 393.2)(506.6, 464.2)(506.3, 464.2)(506.3, 481.7)(277.7, 481.7)(277.7, 393.2);GATE
Port:(277.7, 407.8)(282.8, 407.8)(282.8, 467.1)(277.7, 467.1);SD
Port:(506.6, 393.2)(506.6, 464.2)(506.3, 464.2)(506.3, 481.7)(283.8, 481.7)(283.8, 393.2);GATE
Port:(495.3, 398.9)(501.9, 398.9)(501.9, 458.5)(495.3, 458.5);SD
Module:M5
Boundary:(529.1, 20.0)(529.1, 77.5)(450.7, 77.5)(450.7, 20.0);GATE
Port:(450.7, 31.7)(455.3, 31.7)(455.3, 65.8)(450.7, 65.8);SD
Port:(529.1, 20.0)(529.1, 77.5)(457.9, 77.5)(457.9, 20.0);GATE
Port:(519.4, 25.9)(524.2, 25.9)(524.2, 71.6)(519.4, 71.6);SD
Module:M11
Boundary:(283.7, 20.0)(283.7, 114.7)(169.5, 114.7)(169.5, 20.0);GATE
Port:(169.5, 32.2)(174.8, 32.2)(174.8, 102.5)(169.5, 102.5);SD
Port:(283.7, 20.0)(283.7, 114.7)(176.5, 114.7)(176.5, 20.0);GATE
Port:(273.3, 26.3)(278.4, 26.3)(278.4, 108.4)(273.3, 108.4);SD
Module:M1
Boundary:(296.0, 693.0)(296.0, 790.5)(128.7, 790.5)(128.7, 693.0);GATE
Port:(128.7, 705.8)(133.0, 705.8)(133.0, 777.7)(128.7, 777.7);SD
Port:(296.0, 693.0)(296.0, 790.5)(134.1, 790.5)(134.1, 693.0);GATE
Port:(286.4, 698.0)(292.0, 698.0)(292.0, 785.5)(286.4, 785.5);SD
Module:M19
Boundary:(20.0, 139.2)(48.7, 139.2)(48.7, 139.3)(61.6, 139.3)(61.6, 365.6)(20.0, 365.6);GATE
Port:(31.3, 361.3)(50.3, 361.3)(50.3, 365.6)(31.3, 365.6);SD
Port:(20.0, 139.2)(48.7, 139.2)(48.7, 139.3)(61.6, 139.3)(61.6, 358.4)(20.0, 358.4);GATE
Port:(26.0, 144.2)(42.7, 144.2)(42.7, 148.7)(26.0, 148.7);SD
Module:M6
Boundary:(216.7, 154.7)(216.7, 208.1)(180.8, 208.1)(180.8, 224.7)(101.6, 224.7)(101.6, 154.7);GATE
Port:(101.6, 168.9)(106.6, 168.9)(106.6, 210.5)(101.6, 210.5);SD
Port:(216.7, 154.7)(216.7, 208.1)(180.8, 208.1)(180.8, 224.7)(109.2, 224.7)(109.2, 154.7);GATE
Port:(205.8, 160.5)(211.9, 160.5)(211.9, 201.3)(205.8, 201.3);SD
Module:M2
Boundary:(544.3, 521.7)(544.3, 589.8)(481.3, 589.8)(481.3, 605.5)(364.4, 605.5)(364.4, 521.7);GATE
Port:(364.4, 534.6)(369.0, 534.6)(369.0, 592.6)(364.4, 592.6);SD
Port:(544.3, 521.7)(544.3, 589.8)(481.3, 589.8)(481.3, 605.5)(370.8, 605.5)(370.8, 521.7);GATE
Port:(534.3, 527.4)(539.6, 527.4)(539.6, 583.1)(534.3, 583.1);SD
Module:M16
Boundary:(129.5, 20.0)(129.5, 84.1)(94.5, 84.1)(94.5, 99.2)(20.0, 99.2)(20.0, 20.0);GATE
Port:(20.0, 31.7)(24.7, 31.7)(24.7, 87.5)(20.0, 87.5);SD
Port:(129.5, 20.0)(129.5, 84.1)(94.5, 84.1)(94.5, 99.2)(26.3, 99.2)(26.3, 20.0);GATE
Port:(120.3, 25.2)(125.3, 25.2)(125.3, 77.9)(120.3, 77.9);SD
Module:M13
Boundary:(324.4, 530.6)(324.4, 653.0)(128.7, 653.0)(128.7, 530.6);GATE
Port:(128.7, 545.0)(134.2, 545.0)(134.2, 638.6)(128.7, 638.6);SD
Port:(324.4, 530.6)(324.4, 653.0)(136.1, 653.0)(136.1, 530.6);GATE
Port:(312.5, 537.3)(318.7, 537.3)(318.7, 646.3)(312.5, 646.3);SD
Module:M10
Boundary:(20.0, 630.1)(73.6, 630.1)(73.6, 704.3)(88.7, 704.3)(88.7, 802.7)(20.0, 802.7);GATE
Port:(34.3, 798.2)(74.4, 798.2)(74.4, 802.7)(34.3, 802.7);SD
Port:(20.0, 630.1)(73.6, 630.1)(73.6, 704.3)(88.7, 704.3)(88.7, 796.1)(20.0, 796.1);GATE
Port:(26.5, 635.6)(66.1, 635.6)(66.1, 642.0)(26.5, 642.0);SD
Module:M7
Boundary:(540.0, 645.5)(540.0, 733.8)(539.5, 733.8)(539.5, 751.8)(364.4, 751.8)(364.4, 645.5);GATE
Port:(364.4, 659.0)(369.0, 659.0)(369.0, 738.3)(364.4, 738.3);SD
Port:(540.0, 645.5)(540.0, 733.8)(539.5, 733.8)(539.5, 751.8)(370.0, 751.8)(370.0, 645.5);GATE
Port:(529.7, 650.6)(535.9, 650.6)(535.9, 728.7)(529.7, 728.7);SD
Module:M3
Boundary:(113.0, 842.7)(113.0, 892.9)(112.7, 892.9)(112.7, 910.2)(20.0, 910.2)(20.0, 842.7);GATE
Port:(20.0, 855.7)(25.4, 855.7)(25.4, 897.2)(20.0, 897.2);SD
Port:(113.0, 842.7)(113.0, 892.9)(112.7, 892.9)(112.7, 910.2)(28.3, 910.2)(28.3, 842.7);GATE
Port:(103.1, 848.3)(108.4, 848.3)(108.4, 887.3)(103.1, 887.3);SD
Module:M18
Boundary:(323.7, 20.0)(397.4, 20.0)(397.4, 73.1)(410.7, 73.1)(410.7, 177.5)(323.7, 177.5);GATE
Port:(335.4, 172.1)(399.0, 172.1)(399.0, 177.5)(335.4, 177.5);SD
Port:(323.7, 20.0)(397.4, 20.0)(397.4, 73.1)(410.7, 73.1)(410.7, 169.6)(323.7, 169.6);GATE
Port:(329.2, 24.5)(390.9, 24.5)(390.9, 29.4)(329.2, 29.4);SD
Module:M20
Boundary:(20.0, 405.6)(71.1, 405.6)(71.1, 519.5)(87.0, 519.5)(87.0, 590.1)(20.0, 590.1);GATE
Port:(32.8, 586.0)(74.2, 586.0)(74.2, 590.1)(32.8, 590.1);SD
Port:(20.0, 405.6)(71.1, 405.6)(71.1, 519.5)(87.0, 519.5)(87.0, 585.0)(20.0, 585.0);GATE
Port:(25.1, 409.7)(65.0, 409.7)(65.0, 415.9)(25.1, 415.9);SD
Module:M15
Boundary:(546.4, 249.2)(546.4, 353.2)(440.3, 353.2)(440.3, 249.2);GATE
Port:(440.3, 263.1)(445.4, 263.1)(445.4, 339.3)(440.3, 339.3);SD
Port:(546.4, 249.2)(546.4, 353.2)(448.3, 353.2)(448.3, 249.2);GATE
Port:(534.7, 254.7)(541.9, 254.7)(541.9, 347.7)(534.7, 347.7);SD
Module:M12
Boundary:(450.7, 117.5)(535.8, 117.5)(535.8, 158.0)(551.6, 158.0)(551.6, 209.2)(450.7, 209.2);GATE
Port:(464.1, 204.8)(538.2, 204.8)(538.2, 209.2)(464.1, 209.2);SD
Port:(450.7, 117.5)(535.8, 117.5)(535.8, 158.0)(551.6, 158.0)(551.6, 202.1)(450.7, 202.1);GATE
Port:(456.1, 121.9)(529.4, 121.9)(529.4, 127.5)(456.1, 127.5);SD
Module:M8
Boundary:(128.7, 264.7)(223.2, 264.7)(223.2, 364.4)(237.7, 364.4)(237.7, 490.6)(128.7, 490.6);GATE
Port:(140.8, 485.6)(225.6, 485.6)(225.6, 490.6)(140.8, 490.6);SD
Port:(128.7, 264.7)(223.2, 264.7)(223.2, 364.4)(237.7, 364.4)(237.7, 482.7)(128.7, 482.7);GATE
Port:(133.7, 268.7)(217.2, 268.7)(217.2, 275.2)(133.7, 275.2);SD
Module:M4
Boundary:(552.6, 791.8)(552.6, 892.9)(418.6, 892.9)(418.6, 907.9)(336.0, 907.9)(336.0, 791.8);GATE
Port:(336.0, 806.5)(340.5, 806.5)(340.5, 893.2)(336.0, 893.2);SD
Port:(552.6, 791.8)(552.6, 892.9)(418.6, 892.9)(418.6, 907.9)(342.8, 907.9)(342.8, 791.8);GATE
Port:(540.5, 798.0)(547.4, 798.0)(547.4, 885.7)(540.5, 885.7);SD
Module:M17
Boundary:(270.3, 830.5)(270.3, 894.6)(270.1, 894.6)(270.1, 910.0)(153.0, 910.0)(153.0, 830.5);GATE
Port:(153.0, 843.6)(158.4, 843.6)(158.4, 896.9)(153.0, 896.9);SD
Port:(270.3, 830.5)(270.3, 894.6)(270.1, 894.6)(270.1, 910.0)(159.9, 910.0)(159.9, 830.5);GATE
Port:(258.9, 836.1)(265.7, 836.1)(265.7, 889.0)(258.9, 889.0);SD
