Area:(-10.0, -17.0)(517.4, -17.0)(517.4, 465.0)(-10.0, 465.0)
Rule:GATE(5,5);SD(5,5);GATE_SD(0.5);GATE_ITO(0.5);SD_ITO(0.5)
Module:M2
Boundary:(130.8, 23.0)(58.8, 23.0)(58.8, 77.4)(41.5, 77.4)(41.5, 156.5)(130.8, 156.5);GATE
Port:(54.8, 151.9)(117.5, 151.9)(117.5, 156.5)(54.8, 156.5);SD
Port:(130.8, 23.0)(58.8, 23.0)(58.8, 77.4)(41.5, 77.4)(41.5, 149.6)(130.8, 149.6);GATE
Port:(65.0, 27.2)(125.6, 27.2)(125.6, 32.8)(65.0, 32.8);SD
Module:M8
Boundary:(239.0, 51.8)(162.5, 51.8)(162.5, 63.5)(149.7, 63.5)(149.7, 194.7)(239.0, 194.7);GATE
Port:(163.0, 190.6)(225.7, 190.6)(225.7, 194.7)(163.0, 194.7);SD
Port:(239.0, 51.8)(162.5, 51.8)(162.5, 63.5)(149.7, 63.5)(149.7, 189.5)(239.0, 189.5);GATE
Port:(170.1, 57.4)(232.4, 57.4)(232.4, 63.6)(170.1, 63.6);SD
Module:M7
Boundary:(331.9, 177.8)(263.1, 177.8)(263.1, 177.7)(246.2, 177.7)(246.2, 29.6)(331.9, 29.6);GATE
Port:(259.9, 29.6)(318.2, 29.6)(318.2, 35.2)(259.9, 35.2);SD
Port:(331.9, 177.8)(263.1, 177.8)(263.1, 177.7)(246.2, 177.7)(246.2, 36.9)(331.9, 36.9);GATE
Port:(269.7, 166.7)(325.3, 166.7)(325.3, 172.2)(269.7, 172.2);SD
Module:M10
Boundary:(385.9, 67.8)(458.1, 67.8)(458.1, 137.9)(474.7, 137.9)(474.7, 231.8)(385.9, 231.8);GATE
Port:(400.6, 226.9)(460.0, 226.9)(460.0, 231.8)(400.6, 231.8);SD
Port:(385.9, 67.8)(458.1, 67.8)(458.1, 137.9)(474.7, 137.9)(474.7, 225.6)(385.9, 225.6);GATE
Port:(392.5, 73.4)(450.5, 73.4)(450.5, 79.2)(392.5, 79.2);SD
Module:M3
Boundary:(153.6, 265.4)(153.6, 208.2)(318.2, 208.2)(318.2, 265.4);GATE
Port:(312.7, 220.0)(318.2, 220.0)(318.2, 253.6)(312.7, 253.6);SD
Port:(153.6, 265.4)(153.6, 208.2)(310.9, 208.2)(310.9, 265.4);GATE
Port:(159.3, 214.9)(163.5, 214.9)(163.5, 258.7)(159.3, 258.7);SD
Module:M1
Boundary:(470.0, 282.6)(470.0, 232.7)(380.2, 232.7)(380.2, 282.6);GATE
Port:(380.2, 246.6)(384.5, 246.6)(384.5, 268.7)(380.2, 268.7);SD
Port:(470.0, 282.6)(470.0, 232.7)(387.5, 232.7)(387.5, 282.6);GATE
Port:(457.6, 239.3)(464.4, 239.3)(464.4, 276.0)(457.6, 276.0);SD
Module:M5
Boundary:(30.0, 311.5)(147.2, 311.5)(147.2, 214.4)(30.0, 214.4);GATE
Port:(44.7, 214.4)(132.5, 214.4)(132.5, 218.6)(44.7, 218.6);SD
Port:(30.0, 311.5)(147.2, 311.5)(147.2, 219.7)(30.0, 219.7);GATE
Port:(36.3, 299.5)(140.9, 299.5)(140.9, 306.2)(36.3, 306.2);SD
Module:M6
Boundary:(206.7, 347.6)(206.7, 411.6)(156.1, 411.6)(156.1, 425.0)(55.2, 425.0)(55.2, 347.6);GATE
Port:(55.2, 361.5)(60.1, 361.5)(60.1, 411.1)(55.2, 411.1);SD
Port:(206.7, 347.6)(206.7, 411.6)(156.1, 411.6)(156.1, 425.0)(61.6, 425.0)(61.6, 347.6);GATE
Port:(195.1, 354.2)(201.1, 354.2)(201.1, 404.0)(195.1, 404.0);SD
Module:M9
Boundary:(328.6, 418.9)(210.5, 418.9)(210.5, 282.7)(328.6, 282.7);GATE
Port:(224.4, 282.7)(314.7, 282.7)(314.7, 288.0)(224.4, 288.0);SD
Port:(328.6, 418.9)(210.5, 418.9)(210.5, 290.6)(328.6, 290.6);GATE
Port:(216.8, 407.2)(322.3, 407.2)(322.3, 413.6)(216.8, 413.6);SD
Module:M4
Boundary:(477.4, 407.6)(477.4, 306.6)(454.9, 306.6)(454.9, 291.3)(341.4, 291.3)(341.4, 407.6);GATE
Port:(341.4, 304.7)(345.8, 304.7)(345.8, 394.2)(341.4, 394.2);SD
Port:(477.4, 407.6)(477.4, 306.6)(454.9, 306.6)(454.9, 291.3)(346.9, 291.3)(346.9, 407.6);GATE
Port:(465.9, 312.8)(473.2, 312.8)(473.2, 402.4)(465.9, 402.4);SD
