Area:(-20.0, -20.0)(1347.4, -20.0)(1347.4, 1062.7)(-20.0, 1062.7)
Rule:GATE(5,5);SD(5,5);GATE_SD(0.5);GATE_ITO(0.5);SD_ITO(0.5)
Module:M49
Boundary:(951.6, 566.2)(951.6, 654.4)(951.5, 654.4)(951.5, 671.9)(871.8, 671.9)(871.8, 566.2);GATE
Port:(871.8, 580.2)(876.6, 580.2)(876.6, 657.9)(871.8, 657.9);SD
Port:(951.6, 566.2)(951.6, 654.4)(951.5, 654.4)(951.5, 671.9)(878.2, 671.9)(878.2, 566.2);GATE
Port:(940.5, 572.0)(946.8, 572.0)(946.8, 648.6)(940.5, 648.6);SD
Module:M14
Boundary:(757.7, 284.3)(757.7, 350.3)(655.7, 350.3)(655.7, 364.5)(564.2, 364.5)(564.2, 284.3);GATE
Port:(564.2, 298.4)(568.3, 298.4)(568.3, 350.4)(564.2, 350.4);SD
Port:(757.7, 284.3)(757.7, 350.3)(655.7, 350.3)(655.7, 364.5)(570.0, 364.5)(570.0, 284.3);GATE
Port:(745.9, 290.8)(752.2, 290.8)(752.2, 342.8)(745.9, 342.8);SD
Module:M9
Boundary:(788.7, 784.6)(900.3, 784.6)(900.3, 926.0)(788.7, 926.0);GATE
Port:(803.2, 920.5)(885.8, 920.5)(885.8, 926.0)(803.2, 926.0);SD
Port:(788.7, 784.6)(900.3, 784.6)(900.3, 918.3)(788.7, 918.3);GATE
Port:(795.4, 790.3)(893.6, 790.3)(893.6, 797.1)(795.4, 797.1);SD
Module:M5
Boundary:(431.0, 207.8)(511.4, 207.8)(511.4, 208.2)(524.2, 208.2)(524.2, 405.1)(431.0, 405.1);GATE
Port:(442.6, 400.5)(512.6, 400.5)(512.6, 405.1)(442.6, 405.1);SD
Port:(431.0, 207.8)(511.4, 207.8)(511.4, 208.2)(524.2, 208.2)(524.2, 397.5)(431.0, 397.5);GATE
Port:(437.0, 212.8)(505.4, 212.8)(505.4, 217.6)(437.0, 217.6);SD
Module:M46
Boundary:(1144.5, 20.0)(1144.5, 120.4)(1113.3, 120.4)(1113.3, 135.6)(963.5, 135.6)(963.5, 20.0);GATE
Port:(963.5, 33.5)(968.3, 33.5)(968.3, 122.1)(963.5, 122.1);SD
Port:(1144.5, 20.0)(1144.5, 120.4)(1113.3, 120.4)(1113.3, 135.6)(970.5, 135.6)(970.5, 20.0);GATE
Port:(1133.2, 26.1)(1139.4, 26.1)(1139.4, 113.3)(1133.2, 113.3);SD
Module:M11
Boundary:(940.3, 711.9)(989.4, 711.9)(989.4, 896.5)(940.3, 896.5);GATE
Port:(953.2, 890.7)(976.5, 890.7)(976.5, 896.5)(953.2, 896.5);SD
Port:(940.3, 711.9)(989.4, 711.9)(989.4, 889.0)(940.3, 889.0);GATE
Port:(945.8, 716.4)(983.9, 716.4)(983.9, 723.1)(945.8, 723.1);SD
Module:M1
Boundary:(759.1, 171.4)(759.1, 226.2)(758.9, 226.2)(758.9, 244.3)(590.3, 244.3)(590.3, 171.4);GATE
Port:(590.3, 186.1)(594.6, 186.1)(594.6, 229.6)(590.3, 229.6);SD
Port:(759.1, 171.4)(759.1, 226.2)(758.9, 226.2)(758.9, 244.3)(597.1, 244.3)(597.1, 171.4);GATE
Port:(747.5, 176.8)(754.7, 176.8)(754.7, 220.8)(747.5, 220.8);SD
Module:M43
Boundary:(748.7, 784.6)(748.7, 848.3)(748.4, 848.3)(748.4, 863.8)(613.2, 863.8)(613.2, 784.6);GATE
Port:(613.2, 797.0)(617.7, 797.0)(617.7, 851.4)(613.2, 851.4);SD
Port:(748.7, 784.6)(748.7, 848.3)(748.4, 848.3)(748.4, 863.8)(618.9, 863.8)(618.9, 784.6);GATE
Port:(738.3, 790.6)(743.7, 790.6)(743.7, 842.3)(738.3, 842.3);SD
Module:M38
Boundary:(254.3, 30.0)(254.3, 114.1)(245.6, 114.1)(245.6, 129.2)(145.7, 129.2)(145.7, 30.0);GATE
Port:(145.7, 44.1)(150.6, 44.1)(150.6, 115.1)(145.7, 115.1);SD
Port:(254.3, 30.0)(254.3, 114.1)(245.6, 114.1)(245.6, 129.2)(153.0, 129.2)(153.0, 30.0);GATE
Port:(242.8, 35.5)(249.8, 35.5)(249.8, 107.6)(242.8, 107.6);SD
Module:M40
Boundary:(92.2, 321.2)(92.2, 392.5)(72.9, 392.5)(72.9, 405.0)(20.0, 405.0)(20.0, 321.2);GATE
Port:(20.0, 332.9)(24.3, 332.9)(24.3, 393.3)(20.0, 393.3);SD
Port:(92.2, 321.2)(92.2, 392.5)(72.9, 392.5)(72.9, 405.0)(25.6, 405.0)(25.6, 321.2);GATE
Port:(82.1, 326.6)(87.8, 326.6)(87.8, 386.1)(82.1, 386.1);SD
Module:M35
Boundary:(761.2, 409.3)(828.4, 409.3)(828.4, 596.6)(761.2, 596.6);GATE
Port:(775.7, 591.3)(813.9, 591.3)(813.9, 596.6)(775.7, 596.6);SD
Port:(761.2, 409.3)(828.4, 409.3)(828.4, 588.7)(761.2, 588.7);GATE
Port:(768.1, 415.2)(821.5, 415.2)(821.5, 421.5)(768.1, 421.5);SD
Module:M32
Boundary:(1139.9, 542.6)(1139.9, 609.2)(1082.3, 609.2)(1082.3, 624.4)(1002.0, 624.4)(1002.0, 542.6);GATE
Port:(1002.0, 555.5)(1007.1, 555.5)(1007.1, 611.5)(1002.0, 611.5);SD
Port:(1139.9, 542.6)(1139.9, 609.2)(1082.3, 609.2)(1082.3, 624.4)(1008.3, 624.4)(1008.3, 542.6);GATE
Port:(1129.8, 548.4)(1135.1, 548.4)(1135.1, 602.4)(1129.8, 602.4);SD
Module:M27
Boundary:(284.9, 207.8)(391.0, 207.8)(391.0, 285.6)(284.9, 285.6);GATE
Port:(299.7, 280.5)(376.2, 280.5)(376.2, 285.6)(299.7, 285.6);SD
Port:(284.9, 207.8)(391.0, 207.8)(391.0, 279.0)(284.9, 279.0);GATE
Port:(290.6, 212.5)(385.3, 212.5)(385.3, 219.2)(290.6, 219.2);SD
Module:M24
Boundary:(692.0, 30.0)(692.0, 109.6)(657.1, 109.6)(657.1, 121.4)(600.3, 121.4)(600.3, 30.0);GATE
Port:(600.3, 40.3)(604.7, 40.3)(604.7, 111.1)(600.3, 111.1);SD
Port:(692.0, 30.0)(692.0, 109.6)(657.1, 109.6)(657.1, 121.4)(605.7, 121.4)(605.7, 30.0);GATE
Port:(683.2, 35.1)(687.9, 35.1)(687.9, 103.5)(683.2, 103.5);SD
Module:M19
Boundary:(1200.6, 165.6)(1287.4, 165.6)(1287.4, 165.8)(1304.2, 165.8)(1304.2, 370.6)(1200.6, 370.6);GATE
Port:(1215.8, 365.4)(1289.0, 365.4)(1289.0, 370.6)(1215.8, 370.6);SD
Port:(1200.6, 165.6)(1287.4, 165.6)(1287.4, 165.8)(1304.2, 165.8)(1304.2, 362.8)(1200.6, 362.8);GATE
Port:(1207.2, 171.2)(1280.8, 171.2)(1280.8, 177.8)(1207.2, 177.8);SD
Module:M6
Boundary:(1094.6, 175.6)(1144.9, 175.6)(1144.9, 313.0)(1160.6, 313.0)(1160.6, 396.5)(1094.6, 396.5);GATE
Port:(1107.5, 391.2)(1147.7, 391.2)(1147.7, 396.5)(1107.5, 396.5);SD
Port:(1094.6, 175.6)(1144.9, 175.6)(1144.9, 313.0)(1160.6, 313.0)(1160.6, 389.8)(1094.6, 389.8);GATE
Port:(1099.7, 179.7)(1138.8, 179.7)(1138.8, 185.6)(1099.7, 185.6);SD
Module:M21
Boundary:(573.2, 612.9)(573.2, 699.8)(572.9, 699.8)(572.9, 717.0)(351.3, 717.0)(351.3, 612.9);GATE
Port:(351.3, 627.3)(355.9, 627.3)(355.9, 702.6)(351.3, 702.6);SD
Port:(573.2, 612.9)(573.2, 699.8)(572.9, 699.8)(572.9, 717.0)(357.7, 717.0)(357.7, 612.9);GATE
Port:(561.7, 619.4)(567.7, 619.4)(567.7, 693.3)(561.7, 693.3);SD
Module:M2
Boundary:(923.5, 20.0)(923.5, 92.3)(877.2, 92.3)(877.2, 108.6)(742.0, 108.6)(742.0, 20.0);GATE
Port:(742.0, 35.3)(747.6, 35.3)(747.6, 93.3)(742.0, 93.3);SD
Port:(923.5, 20.0)(923.5, 92.3)(877.2, 92.3)(877.2, 108.6)(749.3, 108.6)(749.3, 20.0);GATE
Port:(911.5, 26.2)(918.3, 26.2)(918.3, 85.1)(911.5, 85.1);SD
Module:M16
Boundary:(623.2, 913.8)(722.1, 913.8)(722.1, 957.6)(736.7, 957.6)(736.7, 1012.5)(623.2, 1012.5);GATE
Port:(637.9, 1008.3)(722.0, 1008.3)(722.0, 1012.5)(637.9, 1012.5);SD
Port:(623.2, 913.8)(722.1, 913.8)(722.1, 957.6)(736.7, 957.6)(736.7, 1006.6)(623.2, 1006.6);GATE
Port:(630.1, 919.7)(714.2, 919.7)(714.2, 925.8)(630.1, 925.8);SD
Module:M48
Boundary:(898.9, 307.1)(898.9, 355.8)(861.2, 355.8)(861.2, 369.3)(799.1, 369.3)(799.1, 307.1);GATE
Port:(799.1, 318.8)(804.8, 318.8)(804.8, 357.6)(799.1, 357.6);SD
Port:(898.9, 307.1)(898.9, 355.8)(861.2, 355.8)(861.2, 369.3)(807.8, 369.3)(807.8, 307.1);GATE
Port:(889.1, 312.3)(894.7, 312.3)(894.7, 348.6)(889.1, 348.6);SD
Module:M13
Boundary:(141.5, 440.9)(213.2, 440.9)(213.2, 441.2)(227.1, 441.2)(227.1, 599.4)(141.5, 599.4);GATE
Port:(153.5, 593.8)(215.1, 593.8)(215.1, 599.4)(153.5, 599.4);SD
Port:(141.5, 440.9)(213.2, 440.9)(213.2, 441.2)(227.1, 441.2)(227.1, 591.4)(141.5, 591.4);GATE
Port:(147.2, 445.6)(207.5, 445.6)(207.5, 450.9)(147.2, 450.9);SD
Module:M50
Boundary:(284.9, 325.6)(363.6, 325.6)(363.6, 350.0)(377.8, 350.0)(377.8, 414.5)(284.9, 414.5);GATE
Port:(297.9, 408.6)(364.8, 408.6)(364.8, 414.5)(297.9, 414.5);SD
Port:(284.9, 325.6)(363.6, 325.6)(363.6, 350.0)(377.8, 350.0)(377.8, 405.9)(284.9, 405.9);GATE
Port:(291.3, 331.0)(356.2, 331.0)(356.2, 335.7)(291.3, 335.7);SD
Module:M45
Boundary:(809.1, 158.6)(894.4, 158.6)(894.4, 158.8)(911.2, 158.8)(911.2, 257.1)(809.1, 257.1);GATE
Port:(823.4, 251.4)(896.9, 251.4)(896.9, 257.1)(823.4, 257.1);SD
Port:(809.1, 158.6)(894.4, 158.6)(894.4, 158.8)(911.2, 158.8)(911.2, 249.0)(809.1, 249.0);GATE
Port:(815.4, 163.9)(888.1, 163.9)(888.1, 170.0)(815.4, 170.0);SD
Module:M10
Boundary:(868.4, 438.6)(936.8, 438.6)(936.8, 463.0)(952.0, 463.0)(952.0, 526.2)(868.4, 526.2);GATE
Port:(882.3, 521.4)(938.1, 521.4)(938.1, 526.2)(882.3, 526.2);SD
Port:(868.4, 438.6)(936.8, 438.6)(936.8, 463.0)(952.0, 463.0)(952.0, 518.8)(868.4, 518.8);GATE
Port:(874.8, 444.0)(929.4, 444.0)(929.4, 450.3)(874.8, 450.3);SD
Module:M42
Boundary:(20.0, 445.0)(87.1, 445.0)(87.1, 501.1)(101.5, 501.1)(101.5, 611.3)(20.0, 611.3);GATE
Port:(34.5, 605.4)(87.0, 605.4)(87.0, 611.3)(34.5, 611.3);SD
Port:(20.0, 445.0)(87.1, 445.0)(87.1, 501.1)(101.5, 501.1)(101.5, 604.1)(20.0, 604.1);GATE
Port:(25.9, 449.9)(80.2, 449.9)(80.2, 457.1)(25.9, 457.1);SD
Module:M37
Boundary:(1168.4, 438.6)(1168.4, 492.6)(992.0, 492.6)(992.0, 438.6);GATE
Port:(992.0, 453.7)(996.9, 453.7)(996.9, 477.5)(992.0, 477.5);SD
Port:(1168.4, 438.6)(1168.4, 492.6)(999.8, 492.6)(999.8, 438.6);GATE
Port:(1155.1, 445.4)(1162.6, 445.4)(1162.6, 485.8)(1155.1, 485.8);SD
Module:M34
Boundary:(569.0, 898.4)(569.0, 1006.2)(532.1, 1006.2)(532.1, 1022.7)(360.0, 1022.7)(360.0, 898.4);GATE
Port:(360.0, 913.1)(364.4, 913.1)(364.4, 1008.0)(360.0, 1008.0);SD
Port:(569.0, 898.4)(569.0, 1006.2)(532.1, 1006.2)(532.1, 1022.7)(365.6, 1022.7)(365.6, 898.4);GATE
Port:(557.6, 904.9)(563.5, 904.9)(563.5, 998.7)(557.6, 998.7);SD
Module:M29
Boundary:(310.0, 921.9)(310.0, 993.1)(309.9, 993.1)(309.9, 1011.0)(139.5, 1011.0)(139.5, 921.9);GATE
Port:(139.5, 935.7)(144.2, 935.7)(144.2, 997.2)(139.5, 997.2);SD
Port:(310.0, 921.9)(310.0, 993.1)(309.9, 993.1)(309.9, 1011.0)(145.5, 1011.0)(145.5, 921.9);GATE
Port:(299.4, 928.2)(304.7, 928.2)(304.7, 986.8)(299.4, 986.8);SD
Module:M7
Boundary:(439.5, 757.0)(439.5, 841.8)(439.0, 841.8)(439.0, 858.4)(360.0, 858.4)(360.0, 757.0);GATE
Port:(360.0, 770.8)(365.1, 770.8)(365.1, 844.6)(360.0, 844.6);SD
Port:(439.5, 757.0)(439.5, 841.8)(439.0, 841.8)(439.0, 858.4)(367.5, 858.4)(367.5, 757.0);GATE
Port:(428.6, 763.9)(433.6, 763.9)(433.6, 834.9)(428.6, 834.9);SD
Module:M31
Boundary:(878.4, 966.0)(878.4, 1015.9)(788.7, 1015.9)(788.7, 966.0);GATE
Port:(788.7, 979.6)(793.2, 979.6)(793.2, 1002.3)(788.7, 1002.3);SD
Port:(878.4, 966.0)(878.4, 1015.9)(794.4, 1015.9)(794.4, 966.0);GATE
Port:(867.3, 972.5)(872.9, 972.5)(872.9, 1009.4)(867.3, 1009.4);SD
Module:M3
Boundary:(20.0, 866.7)(89.5, 866.7)(89.5, 1019.7)(20.0, 1019.7);GATE
Port:(34.1, 1014.0)(75.4, 1014.0)(75.4, 1019.7)(34.1, 1019.7);SD
Port:(20.0, 866.7)(89.5, 866.7)(89.5, 1012.1)(20.0, 1012.1);GATE
Port:(25.7, 871.4)(83.8, 871.4)(83.8, 877.9)(25.7, 877.9);SD
Module:M26
Boundary:(479.5, 757.0)(542.1, 757.0)(542.1, 771.8)(555.8, 771.8)(555.8, 854.5)(479.5, 854.5);GATE
Port:(491.8, 849.4)(543.5, 849.4)(543.5, 854.5)(491.8, 854.5);SD
Port:(479.5, 757.0)(542.1, 757.0)(542.1, 771.8)(555.8, 771.8)(555.8, 848.0)(479.5, 848.0);GATE
Port:(485.9, 762.4)(534.7, 762.4)(534.7, 767.6)(485.9, 767.6);SD
Module:M23
Boundary:(20.0, 207.3)(90.9, 207.3)(90.9, 281.2)(20.0, 281.2);GATE
Port:(34.0, 275.8)(76.9, 275.8)(76.9, 281.2)(34.0, 281.2);SD
Port:(20.0, 207.3)(90.9, 207.3)(90.9, 273.1)(20.0, 273.1);GATE
Port:(25.0, 211.3)(85.9, 211.3)(85.9, 218.4)(25.0, 218.4);SD
Module:M18
Boundary:(961.2, 175.6)(1038.8, 175.6)(1038.8, 175.8)(1054.6, 175.8)(1054.6, 398.6)(961.2, 398.6);GATE
Port:(972.8, 394.3)(1043.0, 394.3)(1043.0, 398.6)(972.8, 398.6);SD
Port:(961.2, 175.6)(1038.8, 175.6)(1038.8, 175.8)(1054.6, 175.8)(1054.6, 391.7)(961.2, 391.7);GATE
Port:(966.7, 180.1)(1033.3, 180.1)(1033.3, 184.4)(966.7, 184.4);SD
Module:M20
Boundary:(311.3, 639.4)(311.3, 712.3)(267.6, 712.3)(267.6, 728.7)(141.5, 728.7)(141.5, 639.4);GATE
Port:(141.5, 654.0)(146.7, 654.0)(146.7, 714.1)(141.5, 714.1);SD
Port:(311.3, 639.4)(311.3, 712.3)(267.6, 712.3)(267.6, 728.7)(148.0, 728.7)(148.0, 639.4);GATE
Port:(299.8, 646.2)(305.5, 646.2)(305.5, 704.5)(299.8, 704.5);SD
Module:M15
Boundary:(540.3, 30.0)(540.3, 157.8)(314.3, 157.8)(314.3, 30.0);GATE
Port:(314.3, 44.2)(318.3, 44.2)(318.3, 143.6)(314.3, 143.6);SD
Port:(540.3, 30.0)(540.3, 157.8)(320.9, 157.8)(320.9, 30.0);GATE
Port:(529.5, 35.5)(535.8, 35.5)(535.8, 152.3)(529.5, 152.3);SD
Module:M47
Boundary:(1029.4, 674.4)(1130.5, 674.4)(1130.5, 674.5)(1147.4, 674.5)(1147.4, 898.2)(1029.4, 898.2);GATE
Port:(1043.1, 894.2)(1133.7, 894.2)(1133.7, 898.2)(1043.1, 898.2);SD
Port:(1029.4, 674.4)(1130.5, 674.4)(1130.5, 674.5)(1147.4, 674.5)(1147.4, 892.8)(1029.4, 892.8);GATE
Port:(1034.7, 678.7)(1125.2, 678.7)(1125.2, 685.0)(1034.7, 685.0);SD
Module:M12
Boundary:(440.4, 454.5)(440.4, 556.9)(410.2, 556.9)(410.2, 572.9)(267.1, 572.9)(267.1, 454.5);GATE
Port:(267.1, 467.4)(271.2, 467.4)(271.2, 560.0)(267.1, 560.0);SD
Port:(440.4, 454.5)(440.4, 556.9)(410.2, 556.9)(410.2, 572.9)(272.2, 572.9)(272.2, 454.5);GATE
Port:(430.4, 460.8)(435.1, 460.8)(435.1, 549.6)(430.4, 549.6);SD
Module:M44
Boundary:(135.7, 179.2)(227.7, 179.2)(227.7, 297.7)(244.9, 297.7)(244.9, 400.9)(135.7, 400.9);GATE
Port:(150.0, 395.2)(230.6, 395.2)(230.6, 400.9)(150.0, 400.9);SD
Port:(135.7, 179.2)(227.7, 179.2)(227.7, 297.7)(244.9, 297.7)(244.9, 394.1)(135.7, 394.1);GATE
Port:(141.5, 184.0)(220.9, 184.0)(220.9, 190.1)(141.5, 190.1);SD
Module:M39
Boundary:(625.6, 414.5)(698.2, 414.5)(698.2, 414.7)(711.2, 414.7)(711.2, 581.6)(625.6, 581.6);GATE
Port:(639.3, 576.5)(697.5, 576.5)(697.5, 581.6)(639.3, 581.6);SD
Port:(625.6, 414.5)(698.2, 414.5)(698.2, 414.7)(711.2, 414.7)(711.2, 573.6)(625.6, 573.6);GATE
Port:(632.5, 420.4)(691.3, 420.4)(691.3, 426.6)(632.5, 426.6);SD
Module:M8
Boundary:(1218.4, 420.6)(1283.4, 420.6)(1283.4, 452.6)(1297.6, 452.6)(1297.6, 553.4)(1218.4, 553.4);GATE
Port:(1232.1, 549.2)(1283.9, 549.2)(1283.9, 553.4)(1232.1, 553.4);SD
Port:(1218.4, 420.6)(1283.4, 420.6)(1283.4, 452.6)(1297.6, 452.6)(1297.6, 547.0)(1218.4, 547.0);GATE
Port:(1224.0, 425.2)(1276.8, 425.2)(1276.8, 432.0)(1224.0, 432.0);SD
Module:M41
Boundary:(1199.9, 779.8)(1281.5, 779.8)(1281.5, 780.2)(1297.2, 780.2)(1297.2, 1009.2)(1199.9, 1009.2);GATE
Port:(1213.7, 1004.1)(1283.4, 1004.1)(1283.4, 1009.2)(1213.7, 1009.2);SD
Port:(1199.9, 779.8)(1281.5, 779.8)(1281.5, 780.2)(1297.2, 780.2)(1297.2, 1001.7)(1199.9, 1001.7);GATE
Port:(1205.2, 784.1)(1276.2, 784.1)(1276.2, 791.6)(1205.2, 791.6);SD
Module:M4
Boundary:(1307.4, 20.0)(1307.4, 109.2)(1258.1, 109.2)(1258.1, 125.6)(1184.5, 125.6)(1184.5, 20.0);GATE
Port:(1184.5, 34.8)(1189.2, 34.8)(1189.2, 110.8)(1184.5, 110.8);SD
Port:(1307.4, 20.0)(1307.4, 109.2)(1258.1, 109.2)(1258.1, 125.6)(1190.9, 125.6)(1190.9, 20.0);GATE
Port:(1295.9, 25.5)(1302.9, 25.5)(1302.9, 102.7)(1295.9, 102.7);SD
Module:M36
Boundary:(821.8, 646.6)(821.8, 718.3)(769.9, 718.3)(769.9, 734.6)(625.6, 734.6)(625.6, 646.6);GATE
Port:(625.6, 660.8)(629.8, 660.8)(629.8, 720.4)(625.6, 720.4);SD
Port:(821.8, 646.6)(821.8, 718.3)(769.9, 718.3)(769.9, 734.6)(632.1, 734.6)(632.1, 646.6);GATE
Port:(810.1, 653.5)(815.9, 653.5)(815.9, 710.4)(810.1, 710.4);SD
Module:M33
Boundary:(20.0, 20.0)(81.2, 20.0)(81.2, 20.1)(95.7, 20.1)(95.7, 167.3)(20.0, 167.3);GATE
Port:(32.6, 161.7)(83.1, 161.7)(83.1, 167.3)(32.6, 167.3);SD
Port:(20.0, 20.0)(81.2, 20.0)(81.2, 20.1)(95.7, 20.1)(95.7, 159.4)(20.0, 159.4);GATE
Port:(25.5, 24.5)(75.7, 24.5)(75.7, 31.1)(25.5, 31.1);SD
Module:M28
Boundary:(575.6, 445.1)(575.6, 551.0)(562.0, 551.0)(562.0, 567.4)(480.4, 567.4)(480.4, 445.1);GATE
Port:(480.4, 459.6)(485.5, 459.6)(485.5, 552.9)(480.4, 552.9);SD
Port:(575.6, 445.1)(575.6, 551.0)(562.0, 551.0)(562.0, 567.4)(487.0, 567.4)(487.0, 445.1);GATE
Port:(564.2, 451.3)(570.4, 451.3)(570.4, 543.8)(564.2, 543.8);SD
Module:M30
Boundary:(311.7, 768.7)(311.7, 855.8)(296.6, 855.8)(296.6, 871.9)(132.0, 871.9)(132.0, 768.7);GATE
Port:(132.0, 782.7)(137.3, 782.7)(137.3, 857.9)(132.0, 857.9);SD
Port:(311.7, 768.7)(311.7, 855.8)(296.6, 855.8)(296.6, 871.9)(138.8, 871.9)(138.8, 768.7);GATE
Port:(301.0, 775.3)(306.1, 775.3)(306.1, 848.2)(301.0, 848.2);SD
Module:M25
Boundary:(20.0, 651.3)(92.0, 651.3)(92.0, 826.7)(20.0, 826.7);GATE
Port:(32.1, 821.1)(79.9, 821.1)(79.9, 826.7)(32.1, 826.7);SD
Port:(20.0, 651.3)(92.0, 651.3)(92.0, 820.1)(20.0, 820.1);GATE
Port:(26.0, 656.3)(86.0, 656.3)(86.0, 661.3)(26.0, 661.3);SD
Module:M22
Boundary:(1108.6, 948.2)(1108.6, 997.8)(1068.6, 997.8)(1068.6, 1012.6)(950.3, 1012.6)(950.3, 948.2);GATE
Port:(950.3, 961.0)(955.3, 961.0)(955.3, 999.8)(950.3, 999.8);SD
Port:(1108.6, 948.2)(1108.6, 997.8)(1068.6, 997.8)(1068.6, 1012.6)(956.9, 1012.6)(956.9, 948.2);GATE
Port:(1097.7, 954.2)(1103.6, 954.2)(1103.6, 990.8)(1097.7, 990.8);SD
Module:M17
Boundary:(1189.9, 603.4)(1290.1, 603.4)(1290.1, 603.5)(1306.6, 603.5)(1306.6, 729.8)(1189.9, 729.8);GATE
Port:(1203.2, 724.5)(1293.3, 724.5)(1293.3, 729.8)(1203.2, 729.8);SD
Port:(1189.9, 603.4)(1290.1, 603.4)(1290.1, 603.5)(1306.6, 603.5)(1306.6, 723.3)(1189.9, 723.3);GATE
Port:(1195.5, 608.0)(1284.5, 608.0)(1284.5, 613.9)(1195.5, 613.9);SD
