Area:(-10.0, -20.0)(1515.2, -20.0)(1515.2, 759.6)(-10.0, 759.6)
Rule:GATE(5,5);SD(5,5);GATE_SD(0.5);GATE_ITO(0.5);SD_ITO(0.5)
Module:M14
Boundary:(30.0, 30.0)(121.9, 30.0)(121.9, 126.4)(135.2, 126.4)(135.2, 217.3)(30.0, 217.3);GATE
Port:(43.5, 212.9)(121.7, 212.9)(121.7, 217.3)(43.5, 217.3);SD
Port:(30.0, 30.0)(121.9, 30.0)(121.9, 126.4)(135.2, 126.4)(135.2, 210.5)(30.0, 210.5);GATE
Port:(36.5, 35.5)(114.4, 35.5)(114.4, 41.5)(36.5, 41.5);SD
Module:M9
Boundary:(394.3, 256.3)(394.3, 328.2)(185.2, 328.2)(185.2, 256.3);GATE
Port:(185.2, 270.8)(191.2, 270.8)(191.2, 313.7)(185.2, 313.7);SD
Port:(394.3, 256.3)(394.3, 328.2)(194.0, 328.2)(194.0, 256.3);GATE
Port:(382.5, 262.2)(389.4, 262.2)(389.4, 322.3)(382.5, 322.3);SD
Module:M5
Boundary:(948.1, 20.0)(1031.5, 20.0)(1031.5, 129.4)(948.1, 129.4);GATE
Port:(962.1, 123.9)(1017.5, 123.9)(1017.5, 129.4)(962.1, 129.4);SD
Port:(948.1, 20.0)(1031.5, 20.0)(1031.5, 121.1)(948.1, 121.1);GATE
Port:(954.5, 25.4)(1025.1, 25.4)(1025.1, 31.6)(954.5, 31.6);SD
Module:M11
Boundary:(517.1, 527.7)(609.5, 527.7)(609.5, 710.8)(517.1, 710.8);GATE
Port:(531.0, 705.6)(595.6, 705.6)(595.6, 710.8)(531.0, 710.8);SD
Port:(517.1, 527.7)(609.5, 527.7)(609.5, 703.7)(517.1, 703.7);GATE
Port:(523.2, 532.8)(603.4, 532.8)(603.4, 538.3)(523.2, 538.3);SD
Module:M1
Boundary:(857.4, 484.1)(857.4, 563.5)(659.5, 563.5)(659.5, 484.1);GATE
Port:(659.5, 496.9)(665.1, 496.9)(665.1, 550.7)(659.5, 550.7);SD
Port:(857.4, 484.1)(857.4, 563.5)(666.1, 563.5)(666.1, 484.1);GATE
Port:(847.6, 489.5)(853.0, 489.5)(853.0, 558.1)(847.6, 558.1);SD
Module:M38
Boundary:(1087.6, 562.6)(1139.8, 562.6)(1139.8, 642.1)(1156.0, 642.1)(1156.0, 719.6)(1087.6, 719.6);GATE
Port:(1101.2, 715.6)(1142.4, 715.6)(1142.4, 719.6)(1101.2, 719.6);SD
Port:(1087.6, 562.6)(1139.8, 562.6)(1139.8, 642.1)(1156.0, 642.1)(1156.0, 713.3)(1087.6, 713.3);GATE
Port:(1093.7, 567.7)(1132.7, 567.7)(1132.7, 573.0)(1093.7, 573.0);SD
Module:M40
Boundary:(888.9, 328.6)(888.9, 429.2)(818.8, 429.2)(818.8, 444.1)(744.4, 444.1)(744.4, 328.6);GATE
Port:(744.4, 342.7)(748.9, 342.7)(748.9, 430.0)(744.4, 430.0);SD
Port:(888.9, 328.6)(888.9, 429.2)(818.8, 429.2)(818.8, 444.1)(751.8, 444.1)(751.8, 328.6);GATE
Port:(876.5, 334.9)(883.6, 334.9)(883.6, 421.9)(876.5, 421.9);SD
Module:M35
Boundary:(460.7, 20.0)(587.1, 20.0)(587.1, 236.6)(460.7, 236.6);GATE
Port:(475.5, 232.5)(572.3, 232.5)(572.3, 236.6)(475.5, 236.6);SD
Port:(460.7, 20.0)(587.1, 20.0)(587.1, 229.7)(460.7, 229.7);GATE
Port:(467.4, 25.7)(580.4, 25.7)(580.4, 31.7)(467.4, 31.7);SD
Module:M32
Boundary:(1237.8, 30.0)(1312.0, 30.0)(1312.0, 124.7)(1329.0, 124.7)(1329.0, 247.1)(1237.8, 247.1);GATE
Port:(1252.9, 241.2)(1313.9, 241.2)(1313.9, 247.1)(1252.9, 247.1);SD
Port:(1237.8, 30.0)(1312.0, 30.0)(1312.0, 124.7)(1329.0, 124.7)(1329.0, 239.1)(1237.8, 239.1);GATE
Port:(1244.1, 35.3)(1304.7, 35.3)(1304.7, 42.1)(1244.1, 42.1);SD
Module:M27
Boundary:(414.4, 527.7)(477.1, 527.7)(477.1, 701.3)(414.4, 701.3);GATE
Port:(428.1, 697.1)(463.4, 697.1)(463.4, 701.3)(428.1, 701.3);SD
Port:(414.4, 527.7)(477.1, 527.7)(477.1, 694.3)(414.4, 694.3);GATE
Port:(420.3, 532.6)(471.2, 532.6)(471.2, 539.6)(420.3, 539.6);SD
Module:M24
Boundary:(355.7, 478.5)(355.7, 570.2)(269.8, 570.2)(269.8, 583.8)(185.2, 583.8)(185.2, 478.5);GATE
Port:(185.2, 491.2)(190.6, 491.2)(190.6, 571.1)(185.2, 571.1);SD
Port:(355.7, 478.5)(355.7, 570.2)(269.8, 570.2)(269.8, 583.8)(193.0, 583.8)(193.0, 478.5);GATE
Port:(344.9, 484.1)(351.1, 484.1)(351.1, 563.6)(344.9, 563.6);SD
Module:M19
Boundary:(1405.5, 404.5)(1455.2, 404.5)(1455.2, 404.6)(1470.1, 404.6)(1470.1, 600.0)(1405.5, 600.0);GATE
Port:(1419.1, 594.3)(1456.5, 594.3)(1456.5, 600.0)(1419.1, 600.0);SD
Port:(1405.5, 404.5)(1455.2, 404.5)(1455.2, 404.6)(1470.1, 404.6)(1470.1, 592.4)(1405.5, 592.4);GATE
Port:(1412.3, 410.3)(1448.4, 410.3)(1448.4, 416.3)(1412.3, 416.3);SD
Module:M6
Boundary:(1045.5, 339.5)(1045.5, 420.9)(1035.4, 420.9)(1035.4, 436.3)(918.9, 436.3)(918.9, 339.5);GATE
Port:(918.9, 351.7)(924.3, 351.7)(924.3, 424.1)(918.9, 424.1);SD
Port:(1045.5, 339.5)(1045.5, 420.9)(1035.4, 420.9)(1035.4, 436.3)(926.7, 436.3)(926.7, 339.5);GATE
Port:(1036.2, 344.9)(1041.1, 344.9)(1041.1, 414.5)(1036.2, 414.5);SD
Module:M21
Boundary:(847.8, 613.5)(847.8, 711.4)(649.5, 711.4)(649.5, 613.5);GATE
Port:(649.5, 628.0)(654.9, 628.0)(654.9, 696.9)(649.5, 696.9);SD
Port:(847.8, 613.5)(847.8, 711.4)(656.9, 711.4)(656.9, 613.5);GATE
Port:(836.0, 619.5)(842.8, 619.5)(842.8, 705.4)(836.0, 705.4);SD
Module:M2
Boundary:(1187.8, 159.5)(1187.8, 241.4)(1140.4, 241.4)(1140.4, 257.0)(1085.5, 257.0)(1085.5, 159.5);GATE
Port:(1085.5, 171.5)(1089.7, 171.5)(1089.7, 245.0)(1085.5, 245.0);SD
Port:(1187.8, 159.5)(1187.8, 241.4)(1140.4, 241.4)(1140.4, 257.0)(1091.5, 257.0)(1091.5, 159.5);GATE
Port:(1178.9, 164.8)(1183.5, 164.8)(1183.5, 235.1)(1178.9, 235.1);SD
Module:M16
Boundary:(374.4, 368.2)(374.4, 425.8)(274.9, 425.8)(274.9, 438.5)(185.2, 438.5)(185.2, 368.2);GATE
Port:(185.2, 379.6)(189.4, 379.6)(189.4, 427.1)(185.2, 427.1);SD
Port:(374.4, 368.2)(374.4, 425.8)(274.9, 425.8)(274.9, 438.5)(191.8, 438.5)(191.8, 368.2);GATE
Port:(365.1, 373.3)(370.3, 373.3)(370.3, 419.7)(365.1, 419.7);SD
Module:M13
Boundary:(30.0, 555.9)(99.0, 555.9)(99.0, 556.4)(116.0, 556.4)(116.0, 674.9)(30.0, 674.9);GATE
Port:(44.3, 670.6)(101.7, 670.6)(101.7, 674.9)(44.3, 674.9);SD
Port:(30.0, 555.9)(99.0, 555.9)(99.0, 556.4)(116.0, 556.4)(116.0, 669.5)(30.0, 669.5);GATE
Port:(36.6, 561.5)(92.4, 561.5)(92.4, 566.8)(36.6, 566.8);SD
Module:M10
Boundary:(1047.6, 617.7)(1047.6, 681.3)(984.0, 681.3)(984.0, 695.9)(917.4, 695.9)(917.4, 617.7);GATE
Port:(917.4, 629.8)(921.9, 629.8)(921.9, 683.8)(917.4, 683.8);SD
Port:(1047.6, 617.7)(1047.6, 681.3)(984.0, 681.3)(984.0, 695.9)(924.1, 695.9)(924.1, 617.7);GATE
Port:(1037.7, 622.7)(1043.6, 622.7)(1043.6, 675.3)(1037.7, 675.3);SD
Module:M37
Boundary:(1075.5, 287.0)(1120.2, 287.0)(1120.2, 287.2)(1134.4, 287.2)(1134.4, 366.8)(1075.5, 366.8);GATE
Port:(1086.9, 361.9)(1123.0, 361.9)(1123.0, 366.8)(1086.9, 366.8);SD
Port:(1075.5, 287.0)(1120.2, 287.0)(1120.2, 287.2)(1134.4, 287.2)(1134.4, 360.0)(1075.5, 360.0);GATE
Port:(1080.8, 291.3)(1114.9, 291.3)(1114.9, 296.7)(1080.8, 296.7);SD
Module:M34
Boundary:(1042.2, 476.3)(1042.2, 554.4)(987.8, 554.4)(987.8, 567.7)(907.4, 567.7)(907.4, 476.3);GATE
Port:(907.4, 489.6)(913.0, 489.6)(913.0, 554.4)(907.4, 554.4);SD
Port:(1042.2, 476.3)(1042.2, 554.4)(987.8, 554.4)(987.8, 567.7)(915.5, 567.7)(915.5, 476.3);GATE
Port:(1030.7, 483.1)(1036.4, 483.1)(1036.4, 546.6)(1030.7, 546.6);SD
Module:M29
Boundary:(948.1, 169.4)(1043.6, 169.4)(1043.6, 299.5)(948.1, 299.5);GATE
Port:(961.8, 293.9)(1029.9, 293.9)(1029.9, 299.5)(961.8, 299.5);SD
Port:(948.1, 169.4)(1043.6, 169.4)(1043.6, 292.8)(948.1, 292.8);GATE
Port:(953.8, 174.1)(1037.9, 174.1)(1037.9, 180.8)(953.8, 180.8);SD
Module:M7
Boundary:(1473.4, 20.0)(1473.4, 83.3)(1473.2, 83.3)(1473.2, 99.6)(1379.0, 99.6)(1379.0, 20.0);GATE
Port:(1379.0, 32.1)(1384.9, 32.1)(1384.9, 87.5)(1379.0, 87.5);SD
Port:(1473.4, 20.0)(1473.4, 83.3)(1473.2, 83.3)(1473.2, 99.6)(1386.3, 99.6)(1386.3, 20.0);GATE
Port:(1464.6, 25.6)(1468.8, 25.6)(1468.8, 77.7)(1464.6, 77.7);SD
Module:M31
Boundary:(627.1, 20.0)(719.3, 20.0)(719.3, 225.6)(627.1, 225.6);GATE
Port:(640.3, 220.7)(706.1, 220.7)(706.1, 225.6)(640.3, 225.6);SD
Port:(627.1, 20.0)(719.3, 20.0)(719.3, 219.1)(627.1, 219.1);GATE
Port:(633.1, 25.0)(713.3, 25.0)(713.3, 31.4)(633.1, 31.4);SD
Module:M3
Boundary:(649.5, 265.6)(714.4, 265.6)(714.4, 337.5)(649.5, 337.5);GATE
Port:(663.0, 331.7)(700.9, 331.7)(700.9, 337.5)(663.0, 337.5);SD
Port:(649.5, 265.6)(714.4, 265.6)(714.4, 330.1)(649.5, 330.1);GATE
Port:(656.3, 271.4)(707.6, 271.4)(707.6, 277.5)(656.3, 277.5);SD
Module:M26
Boundary:(312.0, 20.0)(404.0, 20.0)(404.0, 139.1)(420.7, 139.1)(420.7, 216.3)(312.0, 216.3);GATE
Port:(327.0, 210.9)(405.7, 210.9)(405.7, 216.3)(327.0, 216.3);SD
Port:(312.0, 20.0)(404.0, 20.0)(404.0, 139.1)(420.7, 139.1)(420.7, 209.1)(312.0, 209.1);GATE
Port:(318.2, 25.2)(396.8, 25.2)(396.8, 32.5)(318.2, 32.5);SD
Module:M23
Boundary:(30.0, 277.3)(125.4, 277.3)(125.4, 495.9)(30.0, 495.9);GATE
Port:(43.1, 491.7)(112.3, 491.7)(112.3, 495.9)(43.1, 495.9);SD
Port:(30.0, 277.3)(125.4, 277.3)(125.4, 488.8)(30.0, 488.8);GATE
Port:(36.7, 283.0)(118.7, 283.0)(118.7, 288.7)(36.7, 288.7);SD
Module:M18
Boundary:(769.3, 194.8)(874.2, 194.8)(874.2, 221.5)(890.1, 221.5)(890.1, 288.6)(769.3, 288.6);GATE
Port:(784.0, 284.4)(875.4, 284.4)(875.4, 288.6)(784.0, 288.6);SD
Port:(769.3, 194.8)(874.2, 194.8)(874.2, 221.5)(890.1, 221.5)(890.1, 281.9)(769.3, 281.9);GATE
Port:(775.4, 199.9)(867.1, 199.9)(867.1, 206.6)(775.4, 206.6);SD
Module:M20
Boundary:(1405.2, 149.6)(1450.5, 149.6)(1450.5, 167.9)(1463.6, 167.9)(1463.6, 354.5)(1405.2, 354.5);GATE
Port:(1417.2, 348.8)(1451.6, 348.8)(1451.6, 354.5)(1417.2, 354.5);SD
Port:(1405.2, 149.6)(1450.5, 149.6)(1450.5, 167.9)(1463.6, 167.9)(1463.6, 347.6)(1405.2, 347.6);GATE
Port:(1411.4, 154.8)(1443.3, 154.8)(1443.3, 159.2)(1411.4, 159.2);SD
Module:M15
Boundary:(578.2, 286.6)(578.2, 374.9)(444.3, 374.9)(444.3, 286.6);GATE
Port:(444.3, 298.9)(449.5, 298.9)(449.5, 362.6)(444.3, 362.6);SD
Port:(578.2, 286.6)(578.2, 374.9)(452.0, 374.9)(452.0, 286.6);GATE
Port:(567.5, 291.8)(574.0, 291.8)(574.0, 369.7)(567.5, 369.7);SD
Module:M12
Boundary:(185.2, 20.0)(258.8, 20.0)(258.8, 69.6)(272.0, 69.6)(272.0, 207.7)(185.2, 207.7);GATE
Port:(196.8, 203.5)(260.4, 203.5)(260.4, 207.7)(196.8, 207.7);SD
Port:(185.2, 20.0)(258.8, 20.0)(258.8, 69.6)(272.0, 69.6)(272.0, 200.8)(185.2, 200.8);GATE
Port:(191.3, 25.1)(251.7, 25.1)(251.7, 29.5)(191.3, 29.5);SD
Module:M39
Boundary:(1176.0, 562.6)(1249.7, 562.6)(1249.7, 562.9)(1263.5, 562.9)(1263.5, 697.0)(1176.0, 697.0);GATE
Port:(1189.1, 691.7)(1250.4, 691.7)(1250.4, 697.0)(1189.1, 697.0);SD
Port:(1176.0, 562.6)(1249.7, 562.6)(1249.7, 562.9)(1263.5, 562.9)(1263.5, 690.5)(1176.0, 690.5);GATE
Port:(1182.5, 568.1)(1243.2, 568.1)(1243.2, 573.7)(1182.5, 573.7);SD
Module:M8
Boundary:(365.5, 623.8)(365.5, 694.7)(332.9, 694.7)(332.9, 710.2)(175.4, 710.2)(175.4, 623.8);GATE
Port:(175.4, 638.4)(180.5, 638.4)(180.5, 695.6)(175.4, 695.6);SD
Port:(365.5, 623.8)(365.5, 694.7)(332.9, 694.7)(332.9, 710.2)(182.7, 710.2)(182.7, 623.8);GATE
Port:(352.8, 630.5)(359.8, 630.5)(359.8, 687.0)(352.8, 687.0);SD
Module:M4
Boundary:(590.6, 424.9)(590.6, 474.0)(537.8, 474.0)(537.8, 487.7)(434.3, 487.7)(434.3, 424.9);GATE
Port:(434.3, 438.2)(439.7, 438.2)(439.7, 474.4)(434.3, 474.4);SD
Port:(590.6, 424.9)(590.6, 474.0)(537.8, 474.0)(537.8, 487.7)(441.3, 487.7)(441.3, 424.9);GATE
Port:(579.7, 431.3)(585.2, 431.3)(585.2, 466.6)(579.7, 466.6);SD
Module:M36
Boundary:(1075.5, 386.8)(1122.5, 386.8)(1122.5, 412.8)(1136.3, 412.8)(1136.3, 538.9)(1075.5, 538.9);GATE
Port:(1087.6, 534.6)(1124.2, 534.6)(1124.2, 538.9)(1087.6, 538.9);SD
Port:(1075.5, 386.8)(1122.5, 386.8)(1122.5, 412.8)(1136.3, 412.8)(1136.3, 532.4)(1075.5, 532.4);GATE
Port:(1081.3, 391.6)(1115.7, 391.6)(1115.7, 396.7)(1081.3, 396.7);SD
Module:M33
Boundary:(1294.8, 417.4)(1365.5, 417.4)(1365.5, 583.5)(1294.8, 583.5);GATE
Port:(1308.0, 577.8)(1352.3, 577.8)(1352.3, 583.5)(1308.0, 583.5);SD
Port:(1294.8, 417.4)(1365.5, 417.4)(1365.5, 575.6)(1294.8, 575.6);GATE
Port:(1300.0, 421.6)(1360.3, 421.6)(1360.3, 427.5)(1300.0, 427.5);SD
Module:M28
Boundary:(1071.5, 20.0)(1164.9, 20.0)(1164.9, 64.8)(1181.9, 64.8)(1181.9, 119.5)(1071.5, 119.5);GATE
Port:(1086.9, 114.4)(1166.5, 114.4)(1166.5, 119.5)(1086.9, 119.5);SD
Port:(1071.5, 20.0)(1164.9, 20.0)(1164.9, 64.8)(1181.9, 64.8)(1181.9, 113.2)(1071.5, 113.2);GATE
Port:(1078.4, 25.9)(1157.0, 25.9)(1157.0, 32.5)(1078.4, 32.5);SD
Module:M30
Boundary:(1475.2, 640.0)(1475.2, 691.2)(1381.6, 691.2)(1381.6, 706.0)(1294.8, 706.0)(1294.8, 640.0);GATE
Port:(1294.8, 653.7)(1300.0, 653.7)(1300.0, 692.3)(1294.8, 692.3);SD
Port:(1475.2, 640.0)(1475.2, 691.2)(1381.6, 691.2)(1381.6, 706.0)(1302.5, 706.0)(1302.5, 640.0);GATE
Port:(1463.8, 645.9)(1470.3, 645.9)(1470.3, 684.3)(1463.8, 684.3);SD
Module:M25
Boundary:(1355.2, 297.1)(1355.2, 362.0)(1354.9, 362.0)(1354.9, 377.4)(1166.3, 377.4)(1166.3, 297.1);GATE
Port:(1166.3, 310.8)(1171.2, 310.8)(1171.2, 363.7)(1166.3, 363.7);SD
Port:(1355.2, 297.1)(1355.2, 362.0)(1354.9, 362.0)(1354.9, 377.4)(1172.7, 377.4)(1172.7, 297.1);GATE
Port:(1343.6, 302.5)(1350.8, 302.5)(1350.8, 356.6)(1343.6, 356.6);SD
Module:M22
Boundary:(908.1, 20.0)(908.1, 128.4)(883.4, 128.4)(883.4, 144.8)(759.3, 144.8)(759.3, 20.0);GATE
Port:(759.3, 35.2)(763.6, 35.2)(763.6, 129.6)(759.3, 129.6);SD
Port:(908.1, 20.0)(908.1, 128.4)(883.4, 128.4)(883.4, 144.8)(766.1, 144.8)(766.1, 20.0);GATE
Port:(896.3, 26.6)(902.5, 26.6)(902.5, 120.8)(896.3, 120.8);SD
Module:M17
Boundary:(1166.3, 417.4)(1254.8, 417.4)(1254.8, 532.6)(1166.3, 532.6);GATE
Port:(1181.0, 527.0)(1240.1, 527.0)(1240.1, 532.6)(1181.0, 532.6);SD
Port:(1166.3, 417.4)(1254.8, 417.4)(1254.8, 524.1)(1166.3, 524.1);GATE
Port:(1173.3, 423.4)(1247.8, 423.4)(1247.8, 429.0)(1173.3, 429.0);SD
