Area:(-20.0, 14.7)(569.0, 14.7)(569.0, 1295.9)(-20.0, 1295.9)
Rule:GATE(5,5);SD(5,5);GATE_SD(0.5);GATE_ITO(0.5);SD_ITO(0.5)
Module:M6
Boundary:(298.8, 127.7)(298.8, 54.6)(131.8, 54.6)(131.8, 127.7);GATE
Port:(131.8, 69.2)(141.8, 69.2)(141.8, 113.2)(131.8, 113.2);SD
Port:(298.8, 127.7)(298.8, 54.6)(146.8, 54.6)(146.8, 127.7);GATE
Port:(289.8, 64.7)(293.8, 64.7)(293.8, 117.7)(289.8, 117.7);SD
Module:M20
Boundary:(28.6, 82.7)(104.7, 82.7)(104.7, 90.7)(119.6, 90.7)(119.6, 238.7)(28.6, 238.7);GATE
Port:(43.1, 228.7)(105.1, 228.7)(105.1, 238.7)(43.1, 238.7);SD
Port:(28.6, 82.7)(104.7, 82.7)(104.7, 90.7)(119.6, 90.7)(119.6, 223.7)(28.6, 223.7);GATE
Port:(38.6, 87.7)(89.6, 87.7)(89.6, 91.7)(38.6, 91.7);SD
Module:M14
Boundary:(339.6, 262.8)(487.1, 262.8)(487.1, 241.8)(502.6, 241.8)(502.6, 68.8)(339.6, 68.8);GATE
Port:(354.1, 68.8)(488.1, 68.8)(488.1, 78.8)(354.1, 78.8);SD
Port:(339.6, 262.8)(487.1, 262.8)(487.1, 241.8)(502.6, 241.8)(502.6, 83.8)(339.6, 83.8);GATE
Port:(349.6, 253.8)(472.6, 253.8)(472.6, 257.8)(349.6, 257.8);SD
Module:M12
Boundary:(294.0, 140.9)(236.5, 140.9)(236.5, 176.1)(149.0, 176.1)(149.0, 333.9)(294.0, 333.9);GATE
Port:(163.5, 323.9)(279.5, 323.9)(279.5, 333.9)(163.5, 333.9);SD
Port:(294.0, 140.9)(236.5, 140.9)(236.5, 176.1)(149.0, 176.1)(149.0, 318.9)(294.0, 318.9);GATE
Port:(251.0, 145.9)(284.0, 145.9)(284.0, 149.9)(251.0, 149.9);SD
Module:M13
Boundary:(337.8, 286.3)(410.8, 286.3)(410.8, 438.3)(337.8, 438.3);GATE
Port:(352.3, 428.3)(396.3, 428.3)(396.3, 438.3)(352.3, 438.3);SD
Port:(337.8, 286.3)(410.8, 286.3)(410.8, 423.3)(337.8, 423.3);GATE
Port:(347.8, 291.3)(400.8, 291.3)(400.8, 295.3)(347.8, 295.3);SD
Module:M11
Boundary:(438.1, 276.4)(511.1, 276.4)(511.1, 445.4)(438.1, 445.4);GATE
Port:(452.6, 435.4)(496.6, 435.4)(496.6, 445.4)(452.6, 445.4);SD
Port:(438.1, 276.4)(511.1, 276.4)(511.1, 430.4)(438.1, 430.4);GATE
Port:(448.1, 281.4)(501.1, 281.4)(501.1, 285.4)(448.1, 285.4);SD
Module:M25
Boundary:(131.8, 455.8)(131.8, 326.3)(86.3, 326.3)(86.3, 238.8)(31.8, 238.8)(31.8, 455.8);GATE
Port:(31.8, 253.3)(41.8, 253.3)(41.8, 441.3)(31.8, 441.3);SD
Port:(131.8, 455.8)(131.8, 326.3)(86.3, 326.3)(86.3, 238.8)(46.8, 238.8)(46.8, 455.8);GATE
Port:(122.8, 340.8)(126.8, 340.8)(126.8, 445.8)(122.8, 445.8);SD
Module:M17
Boundary:(187.8, 471.8)(187.8, 398.8)(323.8, 398.8)(323.8, 471.8);GATE
Port:(313.8, 413.3)(323.8, 413.3)(323.8, 457.3)(313.8, 457.3);SD
Port:(187.8, 471.8)(187.8, 398.8)(308.8, 398.8)(308.8, 471.8);GATE
Port:(192.8, 408.8)(196.8, 408.8)(196.8, 461.8)(192.8, 461.8);SD
Module:M21
Boundary:(130.6, 488.7)(21.6, 488.7)(21.6, 582.7)(130.6, 582.7);GATE
Port:(36.1, 572.7)(116.1, 572.7)(116.1, 582.7)(36.1, 582.7);SD
Port:(130.6, 488.7)(21.6, 488.7)(21.6, 567.7)(130.6, 567.7);GATE
Port:(31.6, 493.7)(120.6, 493.7)(120.6, 497.7)(31.6, 497.7);SD
Module:M3
Boundary:(358.2, 506.8)(358.2, 582.8)(350.2, 582.8)(350.2, 597.8)(272.2, 597.8)(272.2, 506.8);GATE
Port:(272.2, 521.3)(282.2, 521.3)(282.2, 583.3)(272.2, 583.3);SD
Port:(358.2, 506.8)(358.2, 582.8)(350.2, 582.8)(350.2, 597.8)(287.2, 597.8)(287.2, 506.8);GATE
Port:(349.2, 516.8)(353.2, 516.8)(353.2, 567.8)(349.2, 567.8);SD
Module:M5
Boundary:(413.1, 477.2)(413.1, 570.7)(423.1, 570.7)(423.1, 586.2)(521.1, 586.2)(521.1, 477.2);GATE
Port:(511.1, 491.7)(521.1, 491.7)(521.1, 571.7)(511.1, 571.7);SD
Port:(413.1, 477.2)(413.1, 570.7)(423.1, 570.7)(423.1, 586.2)(506.1, 586.2)(506.1, 477.2);GATE
Port:(418.1, 487.2)(422.1, 487.2)(422.1, 556.2)(418.1, 556.2);SD
Module:M23
Boundary:(252.0, 642.0)(252.0, 494.5)(236.0, 494.5)(236.0, 479.0)(169.0, 479.0)(169.0, 642.0);GATE
Port:(169.0, 493.5)(179.0, 493.5)(179.0, 627.5)(169.0, 627.5);SD
Port:(252.0, 642.0)(252.0, 494.5)(236.0, 494.5)(236.0, 479.0)(184.0, 479.0)(184.0, 642.0);GATE
Port:(243.0, 509.0)(247.0, 509.0)(247.0, 632.0)(243.0, 632.0);SD
Module:M15
Boundary:(129.0, 610.2)(129.0, 721.7)(117.0, 721.7)(117.0, 737.2)(65.0, 737.2)(65.0, 610.2);GATE
Port:(65.0, 624.7)(75.0, 624.7)(75.0, 722.7)(65.0, 722.7);SD
Port:(129.0, 610.2)(129.0, 721.7)(117.0, 721.7)(117.0, 737.2)(80.0, 737.2)(80.0, 610.2);GATE
Port:(120.0, 620.2)(124.0, 620.2)(124.0, 707.2)(120.0, 707.2);SD
Module:M8
Boundary:(529.0, 739.0)(529.0, 681.5)(484.0, 681.5)(484.0, 612.0)(330.0, 612.0)(330.0, 739.0);GATE
Port:(330.0, 626.5)(340.0, 626.5)(340.0, 724.5)(330.0, 724.5);SD
Port:(529.0, 739.0)(529.0, 681.5)(484.0, 681.5)(484.0, 612.0)(345.0, 612.0)(345.0, 739.0);GATE
Port:(520.0, 696.0)(524.0, 696.0)(524.0, 729.0)(520.0, 729.0);SD
Module:M16
Boundary:(142.6, 721.7)(142.6, 648.7)(303.6, 648.7)(303.6, 721.7);GATE
Port:(293.6, 663.2)(303.6, 663.2)(303.6, 707.2)(293.6, 707.2);SD
Port:(142.6, 721.7)(142.6, 648.7)(288.6, 648.7)(288.6, 721.7);GATE
Port:(147.6, 658.7)(151.6, 658.7)(151.6, 711.7)(147.6, 711.7);SD
Module:M7
Boundary:(41.2, 746.0)(41.2, 822.0)(49.2, 822.0)(49.2, 837.0)(110.2, 837.0)(110.2, 746.0);GATE
Port:(100.2, 760.5)(110.2, 760.5)(110.2, 822.5)(100.2, 822.5);SD
Port:(41.2, 746.0)(41.2, 822.0)(49.2, 822.0)(49.2, 837.0)(95.2, 837.0)(95.2, 746.0);GATE
Port:(46.2, 756.0)(50.2, 756.0)(50.2, 807.0)(46.2, 807.0);SD
Module:M2
Boundary:(338.0, 740.5)(338.0, 870.0)(352.0, 870.0)(352.0, 885.5)(523.0, 885.5)(523.0, 740.5);GATE
Port:(513.0, 755.0)(523.0, 755.0)(523.0, 871.0)(513.0, 871.0);SD
Port:(338.0, 740.5)(338.0, 870.0)(352.0, 870.0)(352.0, 885.5)(508.0, 885.5)(508.0, 740.5);GATE
Port:(343.0, 750.5)(347.0, 750.5)(347.0, 855.5)(343.0, 855.5);SD
Module:M24
Boundary:(304.0, 791.5)(304.0, 885.0)(184.5, 885.0)(184.5, 990.5)(133.0, 990.5)(133.0, 791.5);GATE
Port:(133.0, 806.0)(143.0, 806.0)(143.0, 976.0)(133.0, 976.0);SD
Port:(304.0, 791.5)(304.0, 885.0)(184.5, 885.0)(184.5, 990.5)(148.0, 990.5)(148.0, 791.5);GATE
Port:(295.0, 801.5)(299.0, 801.5)(299.0, 870.5)(295.0, 870.5);SD
Module:M1
Boundary:(20.0, 892.9)(93.0, 892.9)(93.0, 983.9)(20.0, 983.9);GATE
Port:(34.5, 973.9)(78.5, 973.9)(78.5, 983.9)(34.5, 983.9);SD
Port:(20.0, 892.9)(93.0, 892.9)(93.0, 968.9)(20.0, 968.9);GATE
Port:(30.0, 897.9)(83.0, 897.9)(83.0, 901.9)(30.0, 901.9);SD
Module:M22
Boundary:(496.6, 954.8)(385.1, 954.8)(385.1, 1023.0)(351.6, 1023.0)(351.6, 1108.8)(496.6, 1108.8);GATE
Port:(366.1, 1098.8)(482.1, 1098.8)(482.1, 1108.8)(366.1, 1108.8);SD
Port:(496.6, 954.8)(385.1, 954.8)(385.1, 1023.0)(351.6, 1023.0)(351.6, 1093.8)(496.6, 1093.8);GATE
Port:(399.6, 959.8)(486.6, 959.8)(486.6, 963.8)(399.6, 963.8);SD
Module:M9
Boundary:(21.6, 1011.2)(21.6, 1087.2)(29.6, 1087.2)(29.6, 1102.2)(176.6, 1102.2)(176.6, 1011.2);GATE
Port:(166.6, 1025.7)(176.6, 1025.7)(176.6, 1087.7)(166.6, 1087.7);SD
Port:(21.6, 1011.2)(21.6, 1087.2)(29.6, 1087.2)(29.6, 1102.2)(161.6, 1102.2)(161.6, 1011.2);GATE
Port:(26.6, 1021.2)(30.6, 1021.2)(30.6, 1072.2)(26.6, 1072.2);SD
Module:M19
Boundary:(218.5, 1029.5)(330.0, 1029.5)(330.0, 1041.5)(345.5, 1041.5)(345.5, 1149.5)(218.5, 1149.5);GATE
Port:(233.0, 1139.5)(331.0, 1139.5)(331.0, 1149.5)(233.0, 1149.5);SD
Port:(218.5, 1029.5)(330.0, 1029.5)(330.0, 1041.5)(345.5, 1041.5)(345.5, 1134.5)(218.5, 1134.5);GATE
Port:(228.5, 1034.5)(315.5, 1034.5)(315.5, 1038.5)(228.5, 1038.5);SD
Module:M18
Boundary:(32.7, 1246.9)(162.2, 1246.9)(162.2, 1232.9)(177.7, 1232.9)(177.7, 1128.9)(32.7, 1128.9);GATE
Port:(47.2, 1128.9)(163.2, 1128.9)(163.2, 1138.9)(47.2, 1138.9);SD
Port:(32.7, 1246.9)(162.2, 1246.9)(162.2, 1232.9)(177.7, 1232.9)(177.7, 1143.9)(32.7, 1143.9);GATE
Port:(42.7, 1237.9)(147.7, 1237.9)(147.7, 1241.9)(42.7, 1241.9);SD
Module:M10
Boundary:(376.0, 1255.9)(376.0, 1179.9)(368.0, 1179.9)(368.0, 1164.9)(215.0, 1164.9)(215.0, 1255.9);GATE
Port:(215.0, 1179.4)(225.0, 1179.4)(225.0, 1241.4)(215.0, 1241.4);SD
Port:(376.0, 1255.9)(376.0, 1179.9)(368.0, 1179.9)(368.0, 1164.9)(230.0, 1164.9)(230.0, 1255.9);GATE
Port:(367.0, 1194.9)(371.0, 1194.9)(371.0, 1245.9)(367.0, 1245.9);SD
Module:M4
Boundary:(497.8, 1122.1)(497.8, 1233.6)(485.7, 1233.6)(485.7, 1249.1)(383.8, 1249.1)(383.8, 1122.1);GATE
Port:(383.8, 1136.6)(393.8, 1136.6)(393.8, 1234.6)(383.8, 1234.6);SD
Port:(497.8, 1122.1)(497.8, 1233.6)(485.7, 1233.6)(485.7, 1249.1)(398.8, 1249.1)(398.8, 1122.1);GATE
Port:(488.8, 1132.1)(492.8, 1132.1)(492.8, 1219.1)(488.8, 1219.1);SD
