Area:(-20.0, -20.0)(738.0, -20.0)(738.0, 1111.0)(-20.0, 1111.0)
Rule:GATE(5,5);SD(5,5);GATE_SD(0.5);GATE_ITO(0.5);SD_ITO(0.5)
Module:M14
Boundary:(562.0, 392.0)(562.0, 503.5)(550.0, 503.5)(550.0, 519.0)(421.0, 519.0)(421.0, 392.0);GATE
Port:(421.0, 406.5)(431.0, 406.5)(431.0, 504.5)(421.0, 504.5);SD
Port:(562.0, 392.0)(562.0, 503.5)(550.0, 503.5)(550.0, 519.0)(436.0, 519.0)(436.0, 392.0);GATE
Port:(553.0, 402.0)(557.0, 402.0)(557.0, 489.0)(553.0, 489.0);SD
Module:M9
Boundary:(625.0, 20.0)(698.0, 20.0)(698.0, 133.0)(625.0, 133.0);GATE
Port:(639.5, 123.0)(683.5, 123.0)(683.5, 133.0)(639.5, 133.0);SD
Port:(625.0, 20.0)(698.0, 20.0)(698.0, 118.0)(625.0, 118.0);GATE
Port:(635.0, 25.0)(688.0, 25.0)(688.0, 29.0)(635.0, 29.0);SD
Module:M5
Boundary:(218.0, 205.0)(218.0, 334.5)(126.7, 334.5)(126.7, 368.0)(20.0, 368.0)(20.0, 205.0);GATE
Port:(20.0, 219.5)(30.0, 219.5)(30.0, 353.5)(20.0, 353.5);SD
Port:(218.0, 205.0)(218.0, 334.5)(126.7, 334.5)(126.7, 368.0)(35.0, 368.0)(35.0, 205.0);GATE
Port:(209.0, 215.0)(213.0, 215.0)(213.0, 320.0)(209.0, 320.0);SD
Module:M11
Boundary:(408.0, 744.0)(555.5, 744.0)(555.5, 760.0)(571.0, 760.0)(571.0, 867.0)(408.0, 867.0);GATE
Port:(422.5, 857.0)(556.5, 857.0)(556.5, 867.0)(422.5, 867.0);SD
Port:(408.0, 744.0)(555.5, 744.0)(555.5, 760.0)(571.0, 760.0)(571.0, 852.0)(408.0, 852.0);GATE
Port:(418.0, 749.0)(541.0, 749.0)(541.0, 753.0)(418.0, 753.0);SD
Module:M1
Boundary:(564.0, 559.0)(564.0, 688.5)(550.0, 688.5)(550.0, 704.0)(410.0, 704.0)(410.0, 559.0);GATE
Port:(410.0, 573.5)(420.0, 573.5)(420.0, 689.5)(410.0, 689.5);SD
Port:(564.0, 559.0)(564.0, 688.5)(550.0, 688.5)(550.0, 704.0)(425.0, 704.0)(425.0, 559.0);GATE
Port:(555.0, 569.0)(559.0, 569.0)(559.0, 674.0)(555.0, 674.0);SD
Module:M24
Boundary:(205.0, 678.0)(352.5, 678.0)(352.5, 694.0)(368.0, 694.0)(368.0, 800.0)(205.0, 800.0);GATE
Port:(219.5, 790.0)(353.5, 790.0)(353.5, 800.0)(219.5, 800.0);SD
Port:(205.0, 678.0)(352.5, 678.0)(352.5, 694.0)(368.0, 694.0)(368.0, 785.0)(205.0, 785.0);GATE
Port:(215.0, 683.0)(338.0, 683.0)(338.0, 687.0)(215.0, 687.0);SD
Module:M19
Boundary:(454.0, 20.0)(454.0, 77.5)(351.2, 77.5)(351.2, 237.0)(272.0, 237.0)(272.0, 20.0);GATE
Port:(272.0, 34.5)(282.0, 34.5)(282.0, 222.5)(272.0, 222.5);SD
Port:(454.0, 20.0)(454.0, 77.5)(351.2, 77.5)(351.2, 237.0)(287.0, 237.0)(287.0, 20.0);GATE
Port:(445.0, 30.0)(449.0, 30.0)(449.0, 63.0)(445.0, 63.0);SD
Module:M6
Boundary:(697.0, 552.0)(697.0, 628.0)(689.0, 628.0)(689.0, 643.0)(611.0, 643.0)(611.0, 552.0);GATE
Port:(611.0, 566.5)(621.0, 566.5)(621.0, 628.5)(611.0, 628.5);SD
Port:(697.0, 552.0)(697.0, 628.0)(689.0, 628.0)(689.0, 643.0)(626.0, 643.0)(626.0, 552.0);GATE
Port:(688.0, 562.0)(692.0, 562.0)(692.0, 613.0)(688.0, 613.0);SD
Module:M21
Boundary:(349.0, 944.0)(349.0, 1055.5)(331.0, 1055.5)(331.0, 1071.0)(205.0, 1071.0)(205.0, 944.0);GATE
Port:(205.0, 958.5)(215.0, 958.5)(215.0, 1056.5)(205.0, 1056.5);SD
Port:(349.0, 944.0)(349.0, 1055.5)(331.0, 1055.5)(331.0, 1071.0)(220.0, 1071.0)(220.0, 944.0);GATE
Port:(340.0, 954.0)(344.0, 954.0)(344.0, 1041.0)(340.0, 1041.0);SD
Module:M2
Boundary:(272.0, 277.0)(419.5, 277.0)(419.5, 293.0)(435.0, 293.0)(435.0, 349.0)(272.0, 349.0);GATE
Port:(286.5, 339.0)(420.5, 339.0)(420.5, 349.0)(286.5, 349.0);SD
Port:(272.0, 277.0)(419.5, 277.0)(419.5, 293.0)(435.0, 293.0)(435.0, 334.0)(272.0, 334.0);GATE
Port:(282.0, 282.0)(405.0, 282.0)(405.0, 286.0)(282.0, 286.0);SD
Module:M16
Boundary:(20.0, 814.0)(149.5, 814.0)(149.5, 828.0)(165.0, 828.0)(165.0, 951.0)(20.0, 951.0);GATE
Port:(34.5, 941.0)(150.5, 941.0)(150.5, 951.0)(34.5, 951.0);SD
Port:(20.0, 814.0)(149.5, 814.0)(149.5, 828.0)(165.0, 828.0)(165.0, 936.0)(20.0, 936.0);GATE
Port:(30.0, 819.0)(135.0, 819.0)(135.0, 823.0)(30.0, 823.0);SD
Module:M13
Boundary:(232.0, 20.0)(232.0, 149.5)(218.0, 149.5)(218.0, 165.0)(122.0, 165.0)(122.0, 20.0);GATE
Port:(122.0, 34.5)(132.0, 34.5)(132.0, 150.5)(122.0, 150.5);SD
Port:(232.0, 20.0)(232.0, 149.5)(218.0, 149.5)(218.0, 165.0)(137.0, 165.0)(137.0, 20.0);GATE
Port:(223.0, 30.0)(227.0, 30.0)(227.0, 135.0)(223.0, 135.0);SD
Module:M10
Boundary:(203.0, 408.0)(203.0, 555.5)(187.0, 555.5)(187.0, 571.0)(20.0, 571.0)(20.0, 408.0);GATE
Port:(20.0, 422.5)(30.0, 422.5)(30.0, 556.5)(20.0, 556.5);SD
Port:(203.0, 408.0)(203.0, 555.5)(187.0, 555.5)(187.0, 571.0)(35.0, 571.0)(35.0, 408.0);GATE
Port:(194.0, 418.0)(198.0, 418.0)(198.0, 541.0)(194.0, 541.0);SD
Module:M7
Boundary:(494.0, 20.0)(570.0, 20.0)(570.0, 28.0)(585.0, 28.0)(585.0, 131.0)(494.0, 131.0);GATE
Port:(508.5, 121.0)(570.5, 121.0)(570.5, 131.0)(508.5, 131.0);SD
Port:(494.0, 20.0)(570.0, 20.0)(570.0, 28.0)(585.0, 28.0)(585.0, 116.0)(494.0, 116.0);GATE
Port:(504.0, 25.0)(555.0, 25.0)(555.0, 29.0)(504.0, 29.0);SD
Module:M3
Boundary:(272.0, 389.0)(365.5, 389.0)(365.5, 399.0)(381.0, 399.0)(381.0, 487.0)(272.0, 487.0);GATE
Port:(286.5, 477.0)(366.5, 477.0)(366.5, 487.0)(286.5, 487.0);SD
Port:(272.0, 389.0)(365.5, 389.0)(365.5, 399.0)(381.0, 399.0)(381.0, 472.0)(272.0, 472.0);GATE
Port:(282.0, 394.0)(351.0, 394.0)(351.0, 398.0)(282.0, 398.0);SD
Module:M23
Boundary:(602.0, 392.0)(678.0, 392.0)(678.0, 400.0)(693.0, 400.0)(693.0, 512.0)(602.0, 512.0);GATE
Port:(616.5, 502.0)(678.5, 502.0)(678.5, 512.0)(616.5, 512.0);SD
Port:(602.0, 392.0)(678.0, 392.0)(678.0, 400.0)(693.0, 400.0)(693.0, 497.0)(602.0, 497.0);GATE
Port:(612.0, 397.0)(663.0, 397.0)(663.0, 401.0)(612.0, 401.0);SD
Module:M18
Boundary:(82.0, 20.0)(82.0, 165.0)(20.0, 165.0)(20.0, 20.0);GATE
Port:(20.0, 34.5)(30.0, 34.5)(30.0, 150.5)(20.0, 150.5);SD
Port:(82.0, 20.0)(82.0, 165.0)(35.0, 165.0)(35.0, 20.0);GATE
Port:(73.0, 30.0)(77.0, 30.0)(77.0, 155.0)(73.0, 155.0);SD
Module:M20
Boundary:(494.0, 173.0)(605.5, 173.0)(605.5, 265.5)(693.0, 265.5)(693.0, 352.0)(494.0, 352.0);GATE
Port:(508.5, 342.0)(678.5, 342.0)(678.5, 352.0)(508.5, 352.0);SD
Port:(494.0, 173.0)(605.5, 173.0)(605.5, 265.5)(693.0, 265.5)(693.0, 337.0)(494.0, 337.0);GATE
Port:(504.0, 178.0)(591.0, 178.0)(591.0, 182.0)(504.0, 182.0);SD
Module:M15
Boundary:(20.0, 991.0)(131.5, 991.0)(131.5, 1022.0)(165.0, 1022.0)(165.0, 1066.0)(20.0, 1066.0);GATE
Port:(34.5, 1056.0)(150.5, 1056.0)(150.5, 1066.0)(34.5, 1066.0);SD
Port:(20.0, 991.0)(131.5, 991.0)(131.5, 1022.0)(165.0, 1022.0)(165.0, 1051.0)(20.0, 1051.0);GATE
Port:(30.0, 996.0)(117.0, 996.0)(117.0, 1000.0)(30.0, 1000.0);SD
Module:M12
Boundary:(205.0, 840.0)(316.5, 840.0)(316.5, 852.0)(332.0, 852.0)(332.0, 904.0)(205.0, 904.0);GATE
Port:(219.5, 894.0)(317.5, 894.0)(317.5, 904.0)(219.5, 904.0);SD
Port:(205.0, 840.0)(316.5, 840.0)(316.5, 852.0)(332.0, 852.0)(332.0, 889.0)(205.0, 889.0);GATE
Port:(215.0, 845.0)(302.0, 845.0)(302.0, 849.0)(215.0, 849.0);SD
Module:M8
Boundary:(619.0, 886.0)(692.0, 886.0)(692.0, 1071.0)(619.0, 1071.0);GATE
Port:(633.5, 1061.0)(677.5, 1061.0)(677.5, 1071.0)(633.5, 1071.0);SD
Port:(619.0, 886.0)(692.0, 886.0)(692.0, 1056.0)(619.0, 1056.0);GATE
Port:(629.0, 891.0)(682.0, 891.0)(682.0, 895.0)(629.0, 895.0);SD
Module:M4
Boundary:(579.0, 907.0)(579.0, 1054.5)(563.0, 1054.5)(563.0, 1070.0)(408.0, 1070.0)(408.0, 907.0);GATE
Port:(408.0, 921.5)(418.0, 921.5)(418.0, 1055.5)(408.0, 1055.5);SD
Port:(579.0, 907.0)(579.0, 1054.5)(563.0, 1054.5)(563.0, 1070.0)(423.0, 1070.0)(423.0, 907.0);GATE
Port:(570.0, 917.0)(574.0, 917.0)(574.0, 1040.0)(570.0, 1040.0);SD
Module:M25
Boundary:(695.0, 683.0)(695.0, 830.5)(679.0, 830.5)(679.0, 846.0)(611.0, 846.0)(611.0, 683.0);GATE
Port:(611.0, 697.5)(621.0, 697.5)(621.0, 831.5)(611.0, 831.5);SD
Port:(695.0, 683.0)(695.0, 830.5)(679.0, 830.5)(679.0, 846.0)(626.0, 846.0)(626.0, 683.0);GATE
Port:(686.0, 693.0)(690.0, 693.0)(690.0, 816.0)(686.0, 816.0);SD
Module:M22
Boundary:(163.0, 611.0)(163.0, 758.5)(147.0, 758.5)(147.0, 774.0)(20.0, 774.0)(20.0, 611.0);GATE
Port:(20.0, 625.5)(30.0, 625.5)(30.0, 759.5)(20.0, 759.5);SD
Port:(163.0, 611.0)(163.0, 758.5)(147.0, 758.5)(147.0, 774.0)(35.0, 774.0)(35.0, 611.0);GATE
Port:(154.0, 621.0)(158.0, 621.0)(158.0, 744.0)(154.0, 744.0);SD
Module:M17
Boundary:(243.0, 527.0)(354.5, 527.0)(354.5, 539.0)(370.0, 539.0)(370.0, 638.0)(243.0, 638.0);GATE
Port:(257.5, 628.0)(355.5, 628.0)(355.5, 638.0)(257.5, 638.0);SD
Port:(243.0, 527.0)(354.5, 527.0)(354.5, 539.0)(370.0, 539.0)(370.0, 623.0)(243.0, 623.0);GATE
Port:(253.0, 532.0)(340.0, 532.0)(340.0, 536.0)(253.0, 536.0);SD
