Area:(-20.0, -20.0)(735.0, -20.0)(735.0, 2108.0)(-20.0, 2108.0)
Rule:GATE(5,5);SD(5,5);GATE_SD(0.5);GATE_ITO(0.5);SD_ITO(0.5)
Module:M14
Boundary:(97.0, 1862.0)(97.0, 1935.0)(20.0, 1935.0)(20.0, 1862.0);GATE
Port:(20.0, 1876.5)(30.0, 1876.5)(30.0, 1920.5)(20.0, 1920.5);SD
Port:(97.0, 1862.0)(97.0, 1935.0)(35.0, 1935.0)(35.0, 1862.0);GATE
Port:(88.0, 1872.0)(92.0, 1872.0)(92.0, 1925.0)(88.0, 1925.0);SD
Module:M9
Boundary:(271.0, 763.0)(271.0, 839.0)(263.0, 839.0)(263.0, 854.0)(151.0, 854.0)(151.0, 763.0);GATE
Port:(151.0, 777.5)(161.0, 777.5)(161.0, 839.5)(151.0, 839.5);SD
Port:(271.0, 763.0)(271.0, 839.0)(263.0, 839.0)(263.0, 854.0)(166.0, 854.0)(166.0, 763.0);GATE
Port:(262.0, 773.0)(266.0, 773.0)(266.0, 824.0)(262.0, 824.0);SD
Module:M5
Boundary:(137.0, 1873.0)(248.5, 1873.0)(248.5, 1883.0)(282.0, 1883.0)(282.0, 2068.0)(137.0, 2068.0);GATE
Port:(151.5, 2058.0)(267.5, 2058.0)(267.5, 2068.0)(151.5, 2068.0);SD
Port:(137.0, 1873.0)(248.5, 1873.0)(248.5, 1883.0)(282.0, 1883.0)(282.0, 2053.0)(137.0, 2053.0);GATE
Port:(147.0, 1878.0)(234.0, 1878.0)(234.0, 1882.0)(147.0, 1882.0);SD
Module:M11
Boundary:(521.0, 1123.0)(650.5, 1123.0)(650.5, 1156.2)(684.0, 1156.2)(684.0, 1205.0)(521.0, 1205.0);GATE
Port:(535.5, 1195.0)(669.5, 1195.0)(669.5, 1205.0)(535.5, 1205.0);SD
Port:(521.0, 1123.0)(650.5, 1123.0)(650.5, 1156.2)(684.0, 1156.2)(684.0, 1190.0)(521.0, 1190.0);GATE
Port:(531.0, 1128.0)(636.0, 1128.0)(636.0, 1132.0)(531.0, 1132.0);SD
Module:M1
Boundary:(695.0, 147.0)(695.0, 294.5)(679.0, 294.5)(679.0, 310.0)(560.0, 310.0)(560.0, 147.0);GATE
Port:(560.0, 161.5)(570.0, 161.5)(570.0, 295.5)(560.0, 295.5);SD
Port:(695.0, 147.0)(695.0, 294.5)(679.0, 294.5)(679.0, 310.0)(575.0, 310.0)(575.0, 147.0);GATE
Port:(686.0, 157.0)(690.0, 157.0)(690.0, 280.0)(686.0, 280.0);SD
Module:M43
Boundary:(91.0, 1975.0)(91.0, 2051.0)(83.0, 2051.0)(83.0, 2066.0)(20.0, 2066.0)(20.0, 1975.0);GATE
Port:(20.0, 1989.5)(30.0, 1989.5)(30.0, 2051.5)(20.0, 2051.5);SD
Port:(91.0, 1975.0)(91.0, 2051.0)(83.0, 2051.0)(83.0, 2066.0)(35.0, 2066.0)(35.0, 1975.0);GATE
Port:(82.0, 1985.0)(86.0, 1985.0)(86.0, 2036.0)(82.0, 2036.0);SD
Module:M38
Boundary:(151.0, 614.0)(244.5, 614.0)(244.5, 658.7)(278.0, 658.7)(278.0, 723.0)(151.0, 723.0);GATE
Port:(165.5, 713.0)(263.5, 713.0)(263.5, 723.0)(165.5, 723.0);SD
Port:(151.0, 614.0)(244.5, 614.0)(244.5, 658.7)(278.0, 658.7)(278.0, 708.0)(151.0, 708.0);GATE
Port:(161.0, 619.0)(230.0, 619.0)(230.0, 623.0)(161.0, 623.0);SD
Module:M40
Boundary:(486.0, 1287.0)(486.0, 1360.0)(358.0, 1360.0)(358.0, 1287.0);GATE
Port:(358.0, 1301.5)(368.0, 1301.5)(368.0, 1345.5)(358.0, 1345.5);SD
Port:(486.0, 1287.0)(486.0, 1360.0)(373.0, 1360.0)(373.0, 1287.0);GATE
Port:(477.0, 1297.0)(481.0, 1297.0)(481.0, 1350.0)(477.0, 1350.0);SD
Module:M35
Boundary:(685.0, 1245.0)(685.0, 1356.5)(673.0, 1356.5)(673.0, 1372.0)(536.0, 1372.0)(536.0, 1245.0);GATE
Port:(536.0, 1259.5)(546.0, 1259.5)(546.0, 1357.5)(536.0, 1357.5);SD
Port:(685.0, 1245.0)(685.0, 1356.5)(673.0, 1356.5)(673.0, 1372.0)(551.0, 1372.0)(551.0, 1245.0);GATE
Port:(676.0, 1255.0)(680.0, 1255.0)(680.0, 1342.0)(676.0, 1342.0);SD
Module:M32
Boundary:(289.0, 30.0)(289.0, 177.5)(206.0, 177.5)(206.0, 229.0)(143.0, 229.0)(143.0, 30.0);GATE
Port:(143.0, 44.5)(153.0, 44.5)(153.0, 214.5)(143.0, 214.5);SD
Port:(289.0, 30.0)(289.0, 177.5)(206.0, 177.5)(206.0, 229.0)(158.0, 229.0)(158.0, 30.0);GATE
Port:(280.0, 40.0)(284.0, 40.0)(284.0, 163.0)(280.0, 163.0);SD
Module:M27
Boundary:(318.0, 334.0)(465.5, 334.0)(465.5, 350.0)(481.0, 350.0)(481.0, 440.0)(318.0, 440.0);GATE
Port:(332.5, 430.0)(466.5, 430.0)(466.5, 440.0)(332.5, 440.0);SD
Port:(318.0, 334.0)(465.5, 334.0)(465.5, 350.0)(481.0, 350.0)(481.0, 425.0)(318.0, 425.0);GATE
Port:(328.0, 339.0)(451.0, 339.0)(451.0, 343.0)(328.0, 343.0);SD
Module:M24
Boundary:(308.0, 894.0)(308.0, 1023.5)(240.2, 1023.5)(240.2, 1093.0)(151.0, 1093.0)(151.0, 894.0);GATE
Port:(151.0, 908.5)(161.0, 908.5)(161.0, 1078.5)(151.0, 1078.5);SD
Port:(308.0, 894.0)(308.0, 1023.5)(240.2, 1023.5)(240.2, 1093.0)(166.0, 1093.0)(166.0, 894.0);GATE
Port:(299.0, 904.0)(303.0, 904.0)(303.0, 1009.0)(299.0, 1009.0);SD
Module:M19
Boundary:(683.0, 1422.0)(683.0, 1551.5)(542.0, 1551.5)(542.0, 1855.0)(495.0, 1855.0)(495.0, 1422.0);GATE
Port:(495.0, 1436.5)(505.0, 1436.5)(505.0, 1840.5)(495.0, 1840.5);SD
Port:(683.0, 1422.0)(683.0, 1551.5)(542.0, 1551.5)(542.0, 1855.0)(510.0, 1855.0)(510.0, 1422.0);GATE
Port:(674.0, 1432.0)(678.0, 1432.0)(678.0, 1537.0)(674.0, 1537.0);SD
Module:M6
Boundary:(481.0, 1128.0)(481.0, 1221.5)(471.0, 1221.5)(471.0, 1237.0)(348.0, 1237.0)(348.0, 1128.0);GATE
Port:(348.0, 1142.5)(358.0, 1142.5)(358.0, 1222.5)(348.0, 1222.5);SD
Port:(481.0, 1128.0)(481.0, 1221.5)(471.0, 1221.5)(471.0, 1237.0)(363.0, 1237.0)(363.0, 1128.0);GATE
Port:(472.0, 1138.0)(476.0, 1138.0)(476.0, 1207.0)(472.0, 1207.0);SD
Module:M21
Boundary:(151.0, 490.0)(262.5, 490.0)(262.5, 502.0)(278.0, 502.0)(278.0, 574.0)(151.0, 574.0);GATE
Port:(165.5, 564.0)(263.5, 564.0)(263.5, 574.0)(165.5, 574.0);SD
Port:(151.0, 490.0)(262.5, 490.0)(262.5, 502.0)(278.0, 502.0)(278.0, 559.0)(151.0, 559.0);GATE
Port:(161.0, 495.0)(248.0, 495.0)(248.0, 499.0)(161.0, 499.0);SD
Module:M2
Boundary:(307.0, 1634.0)(307.0, 1745.5)(267.6, 1745.5)(267.6, 1833.0)(187.0, 1833.0)(187.0, 1634.0);GATE
Port:(187.0, 1648.5)(197.0, 1648.5)(197.0, 1818.5)(187.0, 1818.5);SD
Port:(307.0, 1634.0)(307.0, 1745.5)(267.6, 1745.5)(267.6, 1833.0)(202.0, 1833.0)(202.0, 1634.0);GATE
Port:(298.0, 1644.0)(302.0, 1644.0)(302.0, 1731.0)(298.0, 1731.0);SD
Module:M16
Boundary:(560.0, 20.0)(653.5, 20.0)(653.5, 53.7)(687.0, 53.7)(687.0, 107.0)(560.0, 107.0);GATE
Port:(574.5, 97.0)(672.5, 97.0)(672.5, 107.0)(574.5, 107.0);SD
Port:(560.0, 20.0)(653.5, 20.0)(653.5, 53.7)(687.0, 53.7)(687.0, 92.0)(560.0, 92.0);GATE
Port:(570.0, 25.0)(639.0, 25.0)(639.0, 29.0)(570.0, 29.0);SD
Module:M13
Boundary:(308.0, 1133.0)(308.0, 1244.5)(296.0, 1244.5)(296.0, 1260.0)(151.0, 1260.0)(151.0, 1133.0);GATE
Port:(151.0, 1147.5)(161.0, 1147.5)(161.0, 1245.5)(151.0, 1245.5);SD
Port:(308.0, 1133.0)(308.0, 1244.5)(296.0, 1244.5)(296.0, 1260.0)(166.0, 1260.0)(166.0, 1133.0);GATE
Port:(299.0, 1143.0)(303.0, 1143.0)(303.0, 1230.0)(299.0, 1230.0);SD
Module:M45
Boundary:(95.0, 1054.0)(95.0, 1183.5)(81.0, 1183.5)(81.0, 1199.0)(20.0, 1199.0)(20.0, 1054.0);GATE
Port:(20.0, 1068.5)(30.0, 1068.5)(30.0, 1184.5)(20.0, 1184.5);SD
Port:(95.0, 1054.0)(95.0, 1183.5)(81.0, 1183.5)(81.0, 1199.0)(35.0, 1199.0)(35.0, 1054.0);GATE
Port:(86.0, 1064.0)(90.0, 1064.0)(90.0, 1169.0)(86.0, 1169.0);SD
Module:M10
Boundary:(20.0, 232.0)(93.0, 232.0)(93.0, 423.0)(20.0, 423.0);GATE
Port:(34.5, 413.0)(78.5, 413.0)(78.5, 423.0)(34.5, 423.0);SD
Port:(20.0, 232.0)(93.0, 232.0)(93.0, 408.0)(20.0, 408.0);GATE
Port:(30.0, 237.0)(83.0, 237.0)(83.0, 241.0)(30.0, 241.0);SD
Module:M42
Boundary:(20.0, 826.0)(93.0, 826.0)(93.0, 1014.0)(20.0, 1014.0);GATE
Port:(34.5, 1004.0)(78.5, 1004.0)(78.5, 1014.0)(34.5, 1014.0);SD
Port:(20.0, 826.0)(93.0, 826.0)(93.0, 999.0)(20.0, 999.0);GATE
Port:(30.0, 831.0)(83.0, 831.0)(83.0, 835.0)(30.0, 835.0);SD
Module:M37
Boundary:(147.0, 1641.0)(147.0, 1716.5)(80.4, 1716.5)(80.4, 1822.0)(20.0, 1822.0)(20.0, 1641.0);GATE
Port:(20.0, 1655.5)(30.0, 1655.5)(30.0, 1807.5)(20.0, 1807.5);SD
Port:(147.0, 1641.0)(147.0, 1716.5)(80.4, 1716.5)(80.4, 1822.0)(35.0, 1822.0)(35.0, 1641.0);GATE
Port:(138.0, 1651.0)(142.0, 1651.0)(142.0, 1702.0)(138.0, 1702.0);SD
Module:M34
Boundary:(20.0, 463.0)(96.0, 463.0)(96.0, 471.0)(111.0, 471.0)(111.0, 620.0)(20.0, 620.0);GATE
Port:(34.5, 610.0)(96.5, 610.0)(96.5, 620.0)(34.5, 620.0);SD
Port:(20.0, 463.0)(96.0, 463.0)(96.0, 471.0)(111.0, 471.0)(111.0, 605.0)(20.0, 605.0);GATE
Port:(30.0, 468.0)(81.0, 468.0)(81.0, 472.0)(30.0, 472.0);SD
Module:M29
Boundary:(339.0, 20.0)(468.5, 20.0)(468.5, 55.0)(520.0, 55.0)(520.0, 138.0)(339.0, 138.0);GATE
Port:(353.5, 128.0)(505.5, 128.0)(505.5, 138.0)(353.5, 138.0);SD
Port:(339.0, 20.0)(468.5, 20.0)(468.5, 55.0)(520.0, 55.0)(520.0, 123.0)(339.0, 123.0);GATE
Port:(349.0, 25.0)(454.0, 25.0)(454.0, 29.0)(349.0, 29.0);SD
Module:M7
Boundary:(151.0, 1300.0)(280.5, 1300.0)(280.5, 1314.0)(296.0, 1314.0)(296.0, 1484.0)(151.0, 1484.0);GATE
Port:(165.5, 1474.0)(281.5, 1474.0)(281.5, 1484.0)(165.5, 1484.0);SD
Port:(151.0, 1300.0)(280.5, 1300.0)(280.5, 1314.0)(296.0, 1314.0)(296.0, 1469.0)(151.0, 1469.0);GATE
Port:(161.0, 1305.0)(266.0, 1305.0)(266.0, 1309.0)(161.0, 1309.0);SD
Module:M31
Boundary:(354.0, 1410.0)(430.0, 1410.0)(430.0, 1418.0)(445.0, 1418.0)(445.0, 1596.0)(354.0, 1596.0);GATE
Port:(368.5, 1586.0)(430.5, 1586.0)(430.5, 1596.0)(368.5, 1596.0);SD
Port:(354.0, 1410.0)(430.0, 1410.0)(430.0, 1418.0)(445.0, 1418.0)(445.0, 1581.0)(354.0, 1581.0);GATE
Port:(364.0, 1415.0)(415.0, 1415.0)(415.0, 1419.0)(364.0, 1419.0);SD
Module:M3
Boundary:(151.0, 279.0)(244.5, 279.0)(244.5, 354.8)(278.0, 354.8)(278.0, 450.0)(151.0, 450.0);GATE
Port:(165.5, 440.0)(263.5, 440.0)(263.5, 450.0)(165.5, 450.0);SD
Port:(151.0, 279.0)(244.5, 279.0)(244.5, 354.8)(278.0, 354.8)(278.0, 435.0)(151.0, 435.0);GATE
Port:(161.0, 284.0)(230.0, 284.0)(230.0, 288.0)(161.0, 288.0);SD
Module:M26
Boundary:(349.0, 188.0)(478.5, 188.0)(478.5, 202.0)(494.0, 202.0)(494.0, 284.0)(349.0, 284.0);GATE
Port:(363.5, 274.0)(479.5, 274.0)(479.5, 284.0)(363.5, 284.0);SD
Port:(349.0, 188.0)(478.5, 188.0)(478.5, 202.0)(494.0, 202.0)(494.0, 269.0)(349.0, 269.0);GATE
Port:(359.0, 193.0)(464.0, 193.0)(464.0, 197.0)(359.0, 197.0);SD
Module:M23
Boundary:(688.0, 350.0)(688.0, 423.0)(521.0, 423.0)(521.0, 350.0);GATE
Port:(521.0, 364.5)(531.0, 364.5)(531.0, 408.5)(521.0, 408.5);SD
Port:(688.0, 350.0)(688.0, 423.0)(536.0, 423.0)(536.0, 350.0);GATE
Port:(679.0, 360.0)(683.0, 360.0)(683.0, 413.0)(679.0, 413.0);SD
Module:M18
Boundary:(328.0, 490.0)(475.5, 490.0)(475.5, 506.0)(491.0, 506.0)(491.0, 679.0)(328.0, 679.0);GATE
Port:(342.5, 669.0)(476.5, 669.0)(476.5, 679.0)(342.5, 679.0);SD
Port:(328.0, 490.0)(475.5, 490.0)(475.5, 506.0)(491.0, 506.0)(491.0, 664.0)(328.0, 664.0);GATE
Port:(338.0, 495.0)(461.0, 495.0)(461.0, 499.0)(338.0, 499.0);SD
Module:M20
Boundary:(20.0, 1410.0)(96.0, 1410.0)(96.0, 1418.0)(111.0, 1418.0)(111.0, 1476.0)(20.0, 1476.0);GATE
Port:(34.5, 1466.0)(96.5, 1466.0)(96.5, 1476.0)(34.5, 1476.0);SD
Port:(20.0, 1410.0)(96.0, 1410.0)(96.0, 1418.0)(111.0, 1418.0)(111.0, 1461.0)(20.0, 1461.0);GATE
Port:(30.0, 1415.0)(81.0, 1415.0)(81.0, 1419.0)(30.0, 1419.0);SD
Module:M15
Boundary:(476.0, 1905.0)(476.0, 2052.5)(460.0, 2052.5)(460.0, 2068.0)(322.0, 2068.0)(322.0, 1905.0);GATE
Port:(322.0, 1919.5)(332.0, 1919.5)(332.0, 2053.5)(322.0, 2053.5);SD
Port:(476.0, 1905.0)(476.0, 2052.5)(460.0, 2052.5)(460.0, 2068.0)(337.0, 2068.0)(337.0, 1905.0);GATE
Port:(467.0, 1915.0)(471.0, 1915.0)(471.0, 2038.0)(467.0, 2038.0);SD
Module:M12
Boundary:(354.0, 1782.0)(430.0, 1782.0)(430.0, 1790.0)(445.0, 1790.0)(445.0, 1854.0)(354.0, 1854.0);GATE
Port:(368.5, 1844.0)(430.5, 1844.0)(430.5, 1854.0)(368.5, 1854.0);SD
Port:(354.0, 1782.0)(430.0, 1782.0)(430.0, 1790.0)(445.0, 1790.0)(445.0, 1839.0)(354.0, 1839.0);GATE
Port:(364.0, 1787.0)(415.0, 1787.0)(415.0, 1791.0)(364.0, 1791.0);SD
Module:M44
Boundary:(20.0, 20.0)(93.0, 20.0)(93.0, 192.0)(20.0, 192.0);GATE
Port:(34.5, 182.0)(78.5, 182.0)(78.5, 192.0)(34.5, 192.0);SD
Port:(20.0, 20.0)(93.0, 20.0)(93.0, 177.0)(20.0, 177.0);GATE
Port:(30.0, 25.0)(83.0, 25.0)(83.0, 29.0)(30.0, 29.0);SD
Module:M39
Boundary:(551.0, 676.0)(644.5, 676.0)(644.5, 709.2)(678.0, 709.2)(678.0, 762.0)(551.0, 762.0);GATE
Port:(565.5, 752.0)(663.5, 752.0)(663.5, 762.0)(565.5, 762.0);SD
Port:(551.0, 676.0)(644.5, 676.0)(644.5, 709.2)(678.0, 709.2)(678.0, 747.0)(551.0, 747.0);GATE
Port:(561.0, 681.0)(630.0, 681.0)(630.0, 685.0)(561.0, 685.0);SD
Module:M8
Boundary:(20.0, 1516.0)(93.0, 1516.0)(93.0, 1601.0)(20.0, 1601.0);GATE
Port:(34.5, 1591.0)(78.5, 1591.0)(78.5, 1601.0)(34.5, 1601.0);SD
Port:(20.0, 1516.0)(93.0, 1516.0)(93.0, 1586.0)(20.0, 1586.0);GATE
Port:(30.0, 1521.0)(83.0, 1521.0)(83.0, 1525.0)(30.0, 1525.0);SD
Module:M41
Boundary:(688.0, 812.0)(688.0, 905.5)(560.0, 905.5)(560.0, 1083.0)(500.0, 1083.0)(500.0, 812.0);GATE
Port:(500.0, 826.5)(510.0, 826.5)(510.0, 1068.5)(500.0, 1068.5);SD
Port:(688.0, 812.0)(688.0, 905.5)(560.0, 905.5)(560.0, 1083.0)(515.0, 1083.0)(515.0, 812.0);GATE
Port:(679.0, 822.0)(683.0, 822.0)(683.0, 891.0)(679.0, 891.0);SD
Module:M4
Boundary:(20.0, 660.0)(96.0, 660.0)(96.0, 668.0)(111.0, 668.0)(111.0, 786.0)(20.0, 786.0);GATE
Port:(34.5, 776.0)(96.5, 776.0)(96.5, 786.0)(34.5, 786.0);SD
Port:(20.0, 660.0)(96.0, 660.0)(96.0, 668.0)(111.0, 668.0)(111.0, 771.0)(20.0, 771.0);GATE
Port:(30.0, 665.0)(81.0, 665.0)(81.0, 669.0)(30.0, 669.0);SD
Module:M36
Boundary:(20.0, 1239.0)(96.0, 1239.0)(96.0, 1247.0)(111.0, 1247.0)(111.0, 1370.0)(20.0, 1370.0);GATE
Port:(34.5, 1360.0)(96.5, 1360.0)(96.5, 1370.0)(34.5, 1370.0);SD
Port:(20.0, 1239.0)(96.0, 1239.0)(96.0, 1247.0)(111.0, 1247.0)(111.0, 1355.0)(20.0, 1355.0);GATE
Port:(30.0, 1244.0)(81.0, 1244.0)(81.0, 1248.0)(30.0, 1248.0);SD
Module:M33
Boundary:(133.0, 1524.0)(280.5, 1524.0)(280.5, 1552.1)(314.0, 1552.1)(314.0, 1594.0)(133.0, 1594.0);GATE
Port:(147.5, 1584.0)(299.5, 1584.0)(299.5, 1594.0)(147.5, 1594.0);SD
Port:(133.0, 1524.0)(280.5, 1524.0)(280.5, 1552.1)(314.0, 1552.1)(314.0, 1579.0)(133.0, 1579.0);GATE
Port:(143.0, 1529.0)(266.0, 1529.0)(266.0, 1533.0)(143.0, 1533.0);SD
Module:M28
Boundary:(695.0, 463.0)(695.0, 592.5)(625.8, 592.5)(625.8, 626.0)(541.0, 626.0)(541.0, 463.0);GATE
Port:(541.0, 477.5)(551.0, 477.5)(551.0, 611.5)(541.0, 611.5);SD
Port:(695.0, 463.0)(695.0, 592.5)(625.8, 592.5)(625.8, 626.0)(556.0, 626.0)(556.0, 463.0);GATE
Port:(686.0, 473.0)(690.0, 473.0)(690.0, 578.0)(686.0, 578.0);SD
Module:M30
Boundary:(691.0, 1905.0)(691.0, 1962.5)(640.5, 1962.5)(640.5, 2068.0)(516.0, 2068.0)(516.0, 1905.0);GATE
Port:(516.0, 1919.5)(526.0, 1919.5)(526.0, 2053.5)(516.0, 2053.5);SD
Port:(691.0, 1905.0)(691.0, 1962.5)(640.5, 1962.5)(640.5, 2068.0)(531.0, 2068.0)(531.0, 1905.0);GATE
Port:(682.0, 1915.0)(686.0, 1915.0)(686.0, 1948.0)(682.0, 1948.0);SD
Module:M25
Boundary:(460.0, 729.0)(460.0, 822.5)(450.0, 822.5)(450.0, 838.0)(318.0, 838.0)(318.0, 729.0);GATE
Port:(318.0, 743.5)(328.0, 743.5)(328.0, 823.5)(318.0, 823.5);SD
Port:(460.0, 729.0)(460.0, 822.5)(450.0, 822.5)(450.0, 838.0)(333.0, 838.0)(333.0, 729.0);GATE
Port:(451.0, 739.0)(455.0, 739.0)(455.0, 808.0)(451.0, 808.0);SD
Module:M22
Boundary:(354.0, 1636.0)(430.0, 1636.0)(430.0, 1644.0)(445.0, 1644.0)(445.0, 1742.0)(354.0, 1742.0);GATE
Port:(368.5, 1732.0)(430.5, 1732.0)(430.5, 1742.0)(368.5, 1742.0);SD
Port:(354.0, 1636.0)(430.0, 1636.0)(430.0, 1644.0)(445.0, 1644.0)(445.0, 1727.0)(354.0, 1727.0);GATE
Port:(364.0, 1641.0)(415.0, 1641.0)(415.0, 1645.0)(364.0, 1645.0);SD
Module:M17
Boundary:(358.0, 888.0)(434.0, 888.0)(434.0, 896.0)(449.0, 896.0)(449.0, 1078.0)(358.0, 1078.0);GATE
Port:(372.5, 1068.0)(434.5, 1068.0)(434.5, 1078.0)(372.5, 1078.0);SD
Port:(358.0, 888.0)(434.0, 888.0)(434.0, 896.0)(449.0, 896.0)(449.0, 1063.0)(358.0, 1063.0);GATE
Port:(368.0, 893.0)(419.0, 893.0)(419.0, 897.0)(368.0, 897.0);SD
