Area:(-20.0, -20.0)(738.5, -20.0)(738.5, 1803.6)(-20.0, 1803.6)
Rule:GATE(5,5);SD(5,5);GATE_SD(0.5);GATE_ITO(0.5);SD_ITO(0.5)
Module:M14
Boundary:(450.4, 295.6)(541.2, 295.6)(541.2, 368.8)(554.6, 368.8)(554.6, 441.7)(450.4, 441.7);GATE
Port:(462.8, 436.6)(542.2, 436.6)(542.2, 441.7)(462.8, 441.7);SD
Port:(450.4, 295.6)(541.2, 295.6)(541.2, 368.8)(554.6, 368.8)(554.6, 434.1)(450.4, 434.1);GATE
Port:(456.3, 300.5)(534.3, 300.5)(534.3, 306.3)(456.3, 306.3);SD
Module:M9
Boundary:(542.1, 1537.5)(542.1, 1621.3)(321.4, 1621.3)(321.4, 1537.5);GATE
Port:(321.4, 1551.8)(325.7, 1551.8)(325.7, 1607.0)(321.4, 1607.0);SD
Port:(542.1, 1537.5)(542.1, 1621.3)(327.6, 1621.3)(327.6, 1537.5);GATE
Port:(531.3, 1543.5)(537.1, 1543.5)(537.1, 1615.3)(531.3, 1615.3);SD
Module:M5
Boundary:(20.0, 1326.1)(100.9, 1326.1)(100.9, 1534.3)(20.0, 1534.3);GATE
Port:(30.8, 1530.0)(90.1, 1530.0)(90.1, 1534.3)(30.8, 1534.3);SD
Port:(20.0, 1326.1)(100.9, 1326.1)(100.9, 1528.1)(20.0, 1528.1);GATE
Port:(25.6, 1330.7)(95.3, 1330.7)(95.3, 1335.1)(25.6, 1335.1);SD
Module:M11
Boundary:(20.0, 139.4)(109.3, 139.4)(109.3, 320.1)(20.0, 320.1);GATE
Port:(32.2, 314.8)(97.1, 314.8)(97.1, 320.1)(32.2, 320.1);SD
Port:(20.0, 139.4)(109.3, 139.4)(109.3, 313.1)(20.0, 313.1);GATE
Port:(25.2, 143.6)(104.1, 143.6)(104.1, 149.1)(25.2, 149.1);SD
Module:M1
Boundary:(135.6, 20.0)(135.6, 99.4)(20.0, 99.4)(20.0, 20.0);GATE
Port:(20.0, 32.3)(24.7, 32.3)(24.7, 87.1)(20.0, 87.1);SD
Port:(135.6, 20.0)(135.6, 99.4)(27.2, 99.4)(27.2, 20.0);GATE
Port:(126.0, 25.1)(131.5, 25.1)(131.5, 94.3)(126.0, 94.3);SD
Module:M43
Boundary:(697.1, 1661.3)(697.1, 1763.6)(514.7, 1763.6)(514.7, 1661.3);GATE
Port:(514.7, 1675.1)(520.5, 1675.1)(520.5, 1749.8)(514.7, 1749.8);SD
Port:(697.1, 1661.3)(697.1, 1763.6)(523.5, 1763.6)(523.5, 1661.3);GATE
Port:(686.5, 1666.7)(692.7, 1666.7)(692.7, 1758.2)(686.5, 1758.2);SD
Module:M38
Boundary:(200.2, 1560.0)(266.5, 1560.0)(266.5, 1664.8)(281.4, 1664.8)(281.4, 1759.0)(200.2, 1759.0);GATE
Port:(213.8, 1753.6)(267.8, 1753.6)(267.8, 1759.0)(213.8, 1759.0);SD
Port:(200.2, 1560.0)(266.5, 1560.0)(266.5, 1664.8)(281.4, 1664.8)(281.4, 1752.0)(200.2, 1752.0);GATE
Port:(206.4, 1565.2)(259.3, 1565.2)(259.3, 1571.2)(206.4, 1571.2);SD
Module:M40
Boundary:(337.5, 305.6)(386.9, 305.6)(386.9, 393.9)(400.4, 393.9)(400.4, 454.6)(337.5, 454.6);GATE
Port:(351.2, 450.3)(386.7, 450.3)(386.7, 454.6)(351.2, 454.6);SD
Port:(337.5, 305.6)(386.9, 305.6)(386.9, 393.9)(400.4, 393.9)(400.4, 448.7)(337.5, 448.7);GATE
Port:(344.0, 311.1)(379.4, 311.1)(379.4, 317.5)(344.0, 317.5);SD
Module:M35
Boundary:(337.9, 547.5)(337.9, 631.9)(152.7, 631.9)(152.7, 547.5);GATE
Port:(152.7, 562.0)(157.4, 562.0)(157.4, 617.4)(152.7, 617.4);SD
Port:(337.9, 547.5)(337.9, 631.9)(158.7, 631.9)(158.7, 547.5);GATE
Port:(326.0, 553.7)(332.7, 553.7)(332.7, 625.7)(326.0, 625.7);SD
Module:M32
Boundary:(582.8, 30.0)(670.3, 30.0)(670.3, 159.1)(685.9, 159.1)(685.9, 240.5)(582.8, 240.5);GATE
Port:(597.8, 234.9)(670.9, 234.9)(670.9, 240.5)(597.8, 240.5);SD
Port:(582.8, 30.0)(670.3, 30.0)(670.3, 159.1)(685.9, 159.1)(685.9, 232.3)(582.8, 232.3);GATE
Port:(589.6, 35.8)(662.5, 35.8)(662.5, 41.6)(589.6, 41.6);SD
Module:M27
Boundary:(692.2, 1250.3)(692.2, 1349.3)(691.7, 1349.3)(691.7, 1365.2)(599.8, 1365.2)(599.8, 1250.3);GATE
Port:(599.8, 1264.4)(603.9, 1264.4)(603.9, 1351.1)(599.8, 1351.1);SD
Port:(692.2, 1250.3)(692.2, 1349.3)(691.7, 1349.3)(691.7, 1365.2)(605.9, 1365.2)(605.9, 1250.3);GATE
Port:(680.2, 1255.8)(687.7, 1255.8)(687.7, 1343.8)(680.2, 1343.8);SD
Module:M24
Boundary:(285.4, 20.0)(339.4, 20.0)(339.4, 121.2)(356.4, 121.2)(356.4, 214.1)(285.4, 214.1);GATE
Port:(299.6, 209.7)(342.2, 209.7)(342.2, 214.1)(299.6, 214.1);SD
Port:(285.4, 20.0)(339.4, 20.0)(339.4, 121.2)(356.4, 121.2)(356.4, 208.4)(285.4, 208.4);GATE
Port:(291.0, 24.6)(332.8, 24.6)(332.8, 31.0)(291.0, 31.0);SD
Module:M19
Boundary:(406.4, 154.5)(504.8, 154.5)(504.8, 154.7)(520.5, 154.7)(520.5, 245.6)(406.4, 245.6);GATE
Port:(420.5, 240.8)(506.4, 240.8)(506.4, 245.6)(420.5, 245.6);SD
Port:(406.4, 154.5)(504.8, 154.5)(504.8, 154.7)(520.5, 154.7)(520.5, 239.6)(406.4, 239.6);GATE
Port:(412.7, 159.8)(498.5, 159.8)(498.5, 166.8)(412.7, 166.8);SD
Module:M6
Boundary:(474.7, 1661.3)(474.7, 1748.5)(422.3, 1748.5)(422.3, 1761.6)(321.4, 1761.6)(321.4, 1661.3);GATE
Port:(321.4, 1672.7)(326.0, 1672.7)(326.0, 1750.2)(321.4, 1750.2);SD
Port:(474.7, 1661.3)(474.7, 1748.5)(422.3, 1748.5)(422.3, 1761.6)(328.5, 1761.6)(328.5, 1661.3);GATE
Port:(465.0, 1667.0)(470.0, 1667.0)(470.0, 1741.8)(465.0, 1741.8);SD
Module:M21
Boundary:(546.8, 504.6)(546.8, 595.4)(546.6, 595.4)(546.6, 610.2)(377.9, 610.2)(377.9, 504.6);GATE
Port:(377.9, 516.5)(382.3, 516.5)(382.3, 598.3)(377.9, 598.3);SD
Port:(546.8, 504.6)(546.8, 595.4)(546.6, 595.4)(546.6, 610.2)(385.1, 610.2)(385.1, 504.6);GATE
Port:(536.5, 510.6)(541.8, 510.6)(541.8, 589.4)(536.5, 589.4);SD
Module:M2
Boundary:(594.6, 290.5)(685.5, 290.5)(685.5, 409.8)(698.5, 409.8)(698.5, 514.3)(594.6, 514.3);GATE
Port:(607.9, 509.8)(685.2, 509.8)(685.2, 514.3)(607.9, 514.3);SD
Port:(594.6, 290.5)(685.5, 290.5)(685.5, 409.8)(698.5, 409.8)(698.5, 508.1)(594.6, 508.1);GATE
Port:(601.4, 296.3)(677.7, 296.3)(677.7, 302.1)(601.4, 302.1);SD
Module:M16
Boundary:(287.5, 314.8)(287.5, 390.3)(221.3, 390.3)(221.3, 403.5)(152.7, 403.5)(152.7, 314.8);GATE
Port:(152.7, 327.0)(158.6, 327.0)(158.6, 391.3)(152.7, 391.3);SD
Port:(287.5, 314.8)(287.5, 390.3)(221.3, 390.3)(221.3, 403.5)(160.9, 403.5)(160.9, 314.8);GATE
Port:(277.0, 320.9)(282.4, 320.9)(282.4, 383.2)(277.0, 383.2);SD
Module:M13
Boundary:(20.0, 819.0)(70.8, 819.0)(70.8, 819.2)(85.8, 819.2)(85.8, 1007.5)(20.0, 1007.5);GATE
Port:(34.7, 1003.2)(71.1, 1003.2)(71.1, 1007.5)(34.7, 1007.5);SD
Port:(20.0, 819.0)(70.8, 819.0)(70.8, 819.2)(85.8, 819.2)(85.8, 1001.5)(20.0, 1001.5);GATE
Port:(26.8, 824.8)(64.0, 824.8)(64.0, 831.6)(26.8, 831.6);SD
Module:M45
Boundary:(540.6, 1402.0)(540.6, 1497.5)(318.1, 1497.5)(318.1, 1402.0);GATE
Port:(318.1, 1415.0)(323.0, 1415.0)(323.0, 1484.5)(318.1, 1484.5);SD
Port:(540.6, 1402.0)(540.6, 1497.5)(324.3, 1497.5)(324.3, 1402.0);GATE
Port:(530.0, 1407.3)(536.3, 1407.3)(536.3, 1492.2)(530.0, 1492.2);SD
Module:M10
Boundary:(559.8, 1285.2)(559.8, 1339.6)(534.1, 1339.6)(534.1, 1356.5)(449.7, 1356.5)(449.7, 1285.2);GATE
Port:(449.7, 1299.1)(454.9, 1299.1)(454.9, 1342.6)(449.7, 1342.6);SD
Port:(559.8, 1285.2)(559.8, 1339.6)(534.1, 1339.6)(534.1, 1356.5)(456.1, 1356.5)(456.1, 1285.2);GATE
Port:(548.9, 1291.4)(554.6, 1291.4)(554.6, 1332.4)(548.9, 1332.4);SD
Module:M42
Boundary:(267.6, 443.5)(267.6, 493.1)(215.0, 493.1)(215.0, 507.5)(152.7, 507.5)(152.7, 443.5);GATE
Port:(152.7, 456.9)(158.5, 456.9)(158.5, 494.1)(152.7, 494.1);SD
Port:(267.6, 443.5)(267.6, 493.1)(215.0, 493.1)(215.0, 507.5)(161.4, 507.5)(161.4, 443.5);GATE
Port:(256.8, 449.8)(262.3, 449.8)(262.3, 485.8)(256.8, 485.8);SD
Module:M37
Boundary:(125.8, 1114.7)(193.7, 1114.7)(193.7, 1114.8)(209.3, 1114.8)(209.3, 1286.1)(125.8, 1286.1);GATE
Port:(140.6, 1281.1)(194.5, 1281.1)(194.5, 1286.1)(140.6, 1286.1);SD
Port:(125.8, 1114.7)(193.7, 1114.7)(193.7, 1114.8)(209.3, 1114.8)(209.3, 1279.5)(125.8, 1279.5);GATE
Port:(132.8, 1120.7)(186.7, 1120.7)(186.7, 1127.3)(132.8, 1127.3);SD
Module:M34
Boundary:(218.7, 1008.5)(218.7, 1060.3)(186.0, 1060.3)(186.0, 1074.7)(125.8, 1074.7)(125.8, 1008.5);GATE
Port:(125.8, 1023.0)(130.0, 1023.0)(130.0, 1060.2)(125.8, 1060.2);SD
Port:(218.7, 1008.5)(218.7, 1060.3)(186.0, 1060.3)(186.0, 1074.7)(132.5, 1074.7)(132.5, 1008.5);GATE
Port:(206.7, 1014.9)(213.3, 1014.9)(213.3, 1052.9)(206.7, 1052.9);SD
Module:M29
Boundary:(532.8, 20.0)(532.8, 90.5)(532.7, 90.5)(532.7, 104.5)(396.4, 104.5)(396.4, 20.0);GATE
Port:(396.4, 31.0)(401.1, 31.0)(401.1, 93.5)(396.4, 93.5);SD
Port:(532.8, 20.0)(532.8, 90.5)(532.7, 90.5)(532.7, 104.5)(402.4, 104.5)(402.4, 20.0);GATE
Port:(523.5, 25.2)(528.6, 25.2)(528.6, 85.3)(523.5, 85.3);SD
Module:M7
Boundary:(582.1, 1405.2)(671.0, 1405.2)(671.0, 1405.5)(688.9, 1405.5)(688.9, 1612.7)(582.1, 1612.7);GATE
Port:(595.8, 1607.7)(675.2, 1607.7)(675.2, 1612.7)(595.8, 1612.7);SD
Port:(582.1, 1405.2)(671.0, 1405.2)(671.0, 1405.5)(688.9, 1405.5)(688.9, 1605.9)(582.1, 1605.9);GATE
Port:(588.0, 1410.1)(665.1, 1410.1)(665.1, 1415.6)(588.0, 1415.6);SD
Module:M31
Boundary:(409.7, 1315.3)(409.7, 1362.0)(318.1, 1362.0)(318.1, 1315.3);GATE
Port:(318.1, 1327.5)(322.4, 1327.5)(322.4, 1349.8)(318.1, 1349.8);SD
Port:(409.7, 1315.3)(409.7, 1362.0)(324.5, 1362.0)(324.5, 1315.3);GATE
Port:(399.4, 1322.1)(403.9, 1322.1)(403.9, 1355.2)(399.4, 1355.2);SD
Module:M3
Boundary:(342.0, 671.9)(342.0, 793.1)(152.7, 793.1)(152.7, 671.9);GATE
Port:(152.7, 685.1)(157.8, 685.1)(157.8, 779.9)(152.7, 779.9);SD
Port:(342.0, 671.9)(342.0, 793.1)(159.3, 793.1)(159.3, 671.9);GATE
Port:(331.1, 677.5)(337.4, 677.5)(337.4, 787.5)(331.1, 787.5);SD
Module:M26
Boundary:(259.3, 1179.6)(356.1, 1179.6)(356.1, 1216.0)(371.0, 1216.0)(371.0, 1265.3)(259.3, 1265.3);GATE
Port:(272.1, 1260.9)(358.2, 1260.9)(358.2, 1265.3)(272.1, 1265.3);SD
Port:(259.3, 1179.6)(356.1, 1179.6)(356.1, 1216.0)(371.0, 1216.0)(371.0, 1259.0)(259.3, 1259.0);GATE
Port:(264.7, 1184.0)(349.7, 1184.0)(349.7, 1189.6)(264.7, 1189.6);SD
Module:M23
Boundary:(258.7, 1008.5)(358.3, 1008.5)(358.3, 1129.6)(258.7, 1129.6);GATE
Port:(271.5, 1124.7)(345.5, 1124.7)(345.5, 1129.6)(271.5, 1129.6);SD
Port:(258.7, 1008.5)(358.3, 1008.5)(358.3, 1123.1)(258.7, 1123.1);GATE
Port:(264.5, 1013.3)(352.5, 1013.3)(352.5, 1018.8)(264.5, 1018.8);SD
Module:M18
Boundary:(348.4, 843.1)(348.4, 943.1)(272.5, 943.1)(272.5, 958.5)(135.8, 958.5)(135.8, 843.1);GATE
Port:(135.8, 856.3)(141.4, 856.3)(141.4, 945.3)(135.8, 945.3);SD
Port:(348.4, 843.1)(348.4, 943.1)(272.5, 943.1)(272.5, 958.5)(142.5, 958.5)(142.5, 843.1);GATE
Port:(337.7, 848.9)(343.6, 848.9)(343.6, 936.3)(337.7, 936.3);SD
Module:M20
Boundary:(559.3, 650.2)(559.3, 735.6)(477.6, 735.6)(477.6, 750.9)(398.4, 750.9)(398.4, 650.2);GATE
Port:(398.4, 664.1)(402.7, 664.1)(402.7, 737.0)(398.4, 737.0);SD
Port:(559.3, 650.2)(559.3, 735.6)(477.6, 735.6)(477.6, 750.9)(404.8, 750.9)(404.8, 650.2);GATE
Port:(547.6, 656.8)(553.7, 656.8)(553.7, 728.0)(547.6, 728.0);SD
Module:M15
Boundary:(551.9, 1117.7)(656.3, 1117.7)(656.3, 1118.1)(673.4, 1118.1)(673.4, 1210.3)(551.9, 1210.3);GATE
Port:(566.8, 1205.6)(658.5, 1205.6)(658.5, 1210.3)(566.8, 1210.3);SD
Port:(551.9, 1117.7)(656.3, 1117.7)(656.3, 1118.1)(673.4, 1118.1)(673.4, 1203.4)(551.9, 1203.4);GATE
Port:(558.8, 1123.6)(649.4, 1123.6)(649.4, 1129.1)(558.8, 1129.1);SD
Module:M12
Boundary:(20.0, 1047.5)(67.6, 1047.5)(67.6, 1124.6)(82.1, 1124.6)(82.1, 1225.3)(20.0, 1225.3);GATE
Port:(31.6, 1220.5)(70.5, 1220.5)(70.5, 1225.3)(31.6, 1225.3);SD
Port:(20.0, 1047.5)(67.6, 1047.5)(67.6, 1124.6)(82.1, 1124.6)(82.1, 1218.8)(20.0, 1218.8);GATE
Port:(25.2, 1051.7)(61.4, 1051.7)(61.4, 1057.4)(25.2, 1057.4);SD
Module:M44
Boundary:(398.4, 974.6)(493.2, 974.6)(493.2, 994.1)(507.1, 994.1)(507.1, 1099.9)(398.4, 1099.9);GATE
Port:(412.2, 1094.8)(493.3, 1094.8)(493.3, 1099.9)(412.2, 1099.9);SD
Port:(398.4, 974.6)(493.2, 974.6)(493.2, 994.1)(507.1, 994.1)(507.1, 1092.0)(398.4, 1092.0);GATE
Port:(405.3, 980.5)(485.3, 980.5)(485.3, 986.3)(405.3, 986.3);SD
Module:M39
Boundary:(30.0, 1584.3)(150.2, 1584.3)(150.2, 1749.9)(30.0, 1749.9);GATE
Port:(43.7, 1744.2)(136.5, 1744.2)(136.5, 1749.9)(43.7, 1749.9);SD
Port:(30.0, 1584.3)(150.2, 1584.3)(150.2, 1742.9)(30.0, 1742.9);GATE
Port:(35.9, 1589.2)(144.3, 1589.2)(144.3, 1595.0)(35.9, 1595.0);SD
Module:M8
Boundary:(599.3, 554.3)(665.5, 554.3)(665.5, 654.4)(680.4, 654.4)(680.4, 779.7)(599.3, 779.7);GATE
Port:(612.8, 774.4)(666.9, 774.4)(666.9, 779.7)(612.8, 779.7);SD
Port:(599.3, 554.3)(665.5, 554.3)(665.5, 654.4)(680.4, 654.4)(680.4, 772.6)(599.3, 772.6);GATE
Port:(604.5, 558.5)(659.3, 558.5)(659.3, 565.0)(604.5, 565.0);SD
Module:M41
Boundary:(421.0, 1139.9)(497.3, 1139.9)(497.3, 1140.0)(511.9, 1140.0)(511.9, 1245.2)(421.0, 1245.2);GATE
Port:(434.2, 1239.2)(498.7, 1239.2)(498.7, 1245.2)(434.2, 1245.2);SD
Port:(421.0, 1139.9)(497.3, 1139.9)(497.3, 1140.0)(511.9, 1140.0)(511.9, 1236.7)(421.0, 1236.7);GATE
Port:(426.6, 1144.5)(491.7, 1144.5)(491.7, 1150.5)(426.6, 1150.5);SD
Module:M4
Boundary:(398.4, 790.9)(492.1, 790.9)(492.1, 849.4)(505.5, 849.4)(505.5, 934.6)(398.4, 934.6);GATE
Port:(412.8, 929.7)(491.1, 929.7)(491.1, 934.6)(412.8, 934.6);SD
Port:(398.4, 790.9)(492.1, 790.9)(492.1, 849.4)(505.5, 849.4)(505.5, 927.8)(398.4, 927.8);GATE
Port:(405.0, 796.5)(484.5, 796.5)(484.5, 803.4)(405.0, 803.4);SD
Module:M36
Boundary:(20.0, 360.1)(99.0, 360.1)(99.0, 438.1)(112.7, 438.1)(112.7, 538.9)(20.0, 538.9);GATE
Port:(33.9, 534.3)(98.8, 534.3)(98.8, 538.9)(33.9, 538.9);SD
Port:(20.0, 360.1)(99.0, 360.1)(99.0, 438.1)(112.7, 438.1)(112.7, 533.2)(20.0, 533.2);GATE
Port:(25.6, 364.7)(92.4, 364.7)(92.4, 372.1)(25.6, 372.1);SD
Module:M33
Boundary:(682.1, 819.7)(682.1, 901.6)(681.6, 901.6)(681.6, 918.0)(545.5, 918.0)(545.5, 819.7);GATE
Port:(545.5, 832.1)(550.5, 832.1)(550.5, 905.6)(545.5, 905.6);SD
Port:(682.1, 819.7)(682.1, 901.6)(681.6, 901.6)(681.6, 918.0)(551.9, 918.0)(551.9, 819.7);GATE
Port:(672.1, 825.5)(677.3, 825.5)(677.3, 895.8)(672.1, 895.8);SD
Module:M28
Boundary:(175.6, 20.0)(230.0, 20.0)(230.0, 63.0)(245.1, 63.0)(245.1, 133.6)(175.6, 133.6);GATE
Port:(190.9, 128.0)(229.8, 128.0)(229.8, 133.6)(190.9, 133.6);SD
Port:(175.6, 20.0)(230.0, 20.0)(230.0, 63.0)(245.1, 63.0)(245.1, 125.8)(175.6, 125.8);GATE
Port:(182.4, 25.8)(222.2, 25.8)(222.2, 32.5)(182.4, 32.5);SD
Module:M30
Boundary:(20.0, 578.9)(97.7, 578.9)(97.7, 701.3)(111.6, 701.3)(111.6, 779.0)(20.0, 779.0);GATE
Port:(32.0, 773.4)(99.6, 773.4)(99.6, 779.0)(32.0, 779.0);SD
Port:(20.0, 578.9)(97.7, 578.9)(97.7, 701.3)(111.6, 701.3)(111.6, 770.4)(20.0, 770.4);GATE
Port:(25.8, 583.7)(90.9, 583.7)(90.9, 589.0)(25.8, 589.0);SD
Module:M25
Boundary:(245.4, 173.6)(245.4, 258.3)(245.0, 258.3)(245.0, 274.8)(152.7, 274.8)(152.7, 173.6);GATE
Port:(152.7, 187.4)(158.1, 187.4)(158.1, 261.0)(152.7, 261.0);SD
Port:(245.4, 173.6)(245.4, 258.3)(245.0, 258.3)(245.0, 274.8)(160.6, 274.8)(160.6, 173.6);GATE
Port:(233.6, 179.1)(240.9, 179.1)(240.9, 252.8)(233.6, 252.8);SD
Module:M22
Boundary:(695.7, 958.0)(695.7, 1062.1)(637.2, 1062.1)(637.2, 1077.7)(551.9, 1077.7)(551.9, 958.0);GATE
Port:(551.9, 973.2)(556.2, 973.2)(556.2, 1062.5)(551.9, 1062.5);SD
Port:(695.7, 958.0)(695.7, 1062.1)(637.2, 1062.1)(637.2, 1077.7)(559.2, 1077.7)(559.2, 958.0);GATE
Port:(683.7, 964.2)(690.5, 964.2)(690.5, 1054.9)(683.7, 1054.9);SD
Module:M17
Boundary:(150.9, 1336.1)(251.1, 1336.1)(251.1, 1336.4)(268.1, 1336.4)(268.1, 1510.0)(150.9, 1510.0);GATE
Port:(163.0, 1505.4)(256.0, 1505.4)(256.0, 1510.0)(163.0, 1510.0);SD
Port:(150.9, 1336.1)(251.1, 1336.1)(251.1, 1336.4)(268.1, 1336.4)(268.1, 1503.0)(150.9, 1503.0);GATE
Port:(156.3, 1340.5)(245.7, 1340.5)(245.7, 1345.4)(156.3, 1345.4);SD
