Area:(-30.0, -30.0)(1364.5, -30.0)(1364.5, 747.4)(-30.0, 747.4)
Rule:GATE(5,5);SD(5,5);GATE_SD(0.5);GATE_ITO(0.5);SD_ITO(0.5)
Module:M14
Boundary:(244.8, 203.5)(244.8, 307.6)(150.2, 307.6)(150.2, 323.8)(30.0, 323.8)(30.0, 203.5);GATE
Port:(30.0, 217.0)(34.8, 217.0)(34.8, 310.3)(30.0, 310.3);SD
Port:(244.8, 203.5)(244.8, 307.6)(150.2, 307.6)(150.2, 323.8)(37.4, 323.8)(37.4, 203.5);GATE
Port:(234.7, 209.3)(240.0, 209.3)(240.0, 300.8)(234.7, 300.8);SD
Module:M9
Boundary:(1110.3, 363.8)(1110.3, 460.3)(1110.3, 460.3)(1110.3, 476.3)(925.0, 476.3)(925.0, 363.8);GATE
Port:(925.0, 376.3)(930.9, 376.3)(930.9, 463.8)(925.0, 463.8);SD
Port:(1110.3, 363.8)(1110.3, 460.3)(1110.3, 460.3)(1110.3, 476.3)(933.3, 476.3)(933.3, 363.8);GATE
Port:(1100.3, 370.0)(1105.1, 370.0)(1105.1, 454.1)(1100.3, 454.1);SD
Module:M5
Boundary:(221.4, 607.8)(221.4, 679.8)(221.4, 679.8)(221.4, 697.7)(20.0, 697.7)(20.0, 607.8);GATE
Port:(20.0, 622.6)(25.5, 622.6)(25.5, 682.9)(20.0, 682.9);SD
Port:(221.4, 607.8)(221.4, 679.8)(221.4, 679.8)(221.4, 697.7)(28.3, 697.7)(28.3, 607.8);GATE
Port:(209.9, 613.1)(217.1, 613.1)(217.1, 674.5)(209.9, 674.5);SD
Module:M11
Boundary:(358.2, 386.7)(358.2, 472.2)(357.7, 472.2)(357.7, 489.2)(181.0, 489.2)(181.0, 386.7);GATE
Port:(181.0, 400.4)(186.1, 400.4)(186.1, 475.5)(181.0, 475.5);SD
Port:(358.2, 386.7)(358.2, 472.2)(357.7, 472.2)(357.7, 489.2)(188.1, 489.2)(188.1, 386.7);GATE
Port:(347.5, 392.0)(353.9, 392.0)(353.9, 466.9)(347.5, 466.9);SD
Module:M1
Boundary:(865.8, 30.0)(865.8, 107.8)(865.4, 107.8)(865.4, 122.5)(791.2, 122.5)(791.2, 30.0);GATE
Port:(791.2, 43.3)(795.5, 43.3)(795.5, 109.2)(791.2, 109.2);SD
Port:(865.8, 30.0)(865.8, 107.8)(865.4, 107.8)(865.4, 122.5)(796.9, 122.5)(796.9, 30.0);GATE
Port:(854.4, 35.8)(861.0, 35.8)(861.0, 102.0)(854.4, 102.0);SD
Module:M38
Boundary:(1263.5, 346.4)(1310.5, 346.4)(1310.5, 397.9)(1324.5, 397.9)(1324.5, 456.2)(1263.5, 456.2);GATE
Port:(1275.2, 450.9)(1312.8, 450.9)(1312.8, 456.2)(1275.2, 456.2);SD
Port:(1263.5, 346.4)(1310.5, 346.4)(1310.5, 397.9)(1324.5, 397.9)(1324.5, 449.8)(1263.5, 449.8);GATE
Port:(1268.9, 350.8)(1304.1, 350.8)(1304.1, 356.6)(1268.9, 356.6);SD
Module:M40
Boundary:(1140.3, 114.3)(1232.5, 114.3)(1232.5, 175.8)(1246.0, 175.8)(1246.0, 290.9)(1140.3, 290.9);GATE
Port:(1153.1, 286.4)(1233.2, 286.4)(1233.2, 290.9)(1153.1, 290.9);SD
Port:(1140.3, 114.3)(1232.5, 114.3)(1232.5, 175.8)(1246.0, 175.8)(1246.0, 284.2)(1140.3, 284.2);GATE
Port:(1146.5, 119.5)(1225.3, 119.5)(1225.3, 125.4)(1146.5, 125.4);SD
Module:M35
Boundary:(1150.3, 320.9)(1217.2, 320.9)(1217.2, 320.9)(1233.5, 320.9)(1233.5, 445.7)(1150.3, 445.7);GATE
Port:(1163.6, 440.8)(1220.2, 440.8)(1220.2, 445.7)(1163.6, 445.7);SD
Port:(1150.3, 320.9)(1217.2, 320.9)(1217.2, 320.9)(1233.5, 320.9)(1233.5, 438.3)(1150.3, 438.3);GATE
Port:(1156.7, 326.3)(1210.8, 326.3)(1210.8, 331.9)(1156.7, 331.9);SD
Module:M32
Boundary:(639.8, 318.6)(713.3, 318.6)(713.3, 332.0)(726.5, 332.0)(726.5, 472.5)(639.8, 472.5);GATE
Port:(650.8, 467.3)(715.5, 467.3)(715.5, 472.5)(650.8, 472.5);SD
Port:(639.8, 318.6)(713.3, 318.6)(713.3, 332.0)(726.5, 332.0)(726.5, 464.6)(639.8, 464.6);GATE
Port:(645.8, 323.6)(706.3, 323.6)(706.3, 328.0)(645.8, 328.0);SD
Module:M27
Boundary:(1317.2, 20.0)(1317.2, 69.0)(1205.1, 69.0)(1205.1, 20.0);GATE
Port:(1205.1, 32.3)(1211.1, 32.3)(1211.1, 56.7)(1205.1, 56.7);SD
Port:(1317.2, 20.0)(1317.2, 69.0)(1213.0, 69.0)(1213.0, 20.0);GATE
Port:(1307.9, 25.1)(1313.1, 25.1)(1313.1, 63.9)(1307.9, 63.9);SD
Module:M24
Boundary:(1083.4, 516.3)(1083.4, 565.3)(1028.8, 565.3)(1028.8, 581.0)(925.0, 581.0)(925.0, 516.3);GATE
Port:(925.0, 528.1)(929.6, 528.1)(929.6, 569.2)(925.0, 569.2);SD
Port:(1083.4, 516.3)(1083.4, 565.3)(1028.8, 565.3)(1028.8, 581.0)(931.7, 581.0)(931.7, 516.3);GATE
Port:(1074.2, 521.5)(1079.2, 521.5)(1079.2, 559.1)(1074.2, 559.1);SD
Module:M19
Boundary:(1276.0, 109.0)(1307.0, 109.0)(1307.0, 109.1)(1322.6, 109.1)(1322.6, 316.4)(1276.0, 316.4);GATE
Port:(1288.5, 310.6)(1310.1, 310.6)(1310.1, 316.4)(1288.5, 316.4);SD
Port:(1276.0, 109.0)(1307.0, 109.0)(1307.0, 109.1)(1322.6, 109.1)(1322.6, 308.2)(1276.0, 308.2);GATE
Port:(1281.1, 113.1)(1301.9, 113.1)(1301.9, 118.7)(1281.1, 118.7);SD
Module:M6
Boundary:(661.6, 522.5)(723.3, 522.5)(723.3, 688.1)(661.6, 688.1);GATE
Port:(674.8, 683.0)(710.1, 683.0)(710.1, 688.1)(674.8, 688.1);SD
Port:(661.6, 522.5)(723.3, 522.5)(723.3, 680.8)(661.6, 680.8);GATE
Port:(668.0, 527.9)(716.9, 527.9)(716.9, 533.7)(668.0, 533.7);SD
Module:M21
Boundary:(1033.0, 124.3)(1093.9, 124.3)(1093.9, 124.3)(1108.2, 124.3)(1108.2, 323.8)(1033.0, 323.8);GATE
Port:(1045.6, 317.8)(1095.6, 317.8)(1095.6, 323.8)(1045.6, 323.8);SD
Port:(1033.0, 124.3)(1093.9, 124.3)(1093.9, 124.3)(1108.2, 124.3)(1108.2, 314.9)(1033.0, 314.9);GATE
Port:(1039.8, 130.1)(1087.1, 130.1)(1087.1, 135.2)(1039.8, 135.2);SD
Module:M2
Boundary:(510.2, 455.1)(510.2, 553.7)(449.9, 553.7)(449.9, 568.1)(398.2, 568.1)(398.2, 455.1);GATE
Port:(398.2, 469.5)(403.4, 469.5)(403.4, 553.7)(398.2, 553.7);SD
Port:(510.2, 455.1)(510.2, 553.7)(449.9, 553.7)(449.9, 568.1)(406.2, 568.1)(406.2, 455.1);GATE
Port:(497.5, 461.3)(505.0, 461.3)(505.0, 546.5)(497.5, 546.5);SD
Module:M16
Boundary:(1165.1, 20.0)(1165.1, 69.5)(1143.5, 69.5)(1143.5, 84.3)(1033.0, 84.3)(1033.0, 20.0);GATE
Port:(1033.0, 33.1)(1037.8, 33.1)(1037.8, 71.2)(1033.0, 71.2);SD
Port:(1165.1, 20.0)(1165.1, 69.5)(1143.5, 69.5)(1143.5, 84.3)(1039.2, 84.3)(1039.2, 20.0);GATE
Port:(1154.2, 25.5)(1160.6, 25.5)(1160.6, 63.0)(1154.2, 63.0);SD
Module:M13
Boundary:(679.7, 30.0)(731.2, 30.0)(731.2, 238.5)(679.7, 238.5);GATE
Port:(693.5, 234.1)(717.4, 234.1)(717.4, 238.5)(693.5, 238.5);SD
Port:(679.7, 30.0)(731.2, 30.0)(731.2, 231.5)(679.7, 231.5);GATE
Port:(685.9, 35.2)(725.0, 35.2)(725.0, 40.7)(685.9, 40.7);SD
Module:M10
Boundary:(553.0, 163.5)(603.2, 163.5)(603.2, 211.3)(617.4, 211.3)(617.4, 258.6)(553.0, 258.6);GATE
Port:(566.6, 254.4)(603.8, 254.4)(603.8, 258.6)(566.6, 258.6);SD
Port:(553.0, 163.5)(603.2, 163.5)(603.2, 211.3)(617.4, 211.3)(617.4, 252.2)(553.0, 252.2);GATE
Port:(559.1, 168.6)(596.1, 168.6)(596.1, 175.1)(559.1, 175.1);SD
Module:M37
Boundary:(151.0, 363.8)(151.0, 452.9)(150.5, 452.9)(150.5, 467.4)(10.0, 467.4)(10.0, 363.8);GATE
Port:(10.0, 375.9)(15.0, 375.9)(15.0, 455.3)(10.0, 455.3);SD
Port:(151.0, 363.8)(151.0, 452.9)(150.5, 452.9)(150.5, 467.4)(17.5, 467.4)(17.5, 363.8);GATE
Port:(140.8, 369.5)(146.3, 369.5)(146.3, 447.2)(140.8, 447.2);SD
Module:M34
Boundary:(1287.2, 486.2)(1287.2, 546.5)(1231.6, 546.5)(1231.6, 559.3)(1150.3, 559.3)(1150.3, 486.2);GATE
Port:(1150.3, 499.0)(1154.7, 499.0)(1154.7, 546.5)(1150.3, 546.5);SD
Port:(1287.2, 486.2)(1287.2, 546.5)(1231.6, 546.5)(1231.6, 559.3)(1156.9, 559.3)(1156.9, 486.2);GATE
Port:(1276.2, 491.2)(1283.2, 491.2)(1283.2, 540.5)(1276.2, 540.5);SD
Module:M29
Boundary:(550.2, 522.5)(608.3, 522.5)(608.3, 522.6)(621.6, 522.6)(621.6, 699.7)(550.2, 699.7);GATE
Port:(562.9, 693.9)(608.9, 693.9)(608.9, 699.7)(562.9, 699.7);SD
Port:(550.2, 522.5)(608.3, 522.5)(608.3, 522.6)(621.6, 522.6)(621.6, 691.7)(550.2, 691.7);GATE
Port:(557.1, 528.4)(601.4, 528.4)(601.4, 533.7)(557.1, 533.7);SD
Module:M7
Boundary:(915.8, 20.0)(978.2, 20.0)(978.2, 20.1)(993.0, 20.1)(993.0, 207.7)(915.8, 207.7);GATE
Port:(928.5, 201.9)(980.3, 201.9)(980.3, 207.7)(928.5, 207.7);SD
Port:(915.8, 20.0)(978.2, 20.0)(978.2, 20.1)(993.0, 20.1)(993.0, 199.3)(915.8, 199.3);GATE
Port:(922.2, 25.4)(971.8, 25.4)(971.8, 31.0)(922.2, 31.0);SD
Module:M31
Boundary:(1212.5, 599.3)(1212.5, 695.3)(1123.4, 695.3)(1123.4, 599.3);GATE
Port:(1123.4, 612.4)(1127.5, 612.4)(1127.5, 682.2)(1123.4, 682.2);SD
Port:(1212.5, 599.3)(1212.5, 695.3)(1128.9, 695.3)(1128.9, 599.3);GATE
Port:(1201.1, 604.8)(1208.0, 604.8)(1208.0, 689.8)(1201.1, 689.8);SD
Module:M3
Boundary:(869.0, 325.6)(869.0, 396.9)(868.8, 396.9)(868.8, 410.9)(781.2, 410.9)(781.2, 325.6);GATE
Port:(781.2, 336.8)(787.1, 336.8)(787.1, 399.7)(781.2, 399.7);SD
Port:(869.0, 325.6)(869.0, 396.9)(868.8, 396.9)(868.8, 410.9)(788.3, 410.9)(788.3, 325.6);GATE
Port:(859.3, 330.7)(864.9, 330.7)(864.9, 391.8)(859.3, 391.8);SD
Module:M26
Boundary:(763.3, 573.6)(863.9, 573.6)(863.9, 574.2)(880.5, 574.2)(880.5, 697.2)(763.3, 697.2);GATE
Port:(776.9, 693.0)(866.9, 693.0)(866.9, 697.2)(776.9, 697.2);SD
Port:(763.3, 573.6)(863.9, 573.6)(863.9, 574.2)(880.5, 574.2)(880.5, 691.5)(763.3, 691.5);GATE
Port:(770.1, 579.4)(857.1, 579.4)(857.1, 584.1)(770.1, 584.1);SD
Module:M23
Boundary:(1073.4, 631.0)(1073.4, 691.8)(935.0, 691.8)(935.0, 631.0);GATE
Port:(935.0, 643.9)(941.0, 643.9)(941.0, 678.9)(935.0, 678.9);SD
Port:(1073.4, 631.0)(1073.4, 691.8)(942.3, 691.8)(942.3, 631.0);GATE
Port:(1062.4, 637.2)(1068.2, 637.2)(1068.2, 685.6)(1062.4, 685.6);SD
Module:M18
Boundary:(307.9, 30.0)(375.0, 30.0)(375.0, 57.9)(389.5, 57.9)(389.5, 195.1)(307.9, 195.1);GATE
Port:(321.9, 190.3)(375.5, 190.3)(375.5, 195.1)(321.9, 195.1);SD
Port:(307.9, 30.0)(375.0, 30.0)(375.0, 57.9)(389.5, 57.9)(389.5, 188.6)(307.9, 188.6);GATE
Port:(314.3, 35.4)(367.6, 35.4)(367.6, 41.4)(314.3, 41.4);SD
Module:M20
Boundary:(30.0, 30.0)(82.4, 30.0)(82.4, 70.3)(99.4, 70.3)(99.4, 119.7)(30.0, 119.7);GATE
Port:(42.9, 113.7)(86.5, 113.7)(86.5, 119.7)(42.9, 119.7);SD
Port:(30.0, 30.0)(82.4, 30.0)(82.4, 70.3)(99.4, 70.3)(99.4, 112.6)(30.0, 112.6);GATE
Port:(35.8, 34.8)(75.6, 34.8)(75.6, 39.5)(35.8, 39.5);SD
Module:M15
Boundary:(159.4, 30.0)(247.9, 30.0)(247.9, 143.5)(159.4, 143.5);GATE
Port:(174.6, 138.1)(232.7, 138.1)(232.7, 143.5)(174.6, 143.5);SD
Port:(159.4, 30.0)(247.9, 30.0)(247.9, 136.1)(159.4, 136.1);GATE
Port:(165.8, 35.4)(241.5, 35.4)(241.5, 42.0)(165.8, 42.0);SD
Module:M12
Boundary:(913.3, 247.7)(976.0, 247.7)(976.0, 270.1)(989.8, 270.1)(989.8, 318.1)(913.3, 318.1);GATE
Port:(926.3, 312.3)(976.8, 312.3)(976.8, 318.1)(926.3, 318.1);SD
Port:(913.3, 247.7)(976.0, 247.7)(976.0, 270.1)(989.8, 270.1)(989.8, 311.2)(913.3, 311.2);GATE
Port:(918.5, 251.9)(969.8, 251.9)(969.8, 258.0)(918.5, 258.0);SD
Module:M39
Boundary:(503.7, 598.1)(503.7, 689.2)(503.6, 689.2)(503.6, 707.4)(385.7, 707.4)(385.7, 598.1);GATE
Port:(385.7, 613.1)(390.0, 613.1)(390.0, 692.4)(385.7, 692.4);SD
Port:(503.7, 598.1)(503.7, 689.2)(503.6, 689.2)(503.6, 707.4)(392.1, 707.4)(392.1, 598.1);GATE
Port:(492.1, 604.8)(498.0, 604.8)(498.0, 682.5)(492.1, 682.5);SD
Module:M8
Boundary:(459.5, 264.6)(459.5, 331.5)(390.9, 331.5)(390.9, 346.7)(297.9, 346.7)(297.9, 264.6);GATE
Port:(297.9, 278.3)(302.5, 278.3)(302.5, 333.0)(297.9, 333.0);SD
Port:(459.5, 264.6)(459.5, 331.5)(390.9, 331.5)(390.9, 346.7)(304.9, 346.7)(304.9, 264.6);GATE
Port:(449.0, 271.1)(454.0, 271.1)(454.0, 324.0)(449.0, 324.0);SD
Module:M4
Boundary:(781.2, 172.5)(859.2, 172.5)(859.2, 217.6)(873.3, 217.6)(873.3, 285.6)(781.2, 285.6);GATE
Port:(793.9, 281.5)(860.6, 281.5)(860.6, 285.6)(793.9, 285.6);SD
Port:(781.2, 172.5)(859.2, 172.5)(859.2, 217.6)(873.3, 217.6)(873.3, 279.8)(781.2, 279.8);GATE
Port:(786.6, 176.9)(852.8, 176.9)(852.8, 182.9)(786.6, 182.9);SD
Module:M36
Boundary:(639.7, 10.0)(639.7, 109.0)(599.5, 109.0)(599.5, 123.5)(533.0, 123.5)(533.0, 10.0);GATE
Port:(533.0, 24.6)(538.3, 24.6)(538.3, 108.9)(533.0, 108.9);SD
Port:(639.7, 10.0)(639.7, 109.0)(599.5, 109.0)(599.5, 123.5)(539.6, 123.5)(539.6, 10.0);GATE
Port:(627.3, 16.9)(633.8, 16.9)(633.8, 101.1)(627.3, 101.1);SD
Module:M33
Boundary:(499.5, 308.6)(589.8, 308.6)(589.8, 415.1)(499.5, 415.1);GATE
Port:(515.2, 409.7)(574.1, 409.7)(574.1, 415.1)(515.2, 415.1);SD
Port:(499.5, 308.6)(589.8, 308.6)(589.8, 407.2)(499.5, 407.2);GATE
Port:(506.5, 314.6)(582.8, 314.6)(582.8, 322.2)(506.5, 322.2);SD
Module:M28
Boundary:(439.5, 20.0)(488.0, 20.0)(488.0, 127.8)(503.0, 127.8)(503.0, 224.6)(439.5, 224.6);GATE
Port:(451.5, 218.7)(491.0, 218.7)(491.0, 224.6)(451.5, 224.6);SD
Port:(439.5, 20.0)(488.0, 20.0)(488.0, 127.8)(503.0, 127.8)(503.0, 215.7)(439.5, 215.7);GATE
Port:(444.7, 24.2)(481.8, 24.2)(481.8, 30.2)(444.7, 30.2);SD
Module:M30
Boundary:(261.4, 529.2)(341.3, 529.2)(341.3, 586.5)(355.7, 586.5)(355.7, 699.8)(261.4, 699.8);GATE
Port:(274.4, 694.3)(342.7, 694.3)(342.7, 699.8)(274.4, 699.8);SD
Port:(261.4, 529.2)(341.3, 529.2)(341.3, 586.5)(355.7, 586.5)(355.7, 692.6)(261.4, 692.6);GATE
Port:(267.3, 534.1)(334.4, 534.1)(334.4, 539.9)(267.3, 539.9);SD
Module:M25
Boundary:(781.2, 450.9)(867.8, 450.9)(867.8, 451.0)(885.0, 451.0)(885.0, 533.6)(781.2, 533.6);GATE
Port:(795.0, 528.6)(871.2, 528.6)(871.2, 533.6)(795.0, 533.6);SD
Port:(781.2, 450.9)(867.8, 450.9)(867.8, 451.0)(885.0, 451.0)(885.0, 526.0)(781.2, 526.0);GATE
Port:(788.0, 456.7)(861.0, 456.7)(861.0, 461.6)(788.0, 461.6);SD
Module:M22
Boundary:(1252.5, 599.3)(1310.8, 599.3)(1310.8, 629.9)(1322.8, 629.9)(1322.8, 700.3)(1252.5, 700.3);GATE
Port:(1264.9, 695.2)(1310.4, 695.2)(1310.4, 700.3)(1264.9, 700.3);SD
Port:(1252.5, 599.3)(1310.8, 599.3)(1310.8, 629.9)(1322.8, 629.9)(1322.8, 693.0)(1252.5, 693.0);GATE
Port:(1259.0, 604.8)(1303.3, 604.8)(1303.3, 610.0)(1259.0, 610.0);SD
Module:M17
Boundary:(138.5, 497.4)(138.5, 550.9)(138.2, 550.9)(138.2, 567.8)(20.0, 567.8)(20.0, 497.4);GATE
Port:(20.0, 512.3)(25.4, 512.3)(25.4, 552.9)(20.0, 552.9);SD
Port:(138.5, 497.4)(138.5, 550.9)(138.2, 550.9)(138.2, 567.8)(26.6, 567.8)(26.6, 497.4);GATE
Port:(126.3, 503.1)(133.8, 503.1)(133.8, 545.2)(126.3, 545.2);SD
