Area:(-30.0, -20.0)(829.6, -20.0)(829.6, 1198.2)(-30.0, 1198.2)
Rule:GATE(5,5);SD(5,5);GATE_SD(0.5);GATE_ITO(0.5);SD_ITO(0.5)
Module:M14
Boundary:(277.0, 298.0)(277.0, 368.7)(257.9, 368.7)(257.9, 380.8)(189.5, 380.8)(189.5, 298.0);GATE
Port:(189.5, 310.1)(194.0, 310.1)(194.0, 368.7)(189.5, 368.7);SD
Port:(277.0, 298.0)(277.0, 368.7)(257.9, 368.7)(257.9, 380.8)(195.1, 380.8)(195.1, 298.0);GATE
Port:(266.6, 303.1)(272.9, 303.1)(272.9, 362.6)(266.6, 362.6);SD
Module:M9
Boundary:(20.0, 732.6)(66.8, 732.6)(66.8, 732.6)(81.4, 732.6)(81.4, 870.2)(20.0, 870.2);GATE
Port:(32.2, 865.1)(69.2, 865.1)(69.2, 870.2)(32.2, 870.2);SD
Port:(20.0, 732.6)(66.8, 732.6)(66.8, 732.6)(81.4, 732.6)(81.4, 863.7)(20.0, 863.7);GATE
Port:(26.7, 738.3)(60.1, 738.3)(60.1, 743.3)(26.7, 743.3);SD
Module:M5
Boundary:(279.4, 1002.4)(352.2, 1002.4)(352.2, 1002.5)(365.9, 1002.5)(365.9, 1158.2)(279.4, 1158.2);GATE
Port:(291.5, 1154.0)(353.8, 1154.0)(353.8, 1158.2)(291.5, 1158.2);SD
Port:(279.4, 1002.4)(352.2, 1002.4)(352.2, 1002.5)(365.9, 1002.5)(365.9, 1151.7)(279.4, 1151.7);GATE
Port:(285.9, 1007.9)(345.7, 1007.9)(345.7, 1013.0)(285.9, 1013.0);SD
Module:M11
Boundary:(133.5, 221.2)(133.5, 318.3)(20.0, 318.3)(20.0, 221.2);GATE
Port:(20.0, 235.0)(24.4, 235.0)(24.4, 304.5)(20.0, 304.5);SD
Port:(133.5, 221.2)(133.5, 318.3)(26.7, 318.3)(26.7, 221.2);GATE
Port:(121.7, 228.2)(127.5, 228.2)(127.5, 311.3)(121.7, 311.3);SD
Module:M1
Boundary:(780.9, 172.1)(780.9, 254.0)(780.9, 254.0)(780.9, 270.3)(551.3, 270.3)(551.3, 172.1);GATE
Port:(551.3, 185.5)(557.1, 185.5)(557.1, 256.9)(551.3, 256.9);SD
Port:(780.9, 172.1)(780.9, 254.0)(780.9, 254.0)(780.9, 270.3)(559.2, 270.3)(559.2, 172.1);GATE
Port:(770.2, 177.3)(776.7, 177.3)(776.7, 248.8)(770.2, 248.8);SD
Module:M38
Boundary:(111.4, 722.6)(183.0, 722.6)(183.0, 740.9)(199.1, 740.9)(199.1, 839.2)(111.4, 839.2);GATE
Port:(126.4, 833.8)(184.1, 833.8)(184.1, 839.2)(126.4, 839.2);SD
Port:(111.4, 722.6)(183.0, 722.6)(183.0, 740.9)(199.1, 740.9)(199.1, 831.8)(111.4, 831.8);GATE
Port:(117.4, 727.6)(176.0, 727.6)(176.0, 734.6)(117.4, 734.6);SD
Module:M40
Boundary:(149.5, 348.3)(149.5, 398.3)(126.8, 398.3)(126.8, 411.3)(10.0, 411.3)(10.0, 348.3);GATE
Port:(10.0, 362.5)(16.0, 362.5)(16.0, 397.1)(10.0, 397.1);SD
Port:(149.5, 348.3)(149.5, 398.3)(126.8, 398.3)(126.8, 411.3)(17.8, 411.3)(17.8, 348.3);GATE
Port:(137.3, 355.1)(143.7, 355.1)(143.7, 390.5)(137.3, 390.5);SD
Module:M35
Boundary:(236.7, 1106.2)(236.7, 1138.1)(236.5, 1138.1)(236.5, 1153.9)(121.4, 1153.9)(121.4, 1106.2);GATE
Port:(121.4, 1118.9)(126.5, 1118.9)(126.5, 1141.2)(121.4, 1141.2);SD
Port:(236.7, 1106.2)(236.7, 1138.1)(236.5, 1138.1)(236.5, 1153.9)(128.7, 1153.9)(128.7, 1106.2);GATE
Port:(226.7, 1111.8)(232.1, 1111.8)(232.1, 1132.5)(226.7, 1132.5);SD
Module:M32
Boundary:(493.4, 30.0)(493.4, 98.4)(427.1, 98.4)(427.1, 111.6)(334.9, 111.6)(334.9, 30.0);GATE
Port:(334.9, 44.1)(339.8, 44.1)(339.8, 97.5)(334.9, 97.5);SD
Port:(493.4, 30.0)(493.4, 98.4)(427.1, 98.4)(427.1, 111.6)(342.0, 111.6)(342.0, 30.0);GATE
Port:(481.0, 36.4)(488.0, 36.4)(488.0, 90.0)(481.0, 90.0);SD
Module:M27
Boundary:(772.1, 618.3)(772.1, 703.5)(772.0, 703.5)(772.0, 717.2)(588.1, 717.2)(588.1, 618.3);GATE
Port:(588.1, 630.0)(594.0, 630.0)(594.0, 705.5)(588.1, 705.5);SD
Port:(772.1, 618.3)(772.1, 703.5)(772.0, 703.5)(772.0, 717.2)(595.3, 717.2)(595.3, 618.3);GATE
Port:(762.0, 624.6)(766.8, 624.6)(766.8, 697.2)(762.0, 697.2);SD
Module:M24
Boundary:(566.2, 757.2)(657.6, 757.2)(657.6, 757.6)(675.6, 757.6)(675.6, 973.8)(566.2, 973.8);GATE
Port:(581.2, 968.1)(660.6, 968.1)(660.6, 973.8)(581.2, 973.8);SD
Port:(566.2, 757.2)(657.6, 757.2)(657.6, 757.6)(675.6, 757.6)(675.6, 966.8)(566.2, 966.8);GATE
Port:(573.2, 763.2)(650.6, 763.2)(650.6, 769.4)(573.2, 769.4);SD
Module:M19
Boundary:(297.0, 430.8)(297.0, 478.5)(192.1, 478.5)(192.1, 430.8);GATE
Port:(192.1, 443.5)(197.3, 443.5)(197.3, 465.8)(192.1, 465.8);SD
Port:(297.0, 430.8)(297.0, 478.5)(199.8, 478.5)(199.8, 430.8);GATE
Port:(286.5, 436.3)(292.5, 436.3)(292.5, 473.0)(286.5, 473.0);SD
Module:M6
Boundary:(361.3, 614.3)(361.3, 699.4)(296.3, 699.4)(296.3, 715.7)(229.1, 715.7)(229.1, 614.3);GATE
Port:(229.1, 627.0)(234.3, 627.0)(234.3, 703.0)(229.1, 703.0);SD
Port:(361.3, 614.3)(361.3, 699.4)(296.3, 699.4)(296.3, 715.7)(237.1, 715.7)(237.1, 614.3);GATE
Port:(351.8, 619.3)(357.3, 619.3)(357.3, 693.4)(351.8, 693.4);SD
Module:M21
Boundary:(369.7, 524.8)(369.7, 558.3)(369.6, 558.3)(369.6, 574.3)(229.1, 574.3)(229.1, 524.8);GATE
Port:(229.1, 537.9)(234.8, 537.9)(234.8, 561.2)(229.1, 561.2);SD
Port:(369.7, 524.8)(369.7, 558.3)(369.6, 558.3)(369.6, 574.3)(235.9, 574.3)(235.9, 524.8);GATE
Port:(358.7, 531.3)(364.2, 531.3)(364.2, 551.8)(358.7, 551.8);SD
Module:M2
Boundary:(720.5, 320.3)(773.7, 320.3)(773.7, 326.9)(789.6, 326.9)(789.6, 408.1)(720.5, 408.1);GATE
Port:(734.8, 403.7)(775.3, 403.7)(775.3, 408.1)(734.8, 408.1);SD
Port:(720.5, 320.3)(773.7, 320.3)(773.7, 326.9)(789.6, 326.9)(789.6, 400.8)(720.5, 400.8);GATE
Port:(726.1, 324.9)(767.1, 324.9)(767.1, 331.1)(726.1, 331.1);SD
Module:M16
Boundary:(405.9, 1027.1)(467.6, 1027.1)(467.6, 1054.6)(481.0, 1054.6)(481.0, 1142.1)(405.9, 1142.1);GATE
Port:(418.4, 1137.9)(468.5, 1137.9)(468.5, 1142.1)(418.4, 1142.1);SD
Port:(405.9, 1027.1)(467.6, 1027.1)(467.6, 1054.6)(481.0, 1054.6)(481.0, 1135.3)(405.9, 1135.3);GATE
Port:(412.2, 1032.4)(460.3, 1032.4)(460.3, 1037.7)(412.2, 1037.7);SD
Module:M13
Boundary:(609.3, 1037.1)(609.3, 1130.5)(608.9, 1130.5)(608.9, 1145.5)(531.0, 1145.5)(531.0, 1037.1);GATE
Port:(531.0, 1049.8)(536.9, 1049.8)(536.9, 1132.8)(531.0, 1132.8);SD
Port:(609.3, 1037.1)(609.3, 1130.5)(608.9, 1130.5)(608.9, 1145.5)(539.4, 1145.5)(539.4, 1037.1);GATE
Port:(598.3, 1044.0)(603.4, 1044.0)(603.4, 1123.6)(598.3, 1123.6);SD
Module:M10
Boundary:(160.5, 30.0)(260.9, 30.0)(260.9, 93.1)(274.9, 93.1)(274.9, 144.5)(160.5, 144.5);GATE
Port:(174.1, 140.2)(261.3, 140.2)(261.3, 144.5)(174.1, 144.5);SD
Port:(160.5, 30.0)(260.9, 30.0)(260.9, 93.1)(274.9, 93.1)(274.9, 138.1)(160.5, 138.1);GATE
Port:(166.2, 34.7)(253.2, 34.7)(253.2, 41.3)(166.2, 41.3);SD
Module:M37
Boundary:(249.4, 990.2)(249.4, 1076.2)(111.4, 1076.2)(111.4, 990.2);GATE
Port:(111.4, 1005.1)(115.7, 1005.1)(115.7, 1061.3)(111.4, 1061.3);SD
Port:(249.4, 990.2)(249.4, 1076.2)(117.7, 1076.2)(117.7, 990.2);GATE
Port:(237.3, 995.3)(245.3, 995.3)(245.3, 1071.1)(237.3, 1071.1);SD
Module:M34
Boundary:(331.9, 855.5)(410.1, 855.5)(410.1, 897.8)(424.3, 897.8)(424.3, 962.4)(331.9, 962.4);GATE
Port:(344.5, 957.6)(411.7, 957.6)(411.7, 962.4)(344.5, 962.4);SD
Port:(331.9, 855.5)(410.1, 855.5)(410.1, 897.8)(424.3, 897.8)(424.3, 955.7)(331.9, 955.7);GATE
Port:(337.4, 860.0)(403.6, 860.0)(403.6, 866.0)(337.4, 866.0);SD
Module:M29
Boundary:(680.5, 320.3)(680.5, 350.5)(680.3, 350.5)(680.3, 365.2)(523.0, 365.2)(523.0, 320.3);GATE
Port:(523.0, 332.1)(527.9, 332.1)(527.9, 353.4)(523.0, 353.4);SD
Port:(680.5, 320.3)(680.5, 350.5)(680.3, 350.5)(680.3, 365.2)(530.3, 365.2)(530.3, 320.3);GATE
Port:(670.7, 326.0)(675.8, 326.0)(675.8, 344.8)(670.7, 344.8);SD
Module:M7
Boundary:(20.0, 910.2)(77.4, 910.2)(77.4, 1136.6)(20.0, 1136.6);GATE
Port:(36.2, 1132.0)(61.2, 1132.0)(61.2, 1136.6)(36.2, 1136.6);SD
Port:(20.0, 910.2)(77.4, 910.2)(77.4, 1129.1)(20.0, 1129.1);GATE
Port:(26.9, 916.1)(70.5, 916.1)(70.5, 923.9)(26.9, 923.9);SD
Module:M31
Boundary:(483.0, 284.4)(483.0, 347.2)(482.8, 347.2)(482.8, 362.4)(337.0, 362.4)(337.0, 284.4);GATE
Port:(337.0, 296.9)(343.0, 296.9)(343.0, 349.9)(337.0, 349.9);SD
Port:(483.0, 284.4)(483.0, 347.2)(482.8, 347.2)(482.8, 362.4)(344.6, 362.4)(344.6, 284.4);GATE
Port:(472.2, 289.8)(478.6, 289.8)(478.6, 341.8)(472.2, 341.8);SD
Module:M3
Boundary:(715.6, 757.2)(769.2, 757.2)(769.2, 757.5)(785.6, 757.5)(785.6, 948.5)(715.6, 948.5);GATE
Port:(731.1, 943.3)(770.1, 943.3)(770.1, 948.5)(731.1, 948.5);SD
Port:(715.6, 757.2)(769.2, 757.2)(769.2, 757.5)(785.6, 757.5)(785.6, 941.9)(715.6, 941.9);GATE
Port:(722.1, 762.7)(762.7, 762.7)(762.7, 769.7)(722.1, 769.7);SD
Module:M26
Boundary:(712.5, 448.1)(768.6, 448.1)(768.6, 512.6)(785.6, 512.6)(785.6, 578.3)(712.5, 578.3);GATE
Port:(727.3, 574.2)(770.8, 574.2)(770.8, 578.3)(727.3, 578.3);SD
Port:(712.5, 448.1)(768.6, 448.1)(768.6, 512.6)(785.6, 512.6)(785.6, 572.8)(712.5, 572.8);GATE
Port:(718.4, 453.0)(761.7, 453.0)(761.7, 460.1)(718.4, 460.1);SD
Module:M23
Boundary:(142.1, 451.3)(142.1, 514.3)(141.8, 514.3)(141.8, 529.5)(30.0, 529.5)(30.0, 451.3);GATE
Port:(30.0, 463.8)(34.2, 463.8)(34.2, 517.0)(30.0, 517.0);SD
Port:(142.1, 451.3)(142.1, 514.3)(141.8, 514.3)(141.8, 529.5)(36.9, 529.5)(36.9, 451.3);GATE
Port:(131.4, 456.9)(137.5, 456.9)(137.5, 508.7)(131.4, 508.7);SD
Module:M18
Boundary:(761.2, 1023.8)(761.2, 1131.6)(741.7, 1131.6)(741.7, 1148.1)(669.3, 1148.1)(669.3, 1023.8);GATE
Port:(669.3, 1038.8)(674.5, 1038.8)(674.5, 1133.1)(669.3, 1133.1);SD
Port:(761.2, 1023.8)(761.2, 1131.6)(741.7, 1131.6)(741.7, 1148.1)(677.2, 1148.1)(677.2, 1023.8);GATE
Port:(749.3, 1029.5)(756.5, 1029.5)(756.5, 1124.9)(749.3, 1124.9);SD
Module:M20
Boundary:(769.4, 30.0)(769.4, 96.8)(730.6, 96.8)(730.6, 112.1)(553.4, 112.1)(553.4, 30.0);GATE
Port:(553.4, 42.7)(559.0, 42.7)(559.0, 99.4)(553.4, 99.4);SD
Port:(769.4, 30.0)(769.4, 96.8)(730.6, 96.8)(730.6, 112.1)(561.3, 112.1)(561.3, 30.0);GATE
Port:(759.4, 35.4)(765.0, 35.4)(765.0, 90.4)(759.4, 90.4);SD
Module:M15
Boundary:(491.3, 171.6)(491.3, 218.2)(491.0, 218.2)(491.0, 234.4)(334.9, 234.4)(334.9, 171.6);GATE
Port:(334.9, 183.2)(339.4, 183.2)(339.4, 222.8)(334.9, 222.8);SD
Port:(491.3, 171.6)(491.3, 218.2)(491.0, 218.2)(491.0, 234.4)(342.2, 234.4)(342.2, 171.6);GATE
Port:(482.5, 176.9)(487.0, 176.9)(487.0, 212.9)(482.5, 212.9);SD
Module:M12
Boundary:(464.3, 855.5)(511.3, 855.5)(511.3, 877.2)(526.2, 877.2)(526.2, 987.1)(464.3, 987.1);GATE
Port:(475.9, 981.1)(514.6, 981.1)(514.6, 987.1)(475.9, 987.1);SD
Port:(464.3, 855.5)(511.3, 855.5)(511.3, 877.2)(526.2, 877.2)(526.2, 979.3)(464.3, 979.3);GATE
Port:(469.4, 859.6)(505.2, 859.6)(505.2, 864.3)(469.4, 864.3);SD
Module:M39
Boundary:(399.7, 514.8)(469.5, 514.8)(469.5, 691.0)(399.7, 691.0);GATE
Port:(414.0, 686.8)(455.2, 686.8)(455.2, 691.0)(414.0, 691.0);SD
Port:(399.7, 514.8)(469.5, 514.8)(469.5, 683.9)(399.7, 683.9);GATE
Port:(405.2, 519.3)(464.0, 519.3)(464.0, 526.4)(405.2, 526.4);SD
Module:M8
Boundary:(415.8, 721.0)(502.6, 721.0)(502.6, 742.5)(515.7, 742.5)(515.7, 815.5)(415.8, 815.5);GATE
Port:(427.3, 811.0)(504.2, 811.0)(504.2, 815.5)(427.3, 815.5);SD
Port:(415.8, 721.0)(502.6, 721.0)(502.6, 742.5)(515.7, 742.5)(515.7, 808.8)(415.8, 808.8);GATE
Port:(421.4, 725.6)(496.0, 725.6)(496.0, 730.5)(421.4, 730.5);SD
Module:M4
Boundary:(535.1, 405.2)(535.1, 470.3)(465.5, 470.3)(465.5, 484.8)(337.0, 484.8)(337.0, 405.2);GATE
Port:(337.0, 418.0)(341.3, 418.0)(341.3, 472.0)(337.0, 472.0);SD
Port:(535.1, 405.2)(535.1, 470.3)(465.5, 470.3)(465.5, 484.8)(342.6, 484.8)(342.6, 405.2);GATE
Port:(524.4, 411.7)(529.6, 411.7)(529.6, 462.8)(524.4, 462.8);SD
Module:M36
Boundary:(163.5, 184.5)(262.7, 184.5)(262.7, 204.5)(277.5, 204.5)(277.5, 258.0)(163.5, 258.0);GATE
Port:(177.4, 253.6)(263.6, 253.6)(263.6, 258.0)(177.4, 258.0);SD
Port:(163.5, 184.5)(262.7, 184.5)(262.7, 204.5)(277.5, 204.5)(277.5, 251.5)(163.5, 251.5);GATE
Port:(170.0, 190.0)(255.2, 190.0)(255.2, 196.4)(170.0, 196.4);SD
Module:M33
Boundary:(588.1, 405.2)(672.5, 405.2)(672.5, 575.2)(588.1, 575.2);GATE
Port:(603.7, 570.5)(656.9, 570.5)(656.9, 575.2)(603.7, 575.2);SD
Port:(588.1, 405.2)(672.5, 405.2)(672.5, 568.3)(588.1, 568.3);GATE
Port:(595.0, 411.1)(665.6, 411.1)(665.6, 418.8)(595.0, 418.8);SD
Module:M28
Boundary:(20.0, 20.0)(97.2, 20.0)(97.2, 74.6)(110.5, 74.6)(110.5, 181.2)(20.0, 181.2);GATE
Port:(33.3, 175.9)(97.2, 175.9)(97.2, 181.2)(33.3, 181.2);SD
Port:(20.0, 20.0)(97.2, 20.0)(97.2, 74.6)(110.5, 74.6)(110.5, 174.1)(20.0, 174.1);GATE
Port:(26.5, 25.5)(89.7, 25.5)(89.7, 31.0)(26.5, 31.0);SD
Module:M30
Boundary:(291.9, 869.2)(291.9, 942.9)(234.1, 942.9)(234.1, 960.2)(121.4, 960.2)(121.4, 869.2);GATE
Port:(121.4, 883.5)(127.1, 883.5)(127.1, 945.9)(121.4, 945.9);SD
Port:(291.9, 869.2)(291.9, 942.9)(234.1, 942.9)(234.1, 960.2)(129.7, 960.2)(129.7, 869.2);GATE
Port:(280.8, 874.8)(287.3, 874.8)(287.3, 936.3)(280.8, 936.3);SD
Module:M25
Boundary:(184.6, 579.5)(184.6, 676.5)(184.2, 676.5)(184.2, 692.6)(20.0, 692.6)(20.0, 579.5);GATE
Port:(20.0, 592.1)(25.2, 592.1)(25.2, 680.0)(20.0, 680.0);SD
Port:(184.6, 579.5)(184.6, 676.5)(184.2, 676.5)(184.2, 692.6)(27.4, 692.6)(27.4, 579.5);GATE
Port:(174.8, 585.0)(180.1, 585.0)(180.1, 671.0)(174.8, 671.0);SD
Module:M22
Boundary:(375.8, 755.7)(375.8, 802.0)(326.3, 802.0)(326.3, 814.9)(229.1, 814.9)(229.1, 755.7);GATE
Port:(229.1, 767.8)(233.7, 767.8)(233.7, 802.8)(229.1, 802.8);SD
Port:(375.8, 755.7)(375.8, 802.0)(326.3, 802.0)(326.3, 814.9)(236.6, 814.9)(236.6, 755.7);GATE
Port:(365.3, 761.2)(371.3, 761.2)(371.3, 795.5)(365.3, 795.5);SD
Module:M17
Boundary:(499.5, 524.8)(548.1, 524.8)(548.1, 672.9)(499.5, 672.9);GATE
Port:(512.5, 667.9)(535.1, 667.9)(535.1, 672.9)(512.5, 672.9);SD
Port:(499.5, 524.8)(548.1, 524.8)(548.1, 666.5)(499.5, 666.5);GATE
Port:(506.4, 530.7)(541.2, 530.7)(541.2, 536.2)(506.4, 536.2);SD
