Area:(-20.0, -20.0)(387.9, -20.0)(387.9, 721.4)(-20.0, 721.4)
Rule:GATE(5,5);SD(5,5);GATE_SD(0.5);GATE_ITO(0.5);SD_ITO(0.5)
Module:M9
Boundary:(289.8, 20.0)(289.8, 130.8)(173.0, 130.8)(173.0, 20.0);GATE
Port:(173.0, 33.1)(178.9, 33.1)(178.9, 117.7)(173.0, 117.7);SD
Port:(289.8, 20.0)(289.8, 130.8)(180.3, 130.8)(180.3, 20.0);GATE
Port:(279.3, 25.6)(285.2, 25.6)(285.2, 125.2)(279.3, 125.2);SD
Module:M5
Boundary:(111.3, 491.5)(111.3, 525.0)(111.2, 525.0)(111.2, 540.3)(30.0, 540.3)(30.0, 491.5);GATE
Port:(30.0, 505.0)(34.3, 505.0)(34.3, 526.8)(30.0, 526.8);SD
Port:(111.3, 491.5)(111.3, 525.0)(111.2, 525.0)(111.2, 540.3)(35.8, 540.3)(35.8, 491.5);GATE
Port:(100.5, 497.6)(106.2, 497.6)(106.2, 518.9)(100.5, 518.9);SD
Module:M1
Boundary:(154.2, 295.9)(189.1, 295.9)(189.1, 296.0)(204.7, 296.0)(204.7, 441.5)(154.2, 441.5);GATE
Port:(168.2, 435.6)(190.7, 435.6)(190.7, 441.5)(168.2, 441.5);SD
Port:(154.2, 295.9)(189.1, 295.9)(189.1, 296.0)(204.7, 296.0)(204.7, 434.3)(154.2, 434.3);GATE
Port:(161.0, 301.7)(182.3, 301.7)(182.3, 307.4)(161.0, 307.4);SD
Module:M6
Boundary:(287.0, 170.8)(333.7, 170.8)(333.7, 221.6)(347.9, 221.6)(347.9, 321.7)(287.0, 321.7);GATE
Port:(298.3, 315.9)(336.6, 315.9)(336.6, 321.7)(298.3, 321.7);SD
Port:(287.0, 170.8)(333.7, 170.8)(333.7, 221.6)(347.9, 221.6)(347.9, 314.5)(287.0, 314.5);GATE
Port:(292.2, 175.0)(327.5, 175.0)(327.5, 180.4)(292.2, 180.4);SD
Module:M2
Boundary:(244.7, 361.7)(327.5, 361.7)(327.5, 388.2)(341.5, 388.2)(341.5, 457.5)(244.7, 457.5);GATE
Port:(259.6, 452.1)(326.6, 452.1)(326.6, 457.5)(259.6, 457.5);SD
Port:(244.7, 361.7)(327.5, 361.7)(327.5, 388.2)(341.5, 388.2)(341.5, 449.3)(244.7, 449.3);GATE
Port:(251.6, 367.6)(319.6, 367.6)(319.6, 374.7)(251.6, 374.7);SD
Module:M10
Boundary:(30.0, 30.0)(108.8, 30.0)(108.8, 133.7)(123.0, 133.7)(123.0, 201.1)(30.0, 201.1);GATE
Port:(42.8, 196.9)(110.2, 196.9)(110.2, 201.1)(42.8, 201.1);SD
Port:(30.0, 30.0)(108.8, 30.0)(108.8, 133.7)(123.0, 133.7)(123.0, 195.6)(30.0, 195.6);GATE
Port:(36.3, 35.3)(101.5, 35.3)(101.5, 40.1)(36.3, 40.1);SD
Module:M7
Boundary:(153.0, 590.3)(153.0, 671.4)(20.0, 671.4)(20.0, 590.3);GATE
Port:(20.0, 603.6)(24.2, 603.6)(24.2, 658.1)(20.0, 658.1);SD
Port:(153.0, 590.3)(153.0, 671.4)(26.4, 671.4)(26.4, 590.3);GATE
Port:(142.5, 595.5)(148.8, 595.5)(148.8, 666.2)(142.5, 666.2);SD
Module:M3
Boundary:(193.0, 497.5)(295.5, 497.5)(295.5, 497.5)(312.9, 497.5)(312.9, 681.4)(193.0, 681.4);GATE
Port:(206.4, 676.8)(299.5, 676.8)(299.5, 681.4)(206.4, 681.4);SD
Port:(193.0, 497.5)(295.5, 497.5)(295.5, 497.5)(312.9, 497.5)(312.9, 674.6)(193.0, 674.6);GATE
Port:(198.1, 501.6)(290.4, 501.6)(290.4, 507.5)(198.1, 507.5);SD
Module:M8
Boundary:(20.0, 251.1)(100.2, 251.1)(100.2, 281.1)(114.2, 281.1)(114.2, 425.6)(20.0, 425.6);GATE
Port:(33.6, 419.7)(100.6, 419.7)(100.6, 425.6)(33.6, 425.6);SD
Port:(20.0, 251.1)(100.2, 251.1)(100.2, 281.1)(114.2, 281.1)(114.2, 417.1)(20.0, 417.1);GATE
Port:(26.1, 256.2)(93.1, 256.2)(93.1, 262.7)(26.1, 262.7);SD
Module:M4
Boundary:(173.0, 170.8)(234.1, 170.8)(234.1, 177.5)(247.0, 177.5)(247.0, 255.9)(173.0, 255.9);GATE
Port:(184.5, 251.2)(235.5, 251.2)(235.5, 255.9)(184.5, 255.9);SD
Port:(173.0, 170.8)(234.1, 170.8)(234.1, 177.5)(247.0, 177.5)(247.0, 249.3)(173.0, 249.3);GATE
Port:(178.1, 174.9)(227.0, 174.9)(227.0, 179.9)(178.1, 179.9);SD
