Area:(-20.0, -30.0)(1508.4, -30.0)(1508.4, 743.9)(-20.0, 743.9)
Rule:GATE(5,5);SD(5,5);GATE_SD(0.5);GATE_ITO(0.5);SD_ITO(0.5)
Module:M14
Boundary:(30.0, 30.0)(106.4, 30.0)(106.4, 135.6)(119.0, 135.6)(119.0, 204.7)(30.0, 204.7);GATE
Port:(44.3, 200.5)(104.7, 200.5)(104.7, 204.7)(44.3, 204.7);SD
Port:(30.0, 30.0)(106.4, 30.0)(106.4, 135.6)(119.0, 135.6)(119.0, 199.5)(30.0, 199.5);GATE
Port:(36.3, 35.3)(99.1, 35.3)(99.1, 42.8)(36.3, 42.8);SD
Module:M9
Boundary:(20.0, 516.8)(78.2, 516.8)(78.2, 703.9)(20.0, 703.9);GATE
Port:(30.8, 699.0)(67.4, 699.0)(67.4, 703.9)(30.8, 703.9);SD
Port:(20.0, 516.8)(78.2, 516.8)(78.2, 696.7)(20.0, 696.7);GATE
Port:(25.1, 520.9)(73.1, 520.9)(73.1, 525.3)(25.1, 525.3);SD
Module:M5
Boundary:(274.6, 432.0)(368.0, 432.0)(368.0, 571.9)(274.6, 571.9);GATE
Port:(290.0, 567.4)(352.6, 567.4)(352.6, 571.9)(290.0, 571.9);SD
Port:(274.6, 432.0)(368.0, 432.0)(368.0, 566.1)(274.6, 566.1);GATE
Port:(281.2, 437.6)(361.4, 437.6)(361.4, 444.1)(281.2, 444.1);SD
Module:M11
Boundary:(283.2, 272.5)(353.6, 272.5)(353.6, 272.6)(370.2, 272.6)(370.2, 392.0)(283.2, 392.0);GATE
Port:(298.0, 388.0)(355.4, 388.0)(355.4, 392.0)(298.0, 392.0);SD
Port:(283.2, 272.5)(353.6, 272.5)(353.6, 272.6)(370.2, 272.6)(370.2, 386.6)(283.2, 386.6);GATE
Port:(289.5, 277.8)(347.3, 277.8)(347.3, 284.8)(289.5, 284.8);SD
Module:M1
Boundary:(420.2, 311.9)(510.8, 311.9)(510.8, 450.0)(420.2, 450.0);GATE
Port:(435.1, 445.2)(495.9, 445.2)(495.9, 450.0)(435.1, 450.0);SD
Port:(420.2, 311.9)(510.8, 311.9)(510.8, 443.3)(420.2, 443.3);GATE
Port:(425.3, 316.0)(505.7, 316.0)(505.7, 323.5)(425.3, 323.5);SD
Module:M38
Boundary:(922.9, 447.2)(973.9, 447.2)(973.9, 500.7)(987.1, 500.7)(987.1, 551.6)(922.9, 551.6);GATE
Port:(936.5, 546.1)(973.5, 546.1)(973.5, 551.6)(936.5, 551.6);SD
Port:(922.9, 447.2)(973.9, 447.2)(973.9, 500.7)(987.1, 500.7)(987.1, 543.5)(922.9, 543.5);GATE
Port:(929.6, 452.9)(965.2, 452.9)(965.2, 458.8)(929.6, 458.8);SD
Module:M40
Boundary:(1371.5, 10.0)(1454.2, 10.0)(1454.2, 88.8)(1468.4, 88.8)(1468.4, 168.9)(1371.5, 168.9);GATE
Port:(1386.2, 163.4)(1453.7, 163.4)(1453.7, 168.9)(1386.2, 168.9);SD
Port:(1371.5, 10.0)(1454.2, 10.0)(1454.2, 88.8)(1468.4, 88.8)(1468.4, 160.5)(1371.5, 160.5);GATE
Port:(1377.8, 15.3)(1446.9, 15.3)(1446.9, 22.9)(1377.8, 22.9);SD
Module:M35
Boundary:(600.2, 20.0)(695.2, 20.0)(695.2, 217.6)(600.2, 217.6);GATE
Port:(612.9, 212.0)(682.5, 212.0)(682.5, 217.6)(612.9, 217.6);SD
Port:(600.2, 20.0)(695.2, 20.0)(695.2, 210.1)(600.2, 210.1);GATE
Port:(606.0, 24.8)(689.4, 24.8)(689.4, 30.0)(606.0, 30.0);SD
Module:M32
Boundary:(631.1, 500.5)(705.5, 500.5)(705.5, 601.4)(722.5, 601.4)(722.5, 693.9)(631.1, 693.9);GATE
Port:(646.3, 688.2)(707.3, 688.2)(707.3, 693.9)(646.3, 693.9);SD
Port:(631.1, 500.5)(705.5, 500.5)(705.5, 601.4)(722.5, 601.4)(722.5, 685.5)(631.1, 685.5);GATE
Port:(637.8, 506.2)(697.8, 506.2)(697.8, 512.2)(637.8, 512.2);SD
Module:M27
Boundary:(347.5, 611.9)(347.5, 695.8)(251.2, 695.8)(251.2, 611.9);GATE
Port:(251.2, 625.5)(256.8, 625.5)(256.8, 682.2)(251.2, 682.2);SD
Port:(347.5, 611.9)(347.5, 695.8)(258.5, 695.8)(258.5, 611.9);GATE
Port:(336.1, 618.3)(342.1, 618.3)(342.1, 689.4)(336.1, 689.4);SD
Module:M24
Boundary:(1017.1, 457.2)(1093.6, 457.2)(1093.6, 475.2)(1106.9, 475.2)(1106.9, 539.2)(1017.1, 539.2);GATE
Port:(1030.1, 535.0)(1093.9, 535.0)(1093.9, 539.2)(1030.1, 539.2);SD
Port:(1017.1, 457.2)(1093.6, 457.2)(1093.6, 475.2)(1106.9, 475.2)(1106.9, 533.7)(1017.1, 533.7);GATE
Port:(1023.1, 462.2)(1086.6, 462.2)(1086.6, 468.0)(1023.1, 468.0);SD
Module:M19
Boundary:(735.2, 20.0)(769.0, 20.0)(769.0, 20.2)(785.6, 20.2)(785.6, 202.5)(735.2, 202.5);GATE
Port:(748.7, 196.9)(772.1, 196.9)(772.1, 202.5)(748.7, 202.5);SD
Port:(735.2, 20.0)(769.0, 20.0)(769.0, 20.2)(785.6, 20.2)(785.6, 195.4)(735.2, 195.4);GATE
Port:(740.2, 24.0)(764.0, 24.0)(764.0, 30.5)(740.2, 30.5);SD
Module:M6
Boundary:(825.6, 20.0)(881.4, 20.0)(881.4, 130.7)(897.6, 130.7)(897.6, 231.2)(825.6, 231.2);GATE
Port:(840.6, 226.4)(882.6, 226.4)(882.6, 231.2)(840.6, 231.2);SD
Port:(825.6, 20.0)(881.4, 20.0)(881.4, 130.7)(897.6, 130.7)(897.6, 223.8)(825.6, 223.8);GATE
Port:(832.6, 26.0)(873.4, 26.0)(873.4, 32.7)(832.6, 32.7);SD
Module:M21
Boundary:(1323.9, 457.4)(1323.9, 539.1)(1146.9, 539.1)(1146.9, 457.4);GATE
Port:(1146.9, 471.4)(1152.5, 471.4)(1152.5, 525.1)(1146.9, 525.1);SD
Port:(1323.9, 457.4)(1323.9, 539.1)(1153.9, 539.1)(1153.9, 457.4);GATE
Port:(1312.7, 462.6)(1319.7, 462.6)(1319.7, 533.9)(1312.7, 533.9);SD
Module:M2
Boundary:(119.4, 254.7)(119.4, 340.1)(111.9, 340.1)(111.9, 352.7)(20.0, 352.7)(20.0, 254.7);GATE
Port:(20.0, 266.7)(25.4, 266.7)(25.4, 340.7)(20.0, 340.7);SD
Port:(119.4, 254.7)(119.4, 340.1)(111.9, 340.1)(111.9, 352.7)(26.6, 352.7)(26.6, 254.7);GATE
Port:(109.0, 259.9)(115.2, 259.9)(115.2, 333.9)(109.0, 333.9);SD
Module:M16
Boundary:(1341.5, 20.0)(1341.5, 103.7)(1303.4, 103.7)(1303.4, 118.5)(1124.7, 118.5)(1124.7, 20.0);GATE
Port:(1124.7, 33.8)(1128.9, 33.8)(1128.9, 104.7)(1124.7, 104.7);SD
Port:(1341.5, 20.0)(1341.5, 103.7)(1303.4, 103.7)(1303.4, 118.5)(1131.8, 118.5)(1131.8, 20.0);GATE
Port:(1329.9, 26.3)(1336.2, 26.3)(1336.2, 96.4)(1329.9, 96.4);SD
Module:M13
Boundary:(1133.1, 168.5)(1133.1, 277.1)(947.6, 277.1)(947.6, 168.5);GATE
Port:(947.6, 181.8)(953.3, 181.8)(953.3, 263.8)(947.6, 263.8);SD
Port:(1133.1, 168.5)(1133.1, 277.1)(954.7, 277.1)(954.7, 168.5);GATE
Port:(1121.9, 175.3)(1127.3, 175.3)(1127.3, 270.3)(1121.9, 270.3);SD
Module:M10
Boundary:(224.6, 402.7)(224.6, 452.6)(106.2, 452.6)(106.2, 466.8)(30.0, 466.8)(30.0, 402.7);GATE
Port:(30.0, 415.9)(34.8, 415.9)(34.8, 453.6)(30.0, 453.6);SD
Port:(224.6, 402.7)(224.6, 452.6)(106.2, 452.6)(106.2, 466.8)(36.5, 466.8)(36.5, 402.7);GATE
Port:(213.7, 408.4)(219.9, 408.4)(219.9, 445.9)(213.7, 445.9);SD
Module:M37
Boundary:(1094.7, 10.0)(1094.7, 111.6)(1094.6, 111.6)(1094.6, 128.0)(927.6, 128.0)(927.6, 10.0);GATE
Port:(927.6, 24.5)(932.6, 24.5)(932.6, 113.5)(927.6, 113.5);SD
Port:(1094.7, 10.0)(1094.7, 111.6)(1094.6, 111.6)(1094.6, 128.0)(934.3, 128.0)(934.3, 10.0);GATE
Port:(1082.8, 16.7)(1089.0, 16.7)(1089.0, 104.9)(1082.8, 104.9);SD
Module:M34
Boundary:(269.0, 20.0)(357.7, 20.0)(357.7, 132.8)(374.2, 132.8)(374.2, 232.5)(269.0, 232.5);GATE
Port:(282.8, 227.6)(360.4, 227.6)(360.4, 232.5)(282.8, 232.5);SD
Port:(269.0, 20.0)(357.7, 20.0)(357.7, 132.8)(374.2, 132.8)(374.2, 224.7)(269.0, 224.7);GATE
Port:(275.4, 25.4)(350.3, 25.4)(350.3, 30.4)(275.4, 30.4);SD
Module:M29
Boundary:(560.2, 20.0)(560.2, 141.2)(414.2, 141.2)(414.2, 20.0);GATE
Port:(414.2, 33.9)(418.8, 33.9)(418.8, 127.3)(414.2, 127.3);SD
Port:(560.2, 20.0)(560.2, 141.2)(420.0, 141.2)(420.0, 20.0);GATE
Port:(548.9, 25.4)(555.8, 25.4)(555.8, 135.8)(548.9, 135.8);SD
Module:M7
Boundary:(1457.0, 350.8)(1457.0, 466.4)(1456.4, 466.4)(1456.4, 485.1)(1363.9, 485.1)(1363.9, 350.8);GATE
Port:(1363.9, 367.4)(1368.6, 367.4)(1368.6, 468.5)(1363.9, 468.5);SD
Port:(1457.0, 350.8)(1457.0, 466.4)(1456.4, 466.4)(1456.4, 485.1)(1370.9, 485.1)(1370.9, 350.8);GATE
Port:(1443.8, 357.8)(1451.0, 357.8)(1451.0, 459.4)(1443.8, 459.4);SD
Module:M31
Boundary:(1429.9, 579.1)(1429.9, 701.5)(1269.2, 701.5)(1269.2, 579.1);GATE
Port:(1269.2, 593.3)(1273.3, 593.3)(1273.3, 687.3)(1269.2, 687.3);SD
Port:(1429.9, 579.1)(1429.9, 701.5)(1274.9, 701.5)(1274.9, 579.1);GATE
Port:(1419.1, 585.8)(1424.2, 585.8)(1424.2, 694.8)(1419.1, 694.8);SD
Module:M3
Boundary:(564.9, 500.0)(564.9, 575.3)(410.2, 575.3)(410.2, 500.0);GATE
Port:(410.2, 510.9)(416.1, 510.9)(416.1, 564.4)(410.2, 564.4);SD
Port:(564.9, 500.0)(564.9, 575.3)(417.3, 575.3)(417.3, 500.0);GATE
Port:(555.6, 505.1)(560.8, 505.1)(560.8, 570.2)(555.6, 570.2);SD
Module:M26
Boundary:(1281.7, 158.5)(1281.7, 205.8)(1259.2, 205.8)(1259.2, 219.8)(1183.1, 219.8)(1183.1, 158.5);GATE
Port:(1183.1, 170.5)(1188.1, 170.5)(1188.1, 207.8)(1183.1, 207.8);SD
Port:(1281.7, 158.5)(1281.7, 205.8)(1259.2, 205.8)(1259.2, 219.8)(1190.4, 219.8)(1190.4, 158.5);GATE
Port:(1271.4, 164.4)(1276.8, 164.4)(1276.8, 198.9)(1271.4, 198.9);SD
Module:M23
Boundary:(1432.0, 208.9)(1432.0, 300.8)(1331.7, 300.8)(1331.7, 208.9);GATE
Port:(1331.7, 220.3)(1335.9, 220.3)(1335.9, 289.4)(1331.7, 289.4);SD
Port:(1432.0, 208.9)(1432.0, 300.8)(1337.5, 300.8)(1337.5, 208.9);GATE
Port:(1423.0, 214.8)(1427.1, 214.8)(1427.1, 294.9)(1423.0, 294.9);SD
Module:M18
Boundary:(793.9, 281.2)(870.1, 281.2)(870.1, 357.2)(882.9, 357.2)(882.9, 495.8)(793.9, 495.8);GATE
Port:(807.8, 491.7)(869.0, 491.7)(869.0, 495.8)(807.8, 495.8);SD
Port:(793.9, 281.2)(870.1, 281.2)(870.1, 357.2)(882.9, 357.2)(882.9, 489.5)(793.9, 489.5);GATE
Port:(799.8, 286.1)(863.2, 286.1)(863.2, 293.6)(799.8, 293.6);SD
Module:M20
Boundary:(571.1, 625.3)(571.1, 677.7)(519.5, 677.7)(519.5, 693.9)(418.0, 693.9)(418.0, 625.3);GATE
Port:(418.0, 639.1)(423.0, 639.1)(423.0, 680.1)(418.0, 680.1);SD
Port:(571.1, 625.3)(571.1, 677.7)(519.5, 677.7)(519.5, 693.9)(425.6, 693.9)(425.6, 625.3);GATE
Port:(560.7, 630.5)(566.9, 630.5)(566.9, 671.5)(560.7, 671.5);SD
Module:M15
Boundary:(128.2, 526.8)(201.2, 526.8)(201.2, 690.1)(128.2, 690.1);GATE
Port:(139.4, 685.2)(190.0, 685.2)(190.0, 690.1)(139.4, 690.1);SD
Port:(128.2, 526.8)(201.2, 526.8)(201.2, 684.1)(128.2, 684.1);GATE
Port:(133.3, 530.9)(196.1, 530.9)(196.1, 535.5)(133.3, 535.5);SD
Module:M12
Boundary:(743.9, 257.6)(743.9, 342.0)(686.7, 342.0)(686.7, 356.6)(573.3, 356.6)(573.3, 257.6);GATE
Port:(573.3, 272.6)(579.2, 272.6)(579.2, 341.6)(573.3, 341.6);SD
Port:(743.9, 257.6)(743.9, 342.0)(686.7, 342.0)(686.7, 356.6)(580.6, 356.6)(580.6, 257.6);GATE
Port:(731.3, 264.2)(738.3, 264.2)(738.3, 334.4)(731.3, 334.4);SD
Module:M39
Boundary:(749.1, 386.6)(749.1, 460.5)(550.8, 460.5)(550.8, 386.6);GATE
Port:(550.8, 401.2)(556.6, 401.2)(556.6, 445.9)(550.8, 445.9);SD
Port:(749.1, 386.6)(749.1, 460.5)(558.1, 460.5)(558.1, 386.6);GATE
Port:(737.8, 392.2)(744.5, 392.2)(744.5, 454.9)(737.8, 454.9);SD
Module:M8
Boundary:(904.9, 581.6)(974.9, 581.6)(974.9, 619.7)(990.0, 619.7)(990.0, 703.6)(904.9, 703.6);GATE
Port:(919.8, 699.2)(975.1, 699.2)(975.1, 703.6)(919.8, 703.6);SD
Port:(904.9, 581.6)(974.9, 581.6)(974.9, 619.7)(990.0, 619.7)(990.0, 696.5)(904.9, 696.5);GATE
Port:(911.3, 587.0)(967.5, 587.0)(967.5, 594.4)(911.3, 594.4);SD
Module:M4
Boundary:(1229.2, 579.2)(1229.2, 686.2)(1141.8, 686.2)(1141.8, 702.6)(1030.0, 702.6)(1030.0, 579.2);GATE
Port:(1030.0, 593.7)(1034.2, 593.7)(1034.2, 688.1)(1030.0, 688.1);SD
Port:(1229.2, 579.2)(1229.2, 686.2)(1141.8, 686.2)(1141.8, 702.6)(1035.7, 702.6)(1035.7, 579.2);GATE
Port:(1217.6, 585.0)(1224.4, 585.0)(1224.4, 679.4)(1217.6, 679.4);SD
Module:M36
Boundary:(1256.8, 249.8)(1256.8, 317.3)(1251.0, 317.3)(1251.0, 333.4)(1173.1, 333.4)(1173.1, 249.8);GATE
Port:(1173.1, 262.5)(1178.3, 262.5)(1178.3, 320.7)(1173.1, 320.7);SD
Port:(1256.8, 249.8)(1256.8, 317.3)(1251.0, 317.3)(1251.0, 333.4)(1181.0, 333.4)(1181.0, 249.8);GATE
Port:(1247.6, 255.6)(1252.0, 255.6)(1252.0, 310.5)(1247.6, 310.5);SD
Module:M33
Boundary:(533.3, 181.2)(533.3, 261.9)(414.2, 261.9)(414.2, 181.2);GATE
Port:(414.2, 194.3)(418.7, 194.3)(418.7, 248.8)(414.2, 248.8);SD
Port:(533.3, 181.2)(533.3, 261.9)(420.5, 261.9)(420.5, 181.2);GATE
Port:(521.9, 187.1)(528.4, 187.1)(528.4, 256.0)(521.9, 256.0);SD
Module:M28
Boundary:(772.5, 545.8)(850.9, 545.8)(850.9, 608.1)(864.9, 608.1)(864.9, 696.5)(772.5, 696.5);GATE
Port:(785.2, 690.6)(852.2, 690.6)(852.2, 696.5)(785.2, 696.5);SD
Port:(772.5, 545.8)(850.9, 545.8)(850.9, 608.1)(864.9, 608.1)(864.9, 688.2)(772.5, 688.2);GATE
Port:(778.5, 550.8)(843.9, 550.8)(843.9, 556.8)(778.5, 556.8);SD
Module:M30
Boundary:(169.0, 20.0)(215.6, 20.0)(215.6, 70.5)(229.0, 70.5)(229.0, 212.1)(169.0, 212.1);GATE
Port:(181.5, 207.9)(216.5, 207.9)(216.5, 212.1)(181.5, 212.1);SD
Port:(169.0, 20.0)(215.6, 20.0)(215.6, 70.5)(229.0, 70.5)(229.0, 205.0)(169.0, 205.0);GATE
Port:(174.4, 24.4)(209.2, 24.4)(209.2, 30.7)(174.4, 30.7);SD
Module:M25
Boundary:(1311.4, 363.4)(1311.4, 417.4)(1173.4, 417.4)(1173.4, 363.4);GATE
Port:(1173.4, 377.3)(1178.7, 377.3)(1178.7, 403.5)(1173.4, 403.5);SD
Port:(1311.4, 363.4)(1311.4, 417.4)(1180.5, 417.4)(1180.5, 363.4);GATE
Port:(1300.8, 368.8)(1307.0, 368.8)(1307.0, 412.0)(1300.8, 412.0);SD
Module:M22
Boundary:(243.2, 272.5)(243.2, 332.0)(219.3, 332.0)(219.3, 344.5)(169.0, 344.5)(169.0, 272.5);GATE
Port:(169.0, 285.1)(173.8, 285.1)(173.8, 331.9)(169.0, 331.9);SD
Port:(243.2, 272.5)(243.2, 332.0)(219.3, 332.0)(219.3, 344.5)(175.9, 344.5)(175.9, 272.5);GATE
Port:(232.6, 278.6)(238.1, 278.6)(238.1, 324.9)(232.6, 324.9);SD
Module:M17
Boundary:(1133.4, 327.1)(1133.4, 417.2)(937.6, 417.2)(937.6, 327.1);GATE
Port:(937.6, 342.4)(943.1, 342.4)(943.1, 401.9)(937.6, 401.9);SD
Port:(1133.4, 327.1)(1133.4, 417.2)(944.7, 417.2)(944.7, 327.1);GATE
Port:(1121.5, 332.6)(1128.9, 332.6)(1128.9, 411.7)(1121.5, 411.7);SD
