Area:(-20.0, -20.0)(1245.0, -20.0)(1245.0, 1011.0)(-20.0, 1011.0)
Rule:GATE(5,5);SD(5,5);GATE_SD(0.5);GATE_ITO(0.5);SD_ITO(0.5)
Module:M14
Boundary:(1122.0, 20.0)(1195.0, 20.0)(1195.0, 93.0)(1122.0, 93.0);GATE
Port:(1136.5, 83.0)(1180.5, 83.0)(1180.5, 93.0)(1136.5, 93.0);SD
Port:(1122.0, 20.0)(1195.0, 20.0)(1195.0, 78.0)(1122.0, 78.0);GATE
Port:(1132.0, 25.0)(1185.0, 25.0)(1185.0, 29.0)(1132.0, 29.0);SD
Module:M9
Boundary:(192.0, 657.0)(321.5, 657.0)(321.5, 717.0)(391.0, 717.0)(391.0, 760.0)(192.0, 760.0);GATE
Port:(206.5, 750.0)(376.5, 750.0)(376.5, 760.0)(206.5, 760.0);SD
Port:(192.0, 657.0)(321.5, 657.0)(321.5, 717.0)(391.0, 717.0)(391.0, 745.0)(192.0, 745.0);GATE
Port:(202.0, 662.0)(307.0, 662.0)(307.0, 666.0)(202.0, 666.0);SD
Module:M5
Boundary:(652.0, 208.0)(727.5, 208.0)(727.5, 266.2)(779.0, 266.2)(779.0, 402.0)(652.0, 402.0);GATE
Port:(666.5, 392.0)(764.5, 392.0)(764.5, 402.0)(666.5, 402.0);SD
Port:(652.0, 208.0)(727.5, 208.0)(727.5, 266.2)(779.0, 266.2)(779.0, 387.0)(652.0, 387.0);GATE
Port:(662.0, 213.0)(713.0, 213.0)(713.0, 217.0)(662.0, 217.0);SD
Module:M11
Boundary:(1082.0, 20.0)(1082.0, 93.0)(1015.0, 93.0)(1015.0, 20.0);GATE
Port:(1015.0, 34.5)(1025.0, 34.5)(1025.0, 78.5)(1015.0, 78.5);SD
Port:(1082.0, 20.0)(1082.0, 93.0)(1030.0, 93.0)(1030.0, 20.0);GATE
Port:(1073.0, 30.0)(1077.0, 30.0)(1077.0, 83.0)(1073.0, 83.0);SD
Module:M1
Boundary:(748.0, 840.0)(748.0, 951.5)(736.0, 951.5)(736.0, 967.0)(652.0, 967.0)(652.0, 840.0);GATE
Port:(652.0, 854.5)(662.0, 854.5)(662.0, 952.5)(652.0, 952.5);SD
Port:(748.0, 840.0)(748.0, 951.5)(736.0, 951.5)(736.0, 967.0)(667.0, 967.0)(667.0, 840.0);GATE
Port:(739.0, 850.0)(743.0, 850.0)(743.0, 937.0)(739.0, 937.0);SD
Module:M38
Boundary:(865.0, 552.0)(958.5, 552.0)(958.5, 562.0)(974.0, 562.0)(974.0, 752.0)(865.0, 752.0);GATE
Port:(879.5, 742.0)(959.5, 742.0)(959.5, 752.0)(879.5, 752.0);SD
Port:(865.0, 552.0)(958.5, 552.0)(958.5, 562.0)(974.0, 562.0)(974.0, 737.0)(865.0, 737.0);GATE
Port:(875.0, 557.0)(944.0, 557.0)(944.0, 561.0)(875.0, 561.0);SD
Module:M40
Boundary:(934.0, 812.0)(1081.5, 812.0)(1081.5, 913.3)(1187.0, 913.3)(1187.0, 960.0)(934.0, 960.0);GATE
Port:(948.5, 950.0)(1172.5, 950.0)(1172.5, 960.0)(948.5, 960.0);SD
Port:(934.0, 812.0)(1081.5, 812.0)(1081.5, 913.3)(1187.0, 913.3)(1187.0, 945.0)(934.0, 945.0);GATE
Port:(944.0, 817.0)(1067.0, 817.0)(1067.0, 821.0)(944.0, 821.0);SD
Module:M35
Boundary:(202.0, 810.0)(349.5, 810.0)(349.5, 826.0)(365.0, 826.0)(365.0, 961.0)(202.0, 961.0);GATE
Port:(216.5, 951.0)(350.5, 951.0)(350.5, 961.0)(216.5, 961.0);SD
Port:(202.0, 810.0)(349.5, 810.0)(349.5, 826.0)(365.0, 826.0)(365.0, 946.0)(202.0, 946.0);GATE
Port:(212.0, 815.0)(335.0, 815.0)(335.0, 819.0)(212.0, 819.0);SD
Module:M32
Boundary:(377.0, 153.0)(453.0, 153.0)(453.0, 161.0)(468.0, 161.0)(468.0, 240.0)(377.0, 240.0);GATE
Port:(391.5, 230.0)(453.5, 230.0)(453.5, 240.0)(391.5, 240.0);SD
Port:(377.0, 153.0)(453.0, 153.0)(453.0, 161.0)(468.0, 161.0)(468.0, 225.0)(377.0, 225.0);GATE
Port:(387.0, 158.0)(438.0, 158.0)(438.0, 162.0)(387.0, 162.0);SD
Module:M27
Boundary:(592.0, 880.0)(592.0, 956.0)(584.0, 956.0)(584.0, 971.0)(415.0, 971.0)(415.0, 880.0);GATE
Port:(415.0, 894.5)(425.0, 894.5)(425.0, 956.5)(415.0, 956.5);SD
Port:(592.0, 880.0)(592.0, 956.0)(584.0, 956.0)(584.0, 971.0)(430.0, 971.0)(430.0, 880.0);GATE
Port:(583.0, 890.0)(587.0, 890.0)(587.0, 941.0)(583.0, 941.0);SD
Module:M24
Boundary:(652.0, 442.0)(781.5, 442.0)(781.5, 456.0)(797.0, 456.0)(797.0, 577.0)(652.0, 577.0);GATE
Port:(666.5, 567.0)(782.5, 567.0)(782.5, 577.0)(666.5, 577.0);SD
Port:(652.0, 442.0)(781.5, 442.0)(781.5, 456.0)(797.0, 456.0)(797.0, 562.0)(652.0, 562.0);GATE
Port:(662.0, 447.0)(767.0, 447.0)(767.0, 451.0)(662.0, 451.0);SD
Module:M19
Boundary:(1024.0, 344.0)(1117.5, 344.0)(1117.5, 441.5)(1205.0, 441.5)(1205.0, 493.0)(1024.0, 493.0);GATE
Port:(1038.5, 483.0)(1190.5, 483.0)(1190.5, 493.0)(1038.5, 493.0);SD
Port:(1024.0, 344.0)(1117.5, 344.0)(1117.5, 441.5)(1205.0, 441.5)(1205.0, 478.0)(1024.0, 478.0);GATE
Port:(1034.0, 349.0)(1103.0, 349.0)(1103.0, 353.0)(1034.0, 353.0);SD
Module:M6
Boundary:(982.0, 339.0)(982.0, 486.5)(966.0, 486.5)(966.0, 502.0)(837.0, 502.0)(837.0, 339.0);GATE
Port:(837.0, 353.5)(847.0, 353.5)(847.0, 487.5)(837.0, 487.5);SD
Port:(982.0, 339.0)(982.0, 486.5)(966.0, 486.5)(966.0, 502.0)(852.0, 502.0)(852.0, 339.0);GATE
Port:(973.0, 349.0)(977.0, 349.0)(977.0, 472.0)(973.0, 472.0);SD
Module:M21
Boundary:(966.0, 20.0)(966.0, 77.5)(922.2, 77.5)(922.2, 165.0)(832.0, 165.0)(832.0, 20.0);GATE
Port:(832.0, 34.5)(842.0, 34.5)(842.0, 150.5)(832.0, 150.5);SD
Port:(966.0, 20.0)(966.0, 77.5)(922.2, 77.5)(922.2, 165.0)(847.0, 165.0)(847.0, 20.0);GATE
Port:(957.0, 30.0)(961.0, 30.0)(961.0, 63.0)(957.0, 63.0);SD
Module:M2
Boundary:(245.0, 30.0)(318.0, 30.0)(318.0, 134.0)(245.0, 134.0);GATE
Port:(259.5, 124.0)(303.5, 124.0)(303.5, 134.0)(259.5, 134.0);SD
Port:(245.0, 30.0)(318.0, 30.0)(318.0, 119.0)(245.0, 119.0);GATE
Port:(255.0, 35.0)(308.0, 35.0)(308.0, 39.0)(255.0, 39.0);SD
Module:M16
Boundary:(152.0, 713.0)(152.0, 842.5)(138.0, 842.5)(138.0, 858.0)(20.0, 858.0)(20.0, 713.0);GATE
Port:(20.0, 727.5)(30.0, 727.5)(30.0, 843.5)(20.0, 843.5);SD
Port:(152.0, 713.0)(152.0, 842.5)(138.0, 842.5)(138.0, 858.0)(35.0, 858.0)(35.0, 713.0);GATE
Port:(143.0, 723.0)(147.0, 723.0)(147.0, 828.0)(143.0, 828.0);SD
Module:M13
Boundary:(140.0, 898.0)(140.0, 971.0)(20.0, 971.0)(20.0, 898.0);GATE
Port:(20.0, 912.5)(30.0, 912.5)(30.0, 956.5)(20.0, 956.5);SD
Port:(140.0, 898.0)(140.0, 971.0)(35.0, 971.0)(35.0, 898.0);GATE
Port:(131.0, 908.0)(135.0, 908.0)(135.0, 961.0)(131.0, 961.0);SD
Module:M10
Boundary:(151.0, 362.0)(224.0, 362.0)(224.0, 464.0)(151.0, 464.0);GATE
Port:(165.5, 454.0)(209.5, 454.0)(209.5, 464.0)(165.5, 464.0);SD
Port:(151.0, 362.0)(224.0, 362.0)(224.0, 449.0)(151.0, 449.0);GATE
Port:(161.0, 367.0)(214.0, 367.0)(214.0, 371.0)(161.0, 371.0);SD
Module:M37
Boundary:(514.0, 148.0)(587.0, 148.0)(587.0, 259.0)(514.0, 259.0);GATE
Port:(528.5, 249.0)(572.5, 249.0)(572.5, 259.0)(528.5, 259.0);SD
Port:(514.0, 148.0)(587.0, 148.0)(587.0, 244.0)(514.0, 244.0);GATE
Port:(524.0, 153.0)(577.0, 153.0)(577.0, 157.0)(524.0, 157.0);SD
Module:M34
Boundary:(430.0, 454.0)(430.0, 583.5)(376.8, 583.5)(376.8, 617.0)(308.0, 617.0)(308.0, 454.0);GATE
Port:(308.0, 468.5)(318.0, 468.5)(318.0, 602.5)(308.0, 602.5);SD
Port:(430.0, 454.0)(430.0, 583.5)(376.8, 583.5)(376.8, 617.0)(323.0, 617.0)(323.0, 454.0);GATE
Port:(421.0, 464.0)(425.0, 464.0)(425.0, 569.0)(421.0, 569.0);SD
Module:M29
Boundary:(602.0, 512.0)(602.0, 588.0)(594.0, 588.0)(594.0, 603.0)(480.0, 603.0)(480.0, 512.0);GATE
Port:(480.0, 526.5)(490.0, 526.5)(490.0, 588.5)(480.0, 588.5);SD
Port:(602.0, 512.0)(602.0, 588.0)(594.0, 588.0)(594.0, 603.0)(495.0, 603.0)(495.0, 512.0);GATE
Port:(593.0, 522.0)(597.0, 522.0)(597.0, 573.0)(593.0, 573.0);SD
Module:M7
Boundary:(20.0, 390.0)(96.0, 390.0)(96.0, 398.0)(111.0, 398.0)(111.0, 566.0)(20.0, 566.0);GATE
Port:(34.5, 556.0)(96.5, 556.0)(96.5, 566.0)(34.5, 566.0);SD
Port:(20.0, 390.0)(96.0, 390.0)(96.0, 398.0)(111.0, 398.0)(111.0, 551.0)(20.0, 551.0);GATE
Port:(30.0, 395.0)(81.0, 395.0)(81.0, 399.0)(30.0, 399.0);SD
Module:M31
Boundary:(652.0, 617.0)(799.5, 617.0)(799.5, 633.0)(815.0, 633.0)(815.0, 800.0)(652.0, 800.0);GATE
Port:(666.5, 790.0)(800.5, 790.0)(800.5, 800.0)(666.5, 800.0);SD
Port:(652.0, 617.0)(799.5, 617.0)(799.5, 633.0)(815.0, 633.0)(815.0, 785.0)(652.0, 785.0);GATE
Port:(662.0, 622.0)(785.0, 622.0)(785.0, 626.0)(662.0, 626.0);SD
Module:M3
Boundary:(264.0, 324.0)(393.5, 324.0)(393.5, 362.0)(427.0, 362.0)(427.0, 414.0)(264.0, 414.0);GATE
Port:(278.5, 404.0)(412.5, 404.0)(412.5, 414.0)(278.5, 414.0);SD
Port:(264.0, 324.0)(393.5, 324.0)(393.5, 362.0)(427.0, 362.0)(427.0, 399.0)(264.0, 399.0);GATE
Port:(274.0, 329.0)(379.0, 329.0)(379.0, 333.0)(274.0, 333.0);SD
Module:M26
Boundary:(524.0, 30.0)(653.5, 30.0)(653.5, 51.0)(669.0, 51.0)(669.0, 98.0)(524.0, 98.0);GATE
Port:(538.5, 88.0)(654.5, 88.0)(654.5, 98.0)(538.5, 98.0);SD
Port:(524.0, 30.0)(653.5, 30.0)(653.5, 51.0)(669.0, 51.0)(669.0, 83.0)(524.0, 83.0);GATE
Port:(534.0, 35.0)(639.0, 35.0)(639.0, 39.0)(534.0, 39.0);SD
Module:M23
Boundary:(20.0, 205.0)(96.0, 205.0)(96.0, 213.0)(111.0, 213.0)(111.0, 350.0)(20.0, 350.0);GATE
Port:(34.5, 340.0)(96.5, 340.0)(96.5, 350.0)(34.5, 350.0);SD
Port:(20.0, 205.0)(96.0, 205.0)(96.0, 213.0)(111.0, 213.0)(111.0, 335.0)(20.0, 335.0);GATE
Port:(30.0, 210.0)(81.0, 210.0)(81.0, 214.0)(30.0, 214.0);SD
Module:M18
Boundary:(612.0, 299.0)(612.0, 446.5)(596.0, 446.5)(596.0, 462.0)(470.0, 462.0)(470.0, 299.0);GATE
Port:(470.0, 313.5)(480.0, 313.5)(480.0, 447.5)(470.0, 447.5);SD
Port:(612.0, 299.0)(612.0, 446.5)(596.0, 446.5)(596.0, 462.0)(485.0, 462.0)(485.0, 299.0);GATE
Port:(603.0, 309.0)(607.0, 309.0)(607.0, 432.0)(603.0, 432.0);SD
Module:M20
Boundary:(1201.0, 533.0)(1201.0, 609.0)(1193.0, 609.0)(1193.0, 624.0)(1024.0, 624.0)(1024.0, 533.0);GATE
Port:(1024.0, 547.5)(1034.0, 547.5)(1034.0, 609.5)(1024.0, 609.5);SD
Port:(1201.0, 533.0)(1201.0, 609.0)(1193.0, 609.0)(1193.0, 624.0)(1039.0, 624.0)(1039.0, 533.0);GATE
Port:(1192.0, 543.0)(1196.0, 543.0)(1196.0, 594.0)(1192.0, 594.0);SD
Module:M15
Boundary:(195.0, 20.0)(195.0, 149.5)(181.0, 149.5)(181.0, 165.0)(20.0, 165.0)(20.0, 20.0);GATE
Port:(20.0, 34.5)(30.0, 34.5)(30.0, 150.5)(20.0, 150.5);SD
Port:(195.0, 20.0)(195.0, 149.5)(181.0, 149.5)(181.0, 165.0)(35.0, 165.0)(35.0, 20.0);GATE
Port:(186.0, 30.0)(190.0, 30.0)(190.0, 135.0)(186.0, 135.0);SD
Module:M12
Boundary:(884.0, 840.0)(884.0, 951.5)(872.0, 951.5)(872.0, 967.0)(788.0, 967.0)(788.0, 840.0);GATE
Port:(788.0, 854.5)(798.0, 854.5)(798.0, 952.5)(788.0, 952.5);SD
Port:(884.0, 840.0)(884.0, 951.5)(872.0, 951.5)(872.0, 967.0)(803.0, 967.0)(803.0, 840.0);GATE
Port:(875.0, 850.0)(879.0, 850.0)(879.0, 937.0)(875.0, 937.0);SD
Module:M39
Boundary:(719.0, 20.0)(792.0, 20.0)(792.0, 168.0)(719.0, 168.0);GATE
Port:(733.5, 158.0)(777.5, 158.0)(777.5, 168.0)(733.5, 168.0);SD
Port:(719.0, 20.0)(792.0, 20.0)(792.0, 153.0)(719.0, 153.0);GATE
Port:(729.0, 25.0)(782.0, 25.0)(782.0, 29.0)(729.0, 29.0);SD
Module:M8
Boundary:(20.0, 606.0)(113.5, 606.0)(113.5, 616.0)(129.0, 616.0)(129.0, 673.0)(20.0, 673.0);GATE
Port:(34.5, 663.0)(114.5, 663.0)(114.5, 673.0)(34.5, 673.0);SD
Port:(20.0, 606.0)(113.5, 606.0)(113.5, 616.0)(129.0, 616.0)(129.0, 658.0)(20.0, 658.0);GATE
Port:(30.0, 611.0)(99.0, 611.0)(99.0, 615.0)(30.0, 615.0);SD
Module:M4
Boundary:(151.0, 205.0)(224.0, 205.0)(224.0, 322.0)(151.0, 322.0);GATE
Port:(165.5, 312.0)(209.5, 312.0)(209.5, 322.0)(165.5, 322.0);SD
Port:(151.0, 205.0)(224.0, 205.0)(224.0, 307.0)(151.0, 307.0);GATE
Port:(161.0, 210.0)(214.0, 210.0)(214.0, 214.0)(161.0, 214.0);SD
Module:M36
Boundary:(264.0, 184.0)(337.0, 184.0)(337.0, 284.0)(264.0, 284.0);GATE
Port:(278.5, 274.0)(322.5, 274.0)(322.5, 284.0)(278.5, 284.0);SD
Port:(264.0, 184.0)(337.0, 184.0)(337.0, 269.0)(264.0, 269.0);GATE
Port:(274.0, 189.0)(327.0, 189.0)(327.0, 193.0)(274.0, 193.0);SD
Module:M33
Boundary:(1196.0, 664.0)(1196.0, 740.0)(1188.0, 740.0)(1188.0, 755.0)(1024.0, 755.0)(1024.0, 664.0);GATE
Port:(1024.0, 678.5)(1034.0, 678.5)(1034.0, 740.5)(1024.0, 740.5);SD
Port:(1196.0, 664.0)(1196.0, 740.0)(1188.0, 740.0)(1188.0, 755.0)(1039.0, 755.0)(1039.0, 664.0);GATE
Port:(1187.0, 674.0)(1191.0, 674.0)(1191.0, 725.0)(1187.0, 725.0);SD
Module:M28
Boundary:(431.0, 657.0)(560.5, 657.0)(560.5, 713.5)(612.0, 713.5)(612.0, 840.0)(431.0, 840.0);GATE
Port:(445.5, 830.0)(597.5, 830.0)(597.5, 840.0)(445.5, 840.0);SD
Port:(431.0, 657.0)(560.5, 657.0)(560.5, 713.5)(612.0, 713.5)(612.0, 825.0)(431.0, 825.0);GATE
Port:(441.0, 662.0)(546.0, 662.0)(546.0, 666.0)(441.0, 666.0);SD
Module:M30
Boundary:(464.0, 30.0)(464.0, 103.0)(387.0, 103.0)(387.0, 30.0);GATE
Port:(387.0, 44.5)(397.0, 44.5)(397.0, 88.5)(387.0, 88.5);SD
Port:(464.0, 30.0)(464.0, 103.0)(402.0, 103.0)(402.0, 30.0);GATE
Port:(455.0, 40.0)(459.0, 40.0)(459.0, 93.0)(455.0, 93.0);SD
Module:M25
Boundary:(268.0, 504.0)(268.0, 597.5)(258.0, 597.5)(258.0, 613.0)(169.0, 613.0)(169.0, 504.0);GATE
Port:(169.0, 518.5)(179.0, 518.5)(179.0, 598.5)(169.0, 598.5);SD
Port:(268.0, 504.0)(268.0, 597.5)(258.0, 597.5)(258.0, 613.0)(184.0, 613.0)(184.0, 504.0);GATE
Port:(259.0, 514.0)(263.0, 514.0)(263.0, 583.0)(259.0, 583.0);SD
Module:M22
Boundary:(1032.0, 143.0)(1179.5, 143.0)(1179.5, 159.0)(1195.0, 159.0)(1195.0, 294.0)(1032.0, 294.0);GATE
Port:(1046.5, 284.0)(1180.5, 284.0)(1180.5, 294.0)(1046.5, 294.0);SD
Port:(1032.0, 143.0)(1179.5, 143.0)(1179.5, 159.0)(1195.0, 159.0)(1195.0, 279.0)(1032.0, 279.0);GATE
Port:(1042.0, 148.0)(1165.0, 148.0)(1165.0, 152.0)(1042.0, 152.0);SD
Module:M17
Boundary:(975.0, 208.0)(975.0, 284.0)(967.0, 284.0)(967.0, 299.0)(819.0, 299.0)(819.0, 208.0);GATE
Port:(819.0, 222.5)(829.0, 222.5)(829.0, 284.5)(819.0, 284.5);SD
Port:(975.0, 208.0)(975.0, 284.0)(967.0, 284.0)(967.0, 299.0)(834.0, 299.0)(834.0, 208.0);GATE
Port:(966.0, 218.0)(970.0, 218.0)(970.0, 269.0)(966.0, 269.0);SD
