Area:(-20.0, -20.0)(825.0, -20.0)(825.0, 1642.0)(-20.0, 1642.0)
Rule:GATE(5,5);SD(5,5);GATE_SD(0.5);GATE_ITO(0.5);SD_ITO(0.5)
Module:M14
Boundary:(261.0, 522.0)(390.5, 522.0)(390.5, 536.0)(406.0, 536.0)(406.0, 698.0)(261.0, 698.0);GATE
Port:(275.5, 688.0)(391.5, 688.0)(391.5, 698.0)(275.5, 698.0);SD
Port:(261.0, 522.0)(390.5, 522.0)(390.5, 536.0)(406.0, 536.0)(406.0, 683.0)(261.0, 683.0);GATE
Port:(271.0, 527.0)(376.0, 527.0)(376.0, 531.0)(271.0, 531.0);SD
Module:M9
Boundary:(637.0, 1436.0)(748.5, 1436.0)(748.5, 1508.8)(782.0, 1508.8)(782.0, 1599.0)(637.0, 1599.0);GATE
Port:(651.5, 1589.0)(767.5, 1589.0)(767.5, 1599.0)(651.5, 1599.0);SD
Port:(637.0, 1436.0)(748.5, 1436.0)(748.5, 1508.8)(782.0, 1508.8)(782.0, 1584.0)(637.0, 1584.0);GATE
Port:(647.0, 1441.0)(734.0, 1441.0)(734.0, 1445.0)(647.0, 1445.0);SD
Module:M5
Boundary:(446.0, 554.0)(575.5, 554.0)(575.5, 568.0)(591.0, 568.0)(591.0, 708.0)(446.0, 708.0);GATE
Port:(460.5, 698.0)(576.5, 698.0)(576.5, 708.0)(460.5, 708.0);SD
Port:(446.0, 554.0)(575.5, 554.0)(575.5, 568.0)(591.0, 568.0)(591.0, 693.0)(446.0, 693.0);GATE
Port:(456.0, 559.0)(561.0, 559.0)(561.0, 563.0)(456.0, 563.0);SD
Module:M11
Boundary:(349.0, 410.0)(425.0, 410.0)(425.0, 418.0)(440.0, 418.0)(440.0, 477.0)(349.0, 477.0);GATE
Port:(363.5, 467.0)(425.5, 467.0)(425.5, 477.0)(363.5, 477.0);SD
Port:(349.0, 410.0)(425.0, 410.0)(425.0, 418.0)(440.0, 418.0)(440.0, 462.0)(349.0, 462.0);GATE
Port:(359.0, 415.0)(410.0, 415.0)(410.0, 419.0)(359.0, 419.0);SD
Module:M1
Boundary:(621.0, 917.0)(714.5, 917.0)(714.5, 952.0)(766.0, 952.0)(766.0, 991.0)(621.0, 991.0);GATE
Port:(635.5, 981.0)(751.5, 981.0)(751.5, 991.0)(635.5, 991.0);SD
Port:(621.0, 917.0)(714.5, 917.0)(714.5, 952.0)(766.0, 952.0)(766.0, 976.0)(621.0, 976.0);GATE
Port:(631.0, 922.0)(700.0, 922.0)(700.0, 926.0)(631.0, 926.0);SD
Module:M38
Boundary:(30.0, 699.0)(193.0, 699.0)(193.0, 782.0)(30.0, 782.0);GATE
Port:(44.5, 772.0)(178.5, 772.0)(178.5, 782.0)(44.5, 782.0);SD
Port:(30.0, 699.0)(193.0, 699.0)(193.0, 767.0)(30.0, 767.0);GATE
Port:(40.0, 704.0)(183.0, 704.0)(183.0, 708.0)(40.0, 708.0);SD
Module:M40
Boundary:(515.0, 1112.0)(591.0, 1112.0)(591.0, 1120.0)(606.0, 1120.0)(606.0, 1195.0)(515.0, 1195.0);GATE
Port:(529.5, 1185.0)(591.5, 1185.0)(591.5, 1195.0)(529.5, 1195.0);SD
Port:(515.0, 1112.0)(591.0, 1112.0)(591.0, 1120.0)(606.0, 1120.0)(606.0, 1180.0)(515.0, 1180.0);GATE
Port:(525.0, 1117.0)(576.0, 1117.0)(576.0, 1121.0)(525.0, 1121.0);SD
Module:M35
Boundary:(191.0, 842.0)(191.0, 971.5)(177.0, 971.5)(177.0, 987.0)(30.0, 987.0)(30.0, 842.0);GATE
Port:(30.0, 856.5)(40.0, 856.5)(40.0, 972.5)(30.0, 972.5);SD
Port:(191.0, 842.0)(191.0, 971.5)(177.0, 971.5)(177.0, 987.0)(45.0, 987.0)(45.0, 842.0);GATE
Port:(182.0, 852.0)(186.0, 852.0)(186.0, 957.0)(182.0, 957.0);SD
Module:M32
Boundary:(151.0, 1037.0)(244.5, 1037.0)(244.5, 1083.2)(278.0, 1083.2)(278.0, 1149.0)(151.0, 1149.0);GATE
Port:(165.5, 1139.0)(263.5, 1139.0)(263.5, 1149.0)(165.5, 1149.0);SD
Port:(151.0, 1037.0)(244.5, 1037.0)(244.5, 1083.2)(278.0, 1083.2)(278.0, 1134.0)(151.0, 1134.0);GATE
Port:(161.0, 1042.0)(230.0, 1042.0)(230.0, 1046.0)(161.0, 1046.0);SD
Module:M27
Boundary:(598.0, 205.0)(671.0, 205.0)(671.0, 387.0)(598.0, 387.0);GATE
Port:(612.5, 377.0)(656.5, 377.0)(656.5, 387.0)(612.5, 387.0);SD
Port:(598.0, 205.0)(671.0, 205.0)(671.0, 372.0)(598.0, 372.0);GATE
Port:(608.0, 210.0)(661.0, 210.0)(661.0, 214.0)(608.0, 214.0);SD
Module:M24
Boundary:(267.0, 1425.0)(360.5, 1425.0)(360.5, 1545.0)(448.0, 1545.0)(448.0, 1602.0)(267.0, 1602.0);GATE
Port:(281.5, 1592.0)(433.5, 1592.0)(433.5, 1602.0)(281.5, 1602.0);SD
Port:(267.0, 1425.0)(360.5, 1425.0)(360.5, 1545.0)(448.0, 1545.0)(448.0, 1587.0)(267.0, 1587.0);GATE
Port:(277.0, 1430.0)(346.0, 1430.0)(346.0, 1434.0)(277.0, 1434.0);SD
Module:M19
Boundary:(431.0, 20.0)(542.5, 20.0)(542.5, 32.0)(558.0, 32.0)(558.0, 137.0)(431.0, 137.0);GATE
Port:(445.5, 127.0)(543.5, 127.0)(543.5, 137.0)(445.5, 137.0);SD
Port:(431.0, 20.0)(542.5, 20.0)(542.5, 32.0)(558.0, 32.0)(558.0, 122.0)(431.0, 122.0);GATE
Port:(441.0, 25.0)(528.0, 25.0)(528.0, 29.0)(441.0, 29.0);SD
Module:M6
Boundary:(772.0, 222.0)(772.0, 351.5)(758.0, 351.5)(758.0, 367.0)(711.0, 367.0)(711.0, 222.0);GATE
Port:(711.0, 236.5)(721.0, 236.5)(721.0, 352.5)(711.0, 352.5);SD
Port:(772.0, 222.0)(772.0, 351.5)(758.0, 351.5)(758.0, 367.0)(726.0, 367.0)(726.0, 222.0);GATE
Port:(763.0, 232.0)(767.0, 232.0)(767.0, 337.0)(763.0, 337.0);SD
Module:M21
Boundary:(711.0, 20.0)(784.0, 20.0)(784.0, 182.0)(711.0, 182.0);GATE
Port:(725.5, 172.0)(769.5, 172.0)(769.5, 182.0)(725.5, 182.0);SD
Port:(711.0, 20.0)(784.0, 20.0)(784.0, 167.0)(711.0, 167.0);GATE
Port:(721.0, 25.0)(774.0, 25.0)(774.0, 29.0)(721.0, 29.0);SD
Module:M2
Boundary:(448.0, 1153.0)(448.0, 1226.0)(328.0, 1226.0)(328.0, 1153.0);GATE
Port:(328.0, 1167.5)(338.0, 1167.5)(338.0, 1211.5)(328.0, 1211.5);SD
Port:(448.0, 1153.0)(448.0, 1226.0)(343.0, 1226.0)(343.0, 1153.0);GATE
Port:(439.0, 1163.0)(443.0, 1163.0)(443.0, 1216.0)(439.0, 1216.0);SD
Module:M16
Boundary:(598.0, 20.0)(671.0, 20.0)(671.0, 165.0)(598.0, 165.0);GATE
Port:(612.5, 155.0)(656.5, 155.0)(656.5, 165.0)(612.5, 165.0);SD
Port:(598.0, 20.0)(671.0, 20.0)(671.0, 150.0)(598.0, 150.0);GATE
Port:(608.0, 25.0)(661.0, 25.0)(661.0, 29.0)(608.0, 29.0);SD
Module:M13
Boundary:(257.0, 20.0)(257.0, 131.5)(223.0, 131.5)(223.0, 165.0)(172.0, 165.0)(172.0, 20.0);GATE
Port:(172.0, 34.5)(182.0, 34.5)(182.0, 150.5)(172.0, 150.5);SD
Port:(257.0, 20.0)(257.0, 131.5)(223.0, 131.5)(223.0, 165.0)(187.0, 165.0)(187.0, 20.0);GATE
Port:(248.0, 30.0)(252.0, 30.0)(252.0, 117.0)(248.0, 117.0);SD
Module:M10
Boundary:(20.0, 337.0)(149.5, 337.0)(149.5, 428.5)(309.0, 428.5)(309.0, 482.0)(20.0, 482.0);GATE
Port:(34.5, 472.0)(294.5, 472.0)(294.5, 482.0)(34.5, 482.0);SD
Port:(20.0, 337.0)(149.5, 337.0)(149.5, 428.5)(309.0, 428.5)(309.0, 467.0)(20.0, 467.0);GATE
Port:(30.0, 342.0)(135.0, 342.0)(135.0, 346.0)(30.0, 346.0);SD
Module:M37
Boundary:(20.0, 1037.0)(96.0, 1037.0)(96.0, 1045.0)(111.0, 1045.0)(111.0, 1156.0)(20.0, 1156.0);GATE
Port:(34.5, 1146.0)(96.5, 1146.0)(96.5, 1156.0)(34.5, 1156.0);SD
Port:(20.0, 1037.0)(96.0, 1037.0)(96.0, 1045.0)(111.0, 1045.0)(111.0, 1141.0)(20.0, 1141.0);GATE
Port:(30.0, 1042.0)(81.0, 1042.0)(81.0, 1046.0)(30.0, 1046.0);SD
Module:M34
Boundary:(363.0, 738.0)(363.0, 849.5)(292.0, 849.5)(292.0, 919.0)(243.0, 919.0)(243.0, 738.0);GATE
Port:(243.0, 752.5)(253.0, 752.5)(253.0, 904.5)(243.0, 904.5);SD
Port:(363.0, 738.0)(363.0, 849.5)(292.0, 849.5)(292.0, 919.0)(258.0, 919.0)(258.0, 738.0);GATE
Port:(354.0, 748.0)(358.0, 748.0)(358.0, 835.0)(354.0, 835.0);SD
Module:M29
Boundary:(666.0, 1041.0)(742.0, 1041.0)(742.0, 1049.0)(757.0, 1049.0)(757.0, 1178.0)(666.0, 1178.0);GATE
Port:(680.5, 1168.0)(742.5, 1168.0)(742.5, 1178.0)(680.5, 1178.0);SD
Port:(666.0, 1041.0)(742.0, 1041.0)(742.0, 1049.0)(757.0, 1049.0)(757.0, 1163.0)(666.0, 1163.0);GATE
Port:(676.0, 1046.0)(727.0, 1046.0)(727.0, 1050.0)(676.0, 1050.0);SD
Module:M7
Boundary:(581.0, 935.0)(581.0, 1046.5)(569.0, 1046.5)(569.0, 1062.0)(503.0, 1062.0)(503.0, 935.0);GATE
Port:(503.0, 949.5)(513.0, 949.5)(513.0, 1047.5)(503.0, 1047.5);SD
Port:(581.0, 935.0)(581.0, 1046.5)(569.0, 1046.5)(569.0, 1062.0)(518.0, 1062.0)(518.0, 935.0);GATE
Port:(572.0, 945.0)(576.0, 945.0)(576.0, 1032.0)(572.0, 1032.0);SD
Module:M31
Boundary:(172.0, 205.0)(319.5, 205.0)(319.5, 221.0)(335.0, 221.0)(335.0, 297.0)(172.0, 297.0);GATE
Port:(186.5, 287.0)(320.5, 287.0)(320.5, 297.0)(186.5, 297.0);SD
Port:(172.0, 205.0)(319.5, 205.0)(319.5, 221.0)(335.0, 221.0)(335.0, 282.0)(172.0, 282.0);GATE
Port:(182.0, 210.0)(305.0, 210.0)(305.0, 214.0)(182.0, 214.0);SD
Module:M3
Boundary:(391.0, 20.0)(391.0, 96.0)(383.0, 96.0)(383.0, 111.0)(297.0, 111.0)(297.0, 20.0);GATE
Port:(297.0, 34.5)(307.0, 34.5)(307.0, 96.5)(297.0, 96.5);SD
Port:(391.0, 20.0)(391.0, 96.0)(383.0, 96.0)(383.0, 111.0)(312.0, 111.0)(312.0, 20.0);GATE
Port:(382.0, 30.0)(386.0, 30.0)(386.0, 81.0)(382.0, 81.0);SD
Module:M26
Boundary:(217.0, 1441.0)(217.0, 1570.5)(203.0, 1570.5)(203.0, 1586.0)(30.0, 1586.0)(30.0, 1441.0);GATE
Port:(30.0, 1455.5)(40.0, 1455.5)(40.0, 1571.5)(30.0, 1571.5);SD
Port:(217.0, 1441.0)(217.0, 1570.5)(203.0, 1570.5)(203.0, 1586.0)(45.0, 1586.0)(45.0, 1441.0);GATE
Port:(208.0, 1451.0)(212.0, 1451.0)(212.0, 1556.0)(208.0, 1556.0);SD
Module:M23
Boundary:(784.0, 427.0)(784.0, 502.5)(744.8, 502.5)(744.8, 554.0)(647.0, 554.0)(647.0, 427.0);GATE
Port:(647.0, 441.5)(657.0, 441.5)(657.0, 539.5)(647.0, 539.5);SD
Port:(784.0, 427.0)(784.0, 502.5)(744.8, 502.5)(744.8, 554.0)(662.0, 554.0)(662.0, 427.0);GATE
Port:(775.0, 437.0)(779.0, 437.0)(779.0, 488.0)(775.0, 488.0);SD
Module:M18
Boundary:(465.0, 1276.0)(465.0, 1369.5)(455.0, 1369.5)(455.0, 1385.0)(300.0, 1385.0)(300.0, 1276.0);GATE
Port:(300.0, 1290.5)(310.0, 1290.5)(310.0, 1370.5)(300.0, 1370.5);SD
Port:(465.0, 1276.0)(465.0, 1369.5)(455.0, 1369.5)(455.0, 1385.0)(315.0, 1385.0)(315.0, 1276.0);GATE
Port:(456.0, 1286.0)(460.0, 1286.0)(460.0, 1355.0)(456.0, 1355.0);SD
Module:M20
Boundary:(785.0, 594.0)(785.0, 741.5)(713.0, 741.5)(713.0, 775.0)(631.0, 775.0)(631.0, 594.0);GATE
Port:(631.0, 608.5)(641.0, 608.5)(641.0, 760.5)(631.0, 760.5);SD
Port:(785.0, 594.0)(785.0, 741.5)(713.0, 741.5)(713.0, 775.0)(646.0, 775.0)(646.0, 594.0);GATE
Port:(776.0, 604.0)(780.0, 604.0)(780.0, 727.0)(776.0, 727.0);SD
Module:M15
Boundary:(20.0, 1196.0)(113.5, 1196.0)(113.5, 1283.8)(147.0, 1283.8)(147.0, 1391.0)(20.0, 1391.0);GATE
Port:(34.5, 1381.0)(132.5, 1381.0)(132.5, 1391.0)(34.5, 1391.0);SD
Port:(20.0, 1196.0)(113.5, 1196.0)(113.5, 1283.8)(147.0, 1283.8)(147.0, 1376.0)(20.0, 1376.0);GATE
Port:(30.0, 1201.0)(99.0, 1201.0)(99.0, 1205.0)(30.0, 1205.0);SD
Module:M12
Boundary:(615.0, 815.0)(762.5, 815.0)(762.5, 831.0)(778.0, 831.0)(778.0, 877.0)(615.0, 877.0);GATE
Port:(629.5, 867.0)(763.5, 867.0)(763.5, 877.0)(629.5, 877.0);SD
Port:(615.0, 815.0)(762.5, 815.0)(762.5, 831.0)(778.0, 831.0)(778.0, 862.0)(615.0, 862.0);GATE
Port:(625.0, 820.0)(748.0, 820.0)(748.0, 824.0)(625.0, 824.0);SD
Module:M39
Boundary:(690.0, 1228.0)(766.0, 1228.0)(766.0, 1236.0)(781.0, 1236.0)(781.0, 1395.0)(690.0, 1395.0);GATE
Port:(704.5, 1385.0)(766.5, 1385.0)(766.5, 1395.0)(704.5, 1395.0);SD
Port:(690.0, 1228.0)(766.0, 1228.0)(766.0, 1236.0)(781.0, 1236.0)(781.0, 1380.0)(690.0, 1380.0);GATE
Port:(700.0, 1233.0)(751.0, 1233.0)(751.0, 1237.0)(700.0, 1237.0);SD
Module:M8
Boundary:(375.0, 177.0)(486.5, 177.0)(486.5, 221.9)(556.0, 221.9)(556.0, 370.0)(375.0, 370.0);GATE
Port:(389.5, 360.0)(541.5, 360.0)(541.5, 370.0)(389.5, 370.0);SD
Port:(375.0, 177.0)(486.5, 177.0)(486.5, 221.9)(556.0, 221.9)(556.0, 355.0)(375.0, 355.0);GATE
Port:(385.0, 182.0)(472.0, 182.0)(472.0, 186.0)(385.0, 186.0);SD
Module:M4
Boundary:(488.0, 1436.0)(581.5, 1436.0)(581.5, 1446.0)(597.0, 1446.0)(597.0, 1594.0)(488.0, 1594.0);GATE
Port:(502.5, 1584.0)(582.5, 1584.0)(582.5, 1594.0)(502.5, 1594.0);SD
Port:(488.0, 1436.0)(581.5, 1436.0)(581.5, 1446.0)(597.0, 1446.0)(597.0, 1579.0)(488.0, 1579.0);GATE
Port:(498.0, 1441.0)(567.0, 1441.0)(567.0, 1445.0)(498.0, 1445.0);SD
Module:M36
Boundary:(187.0, 1189.0)(260.0, 1189.0)(260.0, 1380.0)(187.0, 1380.0);GATE
Port:(201.5, 1370.0)(245.5, 1370.0)(245.5, 1380.0)(201.5, 1380.0);SD
Port:(187.0, 1189.0)(260.0, 1189.0)(260.0, 1365.0)(187.0, 1365.0);GATE
Port:(197.0, 1194.0)(250.0, 1194.0)(250.0, 1198.0)(197.0, 1198.0);SD
Module:M33
Boundary:(505.0, 1245.0)(634.5, 1245.0)(634.5, 1259.0)(650.0, 1259.0)(650.0, 1396.0)(505.0, 1396.0);GATE
Port:(519.5, 1386.0)(635.5, 1386.0)(635.5, 1396.0)(519.5, 1396.0);SD
Port:(505.0, 1245.0)(634.5, 1245.0)(634.5, 1259.0)(650.0, 1259.0)(650.0, 1381.0)(505.0, 1381.0);GATE
Port:(515.0, 1250.0)(620.0, 1250.0)(620.0, 1254.0)(515.0, 1254.0);SD
Module:M28
Boundary:(318.0, 959.0)(447.5, 959.0)(447.5, 973.0)(463.0, 973.0)(463.0, 1103.0)(318.0, 1103.0);GATE
Port:(332.5, 1093.0)(448.5, 1093.0)(448.5, 1103.0)(332.5, 1103.0);SD
Port:(318.0, 959.0)(447.5, 959.0)(447.5, 973.0)(463.0, 973.0)(463.0, 1088.0)(318.0, 1088.0);GATE
Port:(328.0, 964.0)(433.0, 964.0)(433.0, 968.0)(328.0, 968.0);SD
Module:M30
Boundary:(30.0, 532.0)(159.5, 532.0)(159.5, 563.2)(211.0, 563.2)(211.0, 639.0)(30.0, 639.0);GATE
Port:(44.5, 629.0)(196.5, 629.0)(196.5, 639.0)(44.5, 639.0);SD
Port:(30.0, 532.0)(159.5, 532.0)(159.5, 563.2)(211.0, 563.2)(211.0, 624.0)(30.0, 624.0);GATE
Port:(40.0, 537.0)(145.0, 537.0)(145.0, 541.0)(40.0, 541.0);SD
Module:M25
Boundary:(132.0, 20.0)(132.0, 149.5)(74.4, 149.5)(74.4, 255.0)(20.0, 255.0)(20.0, 20.0);GATE
Port:(20.0, 34.5)(30.0, 34.5)(30.0, 240.5)(20.0, 240.5);SD
Port:(132.0, 20.0)(132.0, 149.5)(74.4, 149.5)(74.4, 255.0)(35.0, 255.0)(35.0, 20.0);GATE
Port:(123.0, 30.0)(127.0, 30.0)(127.0, 135.0)(123.0, 135.0);SD
Module:M22
Boundary:(565.0, 758.0)(565.0, 869.5)(553.0, 869.5)(553.0, 885.0)(413.0, 885.0)(413.0, 758.0);GATE
Port:(413.0, 772.5)(423.0, 772.5)(423.0, 870.5)(413.0, 870.5);SD
Port:(565.0, 758.0)(565.0, 869.5)(553.0, 869.5)(553.0, 885.0)(428.0, 885.0)(428.0, 758.0);GATE
Port:(556.0, 768.0)(560.0, 768.0)(560.0, 855.0)(556.0, 855.0);SD
Module:M17
Boundary:(480.0, 427.0)(573.5, 427.0)(573.5, 460.7)(607.0, 460.7)(607.0, 514.0)(480.0, 514.0);GATE
Port:(494.5, 504.0)(592.5, 504.0)(592.5, 514.0)(494.5, 514.0);SD
Port:(480.0, 427.0)(573.5, 427.0)(573.5, 460.7)(607.0, 460.7)(607.0, 499.0)(480.0, 499.0);GATE
Port:(490.0, 432.0)(559.0, 432.0)(559.0, 436.0)(490.0, 436.0);SD
