Area:(-20.0, -20.0)(713.9, -20.0)(713.9, 1736.4)(-20.0, 1736.4)
Rule:GATE(5,5);SD(5,5);GATE_SD(0.5);GATE_ITO(0.5);SD_ITO(0.5)
Module:M14
Boundary:(353.0, 457.8)(353.0, 499.8)(302.1, 499.8)(302.1, 512.5)(160.0, 512.5)(160.0, 457.8);GATE
Port:(160.0, 468.2)(165.4, 468.2)(165.4, 502.1)(160.0, 502.1);SD
Port:(353.0, 457.8)(353.0, 499.8)(302.1, 499.8)(302.1, 512.5)(167.2, 512.5)(167.2, 457.8);GATE
Port:(344.6, 462.9)(348.9, 462.9)(348.9, 493.7)(344.6, 493.7);SD
Module:M9
Boundary:(673.1, 1013.4)(673.1, 1099.9)(491.9, 1099.9)(491.9, 1013.4);GATE
Port:(491.9, 1028.0)(495.9, 1028.0)(495.9, 1085.3)(491.9, 1085.3);SD
Port:(673.1, 1013.4)(673.1, 1099.9)(497.3, 1099.9)(497.3, 1013.4);GATE
Port:(660.9, 1020.3)(667.2, 1020.3)(667.2, 1093.0)(660.9, 1093.0);SD
Module:M5
Boundary:(20.0, 677.5)(99.5, 677.5)(99.5, 678.0)(115.3, 678.0)(115.3, 792.0)(20.0, 792.0);GATE
Port:(32.9, 787.5)(102.4, 787.5)(102.4, 792.0)(32.9, 792.0);SD
Port:(20.0, 677.5)(99.5, 677.5)(99.5, 678.0)(115.3, 678.0)(115.3, 786.3)(20.0, 786.3);GATE
Port:(25.8, 682.3)(93.7, 682.3)(93.7, 687.5)(25.8, 687.5);SD
Module:M11
Boundary:(170.4, 20.0)(238.6, 20.0)(238.6, 20.2)(255.3, 20.2)(255.3, 144.5)(170.4, 144.5);GATE
Port:(184.3, 139.2)(241.4, 139.2)(241.4, 144.5)(184.3, 144.5);SD
Port:(170.4, 20.0)(238.6, 20.0)(238.6, 20.2)(255.3, 20.2)(255.3, 137.0)(170.4, 137.0);GATE
Port:(175.9, 24.5)(233.1, 24.5)(233.1, 31.2)(175.9, 31.2);SD
Module:M1
Boundary:(250.4, 184.5)(250.4, 274.1)(250.0, 274.1)(250.0, 292.4)(170.4, 292.4)(170.4, 184.5);GATE
Port:(170.4, 198.0)(175.6, 198.0)(175.6, 278.9)(170.4, 278.9);SD
Port:(250.4, 184.5)(250.4, 274.1)(250.0, 274.1)(250.0, 292.4)(178.3, 292.4)(178.3, 184.5);GATE
Port:(240.0, 190.3)(245.6, 190.3)(245.6, 268.3)(240.0, 268.3);SD
Module:M43
Boundary:(493.7, 741.8)(545.2, 741.8)(545.2, 741.9)(562.5, 741.9)(562.5, 867.5)(493.7, 867.5);GATE
Port:(506.9, 861.9)(549.3, 861.9)(549.3, 867.5)(506.9, 867.5);SD
Port:(493.7, 741.8)(545.2, 741.8)(545.2, 741.9)(562.5, 741.9)(562.5, 859.9)(493.7, 859.9);GATE
Port:(499.1, 746.2)(539.8, 746.2)(539.8, 752.3)(499.1, 752.3);SD
Module:M38
Boundary:(662.2, 1600.2)(662.2, 1678.0)(563.8, 1678.0)(563.8, 1691.9)(442.4, 1691.9)(442.4, 1600.2);GATE
Port:(442.4, 1612.3)(446.6, 1612.3)(446.6, 1679.8)(442.4, 1679.8);SD
Port:(662.2, 1600.2)(662.2, 1678.0)(563.8, 1678.0)(563.8, 1691.9)(448.0, 1691.9)(448.0, 1600.2);GATE
Port:(652.1, 1606.3)(657.1, 1606.3)(657.1, 1670.9)(652.1, 1670.9);SD
Module:M40
Boundary:(412.9, 366.0)(461.2, 366.0)(461.2, 453.7)(473.9, 453.7)(473.9, 516.8)(412.9, 516.8);GATE
Port:(426.3, 511.0)(460.5, 511.0)(460.5, 516.8)(426.3, 516.8);SD
Port:(412.9, 366.0)(461.2, 366.0)(461.2, 453.7)(473.9, 453.7)(473.9, 508.5)(412.9, 508.5);GATE
Port:(419.6, 371.7)(453.5, 371.7)(453.5, 377.7)(419.6, 377.7);SD
Module:M35
Boundary:(663.9, 909.2)(663.9, 958.9)(663.9, 958.9)(663.9, 973.4)(493.7, 973.4)(493.7, 909.2);GATE
Port:(493.7, 923.3)(499.2, 923.3)(499.2, 959.3)(493.7, 959.3);SD
Port:(663.9, 909.2)(663.9, 958.9)(663.9, 958.9)(663.9, 973.4)(501.7, 973.4)(501.7, 909.2);GATE
Port:(651.5, 915.7)(658.4, 915.7)(658.4, 952.4)(651.5, 952.4);SD
Module:M32
Boundary:(30.0, 1478.1)(113.5, 1478.1)(113.5, 1548.5)(125.6, 1548.5)(125.6, 1677.6)(30.0, 1677.6);GATE
Port:(41.9, 1673.3)(113.7, 1673.3)(113.7, 1677.6)(41.9, 1677.6);SD
Port:(30.0, 1478.1)(113.5, 1478.1)(113.5, 1548.5)(125.6, 1548.5)(125.6, 1670.5)(30.0, 1670.5);GATE
Port:(36.9, 1484.0)(105.6, 1484.0)(105.6, 1488.2)(36.9, 1488.2);SD
Module:M27
Boundary:(595.0, 537.6)(658.3, 537.6)(658.3, 537.8)(673.6, 537.8)(673.6, 652.7)(595.0, 652.7);GATE
Port:(607.8, 647.4)(660.8, 647.4)(660.8, 652.7)(607.8, 652.7);SD
Port:(595.0, 537.6)(658.3, 537.6)(658.3, 537.8)(673.6, 537.8)(673.6, 646.4)(595.0, 646.4);GATE
Port:(600.3, 541.9)(653.0, 541.9)(653.0, 548.5)(600.3, 548.5);SD
Module:M24
Boundary:(529.3, 1461.8)(529.3, 1528.9)(450.2, 1528.9)(450.2, 1543.8)(306.9, 1543.8)(306.9, 1461.8);GATE
Port:(306.9, 1475.1)(312.5, 1475.1)(312.5, 1530.5)(306.9, 1530.5);SD
Port:(529.3, 1461.8)(529.3, 1528.9)(450.2, 1528.9)(450.2, 1543.8)(314.7, 1543.8)(314.7, 1461.8);GATE
Port:(518.0, 1468.7)(523.4, 1468.7)(523.4, 1521.0)(518.0, 1521.0);SD
Module:M19
Boundary:(281.6, 1163.8)(281.6, 1264.1)(177.2, 1264.1)(177.2, 1163.8);GATE
Port:(177.2, 1176.4)(181.3, 1176.4)(181.3, 1251.5)(177.2, 1251.5);SD
Port:(281.6, 1163.8)(281.6, 1264.1)(183.2, 1264.1)(183.2, 1163.8);GATE
Port:(270.7, 1170.8)(275.6, 1170.8)(275.6, 1257.1)(270.7, 1257.1);SD
Module:M6
Boundary:(20.0, 20.0)(113.0, 20.0)(113.0, 89.9)(130.4, 89.9)(130.4, 221.9)(20.0, 221.9);GATE
Port:(34.5, 217.1)(115.9, 217.1)(115.9, 221.9)(34.5, 221.9);SD
Port:(20.0, 20.0)(113.0, 20.0)(113.0, 89.9)(130.4, 89.9)(130.4, 215.3)(20.0, 215.3);GATE
Port:(25.5, 24.5)(106.5, 24.5)(106.5, 31.6)(25.5, 31.6);SD
Module:M21
Boundary:(446.0, 20.0)(536.5, 20.0)(536.5, 181.8)(446.0, 181.8);GATE
Port:(456.6, 176.9)(525.9, 176.9)(525.9, 181.8)(456.6, 181.8);SD
Port:(446.0, 20.0)(536.5, 20.0)(536.5, 174.1)(446.0, 174.1);GATE
Port:(451.1, 24.1)(531.4, 24.1)(531.4, 29.0)(451.1, 29.0);SD
Module:M2
Boundary:(667.3, 424.4)(667.3, 483.2)(667.2, 483.2)(667.2, 497.6)(523.9, 497.6)(523.9, 424.4);GATE
Port:(523.9, 435.9)(529.7, 435.9)(529.7, 486.1)(523.9, 486.1);SD
Port:(667.3, 424.4)(667.3, 483.2)(667.2, 483.2)(667.2, 497.6)(532.5, 497.6)(532.5, 424.4);GATE
Port:(657.3, 429.5)(663.2, 429.5)(663.2, 478.1)(657.3, 478.1);SD
Module:M16
Boundary:(386.1, 566.8)(438.8, 566.8)(438.8, 592.8)(453.7, 592.8)(453.7, 678.1)(386.1, 678.1);GATE
Port:(400.7, 673.9)(439.1, 673.9)(439.1, 678.1)(400.7, 678.1);SD
Port:(386.1, 566.8)(438.8, 566.8)(438.8, 592.8)(453.7, 592.8)(453.7, 672.1)(386.1, 672.1);GATE
Port:(392.8, 572.5)(431.1, 572.5)(431.1, 578.9)(392.8, 578.9);SD
Module:M13
Boundary:(451.9, 834.5)(451.9, 941.5)(304.1, 941.5)(304.1, 834.5);GATE
Port:(304.1, 848.7)(308.6, 848.7)(308.6, 927.3)(304.1, 927.3);SD
Port:(451.9, 834.5)(451.9, 941.5)(311.1, 941.5)(311.1, 834.5);GATE
Port:(440.5, 841.3)(446.1, 841.3)(446.1, 934.7)(440.5, 934.7);SD
Module:M45
Boundary:(20.0, 505.7)(77.4, 505.7)(77.4, 506.0)(95.6, 506.0)(95.6, 617.2)(20.0, 617.2);GATE
Port:(35.8, 611.8)(79.8, 611.8)(79.8, 617.2)(35.8, 617.2);SD
Port:(20.0, 505.7)(77.4, 505.7)(77.4, 506.0)(95.6, 506.0)(95.6, 609.4)(20.0, 609.4);GATE
Port:(26.6, 511.3)(70.8, 511.3)(70.8, 518.2)(26.6, 518.2);SD
Module:M10
Boundary:(331.6, 981.5)(434.0, 981.5)(434.0, 1100.2)(449.6, 1100.2)(449.6, 1174.9)(331.6, 1174.9);GATE
Port:(345.8, 1169.9)(435.4, 1169.9)(435.4, 1174.9)(345.8, 1174.9);SD
Port:(331.6, 981.5)(434.0, 981.5)(434.0, 1100.2)(449.6, 1100.2)(449.6, 1168.2)(331.6, 1168.2);GATE
Port:(337.6, 986.5)(427.0, 986.5)(427.0, 993.2)(337.6, 993.2);SD
Module:M42
Boundary:(20.0, 1274.5)(110.0, 1274.5)(110.0, 1326.0)(127.2, 1326.0)(127.2, 1428.1)(20.0, 1428.1);GATE
Port:(33.6, 1423.9)(113.6, 1423.9)(113.6, 1428.1)(33.6, 1428.1);SD
Port:(20.0, 1274.5)(110.0, 1274.5)(110.0, 1326.0)(127.2, 1326.0)(127.2, 1422.1)(20.0, 1422.1);GATE
Port:(25.1, 1278.6)(103.9, 1278.6)(103.9, 1284.8)(25.1, 1284.8);SD
Module:M37
Boundary:(443.9, 718.1)(443.9, 779.8)(443.9, 779.8)(443.9, 794.5)(311.4, 794.5)(311.4, 718.1);GATE
Port:(311.4, 730.9)(317.3, 730.9)(317.3, 781.7)(311.4, 781.7);SD
Port:(443.9, 718.1)(443.9, 779.8)(443.9, 779.8)(443.9, 794.5)(318.4, 794.5)(318.4, 718.1);GATE
Port:(432.9, 723.1)(439.9, 723.1)(439.9, 774.8)(432.9, 774.8);SD
Module:M34
Boundary:(630.5, 1248.8)(630.5, 1299.4)(584.5, 1299.4)(584.5, 1313.8)(489.6, 1313.8)(489.6, 1248.8);GATE
Port:(489.6, 1262.2)(495.6, 1262.2)(495.6, 1300.4)(489.6, 1300.4);SD
Port:(630.5, 1248.8)(630.5, 1299.4)(584.5, 1299.4)(584.5, 1313.8)(496.9, 1313.8)(496.9, 1248.8);GATE
Port:(618.8, 1254.3)(626.0, 1254.3)(626.0, 1292.9)(618.8, 1292.9);SD
Module:M29
Boundary:(664.8, 253.7)(664.8, 365.8)(664.6, 365.8)(664.6, 384.4)(572.3, 384.4)(572.3, 253.7);GATE
Port:(572.3, 268.8)(578.1, 268.8)(578.1, 369.3)(572.3, 369.3);SD
Port:(664.8, 253.7)(664.8, 365.8)(664.6, 365.8)(664.6, 384.4)(579.3, 384.4)(579.3, 253.7);GATE
Port:(652.9, 260.1)(659.4, 260.1)(659.4, 359.4)(652.9, 359.4);SD
Module:M7
Boundary:(279.2, 1314.1)(279.2, 1403.1)(167.2, 1403.1)(167.2, 1314.1);GATE
Port:(167.2, 1328.5)(172.0, 1328.5)(172.0, 1388.7)(167.2, 1388.7);SD
Port:(279.2, 1314.1)(279.2, 1403.1)(173.6, 1403.1)(173.6, 1314.1);GATE
Port:(267.7, 1320.9)(273.4, 1320.9)(273.4, 1396.3)(267.7, 1396.3);SD
Module:M31
Boundary:(139.5, 1018.6)(139.5, 1081.5)(139.2, 1081.5)(139.2, 1096.4)(20.0, 1096.4)(20.0, 1018.6);GATE
Port:(20.0, 1031.5)(24.9, 1031.5)(24.9, 1083.5)(20.0, 1083.5);SD
Port:(139.5, 1018.6)(139.5, 1081.5)(139.2, 1081.5)(139.2, 1096.4)(26.0, 1096.4)(26.0, 1018.6);GATE
Port:(128.7, 1025.4)(133.7, 1025.4)(133.7, 1074.7)(128.7, 1074.7);SD
Module:M3
Boundary:(20.0, 832.0)(120.7, 832.0)(120.7, 978.6)(20.0, 978.6);GATE
Port:(32.4, 973.8)(108.3, 973.8)(108.3, 978.6)(32.4, 978.6);SD
Port:(20.0, 832.0)(120.7, 832.0)(120.7, 972.0)(20.0, 972.0);GATE
Port:(26.2, 837.2)(114.5, 837.2)(114.5, 842.3)(26.2, 842.3);SD
Module:M26
Boundary:(660.5, 1471.8)(660.5, 1535.7)(655.0, 1535.7)(655.0, 1550.2)(579.3, 1550.2)(579.3, 1471.8);GATE
Port:(579.3, 1484.2)(585.2, 1484.2)(585.2, 1537.8)(579.3, 1537.8);SD
Port:(660.5, 1471.8)(660.5, 1535.7)(655.0, 1535.7)(655.0, 1550.2)(587.6, 1550.2)(587.6, 1471.8);GATE
Port:(650.4, 1476.9)(656.4, 1476.9)(656.4, 1529.6)(650.4, 1529.6);SD
Module:M23
Boundary:(179.5, 981.5)(265.6, 981.5)(265.6, 981.8)(282.7, 981.8)(282.7, 1113.8)(179.5, 1113.8);GATE
Port:(193.4, 1108.5)(268.8, 1108.5)(268.8, 1113.8)(193.4, 1113.8);SD
Port:(179.5, 981.5)(265.6, 981.5)(265.6, 981.8)(282.7, 981.8)(282.7, 1105.9)(179.5, 1105.9);GATE
Port:(186.4, 987.4)(258.7, 987.4)(258.7, 992.1)(186.4, 992.1);SD
Module:M18
Boundary:(336.1, 562.5)(336.1, 627.5)(145.6, 627.5)(145.6, 562.5);GATE
Port:(145.6, 575.4)(150.2, 575.4)(150.2, 614.6)(145.6, 614.6);SD
Port:(336.1, 562.5)(336.1, 627.5)(152.1, 627.5)(152.1, 562.5);GATE
Port:(326.1, 568.7)(330.9, 568.7)(330.9, 621.3)(326.1, 621.3);SD
Module:M20
Boundary:(20.0, 261.9)(104.5, 261.9)(104.5, 351.8)(120.0, 351.8)(120.0, 465.7)(20.0, 465.7);GATE
Port:(34.0, 460.5)(106.0, 460.5)(106.0, 465.7)(34.0, 465.7);SD
Port:(20.0, 261.9)(104.5, 261.9)(104.5, 351.8)(120.0, 351.8)(120.0, 459.0)(20.0, 459.0);GATE
Port:(26.4, 267.3)(97.1, 267.3)(97.1, 272.6)(26.4, 272.6);SD
Module:M15
Boundary:(532.3, 221.8)(532.3, 316.0)(446.0, 316.0)(446.0, 221.8);GATE
Port:(446.0, 234.6)(451.6, 234.6)(451.6, 303.2)(446.0, 303.2);SD
Port:(532.3, 221.8)(532.3, 316.0)(454.0, 316.0)(454.0, 221.8);GATE
Port:(521.5, 227.6)(527.5, 227.6)(527.5, 310.2)(521.5, 310.2);SD
Module:M12
Boundary:(602.5, 692.7)(658.3, 692.7)(658.3, 722.6)(673.9, 722.6)(673.9, 869.2)(602.5, 869.2);GATE
Port:(617.9, 863.7)(658.5, 863.7)(658.5, 869.2)(617.9, 869.2);SD
Port:(602.5, 692.7)(658.3, 692.7)(658.3, 722.6)(673.9, 722.6)(673.9, 861.9)(602.5, 861.9);GATE
Port:(609.4, 698.6)(650.4, 698.6)(650.4, 705.9)(609.4, 705.9);SD
Module:M44
Boundary:(402.4, 1583.8)(402.4, 1681.7)(300.7, 1681.7)(300.7, 1696.4)(175.6, 1696.4)(175.6, 1583.8);GATE
Port:(175.6, 1597.7)(179.6, 1597.7)(179.6, 1682.5)(175.6, 1682.5);SD
Port:(402.4, 1583.8)(402.4, 1681.7)(300.7, 1681.7)(300.7, 1696.4)(182.4, 1696.4)(182.4, 1583.8);GATE
Port:(391.3, 1589.3)(397.9, 1589.3)(397.9, 1675.2)(391.3, 1675.2);SD
Module:M39
Boundary:(305.3, 30.0)(378.5, 30.0)(378.5, 30.4)(396.0, 30.4)(396.0, 253.1)(305.3, 253.1);GATE
Port:(320.6, 248.7)(380.7, 248.7)(380.7, 253.1)(320.6, 253.1);SD
Port:(305.3, 30.0)(378.5, 30.0)(378.5, 30.4)(396.0, 30.4)(396.0, 247.6)(305.3, 247.6);GATE
Port:(311.6, 35.3)(372.2, 35.3)(372.2, 42.7)(311.6, 42.7);SD
Module:M8
Boundary:(362.9, 332.4)(362.9, 401.6)(255.7, 401.6)(255.7, 417.8)(160.0, 417.8)(160.0, 332.4);GATE
Port:(160.0, 346.0)(165.0, 346.0)(165.0, 404.2)(160.0, 404.2);SD
Port:(362.9, 332.4)(362.9, 401.6)(255.7, 401.6)(255.7, 417.8)(166.5, 417.8)(166.5, 332.4);GATE
Port:(352.4, 337.5)(358.8, 337.5)(358.8, 395.5)(352.4, 395.5);SD
Module:M41
Boundary:(20.0, 1136.4)(105.9, 1136.4)(105.9, 1136.9)(122.9, 1136.9)(122.9, 1234.5)(20.0, 1234.5);GATE
Port:(34.2, 1229.4)(108.7, 1229.4)(108.7, 1234.5)(34.2, 1234.5);SD
Port:(20.0, 1136.4)(105.9, 1136.4)(105.9, 1136.9)(122.9, 1136.9)(122.9, 1226.9)(20.0, 1226.9);GATE
Port:(26.1, 1141.5)(99.8, 1141.5)(99.8, 1147.4)(26.1, 1147.4);SD
Module:M4
Boundary:(576.5, 20.0)(657.5, 20.0)(657.5, 54.3)(672.6, 54.3)(672.6, 213.7)(576.5, 213.7);GATE
Port:(588.6, 209.0)(660.5, 209.0)(660.5, 213.7)(588.6, 213.7);SD
Port:(576.5, 20.0)(657.5, 20.0)(657.5, 54.3)(672.6, 54.3)(672.6, 207.8)(576.5, 207.8);GATE
Port:(581.6, 24.1)(651.4, 24.1)(651.4, 29.9)(581.6, 29.9);SD
Module:M36
Boundary:(660.6, 1139.9)(660.6, 1192.2)(616.5, 1192.2)(616.5, 1208.8)(489.6, 1208.8)(489.6, 1139.9);GATE
Port:(489.6, 1153.0)(495.0, 1153.0)(495.0, 1195.7)(489.6, 1195.7);SD
Port:(660.6, 1139.9)(660.6, 1192.2)(616.5, 1192.2)(616.5, 1208.8)(497.5, 1208.8)(497.5, 1139.9);GATE
Port:(650.2, 1145.4)(656.1, 1145.4)(656.1, 1185.7)(650.2, 1185.7);SD
Module:M33
Boundary:(673.6, 1353.8)(673.6, 1405.3)(673.3, 1405.3)(673.3, 1421.8)(466.5, 1421.8)(466.5, 1353.8);GATE
Port:(466.5, 1368.0)(472.4, 1368.0)(472.4, 1407.6)(466.5, 1407.6);SD
Port:(673.6, 1353.8)(673.6, 1405.3)(673.3, 1405.3)(673.3, 1421.8)(473.5, 1421.8)(473.5, 1353.8);GATE
Port:(662.7, 1359.6)(668.8, 1359.6)(668.8, 1399.5)(662.7, 1399.5);SD
Module:M28
Boundary:(271.4, 677.5)(271.4, 764.7)(227.6, 764.7)(227.6, 780.9)(160.7, 780.9)(160.7, 677.5);GATE
Port:(160.7, 691.1)(165.0, 691.1)(165.0, 767.3)(160.7, 767.3);SD
Port:(271.4, 677.5)(271.4, 764.7)(227.6, 764.7)(227.6, 780.9)(167.7, 780.9)(167.7, 677.5);GATE
Port:(261.0, 684.4)(265.5, 684.4)(265.5, 756.8)(261.0, 756.8);SD
Module:M30
Boundary:(175.6, 1443.1)(253.0, 1443.1)(253.0, 1458.0)(266.9, 1458.0)(266.9, 1543.7)(175.6, 1543.7);GATE
Port:(188.2, 1538.6)(254.3, 1538.6)(254.3, 1543.7)(188.2, 1543.7);SD
Port:(175.6, 1443.1)(253.0, 1443.1)(253.0, 1458.0)(266.9, 1458.0)(266.9, 1535.6)(175.6, 1535.6);GATE
Port:(182.5, 1449.0)(245.1, 1449.0)(245.1, 1453.0)(182.5, 1453.0);SD
Module:M25
Boundary:(493.7, 566.8)(540.8, 566.8)(540.8, 566.8)(555.0, 566.8)(555.0, 701.8)(493.7, 701.8);GATE
Port:(506.9, 697.6)(541.8, 697.6)(541.8, 701.8)(506.9, 701.8);SD
Port:(493.7, 566.8)(540.8, 566.8)(540.8, 566.8)(555.0, 566.8)(555.0, 695.5)(493.7, 695.5);GATE
Port:(499.7, 571.8)(534.8, 571.8)(534.8, 578.3)(499.7, 578.3);SD
Module:M22
Boundary:(331.6, 1214.9)(412.0, 1214.9)(412.0, 1336.0)(426.5, 1336.0)(426.5, 1413.4)(331.6, 1413.4);GATE
Port:(344.9, 1408.1)(413.2, 1408.1)(413.2, 1413.4)(344.9, 1413.4);SD
Port:(331.6, 1214.9)(412.0, 1214.9)(412.0, 1336.0)(426.5, 1336.0)(426.5, 1405.9)(331.6, 1405.9);GATE
Port:(338.1, 1220.4)(404.5, 1220.4)(404.5, 1225.4)(338.1, 1225.4);SD
Module:M17
Boundary:(170.7, 830.9)(237.0, 830.9)(237.0, 831.1)(254.1, 831.1)(254.1, 929.1)(170.7, 929.1);GATE
Port:(182.8, 923.8)(242.0, 923.8)(242.0, 929.1)(182.8, 929.1);SD
Port:(170.7, 830.9)(237.0, 830.9)(237.0, 831.1)(254.1, 831.1)(254.1, 922.6)(170.7, 922.6);GATE
Port:(176.4, 835.6)(231.3, 835.6)(231.3, 840.0)(176.4, 840.0);SD
