Area:(-20.0, -20.0)(768.0, -20.0)(768.0, 776.0)(-20.0, 776.0)
Rule:GATE(5,5);SD(5,5);GATE_SD(0.5);GATE_ITO(0.5);SD_ITO(0.5)
Module:M14
Boundary:(20.0, 380.0)(131.5, 380.0)(131.5, 398.0)(147.0, 398.0)(147.0, 454.0)(20.0, 454.0);GATE
Port:(34.5, 444.0)(132.5, 444.0)(132.5, 454.0)(34.5, 454.0);SD
Port:(20.0, 380.0)(131.5, 380.0)(131.5, 398.0)(147.0, 398.0)(147.0, 439.0)(20.0, 439.0);GATE
Port:(30.0, 385.0)(117.0, 385.0)(117.0, 389.0)(30.0, 389.0);SD
Module:M9
Boundary:(210.0, 542.0)(321.5, 542.0)(321.5, 554.0)(337.0, 554.0)(337.0, 736.0)(210.0, 736.0);GATE
Port:(224.5, 726.0)(322.5, 726.0)(322.5, 736.0)(224.5, 736.0);SD
Port:(210.0, 542.0)(321.5, 542.0)(321.5, 554.0)(337.0, 554.0)(337.0, 721.0)(210.0, 721.0);GATE
Port:(220.0, 547.0)(307.0, 547.0)(307.0, 551.0)(220.0, 551.0);SD
Module:M5
Boundary:(538.0, 480.0)(538.0, 556.0)(530.0, 556.0)(530.0, 571.0)(377.0, 571.0)(377.0, 480.0);GATE
Port:(377.0, 494.5)(387.0, 494.5)(387.0, 556.5)(377.0, 556.5);SD
Port:(538.0, 480.0)(538.0, 556.0)(530.0, 556.0)(530.0, 571.0)(392.0, 571.0)(392.0, 480.0);GATE
Port:(529.0, 490.0)(533.0, 490.0)(533.0, 541.0)(529.0, 541.0);SD
Module:M11
Boundary:(364.0, 163.0)(493.5, 163.0)(493.5, 215.2)(563.0, 215.2)(563.0, 289.0)(364.0, 289.0);GATE
Port:(378.5, 279.0)(548.5, 279.0)(548.5, 289.0)(378.5, 289.0);SD
Port:(364.0, 163.0)(493.5, 163.0)(493.5, 215.2)(563.0, 215.2)(563.0, 274.0)(364.0, 274.0);GATE
Port:(374.0, 168.0)(479.0, 168.0)(479.0, 172.0)(374.0, 172.0);SD
Module:M1
Boundary:(596.0, 20.0)(596.0, 96.0)(588.0, 96.0)(588.0, 111.0)(485.0, 111.0)(485.0, 20.0);GATE
Port:(485.0, 34.5)(495.0, 34.5)(495.0, 96.5)(485.0, 96.5);SD
Port:(596.0, 20.0)(596.0, 96.0)(588.0, 96.0)(588.0, 111.0)(500.0, 111.0)(500.0, 20.0);GATE
Port:(587.0, 30.0)(591.0, 30.0)(591.0, 81.0)(587.0, 81.0);SD
Module:M19
Boundary:(223.0, 20.0)(316.5, 20.0)(316.5, 34.0)(332.0, 34.0)(332.0, 107.0)(223.0, 107.0);GATE
Port:(237.5, 97.0)(317.5, 97.0)(317.5, 107.0)(237.5, 107.0);SD
Port:(223.0, 20.0)(316.5, 20.0)(316.5, 34.0)(332.0, 34.0)(332.0, 92.0)(223.0, 92.0);GATE
Port:(233.0, 25.0)(302.0, 25.0)(302.0, 29.0)(233.0, 29.0);SD
Module:M6
Boundary:(728.0, 500.0)(728.0, 575.5)(633.2, 575.5)(633.2, 735.0)(578.0, 735.0)(578.0, 500.0);GATE
Port:(578.0, 514.5)(588.0, 514.5)(588.0, 720.5)(578.0, 720.5);SD
Port:(728.0, 500.0)(728.0, 575.5)(633.2, 575.5)(633.2, 735.0)(593.0, 735.0)(593.0, 500.0);GATE
Port:(719.0, 510.0)(723.0, 510.0)(723.0, 561.0)(719.0, 561.0);SD
Module:M2
Boundary:(191.0, 440.0)(302.5, 440.0)(302.5, 452.0)(318.0, 452.0)(318.0, 502.0)(191.0, 502.0);GATE
Port:(205.5, 492.0)(303.5, 492.0)(303.5, 502.0)(205.5, 502.0);SD
Port:(191.0, 440.0)(302.5, 440.0)(302.5, 452.0)(318.0, 452.0)(318.0, 487.0)(191.0, 487.0);GATE
Port:(201.0, 445.0)(288.0, 445.0)(288.0, 449.0)(201.0, 449.0);SD
Module:M16
Boundary:(709.0, 20.0)(709.0, 113.5)(699.0, 113.5)(699.0, 129.0)(636.0, 129.0)(636.0, 20.0);GATE
Port:(636.0, 34.5)(646.0, 34.5)(646.0, 114.5)(636.0, 114.5);SD
Port:(709.0, 20.0)(709.0, 113.5)(699.0, 113.5)(699.0, 129.0)(651.0, 129.0)(651.0, 20.0);GATE
Port:(700.0, 30.0)(704.0, 30.0)(704.0, 99.0)(700.0, 99.0);SD
Module:M13
Boundary:(142.0, 249.0)(142.0, 325.0)(134.0, 325.0)(134.0, 340.0)(20.0, 340.0)(20.0, 249.0);GATE
Port:(20.0, 263.5)(30.0, 263.5)(30.0, 325.5)(20.0, 325.5);SD
Port:(142.0, 249.0)(142.0, 325.0)(134.0, 325.0)(134.0, 340.0)(35.0, 340.0)(35.0, 249.0);GATE
Port:(133.0, 259.0)(137.0, 259.0)(137.0, 310.0)(133.0, 310.0);SD
Module:M10
Boundary:(20.0, 147.0)(131.5, 147.0)(131.5, 159.0)(147.0, 159.0)(147.0, 209.0)(20.0, 209.0);GATE
Port:(34.5, 199.0)(132.5, 199.0)(132.5, 209.0)(34.5, 209.0);SD
Port:(20.0, 147.0)(131.5, 147.0)(131.5, 159.0)(147.0, 159.0)(147.0, 194.0)(20.0, 194.0);GATE
Port:(30.0, 152.0)(117.0, 152.0)(117.0, 156.0)(30.0, 156.0);SD
Module:M7
Boundary:(20.0, 20.0)(167.5, 20.0)(167.5, 36.0)(183.0, 36.0)(183.0, 107.0)(20.0, 107.0);GATE
Port:(34.5, 97.0)(168.5, 97.0)(168.5, 107.0)(34.5, 107.0);SD
Port:(20.0, 20.0)(167.5, 20.0)(167.5, 36.0)(183.0, 36.0)(183.0, 92.0)(20.0, 92.0);GATE
Port:(30.0, 25.0)(153.0, 25.0)(153.0, 29.0)(30.0, 29.0);SD
Module:M3
Boundary:(723.0, 297.0)(723.0, 444.5)(707.0, 444.5)(707.0, 460.0)(603.0, 460.0)(603.0, 297.0);GATE
Port:(603.0, 311.5)(613.0, 311.5)(613.0, 445.5)(603.0, 445.5);SD
Port:(723.0, 297.0)(723.0, 444.5)(707.0, 444.5)(707.0, 460.0)(618.0, 460.0)(618.0, 297.0);GATE
Port:(714.0, 307.0)(718.0, 307.0)(718.0, 430.0)(714.0, 430.0);SD
Module:M18
Boundary:(324.0, 147.0)(324.0, 240.5)(239.0, 240.5)(239.0, 400.0)(187.0, 400.0)(187.0, 147.0);GATE
Port:(187.0, 161.5)(197.0, 161.5)(197.0, 385.5)(187.0, 385.5);SD
Port:(324.0, 147.0)(324.0, 240.5)(239.0, 240.5)(239.0, 400.0)(202.0, 400.0)(202.0, 147.0);GATE
Port:(315.0, 157.0)(319.0, 157.0)(319.0, 226.0)(315.0, 226.0);SD
Module:M20
Boundary:(603.0, 169.0)(696.5, 169.0)(696.5, 179.0)(712.0, 179.0)(712.0, 257.0)(603.0, 257.0);GATE
Port:(617.5, 247.0)(697.5, 247.0)(697.5, 257.0)(617.5, 257.0);SD
Port:(603.0, 169.0)(696.5, 169.0)(696.5, 179.0)(712.0, 179.0)(712.0, 242.0)(603.0, 242.0);GATE
Port:(613.0, 174.0)(682.0, 174.0)(682.0, 178.0)(613.0, 178.0);SD
Module:M15
Boundary:(151.0, 494.0)(151.0, 587.5)(141.0, 587.5)(141.0, 603.0)(20.0, 603.0)(20.0, 494.0);GATE
Port:(20.0, 508.5)(30.0, 508.5)(30.0, 588.5)(20.0, 588.5);SD
Port:(151.0, 494.0)(151.0, 587.5)(141.0, 587.5)(141.0, 603.0)(35.0, 603.0)(35.0, 494.0);GATE
Port:(142.0, 504.0)(146.0, 504.0)(146.0, 573.0)(142.0, 573.0);SD
Module:M12
Boundary:(372.0, 20.0)(445.0, 20.0)(445.0, 123.0)(372.0, 123.0);GATE
Port:(386.5, 113.0)(430.5, 113.0)(430.5, 123.0)(386.5, 123.0);SD
Port:(372.0, 20.0)(445.0, 20.0)(445.0, 108.0)(372.0, 108.0);GATE
Port:(382.0, 25.0)(435.0, 25.0)(435.0, 29.0)(382.0, 29.0);SD
Module:M8
Boundary:(364.0, 329.0)(511.5, 329.0)(511.5, 345.0)(527.0, 345.0)(527.0, 440.0)(364.0, 440.0);GATE
Port:(378.5, 430.0)(512.5, 430.0)(512.5, 440.0)(378.5, 440.0);SD
Port:(364.0, 329.0)(511.5, 329.0)(511.5, 345.0)(527.0, 345.0)(527.0, 425.0)(364.0, 425.0);GATE
Port:(374.0, 334.0)(497.0, 334.0)(497.0, 338.0)(374.0, 338.0);SD
Module:M4
Boundary:(170.0, 643.0)(170.0, 719.0)(162.0, 719.0)(162.0, 734.0)(20.0, 734.0)(20.0, 643.0);GATE
Port:(20.0, 657.5)(30.0, 657.5)(30.0, 719.5)(20.0, 719.5);SD
Port:(170.0, 643.0)(170.0, 719.0)(162.0, 719.0)(162.0, 734.0)(35.0, 734.0)(35.0, 643.0);GATE
Port:(161.0, 653.0)(165.0, 653.0)(165.0, 704.0)(161.0, 704.0);SD
Module:M17
Boundary:(377.0, 611.0)(506.5, 611.0)(506.5, 625.0)(522.0, 625.0)(522.0, 733.0)(377.0, 733.0);GATE
Port:(391.5, 723.0)(507.5, 723.0)(507.5, 733.0)(391.5, 733.0);SD
Port:(377.0, 611.0)(506.5, 611.0)(506.5, 625.0)(522.0, 625.0)(522.0, 718.0)(377.0, 718.0);GATE
Port:(387.0, 616.0)(492.0, 616.0)(492.0, 620.0)(387.0, 620.0);SD
