Area:(-18.1, -19.7)(977.6, -19.7)(977.6, 1225.2)(-18.1, 1225.2)
Rule:GATE(5,5);SD(5,5);GATE_SD(0.5);GATE_ITO(0.5);SD_ITO(0.5)
Module:M20
Boundary:(910.3, 20.3)(910.3, 67.5)(877.1, 67.5)(877.1, 81.0)(832.2, 81.0)(832.2, 20.3);GATE
Port:(832.2, 32.7)(836.3, 32.7)(836.3, 68.6)(832.2, 68.6);SD
Port:(910.3, 20.3)(910.3, 67.5)(877.1, 67.5)(877.1, 81.0)(838.5, 81.0)(838.5, 20.3);GATE
Port:(900.0, 26.6)(905.0, 26.6)(905.0, 60.2)(900.0, 60.2);SD
Module:M30
Boundary:(437.3, 72.3)(437.3, 155.0)(410.2, 155.0)(410.2, 166.9)(324.5, 166.9)(324.5, 72.3);GATE
Port:(324.5, 84.2)(329.6, 84.2)(329.6, 155.0)(324.5, 155.0);SD
Port:(437.3, 72.3)(437.3, 155.0)(410.2, 155.0)(410.2, 166.9)(330.7, 166.9)(330.7, 72.3);GATE
Port:(427.1, 78.1)(432.5, 78.1)(432.5, 148.2)(427.1, 148.2);SD
Module:M22
Boundary:(604.4, 73.2)(718.3, 73.2)(718.3, 202.5)(604.4, 202.5);GATE
Port:(619.0, 197.2)(703.7, 197.2)(703.7, 202.5)(619.0, 202.5);SD
Port:(604.4, 73.2)(718.3, 73.2)(718.3, 194.5)(604.4, 194.5);GATE
Port:(610.7, 78.5)(712.0, 78.5)(712.0, 84.3)(610.7, 84.3);SD
Module:M1
Boundary:(719.8, 72.7)(775.9, 72.7)(775.9, 72.9)(793.7, 72.9)(793.7, 210.5)(719.8, 210.5);GATE
Port:(735.8, 204.9)(777.7, 204.9)(777.7, 210.5)(735.8, 210.5);SD
Port:(719.8, 72.7)(775.9, 72.7)(775.9, 72.9)(793.7, 72.9)(793.7, 202.6)(719.8, 202.6);GATE
Port:(725.6, 77.5)(770.1, 77.5)(770.1, 85.4)(725.6, 85.4);SD
Module:M15
Boundary:(456.1, 84.7)(541.0, 84.7)(541.0, 84.8)(557.3, 84.8)(557.3, 225.9)(456.1, 225.9);GATE
Port:(470.3, 221.2)(543.1, 221.2)(543.1, 225.9)(470.3, 225.9);SD
Port:(456.1, 84.7)(541.0, 84.7)(541.0, 84.8)(557.3, 84.8)(557.3, 219.7)(456.1, 219.7);GATE
Port:(461.9, 89.5)(535.2, 89.5)(535.2, 97.0)(461.9, 97.0);SD
Module:M11
Boundary:(212.2, 38.7)(313.7, 38.7)(313.7, 227.1)(212.2, 227.1);GATE
Port:(226.4, 221.2)(299.5, 221.2)(299.5, 227.1)(226.4, 227.1);SD
Port:(212.2, 38.7)(313.7, 38.7)(313.7, 219.6)(212.2, 219.6);GATE
Port:(217.8, 43.3)(308.1, 43.3)(308.1, 49.7)(217.8, 49.7);SD
Module:M4
Boundary:(21.9, 44.4)(116.4, 44.4)(116.4, 122.1)(130.8, 122.1)(130.8, 263.1)(21.9, 263.1);GATE
Port:(34.0, 257.2)(118.7, 257.2)(118.7, 263.1)(34.0, 263.1);SD
Port:(21.9, 44.4)(116.4, 44.4)(116.4, 122.1)(130.8, 122.1)(130.8, 255.5)(21.9, 255.5);GATE
Port:(27.5, 49.0)(109.8, 49.0)(109.8, 54.5)(27.5, 54.5);SD
Module:M5
Boundary:(826.0, 210.9)(826.0, 292.8)(728.6, 292.8)(728.6, 210.9);GATE
Port:(728.6, 223.7)(733.5, 223.7)(733.5, 280.0)(728.6, 280.0);SD
Port:(826.0, 210.9)(826.0, 292.8)(734.6, 292.8)(734.6, 210.9);GATE
Port:(816.7, 216.6)(821.3, 216.6)(821.3, 287.1)(816.7, 287.1);SD
Module:M6
Boundary:(826.2, 125.2)(894.4, 125.2)(894.4, 125.3)(911.6, 125.3)(911.6, 316.7)(826.2, 316.7);GATE
Port:(839.1, 311.6)(898.7, 311.6)(898.7, 316.7)(839.1, 316.7);SD
Port:(826.2, 125.2)(894.4, 125.2)(894.4, 125.3)(911.6, 125.3)(911.6, 310.1)(826.2, 310.1);GATE
Port:(832.1, 130.1)(888.5, 130.1)(888.5, 135.8)(832.1, 135.8);SD
Module:M37
Boundary:(337.0, 190.2)(441.6, 190.2)(441.6, 359.7)(337.0, 359.7);GATE
Port:(350.6, 355.1)(428.0, 355.1)(428.0, 359.7)(350.6, 359.7);SD
Port:(337.0, 190.2)(441.6, 190.2)(441.6, 353.1)(337.0, 353.1);GATE
Port:(342.0, 194.2)(436.6, 194.2)(436.6, 200.5)(342.0, 200.5);SD
Module:M24
Boundary:(477.0, 247.5)(569.5, 247.5)(569.5, 302.5)(582.7, 302.5)(582.7, 383.8)(477.0, 383.8);GATE
Port:(491.3, 378.6)(568.4, 378.6)(568.4, 383.8)(491.3, 383.8);SD
Port:(477.0, 247.5)(569.5, 247.5)(569.5, 302.5)(582.7, 302.5)(582.7, 377.5)(477.0, 377.5);GATE
Port:(483.4, 252.9)(562.1, 252.9)(562.1, 260.1)(483.4, 260.1);SD
Module:M36
Boundary:(586.1, 227.1)(656.7, 227.1)(656.7, 321.4)(668.8, 321.4)(668.8, 384.7)(586.1, 384.7);GATE
Port:(598.2, 379.2)(656.7, 379.2)(656.7, 384.7)(598.2, 384.7);SD
Port:(586.1, 227.1)(656.7, 227.1)(656.7, 321.4)(668.8, 321.4)(668.8, 377.1)(586.1, 377.1);GATE
Port:(592.2, 232.2)(649.6, 232.2)(649.6, 237.4)(592.2, 237.4);SD
Module:M31
Boundary:(218.2, 260.5)(292.8, 260.5)(292.8, 260.6)(312.2, 260.6)(312.2, 372.8)(218.2, 372.8);GATE
Port:(232.1, 368.0)(298.4, 368.0)(298.4, 372.8)(232.1, 372.8);SD
Port:(218.2, 260.5)(292.8, 260.5)(292.8, 260.6)(312.2, 260.6)(312.2, 365.0)(218.2, 365.0);GATE
Port:(223.8, 265.0)(287.2, 265.0)(287.2, 270.9)(223.8, 270.9);SD
Module:M43
Boundary:(86.2, 282.2)(185.4, 282.2)(185.4, 466.0)(86.2, 466.0);GATE
Port:(98.9, 460.8)(172.7, 460.8)(172.7, 466.0)(98.9, 466.0);SD
Port:(86.2, 282.2)(185.4, 282.2)(185.4, 459.0)(86.2, 459.0);GATE
Port:(92.4, 287.4)(179.2, 287.4)(179.2, 291.6)(92.4, 291.6);SD
Module:M42
Boundary:(714.0, 410.1)(714.0, 474.3)(594.3, 474.3)(594.3, 488.9)(489.3, 488.9)(489.3, 410.1);GATE
Port:(489.3, 423.0)(495.1, 423.0)(495.1, 476.0)(489.3, 476.0);SD
Port:(714.0, 410.1)(714.0, 474.3)(594.3, 474.3)(594.3, 488.9)(497.0, 488.9)(497.0, 410.1);GATE
Port:(703.5, 415.2)(709.9, 415.2)(709.9, 468.2)(703.5, 468.2);SD
Module:M16
Boundary:(814.9, 362.3)(921.3, 362.3)(921.3, 405.9)(937.6, 405.9)(937.6, 477.2)(814.9, 477.2);GATE
Port:(829.2, 471.2)(923.3, 471.2)(923.3, 477.2)(829.2, 477.2);SD
Port:(814.9, 362.3)(921.3, 362.3)(921.3, 405.9)(937.6, 405.9)(937.6, 468.9)(814.9, 468.9);GATE
Port:(820.3, 366.7)(914.9, 366.7)(914.9, 374.2)(820.3, 374.2);SD
Module:M25
Boundary:(714.5, 351.7)(780.6, 351.7)(780.6, 499.5)(714.5, 499.5);GATE
Port:(727.7, 495.0)(767.4, 495.0)(767.4, 499.5)(727.7, 499.5);SD
Port:(714.5, 351.7)(780.6, 351.7)(780.6, 493.3)(714.5, 493.3);GATE
Port:(720.0, 356.2)(775.1, 356.2)(775.1, 363.3)(720.0, 363.3);SD
Module:M34
Boundary:(352.6, 438.4)(352.6, 537.5)(277.3, 537.5)(277.3, 551.7)(217.9, 551.7)(217.9, 438.4);GATE
Port:(217.9, 453.6)(223.3, 453.6)(223.3, 536.5)(217.9, 536.5);SD
Port:(352.6, 438.4)(352.6, 537.5)(277.3, 537.5)(277.3, 551.7)(225.6, 551.7)(225.6, 438.4);GATE
Port:(339.1, 445.2)(346.8, 445.2)(346.8, 529.7)(339.1, 529.7);SD
Module:M35
Boundary:(362.3, 394.2)(442.7, 394.2)(442.7, 586.1)(362.3, 586.1);GATE
Port:(376.1, 581.2)(428.9, 581.2)(428.9, 586.1)(376.1, 586.1);SD
Port:(362.3, 394.2)(442.7, 394.2)(442.7, 578.8)(362.3, 578.8);GATE
Port:(368.2, 399.1)(436.8, 399.1)(436.8, 405.6)(368.2, 405.6);SD
Module:M38
Boundary:(781.9, 518.8)(781.9, 575.2)(699.4, 575.2)(699.4, 591.4)(637.4, 591.4)(637.4, 518.8);GATE
Port:(637.4, 534.5)(642.0, 534.5)(642.0, 575.7)(637.4, 575.7);SD
Port:(781.9, 518.8)(781.9, 575.2)(699.4, 575.2)(699.4, 591.4)(644.3, 591.4)(644.3, 518.8);GATE
Port:(768.9, 525.6)(776.1, 525.6)(776.1, 567.4)(768.9, 567.4);SD
Module:M21
Boundary:(912.8, 533.5)(912.8, 613.8)(817.0, 613.8)(817.0, 533.5);GATE
Port:(817.0, 546.6)(821.4, 546.6)(821.4, 600.7)(817.0, 600.7);SD
Port:(912.8, 533.5)(912.8, 613.8)(823.1, 613.8)(823.1, 533.5);GATE
Port:(902.3, 540.0)(907.3, 540.0)(907.3, 607.3)(902.3, 607.3);SD
Module:M41
Boundary:(626.9, 510.5)(626.9, 576.9)(626.6, 576.9)(626.6, 593.2)(479.7, 593.2)(479.7, 510.5);GATE
Port:(479.7, 523.8)(485.4, 523.8)(485.4, 579.9)(479.7, 579.9);SD
Port:(626.9, 510.5)(626.9, 576.9)(626.6, 576.9)(626.6, 593.2)(487.7, 593.2)(487.7, 510.5);GATE
Port:(616.2, 516.2)(622.2, 516.2)(622.2, 571.2)(616.2, 571.2);SD
Module:M12
Boundary:(40.3, 468.6)(135.7, 468.6)(135.7, 552.4)(150.0, 552.4)(150.0, 632.6)(40.3, 632.6);GATE
Port:(53.3, 627.3)(137.0, 627.3)(137.0, 632.6)(53.3, 632.6);SD
Port:(40.3, 468.6)(135.7, 468.6)(135.7, 552.4)(150.0, 552.4)(150.0, 625.4)(40.3, 625.4);GATE
Port:(45.7, 473.0)(129.3, 473.0)(129.3, 480.0)(45.7, 480.0);SD
Module:M44
Boundary:(770.6, 603.8)(770.6, 668.7)(759.7, 668.7)(759.7, 683.4)(640.8, 683.4)(640.8, 603.8);GATE
Port:(640.8, 616.1)(646.2, 616.1)(646.2, 671.1)(640.8, 671.1);SD
Port:(770.6, 603.8)(770.6, 668.7)(759.7, 668.7)(759.7, 683.4)(647.6, 683.4)(647.6, 603.8);GATE
Port:(760.2, 609.8)(765.6, 609.8)(765.6, 661.7)(760.2, 661.7);SD
Module:M39
Boundary:(877.6, 620.0)(877.6, 689.6)(877.6, 689.6)(877.6, 703.0)(792.4, 703.0)(792.4, 620.0);GATE
Port:(792.4, 631.5)(796.7, 631.5)(796.7, 691.5)(792.4, 691.5);SD
Port:(877.6, 620.0)(877.6, 689.6)(877.6, 689.6)(877.6, 703.0)(798.6, 703.0)(798.6, 620.0);GATE
Port:(867.7, 625.5)(873.1, 625.5)(873.1, 684.1)(867.7, 684.1);SD
Module:M28
Boundary:(639.4, 593.3)(639.4, 685.5)(583.2, 685.5)(583.2, 699.5)(502.6, 699.5)(502.6, 593.3);GATE
Port:(502.6, 605.5)(508.5, 605.5)(508.5, 687.3)(502.6, 687.3);SD
Port:(639.4, 593.3)(639.4, 685.5)(583.2, 685.5)(583.2, 699.5)(510.9, 699.5)(510.9, 593.3);GATE
Port:(629.2, 599.0)(634.7, 599.0)(634.7, 678.8)(629.2, 678.8);SD
Module:M19
Boundary:(180.7, 565.2)(281.1, 565.2)(281.1, 565.4)(297.6, 565.4)(297.6, 791.5)(180.7, 791.5);GATE
Port:(194.6, 786.0)(283.7, 786.0)(283.7, 791.5)(194.6, 791.5);SD
Port:(180.7, 565.2)(281.1, 565.2)(281.1, 565.4)(297.6, 565.4)(297.6, 783.7)(180.7, 783.7);GATE
Port:(187.1, 570.6)(274.7, 570.6)(274.7, 576.4)(187.1, 576.4);SD
Module:M29
Boundary:(750.0, 730.5)(750.0, 789.9)(611.3, 789.9)(611.3, 730.5);GATE
Port:(611.3, 742.0)(615.8, 742.0)(615.8, 778.4)(611.3, 778.4);SD
Port:(750.0, 730.5)(750.0, 789.9)(617.5, 789.9)(617.5, 730.5);GATE
Port:(740.3, 735.9)(745.6, 735.9)(745.6, 784.5)(740.3, 784.5);SD
Module:M3
Boundary:(368.4, 592.9)(453.2, 592.9)(453.2, 593.2)(469.7, 593.2)(469.7, 823.1)(368.4, 823.1);GATE
Port:(382.3, 818.2)(455.8, 818.2)(455.8, 823.1)(382.3, 823.1);SD
Port:(368.4, 592.9)(453.2, 592.9)(453.2, 593.2)(469.7, 593.2)(469.7, 816.6)(368.4, 816.6);GATE
Port:(374.1, 597.6)(447.5, 597.6)(447.5, 604.7)(374.1, 604.7);SD
Module:M14
Boundary:(809.7, 748.8)(914.5, 748.8)(914.5, 821.5)(809.7, 821.5);GATE
Port:(823.0, 816.0)(901.2, 816.0)(901.2, 821.5)(823.0, 821.5);SD
Port:(809.7, 748.8)(914.5, 748.8)(914.5, 813.1)(809.7, 813.1);GATE
Port:(815.6, 753.7)(908.6, 753.7)(908.6, 758.8)(815.6, 758.8);SD
Module:M23
Boundary:(282.7, 800.9)(282.7, 851.8)(282.5, 851.8)(282.5, 868.8)(181.1, 868.8)(181.1, 800.9);GATE
Port:(181.1, 814.4)(185.3, 814.4)(185.3, 855.3)(181.1, 855.3);SD
Port:(282.7, 800.9)(282.7, 851.8)(282.5, 851.8)(282.5, 868.8)(186.5, 868.8)(186.5, 800.9);GATE
Port:(271.8, 805.9)(278.7, 805.9)(278.7, 846.8)(271.8, 846.8);SD
Module:M26
Boundary:(484.1, 784.6)(541.9, 784.6)(541.9, 816.9)(559.8, 816.9)(559.8, 917.5)(484.1, 917.5);GATE
Port:(499.1, 912.3)(544.8, 912.3)(544.8, 917.5)(499.1, 917.5);SD
Port:(484.1, 784.6)(541.9, 784.6)(541.9, 816.9)(559.8, 816.9)(559.8, 910.9)(484.1, 910.9);GATE
Port:(491.0, 790.5)(534.0, 790.5)(534.0, 796.2)(491.0, 796.2);SD
Module:M7
Boundary:(84.1, 636.0)(176.4, 636.0)(176.4, 636.6)(194.8, 636.6)(194.8, 855.9)(84.1, 855.9);GATE
Port:(99.1, 851.4)(179.8, 851.4)(179.8, 855.9)(99.1, 855.9);SD
Port:(84.1, 636.0)(176.4, 636.0)(176.4, 636.6)(194.8, 636.6)(194.8, 849.2)(84.1, 849.2);GATE
Port:(89.8, 640.7)(170.7, 640.7)(170.7, 647.6)(89.8, 647.6);SD
Module:M32
Boundary:(757.8, 796.1)(757.8, 860.7)(716.4, 860.7)(716.4, 874.3)(595.2, 874.3)(595.2, 796.1);GATE
Port:(595.2, 810.3)(599.7, 810.3)(599.7, 860.1)(595.2, 860.1);SD
Port:(757.8, 796.1)(757.8, 860.7)(716.4, 860.7)(716.4, 874.3)(601.5, 874.3)(601.5, 796.1);GATE
Port:(745.5, 802.7)(752.2, 802.7)(752.2, 853.1)(745.5, 853.1);SD
Module:M27
Boundary:(478.0, 823.3)(478.0, 874.3)(478.0, 874.3)(478.0, 890.3)(354.3, 890.3)(354.3, 823.3);GATE
Port:(354.3, 837.2)(360.3, 837.2)(360.3, 876.4)(354.3, 876.4);SD
Port:(478.0, 823.3)(478.0, 874.3)(478.0, 874.3)(478.0, 890.3)(362.3, 890.3)(362.3, 823.3);GATE
Port:(466.4, 829.2)(473.1, 829.2)(473.1, 868.4)(466.4, 868.4);SD
Module:M13
Boundary:(302.1, 918.3)(302.1, 973.1)(86.3, 973.1)(86.3, 918.3);GATE
Port:(86.3, 933.4)(90.6, 933.4)(90.6, 958.0)(86.3, 958.0);SD
Port:(302.1, 918.3)(302.1, 973.1)(92.6, 973.1)(92.6, 918.3);GATE
Port:(289.7, 924.7)(296.7, 924.7)(296.7, 966.7)(289.7, 966.7);SD
Module:M18
Boundary:(828.2, 791.1)(911.2, 791.1)(911.2, 821.5)(925.7, 821.5)(925.7, 969.4)(828.2, 969.4);GATE
Port:(842.9, 964.8)(911.0, 964.8)(911.0, 969.4)(842.9, 969.4);SD
Port:(828.2, 791.1)(911.2, 791.1)(911.2, 821.5)(925.7, 821.5)(925.7, 963.1)(828.2, 963.1);GATE
Port:(834.4, 796.3)(904.0, 796.3)(904.0, 802.9)(834.4, 802.9);SD
Module:M45
Boundary:(547.9, 928.0)(582.6, 928.0)(582.6, 928.0)(598.2, 928.0)(598.2, 1024.2)(547.9, 1024.2);GATE
Port:(561.9, 1019.0)(584.2, 1019.0)(584.2, 1024.2)(561.9, 1024.2);SD
Port:(547.9, 928.0)(582.6, 928.0)(582.6, 928.0)(598.2, 928.0)(598.2, 1016.2)(547.9, 1016.2);GATE
Port:(554.7, 933.8)(575.8, 933.8)(575.8, 939.3)(554.7, 939.3);SD
Module:M10
Boundary:(759.8, 932.5)(759.8, 1015.6)(733.9, 1015.6)(733.9, 1030.5)(602.9, 1030.5)(602.9, 932.5);GATE
Port:(602.9, 945.9)(608.8, 945.9)(608.8, 1017.1)(602.9, 1017.1);SD
Port:(759.8, 932.5)(759.8, 1015.6)(733.9, 1015.6)(733.9, 1030.5)(610.4, 1030.5)(610.4, 932.5);GATE
Port:(748.5, 939.4)(753.9, 939.4)(753.9, 1007.7)(748.5, 1007.7);SD
Module:M17
Boundary:(302.2, 950.4)(372.8, 950.4)(372.8, 1146.9)(302.2, 1146.9);GATE
Port:(316.8, 1141.4)(358.2, 1141.4)(358.2, 1146.9)(316.8, 1146.9);SD
Port:(302.2, 950.4)(372.8, 950.4)(372.8, 1139.6)(302.2, 1139.6);GATE
Port:(307.8, 955.0)(367.2, 955.0)(367.2, 962.1)(307.8, 962.1);SD
Module:M40
Boundary:(444.6, 983.2)(514.9, 983.2)(514.9, 1053.3)(530.8, 1053.3)(530.8, 1184.5)(444.6, 1184.5);GATE
Port:(459.0, 1179.8)(516.4, 1179.8)(516.4, 1184.5)(459.0, 1184.5);SD
Port:(444.6, 983.2)(514.9, 983.2)(514.9, 1053.3)(530.8, 1053.3)(530.8, 1176.9)(444.6, 1176.9);GATE
Port:(450.5, 988.1)(508.0, 988.1)(508.0, 994.2)(450.5, 994.2);SD
Module:M2
Boundary:(37.9, 981.8)(94.1, 981.8)(94.1, 991.5)(108.9, 991.5)(108.9, 1105.8)(37.9, 1105.8);GATE
Port:(53.3, 1101.3)(93.5, 1101.3)(93.5, 1105.8)(53.3, 1105.8);SD
Port:(37.9, 981.8)(94.1, 981.8)(94.1, 991.5)(108.9, 991.5)(108.9, 1099.8)(37.9, 1099.8);GATE
Port:(44.7, 987.6)(85.3, 987.6)(85.3, 994.2)(44.7, 994.2);SD
Module:M33
Boundary:(759.2, 1078.4)(759.2, 1141.0)(758.9, 1141.0)(758.9, 1156.0)(554.6, 1156.0)(554.6, 1078.4);GATE
Port:(554.6, 1091.6)(560.0, 1091.6)(560.0, 1142.8)(554.6, 1142.8);SD
Port:(759.2, 1078.4)(759.2, 1141.0)(758.9, 1141.0)(758.9, 1156.0)(562.1, 1156.0)(562.1, 1078.4);GATE
Port:(748.3, 1083.7)(754.9, 1083.7)(754.9, 1135.7)(748.3, 1135.7);SD
Module:M8
Boundary:(187.9, 1014.9)(285.7, 1014.9)(285.7, 1058.9)(300.6, 1058.9)(300.6, 1148.2)(187.9, 1148.2);GATE
Port:(200.5, 1142.3)(288.0, 1142.3)(288.0, 1148.2)(200.5, 1148.2);SD
Port:(187.9, 1014.9)(285.7, 1014.9)(285.7, 1058.9)(300.6, 1058.9)(300.6, 1140.3)(187.9, 1140.3);GATE
Port:(194.2, 1020.2)(278.4, 1020.2)(278.4, 1025.5)(194.2, 1025.5);SD
Module:M9
Boundary:(928.2, 1111.5)(928.2, 1167.4)(928.1, 1167.4)(928.1, 1185.2)(768.1, 1185.2)(768.1, 1111.5);GATE
Port:(768.1, 1127.1)(773.0, 1127.1)(773.0, 1169.6)(768.1, 1169.6);SD
Port:(928.2, 1111.5)(928.2, 1167.4)(928.1, 1167.4)(928.1, 1185.2)(774.6, 1185.2)(774.6, 1111.5);GATE
Port:(915.8, 1117.6)(923.1, 1117.6)(923.1, 1161.3)(915.8, 1161.3);SD
