Area:(-20.0, -20.0)(724.0, -20.0)(724.0, 1771.0)(-20.0, 1771.0)
Rule:GATE(5,5);SD(5,5);GATE_SD(0.5);GATE_ITO(0.5);SD_ITO(0.5)
Module:M14
Boundary:(684.0, 1437.0)(684.0, 1548.5)(672.0, 1548.5)(672.0, 1564.0)(562.0, 1564.0)(562.0, 1437.0);GATE
Port:(562.0, 1451.5)(572.0, 1451.5)(572.0, 1549.5)(562.0, 1549.5);SD
Port:(684.0, 1437.0)(684.0, 1548.5)(672.0, 1548.5)(672.0, 1564.0)(577.0, 1564.0)(577.0, 1437.0);GATE
Port:(675.0, 1447.0)(679.0, 1447.0)(679.0, 1534.0)(675.0, 1534.0);SD
Module:M9
Boundary:(246.0, 1287.0)(322.0, 1287.0)(322.0, 1295.0)(337.0, 1295.0)(337.0, 1393.0)(246.0, 1393.0);GATE
Port:(260.5, 1383.0)(322.5, 1383.0)(322.5, 1393.0)(260.5, 1393.0);SD
Port:(246.0, 1287.0)(322.0, 1287.0)(322.0, 1295.0)(337.0, 1295.0)(337.0, 1378.0)(246.0, 1378.0);GATE
Port:(256.0, 1292.0)(307.0, 1292.0)(307.0, 1296.0)(256.0, 1296.0);SD
Module:M5
Boundary:(422.0, 1604.0)(422.0, 1715.5)(410.0, 1715.5)(410.0, 1731.0)(246.0, 1731.0)(246.0, 1604.0);GATE
Port:(246.0, 1618.5)(256.0, 1618.5)(256.0, 1716.5)(246.0, 1716.5);SD
Port:(422.0, 1604.0)(422.0, 1715.5)(410.0, 1715.5)(410.0, 1731.0)(261.0, 1731.0)(261.0, 1604.0);GATE
Port:(413.0, 1614.0)(417.0, 1614.0)(417.0, 1701.0)(413.0, 1701.0);SD
Module:M11
Boundary:(235.0, 517.0)(308.0, 517.0)(308.0, 582.0)(235.0, 582.0);GATE
Port:(249.5, 572.0)(293.5, 572.0)(293.5, 582.0)(249.5, 582.0);SD
Port:(235.0, 517.0)(308.0, 517.0)(308.0, 567.0)(235.0, 567.0);GATE
Port:(245.0, 522.0)(298.0, 522.0)(298.0, 526.0)(245.0, 526.0);SD
Module:M1
Boundary:(20.0, 20.0)(113.5, 20.0)(113.5, 30.0)(129.0, 30.0)(129.0, 157.0)(20.0, 157.0);GATE
Port:(34.5, 147.0)(114.5, 147.0)(114.5, 157.0)(34.5, 157.0);SD
Port:(20.0, 20.0)(113.5, 20.0)(113.5, 30.0)(129.0, 30.0)(129.0, 142.0)(20.0, 142.0);GATE
Port:(30.0, 25.0)(99.0, 25.0)(99.0, 29.0)(30.0, 29.0);SD
Module:M38
Boundary:(185.0, 538.0)(185.0, 667.5)(175.0, 667.5)(175.0, 701.0)(30.0, 701.0)(30.0, 538.0);GATE
Port:(30.0, 552.5)(40.0, 552.5)(40.0, 686.5)(30.0, 686.5);SD
Port:(185.0, 538.0)(185.0, 667.5)(175.0, 667.5)(175.0, 701.0)(45.0, 701.0)(45.0, 538.0);GATE
Port:(176.0, 548.0)(180.0, 548.0)(180.0, 653.0)(176.0, 653.0);SD
Module:M40
Boundary:(365.0, 1092.0)(365.0, 1221.5)(351.0, 1221.5)(351.0, 1237.0)(198.0, 1237.0)(198.0, 1092.0);GATE
Port:(198.0, 1106.5)(208.0, 1106.5)(208.0, 1222.5)(198.0, 1222.5);SD
Port:(365.0, 1092.0)(365.0, 1221.5)(351.0, 1221.5)(351.0, 1237.0)(213.0, 1237.0)(213.0, 1092.0);GATE
Port:(356.0, 1102.0)(360.0, 1102.0)(360.0, 1207.0)(356.0, 1207.0);SD
Module:M35
Boundary:(298.0, 340.0)(298.0, 433.5)(254.3, 433.5)(254.3, 467.0)(191.0, 467.0)(191.0, 340.0);GATE
Port:(191.0, 354.5)(201.0, 354.5)(201.0, 452.5)(191.0, 452.5);SD
Port:(298.0, 340.0)(298.0, 433.5)(254.3, 433.5)(254.3, 467.0)(206.0, 467.0)(206.0, 340.0);GATE
Port:(289.0, 350.0)(293.0, 350.0)(293.0, 419.0)(289.0, 419.0);SD
Module:M32
Boundary:(401.0, 766.0)(401.0, 859.5)(307.0, 859.5)(307.0, 911.0)(237.0, 911.0)(237.0, 766.0);GATE
Port:(237.0, 780.5)(247.0, 780.5)(247.0, 896.5)(237.0, 896.5);SD
Port:(401.0, 766.0)(401.0, 859.5)(307.0, 859.5)(307.0, 911.0)(252.0, 911.0)(252.0, 766.0);GATE
Port:(392.0, 776.0)(396.0, 776.0)(396.0, 845.0)(392.0, 845.0);SD
Module:M27
Boundary:(141.0, 361.0)(141.0, 472.5)(123.0, 472.5)(123.0, 488.0)(20.0, 488.0)(20.0, 361.0);GATE
Port:(20.0, 375.5)(30.0, 375.5)(30.0, 473.5)(20.0, 473.5);SD
Port:(141.0, 361.0)(141.0, 472.5)(123.0, 472.5)(123.0, 488.0)(35.0, 488.0)(35.0, 361.0);GATE
Port:(132.0, 371.0)(136.0, 371.0)(136.0, 458.0)(132.0, 458.0);SD
Module:M24
Boundary:(427.0, 951.0)(427.0, 1027.0)(419.0, 1027.0)(419.0, 1042.0)(237.0, 1042.0)(237.0, 951.0);GATE
Port:(237.0, 965.5)(247.0, 965.5)(247.0, 1027.5)(237.0, 1027.5);SD
Port:(427.0, 951.0)(427.0, 1027.0)(419.0, 1027.0)(419.0, 1042.0)(252.0, 1042.0)(252.0, 951.0);GATE
Port:(418.0, 961.0)(422.0, 961.0)(422.0, 1012.0)(418.0, 1012.0);SD
Module:M19
Boundary:(463.0, 610.0)(539.0, 610.0)(539.0, 618.0)(554.0, 618.0)(554.0, 750.0)(463.0, 750.0);GATE
Port:(477.5, 740.0)(539.5, 740.0)(539.5, 750.0)(477.5, 750.0);SD
Port:(463.0, 610.0)(539.0, 610.0)(539.0, 618.0)(554.0, 618.0)(554.0, 735.0)(463.0, 735.0);GATE
Port:(473.0, 615.0)(524.0, 615.0)(524.0, 619.0)(473.0, 619.0);SD
Module:M6
Boundary:(246.0, 1455.0)(339.5, 1455.0)(339.5, 1465.0)(355.0, 1465.0)(355.0, 1561.0)(246.0, 1561.0);GATE
Port:(260.5, 1551.0)(340.5, 1551.0)(340.5, 1561.0)(260.5, 1561.0);SD
Port:(246.0, 1455.0)(339.5, 1455.0)(339.5, 1465.0)(355.0, 1465.0)(355.0, 1546.0)(246.0, 1546.0);GATE
Port:(256.0, 1460.0)(325.0, 1460.0)(325.0, 1464.0)(256.0, 1464.0);SD
Module:M21
Boundary:(467.0, 944.0)(578.5, 944.0)(578.5, 1000.0)(684.0, 1000.0)(684.0, 1053.0)(467.0, 1053.0);GATE
Port:(481.5, 1043.0)(669.5, 1043.0)(669.5, 1053.0)(481.5, 1053.0);SD
Port:(467.0, 944.0)(578.5, 944.0)(578.5, 1000.0)(684.0, 1000.0)(684.0, 1038.0)(467.0, 1038.0);GATE
Port:(477.0, 949.0)(564.0, 949.0)(564.0, 953.0)(477.0, 953.0);SD
Module:M2
Boundary:(561.0, 211.0)(654.5, 211.0)(654.5, 221.0)(670.0, 221.0)(670.0, 356.0)(561.0, 356.0);GATE
Port:(575.5, 346.0)(655.5, 346.0)(655.5, 356.0)(575.5, 356.0);SD
Port:(561.0, 211.0)(654.5, 211.0)(654.5, 221.0)(670.0, 221.0)(670.0, 341.0)(561.0, 341.0);GATE
Port:(571.0, 216.0)(640.0, 216.0)(640.0, 220.0)(571.0, 220.0);SD
Module:M16
Boundary:(395.0, 1455.0)(506.5, 1455.0)(506.5, 1467.0)(522.0, 1467.0)(522.0, 1564.0)(395.0, 1564.0);GATE
Port:(409.5, 1554.0)(507.5, 1554.0)(507.5, 1564.0)(409.5, 1564.0);SD
Port:(395.0, 1455.0)(506.5, 1455.0)(506.5, 1467.0)(522.0, 1467.0)(522.0, 1549.0)(395.0, 1549.0);GATE
Port:(405.0, 1460.0)(492.0, 1460.0)(492.0, 1464.0)(405.0, 1464.0);SD
Module:M13
Boundary:(537.0, 1322.0)(630.5, 1322.0)(630.5, 1341.1)(682.0, 1341.1)(682.0, 1397.0)(537.0, 1397.0);GATE
Port:(551.5, 1387.0)(667.5, 1387.0)(667.5, 1397.0)(551.5, 1397.0);SD
Port:(537.0, 1322.0)(630.5, 1322.0)(630.5, 1341.1)(682.0, 1341.1)(682.0, 1382.0)(537.0, 1382.0);GATE
Port:(547.0, 1327.0)(616.0, 1327.0)(616.0, 1331.0)(547.0, 1331.0);SD
Module:M10
Boundary:(430.0, 20.0)(430.0, 149.5)(416.0, 149.5)(416.0, 165.0)(354.0, 165.0)(354.0, 20.0);GATE
Port:(354.0, 34.5)(364.0, 34.5)(364.0, 150.5)(354.0, 150.5);SD
Port:(430.0, 20.0)(430.0, 149.5)(416.0, 149.5)(416.0, 165.0)(369.0, 165.0)(369.0, 20.0);GATE
Port:(421.0, 30.0)(425.0, 30.0)(425.0, 135.0)(421.0, 135.0);SD
Module:M37
Boundary:(676.0, 406.0)(676.0, 553.5)(660.0, 553.5)(660.0, 569.0)(573.0, 569.0)(573.0, 406.0);GATE
Port:(573.0, 420.5)(583.0, 420.5)(583.0, 554.5)(573.0, 554.5);SD
Port:(676.0, 406.0)(676.0, 553.5)(660.0, 553.5)(660.0, 569.0)(588.0, 569.0)(588.0, 406.0);GATE
Port:(667.0, 416.0)(671.0, 416.0)(671.0, 539.0)(667.0, 539.0);SD
Module:M34
Boundary:(649.0, 1604.0)(649.0, 1697.5)(565.2, 1697.5)(565.2, 1731.0)(462.0, 1731.0)(462.0, 1604.0);GATE
Port:(462.0, 1618.5)(472.0, 1618.5)(472.0, 1716.5)(462.0, 1716.5);SD
Port:(649.0, 1604.0)(649.0, 1697.5)(565.2, 1697.5)(565.2, 1731.0)(477.0, 1731.0)(477.0, 1604.0);GATE
Port:(640.0, 1614.0)(644.0, 1614.0)(644.0, 1683.0)(640.0, 1683.0);SD
Module:M29
Boundary:(30.0, 1446.0)(159.5, 1446.0)(159.5, 1460.0)(175.0, 1460.0)(175.0, 1605.0)(30.0, 1605.0);GATE
Port:(44.5, 1595.0)(160.5, 1595.0)(160.5, 1605.0)(44.5, 1605.0);SD
Port:(30.0, 1446.0)(159.5, 1446.0)(159.5, 1460.0)(175.0, 1460.0)(175.0, 1590.0)(30.0, 1590.0);GATE
Port:(40.0, 1451.0)(145.0, 1451.0)(145.0, 1455.0)(40.0, 1455.0);SD
Module:M7
Boundary:(237.0, 622.0)(310.0, 622.0)(310.0, 726.0)(237.0, 726.0);GATE
Port:(251.5, 716.0)(295.5, 716.0)(295.5, 726.0)(251.5, 726.0);SD
Port:(237.0, 622.0)(310.0, 622.0)(310.0, 711.0)(237.0, 711.0);GATE
Port:(247.0, 627.0)(300.0, 627.0)(300.0, 631.0)(247.0, 631.0);SD
Module:M31
Boundary:(148.0, 965.0)(148.0, 1040.5)(81.0, 1040.5)(81.0, 1200.0)(20.0, 1200.0)(20.0, 965.0);GATE
Port:(20.0, 979.5)(30.0, 979.5)(30.0, 1185.5)(20.0, 1185.5);SD
Port:(148.0, 965.0)(148.0, 1040.5)(81.0, 1040.5)(81.0, 1200.0)(35.0, 1200.0)(35.0, 965.0);GATE
Port:(139.0, 975.0)(143.0, 975.0)(143.0, 1026.0)(139.0, 1026.0);SD
Module:M3
Boundary:(169.0, 20.0)(298.5, 20.0)(298.5, 34.0)(314.0, 34.0)(314.0, 133.0)(169.0, 133.0);GATE
Port:(183.5, 123.0)(299.5, 123.0)(299.5, 133.0)(183.5, 133.0);SD
Port:(169.0, 20.0)(298.5, 20.0)(298.5, 34.0)(314.0, 34.0)(314.0, 118.0)(169.0, 118.0);GATE
Port:(179.0, 25.0)(284.0, 25.0)(284.0, 29.0)(179.0, 29.0);SD
Module:M26
Boundary:(360.0, 440.0)(507.5, 440.0)(507.5, 456.0)(523.0, 456.0)(523.0, 560.0)(360.0, 560.0);GATE
Port:(374.5, 550.0)(508.5, 550.0)(508.5, 560.0)(374.5, 560.0);SD
Port:(360.0, 440.0)(507.5, 440.0)(507.5, 456.0)(523.0, 456.0)(523.0, 545.0)(360.0, 545.0);GATE
Port:(370.0, 445.0)(493.0, 445.0)(493.0, 449.0)(370.0, 449.0);SD
Module:M23
Boundary:(20.0, 751.0)(93.0, 751.0)(93.0, 925.0)(20.0, 925.0);GATE
Port:(34.5, 915.0)(78.5, 915.0)(78.5, 925.0)(34.5, 925.0);SD
Port:(20.0, 751.0)(93.0, 751.0)(93.0, 910.0)(20.0, 910.0);GATE
Port:(30.0, 756.0)(83.0, 756.0)(83.0, 760.0)(30.0, 760.0);SD
Module:M18
Boundary:(169.0, 173.0)(280.5, 173.0)(280.5, 185.0)(296.0, 185.0)(296.0, 290.0)(169.0, 290.0);GATE
Port:(183.5, 280.0)(281.5, 280.0)(281.5, 290.0)(183.5, 290.0);SD
Port:(169.0, 173.0)(280.5, 173.0)(280.5, 185.0)(296.0, 185.0)(296.0, 275.0)(169.0, 275.0);GATE
Port:(179.0, 178.0)(266.0, 178.0)(266.0, 182.0)(179.0, 182.0);SD
Module:M20
Boundary:(684.0, 1093.0)(684.0, 1168.5)(636.8, 1168.5)(636.8, 1274.0)(564.0, 1274.0)(564.0, 1093.0);GATE
Port:(564.0, 1107.5)(574.0, 1107.5)(574.0, 1259.5)(564.0, 1259.5);SD
Port:(684.0, 1093.0)(684.0, 1168.5)(636.8, 1168.5)(636.8, 1274.0)(579.0, 1274.0)(579.0, 1093.0);GATE
Port:(675.0, 1103.0)(679.0, 1103.0)(679.0, 1154.0)(675.0, 1154.0);SD
Module:M15
Boundary:(470.0, 20.0)(581.5, 20.0)(581.5, 89.7)(669.0, 89.7)(669.0, 161.0)(470.0, 161.0);GATE
Port:(484.5, 151.0)(654.5, 151.0)(654.5, 161.0)(484.5, 161.0);SD
Port:(470.0, 20.0)(581.5, 20.0)(581.5, 89.7)(669.0, 89.7)(669.0, 146.0)(470.0, 146.0);GATE
Port:(480.0, 25.0)(567.0, 25.0)(567.0, 29.0)(480.0, 29.0);SD
Module:M12
Boundary:(150.0, 1655.0)(150.0, 1728.0)(20.0, 1728.0)(20.0, 1655.0);GATE
Port:(20.0, 1669.5)(30.0, 1669.5)(30.0, 1713.5)(20.0, 1713.5);SD
Port:(150.0, 1655.0)(150.0, 1728.0)(35.0, 1728.0)(35.0, 1655.0);GATE
Port:(141.0, 1665.0)(145.0, 1665.0)(145.0, 1718.0)(141.0, 1718.0);SD
Module:M39
Boundary:(415.0, 1093.0)(508.5, 1093.0)(508.5, 1103.0)(524.0, 1103.0)(524.0, 1282.0)(415.0, 1282.0);GATE
Port:(429.5, 1272.0)(509.5, 1272.0)(509.5, 1282.0)(429.5, 1282.0);SD
Port:(415.0, 1093.0)(508.5, 1093.0)(508.5, 1103.0)(524.0, 1103.0)(524.0, 1267.0)(415.0, 1267.0);GATE
Port:(425.0, 1098.0)(494.0, 1098.0)(494.0, 1102.0)(425.0, 1102.0);SD
Module:M8
Boundary:(463.0, 790.0)(610.5, 790.0)(610.5, 806.0)(626.0, 806.0)(626.0, 904.0)(463.0, 904.0);GATE
Port:(477.5, 894.0)(611.5, 894.0)(611.5, 904.0)(477.5, 904.0);SD
Port:(463.0, 790.0)(610.5, 790.0)(610.5, 806.0)(626.0, 806.0)(626.0, 889.0)(463.0, 889.0);GATE
Port:(473.0, 795.0)(596.0, 795.0)(596.0, 799.0)(473.0, 799.0);SD
Module:M4
Boundary:(20.0, 197.0)(96.0, 197.0)(96.0, 205.0)(111.0, 205.0)(111.0, 321.0)(20.0, 321.0);GATE
Port:(34.5, 311.0)(96.5, 311.0)(96.5, 321.0)(34.5, 321.0);SD
Port:(20.0, 197.0)(96.0, 197.0)(96.0, 205.0)(111.0, 205.0)(111.0, 306.0)(20.0, 306.0);GATE
Port:(30.0, 202.0)(81.0, 202.0)(81.0, 206.0)(30.0, 206.0);SD
Module:M36
Boundary:(350.0, 610.0)(423.0, 610.0)(423.0, 725.0)(350.0, 725.0);GATE
Port:(364.5, 715.0)(408.5, 715.0)(408.5, 725.0)(364.5, 725.0);SD
Port:(350.0, 610.0)(423.0, 610.0)(423.0, 710.0)(350.0, 710.0);GATE
Port:(360.0, 615.0)(413.0, 615.0)(413.0, 619.0)(360.0, 619.0);SD
Module:M33
Boundary:(348.0, 205.0)(477.5, 205.0)(477.5, 216.0)(511.0, 216.0)(511.0, 390.0)(348.0, 390.0);GATE
Port:(362.5, 380.0)(496.5, 380.0)(496.5, 390.0)(362.5, 390.0);SD
Port:(348.0, 205.0)(477.5, 205.0)(477.5, 216.0)(511.0, 216.0)(511.0, 375.0)(348.0, 375.0);GATE
Port:(358.0, 210.0)(463.0, 210.0)(463.0, 214.0)(358.0, 214.0);SD
Module:M28
Boundary:(197.0, 751.0)(197.0, 898.5)(177.0, 898.5)(177.0, 914.0)(133.0, 914.0)(133.0, 751.0);GATE
Port:(133.0, 765.5)(143.0, 765.5)(143.0, 899.5)(133.0, 899.5);SD
Port:(197.0, 751.0)(197.0, 898.5)(177.0, 898.5)(177.0, 914.0)(148.0, 914.0)(148.0, 751.0);GATE
Port:(188.0, 761.0)(192.0, 761.0)(192.0, 884.0)(188.0, 884.0);SD
Module:M30
Boundary:(675.0, 619.0)(675.0, 712.5)(665.0, 712.5)(665.0, 728.0)(604.0, 728.0)(604.0, 619.0);GATE
Port:(604.0, 633.5)(614.0, 633.5)(614.0, 713.5)(604.0, 713.5);SD
Port:(675.0, 619.0)(675.0, 712.5)(665.0, 712.5)(665.0, 728.0)(619.0, 728.0)(619.0, 619.0);GATE
Port:(666.0, 629.0)(670.0, 629.0)(670.0, 698.0)(666.0, 698.0);SD
Module:M25
Boundary:(206.0, 1287.0)(206.0, 1380.5)(196.0, 1380.5)(196.0, 1396.0)(127.0, 1396.0)(127.0, 1287.0);GATE
Port:(127.0, 1301.5)(137.0, 1301.5)(137.0, 1381.5)(127.0, 1381.5);SD
Port:(206.0, 1287.0)(206.0, 1380.5)(196.0, 1380.5)(196.0, 1396.0)(142.0, 1396.0)(142.0, 1287.0);GATE
Port:(197.0, 1297.0)(201.0, 1297.0)(201.0, 1366.0)(197.0, 1366.0);SD
Module:M22
Boundary:(487.0, 1332.0)(487.0, 1405.0)(387.0, 1405.0)(387.0, 1332.0);GATE
Port:(387.0, 1346.5)(397.0, 1346.5)(397.0, 1390.5)(387.0, 1390.5);SD
Port:(487.0, 1332.0)(487.0, 1405.0)(402.0, 1405.0)(402.0, 1332.0);GATE
Port:(478.0, 1342.0)(482.0, 1342.0)(482.0, 1395.0)(478.0, 1395.0);SD
Module:M17
Boundary:(87.0, 1240.0)(87.0, 1351.5)(62.0, 1351.5)(62.0, 1385.0)(20.0, 1385.0)(20.0, 1240.0);GATE
Port:(20.0, 1254.5)(30.0, 1254.5)(30.0, 1370.5)(20.0, 1370.5);SD
Port:(87.0, 1240.0)(87.0, 1351.5)(62.0, 1351.5)(62.0, 1385.0)(35.0, 1385.0)(35.0, 1240.0);GATE
Port:(78.0, 1250.0)(82.0, 1250.0)(82.0, 1337.0)(78.0, 1337.0);SD
