Area:(-20.0, -20.0)(687.2, -20.0)(687.2, 790.1)(-20.0, 790.1)
Rule:GATE(5,5);SD(5,5);GATE_SD(0.5);GATE_ITO(0.5);SD_ITO(0.5)
Module:M14
Boundary:(430.0, 384.0)(430.0, 460.9)(417.2, 460.9)(417.2, 474.2)(278.2, 474.2)(278.2, 384.0);GATE
Port:(278.2, 397.4)(283.0, 397.4)(283.0, 460.8)(278.2, 460.8);SD
Port:(430.0, 384.0)(430.0, 460.9)(417.2, 460.9)(417.2, 474.2)(286.0, 474.2)(286.0, 384.0);GATE
Port:(418.7, 390.4)(424.6, 390.4)(424.6, 453.5)(418.7, 453.5);SD
Module:M9
Boundary:(473.5, 644.8)(473.5, 732.0)(473.2, 732.0)(473.2, 749.3)(337.8, 749.3)(337.8, 644.8);GATE
Port:(337.8, 659.2)(342.8, 659.2)(342.8, 734.9)(337.8, 734.9);SD
Port:(473.5, 644.8)(473.5, 732.0)(473.2, 732.0)(473.2, 749.3)(344.7, 749.3)(344.7, 644.8);GATE
Port:(462.5, 650.9)(468.4, 650.9)(468.4, 725.9)(462.5, 725.9);SD
Module:M5
Boundary:(418.7, 20.0)(469.0, 20.0)(469.0, 20.1)(483.5, 20.1)(483.5, 147.9)(418.7, 147.9);GATE
Port:(433.1, 143.2)(469.1, 143.2)(469.1, 147.9)(433.1, 147.9);SD
Port:(418.7, 20.0)(469.0, 20.0)(469.0, 20.1)(483.5, 20.1)(483.5, 140.7)(418.7, 140.7);GATE
Port:(425.6, 25.9)(462.1, 25.9)(462.1, 32.4)(425.6, 32.4);SD
Module:M11
Boundary:(606.3, 450.3)(606.3, 512.8)(606.2, 512.8)(606.2, 527.8)(523.6, 527.8)(523.6, 450.3);GATE
Port:(523.6, 462.8)(528.6, 462.8)(528.6, 515.3)(523.6, 515.3);SD
Port:(606.3, 450.3)(606.3, 512.8)(606.2, 512.8)(606.2, 527.8)(529.7, 527.8)(529.7, 450.3);GATE
Port:(595.6, 456.6)(601.0, 456.6)(601.0, 506.5)(595.6, 506.5);SD
Module:M1
Boundary:(150.1, 246.8)(219.5, 246.8)(219.5, 247.0)(237.6, 247.0)(237.6, 373.6)(150.1, 373.6);GATE
Port:(163.4, 367.8)(224.3, 367.8)(224.3, 373.6)(163.4, 373.6);SD
Port:(150.1, 246.8)(219.5, 246.8)(219.5, 247.0)(237.6, 247.0)(237.6, 365.7)(150.1, 365.7);GATE
Port:(155.3, 251.0)(214.3, 251.0)(214.3, 256.6)(155.3, 256.6);SD
Module:M19
Boundary:(299.1, 20.0)(363.1, 20.0)(363.1, 20.4)(378.7, 20.4)(378.7, 211.3)(299.1, 211.3);GATE
Port:(312.3, 205.4)(365.5, 205.4)(365.5, 211.3)(312.3, 211.3);SD
Port:(299.1, 20.0)(363.1, 20.0)(363.1, 20.4)(378.7, 20.4)(378.7, 204.0)(299.1, 204.0);GATE
Port:(305.5, 25.4)(356.7, 25.4)(356.7, 30.6)(305.5, 30.6);SD
Module:M6
Boundary:(113.5, 660.8)(113.5, 733.3)(79.1, 733.3)(79.1, 750.1)(20.0, 750.1)(20.0, 660.8);GATE
Port:(20.0, 675.0)(25.3, 675.0)(25.3, 735.9)(20.0, 735.9);SD
Port:(113.5, 660.8)(113.5, 733.3)(79.1, 733.3)(79.1, 750.1)(27.4, 750.1)(27.4, 660.8);GATE
Port:(102.2, 666.7)(108.6, 666.7)(108.6, 726.4)(102.2, 726.4);SD
Module:M2
Boundary:(483.6, 514.2)(483.6, 565.3)(453.3, 565.3)(453.3, 580.9)(406.8, 580.9)(406.8, 514.2);GATE
Port:(406.8, 527.4)(412.2, 527.4)(412.2, 567.7)(406.8, 567.7);SD
Port:(483.6, 514.2)(483.6, 565.3)(453.3, 565.3)(453.3, 580.9)(415.0, 580.9)(415.0, 514.2);GATE
Port:(473.1, 519.6)(479.2, 519.6)(479.2, 558.9)(473.1, 558.9);SD
Module:M16
Boundary:(523.5, 20.0)(634.0, 20.0)(634.0, 166.8)(523.5, 166.8);GATE
Port:(537.5, 160.9)(620.0, 160.9)(620.0, 166.8)(537.5, 166.8);SD
Port:(523.5, 20.0)(634.0, 20.0)(634.0, 159.8)(523.5, 159.8);GATE
Port:(528.5, 24.0)(629.0, 24.0)(629.0, 30.7)(528.5, 30.7);SD
Module:M13
Boundary:(523.6, 567.8)(629.5, 567.8)(629.5, 568.1)(647.1, 568.1)(647.1, 749.4)(523.6, 749.4);GATE
Port:(537.6, 745.0)(633.1, 745.0)(633.1, 749.4)(537.6, 749.4);SD
Port:(523.6, 567.8)(629.5, 567.8)(629.5, 568.1)(647.1, 568.1)(647.1, 743.6)(523.6, 743.6);GATE
Port:(529.6, 572.8)(623.5, 572.8)(623.5, 579.0)(529.6, 579.0);SD
Module:M10
Boundary:(161.9, 413.6)(224.8, 413.6)(224.8, 519.1)(238.2, 519.1)(238.2, 614.6)(161.9, 614.6);GATE
Port:(175.4, 609.7)(224.7, 609.7)(224.7, 614.6)(175.4, 614.6);SD
Port:(161.9, 413.6)(224.8, 413.6)(224.8, 519.1)(238.2, 519.1)(238.2, 606.8)(161.9, 606.8);GATE
Port:(168.8, 419.5)(216.9, 419.5)(216.9, 424.8)(168.8, 424.8);SD
Module:M7
Boundary:(647.2, 359.7)(647.2, 395.3)(647.1, 395.3)(647.1, 410.3)(470.0, 410.3)(470.0, 359.7);GATE
Port:(470.0, 373.7)(475.4, 373.7)(475.4, 396.3)(470.0, 396.3);SD
Port:(647.2, 359.7)(647.2, 395.3)(647.1, 395.3)(647.1, 410.3)(477.0, 410.3)(477.0, 359.7);GATE
Port:(634.9, 366.3)(641.6, 366.3)(641.6, 388.7)(634.9, 388.7);SD
Module:M3
Boundary:(297.8, 654.6)(297.8, 746.7)(161.9, 746.7)(161.9, 654.6);GATE
Port:(161.9, 667.3)(165.9, 667.3)(165.9, 734.0)(161.9, 734.0);SD
Port:(297.8, 654.6)(297.8, 746.7)(168.4, 746.7)(168.4, 654.6);GATE
Port:(287.9, 660.4)(293.0, 660.4)(293.0, 740.9)(287.9, 740.9);SD
Module:M18
Boundary:(20.0, 215.8)(88.2, 215.8)(88.2, 231.3)(103.9, 231.3)(103.9, 395.5)(20.0, 395.5);GATE
Port:(33.7, 390.2)(90.2, 390.2)(90.2, 395.5)(33.7, 395.5);SD
Port:(20.0, 215.8)(88.2, 215.8)(88.2, 231.3)(103.9, 231.3)(103.9, 387.6)(20.0, 387.6);GATE
Port:(26.4, 221.2)(80.8, 221.2)(80.8, 226.5)(26.4, 226.5);SD
Module:M20
Boundary:(630.8, 206.8)(630.8, 305.0)(510.7, 305.0)(510.7, 319.7)(432.8, 319.7)(432.8, 206.8);GATE
Port:(432.8, 220.4)(438.1, 220.4)(438.1, 306.1)(432.8, 306.1);SD
Port:(630.8, 206.8)(630.8, 305.0)(510.7, 305.0)(510.7, 319.7)(440.6, 319.7)(440.6, 206.8);GATE
Port:(619.9, 212.8)(625.8, 212.8)(625.8, 298.0)(619.9, 298.0);SD
Module:M15
Boundary:(278.2, 514.2)(349.3, 514.2)(349.3, 514.4)(366.8, 514.4)(366.8, 604.8)(278.2, 604.8);GATE
Port:(293.0, 600.0)(352.0, 600.0)(352.0, 604.8)(293.0, 604.8);SD
Port:(278.2, 514.2)(349.3, 514.2)(349.3, 514.4)(366.8, 514.4)(366.8, 598.6)(278.2, 598.6);GATE
Port:(284.9, 519.9)(342.6, 519.9)(342.6, 525.7)(284.9, 525.7);SD
Module:M12
Boundary:(20.0, 20.0)(97.1, 20.0)(97.1, 45.6)(110.1, 45.6)(110.1, 175.8)(20.0, 175.8);GATE
Port:(33.8, 170.4)(96.3, 170.4)(96.3, 175.8)(33.8, 175.8);SD
Port:(20.0, 20.0)(97.1, 20.0)(97.1, 45.6)(110.1, 45.6)(110.1, 169.1)(20.0, 169.1);GATE
Port:(26.6, 25.6)(89.5, 25.6)(89.5, 32.2)(26.6, 32.2);SD
Module:M8
Boundary:(392.8, 251.3)(392.8, 344.0)(277.6, 344.0)(277.6, 251.3);GATE
Port:(277.6, 267.0)(282.9, 267.0)(282.9, 328.3)(277.6, 328.3);SD
Port:(392.8, 251.3)(392.8, 344.0)(284.7, 344.0)(284.7, 251.3);GATE
Port:(380.3, 257.7)(387.4, 257.7)(387.4, 337.6)(380.3, 337.6);SD
Module:M4
Boundary:(20.0, 435.5)(106.6, 435.5)(106.6, 498.3)(121.9, 498.3)(121.9, 620.8)(20.0, 620.8);GATE
Port:(34.9, 615.0)(107.0, 615.0)(107.0, 620.8)(34.9, 620.8);SD
Port:(20.0, 435.5)(106.6, 435.5)(106.6, 498.3)(121.9, 498.3)(121.9, 612.4)(20.0, 612.4);GATE
Port:(26.8, 441.3)(98.8, 441.3)(98.8, 447.6)(26.8, 447.6);SD
Module:M17
Boundary:(150.1, 20.0)(241.1, 20.0)(241.1, 20.2)(259.1, 20.2)(259.1, 206.8)(150.1, 206.8);GATE
Port:(165.2, 202.3)(244.0, 202.3)(244.0, 206.8)(165.2, 206.8);SD
Port:(150.1, 20.0)(241.1, 20.0)(241.1, 20.2)(259.1, 20.2)(259.1, 201.2)(150.1, 201.2);GATE
Port:(156.4, 25.3)(234.8, 25.3)(234.8, 31.7)(156.4, 31.7);SD
