Area:(-20.0, -20.0)(332.0, -20.0)(332.0, 474.0)(-20.0, 474.0)
Rule:GATE(5,5);SD(5,5);GATE_SD(0.5);GATE_ITO(0.5);SD_ITO(0.5)
Module:M5
Boundary:(285.0, 147.0)(285.0, 240.5)(238.8, 240.5)(238.8, 310.0)(169.0, 310.0)(169.0, 147.0);GATE
Port:(169.0, 161.5)(179.0, 161.5)(179.0, 295.5)(169.0, 295.5);SD
Port:(285.0, 147.0)(285.0, 240.5)(238.8, 240.5)(238.8, 310.0)(184.0, 310.0)(184.0, 147.0);GATE
Port:(276.0, 157.0)(280.0, 157.0)(280.0, 226.0)(276.0, 226.0);SD
Module:M1
Boundary:(125.0, 20.0)(125.0, 167.5)(109.0, 167.5)(109.0, 183.0)(20.0, 183.0)(20.0, 20.0);GATE
Port:(20.0, 34.5)(30.0, 34.5)(30.0, 168.5)(20.0, 168.5);SD
Port:(125.0, 20.0)(125.0, 167.5)(109.0, 167.5)(109.0, 183.0)(35.0, 183.0)(35.0, 20.0);GATE
Port:(116.0, 30.0)(120.0, 30.0)(120.0, 153.0)(116.0, 153.0);SD
Module:M2
Boundary:(165.0, 20.0)(276.5, 20.0)(276.5, 32.0)(292.0, 32.0)(292.0, 107.0)(165.0, 107.0);GATE
Port:(179.5, 97.0)(277.5, 97.0)(277.5, 107.0)(179.5, 107.0);SD
Port:(165.0, 20.0)(276.5, 20.0)(276.5, 32.0)(292.0, 32.0)(292.0, 92.0)(165.0, 92.0);GATE
Port:(175.0, 25.0)(262.0, 25.0)(262.0, 29.0)(175.0, 29.0);SD
Module:M3
Boundary:(209.0, 361.0)(209.0, 434.0)(20.0, 434.0)(20.0, 361.0);GATE
Port:(20.0, 375.5)(30.0, 375.5)(30.0, 419.5)(20.0, 419.5);SD
Port:(209.0, 361.0)(209.0, 434.0)(35.0, 434.0)(35.0, 361.0);GATE
Port:(200.0, 371.0)(204.0, 371.0)(204.0, 424.0)(200.0, 424.0);SD
Module:M4
Boundary:(20.0, 223.0)(113.5, 223.0)(113.5, 233.0)(129.0, 233.0)(129.0, 321.0)(20.0, 321.0);GATE
Port:(34.5, 311.0)(114.5, 311.0)(114.5, 321.0)(34.5, 321.0);SD
Port:(20.0, 223.0)(113.5, 223.0)(113.5, 233.0)(129.0, 233.0)(129.0, 306.0)(20.0, 306.0);GATE
Port:(30.0, 228.0)(99.0, 228.0)(99.0, 232.0)(30.0, 232.0);SD
