Area:(-20.0, -20.0)(512.0, -20.0)(512.0, 286.6)(-20.0, 286.6)
Rule:GATE(5,5);SD(5,5);GATE_SD(0.5);GATE_ITO(0.5);SD_ITO(0.5)
Module:M5
Boundary:(209.2, 20.0)(209.2, 136.1)(20.0, 136.1)(20.0, 20.0);GATE
Port:(20.0, 33.4)(24.5, 33.4)(24.5, 122.7)(20.0, 122.7);SD
Port:(209.2, 20.0)(209.2, 136.1)(26.7, 136.1)(26.7, 20.0);GATE
Port:(198.1, 25.9)(204.3, 25.9)(204.3, 130.2)(198.1, 130.2);SD
Module:M1
Boundary:(249.2, 20.0)(316.4, 20.0)(316.4, 110.8)(249.2, 110.8);GATE
Port:(263.9, 106.8)(301.7, 106.8)(301.7, 110.8)(263.9, 110.8);SD
Port:(249.2, 20.0)(316.4, 20.0)(316.4, 105.1)(249.2, 105.1);GATE
Port:(255.4, 25.2)(310.2, 25.2)(310.2, 32.6)(255.4, 32.6);SD
Module:M2
Boundary:(469.2, 20.0)(469.2, 85.9)(460.3, 85.9)(460.3, 100.3)(356.4, 100.3)(356.4, 20.0);GATE
Port:(356.4, 33.8)(360.6, 33.8)(360.6, 86.5)(356.4, 86.5);SD
Port:(469.2, 20.0)(469.2, 85.9)(460.3, 85.9)(460.3, 100.3)(363.0, 100.3)(363.0, 20.0);GATE
Port:(458.0, 26.3)(463.9, 26.3)(463.9, 78.6)(458.0, 78.6);SD
Module:M3
Boundary:(472.0, 150.8)(472.0, 215.3)(471.8, 215.3)(471.8, 230.2)(249.2, 230.2)(249.2, 150.8);GATE
Port:(249.2, 164.9)(253.3, 164.9)(253.3, 216.1)(249.2, 216.1);SD
Port:(472.0, 150.8)(472.0, 215.3)(471.8, 215.3)(471.8, 230.2)(255.2, 230.2)(255.2, 150.8);GATE
Port:(459.7, 156.5)(467.3, 156.5)(467.3, 209.6)(459.7, 209.6);SD
Module:M4
Boundary:(199.8, 176.1)(199.8, 231.5)(92.5, 231.5)(92.5, 246.6)(20.0, 246.6)(20.0, 176.1);GATE
Port:(20.0, 192.2)(24.4, 192.2)(24.4, 230.5)(20.0, 230.5);SD
Port:(199.8, 176.1)(199.8, 231.5)(92.5, 231.5)(92.5, 246.6)(27.0, 246.6)(27.0, 176.1);GATE
Port:(186.4, 183.0)(193.9, 183.0)(193.9, 223.6)(186.4, 223.6);SD
