Area:(-20.0, -20.0)(809.9, -20.0)(809.9, 628.3)(-20.0, 628.3)
Rule:GATE(5,5);SD(5,5);GATE_SD(0.5);GATE_ITO(0.5);SD_ITO(0.5)
Module:M14
Boundary:(366.7, 134.7)(366.7, 226.6)(335.4, 226.6)(335.4, 240.4)(185.3, 240.4)(185.3, 134.7);GATE
Port:(185.3, 147.2)(191.0, 147.2)(191.0, 227.9)(185.3, 227.9);SD
Port:(366.7, 134.7)(366.7, 226.6)(335.4, 226.6)(335.4, 240.4)(193.1, 240.4)(193.1, 134.7);GATE
Port:(356.7, 141.3)(361.1, 141.3)(361.1, 219.0)(356.7, 219.0);SD
Module:M9
Boundary:(766.7, 20.0)(766.7, 89.6)(766.2, 89.6)(766.2, 106.0)(576.1, 106.0)(576.1, 20.0);GATE
Port:(576.1, 35.3)(582.0, 35.3)(582.0, 90.7)(576.1, 90.7);SD
Port:(766.7, 20.0)(766.7, 89.6)(766.2, 89.6)(766.2, 106.0)(584.8, 106.0)(584.8, 20.0);GATE
Port:(754.7, 26.6)(761.1, 26.6)(761.1, 83.0)(754.7, 83.0);SD
Module:M5
Boundary:(651.4, 502.9)(651.4, 572.3)(651.4, 572.3)(651.4, 588.3)(497.3, 588.3)(497.3, 502.9);GATE
Port:(497.3, 518.1)(502.3, 518.1)(502.3, 573.1)(497.3, 573.1);SD
Port:(651.4, 502.9)(651.4, 572.3)(651.4, 572.3)(651.4, 588.3)(504.5, 588.3)(504.5, 502.9);GATE
Port:(638.9, 509.9)(645.4, 509.9)(645.4, 565.3)(638.9, 565.3);SD
Module:M11
Boundary:(678.5, 146.0)(751.9, 146.0)(751.9, 146.1)(766.4, 146.1)(766.4, 355.4)(678.5, 355.4);GATE
Port:(689.9, 351.2)(755.0, 351.2)(755.0, 355.4)(689.9, 355.4);SD
Port:(678.5, 146.0)(751.9, 146.0)(751.9, 146.1)(766.4, 146.1)(766.4, 348.5)(678.5, 348.5);GATE
Port:(684.3, 150.8)(746.1, 150.8)(746.1, 155.3)(684.3, 155.3);SD
Module:M1
Boundary:(165.4, 436.6)(260.4, 436.6)(260.4, 586.1)(165.4, 586.1);GATE
Port:(179.1, 581.5)(246.7, 581.5)(246.7, 586.1)(179.1, 586.1);SD
Port:(165.4, 436.6)(260.4, 436.6)(260.4, 579.8)(165.4, 579.8);GATE
Port:(171.7, 441.9)(254.1, 441.9)(254.1, 448.2)(171.7, 448.2);SD
Module:M19
Boundary:(20.0, 294.6)(130.3, 294.6)(130.3, 380.5)(20.0, 380.5);GATE
Port:(34.9, 374.9)(115.4, 374.9)(115.4, 380.5)(34.9, 380.5);SD
Port:(20.0, 294.6)(130.3, 294.6)(130.3, 373.1)(20.0, 373.1);GATE
Port:(26.8, 300.4)(123.5, 300.4)(123.5, 306.1)(26.8, 306.1);SD
Module:M6
Boundary:(20.0, 420.5)(108.8, 420.5)(108.8, 520.2)(125.4, 520.2)(125.4, 585.2)(20.0, 585.2);GATE
Port:(34.0, 579.3)(111.4, 579.3)(111.4, 585.2)(34.0, 585.2);SD
Port:(20.0, 420.5)(108.8, 420.5)(108.8, 520.2)(125.4, 520.2)(125.4, 578.3)(20.0, 578.3);GATE
Port:(26.6, 426.1)(101.2, 426.1)(101.2, 431.1)(26.6, 431.1);SD
Module:M2
Boundary:(638.5, 157.3)(638.5, 243.2)(601.5, 243.2)(601.5, 258.0)(520.0, 258.0)(520.0, 157.3);GATE
Port:(520.0, 172.7)(524.8, 172.7)(524.8, 242.6)(520.0, 242.6);SD
Port:(638.5, 157.3)(638.5, 243.2)(601.5, 243.2)(601.5, 258.0)(526.3, 258.0)(526.3, 157.3);GATE
Port:(625.4, 164.0)(632.8, 164.0)(632.8, 235.5)(625.4, 235.5);SD
Module:M16
Boundary:(691.4, 395.4)(755.7, 395.4)(755.7, 428.6)(769.9, 428.6)(769.9, 586.0)(691.4, 586.0);GATE
Port:(704.8, 581.8)(756.5, 581.8)(756.5, 586.0)(704.8, 586.0);SD
Port:(691.4, 395.4)(755.7, 395.4)(755.7, 428.6)(769.9, 428.6)(769.9, 579.1)(691.4, 579.1);GATE
Port:(697.3, 400.3)(748.8, 400.3)(748.8, 405.9)(697.3, 405.9);SD
Module:M13
Boundary:(536.1, 20.0)(536.1, 117.3)(413.9, 117.3)(413.9, 20.0);GATE
Port:(413.9, 31.1)(419.5, 31.1)(419.5, 106.2)(413.9, 106.2);SD
Port:(536.1, 20.0)(536.1, 117.3)(422.3, 117.3)(422.3, 20.0);GATE
Port:(526.6, 25.7)(531.4, 25.7)(531.4, 111.6)(526.6, 111.6);SD
Module:M10
Boundary:(173.3, 280.4)(235.0, 280.4)(235.0, 327.7)(249.6, 327.7)(249.6, 396.6)(173.3, 396.6);GATE
Port:(184.3, 390.9)(238.6, 390.9)(238.6, 396.6)(184.3, 396.6);SD
Port:(173.3, 280.4)(235.0, 280.4)(235.0, 327.7)(249.6, 327.7)(249.6, 389.3)(173.3, 389.3);GATE
Port:(178.4, 284.5)(228.9, 284.5)(228.9, 289.1)(178.4, 289.1);SD
Module:M7
Boundary:(300.4, 280.4)(354.4, 280.4)(354.4, 380.1)(300.4, 380.1);GATE
Port:(314.7, 374.4)(340.1, 374.4)(340.1, 380.1)(314.7, 380.1);SD
Port:(300.4, 280.4)(354.4, 280.4)(354.4, 371.8)(300.4, 371.8);GATE
Port:(307.2, 286.2)(347.6, 286.2)(347.6, 292.2)(307.2, 292.2);SD
Module:M3
Boundary:(621.6, 298.0)(621.6, 374.0)(520.0, 374.0)(520.0, 298.0);GATE
Port:(520.0, 311.4)(525.5, 311.4)(525.5, 360.6)(520.0, 360.6);SD
Port:(621.6, 298.0)(621.6, 374.0)(527.5, 374.0)(527.5, 298.0);GATE
Port:(610.1, 304.3)(616.3, 304.3)(616.3, 367.7)(610.1, 367.7);SD
Module:M18
Boundary:(394.4, 335.6)(464.5, 335.6)(464.5, 386.3)(479.4, 386.3)(479.4, 446.9)(394.4, 446.9);GATE
Port:(409.4, 441.3)(464.4, 441.3)(464.4, 446.9)(409.4, 446.9);SD
Port:(394.4, 335.6)(464.5, 335.6)(464.5, 386.3)(479.4, 386.3)(479.4, 439.8)(394.4, 439.8);GATE
Port:(401.2, 341.4)(456.7, 341.4)(456.7, 348.7)(401.2, 348.7);SD
Module:M20
Boundary:(145.3, 20.0)(145.3, 81.6)(95.1, 81.6)(95.1, 94.2)(20.0, 94.2)(20.0, 20.0);GATE
Port:(20.0, 33.3)(25.1, 33.3)(25.1, 80.9)(20.0, 80.9);SD
Port:(145.3, 20.0)(145.3, 81.6)(95.1, 81.6)(95.1, 94.2)(26.7, 94.2)(26.7, 20.0);GATE
Port:(133.8, 26.4)(139.9, 26.4)(139.9, 74.2)(133.8, 74.2);SD
Module:M15
Boundary:(651.2, 414.0)(651.2, 448.1)(651.1, 448.1)(651.1, 462.9)(519.4, 462.9)(519.4, 414.0);GATE
Port:(519.4, 428.0)(525.1, 428.0)(525.1, 448.9)(519.4, 448.9);SD
Port:(651.2, 414.0)(651.2, 448.1)(651.1, 448.1)(651.1, 462.9)(526.9, 462.9)(526.9, 414.0);GATE
Port:(639.1, 419.6)(646.6, 419.6)(646.6, 442.5)(639.1, 442.5);SD
Module:M12
Boundary:(406.7, 157.3)(480.0, 157.3)(480.0, 295.6)(406.7, 295.6);GATE
Port:(421.4, 290.1)(465.3, 290.1)(465.3, 295.6)(421.4, 295.6);SD
Port:(406.7, 157.3)(480.0, 157.3)(480.0, 287.2)(406.7, 287.2);GATE
Port:(412.1, 161.7)(474.6, 161.7)(474.6, 168.7)(412.1, 168.7);SD
Module:M8
Boundary:(373.9, 20.0)(373.9, 77.1)(341.7, 77.1)(341.7, 94.7)(185.3, 94.7)(185.3, 20.0);GATE
Port:(185.3, 35.1)(189.4, 35.1)(189.4, 79.6)(185.3, 79.6);SD
Port:(373.9, 20.0)(373.9, 77.1)(341.7, 77.1)(341.7, 94.7)(191.4, 94.7)(191.4, 20.0);GATE
Port:(362.2, 27.0)(367.9, 27.0)(367.9, 69.1)(362.2, 69.1);SD
Module:M4
Boundary:(457.3, 486.9)(457.3, 569.4)(379.8, 569.4)(379.8, 583.7)(300.4, 583.7)(300.4, 486.9);GATE
Port:(300.4, 501.3)(306.3, 501.3)(306.3, 569.3)(300.4, 569.3);SD
Port:(457.3, 486.9)(457.3, 569.4)(379.8, 569.4)(379.8, 583.7)(309.1, 583.7)(309.1, 486.9);GATE
Port:(445.1, 493.3)(451.9, 493.3)(451.9, 562.0)(445.1, 562.0);SD
Module:M17
Boundary:(20.0, 134.2)(117.3, 134.2)(117.3, 134.5)(133.3, 134.5)(133.3, 254.6)(20.0, 254.6);GATE
Port:(32.8, 249.7)(120.5, 249.7)(120.5, 254.6)(32.8, 254.6);SD
Port:(20.0, 134.2)(117.3, 134.2)(117.3, 134.5)(133.3, 134.5)(133.3, 246.9)(20.0, 246.9);GATE
Port:(25.8, 139.0)(111.5, 139.0)(111.5, 145.2)(25.8, 145.2);SD
