Area:(-20.0, -20.0)(649.9, -20.0)(649.9, 486.5)(-20.0, 486.5)
Rule:GATE(5,5);SD(5,5);GATE_SD(0.5);GATE_ITO(0.5);SD_ITO(0.5)
Module:M9
Boundary:(401.4, 20.0)(488.2, 20.0)(488.2, 20.4)(505.5, 20.4)(505.5, 126.3)(401.4, 126.3);GATE
Port:(415.2, 121.5)(491.7, 121.5)(491.7, 126.3)(415.2, 126.3);SD
Port:(401.4, 20.0)(488.2, 20.0)(488.2, 20.4)(505.5, 20.4)(505.5, 120.4)(401.4, 120.4);GATE
Port:(406.4, 24.0)(483.2, 24.0)(483.2, 31.2)(406.4, 31.2);SD
Module:M5
Boundary:(239.9, 319.6)(239.9, 420.5)(239.9, 420.5)(239.9, 436.6)(30.0, 436.6)(30.0, 319.6);GATE
Port:(30.0, 334.4)(35.8, 334.4)(35.8, 421.8)(30.0, 421.8);SD
Port:(239.9, 319.6)(239.9, 420.5)(239.9, 420.5)(239.9, 436.6)(38.3, 436.6)(38.3, 319.6);GATE
Port:(227.2, 325.4)(235.1, 325.4)(235.1, 414.7)(227.2, 414.7);SD
Module:M1
Boundary:(266.2, 20.0)(361.4, 20.0)(361.4, 154.9)(266.2, 154.9);GATE
Port:(280.1, 149.2)(347.5, 149.2)(347.5, 154.9)(280.1, 154.9);SD
Port:(266.2, 20.0)(361.4, 20.0)(361.4, 147.1)(266.2, 147.1);GATE
Port:(272.9, 25.7)(354.7, 25.7)(354.7, 32.0)(272.9, 32.0);SD
Module:M6
Boundary:(545.5, 20.0)(595.2, 20.0)(595.2, 64.6)(609.9, 64.6)(609.9, 191.5)(545.5, 191.5);GATE
Port:(558.5, 187.0)(596.9, 187.0)(596.9, 191.5)(558.5, 191.5);SD
Port:(545.5, 20.0)(595.2, 20.0)(595.2, 64.6)(609.9, 64.6)(609.9, 185.7)(545.5, 185.7);GATE
Port:(551.8, 25.3)(587.9, 25.3)(587.9, 30.2)(551.8, 30.2);SD
Module:M2
Boundary:(495.1, 166.3)(495.1, 227.4)(489.2, 227.4)(489.2, 241.0)(410.9, 241.0)(410.9, 166.3);GATE
Port:(410.9, 178.3)(416.0, 178.3)(416.0, 229.0)(410.9, 229.0);SD
Port:(495.1, 166.3)(495.1, 227.4)(489.2, 227.4)(489.2, 241.0)(418.6, 241.0)(418.6, 166.3);GATE
Port:(484.7, 171.7)(490.7, 171.7)(490.7, 221.0)(484.7, 221.0);SD
Module:M10
Boundary:(216.2, 30.0)(216.2, 124.1)(119.3, 124.1)(119.3, 141.5)(30.0, 141.5)(30.0, 30.0);GATE
Port:(30.0, 45.0)(34.8, 45.0)(34.8, 126.5)(30.0, 126.5);SD
Port:(216.2, 30.0)(216.2, 124.1)(119.3, 124.1)(119.3, 141.5)(37.0, 141.5)(37.0, 30.0);GATE
Port:(204.7, 36.2)(211.0, 36.2)(211.0, 116.9)(204.7, 116.9);SD
Module:M7
Boundary:(214.5, 191.5)(214.5, 269.6)(20.0, 269.6)(20.0, 191.5);GATE
Port:(20.0, 203.4)(24.3, 203.4)(24.3, 257.7)(20.0, 257.7);SD
Port:(214.5, 191.5)(214.5, 269.6)(25.7, 269.6)(25.7, 191.5);GATE
Port:(205.0, 196.8)(210.2, 196.8)(210.2, 264.3)(205.0, 264.3);SD
Module:M3
Boundary:(467.4, 281.0)(558.4, 281.0)(558.4, 281.3)(576.1, 281.3)(576.1, 446.5)(467.4, 446.5);GATE
Port:(482.5, 441.5)(561.0, 441.5)(561.0, 446.5)(482.5, 446.5);SD
Port:(467.4, 281.0)(558.4, 281.0)(558.4, 281.3)(576.1, 281.3)(576.1, 438.5)(467.4, 438.5);GATE
Port:(474.3, 286.9)(551.5, 286.9)(551.5, 293.5)(474.3, 293.5);SD
Module:M8
Boundary:(427.4, 306.5)(427.4, 415.7)(358.7, 415.7)(358.7, 432.6)(289.9, 432.6)(289.9, 306.5);GATE
Port:(289.9, 321.1)(295.2, 321.1)(295.2, 418.0)(289.9, 418.0);SD
Port:(427.4, 306.5)(427.4, 415.7)(358.7, 415.7)(358.7, 432.6)(296.2, 432.6)(296.2, 306.5);GATE
Port:(415.9, 313.1)(421.8, 313.1)(421.8, 408.1)(415.9, 408.1);SD
Module:M4
Boundary:(370.9, 194.9)(370.9, 252.8)(370.6, 252.8)(370.6, 266.5)(254.5, 266.5)(254.5, 194.9);GATE
Port:(254.5, 206.9)(258.5, 206.9)(258.5, 254.5)(254.5, 254.5);SD
Port:(370.9, 194.9)(370.9, 252.8)(370.6, 252.8)(370.6, 266.5)(260.9, 266.5)(260.9, 194.9);GATE
Port:(360.8, 200.1)(366.7, 200.1)(366.7, 247.6)(360.8, 247.6);SD
