Area:(-20.0, -20.0)(914.0, -20.0)(914.0, 737.0)(-20.0, 737.0)
Rule:GATE(5,5);SD(5,5);GATE_SD(0.5);GATE_ITO(0.5);SD_ITO(0.5)
Module:M14
Boundary:(871.0, 622.0)(871.0, 695.0)(676.0, 695.0)(676.0, 622.0);GATE
Port:(676.0, 636.5)(686.0, 636.5)(686.0, 680.5)(676.0, 680.5);SD
Port:(871.0, 622.0)(871.0, 695.0)(691.0, 695.0)(691.0, 622.0);GATE
Port:(862.0, 632.0)(866.0, 632.0)(866.0, 685.0)(862.0, 685.0);SD
Module:M9
Boundary:(229.0, 421.0)(229.0, 568.5)(213.0, 568.5)(213.0, 584.0)(133.0, 584.0)(133.0, 421.0);GATE
Port:(133.0, 435.5)(143.0, 435.5)(143.0, 569.5)(133.0, 569.5);SD
Port:(229.0, 421.0)(229.0, 568.5)(213.0, 568.5)(213.0, 584.0)(148.0, 584.0)(148.0, 421.0);GATE
Port:(220.0, 431.0)(224.0, 431.0)(224.0, 554.0)(220.0, 554.0);SD
Module:M5
Boundary:(783.0, 240.0)(859.0, 240.0)(859.0, 248.0)(874.0, 248.0)(874.0, 411.0)(783.0, 411.0);GATE
Port:(797.5, 401.0)(859.5, 401.0)(859.5, 411.0)(797.5, 411.0);SD
Port:(783.0, 240.0)(859.0, 240.0)(859.0, 248.0)(874.0, 248.0)(874.0, 396.0)(783.0, 396.0);GATE
Port:(793.0, 245.0)(844.0, 245.0)(844.0, 249.0)(793.0, 249.0);SD
Module:M11
Boundary:(20.0, 20.0)(167.5, 20.0)(167.5, 36.0)(183.0, 36.0)(183.0, 219.0)(20.0, 219.0);GATE
Port:(34.5, 209.0)(168.5, 209.0)(168.5, 219.0)(34.5, 219.0);SD
Port:(20.0, 20.0)(167.5, 20.0)(167.5, 36.0)(183.0, 36.0)(183.0, 204.0)(20.0, 204.0);GATE
Port:(30.0, 25.0)(153.0, 25.0)(153.0, 29.0)(30.0, 29.0);SD
Module:M1
Boundary:(575.0, 20.0)(668.5, 20.0)(668.5, 30.0)(684.0, 30.0)(684.0, 200.0)(575.0, 200.0);GATE
Port:(589.5, 190.0)(669.5, 190.0)(669.5, 200.0)(589.5, 200.0);SD
Port:(575.0, 20.0)(668.5, 20.0)(668.5, 30.0)(684.0, 30.0)(684.0, 185.0)(575.0, 185.0);GATE
Port:(585.0, 25.0)(654.0, 25.0)(654.0, 29.0)(585.0, 29.0);SD
Module:M19
Boundary:(682.0, 419.0)(682.0, 566.5)(666.0, 566.5)(666.0, 582.0)(491.0, 582.0)(491.0, 419.0);GATE
Port:(491.0, 433.5)(501.0, 433.5)(501.0, 567.5)(491.0, 567.5);SD
Port:(682.0, 419.0)(682.0, 566.5)(666.0, 566.5)(666.0, 582.0)(506.0, 582.0)(506.0, 419.0);GATE
Port:(673.0, 429.0)(677.0, 429.0)(677.0, 552.0)(673.0, 552.0);SD
Module:M6
Boundary:(467.0, 252.0)(540.0, 252.0)(540.0, 356.0)(467.0, 356.0);GATE
Port:(481.5, 346.0)(525.5, 346.0)(525.5, 356.0)(481.5, 356.0);SD
Port:(467.0, 252.0)(540.0, 252.0)(540.0, 341.0)(467.0, 341.0);GATE
Port:(477.0, 257.0)(530.0, 257.0)(530.0, 261.0)(477.0, 261.0);SD
Module:M2
Boundary:(636.0, 622.0)(636.0, 695.0)(491.0, 695.0)(491.0, 622.0);GATE
Port:(491.0, 636.5)(501.0, 636.5)(501.0, 680.5)(491.0, 680.5);SD
Port:(636.0, 622.0)(636.0, 695.0)(506.0, 695.0)(506.0, 622.0);GATE
Port:(627.0, 632.0)(631.0, 632.0)(631.0, 685.0)(627.0, 685.0);SD
Module:M16
Boundary:(724.0, 20.0)(817.5, 20.0)(817.5, 30.0)(833.0, 30.0)(833.0, 200.0)(724.0, 200.0);GATE
Port:(738.5, 190.0)(818.5, 190.0)(818.5, 200.0)(738.5, 200.0);SD
Port:(724.0, 20.0)(817.5, 20.0)(817.5, 30.0)(833.0, 30.0)(833.0, 185.0)(724.0, 185.0);GATE
Port:(734.0, 25.0)(803.0, 25.0)(803.0, 29.0)(734.0, 29.0);SD
Module:M13
Boundary:(83.0, 259.0)(83.0, 370.5)(59.0, 370.5)(59.0, 404.0)(20.0, 404.0)(20.0, 259.0);GATE
Port:(20.0, 273.5)(30.0, 273.5)(30.0, 389.5)(20.0, 389.5);SD
Port:(83.0, 259.0)(83.0, 370.5)(59.0, 370.5)(59.0, 404.0)(35.0, 404.0)(35.0, 259.0);GATE
Port:(74.0, 269.0)(78.0, 269.0)(78.0, 356.0)(74.0, 356.0);SD
Module:M10
Boundary:(93.0, 444.0)(93.0, 537.5)(83.0, 537.5)(83.0, 553.0)(20.0, 553.0)(20.0, 444.0);GATE
Port:(20.0, 458.5)(30.0, 458.5)(30.0, 538.5)(20.0, 538.5);SD
Port:(93.0, 444.0)(93.0, 537.5)(83.0, 537.5)(83.0, 553.0)(35.0, 553.0)(35.0, 444.0);GATE
Port:(84.0, 454.0)(88.0, 454.0)(88.0, 523.0)(84.0, 523.0);SD
Module:M7
Boundary:(264.0, 252.0)(375.5, 252.0)(375.5, 283.2)(427.0, 283.2)(427.0, 361.0)(264.0, 361.0);GATE
Port:(278.5, 351.0)(412.5, 351.0)(412.5, 361.0)(278.5, 361.0);SD
Port:(264.0, 252.0)(375.5, 252.0)(375.5, 283.2)(427.0, 283.2)(427.0, 346.0)(264.0, 346.0);GATE
Port:(274.0, 257.0)(361.0, 257.0)(361.0, 261.0)(274.0, 261.0);SD
Module:M3
Boundary:(580.0, 240.0)(709.5, 240.0)(709.5, 303.0)(743.0, 303.0)(743.0, 379.0)(580.0, 379.0);GATE
Port:(594.5, 369.0)(728.5, 369.0)(728.5, 379.0)(594.5, 379.0);SD
Port:(580.0, 240.0)(709.5, 240.0)(709.5, 303.0)(743.0, 303.0)(743.0, 364.0)(580.0, 364.0);GATE
Port:(590.0, 245.0)(695.0, 245.0)(695.0, 249.0)(590.0, 249.0);SD
Module:M18
Boundary:(212.0, 624.0)(212.0, 697.0)(20.0, 697.0)(20.0, 624.0);GATE
Port:(20.0, 638.5)(30.0, 638.5)(30.0, 682.5)(20.0, 682.5);SD
Port:(212.0, 624.0)(212.0, 697.0)(35.0, 697.0)(35.0, 624.0);GATE
Port:(203.0, 634.0)(207.0, 634.0)(207.0, 687.0)(203.0, 687.0);SD
Module:M20
Boundary:(451.0, 401.0)(451.0, 530.5)(437.0, 530.5)(437.0, 546.0)(269.0, 546.0)(269.0, 401.0);GATE
Port:(269.0, 415.5)(279.0, 415.5)(279.0, 531.5)(269.0, 531.5);SD
Port:(451.0, 401.0)(451.0, 530.5)(437.0, 530.5)(437.0, 546.0)(284.0, 546.0)(284.0, 401.0);GATE
Port:(442.0, 411.0)(446.0, 411.0)(446.0, 516.0)(442.0, 516.0);SD
Module:M15
Boundary:(390.0, 20.0)(519.5, 20.0)(519.5, 34.0)(535.0, 34.0)(535.0, 212.0)(390.0, 212.0);GATE
Port:(404.5, 202.0)(520.5, 202.0)(520.5, 212.0)(404.5, 212.0);SD
Port:(390.0, 20.0)(519.5, 20.0)(519.5, 34.0)(535.0, 34.0)(535.0, 197.0)(390.0, 197.0);GATE
Port:(400.0, 25.0)(505.0, 25.0)(505.0, 29.0)(400.0, 29.0);SD
Module:M12
Boundary:(868.0, 451.0)(868.0, 562.5)(856.0, 562.5)(856.0, 578.0)(722.0, 578.0)(722.0, 451.0);GATE
Port:(722.0, 465.5)(732.0, 465.5)(732.0, 563.5)(722.0, 563.5);SD
Port:(868.0, 451.0)(868.0, 562.5)(856.0, 562.5)(856.0, 578.0)(737.0, 578.0)(737.0, 451.0);GATE
Port:(859.0, 461.0)(863.0, 461.0)(863.0, 548.0)(859.0, 548.0);SD
Module:M8
Boundary:(223.0, 20.0)(334.5, 20.0)(334.5, 32.0)(350.0, 32.0)(350.0, 208.0)(223.0, 208.0);GATE
Port:(237.5, 198.0)(335.5, 198.0)(335.5, 208.0)(237.5, 208.0);SD
Port:(223.0, 20.0)(334.5, 20.0)(334.5, 32.0)(350.0, 32.0)(350.0, 193.0)(223.0, 193.0);GATE
Port:(233.0, 25.0)(320.0, 25.0)(320.0, 29.0)(233.0, 29.0);SD
Module:M4
Boundary:(133.0, 259.0)(209.0, 259.0)(209.0, 267.0)(224.0, 267.0)(224.0, 381.0)(133.0, 381.0);GATE
Port:(147.5, 371.0)(209.5, 371.0)(209.5, 381.0)(147.5, 381.0);SD
Port:(133.0, 259.0)(209.0, 259.0)(209.0, 267.0)(224.0, 267.0)(224.0, 366.0)(133.0, 366.0);GATE
Port:(143.0, 264.0)(194.0, 264.0)(194.0, 268.0)(143.0, 268.0);SD
Module:M17
Boundary:(439.0, 586.0)(439.0, 679.5)(429.0, 679.5)(429.0, 695.0)(269.0, 695.0)(269.0, 586.0);GATE
Port:(269.0, 600.5)(279.0, 600.5)(279.0, 680.5)(269.0, 680.5);SD
Port:(439.0, 586.0)(439.0, 679.5)(429.0, 679.5)(429.0, 695.0)(284.0, 695.0)(284.0, 586.0);GATE
Port:(430.0, 596.0)(434.0, 596.0)(434.0, 665.0)(430.0, 665.0);SD
