Area:(-20.0, -20.0)(879.6, -20.0)(879.6, 734.8)(-20.0, 734.8)
Rule:GATE(5,5);SD(5,5);GATE_SD(0.5);GATE_ITO(0.5);SD_ITO(0.5)
Module:M1
Boundary:(655.9, 200.0)(562.4, 200.0)(562.4, 190.0)(546.9, 190.0)(546.9, 20.0)(655.9, 20.0);GATE
Port:(561.4, 20.0)(641.4, 20.0)(641.4, 30.0)(561.4, 30.0);SD
Port:(655.9, 200.0)(562.4, 200.0)(562.4, 190.0)(546.9, 190.0)(546.9, 35.0)(655.9, 35.0);GATE
Port:(576.9, 191.0)(645.9, 191.0)(645.9, 195.0)(576.9, 195.0);SD
Module:M16
Boundary:(778.8, 20.0)(685.3, 20.0)(685.3, 30.0)(669.8, 30.0)(669.8, 200.0)(778.8, 200.0);GATE
Port:(684.3, 190.0)(764.3, 190.0)(764.3, 200.0)(684.3, 200.0);SD
Port:(778.8, 20.0)(685.3, 20.0)(685.3, 30.0)(669.8, 30.0)(669.8, 185.0)(778.8, 185.0);GATE
Port:(699.8, 25.0)(768.8, 25.0)(768.8, 29.0)(699.8, 29.0);SD
Module:M8
Boundary:(381.6, 232.6)(270.1, 232.6)(270.1, 220.6)(254.6, 220.6)(254.6, 44.6)(381.6, 44.6);GATE
Port:(269.1, 44.6)(367.1, 44.6)(367.1, 54.6)(269.1, 54.6);SD
Port:(381.6, 232.6)(270.1, 232.6)(270.1, 220.6)(254.6, 220.6)(254.6, 59.6)(381.6, 59.6);GATE
Port:(284.6, 223.6)(371.6, 223.6)(371.6, 227.6)(284.6, 227.6);SD
Module:M15
Boundary:(390.0, 215.4)(519.5, 215.4)(519.5, 201.3)(535.0, 201.3)(535.0, 23.4)(390.0, 23.4);GATE
Port:(404.5, 23.4)(520.5, 23.4)(520.5, 33.4)(404.5, 33.4);SD
Port:(390.0, 215.4)(519.5, 215.4)(519.5, 201.3)(535.0, 201.3)(535.0, 38.4)(390.0, 38.4);GATE
Port:(400.0, 206.4)(505.0, 206.4)(505.0, 210.4)(400.0, 210.4);SD
Module:M11
Boundary:(71.3, 34.9)(218.8, 34.9)(218.8, 50.9)(234.3, 50.9)(234.3, 233.9)(71.3, 233.9);GATE
Port:(85.8, 223.9)(219.8, 223.9)(219.8, 233.9)(85.8, 233.9);SD
Port:(71.3, 34.9)(218.8, 34.9)(218.8, 50.9)(234.3, 50.9)(234.3, 218.9)(71.3, 218.9);GATE
Port:(81.3, 39.9)(204.3, 39.9)(204.3, 43.9)(81.3, 43.9);SD
Module:M6
Boundary:(540.0, 364.8)(467.0, 364.8)(467.0, 260.8)(540.0, 260.8);GATE
Port:(481.5, 260.8)(525.5, 260.8)(525.5, 270.8)(481.5, 270.8);SD
Port:(540.0, 364.8)(467.0, 364.8)(467.0, 275.8)(540.0, 275.8);GATE
Port:(477.0, 355.8)(530.0, 355.8)(530.0, 359.8)(477.0, 359.8);SD
Module:M7
Boundary:(460.0, 363.0)(348.5, 363.0)(348.5, 331.8)(297.0, 331.8)(297.0, 254.0)(460.0, 254.0);GATE
Port:(311.5, 254.0)(445.5, 254.0)(445.5, 264.0)(311.5, 264.0);SD
Port:(460.0, 363.0)(348.5, 363.0)(348.5, 331.8)(297.0, 331.8)(297.0, 269.0)(460.0, 269.0);GATE
Port:(363.0, 354.0)(450.0, 354.0)(450.0, 358.0)(363.0, 358.0);SD
Module:M3
Boundary:(546.2, 240.0)(675.7, 240.0)(675.7, 303.0)(709.2, 303.0)(709.2, 379.0)(546.2, 379.0);GATE
Port:(560.7, 369.0)(694.7, 369.0)(694.7, 379.0)(560.7, 379.0);SD
Port:(546.2, 240.0)(675.7, 240.0)(675.7, 303.0)(709.2, 303.0)(709.2, 364.0)(546.2, 364.0);GATE
Port:(556.2, 245.0)(661.2, 245.0)(661.2, 249.0)(556.2, 249.0);SD
Module:M4
Boundary:(137.3, 381.0)(213.3, 381.0)(213.3, 373.0)(228.3, 373.0)(228.3, 259.0)(137.3, 259.0);GATE
Port:(151.8, 259.0)(213.8, 259.0)(213.8, 269.0)(151.8, 269.0);SD
Port:(137.3, 381.0)(213.3, 381.0)(213.3, 373.0)(228.3, 373.0)(228.3, 274.0)(137.3, 274.0);GATE
Port:(147.3, 372.0)(198.3, 372.0)(198.3, 376.0)(147.3, 376.0);SD
Module:M13
Boundary:(43.5, 397.5)(43.5, 286.0)(67.5, 286.0)(67.5, 252.5)(106.5, 252.5)(106.5, 397.5);GATE
Port:(96.5, 267.0)(106.5, 267.0)(106.5, 383.0)(96.5, 383.0);SD
Port:(43.5, 397.5)(43.5, 286.0)(67.5, 286.0)(67.5, 252.5)(91.5, 252.5)(91.5, 397.5);GATE
Port:(48.5, 300.5)(52.5, 300.5)(52.5, 387.5)(48.5, 387.5);SD
Module:M5
Boundary:(740.3, 238.6)(816.3, 238.6)(816.3, 246.6)(831.3, 246.6)(831.3, 409.6)(740.3, 409.6);GATE
Port:(754.8, 399.6)(816.8, 399.6)(816.8, 409.6)(754.8, 409.6);SD
Port:(740.3, 238.6)(816.3, 238.6)(816.3, 246.6)(831.3, 246.6)(831.3, 394.6)(740.3, 394.6);GATE
Port:(750.3, 243.6)(801.3, 243.6)(801.3, 247.6)(750.3, 247.6);SD
Module:M20
Boundary:(268.0, 397.7)(268.0, 527.2)(282.0, 527.2)(282.0, 542.7)(450.0, 542.7)(450.0, 397.7);GATE
Port:(440.0, 412.2)(450.0, 412.2)(450.0, 528.2)(440.0, 528.2);SD
Port:(268.0, 397.7)(268.0, 527.2)(282.0, 527.2)(282.0, 542.7)(435.0, 542.7)(435.0, 397.7);GATE
Port:(273.0, 407.7)(277.0, 407.7)(277.0, 512.7)(273.0, 512.7);SD
Module:M10
Boundary:(55.0, 526.6)(55.0, 433.1)(65.0, 433.1)(65.0, 417.6)(128.0, 417.6)(128.0, 526.6);GATE
Port:(118.0, 432.1)(128.0, 432.1)(128.0, 512.1)(118.0, 512.1);SD
Port:(55.0, 526.6)(55.0, 433.1)(65.0, 433.1)(65.0, 417.6)(113.0, 417.6)(113.0, 526.6);GATE
Port:(60.0, 447.6)(64.0, 447.6)(64.0, 516.6)(60.0, 516.6);SD
Module:M12
Boundary:(839.6, 554.2)(839.6, 442.7)(827.6, 442.7)(827.6, 427.2)(693.6, 427.2)(693.6, 554.2);GATE
Port:(693.6, 441.7)(703.6, 441.7)(703.6, 539.7)(693.6, 539.7);SD
Port:(839.6, 554.2)(839.6, 442.7)(827.6, 442.7)(827.6, 427.2)(708.6, 427.2)(708.6, 554.2);GATE
Port:(830.6, 457.2)(834.6, 457.2)(834.6, 544.2)(830.6, 544.2);SD
Module:M19
Boundary:(682.0, 416.6)(682.0, 564.1)(666.0, 564.1)(666.0, 579.6)(491.0, 579.6)(491.0, 416.6);GATE
Port:(491.0, 431.1)(501.0, 431.1)(501.0, 565.1)(491.0, 565.1);SD
Port:(682.0, 416.6)(682.0, 564.1)(666.0, 564.1)(666.0, 579.6)(506.0, 579.6)(506.0, 416.6);GATE
Port:(673.0, 426.6)(677.0, 426.6)(677.0, 549.6)(673.0, 549.6);SD
Module:M9
Boundary:(151.5, 393.4)(151.5, 540.9)(167.5, 540.9)(167.5, 556.4)(247.5, 556.4)(247.5, 393.4);GATE
Port:(237.5, 407.9)(247.5, 407.9)(247.5, 541.9)(237.5, 541.9);SD
Port:(151.5, 393.4)(151.5, 540.9)(167.5, 540.9)(167.5, 556.4)(232.5, 556.4)(232.5, 393.4);GATE
Port:(156.5, 403.4)(160.5, 403.4)(160.5, 526.4)(156.5, 526.4);SD
Module:M17
Boundary:(484.8, 657.1)(484.8, 563.6)(474.8, 563.6)(474.8, 548.1)(314.8, 548.1)(314.8, 657.1);GATE
Port:(314.8, 562.6)(324.8, 562.6)(324.8, 642.6)(314.8, 642.6);SD
Port:(484.8, 657.1)(484.8, 563.6)(474.8, 563.6)(474.8, 548.1)(329.8, 548.1)(329.8, 657.1);GATE
Port:(475.8, 578.1)(479.8, 578.1)(479.8, 647.1)(475.8, 647.1);SD
Module:M2
Boundary:(632.1, 678.6)(632.1, 605.6)(487.1, 605.6)(487.1, 678.6);GATE
Port:(487.1, 620.1)(497.1, 620.1)(497.1, 664.1)(487.1, 664.1);SD
Port:(632.1, 678.6)(632.1, 605.6)(502.1, 605.6)(502.1, 678.6);GATE
Port:(623.1, 615.6)(627.1, 615.6)(627.1, 668.6)(623.1, 668.6);SD
Module:M14
Boundary:(829.6, 601.0)(829.6, 674.0)(634.6, 674.0)(634.6, 601.0);GATE
Port:(634.6, 615.5)(644.6, 615.5)(644.6, 659.5)(634.6, 659.5);SD
Port:(829.6, 601.0)(829.6, 674.0)(649.6, 674.0)(649.6, 601.0);GATE
Port:(820.6, 611.0)(824.6, 611.0)(824.6, 664.0)(820.6, 664.0);SD
Module:M18
Boundary:(20.0, 694.8)(20.0, 621.8)(212.0, 621.8)(212.0, 694.8);GATE
Port:(202.0, 636.3)(212.0, 636.3)(212.0, 680.3)(202.0, 680.3);SD
Port:(20.0, 694.8)(20.0, 621.8)(197.0, 621.8)(197.0, 694.8);GATE
Port:(25.0, 631.8)(29.0, 631.8)(29.0, 684.8)(25.0, 684.8);SD
