Area:(-20.0, -20.0)(826.0, -20.0)(826.0, 848.0)(-20.0, 848.0)
Rule:GATE(5,5);SD(5,5);GATE_SD(0.5);GATE_ITO(0.5);SD_ITO(0.5)
Module:M14
Boundary:(560.0, 420.0)(636.0, 420.0)(636.0, 428.0)(651.0, 428.0)(651.0, 485.0)(560.0, 485.0);GATE
Port:(574.5, 475.0)(636.5, 475.0)(636.5, 485.0)(574.5, 485.0);SD
Port:(560.0, 420.0)(636.0, 420.0)(636.0, 428.0)(651.0, 428.0)(651.0, 470.0)(560.0, 470.0);GATE
Port:(570.0, 425.0)(621.0, 425.0)(621.0, 429.0)(570.0, 429.0);SD
Module:M9
Boundary:(520.0, 417.0)(520.0, 490.0)(390.0, 490.0)(390.0, 417.0);GATE
Port:(390.0, 431.5)(400.0, 431.5)(400.0, 475.5)(390.0, 475.5);SD
Port:(520.0, 417.0)(520.0, 490.0)(405.0, 490.0)(405.0, 417.0);GATE
Port:(511.0, 427.0)(515.0, 427.0)(515.0, 480.0)(511.0, 480.0);SD
Module:M5
Boundary:(259.0, 160.0)(335.0, 160.0)(335.0, 168.0)(350.0, 168.0)(350.0, 235.0)(259.0, 235.0);GATE
Port:(273.5, 225.0)(335.5, 225.0)(335.5, 235.0)(273.5, 235.0);SD
Port:(259.0, 160.0)(335.0, 160.0)(335.0, 168.0)(350.0, 168.0)(350.0, 220.0)(259.0, 220.0);GATE
Port:(269.0, 165.0)(320.0, 165.0)(320.0, 169.0)(269.0, 169.0);SD
Module:M11
Boundary:(593.0, 205.0)(722.5, 205.0)(722.5, 258.8)(774.0, 258.8)(774.0, 380.0)(593.0, 380.0);GATE
Port:(607.5, 370.0)(759.5, 370.0)(759.5, 380.0)(607.5, 380.0);SD
Port:(593.0, 205.0)(722.5, 205.0)(722.5, 258.8)(774.0, 258.8)(774.0, 365.0)(593.0, 365.0);GATE
Port:(603.0, 210.0)(708.0, 210.0)(708.0, 214.0)(603.0, 214.0);SD
Module:M1
Boundary:(237.0, 406.0)(330.5, 406.0)(330.5, 416.0)(346.0, 416.0)(346.0, 474.0)(237.0, 474.0);GATE
Port:(251.5, 464.0)(331.5, 464.0)(331.5, 474.0)(251.5, 474.0);SD
Port:(237.0, 406.0)(330.5, 406.0)(330.5, 416.0)(346.0, 416.0)(346.0, 459.0)(237.0, 459.0);GATE
Port:(247.0, 411.0)(316.0, 411.0)(316.0, 415.0)(247.0, 415.0);SD
Module:M24
Boundary:(695.0, 658.0)(771.0, 658.0)(771.0, 666.0)(786.0, 666.0)(786.0, 787.0)(695.0, 787.0);GATE
Port:(709.5, 777.0)(771.5, 777.0)(771.5, 787.0)(709.5, 787.0);SD
Port:(695.0, 658.0)(771.0, 658.0)(771.0, 666.0)(786.0, 666.0)(786.0, 772.0)(695.0, 772.0);GATE
Port:(705.0, 663.0)(756.0, 663.0)(756.0, 667.0)(705.0, 667.0);SD
Module:M19
Boundary:(216.0, 681.0)(216.0, 792.5)(204.0, 792.5)(204.0, 808.0)(151.0, 808.0)(151.0, 681.0);GATE
Port:(151.0, 695.5)(161.0, 695.5)(161.0, 793.5)(151.0, 793.5);SD
Port:(216.0, 681.0)(216.0, 792.5)(204.0, 792.5)(204.0, 808.0)(166.0, 808.0)(166.0, 681.0);GATE
Port:(207.0, 691.0)(211.0, 691.0)(211.0, 778.0)(207.0, 778.0);SD
Module:M6
Boundary:(259.0, 275.0)(335.0, 275.0)(335.0, 283.0)(350.0, 283.0)(350.0, 366.0)(259.0, 366.0);GATE
Port:(273.5, 356.0)(335.5, 356.0)(335.5, 366.0)(273.5, 366.0);SD
Port:(259.0, 275.0)(335.0, 275.0)(335.0, 283.0)(350.0, 283.0)(350.0, 351.0)(259.0, 351.0);GATE
Port:(269.0, 280.0)(320.0, 280.0)(320.0, 284.0)(269.0, 284.0);SD
Module:M21
Boundary:(184.0, 489.0)(184.0, 618.5)(170.0, 618.5)(170.0, 634.0)(20.0, 634.0)(20.0, 489.0);GATE
Port:(20.0, 503.5)(30.0, 503.5)(30.0, 619.5)(20.0, 619.5);SD
Port:(184.0, 489.0)(184.0, 618.5)(170.0, 618.5)(170.0, 634.0)(35.0, 634.0)(35.0, 489.0);GATE
Port:(175.0, 499.0)(179.0, 499.0)(179.0, 604.0)(175.0, 604.0);SD
Module:M2
Boundary:(786.0, 20.0)(786.0, 165.0)(724.0, 165.0)(724.0, 20.0);GATE
Port:(724.0, 34.5)(734.0, 34.5)(734.0, 150.5)(724.0, 150.5);SD
Port:(786.0, 20.0)(786.0, 165.0)(739.0, 165.0)(739.0, 20.0);GATE
Port:(777.0, 30.0)(781.0, 30.0)(781.0, 155.0)(777.0, 155.0);SD
Module:M16
Boundary:(346.0, 681.0)(346.0, 792.5)(334.0, 792.5)(334.0, 808.0)(256.0, 808.0)(256.0, 681.0);GATE
Port:(256.0, 695.5)(266.0, 695.5)(266.0, 793.5)(256.0, 793.5);SD
Port:(346.0, 681.0)(346.0, 792.5)(334.0, 792.5)(334.0, 808.0)(271.0, 808.0)(271.0, 681.0);GATE
Port:(337.0, 691.0)(341.0, 691.0)(341.0, 778.0)(337.0, 778.0);SD
Module:M13
Boundary:(277.0, 20.0)(350.0, 20.0)(350.0, 120.0)(277.0, 120.0);GATE
Port:(291.5, 110.0)(335.5, 110.0)(335.5, 120.0)(291.5, 120.0);SD
Port:(277.0, 20.0)(350.0, 20.0)(350.0, 105.0)(277.0, 105.0);GATE
Port:(287.0, 25.0)(340.0, 25.0)(340.0, 29.0)(287.0, 29.0);SD
Module:M10
Boundary:(390.0, 20.0)(465.5, 20.0)(465.5, 117.1)(553.0, 117.1)(553.0, 208.0)(390.0, 208.0);GATE
Port:(404.5, 198.0)(538.5, 198.0)(538.5, 208.0)(404.5, 208.0);SD
Port:(390.0, 20.0)(465.5, 20.0)(465.5, 117.1)(553.0, 117.1)(553.0, 193.0)(390.0, 193.0);GATE
Port:(400.0, 25.0)(451.0, 25.0)(451.0, 29.0)(400.0, 29.0);SD
Module:M7
Boundary:(327.0, 514.0)(327.0, 625.5)(315.0, 625.5)(315.0, 641.0)(224.0, 641.0)(224.0, 514.0);GATE
Port:(224.0, 528.5)(234.0, 528.5)(234.0, 626.5)(224.0, 626.5);SD
Port:(327.0, 514.0)(327.0, 625.5)(315.0, 625.5)(315.0, 641.0)(239.0, 641.0)(239.0, 514.0);GATE
Port:(318.0, 524.0)(322.0, 524.0)(322.0, 611.0)(318.0, 611.0);SD
Module:M3
Boundary:(20.0, 20.0)(167.5, 20.0)(167.5, 65.0)(237.0, 65.0)(237.0, 103.0)(20.0, 103.0);GATE
Port:(34.5, 93.0)(222.5, 93.0)(222.5, 103.0)(34.5, 103.0);SD
Port:(20.0, 20.0)(167.5, 20.0)(167.5, 65.0)(237.0, 65.0)(237.0, 88.0)(20.0, 88.0);GATE
Port:(30.0, 25.0)(153.0, 25.0)(153.0, 29.0)(30.0, 29.0);SD
Module:M23
Boundary:(20.0, 674.0)(96.0, 674.0)(96.0, 682.0)(111.0, 682.0)(111.0, 806.0)(20.0, 806.0);GATE
Port:(34.5, 796.0)(96.5, 796.0)(96.5, 806.0)(34.5, 806.0);SD
Port:(20.0, 674.0)(96.0, 674.0)(96.0, 682.0)(111.0, 682.0)(111.0, 791.0)(20.0, 791.0);GATE
Port:(30.0, 679.0)(81.0, 679.0)(81.0, 683.0)(30.0, 683.0);SD
Module:M18
Boundary:(622.0, 552.0)(733.5, 552.0)(733.5, 571.0)(785.0, 571.0)(785.0, 618.0)(622.0, 618.0);GATE
Port:(636.5, 608.0)(770.5, 608.0)(770.5, 618.0)(636.5, 618.0);SD
Port:(622.0, 552.0)(733.5, 552.0)(733.5, 571.0)(785.0, 571.0)(785.0, 603.0)(622.0, 603.0);GATE
Port:(632.0, 557.0)(719.0, 557.0)(719.0, 561.0)(632.0, 561.0);SD
Module:M20
Boundary:(390.0, 248.0)(537.5, 248.0)(537.5, 264.0)(553.0, 264.0)(553.0, 377.0)(390.0, 377.0);GATE
Port:(404.5, 367.0)(538.5, 367.0)(538.5, 377.0)(404.5, 377.0);SD
Port:(390.0, 248.0)(537.5, 248.0)(537.5, 264.0)(553.0, 264.0)(553.0, 362.0)(390.0, 362.0);GATE
Port:(400.0, 253.0)(523.0, 253.0)(523.0, 257.0)(400.0, 257.0);SD
Module:M15
Boundary:(655.0, 661.0)(655.0, 790.5)(641.0, 790.5)(641.0, 806.0)(589.0, 806.0)(589.0, 661.0);GATE
Port:(589.0, 675.5)(599.0, 675.5)(599.0, 791.5)(589.0, 791.5);SD
Port:(655.0, 661.0)(655.0, 790.5)(641.0, 790.5)(641.0, 806.0)(604.0, 806.0)(604.0, 661.0);GATE
Port:(646.0, 671.0)(650.0, 671.0)(650.0, 776.0)(646.0, 776.0);SD
Module:M12
Boundary:(691.0, 420.0)(767.0, 420.0)(767.0, 428.0)(782.0, 428.0)(782.0, 512.0)(691.0, 512.0);GATE
Port:(705.5, 502.0)(767.5, 502.0)(767.5, 512.0)(705.5, 512.0);SD
Port:(691.0, 420.0)(767.0, 420.0)(767.0, 428.0)(782.0, 428.0)(782.0, 497.0)(691.0, 497.0);GATE
Port:(701.0, 425.0)(752.0, 425.0)(752.0, 429.0)(701.0, 429.0);SD
Module:M8
Boundary:(197.0, 376.0)(197.0, 449.0)(20.0, 449.0)(20.0, 376.0);GATE
Port:(20.0, 390.5)(30.0, 390.5)(30.0, 434.5)(20.0, 434.5);SD
Port:(197.0, 376.0)(197.0, 449.0)(35.0, 449.0)(35.0, 376.0);GATE
Port:(188.0, 386.0)(192.0, 386.0)(192.0, 439.0)(188.0, 439.0);SD
Module:M4
Boundary:(20.0, 143.0)(149.5, 143.0)(149.5, 228.8)(219.0, 228.8)(219.0, 336.0)(20.0, 336.0);GATE
Port:(34.5, 326.0)(204.5, 326.0)(204.5, 336.0)(34.5, 336.0);SD
Port:(20.0, 143.0)(149.5, 143.0)(149.5, 228.8)(219.0, 228.8)(219.0, 321.0)(20.0, 321.0);GATE
Port:(30.0, 148.0)(135.0, 148.0)(135.0, 152.0)(30.0, 152.0);SD
Module:M25
Boundary:(386.0, 661.0)(497.5, 661.0)(497.5, 704.2)(549.0, 704.2)(549.0, 806.0)(386.0, 806.0);GATE
Port:(400.5, 796.0)(534.5, 796.0)(534.5, 806.0)(400.5, 806.0);SD
Port:(386.0, 661.0)(497.5, 661.0)(497.5, 704.2)(549.0, 704.2)(549.0, 791.0)(386.0, 791.0);GATE
Port:(396.0, 666.0)(483.0, 666.0)(483.0, 670.0)(396.0, 670.0);SD
Module:M22
Boundary:(582.0, 530.0)(582.0, 606.0)(574.0, 606.0)(574.0, 621.0)(390.0, 621.0)(390.0, 530.0);GATE
Port:(390.0, 544.5)(400.0, 544.5)(400.0, 606.5)(390.0, 606.5);SD
Port:(582.0, 530.0)(582.0, 606.0)(574.0, 606.0)(574.0, 621.0)(405.0, 621.0)(405.0, 530.0);GATE
Port:(573.0, 540.0)(577.0, 540.0)(577.0, 591.0)(573.0, 591.0);SD
Module:M17
Boundary:(593.0, 20.0)(669.0, 20.0)(669.0, 28.0)(684.0, 28.0)(684.0, 163.0)(593.0, 163.0);GATE
Port:(607.5, 153.0)(669.5, 153.0)(669.5, 163.0)(607.5, 163.0);SD
Port:(593.0, 20.0)(669.0, 20.0)(669.0, 28.0)(684.0, 28.0)(684.0, 148.0)(593.0, 148.0);GATE
Port:(603.0, 25.0)(654.0, 25.0)(654.0, 29.0)(603.0, 29.0);SD
