Area:(-20.0, -20.0)(612.5, -20.0)(612.5, 526.2)(-20.0, 526.2)
Rule:GATE(5,5);SD(5,5);GATE_SD(0.5);GATE_ITO(0.5);SD_ITO(0.5)
Module:M9
Boundary:(552.1, 395.7)(552.1, 471.2)(551.9, 471.2)(551.9, 486.2)(418.3, 486.2)(418.3, 395.7);GATE
Port:(418.3, 407.6)(423.7, 407.6)(423.7, 474.3)(418.3, 474.3);SD
Port:(552.1, 395.7)(552.1, 471.2)(551.9, 471.2)(551.9, 486.2)(425.9, 486.2)(425.9, 395.7);GATE
Port:(541.9, 401.0)(547.8, 401.0)(547.8, 465.9)(541.9, 465.9);SD
Module:M5
Boundary:(230.3, 277.1)(230.3, 309.1)(230.1, 309.1)(230.1, 323.3)(30.0, 323.3)(30.0, 277.1);GATE
Port:(30.0, 289.9)(35.2, 289.9)(35.2, 310.5)(30.0, 310.5);SD
Port:(230.3, 277.1)(230.3, 309.1)(230.1, 309.1)(230.1, 323.3)(37.2, 323.3)(37.2, 277.1);GATE
Port:(219.5, 282.9)(225.5, 282.9)(225.5, 303.3)(219.5, 303.3);SD
Module:M1
Boundary:(323.9, 20.0)(403.4, 20.0)(403.4, 20.4)(418.7, 20.4)(418.7, 182.6)(323.9, 182.6);GATE
Port:(336.7, 176.8)(405.9, 176.8)(405.9, 182.6)(336.7, 182.6);SD
Port:(323.9, 20.0)(403.4, 20.0)(403.4, 20.4)(418.7, 20.4)(418.7, 174.8)(323.9, 174.8);GATE
Port:(329.2, 24.3)(398.1, 24.3)(398.1, 31.2)(329.2, 31.2);SD
Module:M6
Boundary:(20.0, 20.0)(101.4, 20.0)(101.4, 81.4)(115.8, 81.4)(115.8, 197.4)(20.0, 197.4);GATE
Port:(33.2, 192.1)(102.6, 192.1)(102.6, 197.4)(33.2, 197.4);SD
Port:(20.0, 20.0)(101.4, 20.0)(101.4, 81.4)(115.8, 81.4)(115.8, 190.4)(20.0, 190.4);GATE
Port:(26.6, 25.6)(93.8, 25.6)(93.8, 31.1)(26.6, 31.1);SD
Module:M2
Boundary:(569.3, 240.5)(569.3, 340.7)(523.8, 340.7)(523.8, 355.7)(451.7, 355.7)(451.7, 240.5);GATE
Port:(451.7, 255.1)(456.6, 255.1)(456.6, 341.1)(451.7, 341.1);SD
Port:(569.3, 240.5)(569.3, 340.7)(523.8, 340.7)(523.8, 355.7)(459.5, 355.7)(459.5, 240.5);GATE
Port:(557.3, 247.5)(563.3, 247.5)(563.3, 332.7)(557.3, 332.7);SD
Module:M10
Boundary:(368.3, 383.3)(368.3, 457.8)(259.6, 457.8)(259.6, 474.7)(186.8, 474.7)(186.8, 383.3);GATE
Port:(186.8, 398.5)(192.0, 398.5)(192.0, 459.5)(186.8, 459.5);SD
Port:(368.3, 383.3)(368.3, 457.8)(259.6, 457.8)(259.6, 474.7)(194.6, 474.7)(194.6, 383.3);GATE
Port:(356.0, 389.1)(363.5, 389.1)(363.5, 451.0)(356.0, 451.0);SD
Module:M7
Boundary:(411.7, 222.6)(411.7, 314.7)(411.2, 314.7)(411.2, 332.8)(323.9, 332.8)(323.9, 222.6);GATE
Port:(323.9, 237.9)(328.0, 237.9)(328.0, 317.5)(323.9, 317.5);SD
Port:(411.7, 222.6)(411.7, 314.7)(411.2, 314.7)(411.2, 332.8)(330.3, 332.8)(330.3, 222.6);GATE
Port:(399.9, 228.8)(406.5, 228.8)(406.5, 308.5)(399.9, 308.5);SD
Module:M3
Boundary:(136.8, 373.3)(136.8, 485.8)(20.0, 485.8)(20.0, 373.3);GATE
Port:(20.0, 388.9)(25.0, 388.9)(25.0, 470.2)(20.0, 470.2);SD
Port:(136.8, 373.3)(136.8, 485.8)(27.2, 485.8)(27.2, 373.3);GATE
Port:(124.7, 379.2)(131.9, 379.2)(131.9, 479.9)(124.7, 479.9);SD
Module:M8
Boundary:(155.8, 20.0)(266.9, 20.0)(266.9, 92.0)(283.9, 92.0)(283.9, 227.1)(155.8, 227.1);GATE
Port:(171.4, 221.8)(268.3, 221.8)(268.3, 227.1)(171.4, 227.1);SD
Port:(155.8, 20.0)(266.9, 20.0)(266.9, 92.0)(283.9, 92.0)(283.9, 219.7)(155.8, 219.7);GATE
Port:(162.2, 25.4)(259.5, 25.4)(259.5, 32.5)(162.2, 32.5);SD
Module:M4
Boundary:(458.7, 20.0)(557.4, 20.0)(557.4, 51.4)(572.5, 51.4)(572.5, 200.5)(458.7, 200.5);GATE
Port:(472.0, 195.6)(559.2, 195.6)(559.2, 200.5)(472.0, 200.5);SD
Port:(458.7, 20.0)(557.4, 20.0)(557.4, 51.4)(572.5, 51.4)(572.5, 193.5)(458.7, 193.5);GATE
Port:(463.8, 24.1)(551.3, 24.1)(551.3, 30.5)(463.8, 30.5);SD
