Area:(-20.0, -20.0)(534.0, -20.0)(534.0, 1565.0)(-20.0, 1565.0)
Rule:GATE(5,5);SD(5,5);GATE_SD(0.5);GATE_ITO(0.5);SD_ITO(0.5)
Module:M14
Boundary:(99.0, 641.0)(99.0, 734.5)(89.0, 734.5)(89.0, 750.0)(20.0, 750.0)(20.0, 641.0);GATE
Port:(20.0, 655.5)(30.0, 655.5)(30.0, 735.5)(20.0, 735.5);SD
Port:(99.0, 641.0)(99.0, 734.5)(89.0, 734.5)(89.0, 750.0)(35.0, 750.0)(35.0, 641.0);GATE
Port:(90.0, 651.0)(94.0, 651.0)(94.0, 720.0)(90.0, 720.0);SD
Module:M9
Boundary:(20.0, 1156.0)(131.5, 1156.0)(131.5, 1228.3)(183.0, 1228.3)(183.0, 1288.0)(20.0, 1288.0);GATE
Port:(34.5, 1278.0)(168.5, 1278.0)(168.5, 1288.0)(34.5, 1288.0);SD
Port:(20.0, 1156.0)(131.5, 1156.0)(131.5, 1228.3)(183.0, 1228.3)(183.0, 1273.0)(20.0, 1273.0);GATE
Port:(30.0, 1161.0)(117.0, 1161.0)(117.0, 1165.0)(30.0, 1165.0);SD
Module:M5
Boundary:(481.0, 722.0)(481.0, 869.5)(463.0, 869.5)(463.0, 885.0)(288.0, 885.0)(288.0, 722.0);GATE
Port:(288.0, 736.5)(298.0, 736.5)(298.0, 870.5)(288.0, 870.5);SD
Port:(481.0, 722.0)(481.0, 869.5)(463.0, 869.5)(463.0, 885.0)(303.0, 885.0)(303.0, 722.0);GATE
Port:(472.0, 732.0)(476.0, 732.0)(476.0, 855.0)(472.0, 855.0);SD
Module:M11
Boundary:(246.0, 490.0)(246.0, 563.0)(133.0, 563.0)(133.0, 490.0);GATE
Port:(133.0, 504.5)(143.0, 504.5)(143.0, 548.5)(133.0, 548.5);SD
Port:(246.0, 490.0)(246.0, 563.0)(148.0, 563.0)(148.0, 490.0);GATE
Port:(237.0, 500.0)(241.0, 500.0)(241.0, 553.0)(237.0, 553.0);SD
Module:M1
Boundary:(400.0, 591.0)(476.0, 591.0)(476.0, 599.0)(491.0, 599.0)(491.0, 674.0)(400.0, 674.0);GATE
Port:(414.5, 664.0)(476.5, 664.0)(476.5, 674.0)(414.5, 674.0);SD
Port:(400.0, 591.0)(476.0, 591.0)(476.0, 599.0)(491.0, 599.0)(491.0, 659.0)(400.0, 659.0);GATE
Port:(410.0, 596.0)(461.0, 596.0)(461.0, 600.0)(410.0, 600.0);SD
Module:M24
Boundary:(215.0, 989.0)(215.0, 1064.5)(156.5, 1064.5)(156.5, 1116.0)(20.0, 1116.0)(20.0, 989.0);GATE
Port:(20.0, 1003.5)(30.0, 1003.5)(30.0, 1101.5)(20.0, 1101.5);SD
Port:(215.0, 989.0)(215.0, 1064.5)(156.5, 1064.5)(156.5, 1116.0)(35.0, 1116.0)(35.0, 989.0);GATE
Port:(206.0, 999.0)(210.0, 999.0)(210.0, 1050.0)(206.0, 1050.0);SD
Module:M19
Boundary:(20.0, 790.0)(93.0, 790.0)(93.0, 947.0)(20.0, 947.0);GATE
Port:(34.5, 937.0)(78.5, 937.0)(78.5, 947.0)(34.5, 947.0);SD
Port:(20.0, 790.0)(93.0, 790.0)(93.0, 932.0)(20.0, 932.0);GATE
Port:(30.0, 795.0)(83.0, 795.0)(83.0, 799.0)(30.0, 799.0);SD
Module:M6
Boundary:(223.0, 1164.0)(299.0, 1164.0)(299.0, 1172.0)(314.0, 1172.0)(314.0, 1279.0)(223.0, 1279.0);GATE
Port:(237.5, 1269.0)(299.5, 1269.0)(299.5, 1279.0)(237.5, 1279.0);SD
Port:(223.0, 1164.0)(299.0, 1164.0)(299.0, 1172.0)(314.0, 1172.0)(314.0, 1264.0)(223.0, 1264.0);GATE
Port:(233.0, 1169.0)(284.0, 1169.0)(284.0, 1173.0)(233.0, 1173.0);SD
Module:M21
Boundary:(169.0, 20.0)(280.5, 20.0)(280.5, 32.0)(296.0, 32.0)(296.0, 173.0)(169.0, 173.0);GATE
Port:(183.5, 163.0)(281.5, 163.0)(281.5, 173.0)(183.5, 173.0);SD
Port:(169.0, 20.0)(280.5, 20.0)(280.5, 32.0)(296.0, 32.0)(296.0, 158.0)(169.0, 158.0);GATE
Port:(179.0, 25.0)(266.0, 25.0)(266.0, 29.0)(179.0, 29.0);SD
Module:M2
Boundary:(385.0, 388.0)(385.0, 481.5)(375.0, 481.5)(375.0, 497.0)(287.0, 497.0)(287.0, 388.0);GATE
Port:(287.0, 402.5)(297.0, 402.5)(297.0, 482.5)(287.0, 482.5);SD
Port:(385.0, 388.0)(385.0, 481.5)(375.0, 481.5)(375.0, 497.0)(302.0, 497.0)(302.0, 388.0);GATE
Port:(376.0, 398.0)(380.0, 398.0)(380.0, 467.0)(376.0, 467.0);SD
Module:M16
Boundary:(336.0, 20.0)(411.5, 20.0)(411.5, 66.2)(481.0, 66.2)(481.0, 137.0)(336.0, 137.0);GATE
Port:(350.5, 127.0)(466.5, 127.0)(466.5, 137.0)(350.5, 137.0);SD
Port:(336.0, 20.0)(411.5, 20.0)(411.5, 66.2)(481.0, 66.2)(481.0, 122.0)(336.0, 122.0);GATE
Port:(346.0, 25.0)(397.0, 25.0)(397.0, 29.0)(346.0, 29.0);SD
Module:M13
Boundary:(360.0, 177.0)(453.5, 177.0)(453.5, 252.8)(487.0, 252.8)(487.0, 348.0)(360.0, 348.0);GATE
Port:(374.5, 338.0)(472.5, 338.0)(472.5, 348.0)(374.5, 348.0);SD
Port:(360.0, 177.0)(453.5, 177.0)(453.5, 252.8)(487.0, 252.8)(487.0, 333.0)(360.0, 333.0);GATE
Port:(370.0, 182.0)(439.0, 182.0)(439.0, 186.0)(370.0, 186.0);SD
Module:M10
Boundary:(139.0, 752.0)(232.5, 752.0)(232.5, 762.0)(248.0, 762.0)(248.0, 949.0)(139.0, 949.0);GATE
Port:(153.5, 939.0)(233.5, 939.0)(233.5, 949.0)(153.5, 949.0);SD
Port:(139.0, 752.0)(232.5, 752.0)(232.5, 762.0)(248.0, 762.0)(248.0, 934.0)(139.0, 934.0);GATE
Port:(149.0, 757.0)(218.0, 757.0)(218.0, 761.0)(149.0, 761.0);SD
Module:M7
Boundary:(20.0, 438.0)(93.0, 438.0)(93.0, 601.0)(20.0, 601.0);GATE
Port:(34.5, 591.0)(78.5, 591.0)(78.5, 601.0)(34.5, 601.0);SD
Port:(20.0, 438.0)(93.0, 438.0)(93.0, 586.0)(20.0, 586.0);GATE
Port:(30.0, 443.0)(83.0, 443.0)(83.0, 447.0)(30.0, 447.0);SD
Module:M3
Boundary:(247.0, 603.0)(247.0, 696.5)(237.0, 696.5)(237.0, 712.0)(139.0, 712.0)(139.0, 603.0);GATE
Port:(139.0, 617.5)(149.0, 617.5)(149.0, 697.5)(139.0, 697.5);SD
Port:(247.0, 603.0)(247.0, 696.5)(237.0, 696.5)(237.0, 712.0)(154.0, 712.0)(154.0, 603.0);GATE
Port:(238.0, 613.0)(242.0, 613.0)(242.0, 682.0)(238.0, 682.0);SD
Module:M23
Boundary:(20.0, 20.0)(113.5, 20.0)(113.5, 30.0)(129.0, 30.0)(129.0, 213.0)(20.0, 213.0);GATE
Port:(34.5, 203.0)(114.5, 203.0)(114.5, 213.0)(34.5, 213.0);SD
Port:(20.0, 20.0)(113.5, 20.0)(113.5, 30.0)(129.0, 30.0)(129.0, 198.0)(20.0, 198.0);GATE
Port:(30.0, 25.0)(99.0, 25.0)(99.0, 29.0)(30.0, 29.0);SD
Module:M18
Boundary:(360.0, 537.0)(360.0, 666.5)(346.0, 666.5)(346.0, 682.0)(287.0, 682.0)(287.0, 537.0);GATE
Port:(287.0, 551.5)(297.0, 551.5)(297.0, 667.5)(287.0, 667.5);SD
Port:(360.0, 537.0)(360.0, 666.5)(346.0, 666.5)(346.0, 682.0)(302.0, 682.0)(302.0, 537.0);GATE
Port:(351.0, 547.0)(355.0, 547.0)(355.0, 652.0)(351.0, 652.0);SD
Module:M20
Boundary:(486.0, 925.0)(486.0, 1054.5)(397.7, 1054.5)(397.7, 1124.0)(288.0, 1124.0)(288.0, 925.0);GATE
Port:(288.0, 939.5)(298.0, 939.5)(298.0, 1109.5)(288.0, 1109.5);SD
Port:(486.0, 925.0)(486.0, 1054.5)(397.7, 1054.5)(397.7, 1124.0)(303.0, 1124.0)(303.0, 925.0);GATE
Port:(477.0, 935.0)(481.0, 935.0)(481.0, 1040.0)(477.0, 1040.0);SD
Module:M15
Boundary:(149.0, 380.0)(225.0, 380.0)(225.0, 388.0)(240.0, 388.0)(240.0, 450.0)(149.0, 450.0);GATE
Port:(163.5, 440.0)(225.5, 440.0)(225.5, 450.0)(163.5, 450.0);SD
Port:(149.0, 380.0)(225.0, 380.0)(225.0, 388.0)(240.0, 388.0)(240.0, 435.0)(149.0, 435.0);GATE
Port:(159.0, 385.0)(210.0, 385.0)(210.0, 389.0)(159.0, 389.0);SD
Module:M12
Boundary:(109.0, 253.0)(109.0, 382.5)(95.0, 382.5)(95.0, 398.0)(20.0, 398.0)(20.0, 253.0);GATE
Port:(20.0, 267.5)(30.0, 267.5)(30.0, 383.5)(20.0, 383.5);SD
Port:(109.0, 253.0)(109.0, 382.5)(95.0, 382.5)(95.0, 398.0)(35.0, 398.0)(35.0, 253.0);GATE
Port:(100.0, 263.0)(104.0, 263.0)(104.0, 368.0)(100.0, 368.0);SD
Module:M8
Boundary:(486.0, 1164.0)(486.0, 1275.5)(474.0, 1275.5)(474.0, 1291.0)(354.0, 1291.0)(354.0, 1164.0);GATE
Port:(354.0, 1178.5)(364.0, 1178.5)(364.0, 1276.5)(354.0, 1276.5);SD
Port:(486.0, 1164.0)(486.0, 1275.5)(474.0, 1275.5)(474.0, 1291.0)(369.0, 1291.0)(369.0, 1164.0);GATE
Port:(477.0, 1174.0)(481.0, 1174.0)(481.0, 1261.0)(477.0, 1261.0);SD
Module:M4
Boundary:(20.0, 1328.0)(149.5, 1328.0)(149.5, 1455.6)(291.0, 1455.6)(291.0, 1525.0)(20.0, 1525.0);GATE
Port:(34.5, 1515.0)(276.5, 1515.0)(276.5, 1525.0)(34.5, 1525.0);SD
Port:(20.0, 1328.0)(149.5, 1328.0)(149.5, 1455.6)(291.0, 1455.6)(291.0, 1510.0)(20.0, 1510.0);GATE
Port:(30.0, 1333.0)(135.0, 1333.0)(135.0, 1337.0)(30.0, 1337.0);SD
Module:M25
Boundary:(320.0, 213.0)(320.0, 324.5)(308.0, 324.5)(308.0, 340.0)(169.0, 340.0)(169.0, 213.0);GATE
Port:(169.0, 227.5)(179.0, 227.5)(179.0, 325.5)(169.0, 325.5);SD
Port:(320.0, 213.0)(320.0, 324.5)(308.0, 324.5)(308.0, 340.0)(184.0, 340.0)(184.0, 213.0);GATE
Port:(311.0, 223.0)(315.0, 223.0)(315.0, 310.0)(311.0, 310.0);SD
Module:M22
Boundary:(331.0, 1331.0)(478.5, 1331.0)(478.5, 1347.0)(494.0, 1347.0)(494.0, 1524.0)(331.0, 1524.0);GATE
Port:(345.5, 1514.0)(479.5, 1514.0)(479.5, 1524.0)(345.5, 1524.0);SD
Port:(331.0, 1331.0)(478.5, 1331.0)(478.5, 1347.0)(494.0, 1347.0)(494.0, 1509.0)(331.0, 1509.0);GATE
Port:(341.0, 1336.0)(464.0, 1336.0)(464.0, 1340.0)(341.0, 1340.0);SD
Module:M17
Boundary:(494.0, 388.0)(494.0, 535.5)(478.0, 535.5)(478.0, 551.0)(425.0, 551.0)(425.0, 388.0);GATE
Port:(425.0, 402.5)(435.0, 402.5)(435.0, 536.5)(425.0, 536.5);SD
Port:(494.0, 388.0)(494.0, 535.5)(478.0, 535.5)(478.0, 551.0)(440.0, 551.0)(440.0, 388.0);GATE
Port:(485.0, 398.0)(489.0, 398.0)(489.0, 521.0)(485.0, 521.0);SD
