Area:(-20.0, 12.1)(565.3, 12.1)(565.3, 1311.0)(-20.0, 1311.0)
Rule:GATE(5,5);SD(5,5);GATE_SD(0.5);GATE_ITO(0.5);SD_ITO(0.5)
Module:M19
Boundary:(192.0, 68.2)(192.0, 144.2)(200.1, 144.2)(200.1, 159.2)(322.0, 159.2)(322.0, 68.2);GATE
Port:(312.0, 82.7)(322.0, 82.7)(322.0, 144.7)(312.0, 144.7);SD
Port:(192.0, 68.2)(192.0, 144.2)(200.1, 144.2)(200.1, 159.2)(307.0, 159.2)(307.0, 68.2);GATE
Port:(197.0, 78.2)(201.0, 78.2)(201.0, 129.2)(197.0, 129.2);SD
Module:M25
Boundary:(525.3, 176.2)(395.8, 176.2)(395.8, 162.2)(380.3, 162.2)(380.3, 57.2)(525.3, 57.2);GATE
Port:(394.8, 57.2)(510.8, 57.2)(510.8, 67.2)(394.8, 67.2);SD
Port:(525.3, 176.2)(395.8, 176.2)(395.8, 162.2)(380.3, 162.2)(380.3, 72.2)(525.3, 72.2);GATE
Port:(410.3, 167.2)(515.3, 167.2)(515.3, 171.2)(410.3, 171.2);SD
Module:M12
Boundary:(190.5, 179.1)(190.5, 67.6)(178.5, 67.6)(178.5, 52.1)(39.5, 52.1)(39.5, 179.1);GATE
Port:(39.5, 66.6)(49.5, 66.6)(49.5, 164.6)(39.5, 164.6);SD
Port:(190.5, 179.1)(190.5, 67.6)(178.5, 67.6)(178.5, 52.1)(54.5, 52.1)(54.5, 179.1);GATE
Port:(181.5, 82.1)(185.5, 82.1)(185.5, 169.1)(181.5, 169.1);SD
Module:M1
Boundary:(338.0, 316.4)(262.0, 316.4)(262.0, 308.4)(247.0, 308.4)(247.0, 179.4)(338.0, 179.4);GATE
Port:(261.5, 179.4)(323.5, 179.4)(323.5, 189.4)(261.5, 189.4);SD
Port:(338.0, 316.4)(262.0, 316.4)(262.0, 308.4)(247.0, 308.4)(247.0, 194.4)(338.0, 194.4);GATE
Port:(277.0, 307.4)(328.0, 307.4)(328.0, 311.4)(277.0, 311.4);SD
Module:M24
Boundary:(511.5, 318.2)(400.0, 318.2)(400.0, 269.0)(366.5, 269.0)(366.5, 202.2)(511.5, 202.2);GATE
Port:(381.0, 202.2)(497.0, 202.2)(497.0, 212.2)(381.0, 212.2);SD
Port:(511.5, 318.2)(400.0, 318.2)(400.0, 269.0)(366.5, 269.0)(366.5, 217.2)(511.5, 217.2);GATE
Port:(414.5, 309.2)(501.5, 309.2)(501.5, 313.2)(414.5, 313.2);SD
Module:M15
Boundary:(224.8, 217.2)(224.8, 310.7)(214.8, 310.7)(214.8, 326.2)(150.8, 326.2)(150.8, 217.2);GATE
Port:(150.8, 231.7)(160.8, 231.7)(160.8, 311.7)(150.8, 311.7);SD
Port:(224.8, 217.2)(224.8, 310.7)(214.8, 310.7)(214.8, 326.2)(165.8, 326.2)(165.8, 217.2);GATE
Port:(215.8, 227.2)(219.8, 227.2)(219.8, 296.2)(215.8, 296.2);SD
Module:M14
Boundary:(116.1, 188.7)(43.1, 188.7)(43.1, 359.7)(116.1, 359.7);GATE
Port:(57.6, 349.7)(101.6, 349.7)(101.6, 359.7)(57.6, 359.7);SD
Port:(116.1, 188.7)(43.1, 188.7)(43.1, 344.7)(116.1, 344.7);GATE
Port:(53.1, 193.7)(106.1, 193.7)(106.1, 197.7)(53.1, 197.7);SD
Module:M8
Boundary:(133.0, 434.6)(244.5, 434.6)(244.5, 422.6)(260.0, 422.6)(260.0, 355.6)(133.0, 355.6);GATE
Port:(147.5, 355.6)(245.5, 355.6)(245.5, 365.6)(147.5, 365.6);SD
Port:(133.0, 434.6)(244.5, 434.6)(244.5, 422.6)(260.0, 422.6)(260.0, 370.6)(133.0, 370.6);GATE
Port:(143.0, 425.6)(230.0, 425.6)(230.0, 429.6)(143.0, 429.6);SD
Module:M10
Boundary:(265.1, 368.4)(265.1, 444.5)(273.1, 444.5)(273.1, 459.4)(358.1, 459.4)(358.1, 368.4);GATE
Port:(348.1, 382.9)(358.1, 382.9)(358.1, 444.9)(348.1, 444.9);SD
Port:(265.1, 368.4)(265.1, 444.5)(273.1, 444.5)(273.1, 459.4)(343.1, 459.4)(343.1, 368.4);GATE
Port:(270.1, 378.4)(274.1, 378.4)(274.1, 429.4)(270.1, 429.4);SD
Module:M22
Boundary:(479.6, 543.4)(403.6, 543.4)(403.6, 535.4)(388.6, 535.4)(388.6, 365.4)(479.6, 365.4);GATE
Port:(403.1, 365.4)(465.1, 365.4)(465.1, 375.4)(403.1, 375.4);SD
Port:(479.6, 543.4)(403.6, 543.4)(403.6, 535.4)(388.6, 535.4)(388.6, 380.4)(479.6, 380.4);GATE
Port:(418.6, 534.4)(469.6, 534.4)(469.6, 538.4)(418.6, 538.4);SD
Module:M11
Boundary:(293.0, 595.0)(217.0, 595.0)(217.0, 587.0)(202.0, 587.0)(202.0, 466.0)(293.0, 466.0);GATE
Port:(216.5, 466.0)(278.5, 466.0)(278.5, 476.0)(216.5, 476.0);SD
Port:(293.0, 595.0)(217.0, 595.0)(217.0, 587.0)(202.0, 587.0)(202.0, 481.0)(293.0, 481.0);GATE
Port:(232.0, 586.0)(283.0, 586.0)(283.0, 590.0)(232.0, 590.0);SD
Module:M13
Boundary:(162.0, 478.6)(162.0, 608.1)(148.0, 608.1)(148.0, 623.6)(20.0, 623.6)(20.0, 478.6);GATE
Port:(20.0, 493.1)(30.0, 493.1)(30.0, 609.1)(20.0, 609.1);SD
Port:(162.0, 478.6)(162.0, 608.1)(148.0, 608.1)(148.0, 623.6)(35.0, 623.6)(35.0, 478.6);GATE
Port:(153.0, 488.6)(157.0, 488.6)(157.0, 593.6)(153.0, 593.6);SD
Module:M4
Boundary:(398.6, 551.5)(398.6, 681.0)(384.6, 681.0)(384.6, 696.5)(317.6, 696.5)(317.6, 551.5);GATE
Port:(317.6, 566.0)(327.6, 566.0)(327.6, 682.0)(317.6, 682.0);SD
Port:(398.6, 551.5)(398.6, 681.0)(384.6, 681.0)(384.6, 696.5)(332.6, 696.5)(332.6, 551.5);GATE
Port:(389.6, 561.5)(393.6, 561.5)(393.6, 666.5)(389.6, 666.5);SD
Module:M6
Boundary:(417.5, 576.6)(417.5, 724.1)(433.5, 724.1)(433.5, 739.6)(486.5, 739.6)(486.5, 576.6);GATE
Port:(476.5, 591.1)(486.5, 591.1)(486.5, 725.1)(476.5, 725.1);SD
Port:(417.5, 576.6)(417.5, 724.1)(433.5, 724.1)(433.5, 739.6)(471.5, 739.6)(471.5, 576.6);GATE
Port:(422.5, 586.6)(426.5, 586.6)(426.5, 709.6)(422.5, 709.6);SD
Module:M21
Boundary:(183.0, 721.0)(35.5, 721.0)(35.5, 705.0)(20.0, 705.0)(20.0, 632.0)(183.0, 632.0);GATE
Port:(34.5, 632.0)(168.5, 632.0)(168.5, 642.0)(34.5, 642.0);SD
Port:(183.0, 721.0)(35.5, 721.0)(35.5, 705.0)(20.0, 705.0)(20.0, 647.0)(183.0, 647.0);GATE
Port:(50.0, 712.0)(173.0, 712.0)(173.0, 716.0)(50.0, 716.0);SD
Module:M3
Boundary:(291.0, 635.0)(218.0, 635.0)(218.0, 731.0)(291.0, 731.0);GATE
Port:(232.5, 721.0)(276.5, 721.0)(276.5, 731.0)(232.5, 731.0);SD
Port:(291.0, 635.0)(218.0, 635.0)(218.0, 716.0)(291.0, 716.0);GATE
Port:(228.0, 640.0)(281.0, 640.0)(281.0, 644.0)(228.0, 644.0);SD
Module:M7
Boundary:(501.1, 741.9)(353.6, 741.9)(353.6, 757.9)(338.1, 757.9)(338.1, 882.9)(501.1, 882.9);GATE
Port:(352.6, 872.9)(486.6, 872.9)(486.6, 882.9)(352.6, 882.9);SD
Port:(501.1, 741.9)(353.6, 741.9)(353.6, 757.9)(338.1, 757.9)(338.1, 867.9)(501.1, 867.9);GATE
Port:(368.1, 746.9)(491.1, 746.9)(491.1, 750.9)(368.1, 750.9);SD
Module:M2
Boundary:(223.0, 897.6)(299.0, 897.6)(299.0, 889.6)(314.0, 889.6)(314.0, 750.6)(223.0, 750.6);GATE
Port:(237.5, 750.6)(299.5, 750.6)(299.5, 760.6)(237.5, 760.6);SD
Port:(223.0, 897.6)(299.0, 897.6)(299.0, 889.6)(314.0, 889.6)(314.0, 765.6)(223.0, 765.6);GATE
Port:(233.0, 888.6)(284.0, 888.6)(284.0, 892.6)(233.0, 892.6);SD
Module:M20
Boundary:(210.2, 711.1)(62.7, 711.1)(62.7, 729.1)(47.2, 729.1)(47.2, 874.1)(210.2, 874.1);GATE
Port:(61.7, 864.1)(195.7, 864.1)(195.7, 874.1)(61.7, 874.1);SD
Port:(210.2, 711.1)(62.7, 711.1)(62.7, 729.1)(47.2, 729.1)(47.2, 859.1)(210.2, 859.1);GATE
Port:(77.2, 716.1)(200.2, 716.1)(200.2, 720.1)(77.2, 720.1);SD
Module:M9
Boundary:(183.0, 965.1)(183.0, 1094.6)(169.0, 1094.6)(169.0, 1110.1)(20.0, 1110.1)(20.0, 965.1);GATE
Port:(20.0, 979.6)(30.0, 979.6)(30.0, 1095.6)(20.0, 1095.6);SD
Port:(183.0, 965.1)(183.0, 1094.6)(169.0, 1094.6)(169.0, 1110.1)(35.0, 1110.1)(35.0, 965.1);GATE
Port:(174.0, 975.1)(178.0, 975.1)(178.0, 1080.1)(174.0, 1080.1);SD
Module:M23
Boundary:(354.0, 937.0)(429.5, 937.0)(429.5, 1003.2)(517.0, 1003.2)(517.0, 1126.0)(354.0, 1126.0);GATE
Port:(368.5, 1116.0)(502.5, 1116.0)(502.5, 1126.0)(368.5, 1126.0);SD
Port:(354.0, 937.0)(429.5, 937.0)(429.5, 1003.2)(517.0, 1003.2)(517.0, 1111.0)(354.0, 1111.0);GATE
Port:(364.0, 942.0)(415.0, 942.0)(415.0, 946.0)(364.0, 946.0);SD
Module:M16
Boundary:(314.0, 904.6)(238.0, 904.6)(238.0, 912.6)(223.0, 912.6)(223.0, 1101.6)(314.0, 1101.6);GATE
Port:(237.5, 1091.6)(299.5, 1091.6)(299.5, 1101.6)(237.5, 1101.6);SD
Port:(314.0, 904.6)(238.0, 904.6)(238.0, 912.6)(223.0, 912.6)(223.0, 1086.6)(314.0, 1086.6);GATE
Port:(253.0, 909.6)(304.0, 909.6)(304.0, 913.6)(253.0, 913.6);SD
Module:M5
Boundary:(201.7, 1271.0)(295.2, 1271.0)(295.2, 1261.0)(310.7, 1261.0)(310.7, 1178.0)(201.7, 1178.0);GATE
Port:(216.2, 1178.0)(296.2, 1178.0)(296.2, 1188.0)(216.2, 1188.0);SD
Port:(201.7, 1271.0)(295.2, 1271.0)(295.2, 1261.0)(310.7, 1261.0)(310.7, 1193.0)(201.7, 1193.0);GATE
Port:(211.7, 1262.0)(280.7, 1262.0)(280.7, 1266.0)(211.7, 1266.0);SD
Module:M18
Boundary:(20.0, 1267.9)(149.5, 1267.9)(149.5, 1253.9)(165.0, 1253.9)(165.0, 1135.9)(20.0, 1135.9);GATE
Port:(34.5, 1135.9)(150.5, 1135.9)(150.5, 1145.9)(34.5, 1145.9);SD
Port:(20.0, 1267.9)(149.5, 1267.9)(149.5, 1253.9)(165.0, 1253.9)(165.0, 1150.9)(20.0, 1150.9);GATE
Port:(30.0, 1258.9)(135.0, 1258.9)(135.0, 1262.9)(30.0, 1262.9);SD
Module:M17
Boundary:(486.8, 1266.3)(486.8, 1172.8)(412.1, 1172.8)(412.1, 1139.3)(317.8, 1139.3)(317.8, 1266.3);GATE
Port:(317.8, 1153.8)(327.8, 1153.8)(327.8, 1251.8)(317.8, 1251.8);SD
Port:(486.8, 1266.3)(486.8, 1172.8)(412.1, 1172.8)(412.1, 1139.3)(332.8, 1139.3)(332.8, 1266.3);GATE
Port:(477.8, 1187.3)(481.8, 1187.3)(481.8, 1256.3)(477.8, 1256.3);SD
