Area:(-20.0, -20.0)(566.0, -20.0)(566.0, 1333.0)(-20.0, 1333.0)
Rule:GATE(5,5);SD(5,5);GATE_SD(0.5);GATE_ITO(0.5);SD_ITO(0.5)
Module:M14
Boundary:(20.0, 187.0)(93.0, 187.0)(93.0, 358.0)(20.0, 358.0);GATE
Port:(34.5, 348.0)(78.5, 348.0)(78.5, 358.0)(34.5, 358.0);SD
Port:(20.0, 187.0)(93.0, 187.0)(93.0, 343.0)(20.0, 343.0);GATE
Port:(30.0, 192.0)(83.0, 192.0)(83.0, 196.0)(30.0, 196.0);SD
Module:M9
Boundary:(183.0, 972.0)(183.0, 1101.5)(169.0, 1101.5)(169.0, 1117.0)(20.0, 1117.0)(20.0, 972.0);GATE
Port:(20.0, 986.5)(30.0, 986.5)(30.0, 1102.5)(20.0, 1102.5);SD
Port:(183.0, 972.0)(183.0, 1101.5)(169.0, 1101.5)(169.0, 1117.0)(35.0, 1117.0)(35.0, 972.0);GATE
Port:(174.0, 982.0)(178.0, 982.0)(178.0, 1087.0)(174.0, 1087.0);SD
Module:M5
Boundary:(205.0, 1195.0)(298.5, 1195.0)(298.5, 1205.0)(314.0, 1205.0)(314.0, 1288.0)(205.0, 1288.0);GATE
Port:(219.5, 1278.0)(299.5, 1278.0)(299.5, 1288.0)(219.5, 1288.0);SD
Port:(205.0, 1195.0)(298.5, 1195.0)(298.5, 1205.0)(314.0, 1205.0)(314.0, 1273.0)(205.0, 1273.0);GATE
Port:(215.0, 1200.0)(284.0, 1200.0)(284.0, 1204.0)(215.0, 1204.0);SD
Module:M11
Boundary:(202.0, 466.0)(278.0, 466.0)(278.0, 474.0)(293.0, 474.0)(293.0, 595.0)(202.0, 595.0);GATE
Port:(216.5, 585.0)(278.5, 585.0)(278.5, 595.0)(216.5, 595.0);SD
Port:(202.0, 466.0)(278.0, 466.0)(278.0, 474.0)(293.0, 474.0)(293.0, 580.0)(202.0, 580.0);GATE
Port:(212.0, 471.0)(263.0, 471.0)(263.0, 475.0)(212.0, 475.0);SD
Module:M1
Boundary:(247.0, 151.0)(323.0, 151.0)(323.0, 159.0)(338.0, 159.0)(338.0, 288.0)(247.0, 288.0);GATE
Port:(261.5, 278.0)(323.5, 278.0)(323.5, 288.0)(261.5, 288.0);SD
Port:(247.0, 151.0)(323.0, 151.0)(323.0, 159.0)(338.0, 159.0)(338.0, 273.0)(247.0, 273.0);GATE
Port:(257.0, 156.0)(308.0, 156.0)(308.0, 160.0)(257.0, 160.0);SD
Module:M24
Boundary:(381.0, 179.0)(492.5, 179.0)(492.5, 228.2)(526.0, 228.2)(526.0, 295.0)(381.0, 295.0);GATE
Port:(395.5, 285.0)(511.5, 285.0)(511.5, 295.0)(395.5, 295.0);SD
Port:(381.0, 179.0)(492.5, 179.0)(492.5, 228.2)(526.0, 228.2)(526.0, 280.0)(381.0, 280.0);GATE
Port:(391.0, 184.0)(478.0, 184.0)(478.0, 188.0)(391.0, 188.0);SD
Module:M19
Boundary:(341.0, 20.0)(341.0, 96.0)(333.0, 96.0)(333.0, 111.0)(211.0, 111.0)(211.0, 20.0);GATE
Port:(211.0, 34.5)(221.0, 34.5)(221.0, 96.5)(211.0, 96.5);SD
Port:(341.0, 20.0)(341.0, 96.0)(333.0, 96.0)(333.0, 111.0)(226.0, 111.0)(226.0, 20.0);GATE
Port:(332.0, 30.0)(336.0, 30.0)(336.0, 81.0)(332.0, 81.0);SD
Module:M6
Boundary:(526.0, 553.0)(526.0, 700.5)(510.0, 700.5)(510.0, 716.0)(457.0, 716.0)(457.0, 553.0);GATE
Port:(457.0, 567.5)(467.0, 567.5)(467.0, 701.5)(457.0, 701.5);SD
Port:(526.0, 553.0)(526.0, 700.5)(510.0, 700.5)(510.0, 716.0)(472.0, 716.0)(472.0, 553.0);GATE
Port:(517.0, 563.0)(521.0, 563.0)(521.0, 686.0)(517.0, 686.0);SD
Module:M21
Boundary:(20.0, 640.0)(167.5, 640.0)(167.5, 656.0)(183.0, 656.0)(183.0, 729.0)(20.0, 729.0);GATE
Port:(34.5, 719.0)(168.5, 719.0)(168.5, 729.0)(34.5, 729.0);SD
Port:(20.0, 640.0)(167.5, 640.0)(167.5, 656.0)(183.0, 656.0)(183.0, 714.0)(20.0, 714.0);GATE
Port:(30.0, 645.0)(153.0, 645.0)(153.0, 649.0)(30.0, 649.0);SD
Module:M2
Boundary:(223.0, 771.0)(299.0, 771.0)(299.0, 779.0)(314.0, 779.0)(314.0, 918.0)(223.0, 918.0);GATE
Port:(237.5, 908.0)(299.5, 908.0)(299.5, 918.0)(237.5, 918.0);SD
Port:(223.0, 771.0)(299.0, 771.0)(299.0, 779.0)(314.0, 779.0)(314.0, 903.0)(223.0, 903.0);GATE
Port:(233.0, 776.0)(284.0, 776.0)(284.0, 780.0)(233.0, 780.0);SD
Module:M16
Boundary:(223.0, 958.0)(299.0, 958.0)(299.0, 966.0)(314.0, 966.0)(314.0, 1155.0)(223.0, 1155.0);GATE
Port:(237.5, 1145.0)(299.5, 1145.0)(299.5, 1155.0)(237.5, 1155.0);SD
Port:(223.0, 958.0)(299.0, 958.0)(299.0, 966.0)(314.0, 966.0)(314.0, 1140.0)(223.0, 1140.0);GATE
Port:(233.0, 963.0)(284.0, 963.0)(284.0, 967.0)(233.0, 967.0);SD
Module:M13
Boundary:(162.0, 455.0)(162.0, 584.5)(148.0, 584.5)(148.0, 600.0)(20.0, 600.0)(20.0, 455.0);GATE
Port:(20.0, 469.5)(30.0, 469.5)(30.0, 585.5)(20.0, 585.5);SD
Port:(162.0, 455.0)(162.0, 584.5)(148.0, 584.5)(148.0, 600.0)(35.0, 600.0)(35.0, 455.0);GATE
Port:(153.0, 465.0)(157.0, 465.0)(157.0, 570.0)(153.0, 570.0);SD
Module:M10
Boundary:(393.0, 335.0)(393.0, 411.0)(385.0, 411.0)(385.0, 426.0)(300.0, 426.0)(300.0, 335.0);GATE
Port:(300.0, 349.5)(310.0, 349.5)(310.0, 411.5)(300.0, 411.5);SD
Port:(393.0, 335.0)(393.0, 411.0)(385.0, 411.0)(385.0, 426.0)(315.0, 426.0)(315.0, 335.0);GATE
Port:(384.0, 345.0)(388.0, 345.0)(388.0, 396.0)(384.0, 396.0);SD
Module:M7
Boundary:(354.0, 756.0)(501.5, 756.0)(501.5, 772.0)(517.0, 772.0)(517.0, 897.0)(354.0, 897.0);GATE
Port:(368.5, 887.0)(502.5, 887.0)(502.5, 897.0)(368.5, 897.0);SD
Port:(354.0, 756.0)(501.5, 756.0)(501.5, 772.0)(517.0, 772.0)(517.0, 882.0)(354.0, 882.0);GATE
Port:(364.0, 761.0)(487.0, 761.0)(487.0, 765.0)(364.0, 765.0);SD
Module:M3
Boundary:(223.0, 635.0)(296.0, 635.0)(296.0, 731.0)(223.0, 731.0);GATE
Port:(237.5, 721.0)(281.5, 721.0)(281.5, 731.0)(237.5, 731.0);SD
Port:(223.0, 635.0)(296.0, 635.0)(296.0, 716.0)(223.0, 716.0);GATE
Port:(233.0, 640.0)(286.0, 640.0)(286.0, 644.0)(233.0, 644.0);SD
Module:M23
Boundary:(354.0, 937.0)(429.5, 937.0)(429.5, 1003.2)(517.0, 1003.2)(517.0, 1126.0)(354.0, 1126.0);GATE
Port:(368.5, 1116.0)(502.5, 1116.0)(502.5, 1126.0)(368.5, 1126.0);SD
Port:(354.0, 937.0)(429.5, 937.0)(429.5, 1003.2)(517.0, 1003.2)(517.0, 1111.0)(354.0, 1111.0);GATE
Port:(364.0, 942.0)(415.0, 942.0)(415.0, 946.0)(364.0, 946.0);SD
Module:M18
Boundary:(20.0, 1157.0)(149.5, 1157.0)(149.5, 1171.0)(165.0, 1171.0)(165.0, 1289.0)(20.0, 1289.0);GATE
Port:(34.5, 1279.0)(150.5, 1279.0)(150.5, 1289.0)(34.5, 1289.0);SD
Port:(20.0, 1157.0)(149.5, 1157.0)(149.5, 1171.0)(165.0, 1171.0)(165.0, 1274.0)(20.0, 1274.0);GATE
Port:(30.0, 1162.0)(135.0, 1162.0)(135.0, 1166.0)(30.0, 1166.0);SD
Module:M20
Boundary:(20.0, 769.0)(167.5, 769.0)(167.5, 787.0)(183.0, 787.0)(183.0, 932.0)(20.0, 932.0);GATE
Port:(34.5, 922.0)(168.5, 922.0)(168.5, 932.0)(34.5, 932.0);SD
Port:(20.0, 769.0)(167.5, 769.0)(167.5, 787.0)(183.0, 787.0)(183.0, 917.0)(20.0, 917.0);GATE
Port:(30.0, 774.0)(153.0, 774.0)(153.0, 778.0)(30.0, 778.0);SD
Module:M15
Boundary:(207.0, 187.0)(207.0, 280.5)(197.0, 280.5)(197.0, 296.0)(133.0, 296.0)(133.0, 187.0);GATE
Port:(133.0, 201.5)(143.0, 201.5)(143.0, 281.5)(133.0, 281.5);SD
Port:(207.0, 187.0)(207.0, 280.5)(197.0, 280.5)(197.0, 296.0)(148.0, 296.0)(148.0, 187.0);GATE
Port:(198.0, 197.0)(202.0, 197.0)(202.0, 266.0)(198.0, 266.0);SD
Module:M12
Boundary:(171.0, 20.0)(171.0, 131.5)(159.0, 131.5)(159.0, 147.0)(20.0, 147.0)(20.0, 20.0);GATE
Port:(20.0, 34.5)(30.0, 34.5)(30.0, 132.5)(20.0, 132.5);SD
Port:(171.0, 20.0)(171.0, 131.5)(159.0, 131.5)(159.0, 147.0)(35.0, 147.0)(35.0, 20.0);GATE
Port:(162.0, 30.0)(166.0, 30.0)(166.0, 117.0)(162.0, 117.0);SD
Module:M8
Boundary:(133.0, 336.0)(244.5, 336.0)(244.5, 348.0)(260.0, 348.0)(260.0, 415.0)(133.0, 415.0);GATE
Port:(147.5, 405.0)(245.5, 405.0)(245.5, 415.0)(147.5, 415.0);SD
Port:(133.0, 336.0)(244.5, 336.0)(244.5, 348.0)(260.0, 348.0)(260.0, 400.0)(133.0, 400.0);GATE
Port:(143.0, 341.0)(230.0, 341.0)(230.0, 345.0)(143.0, 345.0);SD
Module:M4
Boundary:(417.0, 553.0)(417.0, 682.5)(403.0, 682.5)(403.0, 698.0)(336.0, 698.0)(336.0, 553.0);GATE
Port:(336.0, 567.5)(346.0, 567.5)(346.0, 683.5)(336.0, 683.5);SD
Port:(417.0, 553.0)(417.0, 682.5)(403.0, 682.5)(403.0, 698.0)(351.0, 698.0)(351.0, 553.0);GATE
Port:(408.0, 563.0)(412.0, 563.0)(412.0, 668.0)(408.0, 668.0);SD
Module:M25
Boundary:(381.0, 20.0)(510.5, 20.0)(510.5, 34.0)(526.0, 34.0)(526.0, 139.0)(381.0, 139.0);GATE
Port:(395.5, 129.0)(511.5, 129.0)(511.5, 139.0)(395.5, 139.0);SD
Port:(381.0, 20.0)(510.5, 20.0)(510.5, 34.0)(526.0, 34.0)(526.0, 124.0)(381.0, 124.0);GATE
Port:(391.0, 25.0)(496.0, 25.0)(496.0, 29.0)(391.0, 29.0);SD
Module:M22
Boundary:(433.0, 335.0)(509.0, 335.0)(509.0, 343.0)(524.0, 343.0)(524.0, 513.0)(433.0, 513.0);GATE
Port:(447.5, 503.0)(509.5, 503.0)(509.5, 513.0)(447.5, 513.0);SD
Port:(433.0, 335.0)(509.0, 335.0)(509.0, 343.0)(524.0, 343.0)(524.0, 498.0)(433.0, 498.0);GATE
Port:(443.0, 340.0)(494.0, 340.0)(494.0, 344.0)(443.0, 344.0);SD
Module:M17
Boundary:(523.0, 1166.0)(523.0, 1259.5)(448.2, 1259.5)(448.2, 1293.0)(354.0, 1293.0)(354.0, 1166.0);GATE
Port:(354.0, 1180.5)(364.0, 1180.5)(364.0, 1278.5)(354.0, 1278.5);SD
Port:(523.0, 1166.0)(523.0, 1259.5)(448.2, 1259.5)(448.2, 1293.0)(369.0, 1293.0)(369.0, 1166.0);GATE
Port:(514.0, 1176.0)(518.0, 1176.0)(518.0, 1245.0)(514.0, 1245.0);SD
