Area:(-20.0, -20.0)(849.5, -20.0)(849.5, 741.3)(-20.0, 741.3)
Rule:GATE(5,5);SD(5,5);GATE_SD(0.5);GATE_ITO(0.5);SD_ITO(0.5)
Module:M21
Boundary:(270.4, 83.9)(270.4, 20.0)(452.4, 20.0)(452.4, 83.9);GATE
Port:(448.3, 34.1)(452.4, 34.1)(452.4, 69.8)(448.3, 69.8);SD
Port:(270.4, 83.9)(270.4, 20.0)(446.1, 20.0)(446.1, 83.9);GATE
Port:(276.1, 26.7)(282.5, 26.7)(282.5, 77.2)(276.1, 77.2);SD
Module:M13
Boundary:(651.4, 20.0)(651.4, 85.5)(651.9, 85.5)(651.9, 101.8)(809.5, 101.8)(809.5, 20.0);GATE
Port:(804.3, 33.0)(809.5, 33.0)(809.5, 88.8)(804.3, 88.8);SD
Port:(651.4, 20.0)(651.4, 85.5)(651.9, 85.5)(651.9, 101.8)(803.2, 101.8)(803.2, 20.0);GATE
Port:(656.5, 26.1)(661.3, 26.1)(661.3, 79.4)(656.5, 79.4);SD
Module:M11
Boundary:(484.7, 140.1)(556.1, 140.1)(556.1, 139.8)(573.1, 139.8)(573.1, 49.1)(484.7, 49.1);GATE
Port:(500.0, 49.1)(557.8, 49.1)(557.8, 53.2)(500.0, 53.2);SD
Port:(484.7, 140.1)(556.1, 140.1)(556.1, 139.8)(573.1, 139.8)(573.1, 54.4)(484.7, 54.4);GATE
Port:(491.2, 127.5)(549.6, 127.5)(549.6, 134.6)(491.2, 134.6);SD
Module:M2
Boundary:(38.4, 217.7)(139.3, 217.7)(139.3, 190.7)(155.3, 190.7)(155.3, 57.3)(38.4, 57.3);GATE
Port:(50.7, 57.3)(143.0, 57.3)(143.0, 62.3)(50.7, 62.3);SD
Port:(38.4, 217.7)(139.3, 217.7)(139.3, 190.7)(155.3, 190.7)(155.3, 63.8)(38.4, 63.8);GATE
Port:(44.0, 208.6)(132.7, 208.6)(132.7, 213.1)(44.0, 213.1);SD
Module:M8
Boundary:(176.9, 201.9)(248.4, 201.9)(248.4, 161.3)(264.2, 161.3)(264.2, 40.9)(176.9, 40.9);GATE
Port:(191.6, 40.9)(249.5, 40.9)(249.5, 46.5)(191.6, 46.5);SD
Port:(176.9, 201.9)(248.4, 201.9)(248.4, 161.3)(264.2, 161.3)(264.2, 47.7)(176.9, 47.7);GATE
Port:(183.3, 189.7)(241.0, 189.7)(241.0, 196.5)(183.3, 196.5);SD
Module:M17
Boundary:(301.1, 144.0)(301.1, 214.4)(467.9, 214.4)(467.9, 144.0);GATE
Port:(462.3, 155.6)(467.9, 155.6)(467.9, 202.8)(462.3, 202.8);SD
Port:(301.1, 144.0)(301.1, 214.4)(460.1, 214.4)(460.1, 144.0);GATE
Port:(305.8, 149.7)(311.1, 149.7)(311.1, 208.7)(305.8, 208.7);SD
Module:M5
Boundary:(607.8, 246.0)(607.8, 183.7)(471.4, 183.7)(471.4, 246.0);GATE
Port:(471.4, 195.7)(476.8, 195.7)(476.8, 234.0)(471.4, 234.0);SD
Port:(607.8, 246.0)(607.8, 183.7)(478.9, 183.7)(478.9, 246.0);GATE
Port:(598.6, 188.9)(603.6, 188.9)(603.6, 240.8)(598.6, 240.8);SD
Module:M18
Boundary:(655.3, 247.5)(655.3, 163.9)(705.1, 163.9)(705.1, 148.5)(779.0, 148.5)(779.0, 247.5);GATE
Port:(774.1, 161.7)(779.0, 161.7)(779.0, 234.3)(774.1, 234.3);SD
Port:(655.3, 247.5)(655.3, 163.9)(705.1, 163.9)(705.1, 148.5)(771.2, 148.5)(771.2, 247.5);GATE
Port:(660.6, 171.2)(665.6, 171.2)(665.6, 241.2)(660.6, 241.2);SD
Module:M16
Boundary:(27.7, 244.3)(27.7, 337.1)(126.6, 337.1)(126.6, 350.4)(218.3, 350.4)(218.3, 244.3);GATE
Port:(213.5, 257.8)(218.3, 257.8)(218.3, 336.9)(213.5, 336.9);SD
Port:(27.7, 244.3)(27.7, 337.1)(126.6, 337.1)(126.6, 350.4)(211.9, 350.4)(211.9, 244.3);GATE
Port:(33.6, 251.2)(39.6, 251.2)(39.6, 329.2)(33.6, 329.2);SD
Module:M25
Boundary:(459.4, 365.2)(459.4, 255.0)(237.4, 255.0)(237.4, 365.2);GATE
Port:(237.4, 270.4)(241.9, 270.4)(241.9, 349.8)(237.4, 349.8);SD
Port:(459.4, 365.2)(459.4, 255.0)(244.9, 255.0)(244.9, 365.2);GATE
Port:(447.2, 261.4)(454.0, 261.4)(454.0, 358.8)(447.2, 358.8);SD
Module:M4
Boundary:(670.5, 297.3)(670.5, 349.1)(579.0, 349.1)(579.0, 364.8)(493.8, 364.8)(493.8, 297.3);GATE
Port:(493.8, 310.4)(499.1, 310.4)(499.1, 351.7)(493.8, 351.7);SD
Port:(670.5, 297.3)(670.5, 349.1)(579.0, 349.1)(579.0, 364.8)(500.7, 364.8)(500.7, 297.3);GATE
Port:(660.0, 302.7)(666.1, 302.7)(666.1, 342.7)(660.0, 342.7);SD
Module:M24
Boundary:(777.3, 373.3)(724.7, 373.3)(724.7, 341.0)(709.1, 341.0)(709.1, 268.2)(777.3, 268.2);GATE
Port:(722.7, 268.2)(763.7, 268.2)(763.7, 273.3)(722.7, 273.3);SD
Port:(777.3, 373.3)(724.7, 373.3)(724.7, 341.0)(709.1, 341.0)(709.1, 274.5)(777.3, 274.5);GATE
Port:(731.1, 361.7)(771.9, 361.7)(771.9, 368.9)(731.1, 368.9);SD
Module:M14
Boundary:(20.0, 351.1)(20.0, 399.7)(63.4, 399.7)(63.4, 414.1)(131.0, 414.1)(131.0, 351.1);GATE
Port:(125.5, 363.3)(131.0, 363.3)(131.0, 401.9)(125.5, 401.9);SD
Port:(20.0, 351.1)(20.0, 399.7)(63.4, 399.7)(63.4, 414.1)(122.6, 414.1)(122.6, 351.1);GATE
Port:(25.0, 357.1)(30.1, 357.1)(30.1, 392.7)(25.0, 392.7);SD
Module:M19
Boundary:(661.5, 431.6)(661.5, 383.9)(661.4, 383.9)(661.4, 368.9)(509.7, 368.9)(509.7, 431.6);GATE
Port:(509.7, 382.0)(514.8, 382.0)(514.8, 418.5)(509.7, 418.5);SD
Port:(661.5, 431.6)(661.5, 383.9)(661.4, 383.9)(661.4, 368.9)(516.3, 368.9)(516.3, 431.6);GATE
Port:(650.6, 390.1)(656.3, 390.1)(656.3, 425.4)(650.6, 425.4);SD
Module:M20
Boundary:(408.6, 384.3)(408.6, 436.2)(299.7, 436.2)(299.7, 451.3)(199.6, 451.3)(199.6, 384.3);GATE
Port:(199.6, 398.5)(205.2, 398.5)(205.2, 437.1)(199.6, 437.1);SD
Port:(408.6, 384.3)(408.6, 436.2)(299.7, 436.2)(299.7, 451.3)(208.0, 451.3)(208.0, 384.3);GATE
Port:(397.0, 390.7)(403.2, 390.7)(403.2, 428.8)(397.0, 428.8);SD
Module:M9
Boundary:(499.7, 371.2)(426.1, 371.2)(426.1, 445.4)(499.7, 445.4);GATE
Port:(440.6, 439.5)(485.2, 439.5)(485.2, 445.4)(440.6, 445.4);SD
Port:(499.7, 371.2)(426.1, 371.2)(426.1, 437.5)(499.7, 437.5);GATE
Port:(432.5, 376.6)(493.3, 376.6)(493.3, 382.3)(432.5, 382.3);SD
Module:M15
Boundary:(380.5, 480.1)(380.5, 513.9)(380.4, 513.9)(380.4, 529.8)(190.2, 529.8)(190.2, 480.1);GATE
Port:(190.2, 493.4)(194.7, 493.4)(194.7, 516.5)(190.2, 516.5);SD
Port:(380.5, 480.1)(380.5, 513.9)(380.4, 513.9)(380.4, 529.8)(197.0, 529.8)(197.0, 480.1);GATE
Port:(369.1, 485.2)(376.4, 485.2)(376.4, 508.8)(369.1, 508.8);SD
Module:M10
Boundary:(153.5, 460.5)(153.5, 522.8)(100.0, 522.8)(100.0, 537.1)(23.3, 537.1)(23.3, 460.5);GATE
Port:(23.3, 472.7)(28.2, 472.7)(28.2, 524.9)(23.3, 524.9);SD
Port:(153.5, 460.5)(153.5, 522.8)(100.0, 522.8)(100.0, 537.1)(30.0, 537.1)(30.0, 460.5);GATE
Port:(144.1, 465.9)(149.1, 465.9)(149.1, 516.4)(144.1, 516.4);SD
Module:M23
Boundary:(807.4, 412.0)(758.6, 412.0)(758.6, 540.4)(807.4, 540.4);GATE
Port:(772.1, 536.0)(793.9, 536.0)(793.9, 540.4)(772.1, 540.4);SD
Port:(807.4, 412.0)(758.6, 412.0)(758.6, 533.3)(807.4, 533.3);GATE
Port:(765.6, 418.0)(800.4, 418.0)(800.4, 423.1)(765.6, 423.1);SD
Module:M6
Boundary:(701.5, 561.3)(701.5, 491.5)(686.9, 491.5)(686.9, 475.1)(533.0, 475.1)(533.0, 561.3);GATE
Port:(533.0, 488.9)(537.4, 488.9)(537.4, 547.5)(533.0, 547.5);SD
Port:(701.5, 561.3)(701.5, 491.5)(686.9, 491.5)(686.9, 475.1)(538.4, 475.1)(538.4, 561.3);GATE
Port:(691.1, 498.2)(696.8, 498.2)(696.8, 555.6)(691.1, 555.6);SD
Module:M7
Boundary:(400.1, 481.0)(466.4, 481.0)(466.4, 672.8)(400.1, 672.8);GATE
Port:(413.8, 668.2)(452.7, 668.2)(452.7, 672.8)(413.8, 672.8);SD
Port:(400.1, 481.0)(466.4, 481.0)(466.4, 666.6)(400.1, 666.6);GATE
Port:(406.7, 486.6)(459.8, 486.6)(459.8, 491.7)(406.7, 491.7);SD
Module:M12
Boundary:(598.4, 701.3)(598.4, 630.9)(584.4, 630.9)(584.4, 615.5)(502.0, 615.5)(502.0, 701.3);GATE
Port:(502.0, 630.7)(506.9, 630.7)(506.9, 686.1)(502.0, 686.1);SD
Port:(598.4, 701.3)(598.4, 630.9)(584.4, 630.9)(584.4, 615.5)(508.7, 615.5)(508.7, 701.3);GATE
Port:(586.3, 638.4)(592.9, 638.4)(592.9, 694.8)(586.3, 694.8);SD
Module:M3
Boundary:(393.9, 691.5)(393.9, 585.7)(393.5, 585.7)(393.5, 568.3)(265.6, 568.3)(265.6, 691.5);GATE
Port:(265.6, 582.7)(271.5, 582.7)(271.5, 677.1)(265.6, 677.1);SD
Port:(393.9, 691.5)(393.9, 585.7)(393.5, 585.7)(393.5, 568.3)(274.2, 568.3)(274.2, 691.5);GATE
Port:(382.4, 592.0)(388.6, 592.0)(388.6, 685.2)(382.4, 685.2);SD
Module:M1
Boundary:(798.5, 596.3)(798.5, 670.3)(798.4, 670.3)(798.4, 684.3)(661.0, 684.3)(661.0, 596.3);GATE
Port:(661.0, 609.0)(665.4, 609.0)(665.4, 671.6)(661.0, 671.6);SD
Port:(798.5, 596.3)(798.5, 670.3)(798.4, 670.3)(798.4, 684.3)(668.0, 684.3)(668.0, 596.3);GATE
Port:(787.5, 602.2)(793.5, 602.2)(793.5, 664.4)(787.5, 664.4);SD
Module:M22
Boundary:(259.3, 671.7)(259.3, 568.2)(157.5, 568.2)(157.5, 552.8)(61.1, 552.8)(61.1, 671.7);GATE
Port:(61.1, 568.0)(66.8, 568.0)(66.8, 656.5)(61.1, 656.5);SD
Port:(259.3, 671.7)(259.3, 568.2)(157.5, 568.2)(157.5, 552.8)(69.1, 552.8)(69.1, 671.7);GATE
Port:(246.7, 576.1)(253.4, 576.1)(253.4, 664.8)(246.7, 664.8);SD
