Area:(-20.0, -20.0)(385.6, -20.0)(385.6, 394.3)(-20.0, 394.3)
Rule:GATE(5,5);SD(5,5);GATE_SD(0.5);GATE_ITO(0.5);SD_ITO(0.5)
Module:M5
Boundary:(213.8, 260.9)(213.8, 339.2)(213.8, 339.2)(213.8, 354.3)(20.0, 354.3)(20.0, 260.9);GATE
Port:(20.0, 273.8)(25.8, 273.8)(25.8, 341.4)(20.0, 341.4);SD
Port:(213.8, 260.9)(213.8, 339.2)(213.8, 339.2)(213.8, 354.3)(27.8, 354.3)(27.8, 260.9);GATE
Port:(203.3, 267.0)(208.7, 267.0)(208.7, 333.1)(203.3, 333.1);SD
Module:M1
Boundary:(239.2, 20.0)(330.6, 20.0)(330.6, 20.6)(345.6, 20.6)(345.6, 155.1)(239.2, 155.1);GATE
Port:(251.5, 150.4)(333.3, 150.4)(333.3, 155.1)(251.5, 155.1);SD
Port:(239.2, 20.0)(330.6, 20.0)(330.6, 20.6)(345.6, 20.6)(345.6, 149.2)(239.2, 149.2);GATE
Port:(244.7, 24.5)(325.1, 24.5)(325.1, 29.8)(244.7, 29.8);SD
Module:M2
Boundary:(191.0, 151.4)(191.0, 208.7)(117.2, 208.7)(117.2, 220.9)(20.0, 220.9)(20.0, 151.4);GATE
Port:(20.0, 163.2)(26.0, 163.2)(26.0, 209.1)(20.0, 209.1);SD
Port:(191.0, 151.4)(191.0, 208.7)(117.2, 208.7)(117.2, 220.9)(27.3, 220.9)(27.3, 151.4);GATE
Port:(180.8, 157.0)(186.4, 157.0)(186.4, 202.1)(180.8, 202.1);SD
Module:M3
Boundary:(325.7, 195.1)(325.7, 282.7)(325.6, 282.7)(325.6, 296.8)(253.8, 296.8)(253.8, 195.1);GATE
Port:(253.8, 207.2)(259.7, 207.2)(259.7, 284.7)(253.8, 284.7);SD
Port:(325.7, 195.1)(325.7, 282.7)(325.6, 282.7)(325.6, 296.8)(262.1, 296.8)(262.1, 195.1);GATE
Port:(315.5, 200.8)(321.0, 200.8)(321.0, 277.0)(315.5, 277.0);SD
Module:M4
Boundary:(199.2, 20.0)(199.2, 97.7)(136.7, 97.7)(136.7, 111.4)(20.0, 111.4)(20.0, 20.0);GATE
Port:(20.0, 32.5)(24.3, 32.5)(24.3, 98.9)(20.0, 98.9);SD
Port:(199.2, 20.0)(199.2, 97.7)(136.7, 97.7)(136.7, 111.4)(26.3, 111.4)(26.3, 20.0);GATE
Port:(188.6, 26.1)(194.1, 26.1)(194.1, 90.6)(188.6, 90.6);SD
