Area:(-20.0, -0.7)(491.0, -0.7)(491.0, 1153.5)(-20.0, 1153.5)
Rule:GATE(5,5);SD(5,5);GATE_SD(0.5);GATE_ITO(0.5);SD_ITO(0.5)
Module:M7
Boundary:(347.4, 56.8)(347.4, 168.3)(359.4, 168.3)(359.4, 183.8)(427.4, 183.8)(427.4, 56.8);GATE
Port:(417.4, 71.3)(427.4, 71.3)(427.4, 169.3)(417.4, 169.3);SD
Port:(347.4, 56.8)(347.4, 168.3)(359.4, 168.3)(359.4, 183.8)(412.4, 183.8)(412.4, 56.8);GATE
Port:(352.4, 66.8)(356.4, 66.8)(356.4, 153.8)(352.4, 153.8);SD
Module:M17
Boundary:(172.6, 177.3)(248.1, 177.3)(248.1, 146.3)(317.6, 146.3)(317.6, 39.3)(172.6, 39.3);GATE
Port:(187.1, 39.3)(303.1, 39.3)(303.1, 49.3)(187.1, 49.3);SD
Port:(172.6, 177.3)(248.1, 177.3)(248.1, 146.3)(317.6, 146.3)(317.6, 54.3)(172.6, 54.3);GATE
Port:(182.6, 168.3)(233.6, 168.3)(233.6, 172.3)(182.6, 172.3);SD
Module:M19
Boundary:(147.0, 43.4)(35.5, 43.4)(35.5, 55.4)(20.0, 55.4)(20.0, 234.4)(147.0, 234.4);GATE
Port:(34.5, 224.4)(132.5, 224.4)(132.5, 234.4)(34.5, 234.4);SD
Port:(147.0, 43.4)(35.5, 43.4)(35.5, 55.4)(20.0, 55.4)(20.0, 219.4)(147.0, 219.4);GATE
Port:(50.0, 48.4)(137.0, 48.4)(137.0, 52.4)(50.0, 52.4);SD
Module:M12
Boundary:(282.0, 208.6)(282.0, 302.1)(389.1, 302.1)(389.1, 371.6)(451.0, 371.6)(451.0, 208.6);GATE
Port:(441.0, 223.1)(451.0, 223.1)(451.0, 357.1)(441.0, 357.1);SD
Port:(282.0, 208.6)(282.0, 302.1)(389.1, 302.1)(389.1, 371.6)(436.0, 371.6)(436.0, 208.6);GATE
Port:(287.0, 218.6)(291.0, 218.6)(291.0, 287.6)(287.0, 287.6);SD
Module:M11
Boundary:(230.6, 271.3)(230.6, 382.8)(218.6, 382.8)(218.6, 398.3)(161.6, 398.3)(161.6, 271.3);GATE
Port:(161.6, 285.8)(171.6, 285.8)(171.6, 383.8)(161.6, 383.8);SD
Port:(230.6, 271.3)(230.6, 382.8)(218.6, 382.8)(218.6, 398.3)(176.6, 398.3)(176.6, 271.3);GATE
Port:(221.6, 281.3)(225.6, 281.3)(225.6, 368.3)(221.6, 368.3);SD
Module:M20
Boundary:(133.0, 452.8)(133.0, 305.3)(117.0, 305.3)(117.0, 289.8)(20.0, 289.8)(20.0, 452.8);GATE
Port:(20.0, 304.3)(30.0, 304.3)(30.0, 438.3)(20.0, 438.3);SD
Port:(133.0, 452.8)(133.0, 305.3)(117.0, 305.3)(117.0, 289.8)(35.0, 289.8)(35.0, 452.8);GATE
Port:(124.0, 319.8)(128.0, 319.8)(128.0, 442.8)(124.0, 442.8);SD
Module:M1
Boundary:(305.1, 418.3)(398.6, 418.3)(398.6, 428.3)(414.1, 428.3)(414.1, 546.3)(305.1, 546.3);GATE
Port:(319.6, 536.3)(399.6, 536.3)(399.6, 546.3)(319.6, 546.3);SD
Port:(305.1, 418.3)(398.6, 418.3)(398.6, 428.3)(414.1, 428.3)(414.1, 531.3)(305.1, 531.3);GATE
Port:(315.1, 423.3)(384.1, 423.3)(384.1, 427.3)(315.1, 427.3);SD
Module:M2
Boundary:(139.0, 459.4)(139.0, 570.9)(127.0, 570.9)(127.0, 586.4)(20.0, 586.4)(20.0, 459.4);GATE
Port:(20.0, 473.9)(30.0, 473.9)(30.0, 571.9)(20.0, 571.9);SD
Port:(139.0, 459.4)(139.0, 570.9)(127.0, 570.9)(127.0, 586.4)(35.0, 586.4)(35.0, 459.4);GATE
Port:(130.0, 469.4)(134.0, 469.4)(134.0, 556.4)(130.0, 556.4);SD
Module:M15
Boundary:(295.0, 430.2)(295.0, 559.7)(242.0, 559.7)(242.0, 593.2)(179.0, 593.2)(179.0, 430.2);GATE
Port:(179.0, 444.7)(189.0, 444.7)(189.0, 578.7)(179.0, 578.7);SD
Port:(295.0, 430.2)(295.0, 559.7)(242.0, 559.7)(242.0, 593.2)(194.0, 593.2)(194.0, 430.2);GATE
Port:(286.0, 440.2)(290.0, 440.2)(290.0, 545.2)(286.0, 545.2);SD
Module:M13
Boundary:(420.1, 655.5)(420.1, 579.4)(412.1, 579.4)(412.1, 564.5)(309.1, 564.5)(309.1, 655.5);GATE
Port:(309.1, 579.0)(319.1, 579.0)(319.1, 641.0)(309.1, 641.0);SD
Port:(420.1, 655.5)(420.1, 579.4)(412.1, 579.4)(412.1, 564.5)(324.1, 564.5)(324.1, 655.5);GATE
Port:(411.1, 594.5)(415.1, 594.5)(415.1, 645.5)(411.1, 645.5);SD
Module:M6
Boundary:(124.4, 616.7)(253.9, 616.7)(253.9, 631.7)(269.4, 631.7)(269.4, 685.7)(124.4, 685.7);GATE
Port:(138.9, 675.7)(254.9, 675.7)(254.9, 685.7)(138.9, 685.7);SD
Port:(124.4, 616.7)(253.9, 616.7)(253.9, 631.7)(269.4, 631.7)(269.4, 670.7)(124.4, 670.7);GATE
Port:(134.4, 621.7)(239.4, 621.7)(239.4, 625.7)(134.4, 625.7);SD
Module:M10
Boundary:(20.5, 618.7)(96.5, 618.7)(96.5, 626.7)(111.5, 626.7)(111.5, 690.7)(20.5, 690.7);GATE
Port:(35.0, 680.7)(97.0, 680.7)(97.0, 690.7)(35.0, 690.7);SD
Port:(20.5, 618.7)(96.5, 618.7)(96.5, 626.7)(111.5, 626.7)(111.5, 675.7)(20.5, 675.7);GATE
Port:(30.5, 623.7)(81.5, 623.7)(81.5, 627.7)(30.5, 627.7);SD
Module:M9
Boundary:(117.9, 706.7)(117.9, 800.2)(107.9, 800.2)(107.9, 815.7)(21.9, 815.7)(21.9, 706.7);GATE
Port:(21.9, 721.2)(31.9, 721.2)(31.9, 801.2)(21.9, 801.2);SD
Port:(117.9, 706.7)(117.9, 800.2)(107.9, 800.2)(107.9, 815.7)(36.9, 815.7)(36.9, 706.7);GATE
Port:(108.9, 716.7)(112.9, 716.7)(112.9, 785.7)(108.9, 785.7);SD
Module:M3
Boundary:(402.4, 856.1)(402.4, 708.6)(386.4, 708.6)(386.4, 693.1)(317.4, 693.1)(317.4, 856.1);GATE
Port:(317.4, 707.6)(327.4, 707.6)(327.4, 841.6)(317.4, 841.6);SD
Port:(402.4, 856.1)(402.4, 708.6)(386.4, 708.6)(386.4, 693.1)(332.4, 693.1)(332.4, 856.1);GATE
Port:(393.4, 723.1)(397.4, 723.1)(397.4, 846.1)(393.4, 846.1);SD
Module:M8
Boundary:(296.4, 711.6)(148.9, 711.6)(148.9, 727.6)(133.4, 727.6)(133.4, 845.6)(296.4, 845.6);GATE
Port:(147.9, 835.6)(281.9, 835.6)(281.9, 845.6)(147.9, 845.6);SD
Port:(296.4, 711.6)(148.9, 711.6)(148.9, 727.6)(133.4, 727.6)(133.4, 830.6)(296.4, 830.6);GATE
Port:(163.4, 716.6)(286.4, 716.6)(286.4, 720.6)(163.4, 720.6);SD
Module:M4
Boundary:(145.1, 948.9)(145.1, 872.9)(137.1, 872.9)(137.1, 857.9)(49.1, 857.9)(49.1, 948.9);GATE
Port:(49.1, 872.4)(59.1, 872.4)(59.1, 934.4)(49.1, 934.4);SD
Port:(145.1, 948.9)(145.1, 872.9)(137.1, 872.9)(137.1, 857.9)(64.1, 857.9)(64.1, 948.9);GATE
Port:(136.1, 887.9)(140.1, 887.9)(140.1, 938.9)(136.1, 938.9);SD
Module:M18
Boundary:(238.1, 947.4)(238.1, 874.4)(173.1, 874.4)(173.1, 947.4);GATE
Port:(173.1, 888.9)(183.1, 888.9)(183.1, 932.9)(173.1, 932.9);SD
Port:(238.1, 947.4)(238.1, 874.4)(188.1, 874.4)(188.1, 947.4);GATE
Port:(229.1, 884.4)(233.1, 884.4)(233.1, 937.4)(229.1, 937.4);SD
Module:M14
Boundary:(409.9, 993.7)(409.9, 900.2)(399.9, 900.2)(399.9, 884.7)(251.9, 884.7)(251.9, 993.7);GATE
Port:(251.9, 899.2)(261.9, 899.2)(261.9, 979.2)(251.9, 979.2);SD
Port:(409.9, 993.7)(409.9, 900.2)(399.9, 900.2)(399.9, 884.7)(266.9, 884.7)(266.9, 993.7);GATE
Port:(400.9, 914.7)(404.9, 914.7)(404.9, 983.7)(400.9, 983.7);SD
Module:M5
Boundary:(54.2, 1100.1)(201.7, 1100.1)(201.7, 1084.1)(217.2, 1084.1)(217.2, 966.1)(54.2, 966.1);GATE
Port:(68.7, 966.1)(202.7, 966.1)(202.7, 976.1)(68.7, 976.1);SD
Port:(54.2, 1100.1)(201.7, 1100.1)(201.7, 1084.1)(217.2, 1084.1)(217.2, 981.1)(54.2, 981.1);GATE
Port:(64.2, 1091.1)(187.2, 1091.1)(187.2, 1095.1)(64.2, 1095.1);SD
Module:M16
Boundary:(434.5, 1113.5)(434.5, 1020.0)(424.5, 1020.0)(424.5, 1004.5)(239.5, 1004.5)(239.5, 1113.5);GATE
Port:(239.5, 1019.0)(249.5, 1019.0)(249.5, 1099.0)(239.5, 1099.0);SD
Port:(434.5, 1113.5)(434.5, 1020.0)(424.5, 1020.0)(424.5, 1004.5)(254.5, 1004.5)(254.5, 1113.5);GATE
Port:(425.5, 1034.5)(429.5, 1034.5)(429.5, 1103.5)(425.5, 1103.5);SD
