Area:(-20.0, -20.0)(1569.6, -20.0)(1569.6, 772.7)(-20.0, 772.7)
Rule:GATE(5,5);SD(5,5);GATE_SD(0.5);GATE_ITO(0.5);SD_ITO(0.5)
Module:M14
Boundary:(672.0, 616.9)(672.0, 702.8)(595.5, 702.8)(595.5, 718.7)(494.9, 718.7)(494.9, 616.9);GATE
Port:(494.9, 630.1)(499.8, 630.1)(499.8, 705.5)(494.9, 705.5);SD
Port:(672.0, 616.9)(672.0, 702.8)(595.5, 702.8)(595.5, 718.7)(502.1, 718.7)(502.1, 616.9);GATE
Port:(661.7, 623.0)(666.9, 623.0)(666.9, 695.7)(661.7, 695.7);SD
Module:M9
Boundary:(1134.3, 438.9)(1216.3, 438.9)(1216.3, 438.9)(1232.2, 438.9)(1232.2, 521.5)(1134.3, 521.5);GATE
Port:(1148.3, 517.2)(1218.2, 517.2)(1218.2, 521.5)(1148.3, 521.5);SD
Port:(1134.3, 438.9)(1216.3, 438.9)(1216.3, 438.9)(1232.2, 438.9)(1232.2, 515.7)(1134.3, 515.7);GATE
Port:(1140.4, 444.0)(1210.2, 444.0)(1210.2, 450.0)(1140.4, 450.0);SD
Module:M5
Boundary:(1011.4, 20.0)(1103.3, 20.0)(1103.3, 160.7)(1011.4, 160.7);GATE
Port:(1025.3, 154.9)(1089.4, 154.9)(1089.4, 160.7)(1025.3, 160.7);SD
Port:(1011.4, 20.0)(1103.3, 20.0)(1103.3, 153.4)(1011.4, 153.4);GATE
Port:(1018.1, 25.7)(1096.6, 25.7)(1096.6, 31.7)(1018.1, 31.7);SD
Module:M11
Boundary:(1091.9, 643.6)(1091.9, 717.6)(1091.9, 717.6)(1091.9, 731.5)(966.4, 731.5)(966.4, 643.6);GATE
Port:(966.4, 656.7)(970.8, 656.7)(970.8, 718.4)(966.4, 718.4);SD
Port:(1091.9, 643.6)(1091.9, 717.6)(1091.9, 717.6)(1091.9, 731.5)(972.3, 731.5)(972.3, 643.6);GATE
Port:(1080.9, 650.3)(1086.2, 650.3)(1086.2, 710.9)(1080.9, 710.9);SD
Module:M1
Boundary:(761.0, 20.0)(831.5, 20.0)(831.5, 121.2)(761.0, 121.2);GATE
Port:(772.2, 116.9)(820.3, 116.9)(820.3, 121.2)(772.2, 121.2);SD
Port:(761.0, 20.0)(831.5, 20.0)(831.5, 114.9)(761.0, 114.9);GATE
Port:(766.0, 24.0)(826.5, 24.0)(826.5, 29.4)(766.0, 29.4);SD
Module:M43
Boundary:(1009.4, 200.7)(1102.6, 200.7)(1102.6, 297.2)(1009.4, 297.2);GATE
Port:(1022.4, 293.2)(1089.6, 293.2)(1089.6, 297.2)(1022.4, 297.2);SD
Port:(1009.4, 200.7)(1102.6, 200.7)(1102.6, 291.4)(1009.4, 291.4);GATE
Port:(1014.9, 205.2)(1097.1, 205.2)(1097.1, 211.0)(1014.9, 211.0);SD
Module:M38
Boundary:(1276.7, 627.0)(1352.4, 627.0)(1352.4, 666.3)(1365.4, 666.3)(1365.4, 731.1)(1276.7, 731.1);GATE
Port:(1289.8, 725.1)(1352.3, 725.1)(1352.3, 731.1)(1289.8, 731.1);SD
Port:(1276.7, 627.0)(1352.4, 627.0)(1352.4, 666.3)(1365.4, 666.3)(1365.4, 723.1)(1276.7, 723.1);GATE
Port:(1283.5, 632.8)(1344.6, 632.8)(1344.6, 638.5)(1283.5, 638.5);SD
Module:M40
Boundary:(1082.5, 495.7)(1082.5, 575.4)(1046.0, 575.4)(1046.0, 593.6)(981.0, 593.6)(981.0, 495.7);GATE
Port:(981.0, 512.0)(986.6, 512.0)(986.6, 577.3)(981.0, 577.3);SD
Port:(1082.5, 495.7)(1082.5, 575.4)(1046.0, 575.4)(1046.0, 593.6)(989.4, 593.6)(989.4, 495.7);GATE
Port:(1069.6, 502.6)(1076.6, 502.6)(1076.6, 567.5)(1069.6, 567.5);SD
Module:M35
Boundary:(403.7, 149.1)(514.9, 149.1)(514.9, 266.7)(403.7, 266.7);GATE
Port:(416.6, 261.8)(502.0, 261.8)(502.0, 266.7)(416.6, 266.7);SD
Port:(403.7, 149.1)(514.9, 149.1)(514.9, 260.0)(403.7, 260.0);GATE
Port:(410.5, 154.9)(508.1, 154.9)(508.1, 159.1)(410.5, 159.1);SD
Module:M32
Boundary:(1152.6, 229.3)(1209.3, 229.3)(1209.3, 242.8)(1226.4, 242.8)(1226.4, 388.9)(1152.6, 388.9);GATE
Port:(1167.9, 384.4)(1211.1, 384.4)(1211.1, 388.9)(1167.9, 388.9);SD
Port:(1152.6, 229.3)(1209.3, 229.3)(1209.3, 242.8)(1226.4, 242.8)(1226.4, 381.7)(1152.6, 381.7);GATE
Port:(1159.1, 234.8)(1201.8, 234.8)(1201.8, 241.2)(1159.1, 241.2);SD
Module:M27
Boundary:(1529.6, 627.0)(1529.6, 732.7)(1405.4, 732.7)(1405.4, 627.0);GATE
Port:(1405.4, 642.0)(1410.2, 642.0)(1410.2, 717.7)(1405.4, 717.7);SD
Port:(1529.6, 627.0)(1529.6, 732.7)(1413.0, 732.7)(1413.0, 627.0);GATE
Port:(1517.1, 633.7)(1523.9, 633.7)(1523.9, 726.0)(1517.1, 726.0);SD
Module:M24
Boundary:(159.4, 556.9)(213.2, 556.9)(213.2, 632.2)(230.3, 632.2)(230.3, 731.0)(159.4, 731.0);GATE
Port:(173.0, 726.7)(216.7, 726.7)(216.7, 731.0)(173.0, 731.0);SD
Port:(159.4, 556.9)(213.2, 556.9)(213.2, 632.2)(230.3, 632.2)(230.3, 724.3)(159.4, 724.3);GATE
Port:(165.4, 561.9)(206.2, 561.9)(206.2, 567.2)(165.4, 567.2);SD
Module:M19
Boundary:(1286.7, 271.6)(1350.8, 271.6)(1350.8, 271.9)(1365.6, 271.9)(1365.6, 419.6)(1286.7, 419.6);GATE
Port:(1300.6, 415.2)(1351.7, 415.2)(1351.7, 419.6)(1300.6, 419.6);SD
Port:(1286.7, 271.6)(1350.8, 271.6)(1350.8, 271.9)(1365.6, 271.9)(1365.6, 412.4)(1286.7, 412.4);GATE
Port:(1293.5, 277.4)(1344.0, 277.4)(1344.0, 283.6)(1293.5, 283.6);SD
Module:M6
Boundary:(515.6, 20.0)(515.6, 91.4)(515.4, 91.4)(515.4, 109.1)(331.2, 109.1)(331.2, 20.0);GATE
Port:(331.2, 34.2)(335.3, 34.2)(335.3, 94.9)(331.2, 94.9);SD
Port:(515.6, 20.0)(515.6, 91.4)(515.4, 91.4)(515.4, 109.1)(336.7, 109.1)(336.7, 20.0);GATE
Port:(504.1, 25.7)(510.9, 25.7)(510.9, 85.7)(504.1, 85.7);SD
Module:M21
Boundary:(659.8, 452.0)(659.8, 559.3)(659.4, 559.3)(659.4, 576.9)(476.9, 576.9)(476.9, 452.0);GATE
Port:(476.9, 466.7)(481.2, 466.7)(481.2, 562.2)(476.9, 562.2);SD
Port:(659.8, 452.0)(659.8, 559.3)(659.4, 559.3)(659.4, 576.9)(482.9, 576.9)(482.9, 452.0);GATE
Port:(648.2, 458.0)(654.8, 458.0)(654.8, 553.3)(648.2, 553.3);SD
Module:M2
Boundary:(20.0, 455.6)(103.9, 455.6)(103.9, 463.5)(119.4, 463.5)(119.4, 555.2)(20.0, 555.2);GATE
Port:(32.9, 550.6)(106.5, 550.6)(106.5, 555.2)(32.9, 555.2);SD
Port:(20.0, 455.6)(103.9, 455.6)(103.9, 463.5)(119.4, 463.5)(119.4, 548.7)(20.0, 548.7);GATE
Port:(26.8, 461.4)(96.1, 461.4)(96.1, 465.7)(26.8, 465.7);SD
Module:M16
Boundary:(969.4, 164.8)(969.4, 271.2)(969.3, 271.2)(969.3, 288.6)(871.5, 288.6)(871.5, 164.8);GATE
Port:(871.5, 179.4)(875.7, 179.4)(875.7, 274.0)(871.5, 274.0);SD
Port:(969.4, 164.8)(969.4, 271.2)(969.3, 271.2)(969.3, 288.6)(878.2, 288.6)(878.2, 164.8);GATE
Port:(957.5, 171.0)(964.2, 171.0)(964.2, 265.0)(957.5, 265.0);SD
Module:M13
Boundary:(286.5, 459.4)(286.5, 516.9)(159.4, 516.9)(159.4, 459.4);GATE
Port:(159.4, 471.1)(164.9, 471.1)(164.9, 505.2)(159.4, 505.2);SD
Port:(286.5, 459.4)(286.5, 516.9)(166.1, 516.9)(166.1, 459.4);GATE
Port:(276.5, 465.8)(281.1, 465.8)(281.1, 510.5)(276.5, 510.5);SD
Module:M45
Boundary:(467.6, 306.7)(467.6, 392.3)(326.5, 392.3)(326.5, 306.7);GATE
Port:(326.5, 321.5)(332.2, 321.5)(332.2, 377.5)(326.5, 377.5);SD
Port:(467.6, 306.7)(467.6, 392.3)(334.4, 392.3)(334.4, 306.7);GATE
Port:(455.8, 313.4)(461.9, 313.4)(461.9, 385.6)(455.8, 385.6);SD
Module:M10
Boundary:(1407.2, 20.0)(1507.6, 20.0)(1507.6, 123.8)(1523.4, 123.8)(1523.4, 191.1)(1407.2, 191.1);GATE
Port:(1419.4, 185.6)(1511.2, 185.6)(1511.2, 191.1)(1419.4, 191.1);SD
Port:(1407.2, 20.0)(1507.6, 20.0)(1507.6, 123.8)(1523.4, 123.8)(1523.4, 184.3)(1407.2, 184.3);GATE
Port:(1412.3, 24.1)(1501.5, 24.1)(1501.5, 29.3)(1412.3, 29.3);SD
Module:M42
Boundary:(692.6, 182.4)(790.7, 182.4)(790.7, 214.0)(806.2, 214.0)(806.2, 285.0)(692.6, 285.0);GATE
Port:(704.8, 279.5)(794.0, 279.5)(794.0, 285.0)(704.8, 285.0);SD
Port:(692.6, 182.4)(790.7, 182.4)(790.7, 214.0)(806.2, 214.0)(806.2, 277.2)(692.6, 277.2);GATE
Port:(697.6, 186.4)(784.7, 186.4)(784.7, 191.4)(697.6, 191.4);SD
Module:M37
Boundary:(721.0, 20.0)(721.0, 124.8)(720.9, 124.8)(720.9, 142.4)(555.6, 142.4)(555.6, 20.0);GATE
Port:(555.6, 33.3)(561.2, 33.3)(561.2, 129.1)(555.6, 129.1);SD
Port:(721.0, 20.0)(721.0, 124.8)(720.9, 124.8)(720.9, 142.4)(562.7, 142.4)(562.7, 20.0);GATE
Port:(710.4, 25.0)(717.0, 25.0)(717.0, 119.8)(710.4, 119.8);SD
Module:M34
Boundary:(1143.3, 20.0)(1222.4, 20.0)(1222.4, 101.0)(1236.7, 101.0)(1236.7, 179.3)(1143.3, 179.3);GATE
Port:(1155.7, 173.8)(1224.3, 173.8)(1224.3, 179.3)(1155.7, 179.3);SD
Port:(1143.3, 20.0)(1222.4, 20.0)(1222.4, 101.0)(1236.7, 101.0)(1236.7, 172.1)(1143.3, 172.1);GATE
Port:(1148.3, 24.0)(1216.4, 24.0)(1216.4, 30.6)(1148.3, 30.6);SD
Module:M29
Boundary:(363.7, 149.1)(363.7, 258.1)(177.4, 258.1)(177.4, 149.1);GATE
Port:(177.4, 162.4)(183.2, 162.4)(183.2, 244.8)(177.4, 244.8);SD
Port:(363.7, 149.1)(363.7, 258.1)(184.9, 258.1)(184.9, 149.1);GATE
Port:(353.7, 154.5)(359.3, 154.5)(359.3, 252.7)(353.7, 252.7);SD
Module:M7
Boundary:(871.5, 20.0)(971.4, 20.0)(971.4, 124.8)(871.5, 124.8);GATE
Port:(885.5, 118.8)(957.4, 118.8)(957.4, 124.8)(885.5, 124.8);SD
Port:(871.5, 20.0)(971.4, 20.0)(971.4, 115.9)(871.5, 115.9);GATE
Port:(876.7, 24.2)(966.2, 24.2)(966.2, 31.3)(876.7, 31.3);SD
Module:M31
Boundary:(699.8, 454.0)(791.6, 454.0)(791.6, 559.7)(699.8, 559.7);GATE
Port:(715.2, 554.4)(776.2, 554.4)(776.2, 559.7)(715.2, 559.7);SD
Port:(699.8, 454.0)(791.6, 454.0)(791.6, 552.9)(699.8, 552.9);GATE
Port:(706.4, 459.6)(785.0, 459.6)(785.0, 466.8)(706.4, 466.8);SD
Module:M3
Boundary:(20.0, 20.0)(137.4, 20.0)(137.4, 221.9)(20.0, 221.9);GATE
Port:(34.7, 216.0)(122.7, 216.0)(122.7, 221.9)(34.7, 221.9);SD
Port:(20.0, 20.0)(137.4, 20.0)(137.4, 214.1)(20.0, 214.1);GATE
Port:(26.9, 25.9)(130.5, 25.9)(130.5, 32.2)(26.9, 32.2);SD
Module:M26
Boundary:(1513.6, 479.6)(1513.6, 562.0)(1473.3, 562.0)(1473.3, 577.0)(1286.7, 577.0)(1286.7, 479.6);GATE
Port:(1286.7, 492.5)(1291.7, 492.5)(1291.7, 564.1)(1286.7, 564.1);SD
Port:(1513.6, 479.6)(1513.6, 562.0)(1473.3, 562.0)(1473.3, 577.0)(1294.4, 577.0)(1294.4, 479.6);GATE
Port:(1503.3, 485.1)(1509.1, 485.1)(1509.1, 555.5)(1503.3, 555.5);SD
Module:M23
Boundary:(931.0, 328.6)(931.0, 390.3)(931.0, 390.3)(931.0, 405.3)(846.2, 405.3)(846.2, 328.6);GATE
Port:(846.2, 341.1)(850.6, 341.1)(850.6, 392.8)(846.2, 392.8);SD
Port:(931.0, 328.6)(931.0, 390.3)(931.0, 390.3)(931.0, 405.3)(852.1, 405.3)(852.1, 328.6);GATE
Port:(921.1, 334.1)(926.5, 334.1)(926.5, 384.8)(921.1, 384.8);SD
Module:M18
Boundary:(336.5, 442.3)(413.6, 442.3)(413.6, 499.9)(426.9, 499.9)(426.9, 611.1)(336.5, 611.1);GATE
Port:(350.1, 605.8)(413.3, 605.8)(413.3, 611.1)(350.1, 611.1);SD
Port:(336.5, 442.3)(413.6, 442.3)(413.6, 499.9)(426.9, 499.9)(426.9, 603.5)(336.5, 603.5);GATE
Port:(343.4, 448.2)(405.7, 448.2)(405.7, 453.8)(343.4, 453.8);SD
Module:M20
Boundary:(1415.6, 231.1)(1513.6, 231.1)(1513.6, 334.4)(1527.4, 334.4)(1527.4, 429.5)(1415.6, 429.5);GATE
Port:(1428.9, 423.6)(1514.1, 423.6)(1514.1, 429.5)(1428.9, 429.5);SD
Port:(1415.6, 231.1)(1513.6, 231.1)(1513.6, 334.4)(1527.4, 334.4)(1527.4, 421.7)(1415.6, 421.7);GATE
Port:(1421.6, 236.1)(1505.6, 236.1)(1505.6, 241.1)(1421.6, 241.1);SD
Module:M15
Boundary:(454.9, 661.1)(454.9, 726.1)(270.3, 726.1)(270.3, 661.1);GATE
Port:(270.3, 674.2)(274.7, 674.2)(274.7, 713.0)(270.3, 713.0);SD
Port:(454.9, 661.1)(454.9, 726.1)(276.3, 726.1)(276.3, 661.1);GATE
Port:(444.3, 667.6)(449.4, 667.6)(449.4, 719.6)(444.3, 719.6);SD
Module:M12
Boundary:(291.2, 20.0)(291.2, 88.8)(273.6, 88.8)(273.6, 104.1)(177.4, 104.1)(177.4, 20.0);GATE
Port:(177.4, 34.6)(182.7, 34.6)(182.7, 89.5)(177.4, 89.5);SD
Port:(291.2, 20.0)(291.2, 88.8)(273.6, 88.8)(273.6, 104.1)(184.3, 104.1)(184.3, 20.0);GATE
Port:(279.6, 26.6)(285.6, 26.6)(285.6, 81.2)(279.6, 81.2);SD
Module:M44
Boundary:(652.6, 182.4)(652.6, 264.9)(630.4, 264.9)(630.4, 280.2)(555.6, 280.2)(555.6, 182.4);GATE
Port:(555.6, 195.5)(560.3, 195.5)(560.3, 267.1)(555.6, 267.1);SD
Port:(652.6, 182.4)(652.6, 264.9)(630.4, 264.9)(630.4, 280.2)(562.9, 280.2)(562.9, 182.4);GATE
Port:(642.9, 187.8)(648.2, 187.8)(648.2, 258.5)(642.9, 258.5);SD
Module:M39
Boundary:(30.0, 271.9)(112.0, 271.9)(112.0, 405.6)(30.0, 405.6);GATE
Port:(43.8, 400.3)(98.2, 400.3)(98.2, 405.6)(43.8, 405.6);SD
Port:(30.0, 271.9)(112.0, 271.9)(112.0, 398.9)(30.0, 398.9);GATE
Port:(36.4, 277.3)(105.6, 277.3)(105.6, 283.1)(36.4, 283.1);SD
Module:M8
Boundary:(1276.7, 20.0)(1350.4, 20.0)(1350.4, 55.3)(1367.2, 55.3)(1367.2, 221.6)(1276.7, 221.6);GATE
Port:(1291.4, 216.2)(1352.5, 216.2)(1352.5, 221.6)(1291.4, 221.6);SD
Port:(1276.7, 20.0)(1350.4, 20.0)(1350.4, 55.3)(1367.2, 55.3)(1367.2, 213.8)(1276.7, 213.8);GATE
Port:(1282.4, 24.7)(1343.7, 24.7)(1343.7, 31.9)(1282.4, 31.9);SD
Module:M41
Boundary:(1132.5, 561.5)(1219.9, 561.5)(1219.9, 561.6)(1236.7, 561.6)(1236.7, 732.7)(1132.5, 732.7);GATE
Port:(1147.7, 728.0)(1221.5, 728.0)(1221.5, 732.7)(1147.7, 732.7);SD
Port:(1132.5, 561.5)(1219.9, 561.5)(1219.9, 561.6)(1236.7, 561.6)(1236.7, 726.4)(1132.5, 726.4);GATE
Port:(1138.7, 566.7)(1213.7, 566.7)(1213.7, 573.5)(1138.7, 573.5);SD
Module:M4
Boundary:(930.0, 445.3)(930.0, 493.8)(886.3, 493.8)(886.3, 507.3)(833.0, 507.3)(833.0, 445.3);GATE
Port:(833.0, 458.8)(837.7, 458.8)(837.7, 493.8)(833.0, 493.8);SD
Port:(930.0, 445.3)(930.0, 493.8)(886.3, 493.8)(886.3, 507.3)(839.4, 507.3)(839.4, 445.3);GATE
Port:(918.8, 452.1)(924.2, 452.1)(924.2, 486.0)(918.8, 486.0);SD
Module:M36
Boundary:(1094.3, 337.2)(1094.3, 431.1)(1034.2, 431.1)(1034.2, 445.7)(971.0, 445.7)(971.0, 337.2);GATE
Port:(971.0, 349.3)(975.1, 349.3)(975.1, 433.6)(971.0, 433.6);SD
Port:(1094.3, 337.2)(1094.3, 431.1)(1034.2, 431.1)(1034.2, 445.7)(977.5, 445.7)(977.5, 337.2);GATE
Port:(1085.2, 342.5)(1090.0, 342.5)(1090.0, 424.8)(1085.2, 424.8);SD
Module:M33
Boundary:(20.0, 595.2)(116.1, 595.2)(116.1, 732.2)(20.0, 732.2);GATE
Port:(32.4, 726.5)(103.7, 726.5)(103.7, 732.2)(32.4, 732.2);SD
Port:(20.0, 595.2)(116.1, 595.2)(116.1, 724.6)(20.0, 724.6);GATE
Port:(26.0, 600.2)(110.1, 600.2)(110.1, 605.2)(26.0, 605.2);SD
Module:M28
Boundary:(712.0, 599.7)(767.3, 599.7)(767.3, 640.1)(783.6, 640.1)(783.6, 724.0)(712.0, 724.0);GATE
Port:(726.5, 719.6)(769.1, 719.6)(769.1, 724.0)(726.5, 724.0);SD
Port:(712.0, 599.7)(767.3, 599.7)(767.3, 640.1)(783.6, 640.1)(783.6, 718.3)(712.0, 718.3);GATE
Port:(718.9, 605.6)(759.4, 605.6)(759.4, 611.2)(718.9, 611.2);SD
Module:M30
Boundary:(681.3, 325.0)(681.3, 398.7)(606.9, 398.7)(606.9, 412.0)(507.6, 412.0)(507.6, 325.0);GATE
Port:(507.6, 336.9)(513.5, 336.9)(513.5, 400.1)(507.6, 400.1);SD
Port:(681.3, 325.0)(681.3, 398.7)(606.9, 398.7)(606.9, 412.0)(515.9, 412.0)(515.9, 325.0);GATE
Port:(671.3, 330.0)(677.3, 330.0)(677.3, 392.7)(671.3, 392.7);SD
Module:M25
Boundary:(721.3, 325.0)(775.1, 325.0)(775.1, 325.0)(793.0, 325.0)(793.0, 414.0)(721.3, 414.0);GATE
Port:(735.3, 409.4)(779.0, 409.4)(779.0, 414.0)(735.3, 414.0);SD
Port:(721.3, 325.0)(775.1, 325.0)(775.1, 325.0)(793.0, 325.0)(793.0, 407.4)(721.3, 407.4);GATE
Port:(727.3, 330.0)(769.1, 330.0)(769.1, 336.3)(727.3, 336.3);SD
Module:M22
Boundary:(162.0, 298.1)(258.3, 298.1)(258.3, 355.6)(272.8, 355.6)(272.8, 419.4)(162.0, 419.4);GATE
Port:(175.4, 414.8)(259.4, 414.8)(259.4, 419.4)(175.4, 419.4);SD
Port:(162.0, 298.1)(258.3, 298.1)(258.3, 355.6)(272.8, 355.6)(272.8, 412.8)(162.0, 412.8);GATE
Port:(168.9, 304.0)(250.4, 304.0)(250.4, 308.6)(168.9, 308.6);SD
Module:M17
Boundary:(841.6, 557.3)(916.4, 557.3)(916.4, 704.6)(841.6, 704.6);GATE
Port:(854.7, 700.0)(903.3, 700.0)(903.3, 704.6)(854.7, 704.6);SD
Port:(841.6, 557.3)(916.4, 557.3)(916.4, 698.7)(841.6, 698.7);GATE
Port:(848.5, 563.2)(909.5, 563.2)(909.5, 568.6)(848.5, 568.6);SD
