Area:(-20.0, -20.0)(775.3, -20.0)(775.3, 1499.0)(-20.0, 1499.0)
Rule:GATE(5,5);SD(5,5);GATE_SD(0.5);GATE_ITO(0.5);SD_ITO(0.5)
Module:M14
Boundary:(20.0, 1353.2)(99.6, 1353.2)(99.6, 1393.8)(111.4, 1393.8)(111.4, 1459.0)(20.0, 1459.0);GATE
Port:(30.5, 1453.1)(100.9, 1453.1)(100.9, 1459.0)(30.5, 1459.0);SD
Port:(20.0, 1353.2)(99.6, 1353.2)(99.6, 1393.8)(111.4, 1393.8)(111.4, 1451.1)(20.0, 1451.1);GATE
Port:(25.2, 1357.4)(93.4, 1357.4)(93.4, 1362.2)(25.2, 1362.2);SD
Module:M9
Boundary:(474.2, 548.8)(474.2, 649.6)(474.1, 649.6)(474.1, 669.3)(402.1, 669.3)(402.1, 548.8);GATE
Port:(402.1, 565.7)(408.0, 565.7)(408.0, 652.4)(402.1, 652.4);SD
Port:(474.2, 548.8)(474.2, 649.6)(474.1, 649.6)(474.1, 669.3)(409.7, 669.3)(409.7, 548.8);GATE
Port:(460.7, 555.4)(468.6, 555.4)(468.6, 643.0)(460.7, 643.0);SD
Module:M5
Boundary:(493.1, 868.2)(493.1, 928.9)(402.1, 928.9)(402.1, 868.2);GATE
Port:(402.1, 880.6)(406.2, 880.6)(406.2, 916.5)(402.1, 916.5);SD
Port:(493.1, 868.2)(493.1, 928.9)(408.1, 928.9)(408.1, 868.2);GATE
Port:(482.3, 873.4)(488.9, 873.4)(488.9, 923.7)(482.3, 923.7);SD
Module:M11
Boundary:(302.0, 1240.4)(302.0, 1329.4)(302.0, 1329.4)(302.0, 1346.6)(152.4, 1346.6)(152.4, 1240.4);GATE
Port:(152.4, 1255.1)(156.5, 1255.1)(156.5, 1331.9)(152.4, 1331.9);SD
Port:(302.0, 1240.4)(302.0, 1329.4)(302.0, 1329.4)(302.0, 1346.6)(158.9, 1346.6)(158.9, 1240.4);GATE
Port:(289.5, 1247.4)(296.0, 1247.4)(296.0, 1322.4)(289.5, 1322.4);SD
Module:M1
Boundary:(167.4, 664.1)(167.4, 742.7)(20.0, 742.7)(20.0, 664.1);GATE
Port:(20.0, 678.0)(25.7, 678.0)(25.7, 728.8)(20.0, 728.8);SD
Port:(167.4, 664.1)(167.4, 742.7)(27.3, 742.7)(27.3, 664.1);GATE
Port:(155.4, 670.8)(161.7, 670.8)(161.7, 736.0)(155.4, 736.0);SD
Module:M43
Boundary:(668.5, 160.7)(718.1, 160.7)(718.1, 160.9)(735.0, 160.9)(735.0, 321.2)(668.5, 321.2);GATE
Port:(681.0, 316.3)(722.5, 316.3)(722.5, 321.2)(681.0, 321.2);SD
Port:(668.5, 160.7)(718.1, 160.7)(718.1, 160.9)(735.0, 160.9)(735.0, 313.7)(668.5, 313.7);GATE
Port:(673.8, 165.0)(712.8, 165.0)(712.8, 170.4)(673.8, 170.4);SD
Module:M38
Boundary:(465.0, 968.9)(465.0, 1045.0)(434.4, 1045.0)(434.4, 1058.7)(339.2, 1058.7)(339.2, 968.9);GATE
Port:(339.2, 981.3)(343.3, 981.3)(343.3, 1046.3)(339.2, 1046.3);SD
Port:(465.0, 968.9)(465.0, 1045.0)(434.4, 1045.0)(434.4, 1058.7)(345.8, 1058.7)(345.8, 968.9);GATE
Port:(454.8, 974.4)(460.5, 974.4)(460.5, 1038.5)(454.8, 1038.5);SD
Module:M40
Boundary:(517.0, 1366.9)(517.0, 1434.5)(507.5, 1434.5)(507.5, 1449.3)(400.0, 1449.3)(400.0, 1366.9);GATE
Port:(400.0, 1381.3)(405.1, 1381.3)(405.1, 1434.9)(400.0, 1434.9);SD
Port:(517.0, 1366.9)(517.0, 1434.5)(507.5, 1434.5)(507.5, 1449.3)(408.1, 1449.3)(408.1, 1366.9);GATE
Port:(505.7, 1373.1)(511.8, 1373.1)(511.8, 1427.3)(505.7, 1427.3);SD
Module:M35
Boundary:(20.0, 20.0)(52.2, 20.0)(52.2, 20.1)(67.8, 20.1)(67.8, 241.3)(20.0, 241.3);GATE
Port:(32.2, 237.2)(55.6, 237.2)(55.6, 241.3)(32.2, 241.3);SD
Port:(20.0, 20.0)(52.2, 20.0)(52.2, 20.1)(67.8, 20.1)(67.8, 234.5)(20.0, 234.5);GATE
Port:(25.9, 24.9)(46.3, 24.9)(46.3, 30.2)(25.9, 30.2);SD
Module:M32
Boundary:(503.5, 1108.7)(564.7, 1108.7)(564.7, 1231.6)(578.2, 1231.6)(578.2, 1306.9)(503.5, 1306.9);GATE
Port:(515.2, 1302.7)(566.5, 1302.7)(566.5, 1306.9)(515.2, 1306.9);SD
Port:(503.5, 1108.7)(564.7, 1108.7)(564.7, 1231.6)(578.2, 1231.6)(578.2, 1300.0)(503.5, 1300.0);GATE
Port:(509.1, 1113.3)(558.1, 1113.3)(558.1, 1118.8)(509.1, 1118.8);SD
Module:M27
Boundary:(402.1, 361.9)(476.1, 361.9)(476.1, 508.8)(402.1, 508.8);GATE
Port:(417.1, 504.2)(461.1, 504.2)(461.1, 508.8)(417.1, 508.8);SD
Port:(402.1, 361.9)(476.1, 361.9)(476.1, 501.9)(402.1, 501.9);GATE
Port:(408.2, 367.0)(470.0, 367.0)(470.0, 373.4)(408.2, 373.4);SD
Module:M24
Boundary:(124.7, 942.7)(124.7, 1020.3)(93.5, 1020.3)(93.5, 1037.3)(20.0, 1037.3)(20.0, 942.7);GATE
Port:(20.0, 959.4)(24.4, 959.4)(24.4, 1020.6)(20.0, 1020.6);SD
Port:(124.7, 942.7)(124.7, 1020.3)(93.5, 1020.3)(93.5, 1037.3)(25.8, 1037.3)(25.8, 942.7);GATE
Port:(111.0, 949.7)(118.7, 949.7)(118.7, 1012.3)(111.0, 1012.3);SD
Module:M19
Boundary:(179.3, 343.8)(179.3, 449.4)(179.2, 449.4)(179.2, 466.9)(30.0, 466.9)(30.0, 343.8);GATE
Port:(30.0, 358.0)(34.0, 358.0)(34.0, 452.7)(30.0, 452.7);SD
Port:(179.3, 343.8)(179.3, 449.4)(179.2, 449.4)(179.2, 466.9)(35.7, 466.9)(35.7, 343.8);GATE
Port:(168.0, 349.4)(174.7, 349.4)(174.7, 443.8)(168.0, 443.8);SD
Module:M6
Boundary:(350.0, 1386.6)(350.0, 1442.6)(231.8, 1442.6)(231.8, 1458.7)(152.4, 1458.7)(152.4, 1386.6);GATE
Port:(152.4, 1402.1)(157.9, 1402.1)(157.9, 1443.2)(152.4, 1443.2);SD
Port:(350.0, 1386.6)(350.0, 1442.6)(231.8, 1442.6)(231.8, 1458.7)(160.7, 1458.7)(160.7, 1386.6);GATE
Port:(337.2, 1393.3)(344.3, 1393.3)(344.3, 1434.9)(337.2, 1434.9);SD
Module:M21
Boundary:(658.1, 361.2)(730.0, 361.2)(730.0, 485.6)(658.1, 485.6);GATE
Port:(673.7, 480.5)(714.4, 480.5)(714.4, 485.6)(673.7, 485.6);SD
Port:(658.1, 361.2)(730.0, 361.2)(730.0, 479.3)(658.1, 479.3);GATE
Port:(665.0, 367.1)(723.1, 367.1)(723.1, 373.5)(665.0, 373.5);SD
Module:M2
Boundary:(614.3, 459.9)(614.3, 541.1)(585.6, 541.1)(585.6, 555.7)(516.1, 555.7)(516.1, 459.9);GATE
Port:(516.1, 473.6)(521.8, 473.6)(521.8, 542.0)(516.1, 542.0);SD
Port:(614.3, 459.9)(614.3, 541.1)(585.6, 541.1)(585.6, 555.7)(523.0, 555.7)(523.0, 459.9);GATE
Port:(603.8, 466.8)(608.4, 466.8)(608.4, 533.2)(603.8, 533.2);SD
Module:M16
Boundary:(628.2, 1089.2)(707.3, 1089.2)(707.3, 1190.0)(725.1, 1190.0)(725.1, 1314.9)(628.2, 1314.9);GATE
Port:(644.5, 1309.8)(708.8, 1309.8)(708.8, 1314.9)(644.5, 1314.9);SD
Port:(628.2, 1089.2)(707.3, 1089.2)(707.3, 1190.0)(725.1, 1190.0)(725.1, 1308.5)(628.2, 1308.5);GATE
Port:(634.9, 1094.9)(699.6, 1094.9)(699.6, 1102.5)(634.9, 1102.5);SD
Module:M13
Boundary:(671.0, 20.0)(734.4, 20.0)(734.4, 120.7)(671.0, 120.7);GATE
Port:(684.2, 115.7)(721.2, 115.7)(721.2, 120.7)(684.2, 120.7);SD
Port:(671.0, 20.0)(734.4, 20.0)(734.4, 114.5)(671.0, 114.5);GATE
Port:(676.2, 24.2)(729.2, 24.2)(729.2, 30.3)(676.2, 30.3);SD
Module:M45
Boundary:(735.3, 730.9)(735.3, 823.4)(510.5, 823.4)(510.5, 730.9);GATE
Port:(510.5, 747.7)(516.0, 747.7)(516.0, 806.6)(510.5, 806.6);SD
Port:(735.3, 730.9)(735.3, 823.4)(518.2, 823.4)(518.2, 730.9);GATE
Port:(722.0, 737.8)(729.4, 737.8)(729.4, 816.5)(722.0, 816.5);SD
Module:M10
Boundary:(112.4, 1226.9)(112.4, 1297.2)(63.6, 1297.2)(63.6, 1313.2)(20.0, 1313.2)(20.0, 1226.9);GATE
Port:(20.0, 1240.8)(24.9, 1240.8)(24.9, 1299.3)(20.0, 1299.3);SD
Port:(112.4, 1226.9)(112.4, 1297.2)(63.6, 1297.2)(63.6, 1313.2)(26.0, 1313.2)(26.0, 1226.9);GATE
Port:(101.5, 1232.9)(107.4, 1232.9)(107.4, 1290.2)(101.5, 1290.2);SD
Module:M42
Boundary:(539.4, 301.4)(603.6, 301.4)(603.6, 339.6)(618.1, 339.6)(618.1, 419.9)(539.4, 419.9);GATE
Port:(551.8, 415.6)(605.7, 415.6)(605.7, 419.9)(551.8, 419.9);SD
Port:(539.4, 301.4)(603.6, 301.4)(603.6, 339.6)(618.1, 339.6)(618.1, 413.3)(539.4, 413.3);GATE
Port:(544.9, 305.9)(597.1, 305.9)(597.1, 311.4)(544.9, 311.4);SD
Module:M37
Boundary:(402.1, 205.9)(499.4, 205.9)(499.4, 321.9)(402.1, 321.9);GATE
Port:(415.1, 317.7)(486.4, 317.7)(486.4, 321.9)(415.1, 321.9);SD
Port:(402.1, 205.9)(499.4, 205.9)(499.4, 315.5)(402.1, 315.5);GATE
Port:(408.1, 210.9)(493.4, 210.9)(493.4, 216.7)(408.1, 216.7);SD
Module:M34
Boundary:(164.7, 950.9)(281.2, 950.9)(281.2, 999.4)(299.2, 999.4)(299.2, 1097.0)(164.7, 1097.0);GATE
Port:(180.6, 1091.9)(283.3, 1091.9)(283.3, 1097.0)(180.6, 1097.0);SD
Port:(164.7, 950.9)(281.2, 950.9)(281.2, 999.4)(299.2, 999.4)(299.2, 1090.4)(164.7, 1090.4);GATE
Port:(171.5, 956.7)(273.4, 956.7)(273.4, 963.5)(171.5, 963.5);SD
Module:M29
Boundary:(725.2, 1356.9)(725.2, 1442.0)(725.1, 1442.0)(725.1, 1458.5)(567.0, 1458.5)(567.0, 1356.9);GATE
Port:(567.0, 1370.8)(571.8, 1370.8)(571.8, 1444.6)(567.0, 1444.6);SD
Port:(725.2, 1356.9)(725.2, 1442.0)(725.1, 1442.0)(725.1, 1458.5)(572.9, 1458.5)(572.9, 1356.9);GATE
Port:(714.0, 1363.5)(719.6, 1363.5)(719.6, 1435.4)(714.0, 1435.4);SD
Module:M7
Boundary:(732.4, 968.9)(732.4, 1049.2)(505.0, 1049.2)(505.0, 968.9);GATE
Port:(505.0, 981.5)(509.8, 981.5)(509.8, 1036.6)(505.0, 1036.6);SD
Port:(732.4, 968.9)(732.4, 1049.2)(512.5, 1049.2)(512.5, 968.9);GATE
Port:(722.3, 974.1)(728.2, 974.1)(728.2, 1044.0)(722.3, 1044.0);SD
Module:M31
Boundary:(107.8, 20.0)(142.1, 20.0)(142.1, 20.1)(157.9, 20.1)(157.9, 129.5)(107.8, 129.5);GATE
Port:(121.3, 124.3)(144.4, 124.3)(144.4, 129.5)(121.3, 129.5);SD
Port:(107.8, 20.0)(142.1, 20.0)(142.1, 20.1)(157.9, 20.1)(157.9, 122.1)(107.8, 122.1);GATE
Port:(113.7, 24.9)(136.2, 24.9)(136.2, 31.0)(113.7, 31.0);SD
Module:M3
Boundary:(631.0, 20.0)(631.0, 94.0)(630.7, 94.0)(630.7, 108.9)(541.8, 108.9)(541.8, 20.0);GATE
Port:(541.8, 31.3)(546.6, 31.3)(546.6, 97.6)(541.8, 97.6);SD
Port:(631.0, 20.0)(631.0, 94.0)(630.7, 94.0)(630.7, 108.9)(548.8, 108.9)(548.8, 20.0);GATE
Port:(621.8, 25.1)(626.9, 25.1)(626.9, 88.9)(621.8, 88.9);SD
Module:M26
Boundary:(443.5, 1108.7)(443.5, 1166.1)(430.4, 1166.1)(430.4, 1182.7)(349.2, 1182.7)(349.2, 1108.7);GATE
Port:(349.2, 1125.1)(355.0, 1125.1)(355.0, 1166.3)(349.2, 1166.3);SD
Port:(443.5, 1108.7)(443.5, 1166.1)(430.4, 1166.1)(430.4, 1182.7)(357.0, 1182.7)(357.0, 1108.7);GATE
Port:(430.4, 1115.7)(437.5, 1115.7)(437.5, 1158.1)(430.4, 1158.1);SD
Module:M23
Boundary:(282.2, 1137.0)(282.2, 1186.0)(282.2, 1186.0)(282.2, 1200.4)(164.7, 1200.4)(164.7, 1137.0);GATE
Port:(164.7, 1151.1)(169.9, 1151.1)(169.9, 1186.3)(164.7, 1186.3);SD
Port:(282.2, 1137.0)(282.2, 1186.0)(282.2, 1186.0)(282.2, 1200.4)(171.6, 1200.4)(171.6, 1137.0);GATE
Port:(269.8, 1143.4)(276.8, 1143.4)(276.8, 1179.6)(269.8, 1179.6);SD
Module:M18
Boundary:(239.3, 364.3)(326.7, 364.3)(326.7, 472.4)(341.4, 472.4)(341.4, 568.2)(239.3, 568.2);GATE
Port:(253.2, 563.9)(327.5, 563.9)(327.5, 568.2)(253.2, 568.2);SD
Port:(239.3, 364.3)(326.7, 364.3)(326.7, 472.4)(341.4, 472.4)(341.4, 561.3)(239.3, 561.3);GATE
Port:(245.8, 369.8)(318.2, 369.8)(318.2, 375.6)(245.8, 375.6);SD
Module:M20
Boundary:(610.3, 595.7)(610.3, 668.1)(597.3, 668.1)(597.3, 684.5)(516.1, 684.5)(516.1, 595.7);GATE
Port:(516.1, 610.1)(522.1, 610.1)(522.1, 670.1)(516.1, 670.1);SD
Port:(610.3, 595.7)(610.3, 668.1)(597.3, 668.1)(597.3, 684.5)(524.9, 684.5)(524.9, 595.7);GATE
Port:(598.4, 602.6)(604.4, 602.6)(604.4, 660.2)(598.4, 660.2);SD
Module:M15
Boundary:(355.8, 618.2)(355.8, 697.0)(221.5, 697.0)(221.5, 618.2);GATE
Port:(221.5, 630.5)(227.4, 630.5)(227.4, 684.7)(221.5, 684.7);SD
Port:(355.8, 618.2)(355.8, 697.0)(228.7, 697.0)(228.7, 618.2);GATE
Port:(346.5, 623.3)(351.7, 623.3)(351.7, 691.9)(346.5, 691.9);SD
Module:M12
Boundary:(227.1, 169.5)(227.1, 277.3)(188.7, 277.3)(188.7, 293.8)(107.8, 293.8)(107.8, 169.5);GATE
Port:(107.8, 184.5)(111.9, 184.5)(111.9, 278.8)(107.8, 278.8);SD
Port:(227.1, 169.5)(227.1, 277.3)(188.7, 277.3)(188.7, 293.8)(113.3, 293.8)(113.3, 169.5);GATE
Port:(215.3, 175.7)(221.9, 175.7)(221.9, 270.1)(215.3, 270.1);SD
Module:M44
Boundary:(177.3, 782.7)(177.3, 886.6)(110.7, 886.6)(110.7, 902.7)(20.0, 902.7)(20.0, 782.7);GATE
Port:(20.0, 796.1)(25.0, 796.1)(25.0, 889.3)(20.0, 889.3);SD
Port:(177.3, 782.7)(177.3, 886.6)(110.7, 886.6)(110.7, 902.7)(27.5, 902.7)(27.5, 782.7);GATE
Port:(167.1, 789.4)(171.6, 789.4)(171.6, 878.9)(167.1, 878.9);SD
Module:M39
Boundary:(171.5, 526.9)(171.5, 596.7)(171.4, 596.7)(171.4, 614.1)(30.0, 614.1)(30.0, 526.9);GATE
Port:(30.0, 541.0)(35.9, 541.0)(35.9, 600.0)(30.0, 600.0);SD
Port:(171.5, 526.9)(171.5, 596.7)(171.4, 596.7)(171.4, 614.1)(37.2, 614.1)(37.2, 526.9);GATE
Port:(160.3, 532.5)(166.9, 532.5)(166.9, 591.1)(160.3, 591.1);SD
Module:M8
Boundary:(267.1, 164.3)(347.5, 164.3)(347.5, 253.2)(362.1, 253.2)(362.1, 314.3)(267.1, 314.3);GATE
Port:(279.5, 309.0)(349.7, 309.0)(349.7, 314.3)(279.5, 314.3);SD
Port:(267.1, 164.3)(347.5, 164.3)(347.5, 253.2)(362.1, 253.2)(362.1, 307.7)(267.1, 307.7);GATE
Port:(273.5, 169.7)(340.1, 169.7)(340.1, 174.7)(273.5, 174.7);SD
Module:M41
Boundary:(541.8, 148.9)(628.5, 148.9)(628.5, 261.4)(541.8, 261.4);GATE
Port:(556.6, 255.5)(613.7, 255.5)(613.7, 261.4)(556.6, 261.4);SD
Port:(541.8, 148.9)(628.5, 148.9)(628.5, 252.7)(541.8, 252.7);GATE
Port:(547.4, 153.5)(622.9, 153.5)(622.9, 161.1)(547.4, 161.1);SD
Module:M4
Boundary:(438.3, 1232.7)(438.3, 1285.5)(395.1, 1285.5)(395.1, 1300.4)(342.0, 1300.4)(342.0, 1232.7);GATE
Port:(342.0, 1246.7)(346.5, 1246.7)(346.5, 1286.4)(342.0, 1286.4);SD
Port:(438.3, 1232.7)(438.3, 1285.5)(395.1, 1285.5)(395.1, 1300.4)(348.2, 1300.4)(348.2, 1232.7);GATE
Port:(426.3, 1238.8)(433.2, 1238.8)(433.2, 1278.4)(426.3, 1278.4);SD
Module:M36
Boundary:(431.2, 20.0)(486.3, 20.0)(486.3, 103.7)(501.8, 103.7)(501.8, 165.9)(431.2, 165.9);GATE
Port:(446.8, 160.6)(486.2, 160.6)(486.2, 165.9)(446.8, 165.9);SD
Port:(431.2, 20.0)(486.3, 20.0)(486.3, 103.7)(501.8, 103.7)(501.8, 158.3)(431.2, 158.3);GATE
Port:(437.6, 25.4)(478.9, 25.4)(478.9, 32.9)(437.6, 32.9);SD
Module:M33
Boundary:(705.9, 863.4)(705.9, 925.2)(533.1, 925.2)(533.1, 863.4);GATE
Port:(533.1, 875.2)(537.6, 875.2)(537.6, 913.4)(533.1, 913.4);SD
Port:(705.9, 863.4)(705.9, 925.2)(540.0, 925.2)(540.0, 863.4);GATE
Port:(696.4, 868.5)(701.8, 868.5)(701.8, 920.1)(696.4, 920.1);SD
Module:M28
Boundary:(402.1, 709.3)(454.8, 709.3)(454.8, 773.1)(470.5, 773.1)(470.5, 828.2)(402.1, 828.2);GATE
Port:(416.5, 823.1)(456.1, 823.1)(456.1, 828.2)(416.5, 828.2);SD
Port:(402.1, 709.3)(454.8, 709.3)(454.8, 773.1)(470.5, 773.1)(470.5, 820.7)(402.1, 820.7);GATE
Port:(408.0, 714.2)(447.9, 714.2)(447.9, 720.7)(408.0, 720.7);SD
Module:M30
Boundary:(391.2, 20.0)(391.2, 108.5)(291.4, 108.5)(291.4, 124.3)(197.9, 124.3)(197.9, 20.0);GATE
Port:(197.9, 34.8)(202.8, 34.8)(202.8, 109.5)(197.9, 109.5);SD
Port:(391.2, 20.0)(391.2, 108.5)(291.4, 108.5)(291.4, 124.3)(204.9, 124.3)(204.9, 20.0);GATE
Port:(379.1, 26.8)(385.4, 26.8)(385.4, 100.7)(379.1, 100.7);SD
Module:M25
Boundary:(217.3, 737.0)(301.5, 737.0)(301.5, 737.4)(318.7, 737.4)(318.7, 910.9)(217.3, 910.9);GATE
Port:(229.9, 905.4)(306.1, 905.4)(306.1, 910.9)(229.9, 910.9);SD
Port:(217.3, 737.0)(301.5, 737.0)(301.5, 737.4)(318.7, 737.4)(318.7, 902.8)(217.3, 902.8);GATE
Port:(222.9, 741.6)(295.9, 741.6)(295.9, 746.4)(222.9, 746.4);SD
Module:M22
Boundary:(654.3, 525.6)(722.6, 525.6)(722.6, 690.9)(654.3, 690.9);GATE
Port:(667.8, 685.2)(709.1, 685.2)(709.1, 690.9)(667.8, 690.9);SD
Port:(654.3, 525.6)(722.6, 525.6)(722.6, 683.8)(654.3, 683.8);GATE
Port:(660.7, 531.0)(716.2, 531.0)(716.2, 536.1)(660.7, 536.1);SD
Module:M17
Boundary:(110.6, 1087.3)(110.6, 1158.3)(110.4, 1158.3)(110.4, 1176.9)(30.0, 1176.9)(30.0, 1087.3);GATE
Port:(30.0, 1100.2)(35.1, 1100.2)(35.1, 1164.0)(30.0, 1164.0);SD
Port:(110.6, 1087.3)(110.6, 1158.3)(110.4, 1158.3)(110.4, 1176.9)(37.3, 1176.9)(37.3, 1087.3);GATE
Port:(101.0, 1092.8)(106.1, 1092.8)(106.1, 1152.8)(101.0, 1152.8);SD
