Area:(-20.0, -20.0)(711.0, -20.0)(711.0, 259.0)(-20.0, 259.0)
Rule:GATE(5,5);SD(5,5);GATE_SD(0.5);GATE_ITO(0.5);SD_ITO(0.5)
Module:M5
Boundary:(518.0, 20.0)(518.0, 131.5)(506.0, 131.5)(506.0, 147.0)(411.0, 147.0)(411.0, 20.0);GATE
Port:(411.0, 34.5)(421.0, 34.5)(421.0, 132.5)(411.0, 132.5);SD
Port:(518.0, 20.0)(518.0, 131.5)(506.0, 131.5)(506.0, 147.0)(426.0, 147.0)(426.0, 20.0);GATE
Port:(509.0, 30.0)(513.0, 30.0)(513.0, 117.0)(509.0, 117.0);SD
Module:M1
Boundary:(671.0, 20.0)(671.0, 131.5)(617.0, 131.5)(617.0, 219.0)(558.0, 219.0)(558.0, 20.0);GATE
Port:(558.0, 34.5)(568.0, 34.5)(568.0, 204.5)(558.0, 204.5);SD
Port:(671.0, 20.0)(671.0, 131.5)(617.0, 131.5)(617.0, 219.0)(573.0, 219.0)(573.0, 20.0);GATE
Port:(662.0, 30.0)(666.0, 30.0)(666.0, 117.0)(662.0, 117.0);SD
Module:M2
Boundary:(175.0, 133.0)(322.5, 133.0)(322.5, 167.2)(356.0, 167.2)(356.0, 215.0)(175.0, 215.0);GATE
Port:(189.5, 205.0)(341.5, 205.0)(341.5, 215.0)(189.5, 215.0);SD
Port:(175.0, 133.0)(322.5, 133.0)(322.5, 167.2)(356.0, 167.2)(356.0, 200.0)(175.0, 200.0);GATE
Port:(185.0, 138.0)(308.0, 138.0)(308.0, 142.0)(185.0, 142.0);SD
Module:M3
Boundary:(135.0, 20.0)(135.0, 149.5)(101.2, 149.5)(101.2, 201.0)(20.0, 201.0)(20.0, 20.0);GATE
Port:(20.0, 34.5)(30.0, 34.5)(30.0, 186.5)(20.0, 186.5);SD
Port:(135.0, 20.0)(135.0, 149.5)(101.2, 149.5)(101.2, 201.0)(35.0, 201.0)(35.0, 20.0);GATE
Port:(126.0, 30.0)(130.0, 30.0)(130.0, 135.0)(126.0, 135.0);SD
Module:M4
Boundary:(371.0, 20.0)(371.0, 93.0)(175.0, 93.0)(175.0, 20.0);GATE
Port:(175.0, 34.5)(185.0, 34.5)(185.0, 78.5)(175.0, 78.5);SD
Port:(371.0, 20.0)(371.0, 93.0)(190.0, 93.0)(190.0, 20.0);GATE
Port:(362.0, 30.0)(366.0, 30.0)(366.0, 83.0)(362.0, 83.0);SD
