Area:(17.6, -4.7)(528.0, -4.7)(528.0, 578.4)(17.6, 578.4)
Rule:GATE(5,5);SD(5,5);GATE_SD(0.5);GATE_ITO(0.5);SD_ITO(0.5)
Module:M7
Boundary:(189.9, 131.1)(189.9, 46.3)(65.0, 46.3)(65.0, 131.1);GATE
Port:(65.0, 58.4)(70.4, 58.4)(70.4, 119.0)(65.0, 119.0);SD
Port:(189.9, 131.1)(189.9, 46.3)(73.1, 46.3)(73.1, 131.1);GATE
Port:(179.5, 51.7)(185.5, 51.7)(185.5, 125.7)(179.5, 125.7);SD
Module:M3
Boundary:(281.8, 35.3)(217.6, 35.3)(217.6, 35.4)(202.7, 35.4)(202.7, 155.4)(281.8, 155.4);GATE
Port:(216.8, 149.8)(267.7, 149.8)(267.7, 155.4)(216.8, 155.4);SD
Port:(281.8, 35.3)(217.6, 35.3)(217.6, 35.4)(202.7, 35.4)(202.7, 147.8)(281.8, 147.8);GATE
Port:(223.8, 40.5)(275.6, 40.5)(275.6, 46.8)(223.8, 46.8);SD
Module:M1
Boundary:(402.8, 83.5)(294.0, 83.5)(294.0, 268.7)(402.8, 268.7);GATE
Port:(306.2, 263.6)(390.6, 263.6)(390.6, 268.7)(306.2, 268.7);SD
Port:(402.8, 83.5)(294.0, 83.5)(294.0, 260.9)(402.8, 260.9);GATE
Port:(299.6, 88.1)(397.2, 88.1)(397.2, 93.2)(299.6, 93.2);SD
Module:M2
Boundary:(422.8, 139.2)(473.4, 139.2)(473.4, 236.7)(488.0, 236.7)(488.0, 328.4)(422.8, 328.4);GATE
Port:(436.5, 323.4)(474.3, 323.4)(474.3, 328.4)(436.5, 328.4);SD
Port:(422.8, 139.2)(473.4, 139.2)(473.4, 236.7)(488.0, 236.7)(488.0, 320.5)(422.8, 320.5);GATE
Port:(428.8, 144.2)(466.4, 144.2)(466.4, 150.1)(428.8, 150.1);SD
Module:M6
Boundary:(69.0, 281.5)(69.0, 196.1)(168.2, 196.1)(168.2, 180.6)(293.9, 180.6)(293.9, 281.5);GATE
Port:(288.3, 194.5)(293.9, 194.5)(293.9, 267.6)(288.3, 267.6);SD
Port:(69.0, 281.5)(69.0, 196.1)(168.2, 196.1)(168.2, 180.6)(285.6, 180.6)(285.6, 281.5);GATE
Port:(74.9, 204.0)(80.1, 204.0)(80.1, 274.6)(74.9, 274.6);SD
Module:M4
Boundary:(194.0, 386.9)(194.0, 284.4)(297.1, 284.4)(297.1, 269.2)(391.3, 269.2)(391.3, 386.9);GATE
Port:(386.4, 283.6)(391.3, 283.6)(391.3, 372.5)(386.4, 372.5);SD
Port:(194.0, 386.9)(194.0, 284.4)(297.1, 284.4)(297.1, 269.2)(383.5, 269.2)(383.5, 386.9);GATE
Port:(199.1, 291.5)(206.7, 291.5)(206.7, 380.8)(199.1, 380.8);SD
Module:M10
Boundary:(187.1, 386.4)(187.1, 331.6)(137.8, 331.6)(137.8, 315.1)(61.7, 315.1)(61.7, 386.4);GATE
Port:(61.7, 329.6)(67.6, 329.6)(67.6, 371.9)(61.7, 371.9);SD
Port:(187.1, 386.4)(187.1, 331.6)(137.8, 331.6)(137.8, 315.1)(69.9, 315.1)(69.9, 386.4);GATE
Port:(176.0, 338.9)(181.8, 338.9)(181.8, 380.1)(176.0, 380.1);SD
Module:M5
Boundary:(321.8, 396.9)(439.3, 396.9)(439.3, 495.4)(321.8, 495.4);GATE
Port:(335.8, 490.2)(425.3, 490.2)(425.3, 495.4)(335.8, 495.4);SD
Port:(321.8, 396.9)(439.3, 396.9)(439.3, 488.6)(321.8, 488.6);GATE
Port:(327.5, 401.6)(433.6, 401.6)(433.6, 408.1)(327.5, 408.1);SD
Module:M9
Boundary:(57.6, 393.6)(57.6, 465.8)(57.9, 465.8)(57.9, 479.5)(213.7, 479.5)(213.7, 393.6);GATE
Port:(208.9, 405.9)(213.7, 405.9)(213.7, 467.2)(208.9, 467.2);SD
Port:(57.6, 393.6)(57.6, 465.8)(57.9, 465.8)(57.9, 479.5)(206.4, 479.5)(206.4, 393.6);GATE
Port:(62.9, 399.9)(68.4, 399.9)(68.4, 459.5)(62.9, 459.5);SD
Module:M8
Boundary:(321.2, 404.9)(236.9, 404.9)(236.9, 437.8)(221.4, 437.8)(221.4, 538.4)(321.2, 538.4);GATE
Port:(235.1, 534.2)(307.5, 534.2)(307.5, 538.4)(235.1, 538.4);SD
Port:(321.2, 404.9)(236.9, 404.9)(236.9, 437.8)(221.4, 437.8)(221.4, 532.9)(321.2, 532.9);GATE
Port:(244.4, 410.4)(314.7, 410.4)(314.7, 415.1)(244.4, 415.1);SD
