Area:(-20.0, -20.0)(444.0, -20.0)(444.0, 914.0)(-20.0, 914.0)
Rule:GATE(5,5);SD(5,5);GATE_SD(0.5);GATE_ITO(0.5);SD_ITO(0.5)
Module:M9
Boundary:(20.0, 759.0)(131.5, 759.0)(131.5, 774.0)(147.0, 774.0)(147.0, 872.0)(20.0, 872.0);GATE
Port:(34.5, 862.0)(132.5, 862.0)(132.5, 872.0)(34.5, 872.0);SD
Port:(20.0, 759.0)(131.5, 759.0)(131.5, 774.0)(147.0, 774.0)(147.0, 857.0)(20.0, 857.0);GATE
Port:(30.0, 764.0)(117.0, 764.0)(117.0, 768.0)(30.0, 768.0);SD
Module:M5
Boundary:(323.0, 481.0)(396.0, 481.0)(396.0, 661.0)(323.0, 661.0);GATE
Port:(337.5, 651.0)(381.5, 651.0)(381.5, 661.0)(337.5, 661.0);SD
Port:(323.0, 481.0)(396.0, 481.0)(396.0, 646.0)(323.0, 646.0);GATE
Port:(333.0, 486.0)(386.0, 486.0)(386.0, 490.0)(333.0, 490.0);SD
Module:M1
Boundary:(393.0, 711.0)(393.0, 858.5)(377.0, 858.5)(377.0, 874.0)(287.0, 874.0)(287.0, 711.0);GATE
Port:(287.0, 725.5)(297.0, 725.5)(297.0, 859.5)(287.0, 859.5);SD
Port:(393.0, 711.0)(393.0, 858.5)(377.0, 858.5)(377.0, 874.0)(302.0, 874.0)(302.0, 711.0);GATE
Port:(384.0, 721.0)(388.0, 721.0)(388.0, 844.0)(384.0, 844.0);SD
Module:M6
Boundary:(187.0, 20.0)(262.5, 20.0)(262.5, 116.1)(404.0, 116.1)(404.0, 176.0)(187.0, 176.0);GATE
Port:(201.5, 166.0)(389.5, 166.0)(389.5, 176.0)(201.5, 176.0);SD
Port:(187.0, 20.0)(262.5, 20.0)(262.5, 116.1)(404.0, 116.1)(404.0, 161.0)(187.0, 161.0);GATE
Port:(197.0, 25.0)(248.0, 25.0)(248.0, 29.0)(197.0, 29.0);SD
Module:M2
Boundary:(247.0, 646.0)(247.0, 757.5)(235.0, 757.5)(235.0, 773.0)(187.0, 773.0)(187.0, 646.0);GATE
Port:(187.0, 660.5)(197.0, 660.5)(197.0, 758.5)(187.0, 758.5);SD
Port:(247.0, 646.0)(247.0, 757.5)(235.0, 757.5)(235.0, 773.0)(202.0, 773.0)(202.0, 646.0);GATE
Port:(238.0, 656.0)(242.0, 656.0)(242.0, 743.0)(238.0, 743.0);SD
Module:M10
Boundary:(323.0, 226.0)(396.0, 226.0)(396.0, 421.0)(323.0, 421.0);GATE
Port:(337.5, 411.0)(381.5, 411.0)(381.5, 421.0)(337.5, 421.0);SD
Port:(323.0, 226.0)(396.0, 226.0)(396.0, 406.0)(323.0, 406.0);GATE
Port:(333.0, 231.0)(386.0, 231.0)(386.0, 235.0)(333.0, 235.0);SD
Module:M7
Boundary:(146.0, 646.0)(146.0, 719.0)(20.0, 719.0)(20.0, 646.0);GATE
Port:(20.0, 660.5)(30.0, 660.5)(30.0, 704.5)(20.0, 704.5);SD
Port:(146.0, 646.0)(146.0, 719.0)(35.0, 719.0)(35.0, 646.0);GATE
Port:(137.0, 656.0)(141.0, 656.0)(141.0, 709.0)(137.0, 709.0);SD
Module:M3
Boundary:(20.0, 20.0)(131.5, 20.0)(131.5, 32.0)(147.0, 32.0)(147.0, 180.0)(20.0, 180.0);GATE
Port:(34.5, 170.0)(132.5, 170.0)(132.5, 180.0)(34.5, 180.0);SD
Port:(20.0, 20.0)(131.5, 20.0)(131.5, 32.0)(147.0, 32.0)(147.0, 165.0)(20.0, 165.0);GATE
Port:(30.0, 25.0)(117.0, 25.0)(117.0, 29.0)(30.0, 29.0);SD
Module:M8
Boundary:(20.0, 436.0)(113.5, 436.0)(113.5, 546.6)(273.0, 546.6)(273.0, 606.0)(20.0, 606.0);GATE
Port:(34.5, 596.0)(258.5, 596.0)(258.5, 606.0)(34.5, 606.0);SD
Port:(20.0, 436.0)(113.5, 436.0)(113.5, 546.6)(273.0, 546.6)(273.0, 591.0)(20.0, 591.0);GATE
Port:(30.0, 441.0)(99.0, 441.0)(99.0, 445.0)(30.0, 445.0);SD
Module:M4
Boundary:(20.0, 220.0)(167.5, 220.0)(167.5, 344.7)(273.0, 344.7)(273.0, 396.0)(20.0, 396.0);GATE
Port:(34.5, 386.0)(258.5, 386.0)(258.5, 396.0)(34.5, 396.0);SD
Port:(20.0, 220.0)(167.5, 220.0)(167.5, 344.7)(273.0, 344.7)(273.0, 381.0)(20.0, 381.0);GATE
Port:(30.0, 225.0)(153.0, 225.0)(153.0, 229.0)(30.0, 229.0);SD
