Area:(-20.0, -20.0)(348.0, -20.0)(348.0, 1011.0)(-20.0, 1011.0)
Rule:GATE(5,5);SD(5,5);GATE_SD(0.5);GATE_ITO(0.5);SD_ITO(0.5)
Module:M9
Boundary:(20.0, 614.0)(113.5, 614.0)(113.5, 624.0)(129.0, 624.0)(129.0, 767.0)(20.0, 767.0);GATE
Port:(34.5, 757.0)(114.5, 757.0)(114.5, 767.0)(34.5, 767.0);SD
Port:(20.0, 614.0)(113.5, 614.0)(113.5, 624.0)(129.0, 624.0)(129.0, 752.0)(20.0, 752.0);GATE
Port:(30.0, 619.0)(99.0, 619.0)(99.0, 623.0)(30.0, 623.0);SD
Module:M5
Boundary:(139.0, 30.0)(139.0, 177.5)(123.0, 177.5)(123.0, 193.0)(30.0, 193.0)(30.0, 30.0);GATE
Port:(30.0, 44.5)(40.0, 44.5)(40.0, 178.5)(30.0, 178.5);SD
Port:(139.0, 30.0)(139.0, 177.5)(123.0, 177.5)(123.0, 193.0)(45.0, 193.0)(45.0, 30.0);GATE
Port:(130.0, 40.0)(134.0, 40.0)(134.0, 163.0)(130.0, 163.0);SD
Module:M1
Boundary:(223.0, 403.0)(296.0, 403.0)(296.0, 570.0)(223.0, 570.0);GATE
Port:(237.5, 560.0)(281.5, 560.0)(281.5, 570.0)(237.5, 570.0);SD
Port:(223.0, 403.0)(296.0, 403.0)(296.0, 555.0)(223.0, 555.0);GATE
Port:(233.0, 408.0)(286.0, 408.0)(286.0, 412.0)(233.0, 412.0);SD
Module:M6
Boundary:(302.0, 139.0)(302.0, 212.0)(189.0, 212.0)(189.0, 139.0);GATE
Port:(189.0, 153.5)(199.0, 153.5)(199.0, 197.5)(189.0, 197.5);SD
Port:(302.0, 139.0)(302.0, 212.0)(204.0, 212.0)(204.0, 139.0);GATE
Port:(293.0, 149.0)(297.0, 149.0)(297.0, 202.0)(293.0, 202.0);SD
Module:M2
Boundary:(308.0, 614.0)(308.0, 761.5)(292.0, 761.5)(292.0, 777.0)(169.0, 777.0)(169.0, 614.0);GATE
Port:(169.0, 628.5)(179.0, 628.5)(179.0, 762.5)(169.0, 762.5);SD
Port:(308.0, 614.0)(308.0, 761.5)(292.0, 761.5)(292.0, 777.0)(184.0, 777.0)(184.0, 614.0);GATE
Port:(299.0, 624.0)(303.0, 624.0)(303.0, 747.0)(299.0, 747.0);SD
Module:M10
Boundary:(299.0, 262.0)(299.0, 338.0)(291.0, 338.0)(291.0, 353.0)(233.0, 353.0)(233.0, 262.0);GATE
Port:(233.0, 276.5)(243.0, 276.5)(243.0, 338.5)(233.0, 338.5);SD
Port:(299.0, 262.0)(299.0, 338.0)(291.0, 338.0)(291.0, 353.0)(248.0, 353.0)(248.0, 262.0);GATE
Port:(290.0, 272.0)(294.0, 272.0)(294.0, 323.0)(290.0, 323.0);SD
Module:M7
Boundary:(20.0, 252.0)(167.5, 252.0)(167.5, 268.0)(183.0, 268.0)(183.0, 435.0)(20.0, 435.0);GATE
Port:(34.5, 425.0)(168.5, 425.0)(168.5, 435.0)(34.5, 435.0);SD
Port:(20.0, 252.0)(167.5, 252.0)(167.5, 268.0)(183.0, 268.0)(183.0, 420.0)(20.0, 420.0);GATE
Port:(30.0, 257.0)(153.0, 257.0)(153.0, 261.0)(30.0, 261.0);SD
Module:M3
Boundary:(189.0, 20.0)(282.5, 20.0)(282.5, 30.0)(298.0, 30.0)(298.0, 99.0)(189.0, 99.0);GATE
Port:(203.5, 89.0)(283.5, 89.0)(283.5, 99.0)(203.5, 99.0);SD
Port:(189.0, 20.0)(282.5, 20.0)(282.5, 30.0)(298.0, 30.0)(298.0, 84.0)(189.0, 84.0);GATE
Port:(199.0, 25.0)(268.0, 25.0)(268.0, 29.0)(199.0, 29.0);SD
Module:M8
Boundary:(20.0, 475.0)(167.5, 475.0)(167.5, 491.0)(183.0, 491.0)(183.0, 574.0)(20.0, 574.0);GATE
Port:(34.5, 564.0)(168.5, 564.0)(168.5, 574.0)(34.5, 574.0);SD
Port:(20.0, 475.0)(167.5, 475.0)(167.5, 491.0)(183.0, 491.0)(183.0, 559.0)(20.0, 559.0);GATE
Port:(30.0, 480.0)(153.0, 480.0)(153.0, 484.0)(30.0, 484.0);SD
Module:M4
Boundary:(20.0, 817.0)(131.5, 817.0)(131.5, 881.9)(237.0, 881.9)(237.0, 971.0)(20.0, 971.0);GATE
Port:(34.5, 961.0)(222.5, 961.0)(222.5, 971.0)(34.5, 971.0);SD
Port:(20.0, 817.0)(131.5, 817.0)(131.5, 881.9)(237.0, 881.9)(237.0, 956.0)(20.0, 956.0);GATE
Port:(30.0, 822.0)(117.0, 822.0)(117.0, 826.0)(30.0, 826.0);SD
