Area:(-20.0, -20.0)(602.6, -20.0)(602.6, 269.4)(-20.0, 269.4)
Rule:GATE(5,5);SD(5,5);GATE_SD(0.5);GATE_ITO(0.5);SD_ITO(0.5)
Module:M5
Boundary:(438.5, 148.5)(438.5, 214.2)(438.4, 214.2)(438.4, 229.4)(231.2, 229.4)(231.2, 148.5);GATE
Port:(231.2, 162.9)(235.9, 162.9)(235.9, 215.0)(231.2, 215.0);SD
Port:(438.5, 148.5)(438.5, 214.2)(438.4, 214.2)(438.4, 229.4)(237.8, 229.4)(237.8, 148.5);GATE
Port:(426.6, 155.4)(432.6, 155.4)(432.6, 207.3)(426.6, 207.3);SD
Module:M1
Boundary:(456.4, 20.0)(456.4, 108.5)(260.5, 108.5)(260.5, 20.0);GATE
Port:(260.5, 32.6)(265.8, 32.6)(265.8, 95.9)(260.5, 95.9);SD
Port:(456.4, 20.0)(456.4, 108.5)(267.8, 108.5)(267.8, 20.0);GATE
Port:(446.1, 27.0)(450.4, 27.0)(450.4, 101.5)(446.1, 101.5);SD
Module:M2
Boundary:(220.5, 20.0)(220.5, 67.1)(202.8, 67.1)(202.8, 82.0)(20.0, 82.0)(20.0, 20.0);GATE
Port:(20.0, 31.5)(24.7, 31.5)(24.7, 70.5)(20.0, 70.5);SD
Port:(220.5, 20.0)(220.5, 67.1)(202.8, 67.1)(202.8, 82.0)(27.2, 82.0)(27.2, 20.0);GATE
Port:(211.6, 25.0)(216.5, 25.0)(216.5, 61.1)(211.6, 61.1);SD
Module:M3
Boundary:(496.4, 20.0)(562.6, 20.0)(562.6, 181.4)(496.4, 181.4);GATE
Port:(511.0, 176.1)(548.0, 176.1)(548.0, 181.4)(511.0, 181.4);SD
Port:(496.4, 20.0)(562.6, 20.0)(562.6, 174.8)(496.4, 174.8);GATE
Port:(503.2, 25.8)(555.8, 25.8)(555.8, 31.9)(503.2, 31.9);SD
Module:M4
Boundary:(191.2, 122.0)(191.2, 207.8)(118.6, 207.8)(118.6, 223.6)(20.0, 223.6)(20.0, 122.0);GATE
Port:(20.0, 135.7)(25.4, 135.7)(25.4, 209.9)(20.0, 209.9);SD
Port:(191.2, 122.0)(191.2, 207.8)(118.6, 207.8)(118.6, 223.6)(28.0, 223.6)(28.0, 122.0);GATE
Port:(179.9, 127.7)(186.5, 127.7)(186.5, 201.1)(179.9, 201.1);SD
