Area:(-20.0, -20.0)(909.0, -20.0)(909.0, 548.0)(-20.0, 548.0)
Rule:GATE(5,5);SD(5,5);GATE_SD(0.5);GATE_ITO(0.5);SD_ITO(0.5)
Module:M14
Boundary:(620.0, 197.0)(620.0, 308.5)(608.0, 308.5)(608.0, 324.0)(540.0, 324.0)(540.0, 197.0);GATE
Port:(540.0, 211.5)(550.0, 211.5)(550.0, 309.5)(540.0, 309.5);SD
Port:(620.0, 197.0)(620.0, 308.5)(608.0, 308.5)(608.0, 324.0)(555.0, 324.0)(555.0, 197.0);GATE
Port:(611.0, 207.0)(615.0, 207.0)(615.0, 294.0)(611.0, 294.0);SD
Module:M9
Boundary:(796.0, 20.0)(869.0, 20.0)(869.0, 180.0)(796.0, 180.0);GATE
Port:(810.5, 170.0)(854.5, 170.0)(854.5, 180.0)(810.5, 180.0);SD
Port:(796.0, 20.0)(869.0, 20.0)(869.0, 165.0)(796.0, 165.0);GATE
Port:(806.0, 25.0)(859.0, 25.0)(859.0, 29.0)(806.0, 29.0);SD
Module:M5
Boundary:(151.0, 284.0)(262.5, 284.0)(262.5, 300.0)(278.0, 300.0)(278.0, 345.0)(151.0, 345.0);GATE
Port:(165.5, 335.0)(263.5, 335.0)(263.5, 345.0)(165.5, 345.0);SD
Port:(151.0, 284.0)(262.5, 284.0)(262.5, 300.0)(278.0, 300.0)(278.0, 330.0)(151.0, 330.0);GATE
Port:(161.0, 289.0)(248.0, 289.0)(248.0, 293.0)(161.0, 293.0);SD
Module:M11
Boundary:(704.0, 381.0)(851.5, 381.0)(851.5, 397.0)(867.0, 397.0)(867.0, 505.0)(704.0, 505.0);GATE
Port:(718.5, 495.0)(852.5, 495.0)(852.5, 505.0)(718.5, 505.0);SD
Port:(704.0, 381.0)(851.5, 381.0)(851.5, 397.0)(867.0, 397.0)(867.0, 490.0)(704.0, 490.0);GATE
Port:(714.0, 386.0)(837.0, 386.0)(837.0, 390.0)(714.0, 390.0);SD
Module:M1
Boundary:(295.0, 161.0)(295.0, 234.0)(161.0, 234.0)(161.0, 161.0);GATE
Port:(161.0, 175.5)(171.0, 175.5)(171.0, 219.5)(161.0, 219.5);SD
Port:(295.0, 161.0)(295.0, 234.0)(176.0, 234.0)(176.0, 161.0);GATE
Port:(286.0, 171.0)(290.0, 171.0)(290.0, 224.0)(286.0, 224.0);SD
Module:M6
Boundary:(756.0, 20.0)(756.0, 131.5)(737.0, 131.5)(737.0, 147.0)(643.0, 147.0)(643.0, 20.0);GATE
Port:(643.0, 34.5)(653.0, 34.5)(653.0, 132.5)(643.0, 132.5);SD
Port:(756.0, 20.0)(756.0, 131.5)(737.0, 131.5)(737.0, 147.0)(658.0, 147.0)(658.0, 20.0);GATE
Port:(747.0, 30.0)(751.0, 30.0)(751.0, 117.0)(747.0, 117.0);SD
Module:M2
Boundary:(20.0, 385.0)(149.5, 385.0)(149.5, 468.3)(291.0, 468.3)(291.0, 508.0)(20.0, 508.0);GATE
Port:(34.5, 498.0)(276.5, 498.0)(276.5, 508.0)(34.5, 508.0);SD
Port:(20.0, 385.0)(149.5, 385.0)(149.5, 468.3)(291.0, 468.3)(291.0, 493.0)(20.0, 493.0);GATE
Port:(30.0, 390.0)(135.0, 390.0)(135.0, 394.0)(30.0, 394.0);SD
Module:M16
Boundary:(305.0, 20.0)(305.0, 96.0)(297.0, 96.0)(297.0, 111.0)(133.0, 111.0)(133.0, 20.0);GATE
Port:(133.0, 34.5)(143.0, 34.5)(143.0, 96.5)(133.0, 96.5);SD
Port:(305.0, 20.0)(305.0, 96.0)(297.0, 96.0)(297.0, 111.0)(148.0, 111.0)(148.0, 20.0);GATE
Port:(296.0, 30.0)(300.0, 30.0)(300.0, 81.0)(296.0, 81.0);SD
Module:M13
Boundary:(512.0, 20.0)(588.0, 20.0)(588.0, 28.0)(603.0, 28.0)(603.0, 120.0)(512.0, 120.0);GATE
Port:(526.5, 110.0)(588.5, 110.0)(588.5, 120.0)(526.5, 120.0);SD
Port:(512.0, 20.0)(588.0, 20.0)(588.0, 28.0)(603.0, 28.0)(603.0, 105.0)(512.0, 105.0);GATE
Port:(522.0, 25.0)(573.0, 25.0)(573.0, 29.0)(522.0, 29.0);SD
Module:M10
Boundary:(20.0, 153.0)(96.0, 153.0)(96.0, 161.0)(111.0, 161.0)(111.0, 329.0)(20.0, 329.0);GATE
Port:(34.5, 319.0)(96.5, 319.0)(96.5, 329.0)(34.5, 329.0);SD
Port:(20.0, 153.0)(96.0, 153.0)(96.0, 161.0)(111.0, 161.0)(111.0, 314.0)(20.0, 314.0);GATE
Port:(30.0, 158.0)(81.0, 158.0)(81.0, 162.0)(30.0, 162.0);SD
Module:M7
Boundary:(20.0, 20.0)(93.0, 20.0)(93.0, 113.0)(20.0, 113.0);GATE
Port:(34.5, 103.0)(78.5, 103.0)(78.5, 113.0)(34.5, 113.0);SD
Port:(20.0, 20.0)(93.0, 20.0)(93.0, 98.0)(20.0, 98.0);GATE
Port:(30.0, 25.0)(83.0, 25.0)(83.0, 29.0)(30.0, 29.0);SD
Module:M3
Boundary:(670.0, 220.0)(763.5, 220.0)(763.5, 268.1)(869.0, 268.1)(869.0, 341.0)(670.0, 341.0);GATE
Port:(684.5, 331.0)(854.5, 331.0)(854.5, 341.0)(684.5, 341.0);SD
Port:(670.0, 220.0)(763.5, 220.0)(763.5, 268.1)(869.0, 268.1)(869.0, 326.0)(670.0, 326.0);GATE
Port:(680.0, 225.0)(749.0, 225.0)(749.0, 229.0)(680.0, 229.0);SD
Module:M15
Boundary:(664.0, 381.0)(664.0, 492.5)(652.0, 492.5)(652.0, 508.0)(570.0, 508.0)(570.0, 381.0);GATE
Port:(570.0, 395.5)(580.0, 395.5)(580.0, 493.5)(570.0, 493.5);SD
Port:(664.0, 381.0)(664.0, 492.5)(652.0, 492.5)(652.0, 508.0)(585.0, 508.0)(585.0, 381.0);GATE
Port:(655.0, 391.0)(659.0, 391.0)(659.0, 478.0)(655.0, 478.0);SD
Module:M12
Boundary:(345.0, 238.0)(474.5, 238.0)(474.5, 252.0)(490.0, 252.0)(490.0, 341.0)(345.0, 341.0);GATE
Port:(359.5, 331.0)(475.5, 331.0)(475.5, 341.0)(359.5, 341.0);SD
Port:(345.0, 238.0)(474.5, 238.0)(474.5, 252.0)(490.0, 252.0)(490.0, 326.0)(345.0, 326.0);GATE
Port:(355.0, 243.0)(460.0, 243.0)(460.0, 247.0)(355.0, 247.0);SD
Module:M8
Boundary:(331.0, 381.0)(442.5, 381.0)(442.5, 422.8)(530.0, 422.8)(530.0, 507.0)(331.0, 507.0);GATE
Port:(345.5, 497.0)(515.5, 497.0)(515.5, 507.0)(345.5, 507.0);SD
Port:(331.0, 381.0)(442.5, 381.0)(442.5, 422.8)(530.0, 422.8)(530.0, 492.0)(331.0, 492.0);GATE
Port:(341.0, 386.0)(428.0, 386.0)(428.0, 390.0)(341.0, 390.0);SD
Module:M4
Boundary:(345.0, 20.0)(438.5, 20.0)(438.5, 99.2)(472.0, 99.2)(472.0, 198.0)(345.0, 198.0);GATE
Port:(359.5, 188.0)(457.5, 188.0)(457.5, 198.0)(359.5, 198.0);SD
Port:(345.0, 20.0)(438.5, 20.0)(438.5, 99.2)(472.0, 99.2)(472.0, 183.0)(345.0, 183.0);GATE
Port:(355.0, 25.0)(424.0, 25.0)(424.0, 29.0)(355.0, 29.0);SD
