Area:(8.2, 1.2)(374.0, 1.2)(374.0, 478.9)(8.2, 478.9)
Rule:GATE(5,5);SD(5,5);GATE_SD(0.5);GATE_ITO(0.5);SD_ITO(0.5)
Module:M5
Boundary:(283.2, 41.8)(283.2, 144.1)(283.1, 144.1)(283.1, 161.2)(129.1, 161.2)(129.1, 41.8);GATE
Port:(129.1, 54.8)(134.0, 54.8)(134.0, 148.2)(129.1, 148.2);SD
Port:(283.2, 41.8)(283.2, 144.1)(283.1, 144.1)(283.1, 161.2)(136.6, 161.2)(136.6, 41.8);GATE
Port:(273.1, 47.3)(278.7, 47.3)(278.7, 138.6)(273.1, 138.6);SD
Module:M1
Boundary:(54.7, 41.2)(122.9, 41.2)(122.9, 209.4)(54.7, 209.4);GATE
Port:(69.2, 204.1)(108.4, 204.1)(108.4, 209.4)(69.2, 209.4);SD
Port:(54.7, 41.2)(122.9, 41.2)(122.9, 202.7)(54.7, 202.7);GATE
Port:(61.6, 47.1)(116.0, 47.1)(116.0, 53.5)(61.6, 53.5);SD
Module:M2
Boundary:(334.0, 172.1)(334.0, 248.5)(206.2, 248.5)(206.2, 262.0)(128.2, 262.0)(128.2, 172.1);GATE
Port:(128.2, 184.8)(132.5, 184.8)(132.5, 249.3)(128.2, 249.3);SD
Port:(334.0, 172.1)(334.0, 248.5)(206.2, 248.5)(206.2, 262.0)(134.9, 262.0)(134.9, 172.1);GATE
Port:(323.6, 177.8)(329.3, 177.8)(329.3, 241.8)(323.6, 241.8);SD
Module:M4
Boundary:(328.8, 383.3)(328.8, 287.8)(269.9, 287.8)(269.9, 272.8)(113.0, 272.8)(113.0, 383.3);GATE
Port:(113.0, 284.7)(118.0, 284.7)(118.0, 371.4)(113.0, 371.4);SD
Port:(328.8, 383.3)(328.8, 287.8)(269.9, 287.8)(269.9, 272.8)(119.4, 272.8)(119.4, 383.3);GATE
Port:(320.0, 294.1)(324.5, 294.1)(324.5, 378.0)(320.0, 378.0);SD
Module:M3
Boundary:(48.2, 223.4)(87.9, 223.4)(87.9, 223.4)(106.3, 223.4)(106.3, 438.9)(48.2, 438.9);GATE
Port:(64.4, 434.7)(90.1, 434.7)(90.1, 438.9)(64.4, 438.9);SD
Port:(48.2, 223.4)(87.9, 223.4)(87.9, 223.4)(106.3, 223.4)(106.3, 432.9)(48.2, 432.9);GATE
Port:(55.2, 229.4)(80.9, 229.4)(80.9, 236.5)(55.2, 236.5);SD
