Area:(-6.8, 2.5)(299.2, 2.5)(299.2, 409.6)(-6.8, 409.6)
Rule:GATE(5,5);SD(5,5);GATE_SD(0.5);GATE_ITO(0.5);SD_ITO(0.5)
Module:M5
Boundary:(33.2, 42.5)(33.2, 101.8)(249.5, 101.8)(249.5, 42.5);GATE
Port:(244.7, 54.2)(249.5, 54.2)(249.5, 90.1)(244.7, 90.1);SD
Port:(33.2, 42.5)(33.2, 101.8)(243.1, 101.8)(243.1, 42.5);GATE
Port:(37.3, 47.6)(42.6, 47.6)(42.6, 96.7)(37.3, 96.7);SD
Module:M1
Boundary:(129.4, 262.2)(163.3, 262.2)(163.3, 262.1)(180.0, 262.1)(180.0, 119.3)(129.4, 119.3);GATE
Port:(142.7, 119.3)(166.7, 119.3)(166.7, 124.8)(142.7, 124.8);SD
Port:(129.4, 262.2)(163.3, 262.2)(163.3, 262.1)(180.0, 262.1)(180.0, 126.2)(129.4, 126.2);GATE
Port:(135.6, 251.6)(157.1, 251.6)(157.1, 257.0)(135.6, 257.0);SD
Module:M2
Boundary:(259.2, 124.0)(211.5, 124.0)(211.5, 177.2)(196.9, 177.2)(196.9, 280.1)(259.2, 280.1);GATE
Port:(208.6, 275.1)(247.5, 275.1)(247.5, 280.1)(208.6, 280.1);SD
Port:(259.2, 124.0)(211.5, 124.0)(211.5, 177.2)(196.9, 177.2)(196.9, 273.7)(259.2, 273.7);GATE
Port:(217.7, 128.2)(254.0, 128.2)(254.0, 134.2)(217.7, 134.2);SD
Module:M4
Boundary:(44.4, 119.3)(88.1, 119.3)(88.1, 213.6)(99.6, 213.6)(99.6, 301.6)(44.4, 301.6);GATE
Port:(56.4, 297.2)(87.6, 297.2)(87.6, 301.6)(56.4, 301.6);SD
Port:(44.4, 119.3)(88.1, 119.3)(88.1, 213.6)(99.6, 213.6)(99.6, 295.1)(44.4, 295.1);GATE
Port:(50.0, 123.9)(81.5, 123.9)(81.5, 129.7)(50.0, 129.7);SD
Module:M3
Boundary:(46.5, 322.4)(46.5, 369.6)(241.1, 369.6)(241.1, 322.4);GATE
Port:(236.5, 335.2)(241.1, 335.2)(241.1, 356.8)(236.5, 356.8);SD
Port:(46.5, 322.4)(46.5, 369.6)(235.2, 369.6)(235.2, 322.4);GATE
Port:(52.4, 329.3)(57.4, 329.3)(57.4, 362.7)(52.4, 362.7);SD
