Area:(-20.0, -20.0)(1127.0, -20.0)(1127.0, 902.0)(-20.0, 902.0)
Rule:GATE(5,5);SD(5,5);GATE_SD(0.5);GATE_ITO(0.5);SD_ITO(0.5)
Module:M14
Boundary:(894.0, 30.0)(1023.5, 30.0)(1023.5, 57.6)(1057.0, 57.6)(1057.0, 101.0)(894.0, 101.0);GATE
Port:(908.5, 91.0)(1042.5, 91.0)(1042.5, 101.0)(908.5, 101.0);SD
Port:(894.0, 30.0)(1023.5, 30.0)(1023.5, 57.6)(1057.0, 57.6)(1057.0, 86.0)(894.0, 86.0);GATE
Port:(904.0, 35.0)(1009.0, 35.0)(1009.0, 39.0)(904.0, 39.0);SD
Module:M9
Boundary:(616.0, 30.0)(709.5, 30.0)(709.5, 40.0)(725.0, 40.0)(725.0, 191.0)(616.0, 191.0);GATE
Port:(630.5, 181.0)(710.5, 181.0)(710.5, 191.0)(630.5, 191.0);SD
Port:(616.0, 30.0)(709.5, 30.0)(709.5, 40.0)(725.0, 40.0)(725.0, 176.0)(616.0, 176.0);GATE
Port:(626.0, 35.0)(695.0, 35.0)(695.0, 39.0)(626.0, 39.0);SD
Module:M5
Boundary:(903.0, 593.0)(903.0, 650.5)(862.1, 650.5)(862.1, 720.0)(720.0, 720.0)(720.0, 593.0);GATE
Port:(720.0, 607.5)(730.0, 607.5)(730.0, 705.5)(720.0, 705.5);SD
Port:(903.0, 593.0)(903.0, 650.5)(862.1, 650.5)(862.1, 720.0)(735.0, 720.0)(735.0, 593.0);GATE
Port:(894.0, 603.0)(898.0, 603.0)(898.0, 636.0)(894.0, 636.0);SD
Module:M11
Boundary:(244.0, 678.0)(355.5, 678.0)(355.5, 776.6)(497.0, 776.6)(497.0, 862.0)(244.0, 862.0);GATE
Port:(258.5, 852.0)(482.5, 852.0)(482.5, 862.0)(258.5, 862.0);SD
Port:(244.0, 678.0)(355.5, 678.0)(355.5, 776.6)(497.0, 776.6)(497.0, 847.0)(244.0, 847.0);GATE
Port:(254.0, 683.0)(341.0, 683.0)(341.0, 687.0)(254.0, 687.0);SD
Module:M1
Boundary:(194.0, 471.0)(194.0, 582.5)(120.8, 582.5)(120.8, 616.0)(30.0, 616.0)(30.0, 471.0);GATE
Port:(30.0, 485.5)(40.0, 485.5)(40.0, 601.5)(30.0, 601.5);SD
Port:(194.0, 471.0)(194.0, 582.5)(120.8, 582.5)(120.8, 616.0)(45.0, 616.0)(45.0, 471.0);GATE
Port:(185.0, 481.0)(189.0, 481.0)(189.0, 568.0)(185.0, 568.0);SD
Module:M27
Boundary:(551.0, 358.0)(551.0, 434.0)(543.0, 434.0)(543.0, 449.0)(377.0, 449.0)(377.0, 358.0);GATE
Port:(377.0, 372.5)(387.0, 372.5)(387.0, 434.5)(377.0, 434.5);SD
Port:(551.0, 358.0)(551.0, 434.0)(543.0, 434.0)(543.0, 449.0)(392.0, 449.0)(392.0, 358.0);GATE
Port:(542.0, 368.0)(546.0, 368.0)(546.0, 419.0)(542.0, 419.0);SD
Module:M24
Boundary:(593.0, 388.0)(668.5, 388.0)(668.5, 484.0)(846.0, 484.0)(846.0, 553.0)(593.0, 553.0);GATE
Port:(607.5, 543.0)(831.5, 543.0)(831.5, 553.0)(607.5, 553.0);SD
Port:(593.0, 388.0)(668.5, 388.0)(668.5, 484.0)(846.0, 484.0)(846.0, 538.0)(593.0, 538.0);GATE
Port:(603.0, 393.0)(654.0, 393.0)(654.0, 397.0)(603.0, 397.0);SD
Module:M19
Boundary:(876.0, 770.0)(876.0, 843.0)(730.0, 843.0)(730.0, 770.0);GATE
Port:(730.0, 784.5)(740.0, 784.5)(740.0, 828.5)(730.0, 828.5);SD
Port:(876.0, 770.0)(876.0, 843.0)(745.0, 843.0)(745.0, 770.0);GATE
Port:(867.0, 780.0)(871.0, 780.0)(871.0, 833.0)(867.0, 833.0);SD
Module:M6
Boundary:(244.0, 484.0)(317.0, 484.0)(317.0, 624.0)(244.0, 624.0);GATE
Port:(258.5, 614.0)(302.5, 614.0)(302.5, 624.0)(258.5, 624.0);SD
Port:(244.0, 484.0)(317.0, 484.0)(317.0, 609.0)(244.0, 609.0);GATE
Port:(254.0, 489.0)(307.0, 489.0)(307.0, 493.0)(254.0, 493.0);SD
Module:M21
Boundary:(244.0, 223.0)(337.5, 223.0)(337.5, 233.0)(353.0, 233.0)(353.0, 317.0)(244.0, 317.0);GATE
Port:(258.5, 307.0)(338.5, 307.0)(338.5, 317.0)(258.5, 317.0);SD
Port:(244.0, 223.0)(337.5, 223.0)(337.5, 233.0)(353.0, 233.0)(353.0, 302.0)(244.0, 302.0);GATE
Port:(254.0, 228.0)(323.0, 228.0)(323.0, 232.0)(254.0, 232.0);SD
Module:M2
Boundary:(670.0, 716.0)(670.0, 791.5)(635.5, 791.5)(635.5, 843.0)(547.0, 843.0)(547.0, 716.0);GATE
Port:(547.0, 730.5)(557.0, 730.5)(557.0, 828.5)(547.0, 828.5);SD
Port:(670.0, 716.0)(670.0, 791.5)(635.5, 791.5)(635.5, 843.0)(562.0, 843.0)(562.0, 716.0);GATE
Port:(661.0, 726.0)(665.0, 726.0)(665.0, 777.0)(661.0, 777.0);SD
Module:M16
Boundary:(408.0, 241.0)(537.5, 241.0)(537.5, 255.0)(553.0, 255.0)(553.0, 318.0)(408.0, 318.0);GATE
Port:(422.5, 308.0)(538.5, 308.0)(538.5, 318.0)(422.5, 318.0);SD
Port:(408.0, 241.0)(537.5, 241.0)(537.5, 255.0)(553.0, 255.0)(553.0, 303.0)(408.0, 303.0);GATE
Port:(418.0, 246.0)(523.0, 246.0)(523.0, 250.0)(418.0, 250.0);SD
Module:M13
Boundary:(775.0, 151.0)(938.0, 151.0)(938.0, 215.0)(775.0, 215.0);GATE
Port:(789.5, 205.0)(923.5, 205.0)(923.5, 215.0)(789.5, 215.0);SD
Port:(775.0, 151.0)(938.0, 151.0)(938.0, 200.0)(775.0, 200.0);GATE
Port:(785.0, 156.0)(928.0, 156.0)(928.0, 160.0)(785.0, 160.0);SD
Module:M10
Boundary:(1087.0, 151.0)(1087.0, 280.5)(1024.0, 280.5)(1024.0, 350.0)(978.0, 350.0)(978.0, 151.0);GATE
Port:(978.0, 165.5)(988.0, 165.5)(988.0, 335.5)(978.0, 335.5);SD
Port:(1087.0, 151.0)(1087.0, 280.5)(1024.0, 280.5)(1024.0, 350.0)(993.0, 350.0)(993.0, 151.0);GATE
Port:(1078.0, 161.0)(1082.0, 161.0)(1082.0, 266.0)(1078.0, 266.0);SD
Module:M29
Boundary:(886.0, 390.0)(1015.5, 390.0)(1015.5, 472.0)(1085.0, 472.0)(1085.0, 522.0)(886.0, 522.0);GATE
Port:(900.5, 512.0)(1070.5, 512.0)(1070.5, 522.0)(900.5, 522.0);SD
Port:(886.0, 390.0)(1015.5, 390.0)(1015.5, 472.0)(1085.0, 472.0)(1085.0, 507.0)(886.0, 507.0);GATE
Port:(896.0, 395.0)(1001.0, 395.0)(1001.0, 399.0)(896.0, 399.0);SD
Module:M7
Boundary:(1081.0, 562.0)(1081.0, 709.5)(1018.8, 709.5)(1018.8, 743.0)(943.0, 743.0)(943.0, 562.0);GATE
Port:(943.0, 576.5)(953.0, 576.5)(953.0, 728.5)(943.0, 728.5);SD
Port:(1081.0, 562.0)(1081.0, 709.5)(1018.8, 709.5)(1018.8, 743.0)(958.0, 743.0)(958.0, 562.0);GATE
Port:(1072.0, 572.0)(1076.0, 572.0)(1076.0, 695.0)(1072.0, 695.0);SD
Module:M3
Boundary:(677.0, 593.0)(677.0, 666.0)(578.0, 666.0)(578.0, 593.0);GATE
Port:(578.0, 607.5)(588.0, 607.5)(588.0, 651.5)(578.0, 651.5);SD
Port:(677.0, 593.0)(677.0, 666.0)(593.0, 666.0)(593.0, 593.0);GATE
Port:(668.0, 603.0)(672.0, 603.0)(672.0, 656.0)(668.0, 656.0);SD
Module:M26
Boundary:(593.0, 255.0)(722.5, 255.0)(722.5, 269.0)(738.0, 269.0)(738.0, 348.0)(593.0, 348.0);GATE
Port:(607.5, 338.0)(723.5, 338.0)(723.5, 348.0)(607.5, 348.0);SD
Port:(593.0, 255.0)(722.5, 255.0)(722.5, 269.0)(738.0, 269.0)(738.0, 333.0)(593.0, 333.0);GATE
Port:(603.0, 260.0)(708.0, 260.0)(708.0, 264.0)(603.0, 264.0);SD
Module:M23
Boundary:(778.0, 255.0)(889.5, 255.0)(889.5, 286.7)(923.0, 286.7)(923.0, 336.0)(778.0, 336.0);GATE
Port:(792.5, 326.0)(908.5, 326.0)(908.5, 336.0)(792.5, 336.0);SD
Port:(778.0, 255.0)(889.5, 255.0)(889.5, 286.7)(923.0, 286.7)(923.0, 321.0)(778.0, 321.0);GATE
Port:(788.0, 260.0)(875.0, 260.0)(875.0, 264.0)(788.0, 264.0);SD
Module:M18
Boundary:(254.0, 367.0)(327.0, 367.0)(327.0, 434.0)(254.0, 434.0);GATE
Port:(268.5, 424.0)(312.5, 424.0)(312.5, 434.0)(268.5, 434.0);SD
Port:(254.0, 367.0)(327.0, 367.0)(327.0, 419.0)(254.0, 419.0);GATE
Port:(264.0, 372.0)(317.0, 372.0)(317.0, 376.0)(264.0, 376.0);SD
Module:M20
Boundary:(197.0, 20.0)(197.0, 149.5)(68.0, 149.5)(68.0, 273.0)(20.0, 273.0)(20.0, 20.0);GATE
Port:(20.0, 34.5)(30.0, 34.5)(30.0, 258.5)(20.0, 258.5);SD
Port:(197.0, 20.0)(197.0, 149.5)(68.0, 149.5)(68.0, 273.0)(35.0, 273.0)(35.0, 20.0);GATE
Port:(188.0, 30.0)(192.0, 30.0)(192.0, 135.0)(188.0, 135.0);SD
Module:M15
Boundary:(926.0, 783.0)(1037.5, 783.0)(1037.5, 815.0)(1071.0, 815.0)(1071.0, 860.0)(926.0, 860.0);GATE
Port:(940.5, 850.0)(1056.5, 850.0)(1056.5, 860.0)(940.5, 860.0);SD
Port:(926.0, 783.0)(1037.5, 783.0)(1037.5, 815.0)(1071.0, 815.0)(1071.0, 845.0)(926.0, 845.0);GATE
Port:(936.0, 788.0)(1023.0, 788.0)(1023.0, 792.0)(936.0, 792.0);SD
Module:M12
Boundary:(357.0, 489.0)(468.5, 489.0)(468.5, 522.9)(538.0, 522.9)(538.0, 638.0)(357.0, 638.0);GATE
Port:(371.5, 628.0)(523.5, 628.0)(523.5, 638.0)(371.5, 638.0);SD
Port:(357.0, 489.0)(468.5, 489.0)(468.5, 522.9)(538.0, 522.9)(538.0, 623.0)(357.0, 623.0);GATE
Port:(367.0, 494.0)(454.0, 494.0)(454.0, 498.0)(367.0, 498.0);SD
Module:M8
Boundary:(30.0, 323.0)(141.5, 323.0)(141.5, 365.9)(193.0, 365.9)(193.0, 411.0)(30.0, 411.0);GATE
Port:(44.5, 401.0)(178.5, 401.0)(178.5, 411.0)(44.5, 411.0);SD
Port:(30.0, 323.0)(141.5, 323.0)(141.5, 365.9)(193.0, 365.9)(193.0, 396.0)(30.0, 396.0);GATE
Port:(40.0, 328.0)(127.0, 328.0)(127.0, 332.0)(40.0, 332.0);SD
Module:M4
Boundary:(204.0, 666.0)(204.0, 813.5)(188.0, 813.5)(188.0, 829.0)(133.0, 829.0)(133.0, 666.0);GATE
Port:(133.0, 680.5)(143.0, 680.5)(143.0, 814.5)(133.0, 814.5);SD
Port:(204.0, 666.0)(204.0, 813.5)(188.0, 813.5)(188.0, 829.0)(148.0, 829.0)(148.0, 666.0);GATE
Port:(195.0, 676.0)(199.0, 676.0)(199.0, 799.0)(195.0, 799.0);SD
Module:M28
Boundary:(20.0, 666.0)(93.0, 666.0)(93.0, 735.0)(20.0, 735.0);GATE
Port:(34.5, 725.0)(78.5, 725.0)(78.5, 735.0)(34.5, 735.0);SD
Port:(20.0, 666.0)(93.0, 666.0)(93.0, 720.0)(20.0, 720.0);GATE
Port:(30.0, 671.0)(83.0, 671.0)(83.0, 675.0)(30.0, 675.0);SD
Module:M30
Boundary:(20.0, 775.0)(93.0, 775.0)(93.0, 858.0)(20.0, 858.0);GATE
Port:(34.5, 848.0)(78.5, 848.0)(78.5, 858.0)(34.5, 858.0);SD
Port:(20.0, 775.0)(93.0, 775.0)(93.0, 843.0)(20.0, 843.0);GATE
Port:(30.0, 780.0)(83.0, 780.0)(83.0, 784.0)(30.0, 784.0);SD
Module:M25
Boundary:(566.0, 20.0)(566.0, 149.5)(517.8, 149.5)(517.8, 201.0)(408.0, 201.0)(408.0, 20.0);GATE
Port:(408.0, 34.5)(418.0, 34.5)(418.0, 186.5)(408.0, 186.5);SD
Port:(566.0, 20.0)(566.0, 149.5)(517.8, 149.5)(517.8, 201.0)(423.0, 201.0)(423.0, 20.0);GATE
Port:(557.0, 30.0)(561.0, 30.0)(561.0, 135.0)(557.0, 135.0);SD
Module:M22
Boundary:(844.0, 20.0)(844.0, 96.0)(836.0, 96.0)(836.0, 111.0)(775.0, 111.0)(775.0, 20.0);GATE
Port:(775.0, 34.5)(785.0, 34.5)(785.0, 96.5)(775.0, 96.5);SD
Port:(844.0, 20.0)(844.0, 96.0)(836.0, 96.0)(836.0, 111.0)(790.0, 111.0)(790.0, 20.0);GATE
Port:(835.0, 30.0)(839.0, 30.0)(839.0, 81.0)(835.0, 81.0);SD
Module:M17
Boundary:(368.0, 20.0)(368.0, 183.0)(237.0, 183.0)(237.0, 20.0);GATE
Port:(237.0, 34.5)(247.0, 34.5)(247.0, 168.5)(237.0, 168.5);SD
Port:(368.0, 20.0)(368.0, 183.0)(252.0, 183.0)(252.0, 20.0);GATE
Port:(359.0, 30.0)(363.0, 30.0)(363.0, 173.0)(359.0, 173.0);SD
