Area:(-7.9, -15.8)(772.3, -15.8)(772.3, 568.1)(-7.9, 568.1)
Rule:GATE(5,5);SD(5,5);GATE_SD(0.5);GATE_ITO(0.5);SD_ITO(0.5)
Module:M15
Boundary:(281.5, 157.9)(281.5, 63.3)(370.8, 63.3)(370.8, 157.9);GATE
Port:(365.0, 76.6)(370.8, 76.6)(370.8, 144.6)(365.0, 144.6);SD
Port:(281.5, 157.9)(281.5, 63.3)(363.7, 63.3)(363.7, 157.9);GATE
Port:(286.4, 69.2)(291.9, 69.2)(291.9, 152.0)(286.4, 152.0);SD
Module:M8
Boundary:(537.5, 169.3)(537.5, 86.0)(583.8, 86.0)(583.8, 70.6)(638.2, 70.6)(638.2, 169.3);GATE
Port:(633.2, 83.9)(638.2, 83.9)(638.2, 156.0)(633.2, 156.0);SD
Port:(537.5, 169.3)(537.5, 86.0)(583.8, 86.0)(583.8, 70.6)(632.1, 70.6)(632.1, 169.3);GATE
Port:(541.8, 92.3)(548.0, 92.3)(548.0, 164.0)(541.8, 164.0);SD
Module:M1
Boundary:(275.1, 56.4)(275.1, 130.8)(274.8, 130.8)(274.8, 145.2)(73.6, 145.2)(73.6, 56.4);GATE
Port:(73.6, 68.6)(79.4, 68.6)(79.4, 133.0)(73.6, 133.0);SD
Port:(275.1, 56.4)(275.1, 130.8)(274.8, 130.8)(274.8, 145.2)(81.8, 145.2)(81.8, 56.4);GATE
Port:(264.8, 62.8)(269.7, 62.8)(269.7, 124.4)(264.8, 124.4);SD
Module:M5
Boundary:(684.1, 92.3)(717.2, 92.3)(717.2, 92.4)(732.3, 92.4)(732.3, 278.9)(684.1, 278.9);GATE
Port:(697.6, 274.4)(718.8, 274.4)(718.8, 278.9)(697.6, 278.9);SD
Port:(684.1, 92.3)(717.2, 92.3)(717.2, 92.4)(732.3, 92.4)(732.3, 272.4)(684.1, 272.4);GATE
Port:(690.0, 97.2)(711.3, 97.2)(711.3, 103.7)(690.0, 103.7);SD
Module:M16
Boundary:(629.9, 210.3)(629.9, 259.3)(584.4, 259.3)(584.4, 273.2)(529.3, 273.2)(529.3, 210.3);GATE
Port:(529.3, 223.7)(533.5, 223.7)(533.5, 259.8)(529.3, 259.8);SD
Port:(629.9, 210.3)(629.9, 259.3)(584.4, 259.3)(584.4, 273.2)(535.7, 273.2)(535.7, 210.3);GATE
Port:(618.7, 216.5)(624.7, 216.5)(624.7, 252.1)(618.7, 252.1);SD
Module:M9
Boundary:(370.7, 194.5)(370.7, 243.1)(370.6, 243.1)(370.6, 258.3)(278.1, 258.3)(278.1, 194.5);GATE
Port:(278.1, 207.4)(283.3, 207.4)(283.3, 245.4)(278.1, 245.4);SD
Port:(370.7, 194.5)(370.7, 243.1)(370.6, 243.1)(370.6, 258.3)(286.2, 258.3)(286.2, 194.5);GATE
Port:(359.5, 201.4)(364.8, 201.4)(364.8, 236.2)(359.5, 236.2);SD
Module:M13
Boundary:(492.8, 24.2)(398.3, 24.2)(398.3, 24.6)(379.7, 24.6)(379.7, 245.1)(492.8, 245.1);GATE
Port:(395.4, 239.1)(477.1, 239.1)(477.1, 245.1)(395.4, 245.1);SD
Port:(492.8, 24.2)(398.3, 24.2)(398.3, 24.6)(379.7, 24.6)(379.7, 236.8)(492.8, 236.8);GATE
Port:(404.3, 29.2)(486.8, 29.2)(486.8, 36.4)(404.3, 36.4);SD
Module:M3
Boundary:(253.4, 182.5)(253.4, 244.0)(253.4, 244.0)(253.4, 258.5)(147.1, 258.5)(147.1, 182.5);GATE
Port:(147.1, 195.5)(151.8, 195.5)(151.8, 245.5)(147.1, 245.5);SD
Port:(253.4, 182.5)(253.4, 244.0)(253.4, 244.0)(253.4, 258.5)(154.5, 258.5)(154.5, 182.5);GATE
Port:(242.8, 188.0)(248.9, 188.0)(248.9, 238.5)(242.8, 238.5);SD
Module:M12
Boundary:(32.1, 317.5)(85.0, 317.5)(85.0, 261.8)(100.3, 261.8)(100.3, 152.6)(32.1, 152.6);GATE
Port:(46.6, 152.6)(85.8, 152.6)(85.8, 157.1)(46.6, 157.1);SD
Port:(32.1, 317.5)(85.0, 317.5)(85.0, 261.8)(100.3, 261.8)(100.3, 159.8)(32.1, 159.8);GATE
Port:(38.6, 306.3)(77.5, 306.3)(77.5, 312.0)(38.6, 312.0);SD
Module:M4
Boundary:(711.2, 383.5)(711.2, 292.3)(630.9, 292.3)(630.9, 275.7)(524.8, 275.7)(524.8, 383.5);GATE
Port:(524.8, 291.1)(529.5, 291.1)(529.5, 368.1)(524.8, 368.1);SD
Port:(711.2, 383.5)(711.2, 292.3)(630.9, 292.3)(630.9, 275.7)(531.6, 275.7)(531.6, 383.5);GATE
Port:(698.8, 299.5)(706.0, 299.5)(706.0, 377.3)(698.8, 377.3);SD
Module:M14
Boundary:(283.6, 278.4)(184.2, 278.4)(184.2, 312.5)(168.5, 312.5)(168.5, 382.7)(283.6, 382.7);GATE
Port:(180.3, 378.2)(271.8, 378.2)(271.8, 382.7)(180.3, 382.7);SD
Port:(283.6, 278.4)(184.2, 278.4)(184.2, 312.5)(168.5, 312.5)(168.5, 376.8)(283.6, 376.8);GATE
Port:(190.5, 282.7)(278.3, 282.7)(278.3, 287.5)(190.5, 287.5);SD
Module:M10
Boundary:(331.0, 260.6)(393.9, 260.6)(393.9, 312.1)(407.7, 312.1)(407.7, 387.7)(331.0, 387.7);GATE
Port:(343.7, 382.4)(395.0, 382.4)(395.0, 387.7)(343.7, 387.7);SD
Port:(331.0, 260.6)(393.9, 260.6)(393.9, 312.1)(407.7, 312.1)(407.7, 380.5)(331.0, 380.5);GATE
Port:(336.2, 264.8)(387.7, 264.8)(387.7, 271.7)(336.2, 271.7);SD
Module:M6
Boundary:(407.9, 268.9)(486.4, 268.9)(486.4, 384.8)(500.6, 384.8)(500.6, 486.6)(407.9, 486.6);GATE
Port:(420.3, 482.5)(488.2, 482.5)(488.2, 486.6)(420.3, 486.6);SD
Port:(407.9, 268.9)(486.4, 268.9)(486.4, 384.8)(500.6, 384.8)(500.6, 480.1)(407.9, 480.1);GATE
Port:(413.4, 273.4)(479.9, 273.4)(479.9, 279.2)(413.4, 279.2);SD
Module:M11
Boundary:(130.9, 491.4)(130.9, 425.4)(131.0, 425.4)(131.0, 409.7)(352.6, 409.7)(352.6, 491.4);GATE
Port:(348.2, 423.4)(352.6, 423.4)(352.6, 477.7)(348.2, 477.7);SD
Port:(130.9, 491.4)(130.9, 425.4)(131.0, 425.4)(131.0, 409.7)(346.1, 409.7)(346.1, 491.4);GATE
Port:(135.4, 430.9)(142.7, 430.9)(142.7, 485.9)(135.4, 485.9);SD
Module:M7
Boundary:(52.3, 338.1)(106.2, 338.1)(106.2, 338.4)(123.2, 338.4)(123.2, 496.9)(52.3, 496.9);GATE
Port:(66.9, 491.4)(108.6, 491.4)(108.6, 496.9)(66.9, 496.9);SD
Port:(52.3, 338.1)(106.2, 338.1)(106.2, 338.4)(123.2, 338.4)(123.2, 488.4)(52.3, 488.4);GATE
Port:(58.7, 343.5)(99.8, 343.5)(99.8, 349.8)(58.7, 349.8);SD
Module:M2
Boundary:(518.3, 528.1)(518.3, 419.2)(599.2, 419.2)(599.2, 404.1)(706.3, 404.1)(706.3, 528.1);GATE
Port:(700.6, 419.9)(706.3, 419.9)(706.3, 512.3)(700.6, 512.3);SD
Port:(518.3, 528.1)(518.3, 419.2)(599.2, 419.2)(599.2, 404.1)(699.3, 404.1)(699.3, 528.1);GATE
Port:(523.6, 427.5)(531.4, 427.5)(531.4, 521.8)(523.6, 521.8);SD
