Area:(-20.0, -20.0)(857.0, -20.0)(857.0, 1737.0)(-20.0, 1737.0)
Rule:GATE(5,5);SD(5,5);GATE_SD(0.5);GATE_ITO(0.5);SD_ITO(0.5)
Module:M14
Boundary:(667.0, 1305.0)(667.0, 1416.5)(655.0, 1416.5)(655.0, 1432.0)(493.0, 1432.0)(493.0, 1305.0);GATE
Port:(493.0, 1319.5)(503.0, 1319.5)(503.0, 1417.5)(493.0, 1417.5);SD
Port:(667.0, 1305.0)(667.0, 1416.5)(655.0, 1416.5)(655.0, 1432.0)(508.0, 1432.0)(508.0, 1305.0);GATE
Port:(658.0, 1315.0)(662.0, 1315.0)(662.0, 1402.0)(658.0, 1402.0);SD
Module:M9
Boundary:(802.0, 1134.0)(802.0, 1207.0)(690.0, 1207.0)(690.0, 1134.0);GATE
Port:(690.0, 1148.5)(700.0, 1148.5)(700.0, 1192.5)(690.0, 1192.5);SD
Port:(802.0, 1134.0)(802.0, 1207.0)(705.0, 1207.0)(705.0, 1134.0);GATE
Port:(793.0, 1144.0)(797.0, 1144.0)(797.0, 1197.0)(793.0, 1197.0);SD
Module:M5
Boundary:(20.0, 564.0)(131.5, 564.0)(131.5, 576.0)(147.0, 576.0)(147.0, 658.0)(20.0, 658.0);GATE
Port:(34.5, 648.0)(132.5, 648.0)(132.5, 658.0)(34.5, 658.0);SD
Port:(20.0, 564.0)(131.5, 564.0)(131.5, 576.0)(147.0, 576.0)(147.0, 643.0)(20.0, 643.0);GATE
Port:(30.0, 569.0)(117.0, 569.0)(117.0, 573.0)(30.0, 573.0);SD
Module:M11
Boundary:(130.0, 133.0)(130.0, 209.0)(122.0, 209.0)(122.0, 224.0)(20.0, 224.0)(20.0, 133.0);GATE
Port:(20.0, 147.5)(30.0, 147.5)(30.0, 209.5)(20.0, 209.5);SD
Port:(130.0, 133.0)(130.0, 209.0)(122.0, 209.0)(122.0, 224.0)(35.0, 224.0)(35.0, 133.0);GATE
Port:(121.0, 143.0)(125.0, 143.0)(125.0, 194.0)(121.0, 194.0);SD
Module:M1
Boundary:(811.0, 20.0)(811.0, 113.5)(741.0, 113.5)(741.0, 201.0)(614.0, 201.0)(614.0, 20.0);GATE
Port:(614.0, 34.5)(624.0, 34.5)(624.0, 186.5)(614.0, 186.5);SD
Port:(811.0, 20.0)(811.0, 113.5)(741.0, 113.5)(741.0, 201.0)(629.0, 201.0)(629.0, 20.0);GATE
Port:(802.0, 30.0)(806.0, 30.0)(806.0, 99.0)(802.0, 99.0);SD
Module:M43
Boundary:(20.0, 395.0)(149.5, 395.0)(149.5, 409.0)(165.0, 409.0)(165.0, 524.0)(20.0, 524.0);GATE
Port:(34.5, 514.0)(150.5, 514.0)(150.5, 524.0)(34.5, 524.0);SD
Port:(20.0, 395.0)(149.5, 395.0)(149.5, 409.0)(165.0, 409.0)(165.0, 509.0)(20.0, 509.0);GATE
Port:(30.0, 400.0)(135.0, 400.0)(135.0, 404.0)(30.0, 404.0);SD
Module:M38
Boundary:(640.0, 1609.0)(787.5, 1609.0)(787.5, 1625.0)(803.0, 1625.0)(803.0, 1697.0)(640.0, 1697.0);GATE
Port:(654.5, 1687.0)(788.5, 1687.0)(788.5, 1697.0)(654.5, 1697.0);SD
Port:(640.0, 1609.0)(787.5, 1609.0)(787.5, 1625.0)(803.0, 1625.0)(803.0, 1682.0)(640.0, 1682.0);GATE
Port:(650.0, 1614.0)(773.0, 1614.0)(773.0, 1618.0)(650.0, 1618.0);SD
Module:M40
Boundary:(590.0, 1595.0)(590.0, 1671.0)(582.0, 1671.0)(582.0, 1686.0)(420.0, 1686.0)(420.0, 1595.0);GATE
Port:(420.0, 1609.5)(430.0, 1609.5)(430.0, 1671.5)(420.0, 1671.5);SD
Port:(590.0, 1595.0)(590.0, 1671.0)(582.0, 1671.0)(582.0, 1686.0)(435.0, 1686.0)(435.0, 1595.0);GATE
Port:(581.0, 1605.0)(585.0, 1605.0)(585.0, 1656.0)(581.0, 1656.0);SD
Module:M35
Boundary:(551.0, 1472.0)(551.0, 1545.0)(454.0, 1545.0)(454.0, 1472.0);GATE
Port:(454.0, 1486.5)(464.0, 1486.5)(464.0, 1530.5)(454.0, 1530.5);SD
Port:(551.0, 1472.0)(551.0, 1545.0)(469.0, 1545.0)(469.0, 1472.0);GATE
Port:(542.0, 1482.0)(546.0, 1482.0)(546.0, 1535.0)(542.0, 1535.0);SD
Module:M32
Boundary:(30.0, 859.0)(106.0, 859.0)(106.0, 867.0)(121.0, 867.0)(121.0, 948.0)(30.0, 948.0);GATE
Port:(44.5, 938.0)(106.5, 938.0)(106.5, 948.0)(44.5, 948.0);SD
Port:(30.0, 859.0)(106.0, 859.0)(106.0, 867.0)(121.0, 867.0)(121.0, 933.0)(30.0, 933.0);GATE
Port:(40.0, 864.0)(91.0, 864.0)(91.0, 868.0)(40.0, 868.0);SD
Module:M27
Boundary:(392.0, 572.0)(465.0, 572.0)(465.0, 754.0)(392.0, 754.0);GATE
Port:(406.5, 744.0)(450.5, 744.0)(450.5, 754.0)(406.5, 754.0);SD
Port:(392.0, 572.0)(465.0, 572.0)(465.0, 739.0)(392.0, 739.0);GATE
Port:(402.0, 577.0)(455.0, 577.0)(455.0, 581.0)(402.0, 581.0);SD
Module:M24
Boundary:(505.0, 683.0)(616.5, 683.0)(616.5, 832.1)(794.0, 832.1)(794.0, 877.0)(505.0, 877.0);GATE
Port:(519.5, 867.0)(779.5, 867.0)(779.5, 877.0)(519.5, 877.0);SD
Port:(505.0, 683.0)(616.5, 683.0)(616.5, 832.1)(794.0, 832.1)(794.0, 862.0)(505.0, 862.0);GATE
Port:(515.0, 688.0)(602.0, 688.0)(602.0, 692.0)(515.0, 692.0);SD
Module:M19
Boundary:(404.0, 1384.0)(404.0, 1477.5)(394.0, 1477.5)(394.0, 1493.0)(215.0, 1493.0)(215.0, 1384.0);GATE
Port:(215.0, 1398.5)(225.0, 1398.5)(225.0, 1478.5)(215.0, 1478.5);SD
Port:(404.0, 1384.0)(404.0, 1477.5)(394.0, 1477.5)(394.0, 1493.0)(230.0, 1493.0)(230.0, 1384.0);GATE
Port:(395.0, 1394.0)(399.0, 1394.0)(399.0, 1463.0)(395.0, 1463.0);SD
Module:M6
Boundary:(344.0, 425.0)(344.0, 498.0)(212.0, 498.0)(212.0, 425.0);GATE
Port:(212.0, 439.5)(222.0, 439.5)(222.0, 483.5)(212.0, 483.5);SD
Port:(344.0, 425.0)(344.0, 498.0)(227.0, 498.0)(227.0, 425.0);GATE
Port:(335.0, 435.0)(339.0, 435.0)(339.0, 488.0)(335.0, 488.0);SD
Module:M21
Boundary:(379.0, 245.0)(472.5, 245.0)(472.5, 255.0)(488.0, 255.0)(488.0, 382.0)(379.0, 382.0);GATE
Port:(393.5, 372.0)(473.5, 372.0)(473.5, 382.0)(393.5, 382.0);SD
Port:(379.0, 245.0)(472.5, 245.0)(472.5, 255.0)(488.0, 255.0)(488.0, 367.0)(379.0, 367.0);GATE
Port:(389.0, 250.0)(458.0, 250.0)(458.0, 254.0)(389.0, 254.0);SD
Module:M2
Boundary:(611.0, 245.0)(611.0, 320.5)(589.9, 320.5)(589.9, 372.0)(528.0, 372.0)(528.0, 245.0);GATE
Port:(528.0, 259.5)(538.0, 259.5)(538.0, 357.5)(528.0, 357.5);SD
Port:(611.0, 245.0)(611.0, 320.5)(589.9, 320.5)(589.9, 372.0)(543.0, 372.0)(543.0, 245.0);GATE
Port:(602.0, 255.0)(606.0, 255.0)(606.0, 306.0)(602.0, 306.0);SD
Module:M16
Boundary:(289.0, 133.0)(289.0, 209.0)(281.0, 209.0)(281.0, 224.0)(170.0, 224.0)(170.0, 133.0);GATE
Port:(170.0, 147.5)(180.0, 147.5)(180.0, 209.5)(170.0, 209.5);SD
Port:(289.0, 133.0)(289.0, 209.0)(281.0, 209.0)(281.0, 224.0)(185.0, 224.0)(185.0, 133.0);GATE
Port:(280.0, 143.0)(284.0, 143.0)(284.0, 194.0)(280.0, 194.0);SD
Module:M13
Boundary:(20.0, 998.0)(149.5, 998.0)(149.5, 1142.2)(453.0, 1142.2)(453.0, 1190.0)(20.0, 1190.0);GATE
Port:(34.5, 1180.0)(438.5, 1180.0)(438.5, 1190.0)(34.5, 1190.0);SD
Port:(20.0, 998.0)(149.5, 998.0)(149.5, 1142.2)(453.0, 1142.2)(453.0, 1175.0)(20.0, 1175.0);GATE
Port:(30.0, 1003.0)(135.0, 1003.0)(135.0, 1007.0)(30.0, 1007.0);SD
Module:M45
Boundary:(205.0, 1230.0)(298.5, 1230.0)(298.5, 1240.0)(314.0, 1240.0)(314.0, 1334.0)(205.0, 1334.0);GATE
Port:(219.5, 1324.0)(299.5, 1324.0)(299.5, 1334.0)(219.5, 1334.0);SD
Port:(205.0, 1230.0)(298.5, 1230.0)(298.5, 1240.0)(314.0, 1240.0)(314.0, 1319.0)(205.0, 1319.0);GATE
Port:(215.0, 1235.0)(284.0, 1235.0)(284.0, 1239.0)(215.0, 1239.0);SD
Module:M10
Boundary:(191.0, 20.0)(191.0, 93.0)(20.0, 93.0)(20.0, 20.0);GATE
Port:(20.0, 34.5)(30.0, 34.5)(30.0, 78.5)(20.0, 78.5);SD
Port:(191.0, 20.0)(191.0, 93.0)(35.0, 93.0)(35.0, 20.0);GATE
Port:(182.0, 30.0)(186.0, 30.0)(186.0, 83.0)(182.0, 83.0);SD
Module:M42
Boundary:(212.0, 264.0)(323.5, 264.0)(323.5, 276.0)(339.0, 276.0)(339.0, 385.0)(212.0, 385.0);GATE
Port:(226.5, 375.0)(324.5, 375.0)(324.5, 385.0)(226.5, 385.0);SD
Port:(212.0, 264.0)(323.5, 264.0)(323.5, 276.0)(339.0, 276.0)(339.0, 370.0)(212.0, 370.0);GATE
Port:(222.0, 269.0)(309.0, 269.0)(309.0, 273.0)(222.0, 273.0);SD
Module:M37
Boundary:(651.0, 354.0)(762.5, 354.0)(762.5, 407.5)(814.0, 407.5)(814.0, 530.0)(651.0, 530.0);GATE
Port:(665.5, 520.0)(799.5, 520.0)(799.5, 530.0)(665.5, 530.0);SD
Port:(651.0, 354.0)(762.5, 354.0)(762.5, 407.5)(814.0, 407.5)(814.0, 515.0)(651.0, 515.0);GATE
Port:(661.0, 359.0)(748.0, 359.0)(748.0, 363.0)(661.0, 363.0);SD
Module:M34
Boundary:(431.0, 1230.0)(431.0, 1306.0)(423.0, 1306.0)(423.0, 1321.0)(354.0, 1321.0)(354.0, 1230.0);GATE
Port:(354.0, 1244.5)(364.0, 1244.5)(364.0, 1306.5)(354.0, 1306.5);SD
Port:(431.0, 1230.0)(431.0, 1306.0)(423.0, 1306.0)(423.0, 1321.0)(369.0, 1321.0)(369.0, 1230.0);GATE
Port:(422.0, 1240.0)(426.0, 1240.0)(426.0, 1291.0)(422.0, 1291.0);SD
Module:M29
Boundary:(703.0, 1493.0)(796.5, 1493.0)(796.5, 1506.0)(812.0, 1506.0)(812.0, 1569.0)(703.0, 1569.0);GATE
Port:(717.5, 1559.0)(797.5, 1559.0)(797.5, 1569.0)(717.5, 1569.0);SD
Port:(703.0, 1493.0)(796.5, 1493.0)(796.5, 1506.0)(812.0, 1506.0)(812.0, 1554.0)(703.0, 1554.0);GATE
Port:(713.0, 1498.0)(782.0, 1498.0)(782.0, 1502.0)(713.0, 1502.0);SD
Module:M7
Boundary:(189.0, 789.0)(265.0, 789.0)(265.0, 797.0)(280.0, 797.0)(280.0, 956.0)(189.0, 956.0);GATE
Port:(203.5, 946.0)(265.5, 946.0)(265.5, 956.0)(203.5, 956.0);SD
Port:(189.0, 789.0)(265.0, 789.0)(265.0, 797.0)(280.0, 797.0)(280.0, 941.0)(189.0, 941.0);GATE
Port:(199.0, 794.0)(250.0, 794.0)(250.0, 798.0)(199.0, 798.0);SD
Module:M31
Boundary:(505.0, 917.0)(634.5, 917.0)(634.5, 931.0)(650.0, 931.0)(650.0, 1006.0)(505.0, 1006.0);GATE
Port:(519.5, 996.0)(635.5, 996.0)(635.5, 1006.0)(519.5, 1006.0);SD
Port:(505.0, 917.0)(634.5, 917.0)(634.5, 931.0)(650.0, 931.0)(650.0, 991.0)(505.0, 991.0);GATE
Port:(515.0, 922.0)(620.0, 922.0)(620.0, 926.0)(515.0, 926.0);SD
Module:M3
Boundary:(172.0, 264.0)(172.0, 340.0)(164.0, 340.0)(164.0, 355.0)(20.0, 355.0)(20.0, 264.0);GATE
Port:(20.0, 278.5)(30.0, 278.5)(30.0, 340.5)(20.0, 340.5);SD
Port:(172.0, 264.0)(172.0, 340.0)(164.0, 340.0)(164.0, 355.0)(35.0, 355.0)(35.0, 264.0);GATE
Port:(163.0, 274.0)(167.0, 274.0)(167.0, 325.0)(163.0, 325.0);SD
Module:M26
Boundary:(512.0, 1056.0)(623.5, 1056.0)(623.5, 1068.0)(639.0, 1068.0)(639.0, 1255.0)(512.0, 1255.0);GATE
Port:(526.5, 1245.0)(624.5, 1245.0)(624.5, 1255.0)(526.5, 1255.0);SD
Port:(512.0, 1056.0)(623.5, 1056.0)(623.5, 1068.0)(639.0, 1068.0)(639.0, 1240.0)(512.0, 1240.0);GATE
Port:(522.0, 1061.0)(609.0, 1061.0)(609.0, 1065.0)(522.0, 1065.0);SD
Module:M23
Boundary:(663.0, 1472.0)(663.0, 1545.0)(591.0, 1545.0)(591.0, 1472.0);GATE
Port:(591.0, 1486.5)(601.0, 1486.5)(601.0, 1530.5)(591.0, 1530.5);SD
Port:(663.0, 1472.0)(663.0, 1545.0)(606.0, 1545.0)(606.0, 1472.0);GATE
Port:(654.0, 1482.0)(658.0, 1482.0)(658.0, 1535.0)(654.0, 1535.0);SD
Module:M18
Boundary:(717.0, 1257.0)(793.0, 1257.0)(793.0, 1265.0)(808.0, 1265.0)(808.0, 1443.0)(717.0, 1443.0);GATE
Port:(731.5, 1433.0)(793.5, 1433.0)(793.5, 1443.0)(731.5, 1443.0);SD
Port:(717.0, 1257.0)(793.0, 1257.0)(793.0, 1265.0)(808.0, 1265.0)(808.0, 1428.0)(717.0, 1428.0);GATE
Port:(727.0, 1262.0)(778.0, 1262.0)(778.0, 1266.0)(727.0, 1266.0);SD
Module:M20
Boundary:(299.0, 20.0)(299.0, 93.0)(231.0, 93.0)(231.0, 20.0);GATE
Port:(231.0, 34.5)(241.0, 34.5)(241.0, 78.5)(231.0, 78.5);SD
Port:(299.0, 20.0)(299.0, 93.0)(246.0, 93.0)(246.0, 20.0);GATE
Port:(290.0, 30.0)(294.0, 30.0)(294.0, 83.0)(290.0, 83.0);SD
Module:M15
Boundary:(462.0, 794.0)(462.0, 941.5)(446.0, 941.5)(446.0, 957.0)(320.0, 957.0)(320.0, 794.0);GATE
Port:(320.0, 808.5)(330.0, 808.5)(330.0, 942.5)(320.0, 942.5);SD
Port:(462.0, 794.0)(462.0, 941.5)(446.0, 941.5)(446.0, 957.0)(335.0, 957.0)(335.0, 794.0);GATE
Port:(453.0, 804.0)(457.0, 804.0)(457.0, 927.0)(453.0, 927.0);SD
Module:M12
Boundary:(370.0, 1543.0)(370.0, 1672.5)(356.0, 1672.5)(356.0, 1688.0)(205.0, 1688.0)(205.0, 1543.0);GATE
Port:(205.0, 1557.5)(215.0, 1557.5)(215.0, 1673.5)(205.0, 1673.5);SD
Port:(370.0, 1543.0)(370.0, 1672.5)(356.0, 1672.5)(356.0, 1688.0)(220.0, 1688.0)(220.0, 1543.0);GATE
Port:(361.0, 1553.0)(365.0, 1553.0)(365.0, 1658.0)(361.0, 1658.0);SD
Module:M44
Boundary:(790.0, 241.0)(790.0, 314.0)(651.0, 314.0)(651.0, 241.0);GATE
Port:(651.0, 255.5)(661.0, 255.5)(661.0, 299.5)(651.0, 299.5);SD
Port:(790.0, 241.0)(790.0, 314.0)(666.0, 314.0)(666.0, 241.0);GATE
Port:(781.0, 251.0)(785.0, 251.0)(785.0, 304.0)(781.0, 304.0);SD
Module:M39
Boundary:(139.0, 708.0)(139.0, 784.0)(131.0, 784.0)(131.0, 799.0)(30.0, 799.0)(30.0, 708.0);GATE
Port:(30.0, 722.5)(40.0, 722.5)(40.0, 784.5)(30.0, 784.5);SD
Port:(139.0, 708.0)(139.0, 784.0)(131.0, 784.0)(131.0, 799.0)(45.0, 799.0)(45.0, 708.0);GATE
Port:(130.0, 718.0)(134.0, 718.0)(134.0, 769.0)(130.0, 769.0);SD
Module:M8
Boundary:(20.0, 1230.0)(131.5, 1230.0)(131.5, 1293.7)(165.0, 1293.7)(165.0, 1375.0)(20.0, 1375.0);GATE
Port:(34.5, 1365.0)(150.5, 1365.0)(150.5, 1375.0)(34.5, 1375.0);SD
Port:(20.0, 1230.0)(131.5, 1230.0)(131.5, 1293.7)(165.0, 1293.7)(165.0, 1360.0)(20.0, 1360.0);GATE
Port:(30.0, 1235.0)(117.0, 1235.0)(117.0, 1239.0)(30.0, 1239.0);SD
Module:M41
Boundary:(806.0, 570.0)(806.0, 643.0)(654.0, 643.0)(654.0, 570.0);GATE
Port:(654.0, 584.5)(664.0, 584.5)(664.0, 628.5)(654.0, 628.5);SD
Port:(806.0, 570.0)(806.0, 643.0)(669.0, 643.0)(669.0, 570.0);GATE
Port:(797.0, 580.0)(801.0, 580.0)(801.0, 633.0)(797.0, 633.0);SD
Module:M4
Boundary:(339.0, 20.0)(450.5, 20.0)(450.5, 134.0)(574.0, 134.0)(574.0, 205.0)(339.0, 205.0);GATE
Port:(353.5, 195.0)(559.5, 195.0)(559.5, 205.0)(353.5, 205.0);SD
Port:(339.0, 20.0)(450.5, 20.0)(450.5, 134.0)(574.0, 134.0)(574.0, 190.0)(339.0, 190.0);GATE
Port:(349.0, 25.0)(436.0, 25.0)(436.0, 29.0)(349.0, 29.0);SD
Module:M36
Boundary:(690.0, 917.0)(783.5, 917.0)(783.5, 997.0)(817.0, 997.0)(817.0, 1094.0)(690.0, 1094.0);GATE
Port:(704.5, 1084.0)(802.5, 1084.0)(802.5, 1094.0)(704.5, 1094.0);SD
Port:(690.0, 917.0)(783.5, 917.0)(783.5, 997.0)(817.0, 997.0)(817.0, 1079.0)(690.0, 1079.0);GATE
Port:(700.0, 922.0)(769.0, 922.0)(769.0, 926.0)(700.0, 926.0);SD
Module:M33
Boundary:(162.0, 1415.0)(162.0, 1508.5)(152.0, 1508.5)(152.0, 1524.0)(20.0, 1524.0)(20.0, 1415.0);GATE
Port:(20.0, 1429.5)(30.0, 1429.5)(30.0, 1509.5)(20.0, 1509.5);SD
Port:(162.0, 1415.0)(162.0, 1508.5)(152.0, 1508.5)(152.0, 1524.0)(35.0, 1524.0)(35.0, 1415.0);GATE
Port:(153.0, 1425.0)(157.0, 1425.0)(157.0, 1494.0)(153.0, 1494.0);SD
Module:M28
Boundary:(189.0, 669.0)(300.5, 669.0)(300.5, 690.5)(352.0, 690.5)(352.0, 749.0)(189.0, 749.0);GATE
Port:(203.5, 739.0)(337.5, 739.0)(337.5, 749.0)(203.5, 749.0);SD
Port:(189.0, 669.0)(300.5, 669.0)(300.5, 690.5)(352.0, 690.5)(352.0, 734.0)(189.0, 734.0);GATE
Port:(199.0, 674.0)(286.0, 674.0)(286.0, 678.0)(199.0, 678.0);SD
Module:M30
Boundary:(344.0, 538.0)(344.0, 614.0)(336.0, 614.0)(336.0, 629.0)(205.0, 629.0)(205.0, 538.0);GATE
Port:(205.0, 552.5)(215.0, 552.5)(215.0, 614.5)(205.0, 614.5);SD
Port:(344.0, 538.0)(344.0, 614.0)(336.0, 614.0)(336.0, 629.0)(220.0, 629.0)(220.0, 538.0);GATE
Port:(335.0, 548.0)(339.0, 548.0)(339.0, 599.0)(335.0, 599.0);SD
Module:M25
Boundary:(505.0, 572.0)(598.5, 572.0)(598.5, 582.0)(614.0, 582.0)(614.0, 643.0)(505.0, 643.0);GATE
Port:(519.5, 633.0)(599.5, 633.0)(599.5, 643.0)(519.5, 643.0);SD
Port:(505.0, 572.0)(598.5, 572.0)(598.5, 582.0)(614.0, 582.0)(614.0, 628.0)(505.0, 628.0);GATE
Port:(515.0, 577.0)(584.0, 577.0)(584.0, 581.0)(515.0, 581.0);SD
Module:M22
Boundary:(20.0, 1564.0)(149.5, 1564.0)(149.5, 1578.0)(165.0, 1578.0)(165.0, 1696.0)(20.0, 1696.0);GATE
Port:(34.5, 1686.0)(150.5, 1686.0)(150.5, 1696.0)(34.5, 1696.0);SD
Port:(20.0, 1564.0)(149.5, 1564.0)(149.5, 1578.0)(165.0, 1578.0)(165.0, 1681.0)(20.0, 1681.0);GATE
Port:(30.0, 1569.0)(135.0, 1569.0)(135.0, 1573.0)(30.0, 1573.0);SD
Module:M17
Boundary:(394.0, 432.0)(523.5, 432.0)(523.5, 466.2)(593.0, 466.2)(593.0, 522.0)(394.0, 522.0);GATE
Port:(408.5, 512.0)(578.5, 512.0)(578.5, 522.0)(408.5, 522.0);SD
Port:(394.0, 432.0)(523.5, 432.0)(523.5, 466.2)(593.0, 466.2)(593.0, 507.0)(394.0, 507.0);GATE
Port:(404.0, 437.0)(509.0, 437.0)(509.0, 441.0)(404.0, 441.0);SD
