Area:(-30.0, -30.0)(698.2, -30.0)(698.2, 1705.6)(-30.0, 1705.6)
Rule:GATE(5,5);SD(5,5);GATE_SD(0.5);GATE_ITO(0.5);SD_ITO(0.5)
Module:M14
Boundary:(634.9, 817.7)(634.9, 930.1)(555.0, 930.1)(555.0, 947.1)(409.1, 947.1)(409.1, 817.7);GATE
Port:(409.1, 833.9)(414.4, 833.9)(414.4, 930.9)(409.1, 930.9);SD
Port:(634.9, 817.7)(634.9, 930.1)(555.0, 930.1)(555.0, 947.1)(415.6, 947.1)(415.6, 817.7);GATE
Port:(621.9, 824.4)(629.2, 824.4)(629.2, 922.4)(621.9, 922.4);SD
Module:M9
Boundary:(377.1, 371.5)(465.1, 371.5)(465.1, 372.1)(482.5, 372.1)(482.5, 566.6)(377.1, 566.6);GATE
Port:(391.9, 561.4)(467.7, 561.4)(467.7, 566.6)(391.9, 566.6);SD
Port:(377.1, 371.5)(465.1, 371.5)(465.1, 372.1)(482.5, 372.1)(482.5, 559.4)(377.1, 559.4);GATE
Port:(382.6, 376.0)(459.6, 376.0)(459.6, 383.1)(382.6, 383.1);SD
Module:M5
Boundary:(389.5, 20.0)(475.2, 20.0)(475.2, 134.7)(389.5, 134.7);GATE
Port:(400.8, 129.8)(463.9, 129.8)(463.9, 134.7)(400.8, 134.7);SD
Port:(389.5, 20.0)(475.2, 20.0)(475.2, 128.1)(389.5, 128.1);GATE
Port:(394.6, 24.1)(470.1, 24.1)(470.1, 29.3)(394.6, 29.3);SD
Module:M11
Boundary:(282.8, 612.7)(380.5, 612.7)(380.5, 612.7)(396.7, 612.7)(396.7, 712.2)(282.8, 712.2);GATE
Port:(296.1, 707.4)(383.4, 707.4)(383.4, 712.2)(296.1, 712.2);SD
Port:(282.8, 612.7)(380.5, 612.7)(380.5, 612.7)(396.7, 612.7)(396.7, 705.7)(282.8, 705.7);GATE
Port:(288.4, 617.3)(374.9, 617.3)(374.9, 622.8)(288.4, 622.8);SD
Module:M1
Boundary:(378.0, 1578.5)(378.0, 1628.8)(377.7, 1628.8)(377.7, 1645.1)(220.9, 1645.1)(220.9, 1578.5);GATE
Port:(220.9, 1592.0)(225.9, 1592.0)(225.9, 1631.6)(220.9, 1631.6);SD
Port:(378.0, 1578.5)(378.0, 1628.8)(377.7, 1628.8)(377.7, 1645.1)(228.4, 1645.1)(228.4, 1578.5);GATE
Port:(366.7, 1583.8)(373.7, 1583.8)(373.7, 1623.5)(366.7, 1623.5);SD
Module:M38
Boundary:(267.5, 1098.8)(349.0, 1098.8)(349.0, 1186.6)(360.8, 1186.6)(360.8, 1247.3)(267.5, 1247.3);GATE
Port:(279.0, 1242.2)(349.3, 1242.2)(349.3, 1247.3)(279.0, 1247.3);SD
Port:(267.5, 1098.8)(349.0, 1098.8)(349.0, 1186.6)(360.8, 1186.6)(360.8, 1239.8)(267.5, 1239.8);GATE
Port:(272.8, 1103.1)(342.7, 1103.1)(342.7, 1108.7)(272.8, 1108.7);SD
Module:M40
Boundary:(359.5, 10.0)(359.5, 82.8)(287.9, 82.8)(287.9, 99.2)(156.5, 99.2)(156.5, 10.0);GATE
Port:(156.5, 25.1)(160.6, 25.1)(160.6, 84.1)(156.5, 84.1);SD
Port:(359.5, 10.0)(359.5, 82.8)(287.9, 82.8)(287.9, 99.2)(163.2, 99.2)(163.2, 10.0);GATE
Port:(347.6, 16.9)(353.6, 16.9)(353.6, 74.9)(347.6, 74.9);SD
Module:M35
Boundary:(541.6, 1187.8)(541.6, 1225.0)(541.4, 1225.0)(541.4, 1242.9)(390.8, 1242.9)(390.8, 1187.8);GATE
Port:(390.8, 1202.6)(396.8, 1202.6)(396.8, 1228.1)(390.8, 1228.1);SD
Port:(541.6, 1187.8)(541.6, 1225.0)(541.4, 1225.0)(541.4, 1242.9)(399.6, 1242.9)(399.6, 1187.8);GATE
Port:(529.7, 1193.6)(536.8, 1193.6)(536.8, 1219.2)(529.7, 1219.2);SD
Module:M32
Boundary:(212.8, 1404.7)(212.8, 1488.8)(133.6, 1488.8)(133.6, 1504.0)(30.0, 1504.0)(30.0, 1404.7);GATE
Port:(30.0, 1418.6)(35.3, 1418.6)(35.3, 1490.1)(30.0, 1490.1);SD
Port:(212.8, 1404.7)(212.8, 1488.8)(133.6, 1488.8)(133.6, 1504.0)(36.5, 1504.0)(36.5, 1404.7);GATE
Port:(201.4, 1411.4)(207.1, 1411.4)(207.1, 1481.1)(201.4, 1481.1);SD
Module:M27
Boundary:(309.1, 129.2)(309.1, 179.4)(309.1, 179.4)(309.1, 195.2)(166.5, 195.2)(166.5, 129.2);GATE
Port:(166.5, 142.6)(172.0, 142.6)(172.0, 181.8)(166.5, 181.8);SD
Port:(309.1, 129.2)(309.1, 179.4)(309.1, 179.4)(309.1, 195.2)(174.5, 195.2)(174.5, 129.2);GATE
Port:(298.0, 135.7)(303.6, 135.7)(303.6, 172.9)(298.0, 172.9);SD
Module:M24
Boundary:(359.1, 752.2)(359.1, 814.9)(332.7, 814.9)(332.7, 828.8)(282.8, 828.8)(282.8, 752.2);GATE
Port:(282.8, 764.7)(288.6, 764.7)(288.6, 816.3)(282.8, 816.3);SD
Port:(359.1, 752.2)(359.1, 814.9)(332.7, 814.9)(332.7, 828.8)(289.7, 828.8)(289.7, 752.2);GATE
Port:(348.4, 758.3)(354.0, 758.3)(354.0, 807.8)(348.4, 807.8);SD
Module:M19
Boundary:(20.0, 1070.8)(83.9, 1070.8)(83.9, 1298.1)(20.0, 1298.1);GATE
Port:(32.1, 1292.9)(71.8, 1292.9)(71.8, 1298.1)(32.1, 1298.1);SD
Port:(20.0, 1070.8)(83.9, 1070.8)(83.9, 1290.3)(20.0, 1290.3);GATE
Port:(25.8, 1075.6)(78.1, 1075.6)(78.1, 1080.6)(25.8, 1080.6);SD
Module:M6
Boundary:(582.0, 997.1)(635.3, 997.1)(635.3, 1095.2)(651.0, 1095.2)(651.0, 1187.2)(582.0, 1187.2);GATE
Port:(596.3, 1181.8)(636.7, 1181.8)(636.7, 1187.2)(596.3, 1187.2);SD
Port:(582.0, 997.1)(635.3, 997.1)(635.3, 1095.2)(651.0, 1095.2)(651.0, 1179.8)(582.0, 1179.8);GATE
Port:(588.3, 1002.4)(628.0, 1002.4)(628.0, 1008.5)(588.3, 1008.5);SD
Module:M21
Boundary:(301.3, 1289.4)(301.3, 1339.0)(301.1, 1339.0)(301.1, 1354.7)(123.9, 1354.7)(123.9, 1289.4);GATE
Port:(123.9, 1302.4)(129.0, 1302.4)(129.0, 1341.7)(123.9, 1341.7);SD
Port:(301.3, 1289.4)(301.3, 1339.0)(301.1, 1339.0)(301.1, 1354.7)(131.7, 1354.7)(131.7, 1289.4);GATE
Port:(290.3, 1295.1)(296.6, 1295.1)(296.6, 1333.3)(290.3, 1333.3);SD
Module:M2
Boundary:(211.9, 946.1)(211.9, 1017.9)(144.5, 1017.9)(144.5, 1030.8)(20.0, 1030.8)(20.0, 946.1);GATE
Port:(20.0, 957.6)(25.2, 957.6)(25.2, 1019.3)(20.0, 1019.3);SD
Port:(211.9, 946.1)(211.9, 1017.9)(144.5, 1017.9)(144.5, 1030.8)(28.0, 1030.8)(28.0, 946.1);GATE
Port:(202.0, 951.2)(207.8, 951.2)(207.8, 1011.8)(202.0, 1011.8);SD
Module:M16
Boundary:(20.0, 178.2)(107.9, 178.2)(107.9, 215.3)(121.3, 215.3)(121.3, 294.6)(20.0, 294.6);GATE
Port:(31.2, 288.6)(110.1, 288.6)(110.1, 294.6)(31.2, 294.6);SD
Port:(20.0, 178.2)(107.9, 178.2)(107.9, 215.3)(121.3, 215.3)(121.3, 286.3)(20.0, 286.3);GATE
Port:(25.2, 182.4)(101.7, 182.4)(101.7, 187.2)(25.2, 187.2);SD
Module:M13
Boundary:(30.0, 30.0)(116.5, 30.0)(116.5, 128.2)(30.0, 128.2);GATE
Port:(44.8, 122.5)(101.7, 122.5)(101.7, 128.2)(44.8, 128.2);SD
Port:(30.0, 30.0)(116.5, 30.0)(116.5, 121.3)(30.0, 121.3);GATE
Port:(35.5, 34.5)(111.0, 34.5)(111.0, 42.2)(35.5, 42.2);SD
Module:M10
Boundary:(530.8, 122.0)(621.9, 122.0)(621.9, 206.9)(638.9, 206.9)(638.9, 315.8)(530.8, 315.8);GATE
Port:(544.9, 311.0)(624.8, 311.0)(624.8, 315.8)(544.9, 315.8);SD
Port:(530.8, 122.0)(621.9, 122.0)(621.9, 206.9)(638.9, 206.9)(638.9, 308.8)(530.8, 308.8);GATE
Port:(536.8, 127.0)(614.9, 127.0)(614.9, 132.8)(536.8, 132.8);SD
Module:M37
Boundary:(658.2, 10.0)(658.2, 64.4)(657.9, 64.4)(657.9, 82.0)(505.2, 82.0)(505.2, 10.0);GATE
Port:(505.2, 24.4)(509.6, 24.4)(509.6, 67.6)(505.2, 67.6);SD
Port:(658.2, 10.0)(658.2, 64.4)(657.9, 64.4)(657.9, 82.0)(511.1, 82.0)(511.1, 10.0);GATE
Port:(646.5, 15.6)(653.6, 15.6)(653.6, 58.8)(646.5, 58.8);SD
Module:M34
Boundary:(436.7, 606.6)(483.9, 606.6)(483.9, 677.4)(496.9, 677.4)(496.9, 750.3)(436.7, 750.3);GATE
Port:(449.8, 745.2)(483.8, 745.2)(483.8, 750.3)(449.8, 750.3);SD
Port:(436.7, 606.6)(483.9, 606.6)(483.9, 677.4)(496.9, 677.4)(496.9, 743.1)(436.7, 743.1);GATE
Port:(442.1, 611.0)(477.5, 611.0)(477.5, 617.8)(442.1, 617.8);SD
Module:M29
Boundary:(183.6, 489.7)(183.6, 580.4)(183.3, 580.4)(183.3, 594.8)(20.0, 594.8)(20.0, 489.7);GATE
Port:(20.0, 502.9)(24.4, 502.9)(24.4, 581.6)(20.0, 581.6);SD
Port:(183.6, 489.7)(183.6, 580.4)(183.3, 580.4)(183.3, 594.8)(26.5, 594.8)(26.5, 489.7);GATE
Port:(172.3, 495.2)(179.1, 495.2)(179.1, 574.9)(172.3, 574.9);SD
Module:M7
Boundary:(522.5, 365.8)(630.5, 365.8)(630.5, 366.2)(648.6, 366.2)(648.6, 545.5)(522.5, 545.5);GATE
Port:(536.3, 541.0)(634.8, 541.0)(634.8, 545.5)(536.3, 545.5);SD
Port:(522.5, 365.8)(630.5, 365.8)(630.5, 366.2)(648.6, 366.2)(648.6, 539.6)(522.5, 539.6);GATE
Port:(528.8, 371.1)(624.2, 371.1)(624.2, 376.2)(528.8, 376.2);SD
Module:M31
Boundary:(469.1, 1282.9)(524.2, 1282.9)(524.2, 1283.2)(541.2, 1283.2)(541.2, 1429.9)(469.1, 1429.9);GATE
Port:(484.9, 1425.6)(525.4, 1425.6)(525.4, 1429.9)(484.9, 1429.9);SD
Port:(469.1, 1282.9)(524.2, 1282.9)(524.2, 1283.2)(541.2, 1283.2)(541.2, 1422.7)(469.1, 1422.7);GATE
Port:(476.1, 1288.9)(517.2, 1288.9)(517.2, 1295.6)(476.1, 1295.6);SD
Module:M3
Boundary:(268.2, 868.8)(355.8, 868.8)(355.8, 947.4)(268.2, 947.4);GATE
Port:(281.2, 942.7)(342.8, 942.7)(342.8, 947.4)(281.2, 947.4);SD
Port:(268.2, 868.8)(355.8, 868.8)(355.8, 940.6)(268.2, 940.6);GATE
Port:(273.6, 873.2)(350.4, 873.2)(350.4, 880.0)(273.6, 880.0);SD
Module:M26
Boundary:(341.3, 1282.9)(413.1, 1282.9)(413.1, 1327.5)(429.1, 1327.5)(429.1, 1385.8)(341.3, 1385.8);GATE
Port:(356.5, 1380.3)(413.9, 1380.3)(413.9, 1385.8)(356.5, 1385.8);SD
Port:(341.3, 1282.9)(413.1, 1282.9)(413.1, 1327.5)(429.1, 1327.5)(429.1, 1378.3)(341.3, 1378.3);GATE
Port:(347.2, 1287.8)(406.2, 1287.8)(406.2, 1295.0)(347.2, 1295.0);SD
Module:M23
Boundary:(232.8, 644.8)(232.8, 753.8)(30.0, 753.8)(30.0, 644.8);GATE
Port:(30.0, 659.8)(35.0, 659.8)(35.0, 738.8)(30.0, 738.8);SD
Port:(232.8, 644.8)(232.8, 753.8)(37.5, 753.8)(37.5, 644.8);GATE
Port:(221.3, 650.0)(228.6, 650.0)(228.6, 748.6)(221.3, 748.6);SD
Module:M18
Boundary:(532.0, 1007.1)(532.0, 1120.5)(489.7, 1120.5)(489.7, 1137.8)(402.8, 1137.8)(402.8, 1007.1);GATE
Port:(402.8, 1022.8)(407.6, 1022.8)(407.6, 1122.1)(402.8, 1122.1);SD
Port:(532.0, 1007.1)(532.0, 1120.5)(489.7, 1120.5)(489.7, 1137.8)(408.9, 1137.8)(408.9, 1007.1);GATE
Port:(519.8, 1014.0)(526.1, 1014.0)(526.1, 1112.6)(519.8, 1112.6);SD
Module:M20
Boundary:(178.0, 344.6)(178.0, 425.6)(140.6, 425.6)(140.6, 439.7)(30.0, 439.7)(30.0, 344.6);GATE
Port:(30.0, 358.1)(34.0, 358.1)(34.0, 426.2)(30.0, 426.2);SD
Port:(178.0, 344.6)(178.0, 425.6)(140.6, 425.6)(140.6, 439.7)(35.5, 439.7)(35.5, 344.6);GATE
Port:(166.2, 350.6)(173.0, 350.6)(173.0, 418.6)(166.2, 418.6);SD
Module:M15
Boundary:(546.9, 595.5)(617.6, 595.5)(617.6, 596.0)(635.1, 596.0)(635.1, 757.7)(546.9, 757.7);GATE
Port:(561.1, 753.6)(620.9, 753.6)(620.9, 757.7)(561.1, 757.7);SD
Port:(546.9, 595.5)(617.6, 595.5)(617.6, 596.0)(635.1, 596.0)(635.1, 751.7)(546.9, 751.7);GATE
Port:(553.4, 601.0)(611.1, 601.0)(611.1, 606.3)(553.4, 606.3);SD
Module:M12
Boundary:(228.0, 235.2)(316.9, 235.2)(316.9, 312.5)(333.1, 312.5)(333.1, 453.5)(228.0, 453.5);GATE
Port:(242.3, 448.3)(318.8, 448.3)(318.8, 453.5)(242.3, 453.5);SD
Port:(228.0, 235.2)(316.9, 235.2)(316.9, 312.5)(333.1, 312.5)(333.1, 445.7)(228.0, 445.7);GATE
Port:(233.8, 240.0)(310.1, 240.0)(310.1, 247.1)(233.8, 247.1);SD
Module:M39
Boundary:(180.9, 1544.0)(180.9, 1648.3)(180.9, 1648.3)(180.9, 1665.6)(10.0, 1665.6)(10.0, 1544.0);GATE
Port:(10.0, 1558.2)(15.8, 1558.2)(15.8, 1651.4)(10.0, 1651.4);SD
Port:(180.9, 1544.0)(180.9, 1648.3)(180.9, 1648.3)(180.9, 1665.6)(16.8, 1665.6)(16.8, 1544.0);GATE
Port:(169.5, 1549.6)(176.3, 1549.6)(176.3, 1642.7)(169.5, 1642.7);SD
Module:M8
Boundary:(390.1, 1425.8)(390.1, 1512.6)(340.3, 1512.6)(340.3, 1528.5)(262.8, 1528.5)(262.8, 1425.8);GATE
Port:(262.8, 1440.2)(268.4, 1440.2)(268.4, 1514.1)(262.8, 1514.1);SD
Port:(390.1, 1425.8)(390.1, 1512.6)(340.3, 1512.6)(340.3, 1528.5)(271.1, 1528.5)(271.1, 1425.8);GATE
Port:(378.6, 1431.3)(385.6, 1431.3)(385.6, 1506.1)(378.6, 1506.1);SD
Module:M4
Boundary:(430.1, 1469.9)(535.3, 1469.9)(535.3, 1569.9)(552.2, 1569.9)(552.2, 1658.9)(430.1, 1658.9);GATE
Port:(442.6, 1653.9)(539.7, 1653.9)(539.7, 1658.9)(442.6, 1658.9);SD
Port:(430.1, 1469.9)(535.3, 1469.9)(535.3, 1569.9)(552.2, 1569.9)(552.2, 1651.0)(430.1, 1651.0);GATE
Port:(435.4, 1474.2)(529.0, 1474.2)(529.0, 1479.0)(435.4, 1479.0);SD
Module:M36
Boundary:(582.2, 1440.9)(636.4, 1440.9)(636.4, 1515.6)(653.1, 1515.6)(653.1, 1651.8)(582.2, 1651.8);GATE
Port:(596.2, 1647.4)(639.1, 1647.4)(639.1, 1651.8)(596.2, 1651.8);SD
Port:(582.2, 1440.9)(636.4, 1440.9)(636.4, 1515.6)(653.1, 1515.6)(653.1, 1645.3)(582.2, 1645.3);GATE
Port:(588.4, 1446.1)(629.2, 1446.1)(629.2, 1451.8)(588.4, 1451.8);SD
Module:M33
Boundary:(337.1, 493.5)(337.1, 572.7)(223.6, 572.7)(223.6, 493.5);GATE
Port:(223.6, 507.1)(228.5, 507.1)(228.5, 559.1)(223.6, 559.1);SD
Port:(337.1, 493.5)(337.1, 572.7)(231.0, 572.7)(231.0, 493.5);GATE
Port:(325.8, 499.5)(332.1, 499.5)(332.1, 566.7)(325.8, 566.7);SD
Module:M28
Boundary:(123.9, 1070.8)(223.0, 1070.8)(223.0, 1146.8)(237.5, 1146.8)(237.5, 1249.4)(123.9, 1249.4);GATE
Port:(138.5, 1243.9)(222.9, 1243.9)(222.9, 1249.4)(138.5, 1249.4);SD
Port:(123.9, 1070.8)(223.0, 1070.8)(223.0, 1146.8)(237.5, 1146.8)(237.5, 1241.2)(123.9, 1241.2);GATE
Port:(130.3, 1076.2)(215.6, 1076.2)(215.6, 1083.2)(130.3, 1083.2);SD
Module:M30
Boundary:(277.5, 987.4)(334.9, 987.4)(334.9, 1025.8)(352.8, 1025.8)(352.8, 1068.8)(277.5, 1068.8);GATE
Port:(292.5, 1063.0)(337.8, 1063.0)(337.8, 1068.8)(292.5, 1068.8);SD
Port:(277.5, 987.4)(334.9, 987.4)(334.9, 1025.8)(352.8, 1025.8)(352.8, 1061.0)(277.5, 1061.0);GATE
Port:(284.0, 992.9)(327.4, 992.9)(327.4, 998.9)(284.0, 998.9);SD
Module:M25
Boundary:(581.6, 1227.2)(636.6, 1227.2)(636.6, 1227.5)(650.0, 1227.5)(650.0, 1410.9)(581.6, 1410.9);GATE
Port:(592.6, 1405.3)(639.0, 1405.3)(639.0, 1410.9)(592.6, 1410.9);SD
Port:(581.6, 1227.2)(636.6, 1227.2)(636.6, 1227.5)(650.0, 1227.5)(650.0, 1402.9)(581.6, 1402.9);GATE
Port:(587.0, 1231.6)(631.2, 1231.6)(631.2, 1236.1)(587.0, 1236.1);SD
Module:M22
Boundary:(228.2, 803.8)(228.2, 893.1)(136.0, 893.1)(136.0, 906.1)(20.0, 906.1)(20.0, 803.8);GATE
Port:(20.0, 816.8)(24.3, 816.8)(24.3, 893.1)(20.0, 893.1);SD
Port:(228.2, 803.8)(228.2, 893.1)(136.0, 893.1)(136.0, 906.1)(26.7, 906.1)(26.7, 803.8);GATE
Port:(216.9, 809.4)(223.6, 809.4)(223.6, 886.5)(216.9, 886.5);SD
Module:M17
Boundary:(373.1, 174.7)(463.5, 174.7)(463.5, 174.8)(480.8, 174.8)(480.8, 331.5)(373.1, 331.5);GATE
Port:(389.1, 326.3)(464.8, 326.3)(464.8, 331.5)(389.1, 331.5);SD
Port:(373.1, 174.7)(463.5, 174.7)(463.5, 174.8)(480.8, 174.8)(480.8, 325.1)(373.1, 325.1);GATE
Port:(379.9, 180.5)(456.7, 180.5)(456.7, 187.7)(379.9, 187.7);SD
