Area:(-20.0, -20.0)(956.0, -20.0)(956.0, 580.0)(-20.0, 580.0)
Rule:GATE(5,5);SD(5,5);GATE_SD(0.5);GATE_ITO(0.5);SD_ITO(0.5)
Module:M14
Boundary:(752.0, 437.0)(899.5, 437.0)(899.5, 453.0)(915.0, 453.0)(915.0, 537.0)(752.0, 537.0);GATE
Port:(766.5, 527.0)(900.5, 527.0)(900.5, 537.0)(766.5, 537.0);SD
Port:(752.0, 437.0)(899.5, 437.0)(899.5, 453.0)(915.0, 453.0)(915.0, 522.0)(752.0, 522.0);GATE
Port:(762.0, 442.0)(885.0, 442.0)(885.0, 446.0)(762.0, 446.0);SD
Module:M9
Boundary:(20.0, 189.0)(96.0, 189.0)(96.0, 197.0)(111.0, 197.0)(111.0, 380.0)(20.0, 380.0);GATE
Port:(34.5, 370.0)(96.5, 370.0)(96.5, 380.0)(34.5, 380.0);SD
Port:(20.0, 189.0)(96.0, 189.0)(96.0, 197.0)(111.0, 197.0)(111.0, 365.0)(20.0, 365.0);GATE
Port:(30.0, 194.0)(81.0, 194.0)(81.0, 198.0)(30.0, 198.0);SD
Module:M5
Boundary:(661.0, 20.0)(661.0, 96.0)(653.0, 96.0)(653.0, 111.0)(468.0, 111.0)(468.0, 20.0);GATE
Port:(468.0, 34.5)(478.0, 34.5)(478.0, 96.5)(468.0, 96.5);SD
Port:(661.0, 20.0)(661.0, 96.0)(653.0, 96.0)(653.0, 111.0)(483.0, 111.0)(483.0, 20.0);GATE
Port:(652.0, 30.0)(656.0, 30.0)(656.0, 81.0)(652.0, 81.0);SD
Module:M11
Boundary:(483.0, 413.0)(483.0, 524.5)(471.0, 524.5)(471.0, 540.0)(415.0, 540.0)(415.0, 413.0);GATE
Port:(415.0, 427.5)(425.0, 427.5)(425.0, 525.5)(415.0, 525.5);SD
Port:(483.0, 413.0)(483.0, 524.5)(471.0, 524.5)(471.0, 540.0)(430.0, 540.0)(430.0, 413.0);GATE
Port:(474.0, 423.0)(478.0, 423.0)(478.0, 510.0)(474.0, 510.0);SD
Module:M1
Boundary:(701.0, 20.0)(794.5, 20.0)(794.5, 30.0)(810.0, 30.0)(810.0, 171.0)(701.0, 171.0);GATE
Port:(715.5, 161.0)(795.5, 161.0)(795.5, 171.0)(715.5, 171.0);SD
Port:(701.0, 20.0)(794.5, 20.0)(794.5, 30.0)(810.0, 30.0)(810.0, 156.0)(701.0, 156.0);GATE
Port:(711.0, 25.0)(780.0, 25.0)(780.0, 29.0)(711.0, 29.0);SD
Module:M19
Boundary:(172.0, 420.0)(172.0, 513.5)(162.0, 513.5)(162.0, 529.0)(20.0, 529.0)(20.0, 420.0);GATE
Port:(20.0, 434.5)(30.0, 434.5)(30.0, 514.5)(20.0, 514.5);SD
Port:(172.0, 420.0)(172.0, 513.5)(162.0, 513.5)(162.0, 529.0)(35.0, 529.0)(35.0, 420.0);GATE
Port:(163.0, 430.0)(167.0, 430.0)(167.0, 499.0)(163.0, 499.0);SD
Module:M6
Boundary:(20.0, 20.0)(96.0, 20.0)(96.0, 28.0)(111.0, 28.0)(111.0, 149.0)(20.0, 149.0);GATE
Port:(34.5, 139.0)(96.5, 139.0)(96.5, 149.0)(34.5, 149.0);SD
Port:(20.0, 20.0)(96.0, 20.0)(96.0, 28.0)(111.0, 28.0)(111.0, 134.0)(20.0, 134.0);GATE
Port:(30.0, 25.0)(81.0, 25.0)(81.0, 29.0)(30.0, 29.0);SD
Module:M2
Boundary:(749.0, 211.0)(749.0, 322.5)(718.9, 322.5)(718.9, 356.0)(671.0, 356.0)(671.0, 211.0);GATE
Port:(671.0, 225.5)(681.0, 225.5)(681.0, 341.5)(671.0, 341.5);SD
Port:(749.0, 211.0)(749.0, 322.5)(718.9, 322.5)(718.9, 356.0)(686.0, 356.0)(686.0, 211.0);GATE
Port:(740.0, 221.0)(744.0, 221.0)(744.0, 308.0)(740.0, 308.0);SD
Module:M16
Boundary:(151.0, 133.0)(224.0, 133.0)(224.0, 238.0)(151.0, 238.0);GATE
Port:(165.5, 228.0)(209.5, 228.0)(209.5, 238.0)(165.5, 238.0);SD
Port:(151.0, 133.0)(224.0, 133.0)(224.0, 223.0)(151.0, 223.0);GATE
Port:(161.0, 138.0)(214.0, 138.0)(214.0, 142.0)(161.0, 142.0);SD
Module:M13
Boundary:(419.0, 282.0)(419.0, 358.0)(411.0, 358.0)(411.0, 373.0)(325.0, 373.0)(325.0, 282.0);GATE
Port:(325.0, 296.5)(335.0, 296.5)(335.0, 358.5)(325.0, 358.5);SD
Port:(419.0, 282.0)(419.0, 358.0)(411.0, 358.0)(411.0, 373.0)(340.0, 373.0)(340.0, 282.0);GATE
Port:(410.0, 292.0)(414.0, 292.0)(414.0, 343.0)(410.0, 343.0);SD
Module:M10
Boundary:(459.0, 286.0)(606.5, 286.0)(606.5, 302.0)(622.0, 302.0)(622.0, 373.0)(459.0, 373.0);GATE
Port:(473.5, 363.0)(607.5, 363.0)(607.5, 373.0)(473.5, 373.0);SD
Port:(459.0, 286.0)(606.5, 286.0)(606.5, 302.0)(622.0, 302.0)(622.0, 358.0)(459.0, 358.0);GATE
Port:(469.0, 291.0)(592.0, 291.0)(592.0, 295.0)(469.0, 295.0);SD
Module:M7
Boundary:(257.0, 20.0)(257.0, 93.0)(151.0, 93.0)(151.0, 20.0);GATE
Port:(151.0, 34.5)(161.0, 34.5)(161.0, 78.5)(151.0, 78.5);SD
Port:(257.0, 20.0)(257.0, 93.0)(166.0, 93.0)(166.0, 20.0);GATE
Port:(248.0, 30.0)(252.0, 30.0)(252.0, 83.0)(248.0, 83.0);SD
Module:M3
Boundary:(712.0, 413.0)(712.0, 524.5)(700.0, 524.5)(700.0, 540.0)(523.0, 540.0)(523.0, 413.0);GATE
Port:(523.0, 427.5)(533.0, 427.5)(533.0, 525.5)(523.0, 525.5);SD
Port:(712.0, 413.0)(712.0, 524.5)(700.0, 524.5)(700.0, 540.0)(538.0, 540.0)(538.0, 413.0);GATE
Port:(703.0, 423.0)(707.0, 423.0)(707.0, 510.0)(703.0, 510.0);SD
Module:M18
Boundary:(428.0, 20.0)(428.0, 113.5)(418.0, 113.5)(418.0, 129.0)(297.0, 129.0)(297.0, 20.0);GATE
Port:(297.0, 34.5)(307.0, 34.5)(307.0, 114.5)(297.0, 114.5);SD
Port:(428.0, 20.0)(428.0, 113.5)(418.0, 113.5)(418.0, 129.0)(312.0, 129.0)(312.0, 20.0);GATE
Port:(419.0, 30.0)(423.0, 30.0)(423.0, 99.0)(419.0, 99.0);SD
Module:M20
Boundary:(285.0, 282.0)(285.0, 358.0)(277.0, 358.0)(277.0, 373.0)(151.0, 373.0)(151.0, 282.0);GATE
Port:(151.0, 296.5)(161.0, 296.5)(161.0, 358.5)(151.0, 358.5);SD
Port:(285.0, 282.0)(285.0, 358.0)(277.0, 358.0)(277.0, 373.0)(166.0, 373.0)(166.0, 282.0);GATE
Port:(276.0, 292.0)(280.0, 292.0)(280.0, 343.0)(276.0, 343.0);SD
Module:M15
Boundary:(910.0, 20.0)(910.0, 149.5)(891.0, 149.5)(891.0, 165.0)(850.0, 165.0)(850.0, 20.0);GATE
Port:(850.0, 34.5)(860.0, 34.5)(860.0, 150.5)(850.0, 150.5);SD
Port:(910.0, 20.0)(910.0, 149.5)(891.0, 149.5)(891.0, 165.0)(865.0, 165.0)(865.0, 20.0);GATE
Port:(901.0, 30.0)(905.0, 30.0)(905.0, 135.0)(901.0, 135.0);SD
Module:M12
Boundary:(789.0, 211.0)(900.5, 211.0)(900.5, 223.0)(916.0, 223.0)(916.0, 397.0)(789.0, 397.0);GATE
Port:(803.5, 387.0)(901.5, 387.0)(901.5, 397.0)(803.5, 397.0);SD
Port:(789.0, 211.0)(900.5, 211.0)(900.5, 223.0)(916.0, 223.0)(916.0, 382.0)(789.0, 382.0);GATE
Port:(799.0, 216.0)(886.0, 216.0)(886.0, 220.0)(799.0, 220.0);SD
Module:M8
Boundary:(425.0, 169.0)(425.0, 242.0)(264.0, 242.0)(264.0, 169.0);GATE
Port:(264.0, 183.5)(274.0, 183.5)(274.0, 227.5)(264.0, 227.5);SD
Port:(425.0, 169.0)(425.0, 242.0)(279.0, 242.0)(279.0, 169.0);GATE
Port:(416.0, 179.0)(420.0, 179.0)(420.0, 232.0)(416.0, 232.0);SD
Module:M4
Boundary:(212.0, 413.0)(359.5, 413.0)(359.5, 429.0)(375.0, 429.0)(375.0, 529.0)(212.0, 529.0);GATE
Port:(226.5, 519.0)(360.5, 519.0)(360.5, 529.0)(226.5, 529.0);SD
Port:(212.0, 413.0)(359.5, 413.0)(359.5, 429.0)(375.0, 429.0)(375.0, 514.0)(212.0, 514.0);GATE
Port:(222.0, 418.0)(345.0, 418.0)(345.0, 422.0)(222.0, 422.0);SD
Module:M17
Boundary:(468.0, 151.0)(615.5, 151.0)(615.5, 167.0)(631.0, 167.0)(631.0, 246.0)(468.0, 246.0);GATE
Port:(482.5, 236.0)(616.5, 236.0)(616.5, 246.0)(482.5, 246.0);SD
Port:(468.0, 151.0)(615.5, 151.0)(615.5, 167.0)(631.0, 167.0)(631.0, 231.0)(468.0, 231.0);GATE
Port:(478.0, 156.0)(601.0, 156.0)(601.0, 160.0)(478.0, 160.0);SD
