Area:(-20.0, -20.0)(981.7, -20.0)(981.7, 1235.4)(-20.0, 1235.4)
Rule:GATE(5,5);SD(5,5);GATE_SD(0.5);GATE_ITO(0.5);SD_ITO(0.5)
Module:M14
Boundary:(158.3, 906.8)(228.7, 906.8)(228.7, 956.6)(244.3, 956.6)(244.3, 1031.8)(158.3, 1031.8);GATE
Port:(172.5, 1026.7)(230.1, 1026.7)(230.1, 1031.8)(172.5, 1031.8);SD
Port:(158.3, 906.8)(228.7, 906.8)(228.7, 956.6)(244.3, 956.6)(244.3, 1025.0)(158.3, 1025.0);GATE
Port:(164.8, 912.3)(221.2, 912.3)(221.2, 919.0)(164.8, 919.0);SD
Module:M9
Boundary:(687.4, 348.4)(772.1, 348.4)(772.1, 443.4)(687.4, 443.4);GATE
Port:(700.6, 438.1)(758.9, 438.1)(758.9, 443.4)(700.6, 443.4);SD
Port:(687.4, 348.4)(772.1, 348.4)(772.1, 436.7)(687.4, 436.7);GATE
Port:(692.6, 352.6)(766.9, 352.6)(766.9, 358.2)(692.6, 358.2);SD
Module:M5
Boundary:(937.1, 820.0)(937.1, 940.5)(757.4, 940.5)(757.4, 820.0);GATE
Port:(757.4, 834.1)(761.7, 834.1)(761.7, 926.4)(757.4, 926.4);SD
Port:(937.1, 820.0)(937.1, 940.5)(763.1, 940.5)(763.1, 820.0);GATE
Port:(926.5, 825.8)(932.3, 825.8)(932.3, 934.7)(926.5, 934.7);SD
Module:M11
Boundary:(641.5, 815.5)(717.4, 815.5)(717.4, 1012.1)(641.5, 1012.1);GATE
Port:(654.2, 1006.5)(704.7, 1006.5)(704.7, 1012.1)(654.2, 1012.1);SD
Port:(641.5, 815.5)(717.4, 815.5)(717.4, 1005.2)(641.5, 1005.2);GATE
Port:(647.2, 820.2)(697.0, 820.2)(697.0, 825.8)(647.2, 825.8);SD
Module:M1
Boundary:(349.9, 303.9)(349.9, 395.2)(349.6, 395.2)(349.6, 409.6)(153.8, 409.6)(153.8, 303.9);GATE
Port:(153.8, 316.9)(158.9, 316.9)(158.9, 396.6)(153.8, 396.6);SD
Port:(349.9, 303.9)(349.9, 395.2)(349.6, 395.2)(349.6, 409.6)(160.3, 409.6)(160.3, 303.9);GATE
Port:(338.6, 310.3)(344.5, 310.3)(344.5, 388.8)(338.6, 388.8);SD
Module:M43
Boundary:(556.7, 464.6)(625.6, 464.6)(625.6, 464.8)(641.8, 464.8)(641.8, 619.1)(556.7, 619.1);GATE
Port:(571.2, 614.4)(627.3, 614.4)(627.3, 619.1)(571.2, 619.1);SD
Port:(556.7, 464.6)(625.6, 464.6)(625.6, 464.8)(641.8, 464.8)(641.8, 611.9)(556.7, 611.9);GATE
Port:(563.1, 470.0)(619.2, 470.0)(619.2, 477.1)(563.1, 477.1);SD
Module:M38
Boundary:(687.4, 209.7)(765.4, 209.7)(765.4, 232.3)(779.4, 232.3)(779.4, 308.4)(687.4, 308.4);GATE
Port:(699.9, 303.1)(766.9, 303.1)(766.9, 308.4)(699.9, 308.4);SD
Port:(687.4, 209.7)(765.4, 209.7)(765.4, 232.3)(779.4, 232.3)(779.4, 301.6)(687.4, 301.6);GATE
Port:(693.1, 214.4)(758.7, 214.4)(758.7, 219.8)(693.1, 219.8);SD
Module:M40
Boundary:(930.6, 30.0)(930.6, 142.8)(824.0, 142.8)(824.0, 159.7)(724.8, 159.7)(724.8, 30.0);GATE
Port:(724.8, 46.5)(729.1, 46.5)(729.1, 143.2)(724.8, 143.2);SD
Port:(930.6, 30.0)(930.6, 142.8)(824.0, 142.8)(824.0, 159.7)(731.1, 159.7)(731.1, 30.0);GATE
Port:(917.2, 36.9)(924.7, 36.9)(924.7, 134.9)(917.2, 134.9);SD
Module:M35
Boundary:(347.3, 20.0)(347.3, 84.8)(347.1, 84.8)(347.1, 100.4)(147.1, 100.4)(147.1, 20.0);GATE
Port:(147.1, 33.8)(151.7, 33.8)(151.7, 86.6)(147.1, 86.6);SD
Port:(347.3, 20.0)(347.3, 84.8)(347.1, 84.8)(347.1, 100.4)(153.9, 100.4)(153.9, 20.0);GATE
Port:(336.3, 25.6)(342.7, 25.6)(342.7, 79.2)(336.3, 79.2);SD
Module:M32
Boundary:(585.0, 1090.6)(585.0, 1172.3)(570.3, 1172.3)(570.3, 1186.3)(485.9, 1186.3)(485.9, 1090.6);GATE
Port:(485.9, 1104.7)(491.1, 1104.7)(491.1, 1172.2)(485.9, 1172.2);SD
Port:(585.0, 1090.6)(585.0, 1172.3)(570.3, 1172.3)(570.3, 1186.3)(492.7, 1186.3)(492.7, 1090.6);GATE
Port:(572.4, 1097.2)(579.4, 1097.2)(579.4, 1164.7)(572.4, 1164.7);SD
Module:M27
Boundary:(113.8, 250.7)(113.8, 340.0)(113.4, 340.0)(113.4, 354.4)(20.0, 354.4)(20.0, 250.7);GATE
Port:(20.0, 263.3)(25.5, 263.3)(25.5, 341.8)(20.0, 341.8);SD
Port:(113.8, 250.7)(113.8, 340.0)(113.4, 340.0)(113.4, 354.4)(26.7, 354.4)(26.7, 250.7);GATE
Port:(103.0, 256.2)(109.3, 256.2)(109.3, 334.5)(103.0, 334.5);SD
Module:M24
Boundary:(117.9, 1058.2)(117.9, 1160.7)(80.5, 1160.7)(80.5, 1176.6)(20.0, 1176.6)(20.0, 1058.2);GATE
Port:(20.0, 1071.8)(25.1, 1071.8)(25.1, 1163.0)(20.0, 1163.0);SD
Port:(117.9, 1058.2)(117.9, 1160.7)(80.5, 1160.7)(80.5, 1176.6)(26.5, 1176.6)(26.5, 1058.2);GATE
Port:(107.5, 1063.7)(113.4, 1063.7)(113.4, 1154.2)(107.5, 1154.2);SD
Module:M19
Boundary:(163.8, 459.6)(262.7, 459.6)(262.7, 460.1)(278.3, 460.1)(278.3, 604.2)(163.8, 604.2);GATE
Port:(178.5, 599.5)(263.6, 599.5)(263.6, 604.2)(178.5, 604.2);SD
Port:(163.8, 459.6)(262.7, 459.6)(262.7, 460.1)(278.3, 460.1)(278.3, 598.4)(163.8, 598.4);GATE
Port:(169.9, 464.7)(256.6, 464.7)(256.6, 472.5)(169.9, 472.5);SD
Module:M6
Boundary:(435.9, 1080.6)(435.9, 1178.5)(405.4, 1178.5)(405.4, 1193.1)(306.7, 1193.1)(306.7, 1080.6);GATE
Port:(306.7, 1094.5)(312.4, 1094.5)(312.4, 1179.2)(306.7, 1179.2);SD
Port:(435.9, 1080.6)(435.9, 1178.5)(405.4, 1178.5)(405.4, 1193.1)(314.3, 1193.1)(314.3, 1080.6);GATE
Port:(424.5, 1086.4)(431.1, 1086.4)(431.1, 1171.7)(424.5, 1171.7);SD
Module:M21
Boundary:(725.3, 663.3)(725.3, 775.5)(641.5, 775.5)(641.5, 663.3);GATE
Port:(641.5, 679.2)(646.5, 679.2)(646.5, 759.6)(641.5, 759.6);SD
Port:(725.3, 663.3)(725.3, 775.5)(649.2, 775.5)(649.2, 663.3);GATE
Port:(712.8, 669.8)(719.8, 669.8)(719.8, 769.0)(712.8, 769.0);SD
Module:M2
Boundary:(529.5, 659.1)(584.7, 659.1)(584.7, 718.0)(601.5, 718.0)(601.5, 830.2)(529.5, 830.2);GATE
Port:(544.1, 825.7)(586.9, 825.7)(586.9, 830.2)(544.1, 830.2);SD
Port:(529.5, 659.1)(584.7, 659.1)(584.7, 718.0)(601.5, 718.0)(601.5, 824.3)(529.5, 824.3);GATE
Port:(535.3, 663.9)(577.9, 663.9)(577.9, 670.5)(535.3, 670.5);SD
Module:M16
Boundary:(941.7, 447.8)(941.7, 498.0)(932.3, 498.0)(932.3, 511.9)(819.4, 511.9)(819.4, 447.8);GATE
Port:(819.4, 461.8)(824.8, 461.8)(824.8, 497.9)(819.4, 497.9);SD
Port:(941.7, 447.8)(941.7, 498.0)(932.3, 498.0)(932.3, 511.9)(826.4, 511.9)(826.4, 447.8);GATE
Port:(929.6, 454.3)(936.2, 454.3)(936.2, 490.5)(929.6, 490.5);SD
Module:M13
Boundary:(571.1, 995.0)(571.1, 1025.7)(571.0, 1025.7)(571.0, 1040.6)(387.3, 1040.6)(387.3, 995.0);GATE
Port:(387.3, 1006.9)(392.6, 1006.9)(392.6, 1028.7)(387.3, 1028.7);SD
Port:(571.1, 995.0)(571.1, 1025.7)(571.0, 1025.7)(571.0, 1040.6)(394.6, 1040.6)(394.6, 995.0);GATE
Port:(561.7, 1001.1)(566.0, 1001.1)(566.0, 1019.6)(561.7, 1019.6);SD
Module:M45
Boundary:(938.9, 1132.0)(938.9, 1180.8)(938.9, 1180.8)(938.9, 1195.4)(775.6, 1195.4)(775.6, 1132.0);GATE
Port:(775.6, 1146.1)(781.4, 1146.1)(781.4, 1181.3)(775.6, 1181.3);SD
Port:(938.9, 1132.0)(938.9, 1180.8)(938.9, 1180.8)(938.9, 1195.4)(782.8, 1195.4)(782.8, 1132.0);GATE
Port:(926.7, 1138.3)(933.6, 1138.3)(933.6, 1174.5)(926.7, 1174.5);SD
Module:M10
Boundary:(20.0, 20.0)(90.3, 20.0)(90.3, 135.4)(107.1, 135.4)(107.1, 210.7)(20.0, 210.7);GATE
Port:(32.9, 204.8)(94.2, 204.8)(94.2, 210.7)(32.9, 210.7);SD
Port:(20.0, 20.0)(90.3, 20.0)(90.3, 135.4)(107.1, 135.4)(107.1, 201.8)(20.0, 201.8);GATE
Port:(25.4, 24.4)(83.9, 24.4)(83.9, 30.3)(25.4, 30.3);SD
Module:M42
Boundary:(223.0, 776.6)(223.0, 850.0)(115.3, 850.0)(115.3, 866.8)(20.0, 866.8)(20.0, 776.6);GATE
Port:(20.0, 791.3)(24.6, 791.3)(24.6, 852.1)(20.0, 852.1);SD
Port:(223.0, 776.6)(223.0, 850.0)(115.3, 850.0)(115.3, 866.8)(25.8, 866.8)(25.8, 776.6);GATE
Port:(211.8, 782.6)(218.0, 782.6)(218.0, 843.0)(211.8, 843.0);SD
Module:M37
Boundary:(939.8, 551.9)(939.8, 639.6)(794.9, 639.6)(794.9, 551.9);GATE
Port:(794.9, 564.7)(800.4, 564.7)(800.4, 626.8)(794.9, 626.8);SD
Port:(939.8, 551.9)(939.8, 639.6)(801.5, 639.6)(801.5, 551.9);GATE
Port:(929.9, 556.9)(935.8, 556.9)(935.8, 634.6)(929.9, 634.6);SD
Module:M34
Boundary:(281.8, 654.2)(281.8, 724.2)(239.3, 724.2)(239.3, 736.6)(151.5, 736.6)(151.5, 654.2);GATE
Port:(151.5, 665.0)(156.3, 665.0)(156.3, 725.8)(151.5, 725.8);SD
Port:(281.8, 654.2)(281.8, 724.2)(239.3, 724.2)(239.3, 736.6)(159.2, 736.6)(159.2, 654.2);GATE
Port:(272.5, 659.5)(277.5, 659.5)(277.5, 717.9)(272.5, 717.9);SD
Module:M29
Boundary:(488.0, 603.0)(488.0, 681.3)(487.8, 681.3)(487.8, 696.4)(328.3, 696.4)(328.3, 603.0);GATE
Port:(328.3, 616.2)(333.0, 616.2)(333.0, 683.2)(328.3, 683.2);SD
Port:(488.0, 603.0)(488.0, 681.3)(487.8, 681.3)(487.8, 696.4)(335.3, 696.4)(335.3, 603.0);GATE
Port:(477.4, 609.9)(482.1, 609.9)(482.1, 674.4)(477.4, 674.4);SD
Module:M7
Boundary:(516.7, 464.6)(516.7, 549.0)(516.5, 549.0)(516.5, 563.0)(328.3, 563.0)(328.3, 464.6);GATE
Port:(328.3, 475.3)(333.2, 475.3)(333.2, 552.3)(328.3, 552.3);SD
Port:(516.7, 464.6)(516.7, 549.0)(516.5, 549.0)(516.5, 563.0)(335.4, 563.0)(335.4, 464.6);GATE
Port:(507.5, 469.7)(512.6, 469.7)(512.6, 543.9)(507.5, 543.9);SD
Module:M31
Boundary:(775.6, 980.5)(839.9, 980.5)(839.9, 1078.6)(775.6, 1078.6);GATE
Port:(788.4, 1074.1)(827.1, 1074.1)(827.1, 1078.6)(788.4, 1078.6);SD
Port:(775.6, 980.5)(839.9, 980.5)(839.9, 1072.5)(775.6, 1072.5);GATE
Port:(781.6, 985.5)(833.9, 985.5)(833.9, 990.2)(781.6, 990.2);SD
Module:M3
Boundary:(674.8, 20.0)(674.8, 109.7)(674.3, 109.7)(674.3, 128.1)(579.8, 128.1)(579.8, 20.0);GATE
Port:(579.8, 33.3)(585.7, 33.3)(585.7, 114.8)(579.8, 114.8);SD
Port:(674.8, 20.0)(674.8, 109.7)(674.3, 109.7)(674.3, 128.1)(587.4, 128.1)(587.4, 20.0);GATE
Port:(664.5, 25.8)(670.0, 25.8)(670.0, 103.9)(664.5, 103.9);SD
Module:M26
Boundary:(360.1, 150.4)(360.1, 238.3)(257.8, 238.3)(257.8, 253.9)(163.8, 253.9)(163.8, 150.4);GATE
Port:(163.8, 165.8)(168.3, 165.8)(168.3, 238.5)(163.8, 238.5);SD
Port:(360.1, 150.4)(360.1, 238.3)(257.8, 238.3)(257.8, 253.9)(170.1, 253.9)(170.1, 150.4);GATE
Port:(348.1, 157.0)(354.5, 157.0)(354.5, 230.7)(348.1, 230.7);SD
Module:M23
Boundary:(284.3, 874.7)(347.3, 874.7)(347.3, 1028.6)(284.3, 1028.6);GATE
Port:(296.4, 1024.1)(335.2, 1024.1)(335.2, 1028.6)(296.4, 1028.6);SD
Port:(284.3, 874.7)(347.3, 874.7)(347.3, 1022.5)(284.3, 1022.5);GATE
Port:(289.6, 879.0)(342.0, 879.0)(342.0, 885.2)(289.6, 885.2);SD
Module:M18
Boundary:(168.3, 1081.8)(239.9, 1081.8)(239.9, 1096.6)(256.7, 1096.6)(256.7, 1179.9)(168.3, 1179.9);GATE
Port:(182.2, 1175.5)(242.8, 1175.5)(242.8, 1179.9)(182.2, 1179.9);SD
Port:(168.3, 1081.8)(239.9, 1081.8)(239.9, 1096.6)(256.7, 1096.6)(256.7, 1174.3)(168.3, 1174.3);GATE
Port:(173.6, 1086.1)(233.6, 1086.1)(233.6, 1092.4)(173.6, 1092.4);SD
Module:M20
Boundary:(819.4, 209.7)(924.6, 209.7)(924.6, 329.5)(940.9, 329.5)(940.9, 407.8)(819.4, 407.8);GATE
Port:(833.3, 402.8)(927.0, 402.8)(927.0, 407.8)(833.3, 407.8);SD
Port:(819.4, 209.7)(924.6, 209.7)(924.6, 329.5)(940.9, 329.5)(940.9, 400.8)(819.4, 400.8);GATE
Port:(825.7, 215.0)(917.3, 215.0)(917.3, 221.0)(825.7, 221.0);SD
Module:M15
Boundary:(489.5, 736.4)(489.5, 818.4)(489.0, 818.4)(489.0, 834.7)(328.3, 834.7)(328.3, 736.4);GATE
Port:(328.3, 749.7)(334.2, 749.7)(334.2, 821.4)(328.3, 821.4);SD
Port:(489.5, 736.4)(489.5, 818.4)(489.0, 818.4)(489.0, 834.7)(336.1, 834.7)(336.1, 736.4);GATE
Port:(479.1, 741.8)(485.1, 741.8)(485.1, 813.0)(479.1, 813.0);SD
Module:M12
Boundary:(20.0, 394.4)(92.4, 394.4)(92.4, 463.5)(108.3, 463.5)(108.3, 593.9)(20.0, 593.9);GATE
Port:(34.9, 589.1)(93.4, 589.1)(93.4, 593.9)(34.9, 593.9);SD
Port:(20.0, 394.4)(92.4, 394.4)(92.4, 463.5)(108.3, 463.5)(108.3, 588.0)(20.0, 588.0);GATE
Port:(26.1, 399.5)(85.3, 399.5)(85.3, 407.1)(26.1, 407.1);SD
Module:M44
Boundary:(20.0, 633.9)(97.7, 633.9)(97.7, 688.5)(111.5, 688.5)(111.5, 735.7)(20.0, 735.7);GATE
Port:(33.0, 731.0)(98.5, 731.0)(98.5, 735.7)(33.0, 735.7);SD
Port:(20.0, 633.9)(97.7, 633.9)(97.7, 688.5)(111.5, 688.5)(111.5, 729.2)(20.0, 729.2);GATE
Port:(26.1, 639.0)(90.6, 639.0)(90.6, 644.3)(26.1, 644.3);SD
Module:M39
Boundary:(615.1, 359.2)(615.1, 396.3)(615.0, 396.3)(615.0, 414.6)(420.1, 414.6)(420.1, 359.2);GATE
Port:(420.1, 373.9)(425.8, 373.9)(425.8, 399.9)(420.1, 399.9);SD
Port:(615.1, 359.2)(615.1, 396.3)(615.0, 396.3)(615.0, 414.6)(428.5, 414.6)(428.5, 359.2);GATE
Port:(603.5, 365.4)(609.9, 365.4)(609.9, 390.1)(603.5, 390.1);SD
Module:M8
Boundary:(936.8, 679.6)(936.8, 764.4)(879.1, 764.4)(879.1, 780.0)(765.3, 780.0)(765.3, 679.6);GATE
Port:(765.3, 693.4)(771.0, 693.4)(771.0, 766.2)(765.3, 766.2);SD
Port:(936.8, 679.6)(936.8, 764.4)(879.1, 764.4)(879.1, 780.0)(773.6, 780.0)(773.6, 679.6);GATE
Port:(926.2, 686.4)(931.0, 686.4)(931.0, 756.6)(926.2, 756.6);SD
Module:M41
Boundary:(565.8, 168.1)(647.4, 168.1)(647.4, 269.3)(565.8, 269.3);GATE
Port:(577.0, 263.6)(636.2, 263.6)(636.2, 269.3)(577.0, 269.3);SD
Port:(565.8, 168.1)(647.4, 168.1)(647.4, 262.4)(565.8, 262.4);GATE
Port:(571.8, 173.1)(641.4, 173.1)(641.4, 177.6)(571.8, 177.6);SD
Module:M4
Boundary:(387.3, 874.7)(474.9, 874.7)(474.9, 886.3)(488.0, 886.3)(488.0, 955.0)(387.3, 955.0);GATE
Port:(398.9, 949.4)(476.4, 949.4)(476.4, 955.0)(398.9, 955.0);SD
Port:(387.3, 874.7)(474.9, 874.7)(474.9, 886.3)(488.0, 886.3)(488.0, 947.2)(387.3, 947.2);GATE
Port:(392.7, 879.1)(468.5, 879.1)(468.5, 884.6)(392.7, 884.6);SD
Module:M36
Boundary:(639.8, 1052.1)(721.0, 1052.1)(721.0, 1097.5)(735.6, 1097.5)(735.6, 1188.7)(639.8, 1188.7);GATE
Port:(653.2, 1184.3)(722.2, 1184.3)(722.2, 1188.7)(653.2, 1188.7);SD
Port:(639.8, 1052.1)(721.0, 1052.1)(721.0, 1097.5)(735.6, 1097.5)(735.6, 1181.6)(639.8, 1181.6);GATE
Port:(645.4, 1056.7)(714.4, 1056.7)(714.4, 1063.0)(645.4, 1063.0);SD
Module:M33
Boundary:(539.8, 20.0)(539.8, 68.6)(539.8, 68.6)(539.8, 84.4)(387.3, 84.4)(387.3, 20.0);GATE
Port:(387.3, 33.3)(392.7, 33.3)(392.7, 71.1)(387.3, 71.1);SD
Port:(539.8, 20.0)(539.8, 68.6)(539.8, 68.6)(539.8, 84.4)(395.6, 84.4)(395.6, 20.0);GATE
Port:(528.9, 25.3)(535.5, 25.3)(535.5, 63.3)(528.9, 63.3);SD
Module:M28
Boundary:(20.0, 906.8)(103.4, 906.8)(103.4, 915.3)(118.3, 915.3)(118.3, 1018.2)(20.0, 1018.2);GATE
Port:(33.7, 1012.6)(104.6, 1012.6)(104.6, 1018.2)(33.7, 1018.2);SD
Port:(20.0, 906.8)(103.4, 906.8)(103.4, 915.3)(118.3, 915.3)(118.3, 1011.3)(20.0, 1011.3);GATE
Port:(26.2, 912.0)(96.2, 912.0)(96.2, 918.6)(26.2, 918.6);SD
Module:M30
Boundary:(599.8, 874.7)(599.8, 927.4)(576.7, 927.4)(576.7, 942.7)(528.0, 942.7)(528.0, 874.7);GATE
Port:(528.0, 889.2)(533.3, 889.2)(533.3, 928.2)(528.0, 928.2);SD
Port:(599.8, 874.7)(599.8, 927.4)(576.7, 927.4)(576.7, 942.7)(534.9, 942.7)(534.9, 874.7);GATE
Port:(588.6, 881.2)(594.3, 881.2)(594.3, 919.9)(588.6, 919.9);SD
Module:M25
Boundary:(879.9, 980.5)(927.3, 980.5)(927.3, 980.6)(941.3, 980.6)(941.3, 1092.0)(879.9, 1092.0);GATE
Port:(893.3, 1087.0)(927.9, 1087.0)(927.9, 1092.0)(893.3, 1092.0);SD
Port:(879.9, 980.5)(927.3, 980.5)(927.3, 980.6)(941.3, 980.6)(941.3, 1084.4)(879.9, 1084.4);GATE
Port:(885.6, 985.2)(921.6, 985.2)(921.6, 992.3)(885.6, 992.3);SD
Module:M22
Boundary:(687.4, 483.4)(739.5, 483.4)(739.5, 483.4)(754.9, 483.4)(754.9, 623.3)(687.4, 623.3);GATE
Port:(702.6, 617.9)(739.7, 617.9)(739.7, 623.3)(702.6, 623.3);SD
Port:(687.4, 483.4)(739.5, 483.4)(739.5, 483.4)(754.9, 483.4)(754.9, 616.4)(687.4, 616.4);GATE
Port:(694.2, 489.2)(732.7, 489.2)(732.7, 496.2)(694.2, 496.2);SD
Module:M17
Boundary:(420.1, 134.4)(500.8, 134.4)(500.8, 134.4)(515.8, 134.4)(515.8, 299.2)(420.1, 299.2);GATE
Port:(434.5, 294.1)(501.4, 294.1)(501.4, 299.2)(434.5, 299.2);SD
Port:(420.1, 134.4)(500.8, 134.4)(500.8, 134.4)(515.8, 134.4)(515.8, 292.5)(420.1, 292.5);GATE
Port:(427.0, 140.3)(493.9, 140.3)(493.9, 146.6)(427.0, 146.6);SD
