Area:(-20.0, -20.0)(722.5, -20.0)(722.5, 431.0)(-20.0, 431.0)
Rule:GATE(5,5);SD(5,5);GATE_SD(0.5);GATE_ITO(0.5);SD_ITO(0.5)
Module:M9
Boundary:(535.3, 150.2)(535.3, 227.8)(386.0, 227.8)(386.0, 150.2);GATE
Port:(386.0, 161.8)(391.8, 161.8)(391.8, 216.2)(386.0, 216.2);SD
Port:(535.3, 150.2)(535.3, 227.8)(392.8, 227.8)(392.8, 150.2);GATE
Port:(526.0, 155.3)(531.2, 155.3)(531.2, 222.7)(526.0, 222.7);SD
Module:M5
Boundary:(408.3, 278.3)(408.3, 386.4)(263.1, 386.4)(263.1, 278.3);GATE
Port:(263.1, 293.2)(268.2, 293.2)(268.2, 371.5)(263.1, 371.5);SD
Port:(408.3, 278.3)(408.3, 386.4)(270.2, 386.4)(270.2, 278.3);GATE
Port:(396.8, 284.1)(403.5, 284.1)(403.5, 380.6)(396.8, 380.6);SD
Module:M1
Boundary:(193.0, 264.2)(193.0, 349.9)(192.7, 349.9)(192.7, 367.3)(20.0, 367.3)(20.0, 264.2);GATE
Port:(20.0, 277.3)(25.9, 277.3)(25.9, 354.2)(20.0, 354.2);SD
Port:(193.0, 264.2)(193.0, 349.9)(192.7, 349.9)(192.7, 367.3)(27.5, 367.3)(27.5, 264.2);GATE
Port:(183.1, 269.6)(188.6, 269.6)(188.6, 344.5)(183.1, 344.5);SD
Module:M6
Boundary:(282.0, 20.0)(332.1, 20.0)(332.1, 130.3)(346.0, 130.3)(346.0, 228.3)(282.0, 228.3);GATE
Port:(296.0, 223.4)(332.0, 223.4)(332.0, 228.3)(296.0, 228.3);SD
Port:(282.0, 20.0)(332.1, 20.0)(332.1, 130.3)(346.0, 130.3)(346.0, 222.1)(282.0, 222.1);GATE
Port:(288.6, 25.6)(324.5, 25.6)(324.5, 32.0)(288.6, 32.0);SD
Module:M2
Boundary:(213.1, 157.7)(213.1, 209.2)(145.4, 209.2)(145.4, 224.2)(20.0, 224.2)(20.0, 157.7);GATE
Port:(20.0, 171.2)(25.4, 171.2)(25.4, 210.7)(20.0, 210.7);SD
Port:(213.1, 157.7)(213.1, 209.2)(145.4, 209.2)(145.4, 224.2)(27.0, 224.2)(27.0, 157.7);GATE
Port:(201.9, 164.3)(207.5, 164.3)(207.5, 201.6)(201.9, 201.6);SD
Module:M10
Boundary:(586.9, 251.7)(668.3, 251.7)(668.3, 262.0)(682.5, 262.0)(682.5, 384.6)(586.9, 384.6);GATE
Port:(600.6, 379.9)(668.8, 379.9)(668.8, 384.6)(600.6, 384.6);SD
Port:(586.9, 251.7)(668.3, 251.7)(668.3, 262.0)(682.5, 262.0)(682.5, 377.0)(586.9, 377.0);GATE
Port:(593.6, 257.4)(660.6, 257.4)(660.6, 263.2)(593.6, 263.2);SD
Module:M7
Boundary:(242.0, 20.0)(242.0, 98.6)(241.7, 98.6)(241.7, 117.7)(20.0, 117.7)(20.0, 20.0);GATE
Port:(20.0, 36.2)(24.7, 36.2)(24.7, 101.5)(20.0, 101.5);SD
Port:(242.0, 20.0)(242.0, 98.6)(241.7, 98.6)(241.7, 117.7)(26.4, 117.7)(26.4, 20.0);GATE
Port:(229.0, 26.6)(236.4, 26.6)(236.4, 92.0)(229.0, 92.0);SD
Module:M3
Boundary:(458.3, 267.8)(536.9, 267.8)(536.9, 391.0)(458.3, 391.0);GATE
Port:(471.8, 385.2)(523.4, 385.2)(523.4, 391.0)(471.8, 391.0);SD
Port:(458.3, 267.8)(536.9, 267.8)(536.9, 384.0)(458.3, 384.0);GATE
Port:(464.9, 273.4)(530.3, 273.4)(530.3, 279.0)(464.9, 279.0);SD
Module:M8
Boundary:(540.2, 20.0)(540.2, 93.0)(476.4, 93.0)(476.4, 110.2)(386.0, 110.2)(386.0, 20.0);GATE
Port:(386.0, 33.9)(391.9, 33.9)(391.9, 96.3)(386.0, 96.3);SD
Port:(540.2, 20.0)(540.2, 93.0)(476.4, 93.0)(476.4, 110.2)(394.9, 110.2)(394.9, 20.0);GATE
Port:(529.6, 26.4)(534.8, 26.4)(534.8, 85.6)(529.6, 85.6);SD
Module:M4
Boundary:(580.2, 20.0)(666.5, 20.0)(666.5, 82.7)(682.2, 82.7)(682.2, 201.7)(580.2, 201.7);GATE
Port:(594.5, 197.6)(667.9, 197.6)(667.9, 201.7)(594.5, 201.7);SD
Port:(580.2, 20.0)(666.5, 20.0)(666.5, 82.7)(682.2, 82.7)(682.2, 195.6)(580.2, 195.6);GATE
Port:(585.4, 24.2)(660.3, 24.2)(660.3, 31.7)(585.4, 31.7);SD
