Area:(-9.3, -20.0)(1700.3, -20.0)(1700.3, 738.0)(-9.3, 738.0)
Rule:GATE(5,5);SD(5,5);GATE_SD(0.5);GATE_ITO(0.5);SD_ITO(0.5)
Module:M16
Boundary:(30.7, 133.8)(106.7, 133.8)(106.7, 125.8)(121.7, 125.8)(121.7, 30.8)(30.7, 30.8);GATE
Port:(45.2, 30.8)(107.2, 30.8)(107.2, 40.8)(45.2, 40.8);SD
Port:(30.7, 133.8)(106.7, 133.8)(106.7, 125.8)(121.7, 125.8)(121.7, 45.8)(30.7, 45.8);GATE
Port:(40.7, 124.8)(91.7, 124.8)(91.7, 128.8)(40.7, 128.8);SD
Module:M33
Boundary:(856.5, 51.2)(763.0, 51.2)(763.0, 112.4)(729.5, 112.4)(729.5, 193.2)(856.5, 193.2);GATE
Port:(744.0, 183.2)(842.0, 183.2)(842.0, 193.2)(744.0, 193.2);SD
Port:(856.5, 51.2)(763.0, 51.2)(763.0, 112.4)(729.5, 112.4)(729.5, 178.2)(856.5, 178.2);GATE
Port:(777.5, 56.2)(846.5, 56.2)(846.5, 60.2)(777.5, 60.2);SD
Module:M26
Boundary:(161.5, 53.3)(291.0, 53.3)(291.0, 109.0)(360.5, 109.0)(360.5, 186.3)(161.5, 186.3);GATE
Port:(176.0, 176.3)(346.0, 176.3)(346.0, 186.3)(176.0, 186.3);SD
Port:(161.5, 53.3)(291.0, 53.3)(291.0, 109.0)(360.5, 109.0)(360.5, 171.3)(161.5, 171.3);GATE
Port:(171.5, 58.3)(276.5, 58.3)(276.5, 62.3)(171.5, 62.3);SD
Module:M24
Boundary:(1022.7, 193.5)(1022.7, 64.0)(1008.7, 64.0)(1008.7, 48.5)(862.7, 48.5)(862.7, 193.5);GATE
Port:(862.7, 63.0)(872.7, 63.0)(872.7, 179.0)(862.7, 179.0);SD
Port:(1022.7, 193.5)(1022.7, 64.0)(1008.7, 64.0)(1008.7, 48.5)(877.7, 48.5)(877.7, 193.5);GATE
Port:(1013.7, 78.5)(1017.7, 78.5)(1017.7, 183.5)(1013.7, 183.5);SD
Module:M18
Boundary:(1464.8, 20.0)(1464.8, 149.5)(1450.8, 149.5)(1450.8, 165.0)(1369.8, 165.0)(1369.8, 20.0);GATE
Port:(1369.8, 34.5)(1379.8, 34.5)(1379.8, 150.5)(1369.8, 150.5);SD
Port:(1464.8, 20.0)(1464.8, 149.5)(1450.8, 149.5)(1450.8, 165.0)(1384.8, 165.0)(1384.8, 20.0);GATE
Port:(1455.8, 30.0)(1459.8, 30.0)(1459.8, 135.0)(1455.8, 135.0);SD
Module:M8
Boundary:(1629.5, 20.0)(1629.5, 77.5)(1580.5, 77.5)(1580.5, 165.0)(1482.5, 165.0)(1482.5, 20.0);GATE
Port:(1482.5, 34.5)(1492.5, 34.5)(1492.5, 150.5)(1482.5, 150.5);SD
Port:(1629.5, 20.0)(1629.5, 77.5)(1580.5, 77.5)(1580.5, 165.0)(1497.5, 165.0)(1497.5, 20.0);GATE
Port:(1620.5, 30.0)(1624.5, 30.0)(1624.5, 63.0)(1620.5, 63.0);SD
Module:M22
Boundary:(1024.9, 43.0)(1136.4, 43.0)(1136.4, 104.0)(1169.9, 104.0)(1169.9, 180.0)(1024.9, 180.0);GATE
Port:(1039.4, 170.0)(1155.4, 170.0)(1155.4, 180.0)(1039.4, 180.0);SD
Port:(1024.9, 43.0)(1136.4, 43.0)(1136.4, 104.0)(1169.9, 104.0)(1169.9, 165.0)(1024.9, 165.0);GATE
Port:(1034.9, 48.0)(1121.9, 48.0)(1121.9, 52.0)(1034.9, 52.0);SD
Module:M4
Boundary:(423.4, 59.9)(423.4, 207.4)(443.4, 207.4)(443.4, 222.9)(522.4, 222.9)(522.4, 59.9);GATE
Port:(512.4, 74.4)(522.4, 74.4)(522.4, 208.4)(512.4, 208.4);SD
Port:(423.4, 59.9)(423.4, 207.4)(443.4, 207.4)(443.4, 222.9)(507.4, 222.9)(507.4, 59.9);GATE
Port:(428.4, 69.9)(432.4, 69.9)(432.4, 192.9)(428.4, 192.9);SD
Module:M3
Boundary:(622.0, 63.4)(549.0, 63.4)(549.0, 254.4)(622.0, 254.4);GATE
Port:(563.5, 244.4)(607.5, 244.4)(607.5, 254.4)(563.5, 254.4);SD
Port:(622.0, 63.4)(549.0, 63.4)(549.0, 239.4)(622.0, 239.4);GATE
Port:(559.0, 68.4)(612.0, 68.4)(612.0, 72.4)(559.0, 72.4);SD
Module:M2
Boundary:(1335.0, 54.8)(1259.0, 54.8)(1259.0, 62.9)(1244.0, 62.9)(1244.0, 252.8)(1335.0, 252.8);GATE
Port:(1258.5, 242.8)(1320.5, 242.8)(1320.5, 252.8)(1258.5, 252.8);SD
Port:(1335.0, 54.8)(1259.0, 54.8)(1259.0, 62.9)(1244.0, 62.9)(1244.0, 237.8)(1335.0, 237.8);GATE
Port:(1274.0, 59.8)(1325.0, 59.8)(1325.0, 63.8)(1274.0, 63.8);SD
Module:M27
Boundary:(828.0, 205.0)(939.5, 205.0)(939.5, 224.0)(955.0, 224.0)(955.0, 271.0)(828.0, 271.0);GATE
Port:(842.5, 261.0)(940.5, 261.0)(940.5, 271.0)(842.5, 271.0);SD
Port:(828.0, 205.0)(939.5, 205.0)(939.5, 224.0)(955.0, 224.0)(955.0, 256.0)(828.0, 256.0);GATE
Port:(838.0, 210.0)(925.0, 210.0)(925.0, 214.0)(838.0, 214.0);SD
Module:M13
Boundary:(1549.8, 292.9)(1625.8, 292.9)(1625.8, 284.9)(1640.8, 284.9)(1640.8, 226.9)(1549.8, 226.9);GATE
Port:(1564.3, 226.9)(1626.3, 226.9)(1626.3, 236.9)(1564.3, 236.9);SD
Port:(1549.8, 292.9)(1625.8, 292.9)(1625.8, 284.9)(1640.8, 284.9)(1640.8, 241.9)(1549.8, 241.9);GATE
Port:(1559.8, 283.9)(1610.8, 283.9)(1610.8, 287.9)(1559.8, 287.9);SD
Module:M6
Boundary:(352.5, 306.6)(352.5, 233.6)(190.5, 233.6)(190.5, 306.6);GATE
Port:(190.5, 248.1)(200.5, 248.1)(200.5, 292.1)(190.5, 292.1);SD
Port:(352.5, 306.6)(352.5, 233.6)(205.5, 233.6)(205.5, 306.6);GATE
Port:(343.5, 243.6)(347.5, 243.6)(347.5, 296.6)(343.5, 296.6);SD
Module:M28
Boundary:(353.0, 245.4)(353.0, 318.4)(508.0, 318.4)(508.0, 245.4);GATE
Port:(498.0, 259.9)(508.0, 259.9)(508.0, 303.9)(498.0, 303.9);SD
Port:(353.0, 245.4)(353.0, 318.4)(493.0, 318.4)(493.0, 245.4);GATE
Port:(358.0, 255.4)(362.0, 255.4)(362.0, 308.4)(358.0, 308.4);SD
Module:M12
Boundary:(1356.1, 214.9)(1485.6, 214.9)(1485.6, 228.9)(1501.1, 228.9)(1501.1, 316.9)(1356.1, 316.9);GATE
Port:(1370.6, 306.9)(1486.6, 306.9)(1486.6, 316.9)(1370.6, 316.9);SD
Port:(1356.1, 214.9)(1485.6, 214.9)(1485.6, 228.9)(1501.1, 228.9)(1501.1, 301.9)(1356.1, 301.9);GATE
Port:(1366.1, 219.9)(1471.1, 219.9)(1471.1, 223.9)(1366.1, 223.9);SD
Module:M14
Boundary:(53.4, 189.2)(129.5, 189.2)(129.5, 197.2)(144.4, 197.2)(144.4, 336.2)(53.4, 336.2);GATE
Port:(67.9, 326.2)(129.9, 326.2)(129.9, 336.2)(67.9, 336.2);SD
Port:(53.4, 189.2)(129.5, 189.2)(129.5, 197.2)(144.4, 197.2)(144.4, 321.2)(53.4, 321.2);GATE
Port:(63.4, 194.2)(114.4, 194.2)(114.4, 198.2)(63.4, 198.2);SD
Module:M40
Boundary:(671.4, 282.4)(671.4, 355.4)(565.4, 355.4)(565.4, 282.4);GATE
Port:(565.4, 296.9)(575.4, 296.9)(575.4, 340.9)(565.4, 340.9);SD
Port:(671.4, 282.4)(671.4, 355.4)(580.4, 355.4)(580.4, 282.4);GATE
Port:(662.4, 292.4)(666.4, 292.4)(666.4, 345.4)(662.4, 345.4);SD
Module:M32
Boundary:(790.2, 234.1)(717.2, 234.1)(717.2, 378.1)(790.2, 378.1);GATE
Port:(731.7, 368.1)(775.7, 368.1)(775.7, 378.1)(731.7, 378.1);SD
Port:(790.2, 234.1)(717.2, 234.1)(717.2, 363.1)(790.2, 363.1);GATE
Port:(727.2, 239.1)(780.2, 239.1)(780.2, 243.1)(727.2, 243.1);SD
Module:M11
Boundary:(1156.5, 211.6)(1156.5, 359.1)(1080.5, 359.1)(1080.5, 392.6)(992.5, 392.6)(992.5, 211.6);GATE
Port:(992.5, 226.1)(1002.5, 226.1)(1002.5, 378.1)(992.5, 378.1);SD
Port:(1156.5, 211.6)(1156.5, 359.1)(1080.5, 359.1)(1080.5, 392.6)(1007.5, 392.6)(1007.5, 211.6);GATE
Port:(1147.5, 221.6)(1151.5, 221.6)(1151.5, 344.6)(1147.5, 344.6);SD
Module:M19
Boundary:(1285.4, 416.0)(1209.4, 416.0)(1209.4, 408.0)(1194.4, 408.0)(1194.4, 278.0)(1285.4, 278.0);GATE
Port:(1208.9, 278.0)(1270.9, 278.0)(1270.9, 288.0)(1208.9, 288.0);SD
Port:(1285.4, 416.0)(1209.4, 416.0)(1209.4, 408.0)(1194.4, 408.0)(1194.4, 293.0)(1285.4, 293.0);GATE
Port:(1224.4, 407.0)(1275.4, 407.0)(1275.4, 411.0)(1224.4, 411.0);SD
Module:M31
Boundary:(1525.4, 334.7)(1525.4, 407.7)(1345.4, 407.7)(1345.4, 334.7);GATE
Port:(1345.4, 349.2)(1355.4, 349.2)(1355.4, 393.2)(1345.4, 393.2);SD
Port:(1525.4, 334.7)(1525.4, 407.7)(1360.4, 407.7)(1360.4, 334.7);GATE
Port:(1516.4, 344.7)(1520.4, 344.7)(1520.4, 397.7)(1516.4, 397.7);SD
Module:M29
Boundary:(44.6, 428.4)(156.1, 428.4)(156.1, 416.4)(171.6, 416.4)(171.6, 356.4)(44.6, 356.4);GATE
Port:(59.1, 356.4)(157.1, 356.4)(157.1, 366.4)(59.1, 366.4);SD
Port:(44.6, 428.4)(156.1, 428.4)(156.1, 416.4)(171.6, 416.4)(171.6, 371.4)(44.6, 371.4);GATE
Port:(54.6, 419.4)(141.6, 419.4)(141.6, 423.4)(54.6, 423.4);SD
Module:M21
Boundary:(1587.3, 311.0)(1660.3, 311.0)(1660.3, 469.0)(1587.3, 469.0);GATE
Port:(1601.8, 459.0)(1645.8, 459.0)(1645.8, 469.0)(1601.8, 469.0);SD
Port:(1587.3, 311.0)(1660.3, 311.0)(1660.3, 454.0)(1587.3, 454.0);GATE
Port:(1597.3, 316.0)(1650.3, 316.0)(1650.3, 320.0)(1597.3, 320.0);SD
Module:M38
Boundary:(332.0, 336.0)(332.0, 483.5)(316.0, 483.5)(316.0, 499.0)(250.0, 499.0)(250.0, 336.0);GATE
Port:(250.0, 350.5)(260.0, 350.5)(260.0, 484.5)(250.0, 484.5);SD
Port:(332.0, 336.0)(332.0, 483.5)(316.0, 483.5)(316.0, 499.0)(265.0, 499.0)(265.0, 336.0);GATE
Port:(323.0, 346.0)(327.0, 346.0)(327.0, 469.0)(323.0, 469.0);SD
Module:M35
Boundary:(956.3, 323.1)(956.3, 416.6)(921.7, 416.6)(921.7, 504.1)(847.3, 504.1)(847.3, 323.1);GATE
Port:(847.3, 337.6)(857.3, 337.6)(857.3, 489.6)(847.3, 489.6);SD
Port:(956.3, 323.1)(956.3, 416.6)(921.7, 416.6)(921.7, 504.1)(862.3, 504.1)(862.3, 323.1);GATE
Port:(947.3, 333.1)(951.3, 333.1)(951.3, 402.1)(947.3, 402.1);SD
Module:M25
Boundary:(386.3, 517.0)(386.3, 441.5)(455.6, 441.5)(455.6, 336.0)(517.3, 336.0)(517.3, 517.0);GATE
Port:(507.3, 350.5)(517.3, 350.5)(517.3, 502.5)(507.3, 502.5);SD
Port:(386.3, 517.0)(386.3, 441.5)(455.6, 441.5)(455.6, 336.0)(502.3, 336.0)(502.3, 517.0);GATE
Port:(391.3, 456.0)(395.3, 456.0)(395.3, 507.0)(391.3, 507.0);SD
Module:M20
Boundary:(995.4, 409.1)(995.4, 520.6)(1007.4, 520.6)(1007.4, 536.1)(1135.4, 536.1)(1135.4, 409.1);GATE
Port:(1125.4, 423.6)(1135.4, 423.6)(1135.4, 521.6)(1125.4, 521.6);SD
Port:(995.4, 409.1)(995.4, 520.6)(1007.4, 520.6)(1007.4, 536.1)(1120.4, 536.1)(1120.4, 409.1);GATE
Port:(1000.4, 419.1)(1004.4, 419.1)(1004.4, 506.1)(1000.4, 506.1);SD
Module:M17
Boundary:(1360.5, 569.0)(1360.5, 475.5)(1350.5, 475.5)(1350.5, 460.0)(1187.5, 460.0)(1187.5, 569.0);GATE
Port:(1187.5, 474.5)(1197.5, 474.5)(1197.5, 554.5)(1187.5, 554.5);SD
Port:(1360.5, 569.0)(1360.5, 475.5)(1350.5, 475.5)(1350.5, 460.0)(1202.5, 460.0)(1202.5, 569.0);GATE
Port:(1351.5, 490.0)(1355.5, 490.0)(1355.5, 559.0)(1351.5, 559.0);SD
Module:M7
Boundary:(841.0, 386.0)(729.5, 386.0)(729.5, 526.1)(552.0, 526.1)(552.0, 570.0)(841.0, 570.0);GATE
Port:(566.5, 560.0)(826.5, 560.0)(826.5, 570.0)(566.5, 570.0);SD
Port:(841.0, 386.0)(729.5, 386.0)(729.5, 526.1)(552.0, 526.1)(552.0, 555.0)(841.0, 555.0);GATE
Port:(744.0, 391.0)(831.0, 391.0)(831.0, 395.0)(744.0, 395.0);SD
Module:M15
Boundary:(51.6, 457.0)(51.6, 533.0)(59.6, 533.0)(59.6, 548.0)(168.6, 548.0)(168.6, 457.0);GATE
Port:(158.6, 471.5)(168.6, 471.5)(168.6, 533.5)(158.6, 533.5);SD
Port:(51.6, 457.0)(51.6, 533.0)(59.6, 533.0)(59.6, 548.0)(153.6, 548.0)(153.6, 457.0);GATE
Port:(56.6, 467.0)(60.6, 467.0)(60.6, 518.0)(56.6, 518.0);SD
Module:M30
Boundary:(1395.2, 662.1)(1471.2, 662.1)(1471.2, 654.0)(1486.2, 654.0)(1486.2, 464.1)(1395.2, 464.1);GATE
Port:(1409.7, 464.1)(1471.7, 464.1)(1471.7, 474.1)(1409.7, 474.1);SD
Port:(1395.2, 662.1)(1471.2, 662.1)(1471.2, 654.0)(1486.2, 654.0)(1486.2, 479.1)(1395.2, 479.1);GATE
Port:(1405.2, 653.1)(1456.2, 653.1)(1456.2, 657.1)(1405.2, 657.1);SD
Module:M37
Boundary:(829.9, 670.8)(753.9, 670.8)(753.9, 662.8)(738.9, 662.8)(738.9, 593.8)(829.9, 593.8);GATE
Port:(753.4, 593.8)(815.4, 593.8)(815.4, 603.8)(753.4, 603.8);SD
Port:(829.9, 670.8)(753.9, 670.8)(753.9, 662.8)(738.9, 662.8)(738.9, 608.8)(829.9, 608.8);GATE
Port:(768.9, 661.8)(819.9, 661.8)(819.9, 665.8)(768.9, 665.8);SD
Module:M9
Boundary:(295.4, 526.5)(295.4, 656.0)(281.4, 656.0)(281.4, 671.5)(192.4, 671.5)(192.4, 526.5);GATE
Port:(192.4, 541.0)(202.4, 541.0)(202.4, 657.0)(192.4, 657.0);SD
Port:(295.4, 526.5)(295.4, 656.0)(281.4, 656.0)(281.4, 671.5)(207.4, 671.5)(207.4, 526.5);GATE
Port:(286.4, 536.5)(290.4, 536.5)(290.4, 641.5)(286.4, 641.5);SD
Module:M36
Boundary:(972.0, 527.7)(972.0, 657.2)(958.0, 657.2)(958.0, 672.7)(849.0, 672.7)(849.0, 527.7);GATE
Port:(849.0, 542.2)(859.0, 542.2)(859.0, 658.2)(849.0, 658.2);SD
Port:(972.0, 527.7)(972.0, 657.2)(958.0, 657.2)(958.0, 672.7)(864.0, 672.7)(864.0, 527.7);GATE
Port:(963.0, 537.7)(967.0, 537.7)(967.0, 642.7)(963.0, 642.7);SD
Module:M10
Boundary:(39.7, 688.4)(151.2, 688.4)(151.2, 676.4)(166.7, 676.4)(166.7, 603.4)(39.7, 603.4);GATE
Port:(54.2, 603.4)(152.2, 603.4)(152.2, 613.4)(54.2, 613.4);SD
Port:(39.7, 688.4)(151.2, 688.4)(151.2, 676.4)(166.7, 676.4)(166.7, 618.4)(39.7, 618.4);GATE
Port:(49.7, 679.4)(136.7, 679.4)(136.7, 683.4)(49.7, 683.4);SD
Module:M5
Boundary:(1639.1, 509.0)(1563.0, 509.0)(1563.0, 517.0)(1548.1, 517.0)(1548.1, 698.0)(1639.1, 698.0);GATE
Port:(1562.6, 688.0)(1624.6, 688.0)(1624.6, 698.0)(1562.6, 698.0);SD
Port:(1639.1, 509.0)(1563.0, 509.0)(1563.0, 517.0)(1548.1, 517.0)(1548.1, 683.0)(1639.1, 683.0);GATE
Port:(1578.1, 514.0)(1629.1, 514.0)(1629.1, 518.0)(1578.1, 518.0);SD
Module:M23
Boundary:(1181.9, 600.8)(1181.9, 676.8)(1173.9, 676.8)(1173.9, 691.8)(993.9, 691.8)(993.9, 600.8);GATE
Port:(993.9, 615.3)(1003.9, 615.3)(1003.9, 677.3)(993.9, 677.3);SD
Port:(1181.9, 600.8)(1181.9, 676.8)(1173.9, 676.8)(1173.9, 691.8)(1008.9, 691.8)(1008.9, 600.8);GATE
Port:(1172.9, 610.8)(1176.9, 610.8)(1176.9, 661.8)(1172.9, 661.8);SD
Module:M34
Boundary:(1246.0, 590.1)(1246.0, 666.1)(1254.0, 666.1)(1254.0, 681.1)(1393.0, 681.1)(1393.0, 590.1);GATE
Port:(1383.0, 604.6)(1393.0, 604.6)(1393.0, 666.6)(1383.0, 666.6);SD
Port:(1246.0, 590.1)(1246.0, 666.1)(1254.0, 666.1)(1254.0, 681.1)(1378.0, 681.1)(1378.0, 590.1);GATE
Port:(1251.0, 600.1)(1255.0, 600.1)(1255.0, 651.1)(1251.0, 651.1);SD
Module:M1
Boundary:(536.3, 548.7)(406.8, 548.7)(406.8, 562.7)(391.3, 562.7)(391.3, 692.7)(536.3, 692.7);GATE
Port:(405.8, 682.7)(521.8, 682.7)(521.8, 692.7)(405.8, 692.7);SD
Port:(536.3, 548.7)(406.8, 548.7)(406.8, 562.7)(391.3, 562.7)(391.3, 677.7)(536.3, 677.7);GATE
Port:(421.3, 553.7)(526.3, 553.7)(526.3, 557.7)(421.3, 557.7);SD
Module:M39
Boundary:(699.5, 686.9)(699.5, 610.9)(691.4, 610.9)(691.4, 595.9)(551.5, 595.9)(551.5, 686.9);GATE
Port:(551.5, 610.4)(561.5, 610.4)(561.5, 672.4)(551.5, 672.4);SD
Port:(699.5, 686.9)(699.5, 610.9)(691.4, 610.9)(691.4, 595.9)(566.5, 595.9)(566.5, 686.9);GATE
Port:(690.5, 625.9)(694.5, 625.9)(694.5, 676.9)(690.5, 676.9);SD
