Area:(-20.0, -20.0)(1177.2, -20.0)(1177.2, 877.3)(-20.0, 877.3)
Rule:GATE(5,5);SD(5,5);GATE_SD(0.5);GATE_ITO(0.5);SD_ITO(0.5)
Module:M14
Boundary:(423.9, 727.5)(517.7, 727.5)(517.7, 773.4)(531.6, 773.4)(531.6, 830.1)(423.9, 830.1);GATE
Port:(437.2, 825.3)(518.3, 825.3)(518.3, 830.1)(437.2, 830.1);SD
Port:(423.9, 727.5)(517.7, 727.5)(517.7, 773.4)(531.6, 773.4)(531.6, 822.9)(423.9, 822.9);GATE
Port:(430.9, 733.5)(509.7, 733.5)(509.7, 738.5)(430.9, 738.5);SD
Module:M9
Boundary:(880.0, 192.2)(880.0, 275.7)(663.0, 275.7)(663.0, 192.2);GATE
Port:(663.0, 203.7)(668.7, 203.7)(668.7, 264.2)(663.0, 264.2);SD
Port:(880.0, 192.2)(880.0, 275.7)(670.9, 275.7)(670.9, 192.2);GATE
Port:(870.0, 197.5)(875.7, 197.5)(875.7, 270.4)(870.0, 270.4);SD
Module:M5
Boundary:(1058.6, 125.7)(1123.9, 125.7)(1123.9, 250.3)(1058.6, 250.3);GATE
Port:(1071.1, 246.3)(1111.4, 246.3)(1111.4, 250.3)(1071.1, 250.3);SD
Port:(1058.6, 125.7)(1123.9, 125.7)(1123.9, 245.3)(1058.6, 245.3);GATE
Port:(1063.8, 129.9)(1118.7, 129.9)(1118.7, 135.9)(1063.8, 135.9);SD
Module:M11
Boundary:(153.1, 500.9)(204.7, 500.9)(204.7, 500.9)(220.7, 500.9)(220.7, 657.2)(153.1, 657.2);GATE
Port:(167.2, 652.4)(206.6, 652.4)(206.6, 657.2)(167.2, 657.2);SD
Port:(153.1, 500.9)(204.7, 500.9)(204.7, 500.9)(220.7, 500.9)(220.7, 651.3)(153.1, 651.3);GATE
Port:(159.8, 506.6)(198.0, 506.6)(198.0, 512.6)(159.8, 512.6);SD
Module:M1
Boundary:(156.3, 368.1)(222.0, 368.1)(222.0, 460.9)(156.3, 460.9);GATE
Port:(169.4, 455.0)(208.9, 455.0)(208.9, 460.9)(169.4, 460.9);SD
Port:(156.3, 368.1)(222.0, 368.1)(222.0, 453.2)(156.3, 453.2);GATE
Port:(161.4, 372.2)(216.9, 372.2)(216.9, 378.0)(161.4, 378.0);SD
Module:M38
Boundary:(210.4, 715.5)(210.4, 807.5)(148.0, 807.5)(148.0, 824.4)(30.0, 824.4)(30.0, 715.5);GATE
Port:(30.0, 730.3)(34.8, 730.3)(34.8, 809.6)(30.0, 809.6);SD
Port:(210.4, 715.5)(210.4, 807.5)(148.0, 807.5)(148.0, 824.4)(36.9, 824.4)(36.9, 715.5);GATE
Port:(198.7, 721.4)(205.5, 721.4)(205.5, 800.6)(198.7, 800.6);SD
Module:M40
Boundary:(273.3, 286.5)(344.2, 286.5)(344.2, 336.6)(360.5, 336.6)(360.5, 411.5)(273.3, 411.5);GATE
Port:(287.0, 405.6)(346.8, 405.6)(346.8, 411.5)(287.0, 411.5);SD
Port:(273.3, 286.5)(344.2, 286.5)(344.2, 336.6)(360.5, 336.6)(360.5, 403.3)(273.3, 403.3);GATE
Port:(279.7, 291.9)(336.8, 291.9)(336.8, 297.1)(279.7, 297.1);SD
Module:M35
Boundary:(573.5, 30.0)(573.5, 117.1)(573.2, 117.1)(573.2, 134.3)(447.5, 134.3)(447.5, 30.0);GATE
Port:(447.5, 43.9)(453.4, 43.9)(453.4, 120.4)(447.5, 120.4);SD
Port:(573.5, 30.0)(573.5, 117.1)(573.2, 117.1)(573.2, 134.3)(454.5, 134.3)(454.5, 30.0);GATE
Port:(562.1, 35.2)(569.3, 35.2)(569.3, 111.9)(562.1, 111.9);SD
Module:M32
Boundary:(1137.2, 301.9)(1137.2, 354.8)(1040.2, 354.8)(1040.2, 371.3)(920.0, 371.3)(920.0, 301.9);GATE
Port:(920.0, 315.3)(924.2, 315.3)(924.2, 357.9)(920.0, 357.9);SD
Port:(1137.2, 301.9)(1137.2, 354.8)(1040.2, 354.8)(1040.2, 371.3)(925.5, 371.3)(925.5, 301.9);GATE
Port:(1127.0, 307.8)(1132.3, 307.8)(1132.3, 347.9)(1127.0, 347.9);SD
Module:M27
Boundary:(392.6, 550.8)(392.6, 613.7)(392.5, 613.7)(392.5, 629.6)(263.3, 629.6)(263.3, 550.8);GATE
Port:(263.3, 562.7)(268.9, 562.7)(268.9, 617.7)(263.3, 617.7);SD
Port:(392.6, 550.8)(392.6, 613.7)(392.5, 613.7)(392.5, 629.6)(271.1, 629.6)(271.1, 550.8);GATE
Port:(383.3, 556.4)(388.0, 556.4)(388.0, 608.1)(383.3, 608.1);SD
Module:M24
Boundary:(156.3, 186.7)(207.7, 186.7)(207.7, 221.8)(222.4, 221.8)(222.4, 328.1)(156.3, 328.1);GATE
Port:(170.5, 324.1)(208.2, 324.1)(208.2, 328.1)(170.5, 328.1);SD
Port:(156.3, 186.7)(207.7, 186.7)(207.7, 221.8)(222.4, 221.8)(222.4, 322.3)(156.3, 322.3);GATE
Port:(163.2, 192.6)(199.8, 192.6)(199.8, 198.7)(163.2, 198.7);SD
Module:M19
Boundary:(1062.7, 553.9)(1123.0, 553.9)(1123.0, 553.9)(1137.2, 553.9)(1137.2, 748.7)(1062.7, 748.7);GATE
Port:(1075.2, 744.5)(1124.7, 744.5)(1124.7, 748.7)(1075.2, 748.7);SD
Port:(1062.7, 553.9)(1123.0, 553.9)(1123.0, 553.9)(1137.2, 553.9)(1137.2, 741.6)(1062.7, 741.6);GATE
Port:(1068.1, 558.3)(1117.6, 558.3)(1117.6, 564.3)(1068.1, 564.3);SD
Module:M6
Boundary:(223.3, 20.0)(223.3, 129.5)(180.2, 129.5)(180.2, 146.7)(125.8, 146.7)(125.8, 20.0);GATE
Port:(125.8, 34.7)(131.4, 34.7)(131.4, 132.0)(125.8, 132.0);SD
Port:(223.3, 20.0)(223.3, 129.5)(180.2, 129.5)(180.2, 146.7)(132.6, 146.7)(132.6, 20.0);GATE
Port:(212.1, 25.9)(218.4, 25.9)(218.4, 122.6)(212.1, 122.6);SD
Module:M21
Boundary:(1136.0, 788.7)(1136.0, 837.3)(1028.4, 837.3)(1028.4, 788.7);GATE
Port:(1028.4, 801.7)(1033.8, 801.7)(1033.8, 824.3)(1028.4, 824.3);SD
Port:(1136.0, 788.7)(1136.0, 837.3)(1036.0, 837.3)(1036.0, 788.7);GATE
Port:(1125.5, 794.3)(1131.4, 794.3)(1131.4, 831.7)(1125.5, 831.7);SD
Module:M2
Boundary:(30.0, 224.8)(89.0, 224.8)(89.0, 312.1)(106.3, 312.1)(106.3, 397.1)(30.0, 397.1);GATE
Port:(46.2, 392.9)(90.1, 392.9)(90.1, 397.1)(46.2, 397.1);SD
Port:(30.0, 224.8)(89.0, 224.8)(89.0, 312.1)(106.3, 312.1)(106.3, 390.4)(30.0, 390.4);GATE
Port:(36.9, 230.7)(81.1, 230.7)(81.1, 237.7)(36.9, 237.7);SD
Module:M16
Boundary:(920.0, 192.2)(1006.2, 192.2)(1006.2, 220.3)(1018.6, 220.3)(1018.6, 261.9)(920.0, 261.9);GATE
Port:(932.1, 257.6)(1006.5, 257.6)(1006.5, 261.9)(932.1, 261.9);SD
Port:(920.0, 192.2)(1006.2, 192.2)(1006.2, 220.3)(1018.6, 220.3)(1018.6, 255.6)(920.0, 255.6);GATE
Port:(926.5, 197.7)(998.7, 197.7)(998.7, 202.8)(926.5, 202.8);SD
Module:M13
Boundary:(988.4, 725.3)(988.4, 814.4)(988.3, 814.4)(988.3, 829.1)(881.8, 829.1)(881.8, 725.3);GATE
Port:(881.8, 737.4)(887.7, 737.4)(887.7, 817.0)(881.8, 817.0);SD
Port:(988.4, 725.3)(988.4, 814.4)(988.3, 814.4)(988.3, 829.1)(890.0, 829.1)(890.0, 725.3);GATE
Port:(978.7, 730.3)(984.4, 730.3)(984.4, 809.4)(978.7, 809.4);SD
Module:M10
Boundary:(372.9, 160.1)(372.9, 218.6)(330.6, 218.6)(330.6, 236.5)(263.3, 236.5)(263.3, 160.1);GATE
Port:(263.3, 175.8)(268.5, 175.8)(268.5, 220.8)(263.3, 220.8);SD
Port:(372.9, 160.1)(372.9, 218.6)(330.6, 218.6)(330.6, 236.5)(269.6, 236.5)(269.6, 160.1);GATE
Port:(360.7, 165.9)(368.1, 165.9)(368.1, 211.8)(360.7, 211.8);SD
Module:M37
Boundary:(617.6, 327.0)(705.0, 327.0)(705.0, 412.7)(617.6, 412.7);GATE
Port:(630.0, 408.7)(692.6, 408.7)(692.6, 412.7)(630.0, 412.7);SD
Port:(617.6, 327.0)(705.0, 327.0)(705.0, 407.0)(617.6, 407.0);GATE
Port:(622.9, 331.3)(699.7, 331.3)(699.7, 337.7)(622.9, 337.7);SD
Module:M34
Boundary:(20.0, 20.0)(70.2, 20.0)(70.2, 99.2)(85.8, 99.2)(85.8, 174.8)(20.0, 174.8);GATE
Port:(32.3, 169.7)(73.5, 169.7)(73.5, 174.8)(32.3, 174.8);SD
Port:(20.0, 20.0)(70.2, 20.0)(70.2, 99.2)(85.8, 99.2)(85.8, 167.9)(20.0, 167.9);GATE
Port:(25.2, 24.2)(64.0, 24.2)(64.0, 30.0)(25.2, 30.0);SD
Module:M29
Boundary:(1012.7, 563.9)(1012.7, 659.9)(1012.7, 659.9)(1012.7, 675.3)(903.1, 675.3)(903.1, 563.9);GATE
Port:(903.1, 577.2)(907.1, 577.2)(907.1, 662.0)(903.1, 662.0);SD
Port:(1012.7, 563.9)(1012.7, 659.9)(1012.7, 659.9)(1012.7, 675.3)(909.5, 675.3)(909.5, 563.9);GATE
Port:(1001.3, 569.8)(1007.8, 569.8)(1007.8, 654.0)(1001.3, 654.0);SD
Module:M7
Boundary:(437.8, 452.5)(486.7, 452.5)(486.7, 452.7)(501.4, 452.7)(501.4, 591.8)(437.8, 591.8);GATE
Port:(451.4, 587.5)(487.8, 587.5)(487.8, 591.8)(451.4, 591.8);SD
Port:(437.8, 452.5)(486.7, 452.5)(486.7, 452.7)(501.4, 452.7)(501.4, 586.2)(437.8, 586.2);GATE
Port:(444.4, 458.1)(480.1, 458.1)(480.1, 463.8)(444.4, 463.8);SD
Module:M31
Boundary:(853.1, 544.9)(853.1, 672.5)(759.7, 672.5)(759.7, 544.9);GATE
Port:(759.7, 559.5)(764.5, 559.5)(764.5, 657.9)(759.7, 657.9);SD
Port:(853.1, 544.9)(853.1, 672.5)(766.4, 672.5)(766.4, 544.9);GATE
Port:(841.9, 551.0)(848.0, 551.0)(848.0, 666.4)(841.9, 666.4);SD
Module:M3
Boundary:(759.7, 712.5)(841.8, 712.5)(841.8, 835.9)(759.7, 835.9);GATE
Port:(771.2, 831.5)(830.3, 831.5)(830.3, 835.9)(771.2, 835.9);SD
Port:(759.7, 712.5)(841.8, 712.5)(841.8, 828.6)(759.7, 828.6);GATE
Port:(765.1, 716.9)(836.4, 716.9)(836.4, 722.5)(765.1, 722.5);SD
Module:M26
Boundary:(598.6, 617.5)(694.8, 617.5)(694.8, 672.1)(709.7, 672.1)(709.7, 822.0)(598.6, 822.0);GATE
Port:(610.8, 817.6)(697.5, 817.6)(697.5, 822.0)(610.8, 822.0);SD
Port:(598.6, 617.5)(694.8, 617.5)(694.8, 672.1)(709.7, 672.1)(709.7, 815.2)(598.6, 815.2);GATE
Port:(603.9, 621.8)(688.5, 621.8)(688.5, 627.7)(603.9, 627.7);SD
Module:M23
Boundary:(397.8, 461.5)(397.8, 495.6)(397.7, 495.6)(397.7, 510.8)(263.3, 510.8)(263.3, 461.5);GATE
Port:(263.3, 475.0)(268.7, 475.0)(268.7, 497.3)(263.3, 497.3);SD
Port:(397.8, 461.5)(397.8, 495.6)(397.7, 495.6)(397.7, 510.8)(270.5, 510.8)(270.5, 461.5);GATE
Port:(386.3, 467.9)(392.4, 467.9)(392.4, 489.2)(386.3, 489.2);SD
Module:M18
Boundary:(914.4, 20.0)(914.4, 134.4)(848.3, 134.4)(848.3, 152.2)(757.0, 152.2)(757.0, 20.0);GATE
Port:(757.0, 35.4)(761.6, 35.4)(761.6, 136.8)(757.0, 136.8);SD
Port:(914.4, 20.0)(914.4, 134.4)(848.3, 134.4)(848.3, 152.2)(763.0, 152.2)(763.0, 20.0);GATE
Port:(902.2, 26.3)(909.1, 26.3)(909.1, 127.1)(902.2, 127.1);SD
Module:M20
Boundary:(757.2, 429.1)(860.7, 429.1)(860.7, 429.4)(877.4, 429.4)(877.4, 504.9)(757.2, 504.9);GATE
Port:(771.6, 500.7)(863.0, 500.7)(863.0, 504.9)(771.6, 504.9);SD
Port:(757.2, 429.1)(860.7, 429.1)(860.7, 429.4)(877.4, 429.4)(877.4, 499.0)(757.2, 499.0);GATE
Port:(763.9, 434.8)(854.0, 434.8)(854.0, 441.2)(763.9, 441.2);SD
Module:M15
Boundary:(1135.3, 20.0)(1135.3, 85.7)(954.4, 85.7)(954.4, 20.0);GATE
Port:(954.4, 33.4)(959.2, 33.4)(959.2, 72.3)(954.4, 72.3);SD
Port:(1135.3, 20.0)(1135.3, 85.7)(961.8, 85.7)(961.8, 20.0);GATE
Port:(1124.8, 25.5)(1130.8, 25.5)(1130.8, 80.2)(1124.8, 80.2);SD
Module:M12
Boundary:(717.0, 20.0)(717.0, 127.7)(716.9, 127.7)(716.9, 145.7)(623.5, 145.7)(623.5, 20.0);GATE
Port:(623.5, 33.9)(628.6, 33.9)(628.6, 131.8)(623.5, 131.8);SD
Port:(717.0, 20.0)(717.0, 127.7)(716.9, 127.7)(716.9, 145.7)(630.7, 145.7)(630.7, 20.0);GATE
Port:(706.1, 25.2)(712.8, 25.2)(712.8, 122.5)(706.1, 122.5);SD
Module:M39
Boundary:(260.7, 669.6)(366.6, 669.6)(366.6, 669.7)(383.9, 669.7)(383.9, 837.0)(260.7, 837.0);GATE
Port:(275.5, 831.4)(369.1, 831.4)(369.1, 837.0)(275.5, 837.0);SD
Port:(260.7, 669.6)(366.6, 669.6)(366.6, 669.7)(383.9, 669.7)(383.9, 829.4)(260.7, 829.4);GATE
Port:(267.2, 675.1)(360.1, 675.1)(360.1, 681.2)(267.2, 681.2);SD
Module:M8
Boundary:(717.2, 452.7)(717.2, 552.8)(686.6, 552.8)(686.6, 567.5)(541.4, 567.5)(541.4, 452.7);GATE
Port:(541.4, 467.3)(545.4, 467.3)(545.4, 552.9)(541.4, 552.9);SD
Port:(717.2, 452.7)(717.2, 552.8)(686.6, 552.8)(686.6, 567.5)(547.4, 567.5)(547.4, 452.7);GATE
Port:(704.9, 459.6)(711.3, 459.6)(711.3, 544.9)(704.9, 544.9);SD
Module:M4
Boundary:(397.5, 20.0)(397.5, 104.6)(386.9, 104.6)(386.9, 120.1)(263.3, 120.1)(263.3, 20.0);GATE
Port:(263.3, 33.2)(268.9, 33.2)(268.9, 106.9)(263.3, 106.9);SD
Port:(397.5, 20.0)(397.5, 104.6)(386.9, 104.6)(386.9, 120.1)(270.0, 120.1)(270.0, 20.0);GATE
Port:(387.2, 26.2)(392.3, 26.2)(392.3, 97.4)(387.2, 97.4);SD
Module:M36
Boundary:(113.1, 578.2)(113.1, 652.6)(78.7, 652.6)(78.7, 665.5)(20.0, 665.5)(20.0, 578.2);GATE
Port:(20.0, 590.4)(24.5, 590.4)(24.5, 653.3)(20.0, 653.3);SD
Port:(113.1, 578.2)(113.1, 652.6)(78.7, 652.6)(78.7, 665.5)(26.4, 665.5)(26.4, 578.2);GATE
Port:(102.6, 584.8)(107.5, 584.8)(107.5, 645.0)(102.6, 645.0);SD
Module:M33
Boundary:(548.6, 631.8)(548.6, 687.5)(437.8, 687.5)(437.8, 631.8);GATE
Port:(437.8, 647.3)(442.8, 647.3)(442.8, 672.0)(437.8, 672.0);SD
Port:(548.6, 631.8)(548.6, 687.5)(444.8, 687.5)(444.8, 631.8);GATE
Port:(535.8, 638.1)(543.3, 638.1)(543.3, 681.2)(535.8, 681.2);SD
Module:M28
Boundary:(20.0, 447.1)(88.3, 447.1)(88.3, 485.9)(103.1, 485.9)(103.1, 538.2)(20.0, 538.2);GATE
Port:(34.5, 534.0)(88.6, 534.0)(88.6, 538.2)(34.5, 538.2);SD
Port:(20.0, 447.1)(88.3, 447.1)(88.3, 485.9)(103.1, 485.9)(103.1, 532.0)(20.0, 532.0);GATE
Port:(25.8, 451.9)(81.5, 451.9)(81.5, 459.5)(25.8, 459.5);SD
Module:M30
Boundary:(1128.3, 421.3)(1128.3, 487.8)(1057.0, 487.8)(1057.0, 503.9)(927.4, 503.9)(927.4, 421.3);GATE
Port:(927.4, 433.0)(932.0, 433.0)(932.0, 492.2)(927.4, 492.2);SD
Port:(1128.3, 421.3)(1128.3, 487.8)(1057.0, 487.8)(1057.0, 503.9)(934.3, 503.9)(934.3, 421.3);GATE
Port:(1119.6, 426.5)(1124.1, 426.5)(1124.1, 481.6)(1119.6, 481.6);SD
Module:M25
Boundary:(877.2, 315.7)(877.2, 375.4)(877.0, 375.4)(877.0, 389.1)(745.0, 389.1)(745.0, 315.7);GATE
Port:(745.0, 328.7)(749.9, 328.7)(749.9, 376.1)(745.0, 376.1);SD
Port:(877.2, 315.7)(877.2, 375.4)(877.0, 375.4)(877.0, 389.1)(751.8, 389.1)(751.8, 315.7);GATE
Port:(866.1, 321.3)(872.6, 321.3)(872.6, 369.8)(866.1, 369.8);SD
Module:M22
Boundary:(613.0, 195.7)(613.0, 262.5)(513.8, 262.5)(513.8, 277.0)(422.9, 277.0)(422.9, 195.7);GATE
Port:(422.9, 209.7)(428.1, 209.7)(428.1, 263.0)(422.9, 263.0);SD
Port:(613.0, 195.7)(613.0, 262.5)(513.8, 262.5)(513.8, 277.0)(429.5, 277.0)(429.5, 195.7);GATE
Port:(601.5, 202.6)(607.1, 202.6)(607.1, 254.6)(601.5, 254.6);SD
Module:M17
Boundary:(577.6, 327.0)(577.6, 399.0)(577.5, 399.0)(577.5, 412.5)(412.9, 412.5)(412.9, 327.0);GATE
Port:(412.9, 339.7)(418.4, 339.7)(418.4, 399.8)(412.9, 399.8);SD
Port:(577.6, 327.0)(577.6, 399.0)(577.5, 399.0)(577.5, 412.5)(420.5, 412.5)(420.5, 327.0);GATE
Port:(566.5, 333.6)(572.0, 333.6)(572.0, 392.4)(566.5, 392.4);SD
