Area:(18.2, -0.5)(628.2, -0.5)(628.2, 544.0)(18.2, 544.0)
Rule:GATE(5,5);SD(5,5);GATE_SD(0.5);GATE_ITO(0.5);SD_ITO(0.5)
Module:M4
Boundary:(453.3, 161.1)(453.3, 85.1)(461.3, 85.1)(461.3, 70.1)(572.3, 70.1)(572.3, 161.1);GATE
Port:(562.3, 84.6)(572.3, 84.6)(572.3, 146.6)(562.3, 146.6);SD
Port:(453.3, 161.1)(453.3, 85.1)(461.3, 85.1)(461.3, 70.1)(557.3, 70.1)(557.3, 161.1);GATE
Port:(458.3, 100.1)(462.3, 100.1)(462.3, 151.1)(458.3, 151.1);SD
Module:M3
Boundary:(453.2, 39.5)(359.7, 39.5)(359.7, 87.3)(272.2, 87.3)(272.2, 181.5)(453.2, 181.5);GATE
Port:(286.7, 171.5)(438.7, 171.5)(438.7, 181.5)(286.7, 181.5);SD
Port:(453.2, 39.5)(359.7, 39.5)(359.7, 87.3)(272.2, 87.3)(272.2, 166.5)(453.2, 166.5);GATE
Port:(374.2, 44.5)(443.2, 44.5)(443.2, 48.5)(374.2, 48.5);SD
Module:M9
Boundary:(258.8, 53.7)(258.8, 183.2)(244.8, 183.2)(244.8, 198.7)(184.8, 198.7)(184.8, 53.7);GATE
Port:(184.8, 68.2)(194.8, 68.2)(194.8, 184.2)(184.8, 184.2);SD
Port:(258.8, 53.7)(258.8, 183.2)(244.8, 183.2)(244.8, 198.7)(199.8, 198.7)(199.8, 53.7);GATE
Port:(249.8, 63.7)(253.8, 63.7)(253.8, 168.7)(249.8, 168.7);SD
Module:M8
Boundary:(144.3, 70.7)(144.3, 218.2)(106.3, 218.2)(106.3, 251.7)(59.3, 251.7)(59.3, 70.7);GATE
Port:(59.3, 85.2)(69.3, 85.2)(69.3, 237.2)(59.3, 237.2);SD
Port:(144.3, 70.7)(144.3, 218.2)(106.3, 218.2)(106.3, 251.7)(74.3, 251.7)(74.3, 70.7);GATE
Port:(135.3, 80.7)(139.3, 80.7)(139.3, 203.7)(135.3, 203.7);SD
Module:M7
Boundary:(470.2, 172.8)(470.2, 248.8)(478.2, 248.8)(478.2, 263.8)(588.2, 263.8)(588.2, 172.8);GATE
Port:(578.2, 187.3)(588.2, 187.3)(588.2, 249.3)(578.2, 249.3);SD
Port:(470.2, 172.8)(470.2, 248.8)(478.2, 248.8)(478.2, 263.8)(573.2, 263.8)(573.2, 172.8);GATE
Port:(475.2, 182.8)(479.2, 182.8)(479.2, 233.8)(475.2, 233.8);SD
Module:M10
Boundary:(58.2, 270.1)(151.7, 270.1)(151.7, 280.1)(167.2, 280.1)(167.2, 342.1)(58.2, 342.1);GATE
Port:(72.7, 332.1)(152.7, 332.1)(152.7, 342.1)(72.7, 342.1);SD
Port:(58.2, 270.1)(151.7, 270.1)(151.7, 280.1)(167.2, 280.1)(167.2, 327.1)(58.2, 327.1);GATE
Port:(68.2, 275.1)(137.2, 275.1)(137.2, 279.1)(68.2, 279.1);SD
Module:M6
Boundary:(194.5, 370.0)(306.0, 370.0)(306.0, 299.6)(411.5, 299.6)(411.5, 205.0)(194.5, 205.0);GATE
Port:(209.0, 205.0)(397.0, 205.0)(397.0, 215.0)(209.0, 215.0);SD
Port:(194.5, 370.0)(306.0, 370.0)(306.0, 299.6)(411.5, 299.6)(411.5, 220.0)(194.5, 220.0);GATE
Port:(204.5, 361.0)(291.5, 361.0)(291.5, 365.0)(204.5, 365.0);SD
Module:M5
Boundary:(215.6, 482.0)(86.1, 482.0)(86.1, 468.0)(70.6, 468.0)(70.6, 395.0)(215.6, 395.0);GATE
Port:(85.1, 395.0)(201.1, 395.0)(201.1, 405.0)(85.1, 405.0);SD
Port:(215.6, 482.0)(86.1, 482.0)(86.1, 468.0)(70.6, 468.0)(70.6, 410.0)(215.6, 410.0);GATE
Port:(100.6, 473.0)(205.6, 473.0)(205.6, 477.0)(100.6, 477.0);SD
Module:M2
Boundary:(553.8, 264.2)(553.8, 375.7)(487.8, 375.7)(487.8, 499.2)(412.8, 499.2)(412.8, 264.2);GATE
Port:(412.8, 278.7)(422.8, 278.7)(422.8, 484.7)(412.8, 484.7);SD
Port:(553.8, 264.2)(553.8, 375.7)(487.8, 375.7)(487.8, 499.2)(427.8, 499.2)(427.8, 264.2);GATE
Port:(544.8, 274.2)(548.8, 274.2)(548.8, 361.2)(544.8, 361.2);SD
Module:M1
Boundary:(225.0, 388.0)(318.5, 388.0)(318.5, 442.2)(406.0, 442.2)(406.0, 504.0)(225.0, 504.0);GATE
Port:(239.5, 494.0)(391.5, 494.0)(391.5, 504.0)(239.5, 504.0);SD
Port:(225.0, 388.0)(318.5, 388.0)(318.5, 442.2)(406.0, 442.2)(406.0, 489.0)(225.0, 489.0);GATE
Port:(235.0, 393.0)(304.0, 393.0)(304.0, 397.0)(235.0, 397.0);SD
