Area:(-20.0, -20.0)(624.4, -20.0)(624.4, 770.4)(-20.0, 770.4)
Rule:GATE(5,5);SD(5,5);GATE_SD(0.5);GATE_ITO(0.5);SD_ITO(0.5)
Module:M14
Boundary:(272.3, 526.9)(272.3, 582.5)(237.3, 582.5)(237.3, 599.1)(161.3, 599.1)(161.3, 526.9);GATE
Port:(161.3, 541.4)(166.4, 541.4)(166.4, 584.6)(161.3, 584.6);SD
Port:(272.3, 526.9)(272.3, 582.5)(237.3, 582.5)(237.3, 599.1)(168.2, 599.1)(168.2, 526.9);GATE
Port:(260.6, 532.8)(267.4, 532.8)(267.4, 575.6)(260.6, 575.6);SD
Module:M9
Boundary:(316.3, 415.4)(316.3, 468.6)(316.0, 468.6)(316.0, 486.9)(161.3, 486.9)(161.3, 415.4);GATE
Port:(161.3, 428.9)(166.1, 428.9)(166.1, 473.4)(161.3, 473.4);SD
Port:(316.3, 415.4)(316.3, 468.6)(316.0, 468.6)(316.0, 486.9)(167.7, 486.9)(167.7, 415.4);GATE
Port:(306.1, 421.1)(311.6, 421.1)(311.6, 462.9)(306.1, 462.9);SD
Module:M5
Boundary:(109.5, 628.3)(109.5, 687.3)(109.2, 687.3)(109.2, 702.0)(20.0, 702.0)(20.0, 628.3);GATE
Port:(20.0, 639.2)(24.6, 639.2)(24.6, 691.1)(20.0, 691.1);SD
Port:(109.5, 628.3)(109.5, 687.3)(109.2, 687.3)(109.2, 702.0)(27.5, 702.0)(27.5, 628.3);GATE
Port:(100.3, 633.7)(105.1, 633.7)(105.1, 681.9)(100.3, 681.9);SD
Module:M11
Boundary:(311.8, 316.0)(311.8, 375.4)(141.2, 375.4)(141.2, 316.0);GATE
Port:(141.2, 328.8)(146.7, 328.8)(146.7, 362.6)(141.2, 362.6);SD
Port:(311.8, 316.0)(311.8, 375.4)(147.9, 375.4)(147.9, 316.0);GATE
Port:(300.5, 321.2)(307.6, 321.2)(307.6, 370.2)(300.5, 370.2);SD
Module:M1
Boundary:(208.8, 162.3)(208.8, 276.0)(20.0, 276.0)(20.0, 162.3);GATE
Port:(20.0, 174.7)(25.1, 174.7)(25.1, 263.6)(20.0, 263.6);SD
Port:(208.8, 162.3)(208.8, 276.0)(26.9, 276.0)(26.9, 162.3);GATE
Port:(198.7, 168.1)(204.0, 168.1)(204.0, 270.2)(198.7, 270.2);SD
Module:M19
Boundary:(497.4, 314.6)(584.4, 314.6)(584.4, 516.6)(497.4, 516.6);GATE
Port:(512.8, 512.4)(569.0, 512.4)(569.0, 516.6)(512.8, 516.6);SD
Port:(497.4, 314.6)(584.4, 314.6)(584.4, 510.6)(497.4, 510.6);GATE
Port:(504.4, 320.6)(577.4, 320.6)(577.4, 327.6)(504.4, 327.6);SD
Module:M6
Boundary:(478.4, 556.6)(566.0, 556.6)(566.0, 615.8)(578.9, 615.8)(578.9, 729.9)(478.4, 729.9);GATE
Port:(490.2, 724.1)(567.1, 724.1)(567.1, 729.9)(490.2, 729.9);SD
Port:(478.4, 556.6)(566.0, 556.6)(566.0, 615.8)(578.9, 615.8)(578.9, 721.8)(478.4, 721.8);GATE
Port:(484.5, 561.7)(558.9, 561.7)(558.9, 566.7)(484.5, 566.7);SD
Module:M2
Boundary:(248.8, 125.7)(301.4, 125.7)(301.4, 174.9)(316.0, 174.9)(316.0, 274.1)(248.8, 274.1);GATE
Port:(263.6, 269.9)(301.2, 269.9)(301.2, 274.1)(263.6, 274.1);SD
Port:(248.8, 125.7)(301.4, 125.7)(301.4, 174.9)(316.0, 174.9)(316.0, 268.8)(248.8, 268.8);GATE
Port:(254.7, 130.6)(294.5, 130.6)(294.5, 138.3)(254.7, 138.3);SD
Module:M16
Boundary:(569.2, 20.0)(569.2, 92.3)(515.4, 92.3)(515.4, 105.0)(367.3, 105.0)(367.3, 20.0);GATE
Port:(367.3, 31.6)(371.7, 31.6)(371.7, 93.4)(367.3, 93.4);SD
Port:(569.2, 20.0)(569.2, 92.3)(515.4, 92.3)(515.4, 105.0)(374.1, 105.0)(374.1, 20.0);GATE
Port:(559.2, 26.3)(563.9, 26.3)(563.9, 85.0)(559.2, 85.0);SD
Module:M13
Boundary:(475.6, 145.0)(576.2, 145.0)(576.2, 274.6)(475.6, 274.6);GATE
Port:(489.1, 268.9)(562.7, 268.9)(562.7, 274.6)(489.1, 274.6);SD
Port:(475.6, 145.0)(576.2, 145.0)(576.2, 266.9)(475.6, 266.9);GATE
Port:(480.6, 149.0)(571.2, 149.0)(571.2, 156.3)(480.6, 156.3);SD
Module:M10
Boundary:(95.7, 316.0)(95.7, 365.6)(70.1, 365.6)(70.1, 380.2)(20.0, 380.2)(20.0, 316.0);GATE
Port:(20.0, 328.5)(24.3, 328.5)(24.3, 367.7)(20.0, 367.7);SD
Port:(95.7, 316.0)(95.7, 365.6)(70.1, 365.6)(70.1, 380.2)(26.4, 380.2)(26.4, 316.0);GATE
Port:(84.8, 322.0)(90.7, 322.0)(90.7, 358.6)(84.8, 358.6);SD
Module:M7
Boundary:(166.4, 20.0)(166.4, 122.3)(20.0, 122.3)(20.0, 20.0);GATE
Port:(20.0, 33.0)(24.9, 33.0)(24.9, 109.3)(20.0, 109.3);SD
Port:(166.4, 20.0)(166.4, 122.3)(26.3, 122.3)(26.3, 20.0);GATE
Port:(155.8, 25.8)(161.6, 25.8)(161.6, 116.5)(155.8, 116.5);SD
Module:M3
Boundary:(101.2, 420.2)(101.2, 465.1)(101.2, 465.1)(101.2, 479.7)(20.0, 479.7)(20.0, 420.2);GATE
Port:(20.0, 431.8)(25.3, 431.8)(25.3, 468.1)(20.0, 468.1);SD
Port:(101.2, 420.2)(101.2, 465.1)(101.2, 465.1)(101.2, 479.7)(27.4, 479.7)(27.4, 420.2);GATE
Port:(91.3, 425.7)(96.7, 425.7)(96.7, 459.6)(91.3, 459.6);SD
Module:M18
Boundary:(20.0, 519.7)(108.3, 519.7)(108.3, 528.4)(121.3, 528.4)(121.3, 588.3)(20.0, 588.3);GATE
Port:(32.6, 583.5)(108.7, 583.5)(108.7, 588.3)(32.6, 588.3);SD
Port:(20.0, 519.7)(108.3, 519.7)(108.3, 528.4)(121.3, 528.4)(121.3, 582.0)(20.0, 582.0);GATE
Port:(26.3, 525.0)(101.0, 525.0)(101.0, 530.3)(26.3, 530.3);SD
Module:M20
Boundary:(356.3, 338.5)(441.6, 338.5)(441.6, 418.5)(457.4, 418.5)(457.4, 495.5)(356.3, 495.5);GATE
Port:(369.8, 490.8)(443.9, 490.8)(443.9, 495.5)(369.8, 495.5);SD
Port:(356.3, 338.5)(441.6, 338.5)(441.6, 418.5)(457.4, 418.5)(457.4, 489.7)(356.3, 489.7);GATE
Port:(363.1, 344.3)(433.8, 344.3)(433.8, 348.8)(363.1, 348.8);SD
Module:M15
Boundary:(356.0, 145.0)(420.3, 145.0)(420.3, 145.4)(435.6, 145.4)(435.6, 298.5)(356.0, 298.5);GATE
Port:(369.2, 294.2)(422.4, 294.2)(422.4, 298.5)(369.2, 298.5);SD
Port:(356.0, 145.0)(420.3, 145.0)(420.3, 145.4)(435.6, 145.4)(435.6, 291.4)(356.0, 291.4);GATE
Port:(362.0, 150.0)(414.3, 150.0)(414.3, 155.8)(362.0, 155.8);SD
Module:M12
Boundary:(428.7, 669.3)(428.7, 717.3)(364.0, 717.3)(364.0, 730.4)(312.3, 730.4)(312.3, 669.3);GATE
Port:(312.3, 682.5)(316.5, 682.5)(316.5, 717.2)(312.3, 717.2);SD
Port:(428.7, 669.3)(428.7, 717.3)(364.0, 717.3)(364.0, 730.4)(318.4, 730.4)(318.4, 669.3);GATE
Port:(417.0, 675.1)(423.9, 675.1)(423.9, 710.5)(417.0, 710.5);SD
Module:M8
Boundary:(149.5, 639.1)(249.3, 639.1)(249.3, 685.2)(266.8, 685.2)(266.8, 729.3)(149.5, 729.3);GATE
Port:(165.2, 724.4)(251.1, 724.4)(251.1, 729.3)(165.2, 729.3);SD
Port:(149.5, 639.1)(249.3, 639.1)(249.3, 685.2)(266.8, 685.2)(266.8, 722.8)(149.5, 722.8);GATE
Port:(156.5, 645.1)(240.3, 645.1)(240.3, 651.5)(156.5, 651.5);SD
Module:M4
Boundary:(327.3, 20.0)(327.3, 70.3)(278.9, 70.3)(278.9, 85.7)(206.4, 85.7)(206.4, 20.0);GATE
Port:(206.4, 32.7)(211.6, 32.7)(211.6, 73.0)(206.4, 73.0);SD
Port:(327.3, 20.0)(327.3, 70.3)(278.9, 70.3)(278.9, 85.7)(214.3, 85.7)(214.3, 20.0);GATE
Port:(317.2, 25.9)(322.4, 25.9)(322.4, 63.4)(317.2, 63.4);SD
Module:M17
Boundary:(438.4, 535.5)(438.4, 614.2)(438.2, 614.2)(438.2, 629.3)(312.3, 629.3)(312.3, 535.5);GATE
Port:(312.3, 548.7)(317.8, 548.7)(317.8, 616.1)(312.3, 616.1);SD
Port:(438.4, 535.5)(438.4, 614.2)(438.2, 614.2)(438.2, 629.3)(320.2, 629.3)(320.2, 535.5);GATE
Port:(427.2, 540.8)(434.1, 540.8)(434.1, 608.9)(427.2, 608.9);SD
