Area:(-4.1, 1.3)(444.2, 1.3)(444.2, 615.2)(-4.1, 615.2)
Rule:GATE(5,5);SD(5,5);GATE_SD(0.5);GATE_ITO(0.5);SD_ITO(0.5)
Module:M9
Boundary:(208.8, 133.3)(208.8, 49.7)(81.0, 49.7)(81.0, 133.3);GATE
Port:(81.0, 63.1)(85.6, 63.1)(85.6, 119.9)(81.0, 119.9);SD
Port:(208.8, 133.3)(208.8, 49.7)(86.7, 49.7)(86.7, 133.3);GATE
Port:(197.8, 55.4)(204.1, 55.4)(204.1, 127.6)(197.8, 127.6);SD
Module:M2
Boundary:(382.7, 41.3)(382.7, 141.5)(338.6, 141.5)(338.6, 156.7)(213.3, 156.7)(213.3, 41.3);GATE
Port:(213.3, 54.8)(218.0, 54.8)(218.0, 143.2)(213.3, 143.2);SD
Port:(382.7, 41.3)(382.7, 141.5)(338.6, 141.5)(338.6, 156.7)(219.8, 156.7)(219.8, 41.3);GATE
Port:(371.4, 46.7)(378.3, 46.7)(378.3, 135.1)(371.4, 135.1);SD
Module:M4
Boundary:(297.1, 179.1)(297.1, 271.4)(355.2, 271.4)(355.2, 285.6)(404.2, 285.6)(404.2, 179.1);GATE
Port:(398.5, 191.1)(404.2, 191.1)(404.2, 273.6)(398.5, 273.6);SD
Port:(297.1, 179.1)(297.1, 271.4)(355.2, 271.4)(355.2, 285.6)(397.0, 285.6)(397.0, 179.1);GATE
Port:(301.6, 184.6)(306.7, 184.6)(306.7, 264.9)(301.6, 264.9);SD
Module:M8
Boundary:(172.7, 188.3)(260.2, 188.3)(260.2, 248.3)(276.0, 248.3)(276.0, 333.3)(172.7, 333.3);GATE
Port:(187.0, 328.6)(261.7, 328.6)(261.7, 333.3)(187.0, 333.3);SD
Port:(172.7, 188.3)(260.2, 188.3)(260.2, 248.3)(276.0, 248.3)(276.0, 325.7)(172.7, 325.7);GATE
Port:(179.1, 193.7)(252.8, 193.7)(252.8, 199.7)(179.1, 199.7);SD
Module:M3
Boundary:(132.1, 348.6)(35.9, 348.6)(35.9, 157.3)(132.1, 157.3);GATE
Port:(49.3, 157.3)(118.7, 157.3)(118.7, 162.2)(49.3, 162.2);SD
Port:(132.1, 348.6)(35.9, 348.6)(35.9, 163.2)(132.1, 163.2);GATE
Port:(42.4, 338.3)(125.6, 338.3)(125.6, 343.1)(42.4, 343.1);SD
Module:M10
Boundary:(375.1, 294.4)(303.8, 294.4)(303.8, 306.2)(287.6, 306.2)(287.6, 380.1)(375.1, 380.1);GATE
Port:(301.9, 374.9)(360.8, 374.9)(360.8, 380.1)(301.9, 380.1);SD
Port:(375.1, 294.4)(303.8, 294.4)(303.8, 306.2)(287.6, 306.2)(287.6, 373.4)(375.1, 373.4);GATE
Port:(310.1, 298.9)(369.6, 298.9)(369.6, 306.2)(310.1, 306.2);SD
Module:M6
Boundary:(190.8, 461.9)(190.8, 375.8)(152.2, 375.8)(152.2, 359.9)(72.8, 359.9)(72.8, 461.9);GATE
Port:(72.8, 373.2)(77.3, 373.2)(77.3, 448.6)(72.8, 448.6);SD
Port:(190.8, 461.9)(190.8, 375.8)(152.2, 375.8)(152.2, 359.9)(78.5, 359.9)(78.5, 461.9);GATE
Port:(180.2, 382.0)(186.6, 382.0)(186.6, 456.7)(180.2, 456.7);SD
Module:M1
Boundary:(186.1, 345.5)(238.7, 345.5)(238.7, 345.6)(255.9, 345.6)(255.9, 539.4)(186.1, 539.4);GATE
Port:(199.8, 535.1)(242.2, 535.1)(242.2, 539.4)(199.8, 539.4);SD
Port:(186.1, 345.5)(238.7, 345.5)(238.7, 345.6)(255.9, 345.6)(255.9, 533.4)(186.1, 533.4);GATE
Port:(192.8, 351.2)(232.0, 351.2)(232.0, 356.5)(192.8, 356.5);SD
Module:M5
Boundary:(361.5, 431.5)(263.3, 431.5)(263.3, 575.2)(361.5, 575.2);GATE
Port:(278.3, 570.4)(346.5, 570.4)(346.5, 575.2)(278.3, 575.2);SD
Port:(361.5, 431.5)(263.3, 431.5)(263.3, 567.7)(361.5, 567.7);GATE
Port:(270.1, 437.3)(354.7, 437.3)(354.7, 444.0)(270.1, 444.0);SD
Module:M7
Boundary:(163.9, 574.6)(53.0, 574.6)(53.0, 462.3)(163.9, 462.3);GATE
Port:(69.3, 462.3)(147.6, 462.3)(147.6, 467.9)(69.3, 467.9);SD
Port:(163.9, 574.6)(53.0, 574.6)(53.0, 470.7)(163.9, 470.7);GATE
Port:(59.7, 561.4)(157.2, 561.4)(157.2, 568.9)(59.7, 568.9);SD
