Area:(-18.8, -1.6)(415.1, -1.6)(415.1, 633.3)(-18.8, 633.3)
Rule:GATE(5,5);SD(5,5);GATE_SD(0.5);GATE_ITO(0.5);SD_ITO(0.5)
Module:M2
Boundary:(225.6, 38.4)(225.6, 85.1)(237.2, 85.1)(237.2, 98.3)(363.5, 98.3)(363.5, 38.4);GATE
Port:(358.5, 50.5)(363.5, 50.5)(363.5, 86.2)(358.5, 86.2);SD
Port:(225.6, 38.4)(225.6, 85.1)(237.2, 85.1)(237.2, 98.3)(357.1, 98.3)(357.1, 38.4);GATE
Port:(230.5, 44.3)(236.2, 44.3)(236.2, 78.2)(230.5, 78.2);SD
Module:M8
Boundary:(225.5, 53.7)(225.5, 167.8)(34.0, 167.8)(34.0, 53.7);GATE
Port:(34.0, 68.1)(39.1, 68.1)(39.1, 153.4)(34.0, 153.4);SD
Port:(225.5, 53.7)(225.5, 167.8)(41.6, 167.8)(41.6, 53.7);GATE
Port:(213.4, 60.2)(220.0, 60.2)(220.0, 161.3)(213.4, 161.3);SD
Module:M1
Boundary:(161.2, 281.5)(251.8, 281.5)(251.8, 281.4)(269.8, 281.4)(269.8, 202.1)(161.2, 202.1);GATE
Port:(176.1, 202.1)(254.9, 202.1)(254.9, 207.7)(176.1, 207.7);SD
Port:(161.2, 281.5)(251.8, 281.5)(251.8, 281.4)(269.8, 281.4)(269.8, 210.1)(161.2, 210.1);GATE
Port:(168.0, 269.7)(245.0, 269.7)(245.0, 275.7)(168.0, 275.7);SD
Module:M4
Boundary:(40.6, 193.9)(40.6, 260.1)(90.7, 260.1)(90.7, 274.9)(147.2, 274.9)(147.2, 193.9);GATE
Port:(142.7, 207.6)(147.2, 207.6)(147.2, 261.2)(142.7, 261.2);SD
Port:(40.6, 193.9)(40.6, 260.1)(90.7, 260.1)(90.7, 274.9)(141.5, 274.9)(141.5, 193.9);GATE
Port:(45.9, 200.2)(51.7, 200.2)(51.7, 252.8)(45.9, 252.8);SD
Module:M3
Boundary:(375.1, 356.3)(295.1, 356.3)(295.1, 356.1)(279.9, 356.1)(279.9, 159.9)(375.1, 159.9);GATE
Port:(294.1, 159.9)(360.9, 159.9)(360.9, 165.8)(294.1, 165.8);SD
Port:(375.1, 356.3)(295.1, 356.3)(295.1, 356.1)(279.9, 356.1)(279.9, 167.2)(375.1, 167.2);GATE
Port:(301.2, 344.4)(369.0, 344.4)(369.0, 351.2)(301.2, 351.2);SD
Module:M10
Boundary:(298.6, 470.6)(355.4, 470.6)(355.4, 435.5)(372.7, 435.5)(372.7, 357.4)(298.6, 357.4);GATE
Port:(313.8, 357.4)(357.5, 357.4)(357.5, 362.3)(313.8, 362.3);SD
Port:(298.6, 470.6)(355.4, 470.6)(355.4, 435.5)(372.7, 435.5)(372.7, 364.3)(298.6, 364.3);GATE
Port:(304.1, 458.6)(348.9, 458.6)(348.9, 466.1)(304.1, 466.1);SD
Module:M6
Boundary:(273.5, 305.0)(186.3, 305.0)(186.3, 321.2)(170.0, 321.2)(170.0, 493.0)(273.5, 493.0);GATE
Port:(183.6, 487.8)(259.9, 487.8)(259.9, 493.0)(183.6, 493.0);SD
Port:(273.5, 305.0)(186.3, 305.0)(186.3, 321.2)(170.0, 321.2)(170.0, 486.2)(273.5, 486.2);GATE
Port:(193.1, 309.8)(267.7, 309.8)(267.7, 315.9)(193.1, 315.9);SD
Module:M9
Boundary:(151.8, 280.9)(36.1, 280.9)(36.1, 498.1)(151.8, 498.1);GATE
Port:(52.0, 492.7)(135.9, 492.7)(135.9, 498.1)(52.0, 498.1);SD
Port:(151.8, 280.9)(36.1, 280.9)(36.1, 491.7)(151.8, 491.7);GATE
Port:(42.6, 286.4)(145.3, 286.4)(145.3, 293.5)(42.6, 293.5);SD
Module:M7
Boundary:(150.0, 585.1)(150.0, 534.7)(150.0, 534.7)(150.0, 519.5)(21.2, 519.5)(21.2, 585.1);GATE
Port:(21.2, 533.5)(26.1, 533.5)(26.1, 571.1)(21.2, 571.1);SD
Port:(150.0, 585.1)(150.0, 534.7)(150.0, 534.7)(150.0, 519.5)(28.6, 519.5)(28.6, 585.1);GATE
Port:(138.4, 541.2)(144.5, 541.2)(144.5, 578.6)(138.4, 578.6);SD
Module:M5
Boundary:(358.4, 593.3)(358.4, 518.7)(358.3, 518.7)(358.3, 500.6)(170.4, 500.6)(170.4, 593.3);GATE
Port:(170.4, 516.2)(175.3, 516.2)(175.3, 577.7)(170.4, 577.7);SD
Port:(358.4, 593.3)(358.4, 518.7)(358.3, 518.7)(358.3, 500.6)(177.2, 500.6)(177.2, 593.3);GATE
Port:(345.9, 524.5)(353.6, 524.5)(353.6, 587.5)(345.9, 587.5);SD
