Area:(-20.0, -20.0)(321.9, -20.0)(321.9, 921.9)(-20.0, 921.9)
Rule:GATE(5,5);SD(5,5);GATE_SD(0.5);GATE_ITO(0.5);SD_ITO(0.5)
Module:M9
Boundary:(281.9, 166.0)(281.9, 229.4)(144.1, 229.4)(144.1, 166.0);GATE
Port:(144.1, 178.4)(148.7, 178.4)(148.7, 217.0)(144.1, 217.0);SD
Port:(281.9, 166.0)(281.9, 229.4)(150.6, 229.4)(150.6, 166.0);GATE
Port:(272.1, 172.1)(276.8, 172.1)(276.8, 223.3)(272.1, 223.3);SD
Module:M5
Boundary:(254.9, 30.0)(254.9, 116.0)(154.1, 116.0)(154.1, 30.0);GATE
Port:(154.1, 42.7)(158.5, 42.7)(158.5, 103.3)(154.1, 103.3);SD
Port:(254.9, 30.0)(254.9, 116.0)(161.1, 116.0)(161.1, 30.0);GATE
Port:(245.5, 35.6)(250.3, 35.6)(250.3, 110.4)(245.5, 110.4);SD
Module:M1
Boundary:(20.0, 20.0)(104.1, 20.0)(104.1, 203.8)(20.0, 203.8);GATE
Port:(32.9, 199.3)(91.2, 199.3)(91.2, 203.8)(32.9, 203.8);SD
Port:(20.0, 20.0)(104.1, 20.0)(104.1, 196.3)(20.0, 196.3);GATE
Port:(25.6, 24.6)(98.5, 24.6)(98.5, 30.3)(25.6, 30.3);SD
Module:M6
Boundary:(204.9, 774.9)(204.9, 868.5)(95.4, 868.5)(95.4, 881.9)(20.0, 881.9)(20.0, 774.9);GATE
Port:(20.0, 789.4)(25.4, 789.4)(25.4, 867.4)(20.0, 867.4);SD
Port:(204.9, 774.9)(204.9, 868.5)(95.4, 868.5)(95.4, 881.9)(28.0, 881.9)(28.0, 774.9);GATE
Port:(192.3, 781.5)(199.3, 781.5)(199.3, 860.9)(192.3, 860.9);SD
Module:M2
Boundary:(280.6, 269.4)(280.6, 337.9)(227.5, 337.9)(227.5, 353.1)(164.9, 353.1)(164.9, 269.4);GATE
Port:(164.9, 283.3)(170.5, 283.3)(170.5, 339.2)(164.9, 339.2);SD
Port:(280.6, 269.4)(280.6, 337.9)(227.5, 337.9)(227.5, 353.1)(172.1, 353.1)(172.1, 269.4);GATE
Port:(268.7, 275.1)(275.9, 275.1)(275.9, 331.2)(268.7, 331.2);SD
Module:M10
Boundary:(30.0, 470.8)(109.7, 470.8)(109.7, 491.1)(124.7, 491.1)(124.7, 595.2)(30.0, 595.2);GATE
Port:(42.2, 589.8)(112.5, 589.8)(112.5, 595.2)(42.2, 595.2);SD
Port:(30.0, 470.8)(109.7, 470.8)(109.7, 491.1)(124.7, 491.1)(124.7, 588.7)(30.0, 588.7);GATE
Port:(35.5, 475.3)(103.2, 475.3)(103.2, 479.9)(35.5, 479.9);SD
Module:M7
Boundary:(20.0, 269.4)(124.9, 269.4)(124.9, 420.8)(20.0, 420.8);GATE
Port:(34.7, 415.8)(110.2, 415.8)(110.2, 420.8)(34.7, 420.8);SD
Port:(20.0, 269.4)(124.9, 269.4)(124.9, 414.2)(20.0, 414.2);GATE
Port:(26.8, 275.2)(118.1, 275.2)(118.1, 281.8)(26.8, 281.8);SD
Module:M3
Boundary:(241.4, 645.2)(241.4, 719.7)(241.2, 719.7)(241.2, 734.9)(20.0, 734.9)(20.0, 645.2);GATE
Port:(20.0, 656.5)(24.3, 656.5)(24.3, 723.6)(20.0, 723.6);SD
Port:(241.4, 645.2)(241.4, 719.7)(241.2, 719.7)(241.2, 734.9)(26.8, 734.9)(26.8, 645.2);GATE
Port:(232.9, 650.3)(237.3, 650.3)(237.3, 714.6)(232.9, 714.6);SD
Module:M8
Boundary:(275.3, 393.1)(275.3, 465.3)(223.6, 465.3)(223.6, 481.2)(174.7, 481.2)(174.7, 393.1);GATE
Port:(174.7, 408.7)(179.3, 408.7)(179.3, 465.6)(174.7, 465.6);SD
Port:(275.3, 393.1)(275.3, 465.3)(223.6, 465.3)(223.6, 481.2)(180.7, 481.2)(180.7, 393.1);GATE
Port:(263.1, 400.0)(269.4, 400.0)(269.4, 457.4)(263.1, 457.4);SD
Module:M4
Boundary:(174.7, 521.2)(238.2, 521.2)(238.2, 553.8)(251.9, 553.8)(251.9, 600.2)(174.7, 600.2);GATE
Port:(187.8, 594.5)(238.8, 594.5)(238.8, 600.2)(187.8, 600.2);SD
Port:(174.7, 521.2)(238.2, 521.2)(238.2, 553.8)(251.9, 553.8)(251.9, 593.3)(174.7, 593.3);GATE
Port:(181.0, 526.5)(230.9, 526.5)(230.9, 532.0)(181.0, 532.0);SD
