Area:(-11.6, -20.0)(817.6, -20.0)(817.6, 655.8)(-11.6, 655.8)
Rule:GATE(5,5);SD(5,5);GATE_SD(0.5);GATE_ITO(0.5);SD_ITO(0.5)
Module:M12
Boundary:(402.4, 47.2)(402.4, 112.9)(318.6, 112.9)(318.6, 127.2)(258.6, 127.2)(258.6, 47.2);GATE
Port:(258.6, 60.5)(263.4, 60.5)(263.4, 113.9)(258.6, 113.9);SD
Port:(402.4, 47.2)(402.4, 112.9)(318.6, 112.9)(318.6, 127.2)(265.6, 127.2)(265.6, 47.2);GATE
Port:(391.2, 54.0)(396.6, 54.0)(396.6, 105.1)(391.2, 105.1);SD
Module:M19
Boundary:(66.0, 132.6)(66.0, 20.0)(181.6, 20.0)(181.6, 132.6);GATE
Port:(177.0, 34.4)(181.6, 34.4)(181.6, 118.2)(177.0, 118.2);SD
Port:(66.0, 132.6)(66.0, 20.0)(175.4, 20.0)(175.4, 132.6);GATE
Port:(70.8, 25.8)(78.6, 25.8)(78.6, 126.8)(70.8, 126.8);SD
Module:M8
Boundary:(678.2, 51.5)(678.2, 154.6)(664.6, 154.6)(664.6, 170.5)(511.0, 170.5)(511.0, 51.5);GATE
Port:(511.0, 65.1)(516.1, 65.1)(516.1, 156.9)(511.0, 156.9);SD
Port:(678.2, 51.5)(678.2, 154.6)(664.6, 154.6)(664.6, 170.5)(518.9, 170.5)(518.9, 51.5);GATE
Port:(667.3, 57.5)(673.2, 57.5)(673.2, 147.6)(667.3, 147.6);SD
Module:M20
Boundary:(757.2, 27.0)(703.9, 27.0)(703.9, 60.0)(687.2, 60.0)(687.2, 161.2)(757.2, 161.2);GATE
Port:(700.5, 157.0)(743.9, 157.0)(743.9, 161.2)(700.5, 161.2);SD
Port:(757.2, 27.0)(703.9, 27.0)(703.9, 60.0)(687.2, 60.0)(687.2, 155.9)(757.2, 155.9);GATE
Port:(710.7, 31.8)(751.4, 31.8)(751.4, 37.6)(710.7, 37.6);SD
Module:M14
Boundary:(413.9, 20.0)(475.3, 20.0)(475.3, 37.3)(489.2, 37.3)(489.2, 218.1)(413.9, 218.1);GATE
Port:(426.1, 213.0)(477.0, 213.0)(477.0, 218.1)(426.1, 218.1);SD
Port:(413.9, 20.0)(475.3, 20.0)(475.3, 37.3)(489.2, 37.3)(489.2, 211.3)(413.9, 211.3);GATE
Port:(419.0, 24.1)(469.2, 24.1)(469.2, 30.0)(419.0, 30.0);SD
Module:M18
Boundary:(28.4, 202.0)(109.8, 202.0)(109.8, 223.0)(124.0, 223.0)(124.0, 331.2)(28.4, 331.2);GATE
Port:(42.1, 326.6)(110.3, 326.6)(110.3, 331.2)(42.1, 331.2);SD
Port:(28.4, 202.0)(109.8, 202.0)(109.8, 223.0)(124.0, 223.0)(124.0, 323.8)(28.4, 323.8);GATE
Port:(34.4, 207.0)(102.8, 207.0)(102.8, 213.8)(34.4, 213.8);SD
Module:M11
Boundary:(765.3, 204.2)(765.3, 315.8)(666.5, 315.8)(666.5, 204.2);GATE
Port:(666.5, 218.3)(672.5, 218.3)(672.5, 301.7)(666.5, 301.7);SD
Port:(765.3, 204.2)(765.3, 315.8)(674.9, 315.8)(674.9, 204.2);GATE
Port:(752.9, 210.4)(760.1, 210.4)(760.1, 309.6)(752.9, 309.6);SD
Module:M10
Boundary:(220.9, 340.6)(306.6, 340.6)(306.6, 259.2)(322.7, 259.2)(322.7, 156.1)(220.9, 156.1);GATE
Port:(233.8, 156.1)(309.8, 156.1)(309.8, 161.3)(233.8, 161.3);SD
Port:(220.9, 340.6)(306.6, 340.6)(306.6, 259.2)(322.7, 259.2)(322.7, 162.7)(220.9, 162.7);GATE
Port:(226.2, 330.9)(300.3, 330.9)(300.3, 336.3)(226.2, 336.3);SD
Module:M17
Boundary:(542.9, 181.0)(624.3, 181.0)(624.3, 181.2)(640.2, 181.2)(640.2, 335.4)(542.9, 335.4);GATE
Port:(556.1, 330.0)(627.0, 330.0)(627.0, 335.4)(556.1, 335.4);SD
Port:(542.9, 181.0)(624.3, 181.0)(624.3, 181.2)(640.2, 181.2)(640.2, 327.6)(542.9, 327.6);GATE
Port:(548.9, 186.0)(618.3, 186.0)(618.3, 192.0)(548.9, 192.0);SD
Module:M1
Boundary:(368.9, 140.0)(337.7, 140.0)(337.7, 140.2)(323.4, 140.2)(323.4, 348.3)(368.9, 348.3);GATE
Port:(336.0, 343.1)(356.3, 343.1)(356.3, 348.3)(336.0, 348.3);SD
Port:(368.9, 140.0)(337.7, 140.0)(337.7, 140.2)(323.4, 140.2)(323.4, 341.2)(368.9, 341.2);GATE
Port:(342.9, 144.2)(363.7, 144.2)(363.7, 150.0)(342.9, 150.0);SD
Module:M13
Boundary:(383.6, 365.4)(315.3, 365.4)(315.3, 434.2)(383.6, 434.2);GATE
Port:(329.3, 429.9)(369.6, 429.9)(369.6, 434.2)(329.3, 434.2);SD
Port:(383.6, 365.4)(315.3, 365.4)(315.3, 428.7)(383.6, 428.7);GATE
Port:(321.9, 371.0)(377.0, 371.0)(377.0, 376.8)(321.9, 376.8);SD
Module:M9
Boundary:(677.9, 420.3)(677.9, 353.4)(677.8, 353.4)(677.8, 336.2)(558.6, 336.2)(558.6, 420.3);GATE
Port:(558.6, 348.5)(563.7, 348.5)(563.7, 408.0)(558.6, 408.0);SD
Port:(677.9, 420.3)(677.9, 353.4)(677.8, 353.4)(677.8, 336.2)(565.3, 336.2)(565.3, 420.3);GATE
Port:(668.6, 358.8)(673.5, 358.8)(673.5, 414.9)(668.6, 414.9);SD
Module:M6
Boundary:(542.2, 460.3)(443.3, 460.3)(443.3, 371.2)(428.0, 371.2)(428.0, 258.1)(542.2, 258.1);GATE
Port:(440.5, 258.1)(529.7, 258.1)(529.7, 263.2)(440.5, 263.2);SD
Port:(542.2, 460.3)(443.3, 460.3)(443.3, 371.2)(428.0, 371.2)(428.0, 266.1)(542.2, 266.1);GATE
Port:(450.1, 450.4)(536.4, 450.4)(536.4, 455.5)(450.1, 455.5);SD
Module:M2
Boundary:(777.6, 462.5)(711.6, 462.5)(711.6, 396.2)(697.8, 396.2)(697.8, 325.7)(777.6, 325.7);GATE
Port:(712.5, 325.7)(762.9, 325.7)(762.9, 330.7)(712.5, 330.7);SD
Port:(777.6, 462.5)(711.6, 462.5)(711.6, 396.2)(697.8, 396.2)(697.8, 333.7)(777.6, 333.7);GATE
Port:(719.0, 450.1)(771.2, 450.1)(771.2, 457.1)(719.0, 457.1);SD
Module:M7
Boundary:(270.4, 472.8)(217.4, 472.8)(217.4, 354.6)(270.4, 354.6);GATE
Port:(232.8, 354.6)(255.0, 354.6)(255.0, 359.7)(232.8, 359.7);SD
Port:(270.4, 472.8)(217.4, 472.8)(217.4, 362.2)(270.4, 362.2);GATE
Port:(223.7, 460.2)(264.1, 460.2)(264.1, 467.5)(223.7, 467.5);SD
Module:M4
Boundary:(69.4, 341.8)(173.8, 341.8)(173.8, 398.3)(190.0, 398.3)(190.0, 507.4)(69.4, 507.4);GATE
Port:(82.8, 502.9)(176.6, 502.9)(176.6, 507.4)(82.8, 507.4);SD
Port:(69.4, 341.8)(173.8, 341.8)(173.8, 398.3)(190.0, 398.3)(190.0, 500.1)(69.4, 500.1);GATE
Port:(75.7, 347.1)(166.5, 347.1)(166.5, 352.7)(75.7, 352.7);SD
Module:M3
Boundary:(483.8, 597.3)(483.8, 488.6)(290.1, 488.6)(290.1, 597.3);GATE
Port:(290.1, 504.0)(294.5, 504.0)(294.5, 581.9)(290.1, 581.9);SD
Port:(483.8, 597.3)(483.8, 488.6)(296.4, 488.6)(296.4, 597.3);GATE
Port:(471.3, 495.4)(478.0, 495.4)(478.0, 590.5)(471.3, 590.5);SD
Module:M15
Boundary:(648.2, 580.2)(648.2, 470.9)(484.5, 470.9)(484.5, 580.2);GATE
Port:(484.5, 483.1)(489.7, 483.1)(489.7, 568.0)(484.5, 568.0);SD
Port:(648.2, 580.2)(648.2, 470.9)(491.2, 470.9)(491.2, 580.2);GATE
Port:(638.2, 477.1)(643.0, 477.1)(643.0, 574.0)(638.2, 574.0);SD
Module:M5
Boundary:(777.0, 558.7)(709.7, 558.7)(709.7, 558.4)(693.1, 558.4)(693.1, 469.0)(777.0, 469.0);GATE
Port:(706.8, 469.0)(763.3, 469.0)(763.3, 473.4)(706.8, 473.4);SD
Port:(777.0, 558.7)(709.7, 558.7)(709.7, 558.4)(693.1, 558.4)(693.1, 475.0)(777.0, 475.0);GATE
Port:(716.4, 548.0)(770.3, 548.0)(770.3, 553.0)(716.4, 553.0);SD
Module:M16
Boundary:(273.8, 615.8)(273.8, 561.4)(193.5, 561.4)(193.5, 544.4)(47.7, 544.4)(47.7, 615.8);GATE
Port:(47.7, 558.3)(53.6, 558.3)(53.6, 601.9)(47.7, 601.9);SD
Port:(273.8, 615.8)(273.8, 561.4)(193.5, 561.4)(193.5, 544.4)(55.9, 544.4)(55.9, 615.8);GATE
Port:(263.0, 568.2)(269.0, 568.2)(269.0, 610.0)(263.0, 610.0);SD
