Area:(-20.0, -20.0)(667.0, -20.0)(667.0, 1654.0)(-20.0, 1654.0)
Rule:GATE(5,5);SD(5,5);GATE_SD(0.5);GATE_ITO(0.5);SD_ITO(0.5)
Module:M14
Boundary:(406.0, 30.0)(406.0, 159.5)(392.0, 159.5)(392.0, 175.0)(255.0, 175.0)(255.0, 30.0);GATE
Port:(255.0, 44.5)(265.0, 44.5)(265.0, 160.5)(255.0, 160.5);SD
Port:(406.0, 30.0)(406.0, 159.5)(392.0, 159.5)(392.0, 175.0)(270.0, 175.0)(270.0, 30.0);GATE
Port:(397.0, 40.0)(401.0, 40.0)(401.0, 145.0)(397.0, 145.0);SD
Module:M9
Boundary:(239.0, 1490.0)(368.5, 1490.0)(368.5, 1504.0)(384.0, 1504.0)(384.0, 1594.0)(239.0, 1594.0);GATE
Port:(253.5, 1584.0)(369.5, 1584.0)(369.5, 1594.0)(253.5, 1594.0);SD
Port:(239.0, 1490.0)(368.5, 1490.0)(368.5, 1504.0)(384.0, 1504.0)(384.0, 1579.0)(239.0, 1579.0);GATE
Port:(249.0, 1495.0)(354.0, 1495.0)(354.0, 1499.0)(249.0, 1499.0);SD
Module:M5
Boundary:(20.0, 1337.0)(113.5, 1337.0)(113.5, 1347.0)(129.0, 1347.0)(129.0, 1410.0)(20.0, 1410.0);GATE
Port:(34.5, 1400.0)(114.5, 1400.0)(114.5, 1410.0)(34.5, 1410.0);SD
Port:(20.0, 1337.0)(113.5, 1337.0)(113.5, 1347.0)(129.0, 1347.0)(129.0, 1395.0)(20.0, 1395.0);GATE
Port:(30.0, 1342.0)(99.0, 1342.0)(99.0, 1346.0)(30.0, 1346.0);SD
Module:M11
Boundary:(599.0, 1343.0)(599.0, 1418.5)(511.5, 1418.5)(511.5, 1614.0)(434.0, 1614.0)(434.0, 1343.0);GATE
Port:(434.0, 1357.5)(444.0, 1357.5)(444.0, 1599.5)(434.0, 1599.5);SD
Port:(599.0, 1343.0)(599.0, 1418.5)(511.5, 1418.5)(511.5, 1614.0)(449.0, 1614.0)(449.0, 1343.0);GATE
Port:(590.0, 1353.0)(594.0, 1353.0)(594.0, 1404.0)(590.0, 1404.0);SD
Module:M1
Boundary:(466.0, 30.0)(595.5, 30.0)(595.5, 44.0)(611.0, 44.0)(611.0, 175.0)(466.0, 175.0);GATE
Port:(480.5, 165.0)(596.5, 165.0)(596.5, 175.0)(480.5, 175.0);SD
Port:(466.0, 30.0)(595.5, 30.0)(595.5, 44.0)(611.0, 44.0)(611.0, 160.0)(466.0, 160.0);GATE
Port:(476.0, 35.0)(581.0, 35.0)(581.0, 39.0)(476.0, 39.0);SD
Module:M27
Boundary:(313.0, 852.0)(424.5, 852.0)(424.5, 866.0)(440.0, 866.0)(440.0, 1004.0)(313.0, 1004.0);GATE
Port:(327.5, 994.0)(425.5, 994.0)(425.5, 1004.0)(327.5, 1004.0);SD
Port:(313.0, 852.0)(424.5, 852.0)(424.5, 866.0)(440.0, 866.0)(440.0, 989.0)(313.0, 989.0);GATE
Port:(323.0, 857.0)(410.0, 857.0)(410.0, 861.0)(323.0, 861.0);SD
Module:M24
Boundary:(133.0, 225.0)(226.5, 225.0)(226.5, 235.0)(242.0, 235.0)(242.0, 379.0)(133.0, 379.0);GATE
Port:(147.5, 369.0)(227.5, 369.0)(227.5, 379.0)(147.5, 379.0);SD
Port:(133.0, 225.0)(226.5, 225.0)(226.5, 235.0)(242.0, 235.0)(242.0, 364.0)(133.0, 364.0);GATE
Port:(143.0, 230.0)(212.0, 230.0)(212.0, 234.0)(143.0, 234.0);SD
Module:M19
Boundary:(306.0, 423.0)(417.5, 423.0)(417.5, 531.0)(613.0, 531.0)(613.0, 599.0)(306.0, 599.0);GATE
Port:(320.5, 589.0)(598.5, 589.0)(598.5, 599.0)(320.5, 599.0);SD
Port:(306.0, 423.0)(417.5, 423.0)(417.5, 531.0)(613.0, 531.0)(613.0, 584.0)(306.0, 584.0);GATE
Port:(316.0, 428.0)(403.0, 428.0)(403.0, 432.0)(316.0, 432.0);SD
Module:M6
Boundary:(20.0, 223.0)(93.0, 223.0)(93.0, 306.0)(20.0, 306.0);GATE
Port:(34.5, 296.0)(78.5, 296.0)(78.5, 306.0)(34.5, 306.0);SD
Port:(20.0, 223.0)(93.0, 223.0)(93.0, 291.0)(20.0, 291.0);GATE
Port:(30.0, 228.0)(83.0, 228.0)(83.0, 232.0)(30.0, 232.0);SD
Module:M21
Boundary:(385.0, 1211.0)(385.0, 1287.0)(377.0, 1287.0)(377.0, 1302.0)(229.0, 1302.0)(229.0, 1211.0);GATE
Port:(229.0, 1225.5)(239.0, 1225.5)(239.0, 1287.5)(229.0, 1287.5);SD
Port:(385.0, 1211.0)(385.0, 1287.0)(377.0, 1287.0)(377.0, 1302.0)(244.0, 1302.0)(244.0, 1211.0);GATE
Port:(376.0, 1221.0)(380.0, 1221.0)(380.0, 1272.0)(376.0, 1272.0);SD
Module:M2
Boundary:(174.0, 1029.0)(174.0, 1102.0)(30.0, 1102.0)(30.0, 1029.0);GATE
Port:(30.0, 1043.5)(40.0, 1043.5)(40.0, 1087.5)(30.0, 1087.5);SD
Port:(174.0, 1029.0)(174.0, 1102.0)(45.0, 1102.0)(45.0, 1029.0);GATE
Port:(165.0, 1039.0)(169.0, 1039.0)(169.0, 1092.0)(165.0, 1092.0);SD
Module:M16
Boundary:(487.0, 816.0)(598.5, 816.0)(598.5, 828.0)(614.0, 828.0)(614.0, 940.0)(487.0, 940.0);GATE
Port:(501.5, 930.0)(599.5, 930.0)(599.5, 940.0)(501.5, 940.0);SD
Port:(487.0, 816.0)(598.5, 816.0)(598.5, 828.0)(614.0, 828.0)(614.0, 925.0)(487.0, 925.0);GATE
Port:(497.0, 821.0)(584.0, 821.0)(584.0, 825.0)(497.0, 825.0);SD
Module:M13
Boundary:(480.0, 980.0)(609.5, 980.0)(609.5, 994.0)(625.0, 994.0)(625.0, 1046.0)(480.0, 1046.0);GATE
Port:(494.5, 1036.0)(610.5, 1036.0)(610.5, 1046.0)(494.5, 1046.0);SD
Port:(480.0, 980.0)(609.5, 980.0)(609.5, 994.0)(625.0, 994.0)(625.0, 1031.0)(480.0, 1031.0);GATE
Port:(490.0, 985.0)(595.0, 985.0)(595.0, 989.0)(490.0, 989.0);SD
Module:M10
Boundary:(496.0, 225.0)(496.0, 336.5)(457.0, 336.5)(457.0, 370.0)(407.0, 370.0)(407.0, 225.0);GATE
Port:(407.0, 239.5)(417.0, 239.5)(417.0, 355.5)(407.0, 355.5);SD
Port:(496.0, 225.0)(496.0, 336.5)(457.0, 336.5)(457.0, 370.0)(422.0, 370.0)(422.0, 225.0);GATE
Port:(487.0, 235.0)(491.0, 235.0)(491.0, 322.0)(487.0, 322.0);SD
Module:M29
Boundary:(624.0, 649.0)(624.0, 760.5)(612.0, 760.5)(612.0, 776.0)(487.0, 776.0)(487.0, 649.0);GATE
Port:(487.0, 663.5)(497.0, 663.5)(497.0, 761.5)(487.0, 761.5);SD
Port:(624.0, 649.0)(624.0, 760.5)(612.0, 760.5)(612.0, 776.0)(502.0, 776.0)(502.0, 649.0);GATE
Port:(615.0, 659.0)(619.0, 659.0)(619.0, 746.0)(615.0, 746.0);SD
Module:M7
Boundary:(625.0, 1086.0)(625.0, 1197.5)(508.0, 1197.5)(508.0, 1303.0)(425.0, 1303.0)(425.0, 1086.0);GATE
Port:(425.0, 1100.5)(435.0, 1100.5)(435.0, 1288.5)(425.0, 1288.5);SD
Port:(625.0, 1086.0)(625.0, 1197.5)(508.0, 1197.5)(508.0, 1303.0)(440.0, 1303.0)(440.0, 1086.0);GATE
Port:(616.0, 1096.0)(620.0, 1096.0)(620.0, 1183.0)(616.0, 1183.0);SD
Module:M3
Boundary:(153.0, 660.0)(228.5, 660.0)(228.5, 697.8)(280.0, 697.8)(280.0, 793.0)(153.0, 793.0);GATE
Port:(167.5, 783.0)(265.5, 783.0)(265.5, 793.0)(167.5, 793.0);SD
Port:(153.0, 660.0)(228.5, 660.0)(228.5, 697.8)(280.0, 697.8)(280.0, 778.0)(153.0, 778.0);GATE
Port:(163.0, 665.0)(214.0, 665.0)(214.0, 669.0)(163.0, 669.0);SD
Module:M26
Boundary:(185.0, 1152.0)(185.0, 1245.5)(135.8, 1245.5)(135.8, 1297.0)(20.0, 1297.0)(20.0, 1152.0);GATE
Port:(20.0, 1166.5)(30.0, 1166.5)(30.0, 1282.5)(20.0, 1282.5);SD
Port:(185.0, 1152.0)(185.0, 1245.5)(135.8, 1245.5)(135.8, 1297.0)(35.0, 1297.0)(35.0, 1152.0);GATE
Port:(176.0, 1162.0)(180.0, 1162.0)(180.0, 1231.0)(176.0, 1231.0);SD
Module:M23
Boundary:(367.0, 225.0)(367.0, 318.5)(344.5, 318.5)(344.5, 370.0)(282.0, 370.0)(282.0, 225.0);GATE
Port:(282.0, 239.5)(292.0, 239.5)(292.0, 355.5)(282.0, 355.5);SD
Port:(367.0, 225.0)(367.0, 318.5)(344.5, 318.5)(344.5, 370.0)(297.0, 370.0)(297.0, 225.0);GATE
Port:(358.0, 235.0)(362.0, 235.0)(362.0, 304.0)(358.0, 304.0);SD
Module:M18
Boundary:(239.0, 1353.0)(368.5, 1353.0)(368.5, 1371.0)(384.0, 1371.0)(384.0, 1430.0)(239.0, 1430.0);GATE
Port:(253.5, 1420.0)(369.5, 1420.0)(369.5, 1430.0)(253.5, 1430.0);SD
Port:(239.0, 1353.0)(368.5, 1353.0)(368.5, 1371.0)(384.0, 1371.0)(384.0, 1415.0)(239.0, 1415.0);GATE
Port:(249.0, 1358.0)(354.0, 1358.0)(354.0, 1362.0)(249.0, 1362.0);SD
Module:M20
Boundary:(205.0, 20.0)(205.0, 167.5)(189.0, 167.5)(189.0, 183.0)(20.0, 183.0)(20.0, 20.0);GATE
Port:(20.0, 34.5)(30.0, 34.5)(30.0, 168.5)(20.0, 168.5);SD
Port:(205.0, 20.0)(205.0, 167.5)(189.0, 167.5)(189.0, 183.0)(35.0, 183.0)(35.0, 20.0);GATE
Port:(196.0, 30.0)(200.0, 30.0)(200.0, 153.0)(196.0, 153.0);SD
Module:M15
Boundary:(536.0, 225.0)(612.0, 225.0)(612.0, 233.0)(627.0, 233.0)(627.0, 373.0)(536.0, 373.0);GATE
Port:(550.5, 363.0)(612.5, 363.0)(612.5, 373.0)(550.5, 373.0);SD
Port:(536.0, 225.0)(612.0, 225.0)(612.0, 233.0)(627.0, 233.0)(627.0, 358.0)(536.0, 358.0);GATE
Port:(546.0, 230.0)(597.0, 230.0)(597.0, 234.0)(546.0, 234.0);SD
Module:M12
Boundary:(20.0, 346.0)(93.0, 346.0)(93.0, 409.0)(20.0, 409.0);GATE
Port:(34.5, 399.0)(78.5, 399.0)(78.5, 409.0)(34.5, 409.0);SD
Port:(20.0, 346.0)(93.0, 346.0)(93.0, 394.0)(20.0, 394.0);GATE
Port:(30.0, 351.0)(83.0, 351.0)(83.0, 355.0)(30.0, 355.0);SD
Module:M8
Boundary:(246.0, 429.0)(246.0, 576.5)(210.0, 576.5)(210.0, 610.0)(163.0, 610.0)(163.0, 429.0);GATE
Port:(163.0, 443.5)(173.0, 443.5)(173.0, 595.5)(163.0, 595.5);SD
Port:(246.0, 429.0)(246.0, 576.5)(210.0, 576.5)(210.0, 610.0)(178.0, 610.0)(178.0, 429.0);GATE
Port:(237.0, 439.0)(241.0, 439.0)(241.0, 562.0)(237.0, 562.0);SD
Module:M4
Boundary:(189.0, 1450.0)(189.0, 1507.5)(117.6, 1507.5)(117.6, 1613.0)(20.0, 1613.0)(20.0, 1450.0);GATE
Port:(20.0, 1464.5)(30.0, 1464.5)(30.0, 1598.5)(20.0, 1598.5);SD
Port:(189.0, 1450.0)(189.0, 1507.5)(117.6, 1507.5)(117.6, 1613.0)(35.0, 1613.0)(35.0, 1450.0);GATE
Port:(180.0, 1460.0)(184.0, 1460.0)(184.0, 1493.0)(180.0, 1493.0);SD
Module:M28
Boundary:(113.0, 449.0)(113.0, 578.5)(99.0, 578.5)(99.0, 594.0)(20.0, 594.0)(20.0, 449.0);GATE
Port:(20.0, 463.5)(30.0, 463.5)(30.0, 579.5)(20.0, 579.5);SD
Port:(113.0, 449.0)(113.0, 578.5)(99.0, 578.5)(99.0, 594.0)(35.0, 594.0)(35.0, 449.0);GATE
Port:(104.0, 459.0)(108.0, 459.0)(108.0, 564.0)(104.0, 564.0);SD
Module:M30
Boundary:(20.0, 847.0)(149.5, 847.0)(149.5, 936.7)(273.0, 936.7)(273.0, 979.0)(20.0, 979.0);GATE
Port:(34.5, 969.0)(258.5, 969.0)(258.5, 979.0)(34.5, 979.0);SD
Port:(20.0, 847.0)(149.5, 847.0)(149.5, 936.7)(273.0, 936.7)(273.0, 964.0)(20.0, 964.0);GATE
Port:(30.0, 852.0)(135.0, 852.0)(135.0, 856.0)(30.0, 856.0);SD
Module:M25
Boundary:(447.0, 649.0)(447.0, 796.5)(431.0, 796.5)(431.0, 812.0)(320.0, 812.0)(320.0, 649.0);GATE
Port:(320.0, 663.5)(330.0, 663.5)(330.0, 797.5)(320.0, 797.5);SD
Port:(447.0, 649.0)(447.0, 796.5)(431.0, 796.5)(431.0, 812.0)(335.0, 812.0)(335.0, 649.0);GATE
Port:(438.0, 659.0)(442.0, 659.0)(442.0, 782.0)(438.0, 782.0);SD
Module:M22
Boundary:(20.0, 634.0)(96.0, 634.0)(96.0, 642.0)(111.0, 642.0)(111.0, 807.0)(20.0, 807.0);GATE
Port:(34.5, 797.0)(96.5, 797.0)(96.5, 807.0)(34.5, 807.0);SD
Port:(20.0, 634.0)(96.0, 634.0)(96.0, 642.0)(111.0, 642.0)(111.0, 792.0)(20.0, 792.0);GATE
Port:(30.0, 639.0)(81.0, 639.0)(81.0, 643.0)(30.0, 643.0);SD
Module:M17
Boundary:(380.0, 1044.0)(380.0, 1155.5)(368.0, 1155.5)(368.0, 1171.0)(225.0, 1171.0)(225.0, 1044.0);GATE
Port:(225.0, 1058.5)(235.0, 1058.5)(235.0, 1156.5)(225.0, 1156.5);SD
Port:(380.0, 1044.0)(380.0, 1155.5)(368.0, 1155.5)(368.0, 1171.0)(240.0, 1171.0)(240.0, 1044.0);GATE
Port:(371.0, 1054.0)(375.0, 1054.0)(375.0, 1141.0)(371.0, 1141.0);SD
