Area:(-20.0, -20.0)(750.0, -20.0)(750.0, 1787.0)(-20.0, 1787.0)
Rule:GATE(5,5);SD(5,5);GATE_SD(0.5);GATE_ITO(0.5);SD_ITO(0.5)
Module:M14
Boundary:(616.0, 861.0)(692.0, 861.0)(692.0, 869.0)(707.0, 869.0)(707.0, 1006.0)(616.0, 1006.0);GATE
Port:(630.5, 996.0)(692.5, 996.0)(692.5, 1006.0)(630.5, 1006.0);SD
Port:(616.0, 861.0)(692.0, 861.0)(692.0, 869.0)(707.0, 869.0)(707.0, 991.0)(616.0, 991.0);GATE
Port:(626.0, 866.0)(677.0, 866.0)(677.0, 870.0)(626.0, 870.0);SD
Module:M9
Boundary:(293.0, 1337.0)(293.0, 1484.5)(256.8, 1484.5)(256.8, 1518.0)(207.0, 1518.0)(207.0, 1337.0);GATE
Port:(207.0, 1351.5)(217.0, 1351.5)(217.0, 1503.5)(207.0, 1503.5);SD
Port:(293.0, 1337.0)(293.0, 1484.5)(256.8, 1484.5)(256.8, 1518.0)(222.0, 1518.0)(222.0, 1337.0);GATE
Port:(284.0, 1347.0)(288.0, 1347.0)(288.0, 1470.0)(284.0, 1470.0);SD
Module:M5
Boundary:(304.0, 446.0)(304.0, 575.5)(289.0, 575.5)(289.0, 591.0)(234.0, 591.0)(234.0, 446.0);GATE
Port:(234.0, 460.5)(244.0, 460.5)(244.0, 576.5)(234.0, 576.5);SD
Port:(304.0, 446.0)(304.0, 575.5)(289.0, 575.5)(289.0, 591.0)(249.0, 591.0)(249.0, 446.0);GATE
Port:(295.0, 456.0)(299.0, 456.0)(299.0, 561.0)(295.0, 561.0);SD
Module:M11
Boundary:(485.0, 983.0)(561.0, 983.0)(561.0, 991.0)(576.0, 991.0)(576.0, 1132.0)(485.0, 1132.0);GATE
Port:(499.5, 1122.0)(561.5, 1122.0)(561.5, 1132.0)(499.5, 1132.0);SD
Port:(485.0, 983.0)(561.0, 983.0)(561.0, 991.0)(576.0, 991.0)(576.0, 1117.0)(485.0, 1117.0);GATE
Port:(495.0, 988.0)(546.0, 988.0)(546.0, 992.0)(495.0, 992.0);SD
Module:M1
Boundary:(336.0, 1337.0)(409.0, 1337.0)(409.0, 1449.0)(336.0, 1449.0);GATE
Port:(350.5, 1439.0)(394.5, 1439.0)(394.5, 1449.0)(350.5, 1449.0);SD
Port:(336.0, 1337.0)(409.0, 1337.0)(409.0, 1434.0)(336.0, 1434.0);GATE
Port:(346.0, 1342.0)(399.0, 1342.0)(399.0, 1346.0)(346.0, 1346.0);SD
Module:M43
Boundary:(336.0, 1489.0)(447.5, 1489.0)(447.5, 1501.0)(463.0, 1501.0)(463.0, 1574.0)(336.0, 1574.0);GATE
Port:(350.5, 1564.0)(448.5, 1564.0)(448.5, 1574.0)(350.5, 1574.0);SD
Port:(336.0, 1489.0)(447.5, 1489.0)(447.5, 1501.0)(463.0, 1501.0)(463.0, 1559.0)(336.0, 1559.0);GATE
Port:(346.0, 1494.0)(433.0, 1494.0)(433.0, 1498.0)(346.0, 1498.0);SD
Module:M38
Boundary:(710.0, 469.0)(710.0, 598.5)(696.0, 598.5)(696.0, 614.0)(511.0, 614.0)(511.0, 469.0);GATE
Port:(511.0, 483.5)(521.0, 483.5)(521.0, 599.5)(511.0, 599.5);SD
Port:(710.0, 469.0)(710.0, 598.5)(696.0, 598.5)(696.0, 614.0)(526.0, 614.0)(526.0, 469.0);GATE
Port:(701.0, 479.0)(705.0, 479.0)(705.0, 584.0)(701.0, 584.0);SD
Module:M40
Boundary:(30.0, 1469.0)(141.5, 1469.0)(141.5, 1484.0)(157.0, 1484.0)(157.0, 1559.0)(30.0, 1559.0);GATE
Port:(44.5, 1549.0)(142.5, 1549.0)(142.5, 1559.0)(44.5, 1559.0);SD
Port:(30.0, 1469.0)(141.5, 1469.0)(141.5, 1484.0)(157.0, 1484.0)(157.0, 1544.0)(30.0, 1544.0);GATE
Port:(40.0, 1474.0)(127.0, 1474.0)(127.0, 1478.0)(40.0, 1478.0);SD
Module:M35
Boundary:(598.0, 1280.0)(691.5, 1280.0)(691.5, 1290.0)(707.0, 1290.0)(707.0, 1470.0)(598.0, 1470.0);GATE
Port:(612.5, 1460.0)(692.5, 1460.0)(692.5, 1470.0)(612.5, 1470.0);SD
Port:(598.0, 1280.0)(691.5, 1280.0)(691.5, 1290.0)(707.0, 1290.0)(707.0, 1455.0)(598.0, 1455.0);GATE
Port:(608.0, 1285.0)(677.0, 1285.0)(677.0, 1289.0)(608.0, 1289.0);SD
Module:M32
Boundary:(293.0, 251.0)(293.0, 380.5)(279.0, 380.5)(279.0, 396.0)(143.0, 396.0)(143.0, 251.0);GATE
Port:(143.0, 265.5)(153.0, 265.5)(153.0, 381.5)(143.0, 381.5);SD
Port:(293.0, 251.0)(293.0, 380.5)(279.0, 380.5)(279.0, 396.0)(158.0, 396.0)(158.0, 251.0);GATE
Port:(284.0, 261.0)(288.0, 261.0)(288.0, 366.0)(284.0, 366.0);SD
Module:M27
Boundary:(86.0, 414.0)(86.0, 543.5)(60.9, 543.5)(60.9, 577.0)(20.0, 577.0)(20.0, 414.0);GATE
Port:(20.0, 428.5)(30.0, 428.5)(30.0, 562.5)(20.0, 562.5);SD
Port:(86.0, 414.0)(86.0, 543.5)(60.9, 543.5)(60.9, 577.0)(35.0, 577.0)(35.0, 414.0);GATE
Port:(77.0, 424.0)(81.0, 424.0)(81.0, 529.0)(77.0, 529.0);SD
Module:M24
Boundary:(540.0, 356.0)(540.0, 429.0)(466.0, 429.0)(466.0, 356.0);GATE
Port:(466.0, 370.5)(476.0, 370.5)(476.0, 414.5)(466.0, 414.5);SD
Port:(540.0, 356.0)(540.0, 429.0)(481.0, 429.0)(481.0, 356.0);GATE
Port:(531.0, 366.0)(535.0, 366.0)(535.0, 419.0)(531.0, 419.0);SD
Module:M19
Boundary:(30.0, 30.0)(106.0, 30.0)(106.0, 38.0)(121.0, 38.0)(121.0, 141.0)(30.0, 141.0);GATE
Port:(44.5, 131.0)(106.5, 131.0)(106.5, 141.0)(44.5, 141.0);SD
Port:(30.0, 30.0)(106.0, 30.0)(106.0, 38.0)(121.0, 38.0)(121.0, 126.0)(30.0, 126.0);GATE
Port:(40.0, 35.0)(91.0, 35.0)(91.0, 39.0)(40.0, 39.0);SD
Module:M6
Boundary:(194.0, 446.0)(194.0, 557.5)(182.0, 557.5)(182.0, 573.0)(126.0, 573.0)(126.0, 446.0);GATE
Port:(126.0, 460.5)(136.0, 460.5)(136.0, 558.5)(126.0, 558.5);SD
Port:(194.0, 446.0)(194.0, 557.5)(182.0, 557.5)(182.0, 573.0)(141.0, 573.0)(141.0, 446.0);GATE
Port:(185.0, 456.0)(189.0, 456.0)(189.0, 543.0)(185.0, 543.0);SD
Module:M21
Boundary:(20.0, 748.0)(167.5, 748.0)(167.5, 764.0)(183.0, 764.0)(183.0, 911.0)(20.0, 911.0);GATE
Port:(34.5, 901.0)(168.5, 901.0)(168.5, 911.0)(34.5, 911.0);SD
Port:(20.0, 748.0)(167.5, 748.0)(167.5, 764.0)(183.0, 764.0)(183.0, 896.0)(20.0, 896.0);GATE
Port:(30.0, 753.0)(153.0, 753.0)(153.0, 757.0)(30.0, 757.0);SD
Module:M2
Boundary:(20.0, 951.0)(93.0, 951.0)(93.0, 1122.0)(20.0, 1122.0);GATE
Port:(34.5, 1112.0)(78.5, 1112.0)(78.5, 1122.0)(34.5, 1122.0);SD
Port:(20.0, 951.0)(93.0, 951.0)(93.0, 1107.0)(20.0, 1107.0);GATE
Port:(30.0, 956.0)(83.0, 956.0)(83.0, 960.0)(30.0, 960.0);SD
Module:M16
Boundary:(485.0, 1172.0)(558.0, 1172.0)(558.0, 1297.0)(485.0, 1297.0);GATE
Port:(499.5, 1287.0)(543.5, 1287.0)(543.5, 1297.0)(499.5, 1297.0);SD
Port:(485.0, 1172.0)(558.0, 1172.0)(558.0, 1282.0)(485.0, 1282.0);GATE
Port:(495.0, 1177.0)(548.0, 1177.0)(548.0, 1181.0)(495.0, 1181.0);SD
Module:M13
Boundary:(484.0, 654.0)(577.5, 654.0)(577.5, 664.0)(593.0, 664.0)(593.0, 799.0)(484.0, 799.0);GATE
Port:(498.5, 789.0)(578.5, 789.0)(578.5, 799.0)(498.5, 799.0);SD
Port:(484.0, 654.0)(577.5, 654.0)(577.5, 664.0)(593.0, 664.0)(593.0, 784.0)(484.0, 784.0);GATE
Port:(494.0, 659.0)(563.0, 659.0)(563.0, 663.0)(494.0, 663.0);SD
Module:M45
Boundary:(485.0, 839.0)(561.0, 839.0)(561.0, 847.0)(576.0, 847.0)(576.0, 943.0)(485.0, 943.0);GATE
Port:(499.5, 933.0)(561.5, 933.0)(561.5, 943.0)(499.5, 943.0);SD
Port:(485.0, 839.0)(561.0, 839.0)(561.0, 847.0)(576.0, 847.0)(576.0, 928.0)(485.0, 928.0);GATE
Port:(495.0, 844.0)(546.0, 844.0)(546.0, 848.0)(495.0, 848.0);SD
Module:M10
Boundary:(344.0, 469.0)(437.5, 469.0)(437.5, 522.7)(471.0, 522.7)(471.0, 596.0)(344.0, 596.0);GATE
Port:(358.5, 586.0)(456.5, 586.0)(456.5, 596.0)(358.5, 596.0);SD
Port:(344.0, 469.0)(437.5, 469.0)(437.5, 522.7)(471.0, 522.7)(471.0, 581.0)(344.0, 581.0);GATE
Port:(354.0, 474.0)(423.0, 474.0)(423.0, 478.0)(354.0, 478.0);SD
Module:M42
Boundary:(633.0, 654.0)(706.0, 654.0)(706.0, 821.0)(633.0, 821.0);GATE
Port:(647.5, 811.0)(691.5, 811.0)(691.5, 821.0)(647.5, 821.0);SD
Port:(633.0, 654.0)(706.0, 654.0)(706.0, 806.0)(633.0, 806.0);GATE
Port:(643.0, 659.0)(696.0, 659.0)(696.0, 663.0)(643.0, 663.0);SD
Module:M37
Boundary:(187.0, 617.0)(187.0, 693.0)(179.0, 693.0)(179.0, 708.0)(20.0, 708.0)(20.0, 617.0);GATE
Port:(20.0, 631.5)(30.0, 631.5)(30.0, 693.5)(20.0, 693.5);SD
Port:(187.0, 617.0)(187.0, 693.0)(179.0, 693.0)(179.0, 708.0)(35.0, 708.0)(35.0, 617.0);GATE
Port:(178.0, 627.0)(182.0, 627.0)(182.0, 678.0)(178.0, 678.0);SD
Module:M34
Boundary:(106.0, 1170.0)(106.0, 1281.5)(94.0, 1281.5)(94.0, 1297.0)(20.0, 1297.0)(20.0, 1170.0);GATE
Port:(20.0, 1184.5)(30.0, 1184.5)(30.0, 1282.5)(20.0, 1282.5);SD
Port:(106.0, 1170.0)(106.0, 1281.5)(94.0, 1281.5)(94.0, 1297.0)(35.0, 1297.0)(35.0, 1170.0);GATE
Port:(97.0, 1180.0)(101.0, 1180.0)(101.0, 1267.0)(97.0, 1267.0);SD
Module:M29
Boundary:(223.0, 1558.0)(296.0, 1558.0)(296.0, 1743.0)(223.0, 1743.0);GATE
Port:(237.5, 1733.0)(281.5, 1733.0)(281.5, 1743.0)(237.5, 1743.0);SD
Port:(223.0, 1558.0)(296.0, 1558.0)(296.0, 1728.0)(223.0, 1728.0);GATE
Port:(233.0, 1563.0)(286.0, 1563.0)(286.0, 1567.0)(233.0, 1567.0);SD
Module:M7
Boundary:(445.0, 911.0)(445.0, 1058.5)(429.0, 1058.5)(429.0, 1074.0)(347.0, 1074.0)(347.0, 911.0);GATE
Port:(347.0, 925.5)(357.0, 925.5)(357.0, 1059.5)(347.0, 1059.5);SD
Port:(445.0, 911.0)(445.0, 1058.5)(429.0, 1058.5)(429.0, 1074.0)(362.0, 1074.0)(362.0, 911.0);GATE
Port:(436.0, 921.0)(440.0, 921.0)(440.0, 1044.0)(436.0, 1044.0);SD
Module:M31
Boundary:(444.0, 636.0)(444.0, 747.5)(394.6, 747.5)(394.6, 871.0)(348.0, 871.0)(348.0, 636.0);GATE
Port:(348.0, 650.5)(358.0, 650.5)(358.0, 856.5)(348.0, 856.5);SD
Port:(444.0, 636.0)(444.0, 747.5)(394.6, 747.5)(394.6, 871.0)(363.0, 871.0)(363.0, 636.0);GATE
Port:(435.0, 646.0)(439.0, 646.0)(439.0, 733.0)(435.0, 733.0);SD
Module:M3
Boundary:(314.0, 20.0)(314.0, 149.5)(233.7, 149.5)(233.7, 201.0)(171.0, 201.0)(171.0, 20.0);GATE
Port:(171.0, 34.5)(181.0, 34.5)(181.0, 186.5)(171.0, 186.5);SD
Port:(314.0, 20.0)(314.0, 149.5)(233.7, 149.5)(233.7, 201.0)(186.0, 201.0)(186.0, 20.0);GATE
Port:(305.0, 30.0)(309.0, 30.0)(309.0, 135.0)(305.0, 135.0);SD
Module:M26
Boundary:(435.0, 1124.0)(435.0, 1199.5)(403.0, 1199.5)(403.0, 1287.0)(357.0, 1287.0)(357.0, 1124.0);GATE
Port:(357.0, 1138.5)(367.0, 1138.5)(367.0, 1272.5)(357.0, 1272.5);SD
Port:(435.0, 1124.0)(435.0, 1199.5)(403.0, 1199.5)(403.0, 1287.0)(372.0, 1287.0)(372.0, 1124.0);GATE
Port:(426.0, 1134.0)(430.0, 1134.0)(430.0, 1185.0)(426.0, 1185.0);SD
Module:M23
Boundary:(688.0, 225.0)(688.0, 301.0)(680.0, 301.0)(680.0, 316.0)(560.0, 316.0)(560.0, 225.0);GATE
Port:(560.0, 239.5)(570.0, 239.5)(570.0, 301.5)(560.0, 301.5);SD
Port:(688.0, 225.0)(688.0, 301.0)(680.0, 301.0)(680.0, 316.0)(575.0, 316.0)(575.0, 225.0);GATE
Port:(679.0, 235.0)(683.0, 235.0)(683.0, 286.0)(679.0, 286.0);SD
Module:M18
Boundary:(694.0, 30.0)(694.0, 123.5)(658.5, 123.5)(658.5, 175.0)(570.0, 175.0)(570.0, 30.0);GATE
Port:(570.0, 44.5)(580.0, 44.5)(580.0, 160.5)(570.0, 160.5);SD
Port:(694.0, 30.0)(694.0, 123.5)(658.5, 123.5)(658.5, 175.0)(585.0, 175.0)(585.0, 30.0);GATE
Port:(685.0, 40.0)(689.0, 40.0)(689.0, 109.0)(685.0, 109.0);SD
Module:M20
Boundary:(308.0, 636.0)(308.0, 712.0)(300.0, 712.0)(300.0, 727.0)(234.0, 727.0)(234.0, 636.0);GATE
Port:(234.0, 650.5)(244.0, 650.5)(244.0, 712.5)(234.0, 712.5);SD
Port:(308.0, 636.0)(308.0, 712.0)(300.0, 712.0)(300.0, 727.0)(249.0, 727.0)(249.0, 636.0);GATE
Port:(299.0, 646.0)(303.0, 646.0)(303.0, 697.0)(299.0, 697.0);SD
Module:M15
Boundary:(616.0, 1046.0)(692.0, 1046.0)(692.0, 1054.0)(707.0, 1054.0)(707.0, 1240.0)(616.0, 1240.0);GATE
Port:(630.5, 1230.0)(692.5, 1230.0)(692.5, 1240.0)(630.5, 1240.0);SD
Port:(616.0, 1046.0)(692.0, 1046.0)(692.0, 1054.0)(707.0, 1054.0)(707.0, 1225.0)(616.0, 1225.0);GATE
Port:(626.0, 1051.0)(677.0, 1051.0)(677.0, 1055.0)(626.0, 1055.0);SD
Module:M12
Boundary:(449.0, 1337.0)(542.5, 1337.0)(542.5, 1347.0)(558.0, 1347.0)(558.0, 1445.0)(449.0, 1445.0);GATE
Port:(463.5, 1435.0)(543.5, 1435.0)(543.5, 1445.0)(463.5, 1445.0);SD
Port:(449.0, 1337.0)(542.5, 1337.0)(542.5, 1347.0)(558.0, 1347.0)(558.0, 1430.0)(449.0, 1430.0);GATE
Port:(459.0, 1342.0)(528.0, 1342.0)(528.0, 1346.0)(459.0, 1346.0);SD
Module:M44
Boundary:(290.0, 1170.0)(290.0, 1263.5)(227.8, 1263.5)(227.8, 1297.0)(146.0, 1297.0)(146.0, 1170.0);GATE
Port:(146.0, 1184.5)(156.0, 1184.5)(156.0, 1282.5)(146.0, 1282.5);SD
Port:(290.0, 1170.0)(290.0, 1263.5)(227.8, 1263.5)(227.8, 1297.0)(161.0, 1297.0)(161.0, 1170.0);GATE
Port:(281.0, 1180.0)(285.0, 1180.0)(285.0, 1249.0)(281.0, 1249.0);SD
Module:M39
Boundary:(692.0, 1520.0)(692.0, 1631.5)(600.7, 1631.5)(600.7, 1737.0)(529.0, 1737.0)(529.0, 1520.0);GATE
Port:(529.0, 1534.5)(539.0, 1534.5)(539.0, 1722.5)(529.0, 1722.5);SD
Port:(692.0, 1520.0)(692.0, 1631.5)(600.7, 1631.5)(600.7, 1737.0)(544.0, 1737.0)(544.0, 1520.0);GATE
Port:(683.0, 1530.0)(687.0, 1530.0)(687.0, 1617.0)(683.0, 1617.0);SD
Module:M8
Boundary:(479.0, 1614.0)(479.0, 1689.5)(437.8, 1689.5)(437.8, 1741.0)(336.0, 1741.0)(336.0, 1614.0);GATE
Port:(336.0, 1628.5)(346.0, 1628.5)(346.0, 1726.5)(336.0, 1726.5);SD
Port:(479.0, 1614.0)(479.0, 1689.5)(437.8, 1689.5)(437.8, 1741.0)(351.0, 1741.0)(351.0, 1614.0);GATE
Port:(470.0, 1624.0)(474.0, 1624.0)(474.0, 1675.0)(470.0, 1675.0);SD
Module:M41
Boundary:(512.0, 243.0)(512.0, 316.0)(343.0, 316.0)(343.0, 243.0);GATE
Port:(343.0, 257.5)(353.0, 257.5)(353.0, 301.5)(343.0, 301.5);SD
Port:(512.0, 243.0)(512.0, 316.0)(358.0, 316.0)(358.0, 243.0);GATE
Port:(503.0, 253.0)(507.0, 253.0)(507.0, 306.0)(503.0, 306.0);SD
Module:M4
Boundary:(307.0, 767.0)(307.0, 896.5)(293.0, 896.5)(293.0, 912.0)(223.0, 912.0)(223.0, 767.0);GATE
Port:(223.0, 781.5)(233.0, 781.5)(233.0, 897.5)(223.0, 897.5);SD
Port:(307.0, 767.0)(307.0, 896.5)(293.0, 896.5)(293.0, 912.0)(238.0, 912.0)(238.0, 767.0);GATE
Port:(298.0, 777.0)(302.0, 777.0)(302.0, 882.0)(298.0, 882.0);SD
Module:M36
Boundary:(20.0, 1609.0)(131.5, 1609.0)(131.5, 1649.8)(183.0, 1649.8)(183.0, 1747.0)(20.0, 1747.0);GATE
Port:(34.5, 1737.0)(168.5, 1737.0)(168.5, 1747.0)(34.5, 1747.0);SD
Port:(20.0, 1609.0)(131.5, 1609.0)(131.5, 1649.8)(183.0, 1649.8)(183.0, 1732.0)(20.0, 1732.0);GATE
Port:(30.0, 1614.0)(117.0, 1614.0)(117.0, 1618.0)(30.0, 1618.0);SD
Module:M33
Boundary:(690.0, 356.0)(690.0, 429.0)(580.0, 429.0)(580.0, 356.0);GATE
Port:(580.0, 370.5)(590.0, 370.5)(590.0, 414.5)(580.0, 414.5);SD
Port:(690.0, 356.0)(690.0, 429.0)(595.0, 429.0)(595.0, 356.0);GATE
Port:(681.0, 366.0)(685.0, 366.0)(685.0, 419.0)(681.0, 419.0);SD
Module:M28
Boundary:(20.0, 191.0)(93.0, 191.0)(93.0, 374.0)(20.0, 374.0);GATE
Port:(34.5, 364.0)(78.5, 364.0)(78.5, 374.0)(34.5, 374.0);SD
Port:(20.0, 191.0)(93.0, 191.0)(93.0, 359.0)(20.0, 359.0);GATE
Port:(30.0, 196.0)(83.0, 196.0)(83.0, 200.0)(30.0, 200.0);SD
Module:M30
Boundary:(20.0, 1337.0)(131.5, 1337.0)(131.5, 1351.0)(147.0, 1351.0)(147.0, 1419.0)(20.0, 1419.0);GATE
Port:(34.5, 1409.0)(132.5, 1409.0)(132.5, 1419.0)(34.5, 1419.0);SD
Port:(20.0, 1337.0)(131.5, 1337.0)(131.5, 1351.0)(147.0, 1351.0)(147.0, 1404.0)(20.0, 1404.0);GATE
Port:(30.0, 1342.0)(117.0, 1342.0)(117.0, 1346.0)(30.0, 1346.0);SD
Module:M25
Boundary:(426.0, 356.0)(426.0, 429.0)(344.0, 429.0)(344.0, 356.0);GATE
Port:(344.0, 370.5)(354.0, 370.5)(354.0, 414.5)(344.0, 414.5);SD
Port:(426.0, 356.0)(426.0, 429.0)(359.0, 429.0)(359.0, 356.0);GATE
Port:(417.0, 366.0)(421.0, 366.0)(421.0, 419.0)(417.0, 419.0);SD
Module:M22
Boundary:(133.0, 952.0)(226.5, 952.0)(226.5, 992.6)(296.0, 992.6)(296.0, 1130.0)(133.0, 1130.0);GATE
Port:(147.5, 1120.0)(281.5, 1120.0)(281.5, 1130.0)(147.5, 1130.0);SD
Port:(133.0, 952.0)(226.5, 952.0)(226.5, 992.6)(296.0, 992.6)(296.0, 1115.0)(133.0, 1115.0);GATE
Port:(143.0, 957.0)(212.0, 957.0)(212.0, 961.0)(143.0, 961.0);SD
Module:M17
Boundary:(510.0, 30.0)(510.0, 159.5)(444.8, 159.5)(444.8, 193.0)(364.0, 193.0)(364.0, 30.0);GATE
Port:(364.0, 44.5)(374.0, 44.5)(374.0, 178.5)(364.0, 178.5);SD
Port:(510.0, 30.0)(510.0, 159.5)(444.8, 159.5)(444.8, 193.0)(379.0, 193.0)(379.0, 30.0);GATE
Port:(501.0, 40.0)(505.0, 40.0)(505.0, 145.0)(501.0, 145.0);SD
