Area:(-20.0, -20.0)(255.6, -20.0)(255.6, 785.9)(-20.0, 785.9)
Rule:GATE(5,5);SD(5,5);GATE_SD(0.5);GATE_ITO(0.5);SD_ITO(0.5)
Module:M5
Boundary:(20.0, 20.0)(87.7, 20.0)(87.7, 208.9)(20.0, 208.9);GATE
Port:(33.5, 203.8)(74.2, 203.8)(74.2, 208.9)(33.5, 208.9);SD
Port:(20.0, 20.0)(87.7, 20.0)(87.7, 202.5)(20.0, 202.5);GATE
Port:(25.1, 24.1)(82.6, 24.1)(82.6, 30.8)(25.1, 30.8);SD
Module:M1
Boundary:(127.7, 20.0)(198.2, 20.0)(198.2, 20.3)(215.6, 20.3)(215.6, 197.1)(127.7, 197.1);GATE
Port:(142.3, 191.2)(201.0, 191.2)(201.0, 197.1)(142.3, 197.1);SD
Port:(127.7, 20.0)(198.2, 20.0)(198.2, 20.3)(215.6, 20.3)(215.6, 189.3)(127.7, 189.3);GATE
Port:(133.2, 24.5)(192.7, 24.5)(192.7, 31.5)(133.2, 31.5);SD
Module:M2
Boundary:(159.5, 380.8)(159.5, 471.0)(79.2, 471.0)(79.2, 486.9)(20.0, 486.9)(20.0, 380.8);GATE
Port:(20.0, 396.7)(24.9, 396.7)(24.9, 471.0)(20.0, 471.0);SD
Port:(159.5, 380.8)(159.5, 471.0)(79.2, 471.0)(79.2, 486.9)(26.0, 486.9)(26.0, 380.8);GATE
Port:(146.4, 387.4)(153.9, 387.4)(153.9, 463.4)(146.4, 463.4);SD
Module:M3
Boundary:(140.6, 248.9)(140.6, 326.4)(140.3, 326.4)(140.3, 340.8)(20.0, 340.8)(20.0, 248.9);GATE
Port:(20.0, 262.5)(24.7, 262.5)(24.7, 327.2)(20.0, 327.2);SD
Port:(140.6, 248.9)(140.6, 326.4)(140.3, 326.4)(140.3, 340.8)(26.2, 340.8)(26.2, 248.9);GATE
Port:(129.0, 255.7)(134.8, 255.7)(134.8, 319.6)(129.0, 319.6);SD
Module:M4
Boundary:(20.0, 526.9)(109.6, 526.9)(109.6, 662.2)(124.8, 662.2)(124.8, 745.9)(20.0, 745.9);GATE
Port:(34.0, 740.1)(110.8, 740.1)(110.8, 745.9)(34.0, 745.9);SD
Port:(20.0, 526.9)(109.6, 526.9)(109.6, 662.2)(124.8, 662.2)(124.8, 737.2)(20.0, 737.2);GATE
Port:(26.4, 532.3)(101.2, 532.3)(101.2, 538.3)(26.4, 538.3);SD
