Area:(-20.0, -20.0)(450.0, -20.0)(450.0, 868.0)(-20.0, 868.0)
Rule:GATE(5,5);SD(5,5);GATE_SD(0.5);GATE_ITO(0.5);SD_ITO(0.5)
Module:M9
Boundary:(133.0, 222.0)(209.0, 222.0)(209.0, 230.0)(224.0, 230.0)(224.0, 328.0)(133.0, 328.0);GATE
Port:(147.5, 318.0)(209.5, 318.0)(209.5, 328.0)(147.5, 328.0);SD
Port:(133.0, 222.0)(209.0, 222.0)(209.0, 230.0)(224.0, 230.0)(224.0, 313.0)(133.0, 313.0);GATE
Port:(143.0, 227.0)(194.0, 227.0)(194.0, 231.0)(143.0, 231.0);SD
Module:M5
Boundary:(402.0, 550.0)(402.0, 661.5)(295.2, 661.5)(295.2, 821.0)(215.0, 821.0)(215.0, 550.0);GATE
Port:(215.0, 564.5)(225.0, 564.5)(225.0, 806.5)(215.0, 806.5);SD
Port:(402.0, 550.0)(402.0, 661.5)(295.2, 661.5)(295.2, 821.0)(230.0, 821.0)(230.0, 550.0);GATE
Port:(393.0, 560.0)(397.0, 560.0)(397.0, 647.0)(393.0, 647.0);SD
Module:M1
Boundary:(410.0, 222.0)(410.0, 351.5)(396.0, 351.5)(396.0, 367.0)(264.0, 367.0)(264.0, 222.0);GATE
Port:(264.0, 236.5)(274.0, 236.5)(274.0, 352.5)(264.0, 352.5);SD
Port:(410.0, 222.0)(410.0, 351.5)(396.0, 351.5)(396.0, 367.0)(279.0, 367.0)(279.0, 222.0);GATE
Port:(401.0, 232.0)(405.0, 232.0)(405.0, 337.0)(401.0, 337.0);SD
Module:M6
Boundary:(160.0, 434.0)(160.0, 507.0)(20.0, 507.0)(20.0, 434.0);GATE
Port:(20.0, 448.5)(30.0, 448.5)(30.0, 492.5)(20.0, 492.5);SD
Port:(160.0, 434.0)(160.0, 507.0)(35.0, 507.0)(35.0, 434.0);GATE
Port:(151.0, 444.0)(155.0, 444.0)(155.0, 497.0)(151.0, 497.0);SD
Module:M2
Boundary:(20.0, 195.0)(93.0, 195.0)(93.0, 394.0)(20.0, 394.0);GATE
Port:(34.5, 384.0)(78.5, 384.0)(78.5, 394.0)(34.5, 394.0);SD
Port:(20.0, 195.0)(93.0, 195.0)(93.0, 379.0)(20.0, 379.0);GATE
Port:(30.0, 200.0)(83.0, 200.0)(83.0, 204.0)(30.0, 204.0);SD
Module:M10
Boundary:(397.0, 417.0)(397.0, 490.0)(210.0, 490.0)(210.0, 417.0);GATE
Port:(210.0, 431.5)(220.0, 431.5)(220.0, 475.5)(210.0, 475.5);SD
Port:(397.0, 417.0)(397.0, 490.0)(225.0, 490.0)(225.0, 417.0);GATE
Port:(388.0, 427.0)(392.0, 427.0)(392.0, 480.0)(388.0, 480.0);SD
Module:M7
Boundary:(20.0, 705.0)(149.5, 705.0)(149.5, 719.0)(165.0, 719.0)(165.0, 828.0)(20.0, 828.0);GATE
Port:(34.5, 818.0)(150.5, 818.0)(150.5, 828.0)(34.5, 828.0);SD
Port:(20.0, 705.0)(149.5, 705.0)(149.5, 719.0)(165.0, 719.0)(165.0, 813.0)(20.0, 813.0);GATE
Port:(30.0, 710.0)(135.0, 710.0)(135.0, 714.0)(30.0, 714.0);SD
Module:M3
Boundary:(205.0, 20.0)(298.5, 20.0)(298.5, 121.8)(368.0, 121.8)(368.0, 182.0)(205.0, 182.0);GATE
Port:(219.5, 172.0)(353.5, 172.0)(353.5, 182.0)(219.5, 182.0);SD
Port:(205.0, 20.0)(298.5, 20.0)(298.5, 121.8)(368.0, 121.8)(368.0, 167.0)(205.0, 167.0);GATE
Port:(215.0, 25.0)(284.0, 25.0)(284.0, 29.0)(215.0, 29.0);SD
Module:M8
Boundary:(20.0, 547.0)(131.5, 547.0)(131.5, 559.0)(147.0, 559.0)(147.0, 665.0)(20.0, 665.0);GATE
Port:(34.5, 655.0)(132.5, 655.0)(132.5, 665.0)(34.5, 665.0);SD
Port:(20.0, 547.0)(131.5, 547.0)(131.5, 559.0)(147.0, 559.0)(147.0, 650.0)(20.0, 650.0);GATE
Port:(30.0, 552.0)(117.0, 552.0)(117.0, 556.0)(30.0, 556.0);SD
Module:M4
Boundary:(20.0, 20.0)(131.5, 20.0)(131.5, 78.7)(165.0, 78.7)(165.0, 155.0)(20.0, 155.0);GATE
Port:(34.5, 145.0)(150.5, 145.0)(150.5, 155.0)(34.5, 155.0);SD
Port:(20.0, 20.0)(131.5, 20.0)(131.5, 78.7)(165.0, 78.7)(165.0, 140.0)(20.0, 140.0);GATE
Port:(30.0, 25.0)(117.0, 25.0)(117.0, 29.0)(30.0, 29.0);SD
