Area:(-20.0, -20.0)(1392.0, -20.0)(1392.0, 611.0)(-20.0, 611.0)
Rule:GATE(5,5);SD(5,5);GATE_SD(0.5);GATE_ITO(0.5);SD_ITO(0.5)
Module:M14
Boundary:(1352.0, 20.0)(1352.0, 167.5)(1336.0, 167.5)(1336.0, 183.0)(1266.0, 183.0)(1266.0, 20.0);GATE
Port:(1266.0, 34.5)(1276.0, 34.5)(1276.0, 168.5)(1266.0, 168.5);SD
Port:(1352.0, 20.0)(1352.0, 167.5)(1336.0, 167.5)(1336.0, 183.0)(1281.0, 183.0)(1281.0, 20.0);GATE
Port:(1343.0, 30.0)(1347.0, 30.0)(1347.0, 153.0)(1343.0, 153.0);SD
Module:M9
Boundary:(1022.0, 281.0)(1151.5, 281.0)(1151.5, 329.7)(1185.0, 329.7)(1185.0, 394.0)(1022.0, 394.0);GATE
Port:(1036.5, 384.0)(1170.5, 384.0)(1170.5, 394.0)(1036.5, 394.0);SD
Port:(1022.0, 281.0)(1151.5, 281.0)(1151.5, 329.7)(1185.0, 329.7)(1185.0, 379.0)(1022.0, 379.0);GATE
Port:(1032.0, 286.0)(1137.0, 286.0)(1137.0, 290.0)(1032.0, 290.0);SD
Module:M5
Boundary:(848.0, 223.0)(848.0, 316.5)(838.0, 316.5)(838.0, 332.0)(787.0, 332.0)(787.0, 223.0);GATE
Port:(787.0, 237.5)(797.0, 237.5)(797.0, 317.5)(787.0, 317.5);SD
Port:(848.0, 223.0)(848.0, 316.5)(838.0, 316.5)(838.0, 332.0)(802.0, 332.0)(802.0, 223.0);GATE
Port:(839.0, 233.0)(843.0, 233.0)(843.0, 302.0)(839.0, 302.0);SD
Module:M11
Boundary:(354.0, 410.0)(354.0, 539.5)(340.0, 539.5)(340.0, 555.0)(239.0, 555.0)(239.0, 410.0);GATE
Port:(239.0, 424.5)(249.0, 424.5)(249.0, 540.5)(239.0, 540.5);SD
Port:(354.0, 410.0)(354.0, 539.5)(340.0, 539.5)(340.0, 555.0)(254.0, 555.0)(254.0, 410.0);GATE
Port:(345.0, 420.0)(349.0, 420.0)(349.0, 525.0)(345.0, 525.0);SD
Module:M1
Boundary:(197.0, 20.0)(197.0, 167.5)(181.0, 167.5)(181.0, 183.0)(20.0, 183.0)(20.0, 20.0);GATE
Port:(20.0, 34.5)(30.0, 34.5)(30.0, 168.5)(20.0, 168.5);SD
Port:(197.0, 20.0)(197.0, 167.5)(181.0, 167.5)(181.0, 183.0)(35.0, 183.0)(35.0, 20.0);GATE
Port:(188.0, 30.0)(192.0, 30.0)(192.0, 153.0)(188.0, 153.0);SD
Module:M24
Boundary:(518.0, 460.0)(518.0, 553.5)(508.0, 553.5)(508.0, 569.0)(404.0, 569.0)(404.0, 460.0);GATE
Port:(404.0, 474.5)(414.0, 474.5)(414.0, 554.5)(404.0, 554.5);SD
Port:(518.0, 460.0)(518.0, 553.5)(508.0, 553.5)(508.0, 569.0)(419.0, 569.0)(419.0, 460.0);GATE
Port:(509.0, 470.0)(513.0, 470.0)(513.0, 539.0)(509.0, 539.0);SD
Module:M19
Boundary:(237.0, 305.0)(348.5, 305.0)(348.5, 317.0)(364.0, 317.0)(364.0, 370.0)(237.0, 370.0);GATE
Port:(251.5, 360.0)(349.5, 360.0)(349.5, 370.0)(251.5, 370.0);SD
Port:(237.0, 305.0)(348.5, 305.0)(348.5, 317.0)(364.0, 317.0)(364.0, 355.0)(237.0, 355.0);GATE
Port:(247.0, 310.0)(334.0, 310.0)(334.0, 314.0)(247.0, 314.0);SD
Module:M6
Boundary:(595.0, 20.0)(595.0, 167.5)(579.0, 167.5)(579.0, 183.0)(440.0, 183.0)(440.0, 20.0);GATE
Port:(440.0, 34.5)(450.0, 34.5)(450.0, 168.5)(440.0, 168.5);SD
Port:(595.0, 20.0)(595.0, 167.5)(579.0, 167.5)(579.0, 183.0)(455.0, 183.0)(455.0, 20.0);GATE
Port:(586.0, 30.0)(590.0, 30.0)(590.0, 153.0)(586.0, 153.0);SD
Module:M21
Boundary:(1171.0, 436.0)(1282.5, 436.0)(1282.5, 470.2)(1334.0, 470.2)(1334.0, 554.0)(1171.0, 554.0);GATE
Port:(1185.5, 544.0)(1319.5, 544.0)(1319.5, 554.0)(1185.5, 554.0);SD
Port:(1171.0, 436.0)(1282.5, 436.0)(1282.5, 470.2)(1334.0, 470.2)(1334.0, 539.0)(1171.0, 539.0);GATE
Port:(1181.0, 441.0)(1268.0, 441.0)(1268.0, 445.0)(1181.0, 445.0);SD
Module:M2
Boundary:(237.0, 20.0)(384.5, 20.0)(384.5, 36.0)(400.0, 36.0)(400.0, 95.0)(237.0, 95.0);GATE
Port:(251.5, 85.0)(385.5, 85.0)(385.5, 95.0)(251.5, 95.0);SD
Port:(237.0, 20.0)(384.5, 20.0)(384.5, 36.0)(400.0, 36.0)(400.0, 80.0)(237.0, 80.0);GATE
Port:(247.0, 25.0)(370.0, 25.0)(370.0, 29.0)(247.0, 29.0);SD
Module:M16
Boundary:(199.0, 498.0)(199.0, 571.0)(20.0, 571.0)(20.0, 498.0);GATE
Port:(20.0, 512.5)(30.0, 512.5)(30.0, 556.5)(20.0, 556.5);SD
Port:(199.0, 498.0)(199.0, 571.0)(35.0, 571.0)(35.0, 498.0);GATE
Port:(190.0, 508.0)(194.0, 508.0)(194.0, 561.0)(190.0, 561.0);SD
Module:M13
Boundary:(980.0, 211.0)(980.0, 340.5)(966.0, 340.5)(966.0, 356.0)(888.0, 356.0)(888.0, 211.0);GATE
Port:(888.0, 225.5)(898.0, 225.5)(898.0, 341.5)(888.0, 341.5);SD
Port:(980.0, 211.0)(980.0, 340.5)(966.0, 340.5)(966.0, 356.0)(903.0, 356.0)(903.0, 211.0);GATE
Port:(971.0, 221.0)(975.0, 221.0)(975.0, 326.0)(971.0, 326.0);SD
Module:M10
Boundary:(1022.0, 434.0)(1115.5, 434.0)(1115.5, 444.0)(1131.0, 444.0)(1131.0, 557.0)(1022.0, 557.0);GATE
Port:(1036.5, 547.0)(1116.5, 547.0)(1116.5, 557.0)(1036.5, 557.0);SD
Port:(1022.0, 434.0)(1115.5, 434.0)(1115.5, 444.0)(1131.0, 444.0)(1131.0, 542.0)(1022.0, 542.0);GATE
Port:(1032.0, 439.0)(1101.0, 439.0)(1101.0, 443.0)(1032.0, 443.0);SD
Module:M7
Boundary:(787.0, 396.0)(934.5, 396.0)(934.5, 475.8)(968.0, 475.8)(968.0, 569.0)(787.0, 569.0);GATE
Port:(801.5, 559.0)(953.5, 559.0)(953.5, 569.0)(801.5, 569.0);SD
Port:(787.0, 396.0)(934.5, 396.0)(934.5, 475.8)(968.0, 475.8)(968.0, 554.0)(787.0, 554.0);GATE
Port:(797.0, 401.0)(920.0, 401.0)(920.0, 405.0)(797.0, 405.0);SD
Module:M3
Boundary:(1022.0, 20.0)(1095.0, 20.0)(1095.0, 119.0)(1022.0, 119.0);GATE
Port:(1036.5, 109.0)(1080.5, 109.0)(1080.5, 119.0)(1036.5, 119.0);SD
Port:(1022.0, 20.0)(1095.0, 20.0)(1095.0, 104.0)(1022.0, 104.0);GATE
Port:(1032.0, 25.0)(1085.0, 25.0)(1085.0, 29.0)(1032.0, 29.0);SD
Module:M23
Boundary:(404.0, 223.0)(515.5, 223.0)(515.5, 365.7)(747.0, 365.7)(747.0, 420.0)(404.0, 420.0);GATE
Port:(418.5, 410.0)(732.5, 410.0)(732.5, 420.0)(418.5, 420.0);SD
Port:(404.0, 223.0)(515.5, 223.0)(515.5, 365.7)(747.0, 365.7)(747.0, 405.0)(404.0, 405.0);GATE
Port:(414.0, 228.0)(501.0, 228.0)(501.0, 232.0)(414.0, 232.0);SD
Module:M18
Boundary:(237.0, 135.0)(348.5, 135.0)(348.5, 147.0)(364.0, 147.0)(364.0, 265.0)(237.0, 265.0);GATE
Port:(251.5, 255.0)(349.5, 255.0)(349.5, 265.0)(251.5, 265.0);SD
Port:(237.0, 135.0)(348.5, 135.0)(348.5, 147.0)(364.0, 147.0)(364.0, 250.0)(237.0, 250.0);GATE
Port:(247.0, 140.0)(334.0, 140.0)(334.0, 144.0)(247.0, 144.0);SD
Module:M20
Boundary:(1135.0, 20.0)(1211.0, 20.0)(1211.0, 28.0)(1226.0, 28.0)(1226.0, 112.0)(1135.0, 112.0);GATE
Port:(1149.5, 102.0)(1211.5, 102.0)(1211.5, 112.0)(1149.5, 112.0);SD
Port:(1135.0, 20.0)(1211.0, 20.0)(1211.0, 28.0)(1226.0, 28.0)(1226.0, 97.0)(1135.0, 97.0);GATE
Port:(1145.0, 25.0)(1196.0, 25.0)(1196.0, 29.0)(1145.0, 29.0);SD
Module:M15
Boundary:(558.0, 460.0)(687.5, 460.0)(687.5, 474.0)(703.0, 474.0)(703.0, 565.0)(558.0, 565.0);GATE
Port:(572.5, 555.0)(688.5, 555.0)(688.5, 565.0)(572.5, 565.0);SD
Port:(558.0, 460.0)(687.5, 460.0)(687.5, 474.0)(703.0, 474.0)(703.0, 550.0)(558.0, 550.0);GATE
Port:(568.0, 465.0)(673.0, 465.0)(673.0, 469.0)(568.0, 469.0);SD
Module:M12
Boundary:(873.0, 20.0)(966.5, 20.0)(966.5, 30.0)(982.0, 30.0)(982.0, 171.0)(873.0, 171.0);GATE
Port:(887.5, 161.0)(967.5, 161.0)(967.5, 171.0)(887.5, 171.0);SD
Port:(873.0, 20.0)(966.5, 20.0)(966.5, 30.0)(982.0, 30.0)(982.0, 156.0)(873.0, 156.0);GATE
Port:(883.0, 25.0)(952.0, 25.0)(952.0, 29.0)(883.0, 29.0);SD
Module:M8
Boundary:(1135.0, 152.0)(1208.0, 152.0)(1208.0, 228.0)(1135.0, 228.0);GATE
Port:(1149.5, 218.0)(1193.5, 218.0)(1193.5, 228.0)(1149.5, 228.0);SD
Port:(1135.0, 152.0)(1208.0, 152.0)(1208.0, 213.0)(1135.0, 213.0);GATE
Port:(1145.0, 157.0)(1198.0, 157.0)(1198.0, 161.0)(1145.0, 161.0);SD
Module:M4
Boundary:(833.0, 20.0)(833.0, 167.5)(817.0, 167.5)(817.0, 183.0)(635.0, 183.0)(635.0, 20.0);GATE
Port:(635.0, 34.5)(645.0, 34.5)(645.0, 168.5)(635.0, 168.5);SD
Port:(833.0, 20.0)(833.0, 167.5)(817.0, 167.5)(817.0, 183.0)(650.0, 183.0)(650.0, 20.0);GATE
Port:(824.0, 30.0)(828.0, 30.0)(828.0, 153.0)(824.0, 153.0);SD
Module:M25
Boundary:(1022.0, 159.0)(1095.0, 159.0)(1095.0, 241.0)(1022.0, 241.0);GATE
Port:(1036.5, 231.0)(1080.5, 231.0)(1080.5, 241.0)(1036.5, 241.0);SD
Port:(1022.0, 159.0)(1095.0, 159.0)(1095.0, 226.0)(1022.0, 226.0);GATE
Port:(1032.0, 164.0)(1085.0, 164.0)(1085.0, 168.0)(1032.0, 168.0);SD
Module:M22
Boundary:(197.0, 223.0)(197.0, 262.5)(115.0, 262.5)(115.0, 458.0)(20.0, 458.0)(20.0, 223.0);GATE
Port:(20.0, 237.5)(30.0, 237.5)(30.0, 443.5)(20.0, 443.5);SD
Port:(197.0, 223.0)(197.0, 262.5)(115.0, 262.5)(115.0, 458.0)(35.0, 458.0)(35.0, 223.0);GATE
Port:(188.0, 233.0)(192.0, 233.0)(192.0, 248.0)(188.0, 248.0);SD
Module:M17
Boundary:(1248.0, 223.0)(1324.0, 223.0)(1324.0, 231.0)(1339.0, 231.0)(1339.0, 396.0)(1248.0, 396.0);GATE
Port:(1262.5, 386.0)(1324.5, 386.0)(1324.5, 396.0)(1262.5, 396.0);SD
Port:(1248.0, 223.0)(1324.0, 223.0)(1324.0, 231.0)(1339.0, 231.0)(1339.0, 381.0)(1248.0, 381.0);GATE
Port:(1258.0, 228.0)(1309.0, 228.0)(1309.0, 232.0)(1258.0, 232.0);SD
