Area:(-20.0, -20.0)(309.4, -20.0)(309.4, 510.2)(-20.0, 510.2)
Rule:GATE(5,5);SD(5,5);GATE_SD(0.5);GATE_ITO(0.5);SD_ITO(0.5)
Module:M5
Boundary:(199.0, 20.0)(255.4, 20.0)(255.4, 20.2)(269.4, 20.2)(269.4, 124.3)(199.0, 124.3);GATE
Port:(209.9, 119.6)(258.5, 119.6)(258.5, 124.3)(209.9, 124.3);SD
Port:(199.0, 20.0)(255.4, 20.0)(255.4, 20.2)(269.4, 20.2)(269.4, 116.8)(199.0, 116.8);GATE
Port:(204.5, 24.5)(249.9, 24.5)(249.9, 28.9)(204.5, 28.9);SD
Module:M1
Boundary:(240.1, 168.2)(240.1, 201.0)(240.1, 201.0)(240.1, 217.7)(20.0, 217.7)(20.0, 168.2);GATE
Port:(20.0, 181.4)(25.1, 181.4)(25.1, 204.5)(20.0, 204.5);SD
Port:(240.1, 168.2)(240.1, 201.0)(240.1, 201.0)(240.1, 217.7)(27.2, 217.7)(27.2, 168.2);GATE
Port:(230.1, 173.9)(235.4, 173.9)(235.4, 195.3)(230.1, 195.3);SD
Module:M2
Boundary:(159.0, 20.0)(159.0, 111.5)(136.0, 111.5)(136.0, 128.2)(20.0, 128.2)(20.0, 20.0);GATE
Port:(20.0, 35.0)(24.5, 35.0)(24.5, 113.2)(20.0, 113.2);SD
Port:(159.0, 20.0)(159.0, 111.5)(136.0, 111.5)(136.0, 128.2)(26.9, 128.2)(26.9, 20.0);GATE
Port:(147.4, 27.0)(153.0, 27.0)(153.0, 103.5)(147.4, 103.5);SD
Module:M3
Boundary:(20.0, 257.7)(88.2, 257.7)(88.2, 425.2)(20.0, 425.2);GATE
Port:(33.3, 421.1)(74.9, 421.1)(74.9, 425.2)(33.3, 425.2);SD
Port:(20.0, 257.7)(88.2, 257.7)(88.2, 419.1)(20.0, 419.1);GATE
Port:(25.2, 261.9)(83.0, 261.9)(83.0, 267.9)(25.2, 267.9);SD
Module:M4
Boundary:(128.2, 257.7)(228.6, 257.7)(228.6, 331.7)(243.3, 331.7)(243.3, 470.2)(128.2, 470.2);GATE
Port:(143.4, 465.4)(228.1, 465.4)(228.1, 470.2)(143.4, 470.2);SD
Port:(128.2, 257.7)(228.6, 257.7)(228.6, 331.7)(243.3, 331.7)(243.3, 462.9)(128.2, 462.9);GATE
Port:(134.4, 262.9)(221.4, 262.9)(221.4, 270.4)(134.4, 270.4);SD
