Area:(-20.0, -20.0)(518.4, -20.0)(518.4, 473.7)(-20.0, 473.7)
Rule:GATE(5,5);SD(5,5);GATE_SD(0.5);GATE_ITO(0.5);SD_ITO(0.5)
Module:M9
Boundary:(20.0, 138.7)(111.6, 138.7)(111.6, 139.1)(126.0, 139.1)(126.0, 244.6)(20.0, 244.6);GATE
Port:(33.7, 239.2)(112.3, 239.2)(112.3, 244.6)(33.7, 244.6);SD
Port:(20.0, 138.7)(111.6, 138.7)(111.6, 139.1)(126.0, 139.1)(126.0, 236.8)(20.0, 236.8);GATE
Port:(26.3, 144.0)(105.3, 144.0)(105.3, 150.4)(26.3, 150.4);SD
Module:M5
Boundary:(231.1, 30.0)(330.8, 30.0)(330.8, 151.1)(231.1, 151.1);GATE
Port:(243.5, 146.0)(318.4, 146.0)(318.4, 151.1)(243.5, 151.1);SD
Port:(231.1, 30.0)(330.8, 30.0)(330.8, 143.7)(231.1, 143.7);GATE
Port:(236.5, 34.4)(325.4, 34.4)(325.4, 39.1)(236.5, 39.1);SD
Module:M1
Boundary:(434.0, 380.1)(434.0, 429.4)(289.3, 429.4)(289.3, 380.1);GATE
Port:(289.3, 393.0)(294.6, 393.0)(294.6, 416.5)(289.3, 416.5);SD
Port:(434.0, 380.1)(434.0, 429.4)(296.5, 429.4)(296.5, 380.1);GATE
Port:(423.1, 386.3)(428.8, 386.3)(428.8, 423.2)(423.1, 423.2);SD
Module:M6
Boundary:(289.3, 201.1)(348.6, 201.1)(348.6, 259.8)(361.7, 259.8)(361.7, 340.1)(289.3, 340.1);GATE
Port:(300.8, 334.8)(350.2, 334.8)(350.2, 340.1)(300.8, 340.1);SD
Port:(289.3, 201.1)(348.6, 201.1)(348.6, 259.8)(361.7, 259.8)(361.7, 333.6)(289.3, 333.6);GATE
Port:(295.1, 205.9)(341.8, 205.9)(341.8, 210.8)(295.1, 210.8);SD
Module:M2
Boundary:(401.7, 141.1)(464.8, 141.1)(464.8, 228.0)(478.4, 228.0)(478.4, 338.3)(401.7, 338.3);GATE
Port:(414.6, 334.1)(465.5, 334.1)(465.5, 338.3)(414.6, 338.3);SD
Port:(401.7, 141.1)(464.8, 141.1)(464.8, 228.0)(478.4, 228.0)(478.4, 332.0)(401.7, 332.0);GATE
Port:(407.5, 145.9)(458.0, 145.9)(458.0, 151.8)(407.5, 151.8);SD
Module:M10
Boundary:(159.7, 296.6)(226.0, 296.6)(226.0, 312.4)(239.3, 312.4)(239.3, 399.1)(159.7, 399.1);GATE
Port:(172.7, 393.2)(226.3, 393.2)(226.3, 399.1)(172.7, 399.1);SD
Port:(159.7, 296.6)(226.0, 296.6)(226.0, 312.4)(239.3, 312.4)(239.3, 392.1)(159.7, 392.1);GATE
Port:(166.6, 302.5)(217.1, 302.5)(217.1, 307.6)(166.6, 307.6);SD
Module:M7
Boundary:(243.3, 201.1)(243.3, 231.6)(243.2, 231.6)(243.2, 246.6)(166.0, 246.6)(166.0, 201.1);GATE
Port:(166.0, 213.0)(170.2, 213.0)(170.2, 234.7)(166.0, 234.7);SD
Port:(243.3, 201.1)(243.3, 231.6)(243.2, 231.6)(243.2, 246.6)(171.6, 246.6)(171.6, 201.1);GATE
Port:(233.5, 206.5)(238.9, 206.5)(238.9, 226.2)(233.5, 226.2);SD
Module:M3
Boundary:(20.0, 284.6)(109.7, 284.6)(109.7, 433.7)(20.0, 433.7);GATE
Port:(34.7, 427.9)(95.0, 427.9)(95.0, 433.7)(34.7, 433.7);SD
Port:(20.0, 284.6)(109.7, 284.6)(109.7, 425.5)(20.0, 425.5);GATE
Port:(26.9, 290.5)(102.8, 290.5)(102.8, 295.9)(26.9, 295.9);SD
Module:M8
Boundary:(380.8, 20.0)(455.4, 20.0)(455.4, 42.8)(473.3, 42.8)(473.3, 101.1)(380.8, 101.1);GATE
Port:(395.0, 97.0)(459.1, 97.0)(459.1, 101.1)(395.0, 101.1);SD
Port:(380.8, 20.0)(455.4, 20.0)(455.4, 42.8)(473.3, 42.8)(473.3, 94.7)(380.8, 94.7);GATE
Port:(386.5, 24.7)(448.7, 24.7)(448.7, 30.8)(386.5, 30.8);SD
Module:M4
Boundary:(181.1, 20.0)(181.1, 84.2)(112.6, 84.2)(112.6, 98.7)(20.0, 98.7)(20.0, 20.0);GATE
Port:(20.0, 33.0)(24.3, 33.0)(24.3, 85.7)(20.0, 85.7);SD
Port:(181.1, 20.0)(181.1, 84.2)(112.6, 84.2)(112.6, 98.7)(26.8, 98.7)(26.8, 20.0);GATE
Port:(171.0, 25.1)(177.0, 25.1)(177.0, 78.1)(171.0, 78.1);SD
