Area:(-20.0, -20.0)(322.8, -20.0)(322.8, 898.9)(-20.0, 898.9)
Rule:GATE(5,5);SD(5,5);GATE_SD(0.5);GATE_ITO(0.5);SD_ITO(0.5)
Module:M9
Boundary:(170.6, 415.1)(261.8, 415.1)(261.8, 484.8)(170.6, 484.8);GATE
Port:(182.0, 478.9)(250.4, 478.9)(250.4, 484.8)(182.0, 484.8);SD
Port:(170.6, 415.1)(261.8, 415.1)(261.8, 476.9)(170.6, 476.9);GATE
Port:(175.8, 419.3)(256.6, 419.3)(256.6, 424.5)(175.8, 424.5);SD
Module:M5
Boundary:(197.6, 534.8)(251.0, 534.8)(251.0, 535.1)(268.0, 535.1)(268.0, 687.3)(197.6, 687.3);GATE
Port:(212.1, 682.9)(253.5, 682.9)(253.5, 687.3)(212.1, 687.3);SD
Port:(197.6, 534.8)(251.0, 534.8)(251.0, 535.1)(268.0, 535.1)(268.0, 680.2)(197.6, 680.2);GATE
Port:(203.8, 540.0)(244.8, 540.0)(244.8, 546.3)(203.8, 546.3);SD
Module:M1
Boundary:(202.1, 190.5)(265.5, 190.5)(265.5, 375.1)(202.1, 375.1);GATE
Port:(214.6, 370.1)(253.0, 370.1)(253.0, 375.1)(214.6, 375.1);SD
Port:(202.1, 190.5)(265.5, 190.5)(265.5, 368.9)(202.1, 368.9);GATE
Port:(207.8, 195.2)(259.8, 195.2)(259.8, 201.2)(207.8, 201.2);SD
Module:M6
Boundary:(179.4, 20.0)(179.4, 114.5)(126.2, 114.5)(126.2, 128.4)(20.0, 128.4)(20.0, 20.0);GATE
Port:(20.0, 33.1)(25.5, 33.1)(25.5, 115.3)(20.0, 115.3);SD
Port:(179.4, 20.0)(179.4, 114.5)(126.2, 114.5)(126.2, 128.4)(28.0, 128.4)(28.0, 20.0);GATE
Port:(167.8, 25.9)(174.5, 25.9)(174.5, 107.6)(167.8, 107.6);SD
Module:M2
Boundary:(20.0, 622.7)(130.3, 622.7)(130.3, 658.5)(147.6, 658.5)(147.6, 719.1)(20.0, 719.1);GATE
Port:(34.5, 714.1)(133.1, 714.1)(133.1, 719.1)(34.5, 719.1);SD
Port:(20.0, 622.7)(130.3, 622.7)(130.3, 658.5)(147.6, 658.5)(147.6, 713.0)(20.0, 713.0);GATE
Port:(25.3, 627.0)(124.0, 627.0)(124.0, 633.8)(25.3, 633.8);SD
Module:M10
Boundary:(30.0, 422.3)(103.6, 422.3)(103.6, 435.3)(120.6, 435.3)(120.6, 572.7)(30.0, 572.7);GATE
Port:(44.3, 568.1)(106.3, 568.1)(106.3, 572.7)(44.3, 572.7);SD
Port:(30.0, 422.3)(103.6, 422.3)(103.6, 435.3)(120.6, 435.3)(120.6, 566.1)(30.0, 566.1);GATE
Port:(36.1, 427.4)(96.5, 427.4)(96.5, 433.2)(36.1, 433.2);SD
Module:M7
Boundary:(120.5, 306.4)(120.5, 356.0)(120.2, 356.0)(120.2, 372.3)(20.0, 372.3)(20.0, 306.4);GATE
Port:(20.0, 319.4)(25.7, 319.4)(25.7, 359.3)(20.0, 359.3);SD
Port:(120.5, 306.4)(120.5, 356.0)(120.2, 356.0)(120.2, 372.3)(28.4, 372.3)(28.4, 306.4);GATE
Port:(110.2, 312.6)(115.3, 312.6)(115.3, 349.8)(110.2, 349.8);SD
Module:M3
Boundary:(162.1, 168.4)(162.1, 266.4)(20.0, 266.4)(20.0, 168.4);GATE
Port:(20.0, 182.1)(25.9, 182.1)(25.9, 252.7)(20.0, 252.7);SD
Port:(162.1, 168.4)(162.1, 266.4)(28.6, 266.4)(28.6, 168.4);GATE
Port:(150.0, 174.0)(157.5, 174.0)(157.5, 260.8)(150.0, 260.8);SD
Module:M8
Boundary:(185.9, 759.1)(185.9, 843.5)(143.3, 843.5)(143.3, 858.9)(20.0, 858.9)(20.0, 759.1);GATE
Port:(20.0, 772.5)(25.6, 772.5)(25.6, 845.5)(20.0, 845.5);SD
Port:(185.9, 759.1)(185.9, 843.5)(143.3, 843.5)(143.3, 858.9)(27.1, 858.9)(27.1, 759.1);GATE
Port:(175.4, 764.9)(181.1, 764.9)(181.1, 836.7)(175.4, 836.7);SD
Module:M4
Boundary:(219.4, 20.0)(268.8, 20.0)(268.8, 72.7)(282.8, 72.7)(282.8, 150.5)(219.4, 150.5);GATE
Port:(232.6, 146.1)(269.6, 146.1)(269.6, 150.5)(232.6, 150.5);SD
Port:(219.4, 20.0)(268.8, 20.0)(268.8, 72.7)(282.8, 72.7)(282.8, 144.5)(219.4, 144.5);GATE
Port:(225.2, 24.8)(262.0, 24.8)(262.0, 31.0)(225.2, 31.0);SD
