Area:(-20.0, -20.0)(1079.6, -20.0)(1079.6, 504.9)(-20.0, 504.9)
Rule:GATE(5,5);SD(5,5);GATE_SD(0.5);GATE_ITO(0.5);SD_ITO(0.5)
Module:M14
Boundary:(417.7, 268.3)(417.7, 333.3)(273.7, 333.3)(273.7, 268.3);GATE
Port:(273.7, 282.1)(278.0, 282.1)(278.0, 319.5)(273.7, 319.5);SD
Port:(417.7, 268.3)(417.7, 333.3)(279.9, 333.3)(279.9, 268.3);GATE
Port:(406.6, 274.1)(412.9, 274.1)(412.9, 327.5)(406.6, 327.5);SD
Module:M9
Boundary:(591.1, 20.0)(656.7, 20.0)(656.7, 155.7)(591.1, 155.7);GATE
Port:(604.2, 151.3)(643.6, 151.3)(643.6, 155.7)(604.2, 155.7);SD
Port:(591.1, 20.0)(656.7, 20.0)(656.7, 149.3)(591.1, 149.3);GATE
Port:(596.3, 24.2)(651.5, 24.2)(651.5, 30.5)(596.3, 30.5);SD
Module:M5
Boundary:(417.7, 373.3)(417.7, 436.3)(276.7, 436.3)(276.7, 373.3);GATE
Port:(276.7, 386.2)(282.5, 386.2)(282.5, 423.4)(276.7, 423.4);SD
Port:(417.7, 373.3)(417.7, 436.3)(285.4, 436.3)(285.4, 373.3);GATE
Port:(406.9, 379.1)(412.9, 379.1)(412.9, 430.5)(406.9, 430.5);SD
Module:M11
Boundary:(734.6, 219.3)(734.6, 305.9)(734.5, 305.9)(734.5, 323.4)(613.2, 323.4)(613.2, 219.3);GATE
Port:(613.2, 232.4)(618.9, 232.4)(618.9, 310.3)(613.2, 310.3);SD
Port:(734.6, 219.3)(734.6, 305.9)(734.5, 305.9)(734.5, 323.4)(621.0, 323.4)(621.0, 219.3);GATE
Port:(724.6, 225.8)(729.1, 225.8)(729.1, 299.4)(724.6, 299.4);SD
Module:M1
Boundary:(894.4, 119.5)(894.4, 165.7)(894.2, 165.7)(894.2, 179.3)(696.7, 179.3)(696.7, 119.5);GATE
Port:(696.7, 132.7)(701.0, 132.7)(701.0, 166.1)(696.7, 166.1);SD
Port:(894.4, 119.5)(894.4, 165.7)(894.2, 165.7)(894.2, 179.3)(703.1, 179.3)(703.1, 119.5);GATE
Port:(882.9, 126.5)(888.4, 126.5)(888.4, 158.7)(882.9, 158.7);SD
Module:M19
Boundary:(233.7, 284.2)(233.7, 332.6)(233.7, 332.6)(233.7, 347.1)(20.0, 347.1)(20.0, 284.2);GATE
Port:(20.0, 298.0)(25.5, 298.0)(25.5, 333.3)(20.0, 333.3);SD
Port:(233.7, 284.2)(233.7, 332.6)(233.7, 332.6)(233.7, 347.1)(27.9, 347.1)(27.9, 284.2);GATE
Port:(221.7, 290.1)(228.8, 290.1)(228.8, 326.7)(221.7, 326.7);SD
Module:M6
Boundary:(425.9, 135.5)(425.9, 214.8)(412.8, 214.8)(412.8, 228.3)(267.4, 228.3)(267.4, 135.5);GATE
Port:(267.4, 149.7)(271.6, 149.7)(271.6, 214.1)(267.4, 214.1);SD
Port:(425.9, 135.5)(425.9, 214.8)(412.8, 214.8)(412.8, 228.3)(274.1, 228.3)(274.1, 135.5);GATE
Port:(413.3, 142.0)(420.4, 142.0)(420.4, 207.3)(413.3, 207.3);SD
Module:M2
Boundary:(573.2, 227.5)(573.2, 312.7)(553.4, 312.7)(553.4, 328.5)(483.4, 328.5)(483.4, 227.5);GATE
Port:(483.4, 240.6)(488.8, 240.6)(488.8, 315.4)(483.4, 315.4);SD
Port:(573.2, 227.5)(573.2, 312.7)(553.4, 312.7)(553.4, 328.5)(490.7, 328.5)(490.7, 227.5);GATE
Port:(563.1, 234.3)(567.4, 234.3)(567.4, 304.9)(563.1, 304.9);SD
Module:M16
Boundary:(236.7, 387.1)(236.7, 439.3)(121.3, 439.3)(121.3, 455.6)(20.0, 455.6)(20.0, 387.1);GATE
Port:(20.0, 400.4)(25.5, 400.4)(25.5, 442.3)(20.0, 442.3);SD
Port:(236.7, 387.1)(236.7, 439.3)(121.3, 439.3)(121.3, 455.6)(27.4, 455.6)(27.4, 387.1);GATE
Port:(226.8, 392.7)(232.1, 392.7)(232.1, 432.7)(226.8, 432.7);SD
Module:M13
Boundary:(483.4, 20.0)(551.1, 20.0)(551.1, 187.5)(483.4, 187.5);GATE
Port:(497.4, 183.3)(537.1, 183.3)(537.1, 187.5)(497.4, 187.5);SD
Port:(483.4, 20.0)(551.1, 20.0)(551.1, 180.8)(483.4, 180.8);GATE
Port:(489.5, 25.1)(545.0, 25.1)(545.0, 31.1)(489.5, 31.1);SD
Module:M10
Boundary:(443.4, 20.0)(443.4, 82.4)(373.1, 82.4)(373.1, 95.5)(241.4, 95.5)(241.4, 20.0);GATE
Port:(241.4, 33.5)(247.1, 33.5)(247.1, 82.0)(241.4, 82.0);SD
Port:(443.4, 20.0)(443.4, 82.4)(373.1, 82.4)(373.1, 95.5)(249.7, 95.5)(249.7, 20.0);GATE
Port:(432.3, 26.5)(437.9, 26.5)(437.9, 74.9)(432.3, 74.9);SD
Module:M7
Boundary:(1035.4, 154.7)(1035.4, 207.1)(1035.4, 207.1)(1035.4, 224.8)(934.4, 224.8)(934.4, 154.7);GATE
Port:(934.4, 168.3)(939.4, 168.3)(939.4, 211.2)(934.4, 211.2);SD
Port:(1035.4, 154.7)(1035.4, 207.1)(1035.4, 207.1)(1035.4, 224.8)(942.4, 224.8)(942.4, 154.7);GATE
Port:(1024.5, 160.2)(1030.9, 160.2)(1030.9, 201.6)(1024.5, 201.6);SD
Module:M3
Boundary:(924.2, 363.4)(924.2, 464.4)(737.7, 464.4)(737.7, 363.4);GATE
Port:(737.7, 377.7)(743.4, 377.7)(743.4, 450.1)(737.7, 450.1);SD
Port:(924.2, 363.4)(924.2, 464.4)(745.2, 464.4)(745.2, 363.4);GATE
Port:(912.8, 369.6)(919.0, 369.6)(919.0, 458.2)(912.8, 458.2);SD
Module:M18
Boundary:(201.4, 20.0)(201.4, 84.3)(185.7, 84.3)(185.7, 98.1)(20.0, 98.1)(20.0, 20.0);GATE
Port:(20.0, 33.8)(25.5, 33.8)(25.5, 84.3)(20.0, 84.3);SD
Port:(201.4, 20.0)(201.4, 84.3)(185.7, 84.3)(185.7, 98.1)(26.9, 98.1)(26.9, 20.0);GATE
Port:(189.8, 25.3)(197.1, 25.3)(197.1, 78.0)(189.8, 78.0);SD
Module:M20
Boundary:(227.4, 138.1)(227.4, 230.4)(172.2, 230.4)(172.2, 244.2)(20.0, 244.2)(20.0, 138.1);GATE
Port:(20.0, 150.5)(25.7, 150.5)(25.7, 231.8)(20.0, 231.8);SD
Port:(227.4, 138.1)(227.4, 230.4)(172.2, 230.4)(172.2, 244.2)(27.8, 244.2)(27.8, 138.1);GATE
Port:(216.7, 143.8)(222.7, 143.8)(222.7, 223.7)(216.7, 223.7);SD
Module:M15
Boundary:(964.2, 264.8)(1039.6, 264.8)(1039.6, 457.0)(964.2, 457.0);GATE
Port:(979.5, 452.2)(1024.3, 452.2)(1024.3, 457.0)(979.5, 457.0);SD
Port:(964.2, 264.8)(1039.6, 264.8)(1039.6, 451.1)(964.2, 451.1);GATE
Port:(971.0, 270.6)(1032.8, 270.6)(1032.8, 276.9)(971.0, 276.9);SD
Module:M12
Boundary:(902.1, 20.0)(902.1, 66.2)(792.3, 66.2)(792.3, 79.5)(696.7, 79.5)(696.7, 20.0);GATE
Port:(696.7, 32.1)(701.4, 32.1)(701.4, 67.4)(696.7, 67.4);SD
Port:(902.1, 20.0)(902.1, 66.2)(792.3, 66.2)(792.3, 79.5)(702.4, 79.5)(702.4, 20.0);GATE
Port:(892.1, 25.9)(897.2, 25.9)(897.2, 59.3)(892.1, 59.3);SD
Module:M8
Boundary:(1037.7, 20.0)(1037.7, 102.5)(986.5, 102.5)(986.5, 114.7)(942.1, 114.7)(942.1, 20.0);GATE
Port:(942.1, 30.9)(947.1, 30.9)(947.1, 103.8)(942.1, 103.8);SD
Port:(1037.7, 20.0)(1037.7, 102.5)(986.5, 102.5)(986.5, 114.7)(949.7, 114.7)(949.7, 20.0);GATE
Port:(1028.4, 25.1)(1033.6, 25.1)(1033.6, 96.4)(1028.4, 96.4);SD
Module:M4
Boundary:(697.7, 368.5)(697.7, 450.3)(659.9, 450.3)(659.9, 464.9)(483.4, 464.9)(483.4, 368.5);GATE
Port:(483.4, 382.0)(488.8, 382.0)(488.8, 451.4)(483.4, 451.4);SD
Port:(697.7, 368.5)(697.7, 450.3)(659.9, 450.3)(659.9, 464.9)(490.5, 464.9)(490.5, 368.5);GATE
Port:(686.2, 374.4)(692.8, 374.4)(692.8, 443.4)(686.2, 443.4);SD
Module:M17
Boundary:(891.9, 219.3)(891.9, 321.2)(774.6, 321.2)(774.6, 219.3);GATE
Port:(774.6, 231.7)(778.9, 231.7)(778.9, 308.8)(774.6, 308.8);SD
Port:(891.9, 219.3)(891.9, 321.2)(781.3, 321.2)(781.3, 219.3);GATE
Port:(882.5, 225.1)(887.1, 225.1)(887.1, 315.4)(882.5, 315.4);SD
