Area:(-20.0, -20.0)(276.0, -20.0)(276.0, 534.0)(-20.0, 534.0)
Rule:GATE(5,5);SD(5,5);GATE_SD(0.5);GATE_ITO(0.5);SD_ITO(0.5)
Module:M5
Boundary:(20.0, 169.0)(149.5, 169.0)(149.5, 227.7)(183.0, 227.7)(183.0, 302.0)(20.0, 302.0);GATE
Port:(34.5, 292.0)(168.5, 292.0)(168.5, 302.0)(34.5, 302.0);SD
Port:(20.0, 169.0)(149.5, 169.0)(149.5, 227.7)(183.0, 227.7)(183.0, 287.0)(20.0, 287.0);GATE
Port:(30.0, 174.0)(135.0, 174.0)(135.0, 178.0)(30.0, 178.0);SD
Module:M1
Boundary:(136.0, 342.0)(212.0, 342.0)(212.0, 350.0)(227.0, 350.0)(227.0, 494.0)(136.0, 494.0);GATE
Port:(150.5, 484.0)(212.5, 484.0)(212.5, 494.0)(150.5, 494.0);SD
Port:(136.0, 342.0)(212.0, 342.0)(212.0, 350.0)(227.0, 350.0)(227.0, 479.0)(136.0, 479.0);GATE
Port:(146.0, 347.0)(197.0, 347.0)(197.0, 351.0)(146.0, 351.0);SD
Module:M2
Boundary:(145.0, 20.0)(221.0, 20.0)(221.0, 28.0)(236.0, 28.0)(236.0, 124.0)(145.0, 124.0);GATE
Port:(159.5, 114.0)(221.5, 114.0)(221.5, 124.0)(159.5, 124.0);SD
Port:(145.0, 20.0)(221.0, 20.0)(221.0, 28.0)(236.0, 28.0)(236.0, 109.0)(145.0, 109.0);GATE
Port:(155.0, 25.0)(206.0, 25.0)(206.0, 29.0)(155.0, 29.0);SD
Module:M3
Boundary:(96.0, 342.0)(96.0, 471.5)(82.0, 471.5)(82.0, 487.0)(20.0, 487.0)(20.0, 342.0);GATE
Port:(20.0, 356.5)(30.0, 356.5)(30.0, 472.5)(20.0, 472.5);SD
Port:(96.0, 342.0)(96.0, 471.5)(82.0, 471.5)(82.0, 487.0)(35.0, 487.0)(35.0, 342.0);GATE
Port:(87.0, 352.0)(91.0, 352.0)(91.0, 457.0)(87.0, 457.0);SD
Module:M4
Boundary:(105.0, 20.0)(105.0, 113.5)(95.0, 113.5)(95.0, 129.0)(20.0, 129.0)(20.0, 20.0);GATE
Port:(20.0, 34.5)(30.0, 34.5)(30.0, 114.5)(20.0, 114.5);SD
Port:(105.0, 20.0)(105.0, 113.5)(95.0, 113.5)(95.0, 129.0)(35.0, 129.0)(35.0, 20.0);GATE
Port:(96.0, 30.0)(100.0, 30.0)(100.0, 99.0)(96.0, 99.0);SD
