Area:(-6.5, 13.1)(394.6, 13.1)(394.6, 541.4)(-6.5, 541.4)
Rule:GATE(5,5);SD(5,5);GATE_SD(0.5);GATE_ITO(0.5);SD_ITO(0.5)
Module:M6
Boundary:(249.8, 156.9)(249.8, 99.3)(192.7, 99.3)(192.7, 86.7)(111.1, 86.7)(111.1, 156.9);GATE
Port:(111.1, 98.4)(116.8, 98.4)(116.8, 145.2)(111.1, 145.2);SD
Port:(249.8, 156.9)(249.8, 99.3)(192.7, 99.3)(192.7, 86.7)(119.4, 86.7)(119.4, 156.9);GATE
Port:(239.8, 105.7)(245.4, 105.7)(245.4, 151.5)(239.8, 151.5);SD
Module:M3
Boundary:(281.3, 53.1)(345.6, 53.1)(345.6, 207.1)(281.3, 207.1);GATE
Port:(294.8, 203.0)(332.1, 203.0)(332.1, 207.1)(294.8, 207.1);SD
Port:(281.3, 53.1)(345.6, 53.1)(345.6, 200.8)(281.3, 200.8);GATE
Port:(286.9, 57.7)(340.0, 57.7)(340.0, 64.9)(286.9, 64.9);SD
Module:M9
Boundary:(231.0, 161.7)(231.0, 242.4)(230.9, 242.4)(230.9, 258.7)(118.6, 258.7)(118.6, 161.7);GATE
Port:(118.6, 173.9)(124.0, 173.9)(124.0, 246.5)(118.6, 246.5);SD
Port:(231.0, 161.7)(231.0, 242.4)(230.9, 242.4)(230.9, 258.7)(125.8, 258.7)(125.8, 161.7);GATE
Port:(221.0, 166.7)(227.0, 166.7)(227.0, 237.4)(221.0, 237.4);SD
Module:M5
Boundary:(94.3, 73.9)(60.2, 73.9)(60.2, 73.9)(42.9, 73.9)(42.9, 277.6)(94.3, 277.6);GATE
Port:(56.6, 271.8)(80.6, 271.8)(80.6, 277.6)(56.6, 277.6);SD
Port:(94.3, 73.9)(60.2, 73.9)(60.2, 73.9)(42.9, 73.9)(42.9, 270.0)(94.3, 270.0);GATE
Port:(65.8, 78.5)(88.7, 78.5)(88.7, 84.8)(65.8, 84.8);SD
Module:M10
Boundary:(233.6, 216.0)(290.6, 216.0)(290.6, 224.9)(307.6, 224.9)(307.6, 285.5)(233.6, 285.5);GATE
Port:(249.0, 281.4)(292.2, 281.4)(292.2, 285.5)(249.0, 285.5);SD
Port:(233.6, 216.0)(290.6, 216.0)(290.6, 224.9)(307.6, 224.9)(307.6, 279.7)(233.6, 279.7);GATE
Port:(239.5, 220.9)(283.7, 220.9)(283.7, 228.1)(239.5, 228.1);SD
Module:M1
Boundary:(204.7, 269.1)(175.0, 269.1)(175.0, 269.2)(162.1, 269.2)(162.1, 398.4)(204.7, 398.4);GATE
Port:(173.8, 393.1)(193.0, 393.1)(193.0, 398.4)(173.8, 398.4);SD
Port:(204.7, 269.1)(175.0, 269.1)(175.0, 269.2)(162.1, 269.2)(162.1, 392.0)(204.7, 392.0);GATE
Port:(181.4, 274.5)(198.3, 274.5)(198.3, 279.1)(181.4, 279.1);SD
Module:M7
Boundary:(217.7, 318.6)(217.7, 365.4)(217.9, 365.4)(217.9, 379.3)(348.4, 379.3)(348.4, 318.6);GATE
Port:(342.5, 331.9)(348.4, 331.9)(348.4, 366.0)(342.5, 366.0);SD
Port:(217.7, 318.6)(217.7, 365.4)(217.9, 365.4)(217.9, 379.3)(341.1, 379.3)(341.1, 318.6);GATE
Port:(223.3, 325.2)(228.9, 325.2)(228.9, 358.8)(223.3, 358.8);SD
Module:M8
Boundary:(38.9, 405.6)(135.7, 405.6)(135.7, 365.2)(153.5, 365.2)(153.5, 277.7)(38.9, 277.7);GATE
Port:(54.8, 277.7)(137.6, 277.7)(137.6, 282.8)(54.8, 282.8);SD
Port:(38.9, 405.6)(135.7, 405.6)(135.7, 365.2)(153.5, 365.2)(153.5, 285.5)(38.9, 285.5);GATE
Port:(45.8, 393.0)(127.8, 393.0)(127.8, 399.7)(45.8, 399.7);SD
Module:M4
Boundary:(147.5, 478.4)(147.5, 403.6)(255.9, 403.6)(255.9, 390.7)(354.6, 390.7)(354.6, 478.4);GATE
Port:(349.0, 403.5)(354.6, 403.5)(354.6, 465.6)(349.0, 465.6);SD
Port:(147.5, 478.4)(147.5, 403.6)(255.9, 403.6)(255.9, 390.7)(346.4, 390.7)(346.4, 478.4);GATE
Port:(153.0, 411.1)(158.7, 411.1)(158.7, 471.9)(153.0, 471.9);SD
Module:M2
Boundary:(130.0, 420.2)(130.0, 486.5)(93.2, 486.5)(93.2, 501.4)(33.5, 501.4)(33.5, 420.2);GATE
Port:(33.5, 433.6)(38.1, 433.6)(38.1, 488.0)(33.5, 488.0);SD
Port:(130.0, 420.2)(130.0, 486.5)(93.2, 486.5)(93.2, 501.4)(39.2, 501.4)(39.2, 420.2);GATE
Port:(119.0, 426.8)(124.4, 426.8)(124.4, 478.9)(119.0, 478.9);SD
