Area:(7.8, -11.3)(841.4, -11.3)(841.4, 647.6)(7.8, 647.6)
Rule:GATE(5,5);SD(5,5);GATE_SD(0.5);GATE_ITO(0.5);SD_ITO(0.5)
Module:M15
Boundary:(773.1, 76.4)(773.1, 130.1)(772.8, 130.1)(772.8, 147.3)(581.4, 147.3)(581.4, 76.4);GATE
Port:(581.4, 91.0)(586.8, 91.0)(586.8, 132.7)(581.4, 132.7);SD
Port:(773.1, 76.4)(773.1, 130.1)(772.8, 130.1)(772.8, 147.3)(589.1, 147.3)(589.1, 76.4);GATE
Port:(761.8, 83.1)(767.4, 83.1)(767.4, 123.4)(761.8, 123.4);SD
Module:M5
Boundary:(493.3, 174.4)(426.3, 174.4)(426.3, 174.2)(408.7, 174.2)(408.7, 31.4)(493.3, 31.4);GATE
Port:(421.0, 31.4)(481.0, 31.4)(481.0, 36.7)(421.0, 36.7);SD
Port:(493.3, 174.4)(426.3, 174.4)(426.3, 174.2)(408.7, 174.2)(408.7, 39.1)(493.3, 39.1);GATE
Port:(431.4, 165.5)(488.2, 165.5)(488.2, 170.3)(431.4, 170.3);SD
Module:M17
Boundary:(493.7, 53.2)(569.2, 53.2)(569.2, 196.3)(493.7, 196.3);GATE
Port:(505.5, 190.9)(557.4, 190.9)(557.4, 196.3)(505.5, 196.3);SD
Port:(493.7, 53.2)(569.2, 53.2)(569.2, 188.0)(493.7, 188.0);GATE
Port:(499.4, 57.9)(563.5, 57.9)(563.5, 62.5)(499.4, 62.5);SD
Module:M14
Boundary:(408.1, 174.5)(345.7, 174.5)(345.7, 137.5)(331.1, 137.5)(331.1, 28.7)(408.1, 28.7);GATE
Port:(343.0, 28.7)(396.2, 28.7)(396.2, 34.4)(343.0, 34.4);SD
Port:(408.1, 174.5)(345.7, 174.5)(345.7, 137.5)(331.1, 137.5)(331.1, 37.3)(408.1, 37.3);GATE
Port:(351.9, 165.4)(402.9, 165.4)(402.9, 170.3)(351.9, 170.3);SD
Module:M9
Boundary:(801.4, 157.0)(801.4, 204.3)(609.4, 204.3)(609.4, 157.0);GATE
Port:(609.4, 168.3)(614.2, 168.3)(614.2, 193.0)(609.4, 193.0);SD
Port:(801.4, 157.0)(801.4, 204.3)(616.0, 204.3)(616.0, 157.0);GATE
Port:(793.1, 162.2)(797.2, 162.2)(797.2, 199.1)(793.1, 199.1);SD
Module:M4
Boundary:(179.2, 245.2)(267.0, 245.2)(267.0, 140.7)(283.7, 140.7)(283.7, 47.2)(179.2, 47.2);GATE
Port:(192.5, 47.2)(270.4, 47.2)(270.4, 52.5)(192.5, 52.5);SD
Port:(179.2, 245.2)(267.0, 245.2)(267.0, 140.7)(283.7, 140.7)(283.7, 55.0)(179.2, 55.0);GATE
Port:(184.9, 235.2)(260.3, 235.2)(260.3, 240.5)(184.9, 240.5);SD
Module:M7
Boundary:(47.8, 66.2)(106.1, 66.2)(106.1, 66.3)(120.1, 66.3)(120.1, 280.1)(47.8, 280.1);GATE
Port:(59.8, 276.0)(108.1, 276.0)(108.1, 280.1)(59.8, 280.1);SD
Port:(47.8, 66.2)(106.1, 66.2)(106.1, 66.3)(120.1, 66.3)(120.1, 274.3)(47.8, 274.3);GATE
Port:(53.1, 70.5)(100.8, 70.5)(100.8, 76.1)(53.1, 76.1);SD
Module:M13
Boundary:(395.5, 196.2)(303.9, 196.2)(303.9, 196.3)(289.0, 196.3)(289.0, 318.0)(395.5, 318.0);GATE
Port:(301.9, 312.8)(382.6, 312.8)(382.6, 318.0)(301.9, 318.0);SD
Port:(395.5, 196.2)(303.9, 196.2)(303.9, 196.3)(289.0, 196.3)(289.0, 311.6)(395.5, 311.6);GATE
Port:(309.5, 200.8)(389.9, 200.8)(389.9, 206.5)(309.5, 206.5);SD
Module:M2
Boundary:(397.9, 337.3)(505.3, 337.3)(505.3, 296.1)(521.5, 296.1)(521.5, 209.5)(397.9, 209.5);GATE
Port:(413.0, 209.5)(506.4, 209.5)(506.4, 214.5)(413.0, 214.5);SD
Port:(397.9, 337.3)(505.3, 337.3)(505.3, 296.1)(521.5, 296.1)(521.5, 216.5)(397.9, 216.5);GATE
Port:(404.3, 325.1)(497.9, 325.1)(497.9, 331.9)(404.3, 331.9);SD
Module:M1
Boundary:(638.5, 204.5)(538.1, 204.5)(538.1, 358.6)(638.5, 358.6);GATE
Port:(552.4, 352.9)(624.2, 352.9)(624.2, 358.6)(552.4, 358.6);SD
Port:(638.5, 204.5)(538.1, 204.5)(538.1, 350.9)(638.5, 350.9);GATE
Port:(544.6, 210.0)(632.0, 210.0)(632.0, 215.4)(544.6, 215.4);SD
Module:M10
Boundary:(693.6, 214.6)(776.0, 214.6)(776.0, 304.2)(790.7, 304.2)(790.7, 420.2)(693.6, 420.2);GATE
Port:(707.3, 415.3)(777.0, 415.3)(777.0, 420.2)(707.3, 420.2);SD
Port:(693.6, 214.6)(776.0, 214.6)(776.0, 304.2)(790.7, 304.2)(790.7, 412.5)(693.6, 412.5);GATE
Port:(700.3, 220.3)(768.3, 220.3)(768.3, 226.2)(700.3, 226.2);SD
Module:M18
Boundary:(60.9, 448.6)(117.0, 448.6)(117.0, 381.4)(132.9, 381.4)(132.9, 288.3)(60.9, 288.3);GATE
Port:(76.3, 288.3)(117.5, 288.3)(117.5, 293.1)(76.3, 293.1);SD
Port:(60.9, 448.6)(117.0, 448.6)(117.0, 381.4)(132.9, 381.4)(132.9, 294.4)(60.9, 294.4);GATE
Port:(67.8, 435.7)(109.1, 435.7)(109.1, 442.7)(67.8, 442.7);SD
Module:M19
Boundary:(315.0, 321.9)(394.6, 321.9)(394.6, 417.4)(315.0, 417.4);GATE
Port:(329.5, 412.9)(380.1, 412.9)(380.1, 417.4)(329.5, 417.4);SD
Port:(315.0, 321.9)(394.6, 321.9)(394.6, 410.4)(315.0, 410.4);GATE
Port:(321.4, 327.3)(388.2, 327.3)(388.2, 334.2)(321.4, 334.2);SD
Module:M16
Boundary:(259.9, 284.8)(170.6, 284.8)(170.6, 361.3)(157.1, 361.3)(157.1, 499.7)(259.9, 499.7);GATE
Port:(168.8, 494.8)(248.2, 494.8)(248.2, 499.7)(168.8, 499.7);SD
Port:(259.9, 284.8)(170.6, 284.8)(170.6, 361.3)(157.1, 361.3)(157.1, 493.0)(259.9, 493.0);GATE
Port:(176.7, 288.9)(254.8, 288.9)(254.8, 294.9)(176.7, 294.9);SD
Module:M20
Boundary:(516.7, 471.1)(516.7, 373.3)(478.1, 373.3)(478.1, 358.8)(394.7, 358.8)(394.7, 471.1);GATE
Port:(394.7, 372.7)(399.8, 372.7)(399.8, 457.2)(394.7, 457.2);SD
Port:(516.7, 471.1)(516.7, 373.3)(478.1, 373.3)(478.1, 358.8)(401.2, 358.8)(401.2, 471.1);GATE
Port:(504.7, 381.2)(510.8, 381.2)(510.8, 464.2)(504.7, 464.2);SD
Module:M6
Boundary:(118.8, 455.6)(51.6, 455.6)(51.6, 592.3)(118.8, 592.3);GATE
Port:(64.6, 586.3)(105.8, 586.3)(105.8, 592.3)(64.6, 592.3);SD
Port:(118.8, 455.6)(51.6, 455.6)(51.6, 585.3)(118.8, 585.3);GATE
Port:(56.9, 459.9)(113.5, 459.9)(113.5, 465.6)(56.9, 465.6);SD
Module:M12
Boundary:(384.6, 607.6)(384.6, 517.2)(286.7, 517.2)(286.7, 503.8)(163.3, 503.8)(163.3, 607.6);GATE
Port:(163.3, 516.1)(169.0, 516.1)(169.0, 595.3)(163.3, 595.3);SD
Port:(384.6, 607.6)(384.6, 517.2)(286.7, 517.2)(286.7, 503.8)(171.7, 503.8)(171.7, 607.6);GATE
Port:(374.0, 523.6)(380.2, 523.6)(380.2, 602.2)(374.0, 602.2);SD
Module:M3
Boundary:(510.7, 471.9)(510.7, 568.6)(393.3, 568.6)(393.3, 471.9);GATE
Port:(393.3, 484.0)(397.7, 484.0)(397.7, 556.5)(393.3, 556.5);SD
Port:(510.7, 471.9)(510.7, 568.6)(400.1, 568.6)(400.1, 471.9);GATE
Port:(501.7, 477.1)(506.5, 477.1)(506.5, 563.4)(501.7, 563.4);SD
Module:M11
Boundary:(626.6, 387.7)(536.3, 387.7)(536.3, 388.1)(519.0, 388.1)(519.0, 595.3)(626.6, 595.3);GATE
Port:(534.5, 590.2)(611.1, 590.2)(611.1, 595.3)(534.5, 595.3);SD
Port:(626.6, 387.7)(536.3, 387.7)(536.3, 388.1)(519.0, 388.1)(519.0, 588.8)(626.6, 588.8);GATE
Port:(543.0, 393.4)(619.9, 393.4)(619.9, 400.2)(543.0, 400.2);SD
Module:M8
Boundary:(794.5, 428.3)(705.9, 428.3)(705.9, 428.7)(687.7, 428.7)(687.7, 592.8)(794.5, 592.8);GATE
Port:(700.8, 587.3)(781.4, 587.3)(781.4, 592.8)(700.8, 592.8);SD
Port:(794.5, 428.3)(705.9, 428.3)(705.9, 428.7)(687.7, 428.7)(687.7, 585.3)(794.5, 585.3);GATE
Port:(711.9, 433.3)(788.5, 433.3)(788.5, 438.0)(711.9, 438.0);SD
