Area:(-20.0, -20.0)(347.0, -20.0)(347.0, 940.0)(-20.0, 940.0)
Rule:GATE(5,5);SD(5,5);GATE_SD(0.5);GATE_ITO(0.5);SD_ITO(0.5)
Module:M9
Boundary:(20.0, 20.0)(96.0, 20.0)(96.0, 28.0)(111.0, 28.0)(111.0, 203.0)(20.0, 203.0);GATE
Port:(34.5, 193.0)(96.5, 193.0)(96.5, 203.0)(34.5, 203.0);SD
Port:(20.0, 20.0)(96.0, 20.0)(96.0, 28.0)(111.0, 28.0)(111.0, 188.0)(20.0, 188.0);GATE
Port:(30.0, 25.0)(81.0, 25.0)(81.0, 29.0)(30.0, 29.0);SD
Module:M5
Boundary:(296.0, 368.0)(296.0, 441.0)(143.0, 441.0)(143.0, 368.0);GATE
Port:(143.0, 382.5)(153.0, 382.5)(153.0, 426.5)(143.0, 426.5);SD
Port:(296.0, 368.0)(296.0, 441.0)(158.0, 441.0)(158.0, 368.0);GATE
Port:(287.0, 378.0)(291.0, 378.0)(291.0, 431.0)(287.0, 431.0);SD
Module:M1
Boundary:(20.0, 356.0)(93.0, 356.0)(93.0, 442.0)(20.0, 442.0);GATE
Port:(34.5, 432.0)(78.5, 432.0)(78.5, 442.0)(34.5, 442.0);SD
Port:(20.0, 356.0)(93.0, 356.0)(93.0, 427.0)(20.0, 427.0);GATE
Port:(30.0, 361.0)(83.0, 361.0)(83.0, 365.0)(30.0, 365.0);SD
Module:M6
Boundary:(20.0, 658.0)(93.0, 658.0)(93.0, 802.0)(20.0, 802.0);GATE
Port:(34.5, 792.0)(78.5, 792.0)(78.5, 802.0)(34.5, 802.0);SD
Port:(20.0, 658.0)(93.0, 658.0)(93.0, 787.0)(20.0, 787.0);GATE
Port:(30.0, 663.0)(83.0, 663.0)(83.0, 667.0)(30.0, 667.0);SD
Module:M2
Boundary:(307.0, 701.0)(307.0, 830.5)(230.8, 830.5)(230.8, 900.0)(133.0, 900.0)(133.0, 701.0);GATE
Port:(133.0, 715.5)(143.0, 715.5)(143.0, 885.5)(133.0, 885.5);SD
Port:(307.0, 701.0)(307.0, 830.5)(230.8, 830.5)(230.8, 900.0)(148.0, 900.0)(148.0, 701.0);GATE
Port:(298.0, 711.0)(302.0, 711.0)(302.0, 816.0)(298.0, 816.0);SD
Module:M10
Boundary:(161.0, 30.0)(272.5, 30.0)(272.5, 42.0)(288.0, 42.0)(288.0, 183.0)(161.0, 183.0);GATE
Port:(175.5, 173.0)(273.5, 173.0)(273.5, 183.0)(175.5, 183.0);SD
Port:(161.0, 30.0)(272.5, 30.0)(272.5, 42.0)(288.0, 42.0)(288.0, 168.0)(161.0, 168.0);GATE
Port:(171.0, 35.0)(258.0, 35.0)(258.0, 39.0)(171.0, 39.0);SD
Module:M7
Boundary:(167.0, 233.0)(260.5, 233.0)(260.5, 243.0)(276.0, 243.0)(276.0, 318.0)(167.0, 318.0);GATE
Port:(181.5, 308.0)(261.5, 308.0)(261.5, 318.0)(181.5, 318.0);SD
Port:(167.0, 233.0)(260.5, 233.0)(260.5, 243.0)(276.0, 243.0)(276.0, 303.0)(167.0, 303.0);GATE
Port:(177.0, 238.0)(246.0, 238.0)(246.0, 242.0)(177.0, 242.0);SD
Module:M3
Boundary:(127.0, 243.0)(127.0, 316.0)(20.0, 316.0)(20.0, 243.0);GATE
Port:(20.0, 257.5)(30.0, 257.5)(30.0, 301.5)(20.0, 301.5);SD
Port:(127.0, 243.0)(127.0, 316.0)(35.0, 316.0)(35.0, 243.0);GATE
Port:(118.0, 253.0)(122.0, 253.0)(122.0, 306.0)(118.0, 306.0);SD
Module:M8
Boundary:(143.0, 491.0)(236.5, 491.0)(236.5, 566.2)(270.0, 566.2)(270.0, 661.0)(143.0, 661.0);GATE
Port:(157.5, 651.0)(255.5, 651.0)(255.5, 661.0)(157.5, 661.0);SD
Port:(143.0, 491.0)(236.5, 491.0)(236.5, 566.2)(270.0, 566.2)(270.0, 646.0)(143.0, 646.0);GATE
Port:(153.0, 496.0)(222.0, 496.0)(222.0, 500.0)(153.0, 500.0);SD
Module:M4
Boundary:(103.0, 491.0)(103.0, 584.5)(71.3, 584.5)(71.3, 618.0)(20.0, 618.0)(20.0, 491.0);GATE
Port:(20.0, 505.5)(30.0, 505.5)(30.0, 603.5)(20.0, 603.5);SD
Port:(103.0, 491.0)(103.0, 584.5)(71.3, 584.5)(71.3, 618.0)(35.0, 618.0)(35.0, 491.0);GATE
Port:(94.0, 501.0)(98.0, 501.0)(98.0, 570.0)(94.0, 570.0);SD
