Area:(-20.0, -20.0)(526.0, -20.0)(526.0, 447.0)(-20.0, 447.0)
Rule:GATE(5,5);SD(5,5);GATE_SD(0.5);GATE_ITO(0.5);SD_ITO(0.5)
Module:M9
Boundary:(205.0, 20.0)(334.5, 20.0)(334.5, 34.0)(350.0, 34.0)(350.0, 147.0)(205.0, 147.0);GATE
Port:(219.5, 137.0)(335.5, 137.0)(335.5, 147.0)(219.5, 147.0);SD
Port:(205.0, 20.0)(334.5, 20.0)(334.5, 34.0)(350.0, 34.0)(350.0, 132.0)(205.0, 132.0);GATE
Port:(215.0, 25.0)(320.0, 25.0)(320.0, 29.0)(215.0, 29.0);SD
Module:M5
Boundary:(327.0, 310.0)(327.0, 386.0)(319.0, 386.0)(319.0, 401.0)(215.0, 401.0)(215.0, 310.0);GATE
Port:(215.0, 324.5)(225.0, 324.5)(225.0, 386.5)(215.0, 386.5);SD
Port:(327.0, 310.0)(327.0, 386.0)(319.0, 386.0)(319.0, 401.0)(230.0, 401.0)(230.0, 310.0);GATE
Port:(318.0, 320.0)(322.0, 320.0)(322.0, 371.0)(318.0, 371.0);SD
Module:M1
Boundary:(411.0, 160.0)(484.0, 160.0)(484.0, 278.0)(411.0, 278.0);GATE
Port:(425.5, 268.0)(469.5, 268.0)(469.5, 278.0)(425.5, 278.0);SD
Port:(411.0, 160.0)(484.0, 160.0)(484.0, 263.0)(411.0, 263.0);GATE
Port:(421.0, 165.0)(474.0, 165.0)(474.0, 169.0)(421.0, 169.0);SD
Module:M6
Boundary:(148.0, 187.0)(148.0, 260.0)(20.0, 260.0)(20.0, 187.0);GATE
Port:(20.0, 201.5)(30.0, 201.5)(30.0, 245.5)(20.0, 245.5);SD
Port:(148.0, 187.0)(148.0, 260.0)(35.0, 260.0)(35.0, 187.0);GATE
Port:(139.0, 197.0)(143.0, 197.0)(143.0, 250.0)(139.0, 250.0);SD
Module:M2
Boundary:(298.0, 187.0)(371.0, 187.0)(371.0, 260.0)(298.0, 260.0);GATE
Port:(312.5, 250.0)(356.5, 250.0)(356.5, 260.0)(312.5, 260.0);SD
Port:(298.0, 187.0)(371.0, 187.0)(371.0, 245.0)(298.0, 245.0);GATE
Port:(308.0, 192.0)(361.0, 192.0)(361.0, 196.0)(308.0, 196.0);SD
Module:M10
Boundary:(400.0, 30.0)(473.0, 30.0)(473.0, 110.0)(400.0, 110.0);GATE
Port:(414.5, 100.0)(458.5, 100.0)(458.5, 110.0)(414.5, 110.0);SD
Port:(400.0, 30.0)(473.0, 30.0)(473.0, 95.0)(400.0, 95.0);GATE
Port:(410.0, 35.0)(463.0, 35.0)(463.0, 39.0)(410.0, 39.0);SD
Module:M7
Boundary:(377.0, 318.0)(470.5, 318.0)(470.5, 328.0)(486.0, 328.0)(486.0, 400.0)(377.0, 400.0);GATE
Port:(391.5, 390.0)(471.5, 390.0)(471.5, 400.0)(391.5, 400.0);SD
Port:(377.0, 318.0)(470.5, 318.0)(470.5, 328.0)(486.0, 328.0)(486.0, 385.0)(377.0, 385.0);GATE
Port:(387.0, 323.0)(456.0, 323.0)(456.0, 327.0)(387.0, 327.0);SD
Module:M3
Boundary:(20.0, 20.0)(149.5, 20.0)(149.5, 34.0)(165.0, 34.0)(165.0, 147.0)(20.0, 147.0);GATE
Port:(34.5, 137.0)(150.5, 137.0)(150.5, 147.0)(34.5, 147.0);SD
Port:(20.0, 20.0)(149.5, 20.0)(149.5, 34.0)(165.0, 34.0)(165.0, 132.0)(20.0, 132.0);GATE
Port:(30.0, 25.0)(135.0, 25.0)(135.0, 29.0)(30.0, 29.0);SD
Module:M8
Boundary:(258.0, 187.0)(258.0, 260.0)(188.0, 260.0)(188.0, 187.0);GATE
Port:(188.0, 201.5)(198.0, 201.5)(198.0, 245.5)(188.0, 245.5);SD
Port:(258.0, 187.0)(258.0, 260.0)(203.0, 260.0)(203.0, 187.0);GATE
Port:(249.0, 197.0)(253.0, 197.0)(253.0, 250.0)(249.0, 250.0);SD
Module:M4
Boundary:(20.0, 300.0)(77.5, 300.0)(77.5, 333.0)(165.0, 333.0)(165.0, 407.0)(20.0, 407.0);GATE
Port:(34.5, 397.0)(150.5, 397.0)(150.5, 407.0)(34.5, 407.0);SD
Port:(20.0, 300.0)(77.5, 300.0)(77.5, 333.0)(165.0, 333.0)(165.0, 392.0)(20.0, 392.0);GATE
Port:(30.0, 305.0)(63.0, 305.0)(63.0, 309.0)(30.0, 309.0);SD
