Area:(-20.0, -20.0)(261.0, -20.0)(261.0, 789.1)(-20.0, 789.1)
Rule:GATE(5,5);SD(5,5);GATE_SD(0.5);GATE_ITO(0.5);SD_ITO(0.5)
Module:M5
Boundary:(161.3, 404.0)(161.3, 507.6)(20.0, 507.6)(20.0, 404.0);GATE
Port:(20.0, 416.2)(25.1, 416.2)(25.1, 495.4)(20.0, 495.4);SD
Port:(161.3, 404.0)(161.3, 507.6)(26.8, 507.6)(26.8, 404.0);GATE
Port:(150.9, 409.4)(156.9, 409.4)(156.9, 502.2)(150.9, 502.2);SD
Module:M1
Boundary:(20.0, 20.0)(91.2, 20.0)(91.2, 132.7)(20.0, 132.7);GATE
Port:(34.5, 127.3)(76.7, 127.3)(76.7, 132.7)(34.5, 132.7);SD
Port:(20.0, 20.0)(91.2, 20.0)(91.2, 124.5)(20.0, 124.5);GATE
Port:(26.4, 25.4)(84.8, 25.4)(84.8, 31.6)(26.4, 31.6);SD
Module:M2
Boundary:(20.0, 547.6)(128.5, 547.6)(128.5, 547.6)(146.4, 547.6)(146.4, 749.1)(20.0, 749.1);GATE
Port:(34.7, 743.4)(131.7, 743.4)(131.7, 749.1)(34.7, 749.1);SD
Port:(20.0, 547.6)(128.5, 547.6)(128.5, 547.6)(146.4, 547.6)(146.4, 741.9)(20.0, 741.9);GATE
Port:(25.6, 552.2)(122.9, 552.2)(122.9, 559.1)(25.6, 559.1);SD
Module:M3
Boundary:(131.2, 20.0)(202.6, 20.0)(202.6, 20.4)(221.0, 20.4)(221.0, 232.1)(131.2, 232.1);GATE
Port:(145.0, 226.3)(207.2, 226.3)(207.2, 232.1)(145.0, 232.1);SD
Port:(131.2, 20.0)(202.6, 20.0)(202.6, 20.4)(221.0, 20.4)(221.0, 223.7)(131.2, 223.7);GATE
Port:(136.5, 24.3)(197.3, 24.3)(197.3, 30.6)(136.5, 30.6);SD
Module:M4
Boundary:(129.3, 272.1)(129.3, 346.3)(104.2, 346.3)(104.2, 364.0)(20.0, 364.0)(20.0, 272.1);GATE
Port:(20.0, 286.2)(25.3, 286.2)(25.3, 349.9)(20.0, 349.9);SD
Port:(129.3, 272.1)(129.3, 346.3)(104.2, 346.3)(104.2, 364.0)(27.7, 364.0)(27.7, 272.1);GATE
Port:(118.5, 277.1)(125.3, 277.1)(125.3, 340.3)(118.5, 340.3);SD
