Area:(-20.0, -20.0)(1548.8, -20.0)(1548.8, 812.1)(-20.0, 812.1)
Rule:GATE(5,5);SD(5,5);GATE_SD(0.5);GATE_ITO(0.5);SD_ITO(0.5)
Module:M14
Boundary:(355.9, 149.8)(448.9, 149.8)(448.9, 177.2)(463.1, 177.2)(463.1, 219.5)(355.9, 219.5);GATE
Port:(367.9, 213.9)(451.1, 213.9)(451.1, 219.5)(367.9, 219.5);SD
Port:(355.9, 149.8)(448.9, 149.8)(448.9, 177.2)(463.1, 177.2)(463.1, 211.0)(355.9, 211.0);GATE
Port:(361.0, 153.9)(442.8, 153.9)(442.8, 159.4)(361.0, 159.4);SD
Module:M9
Boundary:(1372.9, 292.9)(1472.3, 292.9)(1472.3, 293.2)(1488.6, 293.2)(1488.6, 365.6)(1372.9, 365.6);GATE
Port:(1386.9, 360.4)(1474.6, 360.4)(1474.6, 365.6)(1386.9, 365.6);SD
Port:(1372.9, 292.9)(1472.3, 292.9)(1472.3, 293.2)(1488.6, 293.2)(1488.6, 357.9)(1372.9, 357.9);GATE
Port:(1379.0, 298.0)(1466.2, 298.0)(1466.2, 304.3)(1379.0, 304.3);SD
Module:M5
Boundary:(773.9, 161.0)(773.9, 258.1)(619.7, 258.1)(619.7, 161.0);GATE
Port:(619.7, 173.6)(625.6, 173.6)(625.6, 245.5)(619.7, 245.5);SD
Port:(773.9, 161.0)(773.9, 258.1)(628.2, 258.1)(628.2, 161.0);GATE
Port:(763.7, 166.8)(769.1, 166.8)(769.1, 252.3)(763.7, 252.3);SD
Module:M11
Boundary:(938.0, 161.0)(938.0, 247.7)(937.6, 247.7)(937.6, 264.5)(813.9, 264.5)(813.9, 161.0);GATE
Port:(813.9, 175.3)(819.6, 175.3)(819.6, 250.2)(813.9, 250.2);SD
Port:(938.0, 161.0)(938.0, 247.7)(937.6, 247.7)(937.6, 264.5)(822.5, 264.5)(822.5, 161.0);GATE
Port:(925.8, 167.2)(932.8, 167.2)(932.8, 241.5)(925.8, 241.5);SD
Module:M1
Boundary:(315.9, 20.0)(315.9, 69.6)(315.6, 69.6)(315.6, 86.6)(144.2, 86.6)(144.2, 20.0);GATE
Port:(144.2, 32.8)(149.6, 32.8)(149.6, 73.8)(144.2, 73.8);SD
Port:(315.9, 20.0)(315.9, 69.6)(315.6, 69.6)(315.6, 86.6)(152.0, 86.6)(152.0, 20.0);GATE
Port:(306.4, 25.1)(311.8, 25.1)(311.8, 64.5)(306.4, 64.5);SD
Module:M43
Boundary:(1282.1, 150.4)(1282.1, 207.7)(1281.8, 207.7)(1281.8, 225.9)(1151.5, 225.9)(1151.5, 150.4);GATE
Port:(1151.5, 166.3)(1155.6, 166.3)(1155.6, 210.0)(1151.5, 210.0);SD
Port:(1282.1, 150.4)(1282.1, 207.7)(1281.8, 207.7)(1281.8, 225.9)(1158.6, 225.9)(1158.6, 150.4);GATE
Port:(1269.4, 156.9)(1276.6, 156.9)(1276.6, 201.2)(1269.4, 201.2);SD
Module:M38
Boundary:(1353.4, 522.6)(1353.4, 600.7)(1228.1, 600.7)(1228.1, 614.4)(1149.0, 614.4)(1149.0, 522.6);GATE
Port:(1149.0, 535.7)(1155.0, 535.7)(1155.0, 601.3)(1149.0, 601.3);SD
Port:(1353.4, 522.6)(1353.4, 600.7)(1228.1, 600.7)(1228.1, 614.4)(1156.5, 614.4)(1156.5, 522.6);GATE
Port:(1342.6, 528.8)(1348.2, 528.8)(1348.2, 593.5)(1342.6, 593.5);SD
Module:M40
Boundary:(259.1, 269.5)(358.2, 269.5)(358.2, 308.7)(373.2, 308.7)(373.2, 360.4)(259.1, 360.4);GATE
Port:(272.9, 355.1)(359.4, 355.1)(359.4, 360.4)(272.9, 360.4);SD
Port:(259.1, 269.5)(358.2, 269.5)(358.2, 308.7)(373.2, 308.7)(373.2, 353.2)(259.1, 353.2);GATE
Port:(265.2, 274.6)(351.1, 274.6)(351.1, 280.7)(265.2, 280.7);SD
Module:M35
Boundary:(1505.8, 654.4)(1505.8, 750.9)(1505.7, 750.9)(1505.7, 767.0)(1342.8, 767.0)(1342.8, 654.4);GATE
Port:(1342.8, 666.8)(1347.5, 666.8)(1347.5, 754.6)(1342.8, 754.6);SD
Port:(1505.8, 654.4)(1505.8, 750.9)(1505.7, 750.9)(1505.7, 767.0)(1349.0, 767.0)(1349.0, 654.4);GATE
Port:(1496.0, 659.7)(1501.5, 659.7)(1501.5, 745.6)(1496.0, 745.6);SD
Module:M32
Boundary:(921.7, 535.6)(921.7, 608.6)(835.5, 608.6)(835.5, 626.1)(753.2, 626.1)(753.2, 535.6);GATE
Port:(753.2, 549.1)(758.1, 549.1)(758.1, 612.6)(753.2, 612.6);SD
Port:(921.7, 535.6)(921.7, 608.6)(835.5, 608.6)(835.5, 626.1)(759.8, 626.1)(759.8, 535.6);GATE
Port:(911.5, 541.2)(917.1, 541.2)(917.1, 602.0)(911.5, 602.0);SD
Module:M27
Boundary:(1074.0, 20.0)(1074.0, 108.6)(849.1, 108.6)(849.1, 20.0);GATE
Port:(849.1, 32.1)(854.7, 32.1)(854.7, 96.5)(849.1, 96.5);SD
Port:(1074.0, 20.0)(1074.0, 108.6)(856.0, 108.6)(856.0, 20.0);GATE
Port:(1063.5, 25.2)(1069.8, 25.2)(1069.8, 103.4)(1063.5, 103.4);SD
Module:M24
Boundary:(1450.0, 128.6)(1496.6, 128.6)(1496.6, 148.5)(1508.8, 148.5)(1508.8, 252.9)(1450.0, 252.9);GATE
Port:(1462.8, 247.8)(1496.0, 247.8)(1496.0, 252.9)(1462.8, 252.9);SD
Port:(1450.0, 128.6)(1496.6, 128.6)(1496.6, 148.5)(1508.8, 148.5)(1508.8, 245.3)(1450.0, 245.3);GATE
Port:(1456.7, 134.3)(1488.9, 134.3)(1488.9, 139.9)(1456.7, 139.9);SD
Module:M19
Boundary:(1403.4, 415.6)(1500.1, 415.6)(1500.1, 601.8)(1403.4, 601.8);GATE
Port:(1416.7, 596.5)(1486.8, 596.5)(1486.8, 601.8)(1416.7, 601.8);SD
Port:(1403.4, 415.6)(1500.1, 415.6)(1500.1, 594.0)(1403.4, 594.0);GATE
Port:(1410.1, 421.3)(1493.4, 421.3)(1493.4, 426.5)(1410.1, 426.5);SD
Module:M6
Boundary:(604.2, 668.6)(672.2, 668.6)(672.2, 689.6)(687.9, 689.6)(687.9, 762.0)(604.2, 762.0);GATE
Port:(617.2, 757.9)(674.9, 757.9)(674.9, 762.0)(617.2, 762.0);SD
Port:(604.2, 668.6)(672.2, 668.6)(672.2, 689.6)(687.9, 689.6)(687.9, 756.1)(604.2, 756.1);GATE
Port:(609.2, 672.6)(666.2, 672.6)(666.2, 678.6)(609.2, 678.6);SD
Module:M21
Boundary:(1117.6, 719.0)(1117.6, 755.7)(1117.6, 755.7)(1117.6, 772.1)(971.7, 772.1)(971.7, 719.0);GATE
Port:(971.7, 733.4)(977.2, 733.4)(977.2, 757.7)(971.7, 757.7);SD
Port:(1117.6, 719.0)(1117.6, 755.7)(1117.6, 755.7)(1117.6, 772.1)(978.9, 772.1)(978.9, 719.0);GATE
Port:(1105.6, 725.5)(1112.1, 725.5)(1112.1, 749.2)(1105.6, 749.2);SD
Module:M2
Boundary:(1410.0, 150.4)(1410.0, 201.1)(1371.6, 201.1)(1371.6, 214.8)(1322.1, 214.8)(1322.1, 150.4);GATE
Port:(1322.1, 164.6)(1326.6, 164.6)(1326.6, 200.6)(1322.1, 200.6);SD
Port:(1410.0, 150.4)(1410.0, 201.1)(1371.6, 201.1)(1371.6, 214.8)(1327.7, 214.8)(1327.7, 150.4);GATE
Port:(1397.5, 156.8)(1404.6, 156.8)(1404.6, 193.7)(1397.5, 193.7);SD
Module:M16
Boundary:(1282.9, 20.0)(1282.9, 94.1)(1219.7, 94.1)(1219.7, 110.4)(1151.5, 110.4)(1151.5, 20.0);GATE
Port:(1151.5, 36.2)(1156.4, 36.2)(1156.4, 94.2)(1151.5, 94.2);SD
Port:(1282.9, 20.0)(1282.9, 94.1)(1219.7, 94.1)(1219.7, 110.4)(1159.2, 110.4)(1159.2, 20.0);GATE
Port:(1269.8, 26.8)(1277.1, 26.8)(1277.1, 86.3)(1269.8, 86.3);SD
Module:M13
Boundary:(299.6, 126.6)(299.6, 178.7)(299.4, 178.7)(299.4, 194.6)(144.2, 194.6)(144.2, 126.6);GATE
Port:(144.2, 140.7)(148.8, 140.7)(148.8, 180.5)(144.2, 180.5);SD
Port:(299.6, 126.6)(299.6, 178.7)(299.4, 178.7)(299.4, 194.6)(151.4, 194.6)(151.4, 126.6);GATE
Port:(287.6, 133.0)(294.2, 133.0)(294.2, 172.3)(287.6, 172.3);SD
Module:M45
Boundary:(100.3, 227.0)(100.3, 260.2)(100.2, 260.2)(100.2, 275.6)(20.0, 275.6)(20.0, 227.0);GATE
Port:(20.0, 240.4)(25.5, 240.4)(25.5, 262.2)(20.0, 262.2);SD
Port:(100.3, 227.0)(100.3, 260.2)(100.2, 260.2)(100.2, 275.6)(27.0, 275.6)(27.0, 227.0);GATE
Port:(89.3, 233.0)(95.3, 233.0)(95.3, 254.2)(89.3, 254.2);SD
Module:M10
Boundary:(1302.8, 654.4)(1302.8, 748.7)(1242.1, 748.7)(1242.1, 762.9)(1157.6, 762.9)(1157.6, 654.4);GATE
Port:(1157.6, 667.5)(1162.8, 667.5)(1162.8, 749.8)(1157.6, 749.8);SD
Port:(1302.8, 654.4)(1302.8, 748.7)(1242.1, 748.7)(1242.1, 762.9)(1165.1, 762.9)(1165.1, 654.4);GATE
Port:(1292.5, 659.5)(1298.7, 659.5)(1298.7, 742.6)(1292.5, 742.6);SD
Module:M42
Boundary:(563.6, 410.4)(563.6, 458.3)(531.7, 458.3)(531.7, 472.1)(378.7, 472.1)(378.7, 410.4);GATE
Port:(378.7, 423.3)(384.5, 423.3)(384.5, 459.2)(378.7, 459.2);SD
Port:(563.6, 410.4)(563.6, 458.3)(531.7, 458.3)(531.7, 472.1)(387.3, 472.1)(387.3, 410.4);GATE
Port:(553.3, 415.9)(559.1, 415.9)(559.1, 451.8)(553.3, 451.8);SD
Module:M37
Boundary:(514.8, 161.9)(548.6, 161.9)(548.6, 162.0)(564.2, 162.0)(564.2, 231.7)(514.8, 231.7);GATE
Port:(528.1, 227.1)(550.9, 227.1)(550.9, 231.7)(528.1, 231.7);SD
Port:(514.8, 161.9)(548.6, 161.9)(548.6, 162.0)(564.2, 162.0)(564.2, 225.2)(514.8, 225.2);GATE
Port:(520.3, 166.4)(543.1, 166.4)(543.1, 172.9)(520.3, 172.9);SD
Module:M34
Boundary:(1328.4, 265.9)(1328.4, 332.0)(1237.8, 332.0)(1237.8, 346.0)(1151.5, 346.0)(1151.5, 265.9);GATE
Port:(1151.5, 280.1)(1156.6, 280.1)(1156.6, 331.8)(1151.5, 331.8);SD
Port:(1328.4, 265.9)(1328.4, 332.0)(1237.8, 332.0)(1237.8, 346.0)(1157.6, 346.0)(1157.6, 265.9);GATE
Port:(1316.1, 272.8)(1322.5, 272.8)(1322.5, 324.1)(1316.1, 324.1);SD
Module:M29
Boundary:(144.2, 234.6)(209.1, 234.6)(209.1, 388.5)(144.2, 388.5);GATE
Port:(158.0, 383.8)(195.3, 383.8)(195.3, 388.5)(158.0, 388.5);SD
Port:(144.2, 234.6)(209.1, 234.6)(209.1, 382.0)(144.2, 382.0);GATE
Port:(150.3, 239.7)(203.0, 239.7)(203.0, 246.8)(150.3, 246.8);SD
Module:M7
Boundary:(20.0, 552.6)(69.6, 552.6)(69.6, 552.8)(84.9, 552.8)(84.9, 770.5)(20.0, 770.5);GATE
Port:(33.3, 765.3)(71.6, 765.3)(71.6, 770.5)(33.3, 770.5);SD
Port:(20.0, 552.6)(69.6, 552.6)(69.6, 552.8)(84.9, 552.8)(84.9, 763.6)(20.0, 763.6);GATE
Port:(26.9, 558.5)(62.7, 558.5)(62.7, 563.9)(26.9, 563.9);SD
Module:M31
Boundary:(794.0, 304.5)(900.0, 304.5)(900.0, 304.9)(917.3, 304.9)(917.3, 485.6)(794.0, 485.6);GATE
Port:(809.3, 479.9)(902.0, 479.9)(902.0, 485.6)(809.3, 485.6);SD
Port:(794.0, 304.5)(900.0, 304.5)(900.0, 304.9)(917.3, 304.9)(917.3, 477.5)(794.0, 477.5);GATE
Port:(800.8, 310.3)(893.2, 310.3)(893.2, 316.7)(800.8, 316.7);SD
Module:M3
Boundary:(604.2, 510.3)(703.2, 510.3)(703.2, 628.6)(604.2, 628.6);GATE
Port:(618.6, 623.5)(688.8, 623.5)(688.8, 628.6)(618.6, 628.6);SD
Port:(604.2, 510.3)(703.2, 510.3)(703.2, 620.6)(604.2, 620.6);GATE
Port:(610.1, 515.2)(697.3, 515.2)(697.3, 522.2)(610.1, 522.2);SD
Module:M26
Boundary:(1219.5, 396.0)(1306.3, 396.0)(1306.3, 421.7)(1322.9, 421.7)(1322.9, 472.6)(1219.5, 472.6);GATE
Port:(1232.1, 467.8)(1310.3, 467.8)(1310.3, 472.6)(1232.1, 472.6);SD
Port:(1219.5, 396.0)(1306.3, 396.0)(1306.3, 421.7)(1322.9, 421.7)(1322.9, 465.0)(1219.5, 465.0);GATE
Port:(1224.5, 400.0)(1300.3, 400.0)(1300.3, 406.1)(1224.5, 406.1);SD
Module:M23
Boundary:(930.5, 676.1)(930.5, 762.0)(727.9, 762.0)(727.9, 676.1);GATE
Port:(727.9, 687.4)(732.0, 687.4)(732.0, 750.7)(727.9, 750.7);SD
Port:(930.5, 676.1)(930.5, 762.0)(734.2, 762.0)(734.2, 676.1);GATE
Port:(921.2, 681.4)(926.2, 681.4)(926.2, 756.7)(921.2, 756.7);SD
Module:M18
Boundary:(981.7, 531.5)(1083.7, 531.5)(1083.7, 575.2)(1099.0, 575.2)(1099.0, 669.0)(981.7, 669.0);GATE
Port:(996.1, 663.1)(1084.6, 663.1)(1084.6, 669.0)(996.1, 669.0);SD
Port:(981.7, 531.5)(1083.7, 531.5)(1083.7, 575.2)(1099.0, 575.2)(1099.0, 660.4)(981.7, 660.4);GATE
Port:(988.5, 537.3)(1075.9, 537.3)(1075.9, 542.9)(988.5, 542.9);SD
Module:M20
Boundary:(288.1, 662.0)(288.1, 748.2)(193.2, 748.2)(193.2, 760.6)(130.7, 760.6)(130.7, 662.0);GATE
Port:(130.7, 674.6)(135.1, 674.6)(135.1, 748.0)(130.7, 748.0);SD
Port:(288.1, 662.0)(288.1, 748.2)(193.2, 748.2)(193.2, 760.6)(137.3, 760.6)(137.3, 662.0);GATE
Port:(277.3, 667.8)(283.3, 667.8)(283.3, 741.4)(277.3, 741.4);SD
Module:M15
Boundary:(548.3, 271.7)(548.3, 365.3)(423.2, 365.3)(423.2, 271.7);GATE
Port:(423.2, 284.8)(427.2, 284.8)(427.2, 352.2)(423.2, 352.2);SD
Port:(548.3, 271.7)(548.3, 365.3)(429.6, 365.3)(429.6, 271.7);GATE
Port:(537.5, 277.6)(543.4, 277.6)(543.4, 359.4)(537.5, 359.4);SD
Module:M12
Boundary:(514.8, 20.0)(566.2, 20.0)(566.2, 71.4)(579.7, 71.4)(579.7, 121.9)(514.8, 121.9);GATE
Port:(529.6, 116.7)(564.9, 116.7)(564.9, 121.9)(529.6, 121.9);SD
Port:(514.8, 20.0)(566.2, 20.0)(566.2, 71.4)(579.7, 71.4)(579.7, 114.9)(514.8, 114.9);GATE
Port:(521.6, 25.8)(558.4, 25.8)(558.4, 32.9)(521.6, 32.9);SD
Module:M44
Boundary:(20.0, 315.6)(74.8, 315.6)(74.8, 401.0)(90.7, 401.0)(90.7, 512.6)(20.0, 512.6);GATE
Port:(34.5, 507.9)(76.2, 507.9)(76.2, 512.6)(34.5, 512.6);SD
Port:(20.0, 315.6)(74.8, 315.6)(74.8, 401.0)(90.7, 401.0)(90.7, 505.2)(20.0, 505.2);GATE
Port:(26.6, 321.2)(67.2, 321.2)(67.2, 327.6)(26.6, 327.6);SD
Module:M39
Boundary:(629.7, 308.1)(727.8, 308.1)(727.8, 308.7)(744.0, 308.7)(744.0, 460.3)(629.7, 460.3);GATE
Port:(643.2, 454.7)(730.5, 454.7)(730.5, 460.3)(643.2, 460.3);SD
Port:(629.7, 308.1)(727.8, 308.1)(727.8, 308.7)(744.0, 308.7)(744.0, 452.6)(629.7, 452.6);GATE
Port:(636.4, 313.8)(721.1, 313.8)(721.1, 318.2)(636.4, 318.2);SD
Module:M8
Boundary:(978.0, 148.6)(1093.6, 148.6)(1093.6, 253.3)(1111.5, 253.3)(1111.5, 351.6)(978.0, 351.6);GATE
Port:(993.6, 345.9)(1095.9, 345.9)(1095.9, 351.6)(993.6, 351.6);SD
Port:(978.0, 148.6)(1093.6, 148.6)(1093.6, 253.3)(1111.5, 253.3)(1111.5, 343.3)(978.0, 343.3);GATE
Port:(984.5, 154.1)(1086.1, 154.1)(1086.1, 160.8)(984.5, 160.8);SD
Module:M41
Boundary:(20.0, 20.0)(87.7, 20.0)(87.7, 20.2)(104.2, 20.2)(104.2, 187.0)(20.0, 187.0);GATE
Port:(33.9, 182.0)(90.3, 182.0)(90.3, 187.0)(33.9, 187.0);SD
Port:(20.0, 20.0)(87.7, 20.0)(87.7, 20.2)(104.2, 20.2)(104.2, 179.6)(20.0, 179.6);GATE
Port:(26.1, 25.1)(81.6, 25.1)(81.6, 30.9)(26.1, 30.9);SD
Module:M4
Boundary:(534.9, 686.4)(534.9, 747.6)(498.2, 747.6)(498.2, 761.1)(328.1, 761.1)(328.1, 686.4);GATE
Port:(328.1, 698.7)(333.6, 698.7)(333.6, 748.8)(328.1, 748.8);SD
Port:(534.9, 686.4)(534.9, 747.6)(498.2, 747.6)(498.2, 761.1)(336.2, 761.1)(336.2, 686.4);GATE
Port:(524.5, 691.8)(530.5, 691.8)(530.5, 741.2)(524.5, 741.2);SD
Module:M36
Boundary:(1169.5, 391.6)(1169.5, 467.5)(1150.2, 467.5)(1150.2, 481.5)(957.3, 481.5)(957.3, 391.6);GATE
Port:(957.3, 403.2)(961.7, 403.2)(961.7, 469.9)(957.3, 469.9);SD
Port:(1169.5, 391.6)(1169.5, 467.5)(1150.2, 467.5)(1150.2, 481.5)(963.3, 481.5)(963.3, 391.6);GATE
Port:(1160.4, 396.7)(1165.4, 396.7)(1165.4, 461.4)(1160.4, 461.4);SD
Module:M33
Boundary:(474.8, 20.0)(474.8, 109.8)(355.9, 109.8)(355.9, 20.0);GATE
Port:(355.9, 35.6)(361.6, 35.6)(361.6, 94.2)(355.9, 94.2);SD
Port:(474.8, 20.0)(474.8, 109.8)(364.6, 109.8)(364.6, 20.0);GATE
Port:(462.2, 26.8)(469.0, 26.8)(469.0, 103.0)(462.2, 103.0);SD
Module:M28
Boundary:(338.7, 428.5)(338.7, 471.5)(304.8, 471.5)(304.8, 483.1)(144.2, 483.1)(144.2, 428.5);GATE
Port:(144.2, 440.1)(149.9, 440.1)(149.9, 471.5)(144.2, 471.5);SD
Port:(338.7, 428.5)(338.7, 471.5)(304.8, 471.5)(304.8, 483.1)(152.7, 483.1)(152.7, 428.5);GATE
Port:(328.7, 434.5)(333.7, 434.5)(333.7, 464.5)(328.7, 464.5);SD
Module:M30
Boundary:(298.4, 523.1)(298.4, 609.4)(225.9, 609.4)(225.9, 622.0)(130.7, 622.0)(130.7, 523.1);GATE
Port:(130.7, 535.1)(136.6, 535.1)(136.6, 610.0)(130.7, 610.0);SD
Port:(298.4, 523.1)(298.4, 609.4)(225.9, 609.4)(225.9, 622.0)(138.0, 622.0)(138.0, 523.1);GATE
Port:(287.9, 528.5)(294.0, 528.5)(294.0, 603.0)(287.9, 603.0);SD
Module:M25
Boundary:(1495.4, 20.0)(1495.4, 88.6)(1322.9, 88.6)(1322.9, 20.0);GATE
Port:(1322.9, 34.0)(1327.5, 34.0)(1327.5, 74.6)(1322.9, 74.6);SD
Port:(1495.4, 20.0)(1495.4, 88.6)(1330.2, 88.6)(1330.2, 20.0);GATE
Port:(1484.2, 26.7)(1489.7, 26.7)(1489.7, 81.9)(1484.2, 81.9);SD
Module:M22
Boundary:(809.1, 20.0)(809.1, 107.7)(709.3, 107.7)(709.3, 121.0)(619.7, 121.0)(619.7, 20.0);GATE
Port:(619.7, 31.6)(625.3, 31.6)(625.3, 109.4)(619.7, 109.4);SD
Port:(809.1, 20.0)(809.1, 107.7)(709.3, 107.7)(709.3, 121.0)(626.4, 121.0)(626.4, 20.0);GATE
Port:(799.5, 25.4)(804.7, 25.4)(804.7, 101.3)(799.5, 101.3);SD
Module:M17
Boundary:(552.2, 533.1)(552.2, 621.7)(552.0, 621.7)(552.0, 636.4)(348.4, 636.4)(348.4, 533.1);GATE
Port:(348.4, 544.9)(353.3, 544.9)(353.3, 624.6)(348.4, 624.6);SD
Port:(552.2, 533.1)(552.2, 621.7)(552.0, 621.7)(552.0, 636.4)(355.3, 636.4)(355.3, 533.1);GATE
Port:(542.9, 538.1)(548.2, 538.1)(548.2, 616.7)(542.9, 616.7);SD
