Area:(-17.5, -8.6)(369.1, -8.6)(369.1, 826.0)(-17.5, 826.0)
Rule:GATE(5,5);SD(5,5);GATE_SD(0.5);GATE_ITO(0.5);SD_ITO(0.5)
Module:M1
Boundary:(22.5, 119.4)(22.5, 48.5)(22.5, 48.5)(22.5, 31.4)(204.2, 31.4)(204.2, 119.4);GATE
Port:(198.7, 45.8)(204.2, 45.8)(204.2, 105.0)(198.7, 105.0);SD
Port:(22.5, 119.4)(22.5, 48.5)(22.5, 48.5)(22.5, 31.4)(196.1, 31.4)(196.1, 119.4);GATE
Port:(27.9, 54.9)(34.4, 54.9)(34.4, 113.0)(27.9, 113.0);SD
Module:M6
Boundary:(300.9, 44.9)(220.8, 44.9)(220.8, 97.1)(205.4, 97.1)(205.4, 171.5)(300.9, 171.5);GATE
Port:(216.6, 166.4)(289.7, 166.4)(289.7, 171.5)(216.6, 171.5);SD
Port:(300.9, 44.9)(220.8, 44.9)(220.8, 97.1)(205.4, 97.1)(205.4, 165.4)(300.9, 165.4);GATE
Port:(226.9, 49.0)(295.8, 49.0)(295.8, 53.2)(226.9, 53.2);SD
Module:M5
Boundary:(158.7, 187.1)(72.4, 187.1)(72.4, 304.5)(158.7, 304.5);GATE
Port:(86.4, 300.0)(144.7, 300.0)(144.7, 304.5)(86.4, 304.5);SD
Port:(158.7, 187.1)(72.4, 187.1)(72.4, 297.2)(158.7, 297.2);GATE
Port:(78.2, 191.9)(152.9, 191.9)(152.9, 197.7)(78.2, 197.7);SD
Module:M8
Boundary:(321.0, 188.6)(321.0, 289.5)(308.0, 289.5)(308.0, 304.4)(166.3, 304.4)(166.3, 188.6);GATE
Port:(166.3, 203.3)(172.2, 203.3)(172.2, 289.7)(166.3, 289.7);SD
Port:(321.0, 188.6)(321.0, 289.5)(308.0, 289.5)(308.0, 304.4)(174.1, 304.4)(174.1, 188.6);GATE
Port:(309.2, 195.3)(315.3, 195.3)(315.3, 281.8)(309.2, 281.8);SD
Module:M10
Boundary:(50.4, 327.3)(99.2, 327.3)(99.2, 343.0)(113.1, 343.0)(113.1, 506.8)(50.4, 506.8);GATE
Port:(62.7, 501.8)(100.8, 501.8)(100.8, 506.8)(62.7, 506.8);SD
Port:(50.4, 327.3)(99.2, 327.3)(99.2, 343.0)(113.1, 343.0)(113.1, 500.6)(50.4, 500.6);GATE
Port:(55.5, 331.4)(92.1, 331.4)(92.1, 336.8)(55.5, 336.8);SD
Module:M3
Boundary:(122.6, 342.4)(199.2, 342.4)(199.2, 342.5)(213.7, 342.5)(213.7, 536.8)(122.6, 536.8);GATE
Port:(135.2, 531.9)(201.1, 531.9)(201.1, 536.8)(135.2, 536.8);SD
Port:(122.6, 342.4)(199.2, 342.4)(199.2, 342.5)(213.7, 342.5)(213.7, 530.0)(122.6, 530.0);GATE
Port:(129.0, 347.8)(192.8, 347.8)(192.8, 353.4)(129.0, 353.4);SD
Module:M4
Boundary:(298.2, 333.8)(251.1, 333.8)(251.1, 468.1)(236.9, 468.1)(236.9, 548.5)(298.2, 548.5);GATE
Port:(249.1, 542.7)(286.0, 542.7)(286.0, 548.5)(249.1, 548.5);SD
Port:(298.2, 333.8)(251.1, 333.8)(251.1, 468.1)(236.9, 468.1)(236.9, 541.6)(298.2, 541.6);GATE
Port:(257.6, 338.3)(292.7, 338.3)(292.7, 343.5)(257.6, 343.5);SD
Module:M9
Boundary:(225.6, 574.6)(225.6, 637.9)(225.4, 637.9)(225.4, 652.9)(26.2, 652.9)(26.2, 574.6);GATE
Port:(26.2, 587.8)(31.2, 587.8)(31.2, 639.8)(26.2, 639.8);SD
Port:(225.6, 574.6)(225.6, 637.9)(225.4, 637.9)(225.4, 652.9)(33.8, 652.9)(33.8, 574.6);GATE
Port:(214.4, 580.9)(220.4, 580.9)(220.4, 631.6)(214.4, 631.6);SD
Module:M2
Boundary:(221.3, 786.0)(221.3, 686.7)(145.3, 686.7)(145.3, 668.2)(43.0, 668.2)(43.0, 786.0);GATE
Port:(43.0, 684.2)(47.9, 684.2)(47.9, 770.0)(43.0, 770.0);SD
Port:(221.3, 786.0)(221.3, 686.7)(145.3, 686.7)(145.3, 668.2)(49.3, 668.2)(49.3, 786.0);GATE
Port:(208.7, 693.7)(216.3, 693.7)(216.3, 780.0)(208.7, 780.0);SD
Module:M7
Boundary:(232.0, 753.5)(309.8, 753.5)(309.8, 753.3)(329.1, 753.3)(329.1, 634.1)(232.0, 634.1);GATE
Port:(247.7, 634.1)(313.4, 634.1)(313.4, 639.6)(247.7, 639.6);SD
Port:(232.0, 753.5)(309.8, 753.5)(309.8, 753.3)(329.1, 753.3)(329.1, 640.8)(232.0, 640.8);GATE
Port:(239.0, 741.3)(302.8, 741.3)(302.8, 747.5)(239.0, 747.5);SD
