Area:(-20.0, -20.0)(1219.0, -20.0)(1219.0, 1469.0)(-20.0, 1469.0)
Rule:GATE(5,5);SD(5,5);GATE_SD(0.5);GATE_ITO(0.5);SD_ITO(0.5)
Module:M49
Boundary:(476.0, 1302.0)(569.5, 1302.0)(569.5, 1312.0)(585.0, 1312.0)(585.0, 1424.0)(476.0, 1424.0);GATE
Port:(490.5, 1414.0)(570.5, 1414.0)(570.5, 1424.0)(490.5, 1424.0);SD
Port:(476.0, 1302.0)(569.5, 1302.0)(569.5, 1312.0)(585.0, 1312.0)(585.0, 1409.0)(476.0, 1409.0);GATE
Port:(486.0, 1307.0)(555.0, 1307.0)(555.0, 1311.0)(486.0, 1311.0);SD
Module:M14
Boundary:(1170.0, 20.0)(1170.0, 167.5)(1100.8, 167.5)(1100.8, 201.0)(1018.0, 201.0)(1018.0, 20.0);GATE
Port:(1018.0, 34.5)(1028.0, 34.5)(1028.0, 186.5)(1018.0, 186.5);SD
Port:(1170.0, 20.0)(1170.0, 167.5)(1100.8, 167.5)(1100.8, 201.0)(1033.0, 201.0)(1033.0, 20.0);GATE
Port:(1161.0, 30.0)(1165.0, 30.0)(1165.0, 153.0)(1161.0, 153.0);SD
Module:M9
Boundary:(323.0, 20.0)(323.0, 93.0)(252.0, 93.0)(252.0, 20.0);GATE
Port:(252.0, 34.5)(262.0, 34.5)(262.0, 78.5)(252.0, 78.5);SD
Port:(323.0, 20.0)(323.0, 93.0)(267.0, 93.0)(267.0, 20.0);GATE
Port:(314.0, 30.0)(318.0, 30.0)(318.0, 83.0)(314.0, 83.0);SD
Module:M5
Boundary:(795.0, 212.0)(871.0, 212.0)(871.0, 220.0)(886.0, 220.0)(886.0, 358.0)(795.0, 358.0);GATE
Port:(809.5, 348.0)(871.5, 348.0)(871.5, 358.0)(809.5, 358.0);SD
Port:(795.0, 212.0)(871.0, 212.0)(871.0, 220.0)(886.0, 220.0)(886.0, 343.0)(795.0, 343.0);GATE
Port:(805.0, 217.0)(856.0, 217.0)(856.0, 221.0)(805.0, 221.0);SD
Module:M46
Boundary:(607.0, 752.0)(754.5, 752.0)(754.5, 768.0)(770.0, 768.0)(770.0, 870.0)(607.0, 870.0);GATE
Port:(621.5, 860.0)(755.5, 860.0)(755.5, 870.0)(621.5, 870.0);SD
Port:(607.0, 752.0)(754.5, 752.0)(754.5, 768.0)(770.0, 768.0)(770.0, 855.0)(607.0, 855.0);GATE
Port:(617.0, 757.0)(740.0, 757.0)(740.0, 761.0)(617.0, 761.0);SD
Module:M11
Boundary:(170.0, 1179.0)(170.0, 1252.0)(20.0, 1252.0)(20.0, 1179.0);GATE
Port:(20.0, 1193.5)(30.0, 1193.5)(30.0, 1237.5)(20.0, 1237.5);SD
Port:(170.0, 1179.0)(170.0, 1252.0)(35.0, 1252.0)(35.0, 1179.0);GATE
Port:(161.0, 1189.0)(165.0, 1189.0)(165.0, 1242.0)(161.0, 1242.0);SD
Module:M1
Boundary:(711.0, 1106.0)(711.0, 1235.5)(697.0, 1235.5)(697.0, 1251.0)(601.0, 1251.0)(601.0, 1106.0);GATE
Port:(601.0, 1120.5)(611.0, 1120.5)(611.0, 1236.5)(601.0, 1236.5);SD
Port:(711.0, 1106.0)(711.0, 1235.5)(697.0, 1235.5)(697.0, 1251.0)(616.0, 1251.0)(616.0, 1106.0);GATE
Port:(702.0, 1116.0)(706.0, 1116.0)(706.0, 1221.0)(702.0, 1221.0);SD
Module:M43
Boundary:(212.0, 20.0)(212.0, 131.5)(200.0, 131.5)(200.0, 147.0)(20.0, 147.0)(20.0, 20.0);GATE
Port:(20.0, 34.5)(30.0, 34.5)(30.0, 132.5)(20.0, 132.5);SD
Port:(212.0, 20.0)(212.0, 131.5)(200.0, 131.5)(200.0, 147.0)(35.0, 147.0)(35.0, 20.0);GATE
Port:(203.0, 30.0)(207.0, 30.0)(207.0, 117.0)(203.0, 117.0);SD
Module:M38
Boundary:(943.0, 780.0)(943.0, 853.0)(830.0, 853.0)(830.0, 780.0);GATE
Port:(830.0, 794.5)(840.0, 794.5)(840.0, 838.5)(830.0, 838.5);SD
Port:(943.0, 780.0)(943.0, 853.0)(845.0, 853.0)(845.0, 780.0);GATE
Port:(934.0, 790.0)(938.0, 790.0)(938.0, 843.0)(934.0, 843.0);SD
Module:M40
Boundary:(882.0, 910.0)(882.0, 986.0)(874.0, 986.0)(874.0, 1001.0)(753.0, 1001.0)(753.0, 910.0);GATE
Port:(753.0, 924.5)(763.0, 924.5)(763.0, 986.5)(753.0, 986.5);SD
Port:(882.0, 910.0)(882.0, 986.0)(874.0, 986.0)(874.0, 1001.0)(768.0, 1001.0)(768.0, 910.0);GATE
Port:(873.0, 920.0)(877.0, 920.0)(877.0, 971.0)(873.0, 971.0);SD
Module:M35
Boundary:(586.0, 910.0)(697.5, 910.0)(697.5, 922.0)(713.0, 922.0)(713.0, 1066.0)(586.0, 1066.0);GATE
Port:(600.5, 1056.0)(698.5, 1056.0)(698.5, 1066.0)(600.5, 1066.0);SD
Port:(586.0, 910.0)(697.5, 910.0)(697.5, 922.0)(713.0, 922.0)(713.0, 1051.0)(586.0, 1051.0);GATE
Port:(596.0, 915.0)(683.0, 915.0)(683.0, 919.0)(596.0, 919.0);SD
Module:M32
Boundary:(911.0, 1061.0)(984.0, 1061.0)(984.0, 1216.0)(911.0, 1216.0);GATE
Port:(925.5, 1206.0)(969.5, 1206.0)(969.5, 1216.0)(925.5, 1216.0);SD
Port:(911.0, 1061.0)(984.0, 1061.0)(984.0, 1201.0)(911.0, 1201.0);GATE
Port:(921.0, 1066.0)(974.0, 1066.0)(974.0, 1070.0)(921.0, 1070.0);SD
Module:M27
Boundary:(779.0, 1291.0)(779.0, 1402.5)(767.0, 1402.5)(767.0, 1418.0)(625.0, 1418.0)(625.0, 1291.0);GATE
Port:(625.0, 1305.5)(635.0, 1305.5)(635.0, 1403.5)(625.0, 1403.5);SD
Port:(779.0, 1291.0)(779.0, 1402.5)(767.0, 1402.5)(767.0, 1418.0)(640.0, 1418.0)(640.0, 1291.0);GATE
Port:(770.0, 1301.0)(774.0, 1301.0)(774.0, 1388.0)(770.0, 1388.0);SD
Module:M24
Boundary:(1003.0, 647.0)(1132.5, 647.0)(1132.5, 661.0)(1148.0, 661.0)(1148.0, 847.0)(1003.0, 847.0);GATE
Port:(1017.5, 837.0)(1133.5, 837.0)(1133.5, 847.0)(1017.5, 847.0);SD
Port:(1003.0, 647.0)(1132.5, 647.0)(1132.5, 661.0)(1148.0, 661.0)(1148.0, 832.0)(1003.0, 832.0);GATE
Port:(1013.0, 652.0)(1118.0, 652.0)(1118.0, 656.0)(1013.0, 656.0);SD
Module:M19
Boundary:(922.0, 903.0)(995.0, 903.0)(995.0, 1011.0)(922.0, 1011.0);GATE
Port:(936.5, 1001.0)(980.5, 1001.0)(980.5, 1011.0)(936.5, 1011.0);SD
Port:(922.0, 903.0)(995.0, 903.0)(995.0, 996.0)(922.0, 996.0);GATE
Port:(932.0, 908.0)(985.0, 908.0)(985.0, 912.0)(932.0, 912.0);SD
Module:M6
Boundary:(401.0, 999.0)(530.5, 999.0)(530.5, 1013.0)(546.0, 1013.0)(546.0, 1131.0)(401.0, 1131.0);GATE
Port:(415.5, 1121.0)(531.5, 1121.0)(531.5, 1131.0)(415.5, 1131.0);SD
Port:(401.0, 999.0)(530.5, 999.0)(530.5, 1013.0)(546.0, 1013.0)(546.0, 1116.0)(401.0, 1116.0);GATE
Port:(411.0, 1004.0)(516.0, 1004.0)(516.0, 1008.0)(411.0, 1008.0);SD
Module:M21
Boundary:(1015.0, 398.0)(1015.0, 527.5)(898.7, 527.5)(898.7, 597.0)(835.0, 597.0)(835.0, 398.0);GATE
Port:(835.0, 412.5)(845.0, 412.5)(845.0, 582.5)(835.0, 582.5);SD
Port:(1015.0, 398.0)(1015.0, 527.5)(898.7, 527.5)(898.7, 597.0)(850.0, 597.0)(850.0, 398.0);GATE
Port:(1006.0, 408.0)(1010.0, 408.0)(1010.0, 513.0)(1006.0, 513.0);SD
Module:M2
Boundary:(383.0, 511.0)(530.5, 511.0)(530.5, 527.0)(546.0, 527.0)(546.0, 658.0)(383.0, 658.0);GATE
Port:(397.5, 648.0)(531.5, 648.0)(531.5, 658.0)(397.5, 658.0);SD
Port:(383.0, 511.0)(530.5, 511.0)(530.5, 527.0)(546.0, 527.0)(546.0, 643.0)(383.0, 643.0);GATE
Port:(393.0, 516.0)(516.0, 516.0)(516.0, 520.0)(393.0, 520.0);SD
Module:M16
Boundary:(519.0, 197.0)(519.0, 344.5)(503.0, 344.5)(503.0, 360.0)(387.0, 360.0)(387.0, 197.0);GATE
Port:(387.0, 211.5)(397.0, 211.5)(397.0, 345.5)(387.0, 345.5);SD
Port:(519.0, 197.0)(519.0, 344.5)(503.0, 344.5)(503.0, 360.0)(402.0, 360.0)(402.0, 197.0);GATE
Port:(510.0, 207.0)(514.0, 207.0)(514.0, 330.0)(510.0, 330.0);SD
Module:M48
Boundary:(252.0, 794.0)(328.0, 794.0)(328.0, 802.0)(343.0, 802.0)(343.0, 993.0)(252.0, 993.0);GATE
Port:(266.5, 983.0)(328.5, 983.0)(328.5, 993.0)(266.5, 993.0);SD
Port:(252.0, 794.0)(328.0, 794.0)(328.0, 802.0)(343.0, 802.0)(343.0, 978.0)(252.0, 978.0);GATE
Port:(262.0, 799.0)(313.0, 799.0)(313.0, 803.0)(262.0, 803.0);SD
Module:M13
Boundary:(212.0, 701.0)(212.0, 794.5)(202.0, 794.5)(202.0, 810.0)(20.0, 810.0)(20.0, 701.0);GATE
Port:(20.0, 715.5)(30.0, 715.5)(30.0, 795.5)(20.0, 795.5);SD
Port:(212.0, 701.0)(212.0, 794.5)(202.0, 794.5)(202.0, 810.0)(35.0, 810.0)(35.0, 701.0);GATE
Port:(203.0, 711.0)(207.0, 711.0)(207.0, 780.0)(203.0, 780.0);SD
Module:M50
Boundary:(1044.0, 1212.0)(1155.5, 1212.0)(1155.5, 1224.0)(1171.0, 1224.0)(1171.0, 1312.0)(1044.0, 1312.0);GATE
Port:(1058.5, 1302.0)(1156.5, 1302.0)(1156.5, 1312.0)(1058.5, 1312.0);SD
Port:(1044.0, 1212.0)(1155.5, 1212.0)(1155.5, 1224.0)(1171.0, 1224.0)(1171.0, 1297.0)(1044.0, 1297.0);GATE
Port:(1054.0, 1217.0)(1141.0, 1217.0)(1141.0, 1221.0)(1054.0, 1221.0);SD
Module:M45
Boundary:(941.0, 647.0)(941.0, 720.0)(845.0, 720.0)(845.0, 647.0);GATE
Port:(845.0, 661.5)(855.0, 661.5)(855.0, 705.5)(845.0, 705.5);SD
Port:(941.0, 647.0)(941.0, 720.0)(860.0, 720.0)(860.0, 647.0);GATE
Port:(932.0, 657.0)(936.0, 657.0)(936.0, 710.0)(932.0, 710.0);SD
Module:M10
Boundary:(333.0, 1179.0)(333.0, 1252.0)(210.0, 1252.0)(210.0, 1179.0);GATE
Port:(210.0, 1193.5)(220.0, 1193.5)(220.0, 1237.5)(210.0, 1237.5);SD
Port:(333.0, 1179.0)(333.0, 1252.0)(225.0, 1252.0)(225.0, 1179.0);GATE
Port:(324.0, 1189.0)(328.0, 1189.0)(328.0, 1242.0)(324.0, 1242.0);SD
Module:M42
Boundary:(212.0, 850.0)(212.0, 925.5)(102.5, 925.5)(102.5, 1139.0)(20.0, 1139.0)(20.0, 850.0);GATE
Port:(20.0, 864.5)(30.0, 864.5)(30.0, 1124.5)(20.0, 1124.5);SD
Port:(212.0, 850.0)(212.0, 925.5)(102.5, 925.5)(102.5, 1139.0)(35.0, 1139.0)(35.0, 850.0);GATE
Port:(203.0, 860.0)(207.0, 860.0)(207.0, 911.0)(203.0, 911.0);SD
Module:M37
Boundary:(574.0, 20.0)(685.5, 20.0)(685.5, 57.6)(755.0, 57.6)(755.0, 184.0)(574.0, 184.0);GATE
Port:(588.5, 174.0)(740.5, 174.0)(740.5, 184.0)(588.5, 184.0);SD
Port:(574.0, 20.0)(685.5, 20.0)(685.5, 57.6)(755.0, 57.6)(755.0, 169.0)(574.0, 169.0);GATE
Port:(584.0, 25.0)(671.0, 25.0)(671.0, 29.0)(584.0, 29.0);SD
Module:M34
Boundary:(561.0, 1171.0)(561.0, 1247.0)(553.0, 1247.0)(553.0, 1262.0)(401.0, 1262.0)(401.0, 1171.0);GATE
Port:(401.0, 1185.5)(411.0, 1185.5)(411.0, 1247.5)(401.0, 1247.5);SD
Port:(561.0, 1171.0)(561.0, 1247.0)(553.0, 1247.0)(553.0, 1262.0)(416.0, 1262.0)(416.0, 1171.0);GATE
Port:(552.0, 1181.0)(556.0, 1181.0)(556.0, 1232.0)(552.0, 1232.0);SD
Module:M29
Boundary:(851.0, 1051.0)(851.0, 1198.5)(811.0, 1198.5)(811.0, 1232.0)(763.0, 1232.0)(763.0, 1051.0);GATE
Port:(763.0, 1065.5)(773.0, 1065.5)(773.0, 1217.5)(763.0, 1217.5);SD
Port:(851.0, 1051.0)(851.0, 1198.5)(811.0, 1198.5)(811.0, 1232.0)(778.0, 1232.0)(778.0, 1051.0);GATE
Port:(842.0, 1061.0)(846.0, 1061.0)(846.0, 1184.0)(842.0, 1184.0);SD
Module:M7
Boundary:(436.0, 1302.0)(436.0, 1413.5)(424.0, 1413.5)(424.0, 1429.0)(297.0, 1429.0)(297.0, 1302.0);GATE
Port:(297.0, 1316.5)(307.0, 1316.5)(307.0, 1414.5)(297.0, 1414.5);SD
Port:(436.0, 1302.0)(436.0, 1413.5)(424.0, 1413.5)(424.0, 1429.0)(312.0, 1429.0)(312.0, 1302.0);GATE
Port:(427.0, 1312.0)(431.0, 1312.0)(431.0, 1399.0)(427.0, 1399.0);SD
Module:M31
Boundary:(377.0, 410.0)(506.5, 410.0)(506.5, 427.0)(522.0, 427.0)(522.0, 471.0)(377.0, 471.0);GATE
Port:(391.5, 461.0)(507.5, 461.0)(507.5, 471.0)(391.5, 471.0);SD
Port:(377.0, 410.0)(506.5, 410.0)(506.5, 427.0)(522.0, 427.0)(522.0, 456.0)(377.0, 456.0);GATE
Port:(387.0, 415.0)(492.0, 415.0)(492.0, 419.0)(387.0, 419.0);SD
Module:M3
Boundary:(252.0, 601.0)(328.0, 601.0)(328.0, 609.0)(343.0, 609.0)(343.0, 754.0)(252.0, 754.0);GATE
Port:(266.5, 744.0)(328.5, 744.0)(328.5, 754.0)(266.5, 754.0);SD
Port:(252.0, 601.0)(328.0, 601.0)(328.0, 609.0)(343.0, 609.0)(343.0, 739.0)(252.0, 739.0);GATE
Port:(262.0, 606.0)(313.0, 606.0)(313.0, 610.0)(262.0, 610.0);SD
Module:M26
Boundary:(567.0, 698.0)(567.0, 774.0)(559.0, 774.0)(559.0, 789.0)(383.0, 789.0)(383.0, 698.0);GATE
Port:(383.0, 712.5)(393.0, 712.5)(393.0, 774.5)(383.0, 774.5);SD
Port:(567.0, 698.0)(567.0, 774.0)(559.0, 774.0)(559.0, 789.0)(398.0, 789.0)(398.0, 698.0);GATE
Port:(558.0, 708.0)(562.0, 708.0)(562.0, 759.0)(558.0, 759.0);SD
Module:M23
Boundary:(178.0, 318.0)(178.0, 411.5)(58.0, 411.5)(58.0, 661.0)(20.0, 661.0)(20.0, 318.0);GATE
Port:(20.0, 332.5)(30.0, 332.5)(30.0, 646.5)(20.0, 646.5);SD
Port:(178.0, 318.0)(178.0, 411.5)(58.0, 411.5)(58.0, 661.0)(35.0, 661.0)(35.0, 318.0);GATE
Port:(169.0, 328.0)(173.0, 328.0)(173.0, 397.0)(169.0, 397.0);SD
Module:M18
Boundary:(534.0, 20.0)(534.0, 113.5)(458.2, 113.5)(458.2, 147.0)(363.0, 147.0)(363.0, 20.0);GATE
Port:(363.0, 34.5)(373.0, 34.5)(373.0, 132.5)(363.0, 132.5);SD
Port:(534.0, 20.0)(534.0, 113.5)(458.2, 113.5)(458.2, 147.0)(378.0, 147.0)(378.0, 20.0);GATE
Port:(525.0, 30.0)(529.0, 30.0)(529.0, 99.0)(525.0, 99.0);SD
Module:M20
Boundary:(574.0, 224.0)(721.5, 224.0)(721.5, 240.0)(737.0, 240.0)(737.0, 356.0)(574.0, 356.0);GATE
Port:(588.5, 346.0)(722.5, 346.0)(722.5, 356.0)(588.5, 356.0);SD
Port:(574.0, 224.0)(721.5, 224.0)(721.5, 240.0)(737.0, 240.0)(737.0, 341.0)(574.0, 341.0);GATE
Port:(584.0, 229.0)(707.0, 229.0)(707.0, 233.0)(584.0, 233.0);SD
Module:M15
Boundary:(936.0, 251.0)(1065.5, 251.0)(1065.5, 307.0)(1171.0, 307.0)(1171.0, 345.0)(936.0, 345.0);GATE
Port:(950.5, 335.0)(1156.5, 335.0)(1156.5, 345.0)(950.5, 345.0);SD
Port:(936.0, 251.0)(1065.5, 251.0)(1065.5, 307.0)(1171.0, 307.0)(1171.0, 330.0)(936.0, 330.0);GATE
Port:(946.0, 256.0)(1051.0, 256.0)(1051.0, 260.0)(946.0, 260.0);SD
Module:M47
Boundary:(1159.0, 1352.0)(1159.0, 1425.0)(1044.0, 1425.0)(1044.0, 1352.0);GATE
Port:(1044.0, 1366.5)(1054.0, 1366.5)(1054.0, 1410.5)(1044.0, 1410.5);SD
Port:(1159.0, 1352.0)(1159.0, 1425.0)(1059.0, 1425.0)(1059.0, 1352.0);GATE
Port:(1150.0, 1362.0)(1154.0, 1362.0)(1154.0, 1415.0)(1150.0, 1415.0);SD
Module:M12
Boundary:(1004.0, 1282.0)(1004.0, 1411.5)(990.0, 1411.5)(990.0, 1427.0)(819.0, 1427.0)(819.0, 1282.0);GATE
Port:(819.0, 1296.5)(829.0, 1296.5)(829.0, 1412.5)(819.0, 1412.5);SD
Port:(1004.0, 1282.0)(1004.0, 1411.5)(990.0, 1411.5)(990.0, 1427.0)(834.0, 1427.0)(834.0, 1282.0);GATE
Port:(995.0, 1292.0)(999.0, 1292.0)(999.0, 1397.0)(995.0, 1397.0);SD
Module:M44
Boundary:(1179.0, 395.0)(1179.0, 506.5)(1138.0, 506.5)(1138.0, 594.0)(1055.0, 594.0)(1055.0, 395.0);GATE
Port:(1055.0, 409.5)(1065.0, 409.5)(1065.0, 579.5)(1055.0, 579.5);SD
Port:(1179.0, 395.0)(1179.0, 506.5)(1138.0, 506.5)(1138.0, 594.0)(1070.0, 594.0)(1070.0, 395.0);GATE
Port:(1170.0, 405.0)(1174.0, 405.0)(1174.0, 492.0)(1170.0, 492.0);SD
Module:M39
Boundary:(327.0, 406.0)(327.0, 481.5)(289.0, 481.5)(289.0, 551.0)(228.0, 551.0)(228.0, 406.0);GATE
Port:(228.0, 420.5)(238.0, 420.5)(238.0, 536.5)(228.0, 536.5);SD
Port:(327.0, 406.0)(327.0, 481.5)(289.0, 481.5)(289.0, 551.0)(243.0, 551.0)(243.0, 406.0);GATE
Port:(318.0, 416.0)(322.0, 416.0)(322.0, 467.0)(318.0, 467.0);SD
Module:M8
Boundary:(785.0, 408.0)(785.0, 501.5)(775.0, 501.5)(775.0, 517.0)(596.0, 517.0)(596.0, 408.0);GATE
Port:(596.0, 422.5)(606.0, 422.5)(606.0, 502.5)(596.0, 502.5);SD
Port:(785.0, 408.0)(785.0, 501.5)(775.0, 501.5)(775.0, 517.0)(611.0, 517.0)(611.0, 408.0);GATE
Port:(776.0, 418.0)(780.0, 418.0)(780.0, 487.0)(776.0, 487.0);SD
Module:M41
Boundary:(805.0, 30.0)(952.5, 30.0)(952.5, 46.0)(968.0, 46.0)(968.0, 162.0)(805.0, 162.0);GATE
Port:(819.5, 152.0)(953.5, 152.0)(953.5, 162.0)(819.5, 162.0);SD
Port:(805.0, 30.0)(952.5, 30.0)(952.5, 46.0)(968.0, 46.0)(968.0, 147.0)(805.0, 147.0);GATE
Port:(815.0, 35.0)(938.0, 35.0)(938.0, 39.0)(815.0, 39.0);SD
Module:M4
Boundary:(1158.0, 897.0)(1158.0, 990.5)(1148.0, 990.5)(1148.0, 1006.0)(1035.0, 1006.0)(1035.0, 897.0);GATE
Port:(1035.0, 911.5)(1045.0, 911.5)(1045.0, 991.5)(1035.0, 991.5);SD
Port:(1158.0, 897.0)(1158.0, 990.5)(1148.0, 990.5)(1148.0, 1006.0)(1050.0, 1006.0)(1050.0, 897.0);GATE
Port:(1149.0, 907.0)(1153.0, 907.0)(1153.0, 976.0)(1149.0, 976.0);SD
Module:M36
Boundary:(30.0, 1302.0)(141.5, 1302.0)(141.5, 1351.0)(247.0, 1351.0)(247.0, 1424.0)(30.0, 1424.0);GATE
Port:(44.5, 1414.0)(232.5, 1414.0)(232.5, 1424.0)(44.5, 1424.0);SD
Port:(30.0, 1302.0)(141.5, 1302.0)(141.5, 1351.0)(247.0, 1351.0)(247.0, 1409.0)(30.0, 1409.0);GATE
Port:(40.0, 1307.0)(127.0, 1307.0)(127.0, 1311.0)(40.0, 1311.0);SD
Module:M33
Boundary:(383.0, 829.0)(530.5, 829.0)(530.5, 845.0)(546.0, 845.0)(546.0, 959.0)(383.0, 959.0);GATE
Port:(397.5, 949.0)(531.5, 949.0)(531.5, 959.0)(397.5, 959.0);SD
Port:(383.0, 829.0)(530.5, 829.0)(530.5, 845.0)(546.0, 845.0)(546.0, 944.0)(383.0, 944.0);GATE
Port:(393.0, 834.0)(516.0, 834.0)(516.0, 838.0)(393.0, 838.0);SD
Module:M28
Boundary:(252.0, 1033.0)(345.5, 1033.0)(345.5, 1050.0)(361.0, 1050.0)(361.0, 1125.0)(252.0, 1125.0);GATE
Port:(266.5, 1115.0)(346.5, 1115.0)(346.5, 1125.0)(266.5, 1125.0);SD
Port:(252.0, 1033.0)(345.5, 1033.0)(345.5, 1050.0)(361.0, 1050.0)(361.0, 1110.0)(252.0, 1110.0);GATE
Port:(262.0, 1038.0)(331.0, 1038.0)(331.0, 1042.0)(262.0, 1042.0);SD
Module:M30
Boundary:(780.0, 567.0)(780.0, 696.5)(766.0, 696.5)(766.0, 712.0)(607.0, 712.0)(607.0, 567.0);GATE
Port:(607.0, 581.5)(617.0, 581.5)(617.0, 697.5)(607.0, 697.5);SD
Port:(780.0, 567.0)(780.0, 696.5)(766.0, 696.5)(766.0, 712.0)(622.0, 712.0)(622.0, 567.0);GATE
Port:(771.0, 577.0)(775.0, 577.0)(775.0, 682.0)(771.0, 682.0);SD
Module:M25
Boundary:(1034.0, 1051.0)(1145.5, 1051.0)(1145.5, 1106.0)(1179.0, 1106.0)(1179.0, 1172.0)(1034.0, 1172.0);GATE
Port:(1048.5, 1162.0)(1164.5, 1162.0)(1164.5, 1172.0)(1048.5, 1172.0);SD
Port:(1034.0, 1051.0)(1145.5, 1051.0)(1145.5, 1106.0)(1179.0, 1106.0)(1179.0, 1157.0)(1034.0, 1157.0);GATE
Port:(1044.0, 1056.0)(1131.0, 1056.0)(1131.0, 1060.0)(1044.0, 1060.0);SD
Module:M22
Boundary:(236.0, 197.0)(312.0, 197.0)(312.0, 205.0)(327.0, 205.0)(327.0, 346.0)(236.0, 346.0);GATE
Port:(250.5, 336.0)(312.5, 336.0)(312.5, 346.0)(250.5, 346.0);SD
Port:(236.0, 197.0)(312.0, 197.0)(312.0, 205.0)(327.0, 205.0)(327.0, 331.0)(236.0, 331.0);GATE
Port:(246.0, 202.0)(297.0, 202.0)(297.0, 206.0)(246.0, 206.0);SD
Module:M17
Boundary:(186.0, 187.0)(186.0, 263.0)(178.0, 263.0)(178.0, 278.0)(20.0, 278.0)(20.0, 187.0);GATE
Port:(20.0, 201.5)(30.0, 201.5)(30.0, 263.5)(20.0, 263.5);SD
Port:(186.0, 187.0)(186.0, 263.0)(178.0, 263.0)(178.0, 278.0)(35.0, 278.0)(35.0, 187.0);GATE
Port:(177.0, 197.0)(181.0, 197.0)(181.0, 248.0)(177.0, 248.0);SD
