Area:(-20.0, -20.0)(1350.0, -20.0)(1350.0, 1113.0)(-20.0, 1113.0)
Rule:GATE(5,5);SD(5,5);GATE_SD(0.5);GATE_ITO(0.5);SD_ITO(0.5)
Module:M14
Boundary:(788.0, 350.0)(788.0, 423.0)(652.0, 423.0)(652.0, 350.0);GATE
Port:(652.0, 364.5)(662.0, 364.5)(662.0, 408.5)(652.0, 408.5);SD
Port:(788.0, 350.0)(788.0, 423.0)(667.0, 423.0)(667.0, 350.0);GATE
Port:(779.0, 360.0)(783.0, 360.0)(783.0, 413.0)(779.0, 413.0);SD
Module:M9
Boundary:(1161.0, 649.0)(1161.0, 725.0)(1153.0, 725.0)(1153.0, 740.0)(1046.0, 740.0)(1046.0, 649.0);GATE
Port:(1046.0, 663.5)(1056.0, 663.5)(1056.0, 725.5)(1046.0, 725.5);SD
Port:(1161.0, 649.0)(1161.0, 725.0)(1153.0, 725.0)(1153.0, 740.0)(1061.0, 740.0)(1061.0, 649.0);GATE
Port:(1152.0, 659.0)(1156.0, 659.0)(1156.0, 710.0)(1152.0, 710.0);SD
Module:M5
Boundary:(1309.0, 20.0)(1309.0, 131.5)(1297.0, 131.5)(1297.0, 147.0)(1122.0, 147.0)(1122.0, 20.0);GATE
Port:(1122.0, 34.5)(1132.0, 34.5)(1132.0, 132.5)(1122.0, 132.5);SD
Port:(1309.0, 20.0)(1309.0, 131.5)(1297.0, 131.5)(1297.0, 147.0)(1137.0, 147.0)(1137.0, 20.0);GATE
Port:(1300.0, 30.0)(1304.0, 30.0)(1304.0, 117.0)(1300.0, 117.0);SD
Module:M11
Boundary:(412.0, 553.0)(559.5, 553.0)(559.5, 613.9)(611.0, 613.9)(611.0, 666.0)(412.0, 666.0);GATE
Port:(426.5, 656.0)(596.5, 656.0)(596.5, 666.0)(426.5, 666.0);SD
Port:(412.0, 553.0)(559.5, 553.0)(559.5, 613.9)(611.0, 613.9)(611.0, 651.0)(412.0, 651.0);GATE
Port:(422.0, 558.0)(545.0, 558.0)(545.0, 562.0)(422.0, 562.0);SD
Module:M1
Boundary:(351.0, 832.0)(351.0, 908.0)(343.0, 908.0)(343.0, 923.0)(188.0, 923.0)(188.0, 832.0);GATE
Port:(188.0, 846.5)(198.0, 846.5)(198.0, 908.5)(188.0, 908.5);SD
Port:(351.0, 832.0)(351.0, 908.0)(343.0, 908.0)(343.0, 923.0)(203.0, 923.0)(203.0, 832.0);GATE
Port:(342.0, 842.0)(346.0, 842.0)(346.0, 893.0)(342.0, 893.0);SD
Module:M43
Boundary:(354.0, 224.0)(427.0, 224.0)(427.0, 346.0)(354.0, 346.0);GATE
Port:(368.5, 336.0)(412.5, 336.0)(412.5, 346.0)(368.5, 346.0);SD
Port:(354.0, 224.0)(427.0, 224.0)(427.0, 331.0)(354.0, 331.0);GATE
Port:(364.0, 229.0)(417.0, 229.0)(417.0, 233.0)(364.0, 233.0);SD
Module:M38
Boundary:(148.0, 777.0)(148.0, 924.5)(132.0, 924.5)(132.0, 940.0)(20.0, 940.0)(20.0, 777.0);GATE
Port:(20.0, 791.5)(30.0, 791.5)(30.0, 925.5)(20.0, 925.5);SD
Port:(148.0, 777.0)(148.0, 924.5)(132.0, 924.5)(132.0, 940.0)(35.0, 940.0)(35.0, 777.0);GATE
Port:(139.0, 787.0)(143.0, 787.0)(143.0, 910.0)(139.0, 910.0);SD
Module:M40
Boundary:(841.0, 274.0)(952.5, 274.0)(952.5, 324.0)(1022.0, 324.0)(1022.0, 394.0)(841.0, 394.0);GATE
Port:(855.5, 384.0)(1007.5, 384.0)(1007.5, 394.0)(855.5, 394.0);SD
Port:(841.0, 274.0)(952.5, 274.0)(952.5, 324.0)(1022.0, 324.0)(1022.0, 379.0)(841.0, 379.0);GATE
Port:(851.0, 279.0)(938.0, 279.0)(938.0, 283.0)(851.0, 283.0);SD
Module:M35
Boundary:(632.0, 875.0)(707.5, 875.0)(707.5, 993.0)(939.0, 993.0)(939.0, 1073.0)(632.0, 1073.0);GATE
Port:(646.5, 1063.0)(924.5, 1063.0)(924.5, 1073.0)(646.5, 1073.0);SD
Port:(632.0, 875.0)(707.5, 875.0)(707.5, 993.0)(939.0, 993.0)(939.0, 1058.0)(632.0, 1058.0);GATE
Port:(642.0, 880.0)(693.0, 880.0)(693.0, 884.0)(642.0, 884.0);SD
Module:M32
Boundary:(1306.0, 510.0)(1306.0, 603.5)(1296.0, 603.5)(1296.0, 619.0)(1218.0, 619.0)(1218.0, 510.0);GATE
Port:(1218.0, 524.5)(1228.0, 524.5)(1228.0, 604.5)(1218.0, 604.5);SD
Port:(1306.0, 510.0)(1306.0, 603.5)(1296.0, 603.5)(1296.0, 619.0)(1233.0, 619.0)(1233.0, 510.0);GATE
Port:(1297.0, 520.0)(1301.0, 520.0)(1301.0, 589.0)(1297.0, 589.0);SD
Module:M27
Boundary:(312.0, 250.0)(312.0, 325.5)(288.9, 325.5)(288.9, 377.0)(223.0, 377.0)(223.0, 250.0);GATE
Port:(223.0, 264.5)(233.0, 264.5)(233.0, 362.5)(223.0, 362.5);SD
Port:(312.0, 250.0)(312.0, 325.5)(288.9, 325.5)(288.9, 377.0)(238.0, 377.0)(238.0, 250.0);GATE
Port:(303.0, 260.0)(307.0, 260.0)(307.0, 311.0)(303.0, 311.0);SD
Module:M24
Boundary:(327.0, 963.0)(327.0, 1056.5)(317.0, 1056.5)(317.0, 1072.0)(208.0, 1072.0)(208.0, 963.0);GATE
Port:(208.0, 977.5)(218.0, 977.5)(218.0, 1057.5)(208.0, 1057.5);SD
Port:(327.0, 963.0)(327.0, 1056.5)(317.0, 1056.5)(317.0, 1072.0)(223.0, 1072.0)(223.0, 963.0);GATE
Port:(318.0, 973.0)(322.0, 973.0)(322.0, 1042.0)(318.0, 1042.0);SD
Module:M19
Boundary:(477.0, 30.0)(624.5, 30.0)(624.5, 46.0)(640.0, 46.0)(640.0, 97.0)(477.0, 97.0);GATE
Port:(491.5, 87.0)(625.5, 87.0)(625.5, 97.0)(491.5, 97.0);SD
Port:(477.0, 30.0)(624.5, 30.0)(624.5, 46.0)(640.0, 46.0)(640.0, 82.0)(477.0, 82.0);GATE
Port:(487.0, 35.0)(610.0, 35.0)(610.0, 39.0)(487.0, 39.0);SD
Module:M6
Boundary:(354.0, 20.0)(427.0, 20.0)(427.0, 184.0)(354.0, 184.0);GATE
Port:(368.5, 174.0)(412.5, 174.0)(412.5, 184.0)(368.5, 184.0);SD
Port:(354.0, 20.0)(427.0, 20.0)(427.0, 169.0)(354.0, 169.0);GATE
Port:(364.0, 25.0)(417.0, 25.0)(417.0, 29.0)(364.0, 29.0);SD
Module:M21
Boundary:(781.0, 761.0)(781.0, 834.0)(651.0, 834.0)(651.0, 761.0);GATE
Port:(651.0, 775.5)(661.0, 775.5)(661.0, 819.5)(651.0, 819.5);SD
Port:(781.0, 761.0)(781.0, 834.0)(666.0, 834.0)(666.0, 761.0);GATE
Port:(772.0, 771.0)(776.0, 771.0)(776.0, 824.0)(772.0, 824.0);SD
Module:M2
Boundary:(690.0, 20.0)(819.5, 20.0)(819.5, 57.0)(853.0, 57.0)(853.0, 106.0)(690.0, 106.0);GATE
Port:(704.5, 96.0)(838.5, 96.0)(838.5, 106.0)(704.5, 106.0);SD
Port:(690.0, 20.0)(819.5, 20.0)(819.5, 57.0)(853.0, 57.0)(853.0, 91.0)(690.0, 91.0);GATE
Port:(700.0, 25.0)(805.0, 25.0)(805.0, 29.0)(700.0, 29.0);SD
Module:M16
Boundary:(1051.0, 151.0)(1051.0, 224.0)(944.0, 224.0)(944.0, 151.0);GATE
Port:(944.0, 165.5)(954.0, 165.5)(954.0, 209.5)(944.0, 209.5);SD
Port:(1051.0, 151.0)(1051.0, 224.0)(959.0, 224.0)(959.0, 151.0);GATE
Port:(1042.0, 161.0)(1046.0, 161.0)(1046.0, 214.0)(1042.0, 214.0);SD
Module:M13
Boundary:(990.0, 649.0)(990.0, 722.0)(839.0, 722.0)(839.0, 649.0);GATE
Port:(839.0, 663.5)(849.0, 663.5)(849.0, 707.5)(839.0, 707.5);SD
Port:(990.0, 649.0)(990.0, 722.0)(854.0, 722.0)(854.0, 649.0);GATE
Port:(981.0, 659.0)(985.0, 659.0)(985.0, 712.0)(981.0, 712.0);SD
Module:M45
Boundary:(165.0, 20.0)(165.0, 96.0)(157.0, 96.0)(157.0, 111.0)(20.0, 111.0)(20.0, 20.0);GATE
Port:(20.0, 34.5)(30.0, 34.5)(30.0, 96.5)(20.0, 96.5);SD
Port:(165.0, 20.0)(165.0, 96.0)(157.0, 96.0)(157.0, 111.0)(35.0, 111.0)(35.0, 20.0);GATE
Port:(156.0, 30.0)(160.0, 30.0)(160.0, 81.0)(156.0, 81.0);SD
Module:M10
Boundary:(799.0, 463.0)(799.0, 574.5)(787.0, 574.5)(787.0, 590.0)(652.0, 590.0)(652.0, 463.0);GATE
Port:(652.0, 477.5)(662.0, 477.5)(662.0, 575.5)(652.0, 575.5);SD
Port:(799.0, 463.0)(799.0, 574.5)(787.0, 574.5)(787.0, 590.0)(667.0, 590.0)(667.0, 463.0);GATE
Port:(790.0, 473.0)(794.0, 473.0)(794.0, 560.0)(790.0, 560.0);SD
Module:M42
Boundary:(168.0, 980.0)(168.0, 1056.0)(160.0, 1056.0)(160.0, 1071.0)(20.0, 1071.0)(20.0, 980.0);GATE
Port:(20.0, 994.5)(30.0, 994.5)(30.0, 1056.5)(20.0, 1056.5);SD
Port:(168.0, 980.0)(168.0, 1056.0)(160.0, 1056.0)(160.0, 1071.0)(35.0, 1071.0)(35.0, 980.0);GATE
Port:(159.0, 990.0)(163.0, 990.0)(163.0, 1041.0)(159.0, 1041.0);SD
Module:M37
Boundary:(1091.0, 338.0)(1220.5, 338.0)(1220.5, 388.2)(1290.0, 388.2)(1290.0, 460.0)(1091.0, 460.0);GATE
Port:(1105.5, 450.0)(1275.5, 450.0)(1275.5, 460.0)(1105.5, 460.0);SD
Port:(1091.0, 338.0)(1220.5, 338.0)(1220.5, 388.2)(1290.0, 388.2)(1290.0, 445.0)(1091.0, 445.0);GATE
Port:(1101.0, 343.0)(1206.0, 343.0)(1206.0, 347.0)(1101.0, 347.0);SD
Module:M34
Boundary:(831.0, 151.0)(904.0, 151.0)(904.0, 214.0)(831.0, 214.0);GATE
Port:(845.5, 204.0)(889.5, 204.0)(889.5, 214.0)(845.5, 214.0);SD
Port:(831.0, 151.0)(904.0, 151.0)(904.0, 199.0)(831.0, 199.0);GATE
Port:(841.0, 156.0)(894.0, 156.0)(894.0, 160.0)(841.0, 160.0);SD
Module:M29
Boundary:(412.0, 706.0)(541.5, 706.0)(541.5, 759.2)(611.0, 759.2)(611.0, 802.0)(412.0, 802.0);GATE
Port:(426.5, 792.0)(596.5, 792.0)(596.5, 802.0)(426.5, 802.0);SD
Port:(412.0, 706.0)(541.5, 706.0)(541.5, 759.2)(611.0, 759.2)(611.0, 787.0)(412.0, 787.0);GATE
Port:(422.0, 711.0)(527.0, 711.0)(527.0, 715.0)(422.0, 715.0);SD
Module:M7
Boundary:(20.0, 251.0)(149.5, 251.0)(149.5, 302.7)(183.0, 302.7)(183.0, 370.0)(20.0, 370.0);GATE
Port:(34.5, 360.0)(168.5, 360.0)(168.5, 370.0)(34.5, 370.0);SD
Port:(20.0, 251.0)(149.5, 251.0)(149.5, 302.7)(183.0, 302.7)(183.0, 355.0)(20.0, 355.0);GATE
Port:(30.0, 256.0)(135.0, 256.0)(135.0, 260.0)(30.0, 260.0);SD
Module:M31
Boundary:(467.0, 147.0)(560.5, 147.0)(560.5, 261.3)(612.0, 261.3)(612.0, 343.0)(467.0, 343.0);GATE
Port:(481.5, 333.0)(597.5, 333.0)(597.5, 343.0)(481.5, 343.0);SD
Port:(467.0, 147.0)(560.5, 147.0)(560.5, 261.3)(612.0, 261.3)(612.0, 328.0)(467.0, 328.0);GATE
Port:(477.0, 152.0)(546.0, 152.0)(546.0, 156.0)(477.0, 156.0);SD
Module:M3
Boundary:(20.0, 410.0)(149.5, 410.0)(149.5, 455.2)(183.0, 455.2)(183.0, 516.0)(20.0, 516.0);GATE
Port:(34.5, 506.0)(168.5, 506.0)(168.5, 516.0)(34.5, 516.0);SD
Port:(20.0, 410.0)(149.5, 410.0)(149.5, 455.2)(183.0, 455.2)(183.0, 501.0)(20.0, 501.0);GATE
Port:(30.0, 415.0)(135.0, 415.0)(135.0, 419.0)(30.0, 419.0);SD
Module:M26
Boundary:(1297.0, 197.0)(1297.0, 273.0)(1289.0, 273.0)(1289.0, 288.0)(1101.0, 288.0)(1101.0, 197.0);GATE
Port:(1101.0, 211.5)(1111.0, 211.5)(1111.0, 273.5)(1101.0, 273.5);SD
Port:(1297.0, 197.0)(1297.0, 273.0)(1289.0, 273.0)(1289.0, 288.0)(1116.0, 288.0)(1116.0, 197.0);GATE
Port:(1288.0, 207.0)(1292.0, 207.0)(1292.0, 258.0)(1288.0, 258.0);SD
Module:M23
Boundary:(782.0, 630.0)(782.0, 706.0)(774.0, 706.0)(774.0, 721.0)(651.0, 721.0)(651.0, 630.0);GATE
Port:(651.0, 644.5)(661.0, 644.5)(661.0, 706.5)(651.0, 706.5);SD
Port:(782.0, 630.0)(782.0, 706.0)(774.0, 706.0)(774.0, 721.0)(666.0, 721.0)(666.0, 630.0);GATE
Port:(773.0, 640.0)(777.0, 640.0)(777.0, 691.0)(773.0, 691.0);SD
Module:M18
Boundary:(401.0, 852.0)(458.5, 852.0)(458.5, 925.9)(582.0, 925.9)(582.0, 1050.0)(401.0, 1050.0);GATE
Port:(415.5, 1040.0)(567.5, 1040.0)(567.5, 1050.0)(415.5, 1050.0);SD
Port:(401.0, 852.0)(458.5, 852.0)(458.5, 925.9)(582.0, 925.9)(582.0, 1035.0)(401.0, 1035.0);GATE
Port:(411.0, 857.0)(444.0, 857.0)(444.0, 861.0)(411.0, 861.0);SD
Module:M20
Boundary:(1006.0, 762.0)(1006.0, 835.0)(822.0, 835.0)(822.0, 762.0);GATE
Port:(822.0, 776.5)(832.0, 776.5)(832.0, 820.5)(822.0, 820.5);SD
Port:(1006.0, 762.0)(1006.0, 835.0)(837.0, 835.0)(837.0, 762.0);GATE
Port:(997.0, 772.0)(1001.0, 772.0)(1001.0, 825.0)(997.0, 825.0);SD
Module:M15
Boundary:(151.0, 556.0)(151.0, 703.5)(89.0, 703.5)(89.0, 737.0)(20.0, 737.0)(20.0, 556.0);GATE
Port:(20.0, 570.5)(30.0, 570.5)(30.0, 722.5)(20.0, 722.5);SD
Port:(151.0, 556.0)(151.0, 703.5)(89.0, 703.5)(89.0, 737.0)(35.0, 737.0)(35.0, 556.0);GATE
Port:(142.0, 566.0)(146.0, 566.0)(146.0, 689.0)(142.0, 689.0);SD
Module:M12
Boundary:(1046.0, 780.0)(1139.5, 780.0)(1139.5, 790.0)(1155.0, 790.0)(1155.0, 853.0)(1046.0, 853.0);GATE
Port:(1060.5, 843.0)(1140.5, 843.0)(1140.5, 853.0)(1060.5, 853.0);SD
Port:(1046.0, 780.0)(1139.5, 780.0)(1139.5, 790.0)(1155.0, 790.0)(1155.0, 838.0)(1046.0, 838.0);GATE
Port:(1056.0, 785.0)(1125.0, 785.0)(1125.0, 789.0)(1056.0, 789.0);SD
Module:M44
Boundary:(20.0, 151.0)(131.5, 151.0)(131.5, 172.0)(165.0, 172.0)(165.0, 211.0)(20.0, 211.0);GATE
Port:(34.5, 201.0)(150.5, 201.0)(150.5, 211.0)(34.5, 211.0);SD
Port:(20.0, 151.0)(131.5, 151.0)(131.5, 172.0)(165.0, 172.0)(165.0, 196.0)(20.0, 196.0);GATE
Port:(30.0, 156.0)(117.0, 156.0)(117.0, 160.0)(30.0, 160.0);SD
Module:M39
Boundary:(1305.0, 914.0)(1305.0, 1043.5)(1291.0, 1043.5)(1291.0, 1059.0)(1174.0, 1059.0)(1174.0, 914.0);GATE
Port:(1174.0, 928.5)(1184.0, 928.5)(1184.0, 1044.5)(1174.0, 1044.5);SD
Port:(1305.0, 914.0)(1305.0, 1043.5)(1291.0, 1043.5)(1291.0, 1059.0)(1189.0, 1059.0)(1189.0, 914.0);GATE
Port:(1296.0, 924.0)(1300.0, 924.0)(1300.0, 1029.0)(1296.0, 1029.0);SD
Module:M8
Boundary:(372.0, 417.0)(372.0, 546.5)(358.0, 546.5)(358.0, 562.0)(223.0, 562.0)(223.0, 417.0);GATE
Port:(223.0, 431.5)(233.0, 431.5)(233.0, 547.5)(223.0, 547.5);SD
Port:(372.0, 417.0)(372.0, 546.5)(358.0, 546.5)(358.0, 562.0)(238.0, 562.0)(238.0, 417.0);GATE
Port:(363.0, 427.0)(367.0, 427.0)(367.0, 532.0)(363.0, 532.0);SD
Module:M41
Boundary:(191.0, 602.0)(338.5, 602.0)(338.5, 690.3)(372.0, 690.3)(372.0, 792.0)(191.0, 792.0);GATE
Port:(205.5, 782.0)(357.5, 782.0)(357.5, 792.0)(205.5, 792.0);SD
Port:(191.0, 602.0)(338.5, 602.0)(338.5, 690.3)(372.0, 690.3)(372.0, 777.0)(191.0, 777.0);GATE
Port:(201.0, 607.0)(324.0, 607.0)(324.0, 611.0)(201.0, 611.0);SD
Module:M4
Boundary:(205.0, 20.0)(298.5, 20.0)(298.5, 30.0)(314.0, 30.0)(314.0, 210.0)(205.0, 210.0);GATE
Port:(219.5, 200.0)(299.5, 200.0)(299.5, 210.0)(219.5, 210.0);SD
Port:(205.0, 20.0)(298.5, 20.0)(298.5, 30.0)(314.0, 30.0)(314.0, 195.0)(205.0, 195.0);GATE
Port:(215.0, 25.0)(284.0, 25.0)(284.0, 29.0)(215.0, 29.0);SD
Module:M36
Boundary:(1082.0, 20.0)(1082.0, 96.0)(1074.0, 96.0)(1074.0, 111.0)(893.0, 111.0)(893.0, 20.0);GATE
Port:(893.0, 34.5)(903.0, 34.5)(903.0, 96.5)(893.0, 96.5);SD
Port:(1082.0, 20.0)(1082.0, 96.0)(1074.0, 96.0)(1074.0, 111.0)(908.0, 111.0)(908.0, 20.0);GATE
Port:(1073.0, 30.0)(1077.0, 30.0)(1077.0, 81.0)(1073.0, 81.0);SD
Module:M33
Boundary:(979.0, 893.0)(1090.5, 893.0)(1090.5, 972.8)(1124.0, 972.8)(1124.0, 1070.0)(979.0, 1070.0);GATE
Port:(993.5, 1060.0)(1109.5, 1060.0)(1109.5, 1070.0)(993.5, 1070.0);SD
Port:(979.0, 893.0)(1090.5, 893.0)(1090.5, 972.8)(1124.0, 972.8)(1124.0, 1055.0)(979.0, 1055.0);GATE
Port:(989.0, 898.0)(1076.0, 898.0)(1076.0, 902.0)(989.0, 902.0);SD
Module:M28
Boundary:(608.0, 386.0)(608.0, 497.5)(596.0, 497.5)(596.0, 513.0)(412.0, 513.0)(412.0, 386.0);GATE
Port:(412.0, 400.5)(422.0, 400.5)(422.0, 498.5)(412.0, 498.5);SD
Port:(608.0, 386.0)(608.0, 497.5)(596.0, 497.5)(596.0, 513.0)(427.0, 513.0)(427.0, 386.0);GATE
Port:(599.0, 396.0)(603.0, 396.0)(603.0, 483.0)(599.0, 483.0);SD
Module:M30
Boundary:(1201.0, 669.0)(1294.5, 669.0)(1294.5, 679.0)(1310.0, 679.0)(1310.0, 864.0)(1201.0, 864.0);GATE
Port:(1215.5, 854.0)(1295.5, 854.0)(1295.5, 864.0)(1215.5, 864.0);SD
Port:(1201.0, 669.0)(1294.5, 669.0)(1294.5, 679.0)(1310.0, 679.0)(1310.0, 849.0)(1201.0, 849.0);GATE
Port:(1211.0, 674.0)(1280.0, 674.0)(1280.0, 678.0)(1211.0, 678.0);SD
Module:M25
Boundary:(1168.0, 500.0)(1168.0, 593.5)(1158.0, 593.5)(1158.0, 609.0)(1088.0, 609.0)(1088.0, 500.0);GATE
Port:(1088.0, 514.5)(1098.0, 514.5)(1098.0, 594.5)(1088.0, 594.5);SD
Port:(1168.0, 500.0)(1168.0, 593.5)(1158.0, 593.5)(1158.0, 609.0)(1103.0, 609.0)(1103.0, 500.0);GATE
Port:(1159.0, 510.0)(1163.0, 510.0)(1163.0, 579.0)(1159.0, 579.0);SD
Module:M22
Boundary:(791.0, 147.0)(791.0, 294.5)(775.0, 294.5)(775.0, 310.0)(652.0, 310.0)(652.0, 147.0);GATE
Port:(652.0, 161.5)(662.0, 161.5)(662.0, 295.5)(652.0, 295.5);SD
Port:(791.0, 147.0)(791.0, 294.5)(775.0, 294.5)(775.0, 310.0)(667.0, 310.0)(667.0, 147.0);GATE
Port:(782.0, 157.0)(786.0, 157.0)(786.0, 280.0)(782.0, 280.0);SD
Module:M17
Boundary:(1038.0, 454.0)(1038.0, 583.5)(1024.0, 583.5)(1024.0, 599.0)(849.0, 599.0)(849.0, 454.0);GATE
Port:(849.0, 468.5)(859.0, 468.5)(859.0, 584.5)(849.0, 584.5);SD
Port:(1038.0, 454.0)(1038.0, 583.5)(1024.0, 583.5)(1024.0, 599.0)(864.0, 599.0)(864.0, 454.0);GATE
Port:(1029.0, 464.0)(1033.0, 464.0)(1033.0, 569.0)(1029.0, 569.0);SD
