Area:(-20.0, -20.0)(691.0, -20.0)(691.0, 2041.0)(-20.0, 2041.0)
Rule:GATE(5,5);SD(5,5);GATE_SD(0.5);GATE_ITO(0.5);SD_ITO(0.5)
Module:M14
Boundary:(354.0, 497.0)(427.0, 497.0)(427.0, 635.0)(354.0, 635.0);GATE
Port:(368.5, 625.0)(412.5, 625.0)(412.5, 635.0)(368.5, 635.0);SD
Port:(354.0, 497.0)(427.0, 497.0)(427.0, 620.0)(354.0, 620.0);GATE
Port:(364.0, 502.0)(417.0, 502.0)(417.0, 506.0)(364.0, 506.0);SD
Module:M9
Boundary:(365.0, 1461.0)(441.0, 1461.0)(441.0, 1469.0)(456.0, 1469.0)(456.0, 1530.0)(365.0, 1530.0);GATE
Port:(379.5, 1520.0)(441.5, 1520.0)(441.5, 1530.0)(379.5, 1530.0);SD
Port:(365.0, 1461.0)(441.0, 1461.0)(441.0, 1469.0)(456.0, 1469.0)(456.0, 1515.0)(365.0, 1515.0);GATE
Port:(375.0, 1466.0)(426.0, 1466.0)(426.0, 1470.0)(375.0, 1470.0);SD
Module:M5
Boundary:(504.0, 437.0)(633.5, 437.0)(633.5, 451.0)(649.0, 451.0)(649.0, 510.0)(504.0, 510.0);GATE
Port:(518.5, 500.0)(634.5, 500.0)(634.5, 510.0)(518.5, 510.0);SD
Port:(504.0, 437.0)(633.5, 437.0)(633.5, 451.0)(649.0, 451.0)(649.0, 495.0)(504.0, 495.0);GATE
Port:(514.0, 442.0)(619.0, 442.0)(619.0, 446.0)(514.0, 446.0);SD
Module:M11
Boundary:(20.0, 849.0)(96.0, 849.0)(96.0, 857.0)(111.0, 857.0)(111.0, 982.0)(20.0, 982.0);GATE
Port:(34.5, 972.0)(96.5, 972.0)(96.5, 982.0)(34.5, 982.0);SD
Port:(20.0, 849.0)(96.0, 849.0)(96.0, 857.0)(111.0, 857.0)(111.0, 967.0)(20.0, 967.0);GATE
Port:(30.0, 854.0)(81.0, 854.0)(81.0, 858.0)(30.0, 858.0);SD
Module:M1
Boundary:(367.0, 1252.0)(443.0, 1252.0)(443.0, 1260.0)(458.0, 1260.0)(458.0, 1421.0)(367.0, 1421.0);GATE
Port:(381.5, 1411.0)(443.5, 1411.0)(443.5, 1421.0)(381.5, 1421.0);SD
Port:(367.0, 1252.0)(443.0, 1252.0)(443.0, 1260.0)(458.0, 1260.0)(458.0, 1406.0)(367.0, 1406.0);GATE
Port:(377.0, 1257.0)(428.0, 1257.0)(428.0, 1261.0)(377.0, 1261.0);SD
Module:M43
Boundary:(198.0, 1611.0)(309.5, 1611.0)(309.5, 1623.0)(325.0, 1623.0)(325.0, 1736.0)(198.0, 1736.0);GATE
Port:(212.5, 1726.0)(310.5, 1726.0)(310.5, 1736.0)(212.5, 1736.0);SD
Port:(198.0, 1611.0)(309.5, 1611.0)(309.5, 1623.0)(325.0, 1623.0)(325.0, 1721.0)(198.0, 1721.0);GATE
Port:(208.0, 1616.0)(295.0, 1616.0)(295.0, 1620.0)(208.0, 1620.0);SD
Module:M38
Boundary:(355.0, 324.0)(448.5, 324.0)(448.5, 334.0)(464.0, 334.0)(464.0, 457.0)(355.0, 457.0);GATE
Port:(369.5, 447.0)(449.5, 447.0)(449.5, 457.0)(369.5, 457.0);SD
Port:(355.0, 324.0)(448.5, 324.0)(448.5, 334.0)(464.0, 334.0)(464.0, 442.0)(355.0, 442.0);GATE
Port:(365.0, 329.0)(434.0, 329.0)(434.0, 333.0)(365.0, 333.0);SD
Module:M40
Boundary:(630.0, 1658.0)(630.0, 1787.5)(616.0, 1787.5)(616.0, 1803.0)(513.0, 1803.0)(513.0, 1658.0);GATE
Port:(513.0, 1672.5)(523.0, 1672.5)(523.0, 1788.5)(513.0, 1788.5);SD
Port:(630.0, 1658.0)(630.0, 1787.5)(616.0, 1787.5)(616.0, 1803.0)(528.0, 1803.0)(528.0, 1658.0);GATE
Port:(621.0, 1668.0)(625.0, 1668.0)(625.0, 1773.0)(621.0, 1773.0);SD
Module:M35
Boundary:(20.0, 1022.0)(131.5, 1022.0)(131.5, 1143.0)(327.0, 1143.0)(327.0, 1183.0)(20.0, 1183.0);GATE
Port:(34.5, 1173.0)(312.5, 1173.0)(312.5, 1183.0)(34.5, 1183.0);SD
Port:(20.0, 1022.0)(131.5, 1022.0)(131.5, 1143.0)(327.0, 1143.0)(327.0, 1168.0)(20.0, 1168.0);GATE
Port:(30.0, 1027.0)(117.0, 1027.0)(117.0, 1031.0)(30.0, 1031.0);SD
Module:M32
Boundary:(477.0, 560.0)(588.5, 560.0)(588.5, 581.8)(640.0, 581.8)(640.0, 641.0)(477.0, 641.0);GATE
Port:(491.5, 631.0)(625.5, 631.0)(625.5, 641.0)(491.5, 641.0);SD
Port:(477.0, 560.0)(588.5, 560.0)(588.5, 581.8)(640.0, 581.8)(640.0, 626.0)(477.0, 626.0);GATE
Port:(487.0, 565.0)(574.0, 565.0)(574.0, 569.0)(487.0, 569.0);SD
Module:M27
Boundary:(445.0, 1570.0)(445.0, 1643.0)(365.0, 1643.0)(365.0, 1570.0);GATE
Port:(365.0, 1584.5)(375.0, 1584.5)(375.0, 1628.5)(365.0, 1628.5);SD
Port:(445.0, 1570.0)(445.0, 1643.0)(380.0, 1643.0)(380.0, 1570.0);GATE
Port:(436.0, 1580.0)(440.0, 1580.0)(440.0, 1633.0)(436.0, 1633.0);SD
Module:M24
Boundary:(644.0, 823.0)(644.0, 899.0)(636.0, 899.0)(636.0, 914.0)(522.0, 914.0)(522.0, 823.0);GATE
Port:(522.0, 837.5)(532.0, 837.5)(532.0, 899.5)(522.0, 899.5);SD
Port:(644.0, 823.0)(644.0, 899.0)(636.0, 899.0)(636.0, 914.0)(537.0, 914.0)(537.0, 823.0);GATE
Port:(635.0, 833.0)(639.0, 833.0)(639.0, 884.0)(635.0, 884.0);SD
Module:M19
Boundary:(381.0, 847.0)(457.0, 847.0)(457.0, 855.0)(472.0, 855.0)(472.0, 1017.0)(381.0, 1017.0);GATE
Port:(395.5, 1007.0)(457.5, 1007.0)(457.5, 1017.0)(395.5, 1017.0);SD
Port:(381.0, 847.0)(457.0, 847.0)(457.0, 855.0)(472.0, 855.0)(472.0, 1002.0)(381.0, 1002.0);GATE
Port:(391.0, 852.0)(442.0, 852.0)(442.0, 856.0)(391.0, 856.0);SD
Module:M6
Boundary:(355.0, 192.0)(431.0, 192.0)(431.0, 200.0)(446.0, 200.0)(446.0, 279.0)(355.0, 279.0);GATE
Port:(369.5, 269.0)(431.5, 269.0)(431.5, 279.0)(369.5, 279.0);SD
Port:(355.0, 192.0)(431.0, 192.0)(431.0, 200.0)(446.0, 200.0)(446.0, 264.0)(355.0, 264.0);GATE
Port:(365.0, 197.0)(416.0, 197.0)(416.0, 201.0)(365.0, 201.0);SD
Module:M21
Boundary:(646.0, 1853.0)(646.0, 1982.5)(632.0, 1982.5)(632.0, 1998.0)(503.0, 1998.0)(503.0, 1853.0);GATE
Port:(503.0, 1867.5)(513.0, 1867.5)(513.0, 1983.5)(503.0, 1983.5);SD
Port:(646.0, 1853.0)(646.0, 1982.5)(632.0, 1982.5)(632.0, 1998.0)(518.0, 1998.0)(518.0, 1853.0);GATE
Port:(637.0, 1863.0)(641.0, 1863.0)(641.0, 1968.0)(637.0, 1968.0);SD
Module:M2
Boundary:(188.0, 1354.0)(188.0, 1501.5)(172.0, 1501.5)(172.0, 1517.0)(20.0, 1517.0)(20.0, 1354.0);GATE
Port:(20.0, 1368.5)(30.0, 1368.5)(30.0, 1502.5)(20.0, 1502.5);SD
Port:(188.0, 1354.0)(188.0, 1501.5)(172.0, 1501.5)(172.0, 1517.0)(35.0, 1517.0)(35.0, 1354.0);GATE
Port:(179.0, 1364.0)(183.0, 1364.0)(183.0, 1487.0)(179.0, 1487.0);SD
Module:M16
Boundary:(374.0, 691.0)(521.5, 691.0)(521.5, 745.0)(609.0, 745.0)(609.0, 783.0)(374.0, 783.0);GATE
Port:(388.5, 773.0)(594.5, 773.0)(594.5, 783.0)(388.5, 783.0);SD
Port:(374.0, 691.0)(521.5, 691.0)(521.5, 745.0)(609.0, 745.0)(609.0, 768.0)(374.0, 768.0);GATE
Port:(384.0, 696.0)(507.0, 696.0)(507.0, 700.0)(384.0, 700.0);SD
Module:M13
Boundary:(499.0, 1087.0)(628.5, 1087.0)(628.5, 1101.0)(644.0, 1101.0)(644.0, 1280.0)(499.0, 1280.0);GATE
Port:(513.5, 1270.0)(629.5, 1270.0)(629.5, 1280.0)(513.5, 1280.0);SD
Port:(499.0, 1087.0)(628.5, 1087.0)(628.5, 1101.0)(644.0, 1101.0)(644.0, 1265.0)(499.0, 1265.0);GATE
Port:(509.0, 1092.0)(614.0, 1092.0)(614.0, 1096.0)(509.0, 1096.0);SD
Module:M45
Boundary:(372.0, 1683.0)(448.0, 1683.0)(448.0, 1691.0)(463.0, 1691.0)(463.0, 1790.0)(372.0, 1790.0);GATE
Port:(386.5, 1780.0)(448.5, 1780.0)(448.5, 1790.0)(386.5, 1790.0);SD
Port:(372.0, 1683.0)(448.0, 1683.0)(448.0, 1691.0)(463.0, 1691.0)(463.0, 1775.0)(372.0, 1775.0);GATE
Port:(382.0, 1688.0)(433.0, 1688.0)(433.0, 1692.0)(382.0, 1692.0);SD
Module:M10
Boundary:(158.0, 1557.0)(158.0, 1668.5)(126.0, 1668.5)(126.0, 1738.0)(20.0, 1738.0)(20.0, 1557.0);GATE
Port:(20.0, 1571.5)(30.0, 1571.5)(30.0, 1723.5)(20.0, 1723.5);SD
Port:(158.0, 1557.0)(158.0, 1668.5)(126.0, 1668.5)(126.0, 1738.0)(35.0, 1738.0)(35.0, 1557.0);GATE
Port:(149.0, 1567.0)(153.0, 1567.0)(153.0, 1654.0)(149.0, 1654.0);SD
Module:M42
Boundary:(208.0, 1909.0)(208.0, 1985.0)(200.0, 1985.0)(200.0, 2000.0)(20.0, 2000.0)(20.0, 1909.0);GATE
Port:(20.0, 1923.5)(30.0, 1923.5)(30.0, 1985.5)(20.0, 1985.5);SD
Port:(208.0, 1909.0)(208.0, 1985.0)(200.0, 1985.0)(200.0, 2000.0)(35.0, 2000.0)(35.0, 1909.0);GATE
Port:(199.0, 1919.0)(203.0, 1919.0)(203.0, 1970.0)(199.0, 1970.0);SD
Module:M37
Boundary:(159.0, 20.0)(159.0, 149.5)(73.5, 149.5)(73.5, 219.0)(20.0, 219.0)(20.0, 20.0);GATE
Port:(20.0, 34.5)(30.0, 34.5)(30.0, 204.5)(20.0, 204.5);SD
Port:(159.0, 20.0)(159.0, 149.5)(73.5, 149.5)(73.5, 219.0)(35.0, 219.0)(35.0, 20.0);GATE
Port:(150.0, 30.0)(154.0, 30.0)(154.0, 135.0)(150.0, 135.0);SD
Module:M34
Boundary:(624.0, 324.0)(624.0, 397.0)(504.0, 397.0)(504.0, 324.0);GATE
Port:(504.0, 338.5)(514.0, 338.5)(514.0, 382.5)(504.0, 382.5);SD
Port:(624.0, 324.0)(624.0, 397.0)(519.0, 397.0)(519.0, 324.0);GATE
Port:(615.0, 334.0)(619.0, 334.0)(619.0, 387.0)(615.0, 387.0);SD
Module:M29
Boundary:(560.0, 20.0)(636.0, 20.0)(636.0, 28.0)(651.0, 28.0)(651.0, 154.0)(560.0, 154.0);GATE
Port:(574.5, 144.0)(636.5, 144.0)(636.5, 154.0)(574.5, 154.0);SD
Port:(560.0, 20.0)(636.0, 20.0)(636.0, 28.0)(651.0, 28.0)(651.0, 139.0)(560.0, 139.0);GATE
Port:(570.0, 25.0)(621.0, 25.0)(621.0, 29.0)(570.0, 29.0);SD
Module:M7
Boundary:(308.0, 20.0)(308.0, 113.5)(249.0, 113.5)(249.0, 237.0)(199.0, 237.0)(199.0, 20.0);GATE
Port:(199.0, 34.5)(209.0, 34.5)(209.0, 222.5)(199.0, 222.5);SD
Port:(308.0, 20.0)(308.0, 113.5)(249.0, 113.5)(249.0, 237.0)(214.0, 237.0)(214.0, 20.0);GATE
Port:(299.0, 30.0)(303.0, 30.0)(303.0, 99.0)(299.0, 99.0);SD
Module:M31
Boundary:(217.0, 837.0)(217.0, 966.5)(203.0, 966.5)(203.0, 982.0)(151.0, 982.0)(151.0, 837.0);GATE
Port:(151.0, 851.5)(161.0, 851.5)(161.0, 967.5)(151.0, 967.5);SD
Port:(217.0, 837.0)(217.0, 966.5)(203.0, 966.5)(203.0, 982.0)(166.0, 982.0)(166.0, 837.0);GATE
Port:(208.0, 847.0)(212.0, 847.0)(212.0, 952.0)(208.0, 952.0);SD
Module:M3
Boundary:(323.0, 1372.0)(323.0, 1465.5)(277.0, 1465.5)(277.0, 1571.0)(228.0, 1571.0)(228.0, 1372.0);GATE
Port:(228.0, 1386.5)(238.0, 1386.5)(238.0, 1556.5)(228.0, 1556.5);SD
Port:(323.0, 1372.0)(323.0, 1465.5)(277.0, 1465.5)(277.0, 1571.0)(243.0, 1571.0)(243.0, 1372.0);GATE
Port:(314.0, 1382.0)(318.0, 1382.0)(318.0, 1451.0)(314.0, 1451.0);SD
Module:M26
Boundary:(365.0, 30.0)(494.5, 30.0)(494.5, 44.0)(510.0, 44.0)(510.0, 142.0)(365.0, 142.0);GATE
Port:(379.5, 132.0)(495.5, 132.0)(495.5, 142.0)(379.5, 142.0);SD
Port:(365.0, 30.0)(494.5, 30.0)(494.5, 44.0)(510.0, 44.0)(510.0, 127.0)(365.0, 127.0);GATE
Port:(375.0, 35.0)(480.0, 35.0)(480.0, 39.0)(375.0, 39.0);SD
Module:M23
Boundary:(20.0, 491.0)(93.0, 491.0)(93.0, 617.0)(20.0, 617.0);GATE
Port:(34.5, 607.0)(78.5, 607.0)(78.5, 617.0)(34.5, 617.0);SD
Port:(20.0, 491.0)(93.0, 491.0)(93.0, 602.0)(20.0, 602.0);GATE
Port:(30.0, 496.0)(83.0, 496.0)(83.0, 500.0)(30.0, 500.0);SD
Module:M18
Boundary:(642.0, 964.0)(642.0, 1037.0)(532.0, 1037.0)(532.0, 964.0);GATE
Port:(532.0, 978.5)(542.0, 978.5)(542.0, 1022.5)(532.0, 1022.5);SD
Port:(642.0, 964.0)(642.0, 1037.0)(547.0, 1037.0)(547.0, 964.0);GATE
Port:(633.0, 974.0)(637.0, 974.0)(637.0, 1027.0)(633.0, 1027.0);SD
Module:M20
Boundary:(318.0, 1223.0)(318.0, 1316.5)(308.0, 1316.5)(308.0, 1332.0)(253.0, 1332.0)(253.0, 1223.0);GATE
Port:(253.0, 1237.5)(263.0, 1237.5)(263.0, 1317.5)(253.0, 1317.5);SD
Port:(318.0, 1223.0)(318.0, 1316.5)(308.0, 1316.5)(308.0, 1332.0)(268.0, 1332.0)(268.0, 1223.0);GATE
Port:(309.0, 1233.0)(313.0, 1233.0)(313.0, 1302.0)(309.0, 1302.0);SD
Module:M15
Boundary:(20.0, 657.0)(96.0, 657.0)(96.0, 665.0)(111.0, 665.0)(111.0, 809.0)(20.0, 809.0);GATE
Port:(34.5, 799.0)(96.5, 799.0)(96.5, 809.0)(34.5, 809.0);SD
Port:(20.0, 657.0)(96.0, 657.0)(96.0, 665.0)(111.0, 665.0)(111.0, 794.0)(20.0, 794.0);GATE
Port:(30.0, 662.0)(81.0, 662.0)(81.0, 666.0)(30.0, 666.0);SD
Module:M12
Boundary:(20.0, 259.0)(93.0, 259.0)(93.0, 451.0)(20.0, 451.0);GATE
Port:(34.5, 441.0)(78.5, 441.0)(78.5, 451.0)(34.5, 451.0);SD
Port:(20.0, 259.0)(93.0, 259.0)(93.0, 436.0)(20.0, 436.0);GATE
Port:(30.0, 264.0)(83.0, 264.0)(83.0, 268.0)(30.0, 268.0);SD
Module:M44
Boundary:(315.0, 277.0)(315.0, 424.5)(299.0, 424.5)(299.0, 440.0)(133.0, 440.0)(133.0, 277.0);GATE
Port:(133.0, 291.5)(143.0, 291.5)(143.0, 425.5)(133.0, 425.5);SD
Port:(315.0, 277.0)(315.0, 424.5)(299.0, 424.5)(299.0, 440.0)(148.0, 440.0)(148.0, 277.0);GATE
Port:(306.0, 287.0)(310.0, 287.0)(310.0, 410.0)(306.0, 410.0);SD
Module:M39
Boundary:(322.0, 1786.0)(322.0, 1933.5)(295.0, 1933.5)(295.0, 1967.0)(258.0, 1967.0)(258.0, 1786.0);GATE
Port:(258.0, 1800.5)(268.0, 1800.5)(268.0, 1952.5)(258.0, 1952.5);SD
Port:(322.0, 1786.0)(322.0, 1933.5)(295.0, 1933.5)(295.0, 1967.0)(273.0, 1967.0)(273.0, 1786.0);GATE
Port:(313.0, 1796.0)(317.0, 1796.0)(317.0, 1919.0)(313.0, 1919.0);SD
Module:M8
Boundary:(213.0, 1223.0)(213.0, 1299.0)(205.0, 1299.0)(205.0, 1314.0)(20.0, 1314.0)(20.0, 1223.0);GATE
Port:(20.0, 1237.5)(30.0, 1237.5)(30.0, 1299.5)(20.0, 1299.5);SD
Port:(213.0, 1223.0)(213.0, 1299.0)(205.0, 1299.0)(205.0, 1314.0)(35.0, 1314.0)(35.0, 1223.0);GATE
Port:(204.0, 1233.0)(208.0, 1233.0)(208.0, 1284.0)(204.0, 1284.0);SD
Module:M41
Boundary:(169.0, 1778.0)(169.0, 1854.0)(161.0, 1854.0)(161.0, 1869.0)(20.0, 1869.0)(20.0, 1778.0);GATE
Port:(20.0, 1792.5)(30.0, 1792.5)(30.0, 1854.5)(20.0, 1854.5);SD
Port:(169.0, 1778.0)(169.0, 1854.0)(161.0, 1854.0)(161.0, 1869.0)(35.0, 1869.0)(35.0, 1778.0);GATE
Port:(160.0, 1788.0)(164.0, 1788.0)(164.0, 1839.0)(160.0, 1839.0);SD
Module:M4
Boundary:(503.0, 1464.0)(596.5, 1464.0)(596.5, 1543.6)(648.0, 1543.6)(648.0, 1608.0)(503.0, 1608.0);GATE
Port:(517.5, 1598.0)(633.5, 1598.0)(633.5, 1608.0)(517.5, 1608.0);SD
Port:(503.0, 1464.0)(596.5, 1464.0)(596.5, 1543.6)(648.0, 1543.6)(648.0, 1593.0)(503.0, 1593.0);GATE
Port:(513.0, 1469.0)(582.0, 1469.0)(582.0, 1473.0)(513.0, 1473.0);SD
Module:M36
Boundary:(372.0, 1830.0)(448.0, 1830.0)(448.0, 1838.0)(463.0, 1838.0)(463.0, 2001.0)(372.0, 2001.0);GATE
Port:(386.5, 1991.0)(448.5, 1991.0)(448.5, 2001.0)(386.5, 2001.0);SD
Port:(372.0, 1830.0)(448.0, 1830.0)(448.0, 1838.0)(463.0, 1838.0)(463.0, 1986.0)(372.0, 1986.0);GATE
Port:(382.0, 1835.0)(433.0, 1835.0)(433.0, 1839.0)(382.0, 1839.0);SD
Module:M33
Boundary:(459.0, 1067.0)(459.0, 1178.5)(421.8, 1178.5)(421.8, 1212.0)(367.0, 1212.0)(367.0, 1067.0);GATE
Port:(367.0, 1081.5)(377.0, 1081.5)(377.0, 1197.5)(367.0, 1197.5);SD
Port:(459.0, 1067.0)(459.0, 1178.5)(421.8, 1178.5)(421.8, 1212.0)(382.0, 1212.0)(382.0, 1067.0);GATE
Port:(450.0, 1077.0)(454.0, 1077.0)(454.0, 1164.0)(450.0, 1164.0);SD
Module:M28
Boundary:(486.0, 194.0)(615.5, 194.0)(615.5, 233.0)(649.0, 233.0)(649.0, 284.0)(486.0, 284.0);GATE
Port:(500.5, 274.0)(634.5, 274.0)(634.5, 284.0)(500.5, 284.0);SD
Port:(486.0, 194.0)(615.5, 194.0)(615.5, 233.0)(649.0, 233.0)(649.0, 269.0)(486.0, 269.0);GATE
Port:(496.0, 199.0)(601.0, 199.0)(601.0, 203.0)(496.0, 203.0);SD
Module:M30
Boundary:(151.0, 480.0)(298.5, 480.0)(298.5, 496.0)(314.0, 496.0)(314.0, 635.0)(151.0, 635.0);GATE
Port:(165.5, 625.0)(299.5, 625.0)(299.5, 635.0)(165.5, 635.0);SD
Port:(151.0, 480.0)(298.5, 480.0)(298.5, 496.0)(314.0, 496.0)(314.0, 620.0)(151.0, 620.0);GATE
Port:(161.0, 485.0)(284.0, 485.0)(284.0, 489.0)(161.0, 489.0);SD
Module:M25
Boundary:(331.0, 837.0)(331.0, 966.5)(317.0, 966.5)(317.0, 982.0)(257.0, 982.0)(257.0, 837.0);GATE
Port:(257.0, 851.5)(267.0, 851.5)(267.0, 967.5)(257.0, 967.5);SD
Port:(331.0, 837.0)(331.0, 966.5)(317.0, 966.5)(317.0, 982.0)(272.0, 982.0)(272.0, 837.0);GATE
Port:(322.0, 847.0)(326.0, 847.0)(326.0, 952.0)(322.0, 952.0);SD
Module:M22
Boundary:(499.0, 1320.0)(610.5, 1320.0)(610.5, 1363.2)(644.0, 1363.2)(644.0, 1424.0)(499.0, 1424.0);GATE
Port:(513.5, 1414.0)(629.5, 1414.0)(629.5, 1424.0)(513.5, 1424.0);SD
Port:(499.0, 1320.0)(610.5, 1320.0)(610.5, 1363.2)(644.0, 1363.2)(644.0, 1409.0)(499.0, 1409.0);GATE
Port:(509.0, 1325.0)(596.0, 1325.0)(596.0, 1329.0)(509.0, 1329.0);SD
Module:M17
Boundary:(161.0, 685.0)(308.5, 685.0)(308.5, 701.0)(324.0, 701.0)(324.0, 787.0)(161.0, 787.0);GATE
Port:(175.5, 777.0)(309.5, 777.0)(309.5, 787.0)(175.5, 787.0);SD
Port:(161.0, 685.0)(308.5, 685.0)(308.5, 701.0)(324.0, 701.0)(324.0, 772.0)(161.0, 772.0);GATE
Port:(171.0, 690.0)(294.0, 690.0)(294.0, 694.0)(171.0, 694.0);SD
