Area:(-20.0, -20.0)(1071.2, -20.0)(1071.2, 519.4)(-20.0, 519.4)
Rule:GATE(5,5);SD(5,5);GATE_SD(0.5);GATE_ITO(0.5);SD_ITO(0.5)
Module:M7
Boundary:(433.7, 116.9)(433.7, 33.2)(557.5, 33.2)(557.5, 116.9);GATE
Port:(552.8, 48.3)(557.5, 48.3)(557.5, 101.8)(552.8, 101.8);SD
Port:(433.7, 116.9)(433.7, 33.2)(549.8, 33.2)(549.8, 116.9);GATE
Port:(439.6, 40.1)(446.9, 40.1)(446.9, 110.0)(439.6, 110.0);SD
Module:M2
Boundary:(786.6, 123.1)(786.6, 45.8)(922.9, 45.8)(922.9, 32.3)(1005.8, 32.3)(1005.8, 123.1);GATE
Port:(1001.0, 45.0)(1005.8, 45.0)(1005.8, 110.4)(1001.0, 110.4);SD
Port:(786.6, 123.1)(786.6, 45.8)(922.9, 45.8)(922.9, 32.3)(998.4, 32.3)(998.4, 123.1);GATE
Port:(792.5, 53.7)(797.7, 53.7)(797.7, 116.2)(792.5, 116.2);SD
Module:M1
Boundary:(20.0, 34.3)(20.0, 135.1)(248.1, 135.1)(248.1, 34.3);GATE
Port:(242.5, 46.7)(248.1, 46.7)(248.1, 122.7)(242.5, 122.7);SD
Port:(20.0, 34.3)(20.0, 135.1)(239.6, 135.1)(239.6, 34.3);GATE
Port:(24.1, 39.4)(29.4, 39.4)(29.4, 130.0)(24.1, 130.0);SD
Module:M19
Boundary:(320.9, 47.7)(413.0, 47.7)(413.0, 48.2)(427.7, 48.2)(427.7, 150.6)(320.9, 150.6);GATE
Port:(334.2, 145.5)(414.4, 145.5)(414.4, 150.6)(334.2, 150.6);SD
Port:(320.9, 47.7)(413.0, 47.7)(413.0, 48.2)(427.7, 48.2)(427.7, 143.5)(320.9, 143.5);GATE
Port:(327.1, 52.9)(406.8, 52.9)(406.8, 58.6)(327.1, 58.6);SD
Module:M9
Boundary:(634.5, 62.1)(569.5, 62.1)(569.5, 171.2)(634.5, 171.2);GATE
Port:(583.0, 166.9)(621.0, 166.9)(621.0, 171.2)(583.0, 171.2);SD
Port:(634.5, 62.1)(569.5, 62.1)(569.5, 165.2)(634.5, 165.2);GATE
Port:(575.6, 67.2)(628.4, 67.2)(628.4, 73.3)(575.6, 73.3);SD
Module:M4
Boundary:(748.8, 20.0)(687.1, 20.0)(687.1, 109.1)(673.0, 109.1)(673.0, 222.1)(748.8, 222.1);GATE
Port:(685.0, 217.6)(736.8, 217.6)(736.8, 222.1)(685.0, 222.1);SD
Port:(748.8, 20.0)(687.1, 20.0)(687.1, 109.1)(673.0, 109.1)(673.0, 214.7)(748.8, 214.7);GATE
Port:(693.3, 24.2)(743.6, 24.2)(743.6, 29.3)(693.3, 29.3);SD
Module:M11
Boundary:(901.3, 150.8)(817.8, 150.8)(817.8, 239.5)(901.3, 239.5);GATE
Port:(830.0, 235.2)(889.1, 235.2)(889.1, 239.5)(830.0, 239.5);SD
Port:(901.3, 150.8)(817.8, 150.8)(817.8, 232.4)(901.3, 232.4);GATE
Port:(823.2, 155.2)(895.9, 155.2)(895.9, 160.0)(823.2, 160.0);SD
Module:M18
Boundary:(20.0, 148.5)(20.0, 248.3)(89.8, 248.3)(89.8, 263.0)(221.8, 263.0)(221.8, 148.5);GATE
Port:(216.4, 162.5)(221.8, 162.5)(221.8, 249.0)(216.4, 249.0);SD
Port:(20.0, 148.5)(20.0, 248.3)(89.8, 248.3)(89.8, 263.0)(214.0, 263.0)(214.0, 148.5);GATE
Port:(25.6, 155.1)(32.4, 155.1)(32.4, 240.7)(25.6, 240.7);SD
Module:M5
Boundary:(428.7, 284.9)(428.7, 176.8)(428.6, 176.8)(428.6, 158.5)(269.6, 158.5)(269.6, 284.9);GATE
Port:(269.6, 172.0)(275.5, 172.0)(275.5, 271.4)(269.6, 271.4);SD
Port:(428.7, 284.9)(428.7, 176.8)(428.6, 176.8)(428.6, 158.5)(277.9, 158.5)(277.9, 284.9);GATE
Port:(418.4, 182.5)(424.0, 182.5)(424.0, 279.2)(418.4, 279.2);SD
Module:M14
Boundary:(1012.9, 293.4)(958.4, 293.4)(958.4, 211.9)(940.8, 211.9)(940.8, 150.8)(1012.9, 150.8);GATE
Port:(954.8, 150.8)(998.9, 150.8)(998.9, 156.8)(954.8, 156.8);SD
Port:(1012.9, 293.4)(958.4, 293.4)(958.4, 211.9)(940.8, 211.9)(940.8, 159.7)(1012.9, 159.7);GATE
Port:(964.9, 282.8)(1007.4, 282.8)(1007.4, 288.9)(964.9, 288.9);SD
Module:M16
Boundary:(514.9, 147.6)(460.0, 147.6)(460.0, 210.8)(443.4, 210.8)(443.4, 300.2)(514.9, 300.2);GATE
Port:(458.2, 294.5)(500.1, 294.5)(500.1, 300.2)(458.2, 300.2);SD
Port:(514.9, 147.6)(460.0, 147.6)(460.0, 210.8)(443.4, 210.8)(443.4, 292.1)(514.9, 292.1);GATE
Port:(467.4, 153.0)(508.5, 153.0)(508.5, 159.4)(467.4, 159.4);SD
Module:M10
Boundary:(627.1, 323.6)(575.4, 323.6)(575.4, 278.2)(561.6, 278.2)(561.6, 180.7)(627.1, 180.7);GATE
Port:(576.5, 180.7)(612.2, 180.7)(612.2, 185.9)(576.5, 185.9);SD
Port:(627.1, 323.6)(575.4, 323.6)(575.4, 278.2)(561.6, 278.2)(561.6, 188.3)(627.1, 188.3);GATE
Port:(583.1, 310.8)(620.4, 310.8)(620.4, 317.9)(583.1, 317.9);SD
Module:M13
Boundary:(27.4, 349.4)(27.4, 304.1)(27.5, 304.1)(27.5, 289.4)(117.3, 289.4)(117.3, 349.4);GATE
Port:(111.5, 300.9)(117.3, 300.9)(117.3, 337.8)(111.5, 337.8);SD
Port:(27.4, 349.4)(27.4, 304.1)(27.5, 304.1)(27.5, 289.4)(110.5, 289.4)(110.5, 349.4);GATE
Port:(31.5, 309.1)(37.4, 309.1)(37.4, 344.2)(31.5, 344.2);SD
Module:M6
Boundary:(457.7, 329.3)(457.7, 447.9)(369.6, 447.9)(369.6, 466.1)(257.7, 466.1)(257.7, 329.3);GATE
Port:(257.7, 345.7)(261.7, 345.7)(261.7, 449.7)(257.7, 449.7);SD
Port:(457.7, 329.3)(457.7, 447.9)(369.6, 447.9)(369.6, 466.1)(262.9, 466.1)(262.9, 329.3);GATE
Port:(444.5, 336.2)(451.8, 336.2)(451.8, 440.0)(444.5, 440.0);SD
Module:M3
Boundary:(801.9, 240.0)(863.1, 240.0)(863.1, 429.1)(801.9, 429.1);GATE
Port:(814.5, 424.7)(850.5, 424.7)(850.5, 429.1)(814.5, 429.1);SD
Port:(801.9, 240.0)(863.1, 240.0)(863.1, 422.1)(801.9, 422.1);GATE
Port:(808.0, 245.1)(857.0, 245.1)(857.0, 249.8)(808.0, 249.8);SD
Module:M15
Boundary:(204.8, 410.9)(204.8, 473.7)(57.6, 473.7)(57.6, 410.9);GATE
Port:(57.6, 423.5)(63.0, 423.5)(63.0, 461.1)(57.6, 461.1);SD
Port:(204.8, 410.9)(204.8, 473.7)(66.0, 473.7)(66.0, 410.9);GATE
Port:(194.1, 416.9)(199.8, 416.9)(199.8, 467.7)(194.1, 467.7);SD
Module:M17
Boundary:(622.1, 338.8)(556.0, 338.8)(556.0, 465.5)(622.1, 465.5);GATE
Port:(568.5, 461.5)(609.6, 461.5)(609.6, 465.5)(568.5, 465.5);SD
Port:(622.1, 338.8)(556.0, 338.8)(556.0, 460.0)(622.1, 460.0);GATE
Port:(561.3, 343.1)(616.8, 343.1)(616.8, 348.7)(561.3, 348.7);SD
Module:M12
Boundary:(645.7, 246.1)(750.7, 246.1)(750.7, 363.3)(767.3, 363.3)(767.3, 466.6)(645.7, 466.6);GATE
Port:(658.9, 460.9)(754.1, 460.9)(754.1, 466.6)(658.9, 466.6);SD
Port:(645.7, 246.1)(750.7, 246.1)(750.7, 363.3)(767.3, 363.3)(767.3, 459.5)(645.7, 459.5);GATE
Port:(651.1, 250.5)(744.3, 250.5)(744.3, 256.3)(651.1, 256.3);SD
Module:M20
Boundary:(927.5, 301.1)(1017.6, 301.1)(1017.6, 377.0)(1031.2, 377.0)(1031.2, 451.2)(927.5, 451.2);GATE
Port:(939.2, 446.3)(1019.5, 446.3)(1019.5, 451.2)(939.2, 451.2);SD
Port:(927.5, 301.1)(1017.6, 301.1)(1017.6, 377.0)(1031.2, 377.0)(1031.2, 444.6)(927.5, 444.6);GATE
Port:(933.3, 305.9)(1010.8, 305.9)(1010.8, 311.0)(933.3, 311.0);SD
Module:M8
Boundary:(548.9, 330.0)(481.1, 330.0)(481.1, 391.9)(465.9, 391.9)(465.9, 479.4)(548.9, 479.4);GATE
Port:(480.1, 474.1)(534.7, 474.1)(534.7, 479.4)(480.1, 479.4);SD
Port:(548.9, 330.0)(481.1, 330.0)(481.1, 391.9)(465.9, 391.9)(465.9, 472.3)(548.9, 472.3);GATE
Port:(487.2, 334.1)(543.8, 334.1)(543.8, 341.2)(487.2, 341.2);SD
