Area:(17.1, -19.7)(726.6, -19.7)(726.6, 620.1)(17.1, 620.1)
Rule:GATE(5,5);SD(5,5);GATE_SD(0.5);GATE_ITO(0.5);SD_ITO(0.5)
Module:M11
Boundary:(279.6, 73.8)(279.6, 165.2)(59.5, 165.2)(59.5, 73.8);GATE
Port:(59.5, 86.1)(64.3, 86.1)(64.3, 152.9)(59.5, 152.9);SD
Port:(279.6, 73.8)(279.6, 165.2)(67.0, 165.2)(67.0, 73.8);GATE
Port:(269.9, 79.0)(275.4, 79.0)(275.4, 160.0)(269.9, 160.0);SD
Module:M15
Boundary:(558.8, 20.3)(666.9, 20.3)(666.9, 130.8)(558.8, 130.8);GATE
Port:(574.2, 125.1)(651.5, 125.1)(651.5, 130.8)(574.2, 130.8);SD
Port:(558.8, 20.3)(666.9, 20.3)(666.9, 122.8)(558.8, 122.8);GATE
Port:(564.6, 25.1)(661.1, 25.1)(661.1, 32.3)(564.6, 32.3);SD
Module:M5
Boundary:(394.8, 57.2)(500.8, 57.2)(500.8, 57.3)(518.0, 57.3)(518.0, 183.2)(394.8, 183.2);GATE
Port:(410.4, 177.3)(502.4, 177.3)(502.4, 183.2)(410.4, 183.2);SD
Port:(394.8, 57.2)(500.8, 57.2)(500.8, 57.3)(518.0, 57.3)(518.0, 176.1)(394.8, 176.1);GATE
Port:(400.9, 62.3)(494.7, 62.3)(494.7, 69.5)(400.9, 69.5);SD
Module:M14
Boundary:(382.4, 204.7)(304.3, 204.7)(304.3, 163.8)(290.1, 163.8)(290.1, 45.2)(382.4, 45.2);GATE
Port:(302.3, 45.2)(370.2, 45.2)(370.2, 51.1)(302.3, 51.1);SD
Port:(382.4, 204.7)(304.3, 204.7)(304.3, 163.8)(290.1, 163.8)(290.1, 53.3)(382.4, 53.3);GATE
Port:(310.9, 195.0)(376.8, 195.0)(376.8, 200.1)(310.9, 200.1);SD
Module:M9
Boundary:(241.2, 165.3)(241.2, 219.9)(69.7, 219.9)(69.7, 165.3);GATE
Port:(69.7, 180.0)(73.8, 180.0)(73.8, 205.2)(69.7, 205.2);SD
Port:(241.2, 165.3)(241.2, 219.9)(75.8, 219.9)(75.8, 165.3);GATE
Port:(229.0, 171.4)(236.1, 171.4)(236.1, 213.8)(229.0, 213.8);SD
Module:M6
Boundary:(686.2, 185.7)(686.2, 275.4)(678.8, 275.4)(678.8, 288.9)(591.1, 288.9)(591.1, 185.7);GATE
Port:(591.1, 197.4)(595.9, 197.4)(595.9, 277.2)(591.1, 277.2);SD
Port:(686.2, 185.7)(686.2, 275.4)(678.8, 275.4)(678.8, 288.9)(598.7, 288.9)(598.7, 185.7);GATE
Port:(676.5, 191.6)(681.3, 191.6)(681.3, 268.5)(676.5, 268.5);SD
Module:M4
Boundary:(460.5, 188.8)(515.5, 188.8)(515.5, 217.4)(533.1, 217.4)(533.1, 283.2)(460.5, 283.2);GATE
Port:(474.3, 278.3)(519.3, 278.3)(519.3, 283.2)(474.3, 283.2);SD
Port:(460.5, 188.8)(515.5, 188.8)(515.5, 217.4)(533.1, 217.4)(533.1, 276.6)(460.5, 276.6);GATE
Port:(466.7, 194.0)(508.3, 194.0)(508.3, 199.2)(466.7, 199.2);SD
Module:M7
Boundary:(321.5, 228.8)(321.5, 311.4)(321.3, 311.4)(321.3, 326.9)(160.3, 326.9)(160.3, 228.8);GATE
Port:(160.3, 243.8)(164.5, 243.8)(164.5, 311.9)(160.3, 311.9);SD
Port:(321.5, 228.8)(321.5, 311.4)(321.3, 311.4)(321.3, 326.9)(167.0, 326.9)(167.0, 228.8);GATE
Port:(309.4, 235.7)(315.7, 235.7)(315.7, 304.6)(309.4, 304.6);SD
Module:M1
Boundary:(139.9, 239.7)(83.4, 239.7)(83.4, 391.3)(139.9, 391.3);GATE
Port:(95.2, 386.7)(128.1, 386.7)(128.1, 391.3)(95.2, 391.3);SD
Port:(139.9, 239.7)(83.4, 239.7)(83.4, 385.1)(139.9, 385.1);GATE
Port:(88.5, 243.8)(134.8, 243.8)(134.8, 249.8)(88.5, 249.8);SD
Module:M10
Boundary:(338.1, 247.0)(435.1, 247.0)(435.1, 280.7)(449.6, 280.7)(449.6, 443.2)(338.1, 443.2);GATE
Port:(351.9, 438.9)(435.8, 438.9)(435.8, 443.2)(351.9, 443.2);SD
Port:(338.1, 247.0)(435.1, 247.0)(435.1, 280.7)(449.6, 280.7)(449.6, 436.6)(338.1, 436.6);GATE
Port:(344.8, 252.7)(427.4, 252.7)(427.4, 258.0)(344.8, 258.0);SD
Module:M16
Boundary:(663.8, 289.6)(663.8, 390.5)(590.0, 390.5)(590.0, 405.2)(453.0, 405.2)(453.0, 289.6);GATE
Port:(453.0, 304.4)(457.3, 304.4)(457.3, 390.4)(453.0, 390.4);SD
Port:(663.8, 289.6)(663.8, 390.5)(590.0, 390.5)(590.0, 405.2)(459.0, 405.2)(459.0, 289.6);GATE
Port:(650.7, 296.4)(658.0, 296.4)(658.0, 382.7)(650.7, 382.7);SD
Module:M2
Boundary:(275.6, 418.0)(275.6, 344.9)(256.7, 344.9)(256.7, 328.0)(156.7, 328.0)(156.7, 418.0);GATE
Port:(156.7, 342.2)(160.8, 342.2)(160.8, 403.8)(156.7, 403.8);SD
Port:(275.6, 418.0)(275.6, 344.9)(256.7, 344.9)(256.7, 328.0)(162.1, 328.0)(162.1, 418.0);GATE
Port:(264.8, 351.7)(270.8, 351.7)(270.8, 412.2)(264.8, 412.2);SD
Module:M13
Boundary:(126.5, 413.4)(126.5, 496.6)(126.4, 496.6)(126.4, 512.9)(57.1, 512.9)(57.1, 413.4);GATE
Port:(57.1, 426.7)(62.8, 426.7)(62.8, 499.6)(57.1, 499.6);SD
Port:(126.5, 413.4)(126.5, 496.6)(126.4, 496.6)(126.4, 512.9)(63.9, 512.9)(63.9, 413.4);GATE
Port:(115.3, 419.8)(121.1, 419.8)(121.1, 490.2)(115.3, 490.2);SD
Module:M12
Boundary:(686.6, 463.2)(686.6, 558.1)(549.3, 558.1)(549.3, 572.2)(465.1, 572.2)(465.1, 463.2);GATE
Port:(465.1, 476.9)(470.8, 476.9)(470.8, 558.5)(465.1, 558.5);SD
Port:(686.6, 463.2)(686.6, 558.1)(549.3, 558.1)(549.3, 572.2)(473.0, 572.2)(473.0, 463.2);GATE
Port:(675.0, 469.9)(680.9, 469.9)(680.9, 550.4)(675.0, 550.4);SD
Module:M8
Boundary:(343.5, 469.3)(343.5, 562.9)(379.6, 562.9)(379.6, 580.1)(457.3, 580.1)(457.3, 469.3);GATE
Port:(452.9, 484.4)(457.3, 484.4)(457.3, 565.0)(452.9, 565.0);SD
Port:(343.5, 469.3)(343.5, 562.9)(379.6, 562.9)(379.6, 580.1)(451.4, 580.1)(451.4, 469.3);GATE
Port:(348.6, 475.4)(355.8, 475.4)(355.8, 555.8)(348.6, 555.8);SD
Module:M3
Boundary:(329.7, 566.9)(329.7, 492.9)(184.6, 492.9)(184.6, 566.9);GATE
Port:(184.6, 504.9)(189.6, 504.9)(189.6, 554.9)(184.6, 554.9);SD
Port:(329.7, 566.9)(329.7, 492.9)(192.2, 492.9)(192.2, 566.9);GATE
Port:(319.4, 499.1)(324.5, 499.1)(324.5, 560.7)(319.4, 560.7);SD
