Area:(-20.0, -20.0)(1727.0, -20.0)(1727.0, 660.0)(-20.0, 660.0)
Rule:GATE(5,5);SD(5,5);GATE_SD(0.5);GATE_ITO(0.5);SD_ITO(0.5)
Module:M14
Boundary:(1361.0, 478.0)(1361.0, 589.5)(1349.0, 589.5)(1349.0, 605.0)(1184.0, 605.0)(1184.0, 478.0);GATE
Port:(1184.0, 492.5)(1194.0, 492.5)(1194.0, 590.5)(1184.0, 590.5);SD
Port:(1361.0, 478.0)(1361.0, 589.5)(1349.0, 589.5)(1349.0, 605.0)(1199.0, 605.0)(1199.0, 478.0);GATE
Port:(1352.0, 488.0)(1356.0, 488.0)(1356.0, 575.0)(1352.0, 575.0);SD
Module:M9
Boundary:(632.0, 30.0)(632.0, 141.5)(574.5, 141.5)(574.5, 193.0)(444.0, 193.0)(444.0, 30.0);GATE
Port:(444.0, 44.5)(454.0, 44.5)(454.0, 178.5)(444.0, 178.5);SD
Port:(632.0, 30.0)(632.0, 141.5)(574.5, 141.5)(574.5, 193.0)(459.0, 193.0)(459.0, 30.0);GATE
Port:(623.0, 40.0)(627.0, 40.0)(627.0, 127.0)(623.0, 127.0);SD
Module:M5
Boundary:(1134.0, 464.0)(1134.0, 593.5)(1120.0, 593.5)(1120.0, 609.0)(1041.0, 609.0)(1041.0, 464.0);GATE
Port:(1041.0, 478.5)(1051.0, 478.5)(1051.0, 594.5)(1041.0, 594.5);SD
Port:(1134.0, 464.0)(1134.0, 593.5)(1120.0, 593.5)(1120.0, 609.0)(1056.0, 609.0)(1056.0, 464.0);GATE
Port:(1125.0, 474.0)(1129.0, 474.0)(1129.0, 579.0)(1125.0, 579.0);SD
Module:M11
Boundary:(252.0, 518.0)(252.0, 591.0)(133.0, 591.0)(133.0, 518.0);GATE
Port:(133.0, 532.5)(143.0, 532.5)(143.0, 576.5)(133.0, 576.5);SD
Port:(252.0, 518.0)(252.0, 591.0)(148.0, 591.0)(148.0, 518.0);GATE
Port:(243.0, 528.0)(247.0, 528.0)(247.0, 581.0)(243.0, 581.0);SD
Module:M1
Boundary:(275.0, 30.0)(368.5, 30.0)(368.5, 40.0)(384.0, 40.0)(384.0, 193.0)(275.0, 193.0);GATE
Port:(289.5, 183.0)(369.5, 183.0)(369.5, 193.0)(289.5, 193.0);SD
Port:(275.0, 30.0)(368.5, 30.0)(368.5, 40.0)(384.0, 40.0)(384.0, 178.0)(275.0, 178.0);GATE
Port:(285.0, 35.0)(354.0, 35.0)(354.0, 39.0)(285.0, 39.0);SD
Module:M27
Boundary:(269.0, 243.0)(269.0, 390.5)(196.8, 390.5)(196.8, 478.0)(153.0, 478.0)(153.0, 243.0);GATE
Port:(153.0, 257.5)(163.0, 257.5)(163.0, 463.5)(153.0, 463.5);SD
Port:(269.0, 243.0)(269.0, 390.5)(196.8, 390.5)(196.8, 478.0)(168.0, 478.0)(168.0, 243.0);GATE
Port:(260.0, 253.0)(264.0, 253.0)(264.0, 376.0)(260.0, 376.0);SD
Module:M24
Boundary:(20.0, 133.0)(96.0, 133.0)(96.0, 141.0)(111.0, 141.0)(111.0, 235.0)(20.0, 235.0);GATE
Port:(34.5, 225.0)(96.5, 225.0)(96.5, 235.0)(34.5, 235.0);SD
Port:(20.0, 133.0)(96.0, 133.0)(96.0, 141.0)(111.0, 141.0)(111.0, 220.0)(20.0, 220.0);GATE
Port:(30.0, 138.0)(81.0, 138.0)(81.0, 142.0)(30.0, 142.0);SD
Module:M19
Boundary:(1542.0, 310.0)(1671.5, 310.0)(1671.5, 330.0)(1687.0, 330.0)(1687.0, 378.0)(1542.0, 378.0);GATE
Port:(1556.5, 368.0)(1672.5, 368.0)(1672.5, 378.0)(1556.5, 378.0);SD
Port:(1542.0, 310.0)(1671.5, 310.0)(1671.5, 330.0)(1687.0, 330.0)(1687.0, 363.0)(1542.0, 363.0);GATE
Port:(1552.0, 315.0)(1657.0, 315.0)(1657.0, 319.0)(1552.0, 319.0);SD
Module:M6
Boundary:(626.0, 446.0)(626.0, 593.5)(610.0, 593.5)(610.0, 609.0)(434.0, 609.0)(434.0, 446.0);GATE
Port:(434.0, 460.5)(444.0, 460.5)(444.0, 594.5)(434.0, 594.5);SD
Port:(626.0, 446.0)(626.0, 593.5)(610.0, 593.5)(610.0, 609.0)(449.0, 609.0)(449.0, 446.0);GATE
Port:(617.0, 456.0)(621.0, 456.0)(621.0, 579.0)(617.0, 579.0);SD
Module:M21
Boundary:(627.0, 243.0)(627.0, 390.5)(611.0, 390.5)(611.0, 406.0)(434.0, 406.0)(434.0, 243.0);GATE
Port:(434.0, 257.5)(444.0, 257.5)(444.0, 391.5)(434.0, 391.5);SD
Port:(627.0, 243.0)(627.0, 390.5)(611.0, 390.5)(611.0, 406.0)(449.0, 406.0)(449.0, 243.0);GATE
Port:(618.0, 253.0)(622.0, 253.0)(622.0, 376.0)(618.0, 376.0);SD
Module:M2
Boundary:(1143.0, 233.0)(1143.0, 362.5)(1118.0, 362.5)(1118.0, 414.0)(1057.0, 414.0)(1057.0, 233.0);GATE
Port:(1057.0, 247.5)(1067.0, 247.5)(1067.0, 399.5)(1057.0, 399.5);SD
Port:(1143.0, 233.0)(1143.0, 362.5)(1118.0, 362.5)(1118.0, 414.0)(1072.0, 414.0)(1072.0, 233.0);GATE
Port:(1134.0, 243.0)(1138.0, 243.0)(1138.0, 348.0)(1134.0, 348.0);SD
Module:M16
Boundary:(846.0, 475.0)(846.0, 604.5)(832.0, 604.5)(832.0, 620.0)(667.0, 620.0)(667.0, 475.0);GATE
Port:(667.0, 489.5)(677.0, 489.5)(677.0, 605.5)(667.0, 605.5);SD
Port:(846.0, 475.0)(846.0, 604.5)(832.0, 604.5)(832.0, 620.0)(682.0, 620.0)(682.0, 475.0);GATE
Port:(837.0, 485.0)(841.0, 485.0)(841.0, 590.0)(837.0, 590.0);SD
Module:M13
Boundary:(394.0, 243.0)(394.0, 372.5)(380.0, 372.5)(380.0, 388.0)(309.0, 388.0)(309.0, 243.0);GATE
Port:(309.0, 257.5)(319.0, 257.5)(319.0, 373.5)(309.0, 373.5);SD
Port:(394.0, 243.0)(394.0, 372.5)(380.0, 372.5)(380.0, 388.0)(324.0, 388.0)(324.0, 243.0);GATE
Port:(385.0, 253.0)(389.0, 253.0)(389.0, 358.0)(385.0, 358.0);SD
Module:M10
Boundary:(682.0, 20.0)(757.5, 20.0)(757.5, 142.1)(1007.0, 142.1)(1007.0, 219.0)(682.0, 219.0);GATE
Port:(696.5, 209.0)(992.5, 209.0)(992.5, 219.0)(696.5, 219.0);SD
Port:(682.0, 20.0)(757.5, 20.0)(757.5, 142.1)(1007.0, 142.1)(1007.0, 204.0)(682.0, 204.0);GATE
Port:(692.0, 25.0)(743.0, 25.0)(743.0, 29.0)(692.0, 29.0);SD
Module:M29
Boundary:(1411.0, 468.0)(1487.0, 468.0)(1487.0, 476.0)(1502.0, 476.0)(1502.0, 611.0)(1411.0, 611.0);GATE
Port:(1425.5, 601.0)(1487.5, 601.0)(1487.5, 611.0)(1425.5, 611.0);SD
Port:(1411.0, 468.0)(1487.0, 468.0)(1487.0, 476.0)(1502.0, 476.0)(1502.0, 596.0)(1411.0, 596.0);GATE
Port:(1421.0, 473.0)(1472.0, 473.0)(1472.0, 477.0)(1421.0, 477.0);SD
Module:M7
Boundary:(886.0, 480.0)(962.0, 480.0)(962.0, 488.0)(977.0, 488.0)(977.0, 605.0)(886.0, 605.0);GATE
Port:(900.5, 595.0)(962.5, 595.0)(962.5, 605.0)(900.5, 605.0);SD
Port:(886.0, 480.0)(962.0, 480.0)(962.0, 488.0)(977.0, 488.0)(977.0, 590.0)(886.0, 590.0);GATE
Port:(896.0, 485.0)(947.0, 485.0)(947.0, 489.0)(896.0, 489.0);SD
Module:M3
Boundary:(20.0, 498.0)(93.0, 498.0)(93.0, 610.0)(20.0, 610.0);GATE
Port:(34.5, 600.0)(78.5, 600.0)(78.5, 610.0)(34.5, 610.0);SD
Port:(20.0, 498.0)(93.0, 498.0)(93.0, 595.0)(20.0, 595.0);GATE
Port:(30.0, 503.0)(83.0, 503.0)(83.0, 507.0)(30.0, 507.0);SD
Module:M26
Boundary:(1542.0, 428.0)(1671.5, 428.0)(1671.5, 442.0)(1687.0, 442.0)(1687.0, 610.0)(1542.0, 610.0);GATE
Port:(1556.5, 600.0)(1672.5, 600.0)(1672.5, 610.0)(1556.5, 610.0);SD
Port:(1542.0, 428.0)(1671.5, 428.0)(1671.5, 442.0)(1687.0, 442.0)(1687.0, 595.0)(1542.0, 595.0);GATE
Port:(1552.0, 433.0)(1657.0, 433.0)(1657.0, 437.0)(1552.0, 437.0);SD
Module:M23
Boundary:(1001.0, 259.0)(1001.0, 352.5)(944.4, 352.5)(944.4, 440.0)(903.0, 440.0)(903.0, 259.0);GATE
Port:(903.0, 273.5)(913.0, 273.5)(913.0, 425.5)(903.0, 425.5);SD
Port:(1001.0, 259.0)(1001.0, 352.5)(944.4, 352.5)(944.4, 440.0)(918.0, 440.0)(918.0, 259.0);GATE
Port:(992.0, 269.0)(996.0, 269.0)(996.0, 338.0)(992.0, 338.0);SD
Module:M18
Boundary:(1229.0, 269.0)(1358.5, 269.0)(1358.5, 374.0)(1482.0, 374.0)(1482.0, 418.0)(1229.0, 418.0);GATE
Port:(1243.5, 408.0)(1467.5, 408.0)(1467.5, 418.0)(1243.5, 418.0);SD
Port:(1229.0, 269.0)(1358.5, 269.0)(1358.5, 374.0)(1482.0, 374.0)(1482.0, 403.0)(1229.0, 403.0);GATE
Port:(1239.0, 274.0)(1344.0, 274.0)(1344.0, 278.0)(1239.0, 278.0);SD
Module:M20
Boundary:(112.0, 20.0)(112.0, 93.0)(20.0, 93.0)(20.0, 20.0);GATE
Port:(20.0, 34.5)(30.0, 34.5)(30.0, 78.5)(20.0, 78.5);SD
Port:(112.0, 20.0)(112.0, 93.0)(35.0, 93.0)(35.0, 20.0);GATE
Port:(103.0, 30.0)(107.0, 30.0)(107.0, 83.0)(103.0, 83.0);SD
Module:M15
Boundary:(1596.0, 151.0)(1672.0, 151.0)(1672.0, 159.0)(1687.0, 159.0)(1687.0, 260.0)(1596.0, 260.0);GATE
Port:(1610.5, 250.0)(1672.5, 250.0)(1672.5, 260.0)(1610.5, 260.0);SD
Port:(1596.0, 151.0)(1672.0, 151.0)(1672.0, 159.0)(1687.0, 159.0)(1687.0, 245.0)(1596.0, 245.0);GATE
Port:(1606.0, 156.0)(1657.0, 156.0)(1657.0, 160.0)(1606.0, 160.0);SD
Module:M12
Boundary:(152.0, 20.0)(225.0, 20.0)(225.0, 152.0)(152.0, 152.0);GATE
Port:(166.5, 142.0)(210.5, 142.0)(210.5, 152.0)(166.5, 152.0);SD
Port:(152.0, 20.0)(225.0, 20.0)(225.0, 137.0)(152.0, 137.0);GATE
Port:(162.0, 25.0)(215.0, 25.0)(215.0, 29.0)(162.0, 29.0);SD
Module:M8
Boundary:(30.0, 285.0)(103.0, 285.0)(103.0, 448.0)(30.0, 448.0);GATE
Port:(44.5, 438.0)(88.5, 438.0)(88.5, 448.0)(44.5, 448.0);SD
Port:(30.0, 285.0)(103.0, 285.0)(103.0, 433.0)(30.0, 433.0);GATE
Port:(40.0, 290.0)(93.0, 290.0)(93.0, 294.0)(40.0, 294.0);SD
Module:M4
Boundary:(1179.0, 20.0)(1179.0, 167.5)(1163.0, 167.5)(1163.0, 183.0)(1047.0, 183.0)(1047.0, 20.0);GATE
Port:(1047.0, 34.5)(1057.0, 34.5)(1057.0, 168.5)(1047.0, 168.5);SD
Port:(1179.0, 20.0)(1179.0, 167.5)(1163.0, 167.5)(1163.0, 183.0)(1062.0, 183.0)(1062.0, 20.0);GATE
Port:(1170.0, 30.0)(1174.0, 30.0)(1174.0, 153.0)(1170.0, 153.0);SD
Module:M28
Boundary:(394.0, 428.0)(394.0, 557.5)(359.3, 557.5)(359.3, 591.0)(309.0, 591.0)(309.0, 428.0);GATE
Port:(309.0, 442.5)(319.0, 442.5)(319.0, 576.5)(309.0, 576.5);SD
Port:(394.0, 428.0)(394.0, 557.5)(359.3, 557.5)(359.3, 591.0)(324.0, 591.0)(324.0, 428.0);GATE
Port:(385.0, 438.0)(389.0, 438.0)(389.0, 543.0)(385.0, 543.0);SD
Module:M30
Boundary:(1219.0, 20.0)(1312.5, 20.0)(1312.5, 115.4)(1436.0, 115.4)(1436.0, 213.0)(1219.0, 213.0);GATE
Port:(1233.5, 203.0)(1421.5, 203.0)(1421.5, 213.0)(1233.5, 213.0);SD
Port:(1219.0, 20.0)(1312.5, 20.0)(1312.5, 115.4)(1436.0, 115.4)(1436.0, 198.0)(1219.0, 198.0);GATE
Port:(1229.0, 25.0)(1298.0, 25.0)(1298.0, 29.0)(1229.0, 29.0);SD
Module:M25
Boundary:(1556.0, 20.0)(1556.0, 149.5)(1514.9, 149.5)(1514.9, 219.0)(1476.0, 219.0)(1476.0, 20.0);GATE
Port:(1476.0, 34.5)(1486.0, 34.5)(1486.0, 204.5)(1476.0, 204.5);SD
Port:(1556.0, 20.0)(1556.0, 149.5)(1514.9, 149.5)(1514.9, 219.0)(1491.0, 219.0)(1491.0, 20.0);GATE
Port:(1547.0, 30.0)(1551.0, 30.0)(1551.0, 135.0)(1547.0, 135.0);SD
Module:M22
Boundary:(1596.0, 20.0)(1672.0, 20.0)(1672.0, 28.0)(1687.0, 28.0)(1687.0, 111.0)(1596.0, 111.0);GATE
Port:(1610.5, 101.0)(1672.5, 101.0)(1672.5, 111.0)(1610.5, 111.0);SD
Port:(1596.0, 20.0)(1672.0, 20.0)(1672.0, 28.0)(1687.0, 28.0)(1687.0, 96.0)(1596.0, 96.0);GATE
Port:(1606.0, 25.0)(1657.0, 25.0)(1657.0, 29.0)(1606.0, 29.0);SD
Module:M17
Boundary:(682.0, 259.0)(793.5, 259.0)(793.5, 335.8)(863.0, 335.8)(863.0, 435.0)(682.0, 435.0);GATE
Port:(696.5, 425.0)(848.5, 425.0)(848.5, 435.0)(696.5, 435.0);SD
Port:(682.0, 259.0)(793.5, 259.0)(793.5, 335.8)(863.0, 335.8)(863.0, 420.0)(682.0, 420.0);GATE
Port:(692.0, 264.0)(779.0, 264.0)(779.0, 268.0)(692.0, 268.0);SD
