Area:(-16.7, -20.0)(767.6, -20.0)(767.6, 606.6)(-16.7, 606.6)
Rule:GATE(5,5);SD(5,5);GATE_SD(0.5);GATE_ITO(0.5);SD_ITO(0.5)
Module:M15
Boundary:(269.6, 21.1)(269.6, 94.1)(191.6, 94.1)(191.6, 21.1);GATE
Port:(191.6, 35.6)(201.6, 35.6)(201.6, 79.6)(191.6, 79.6);SD
Port:(269.6, 21.1)(269.6, 94.1)(206.6, 94.1)(206.6, 21.1);GATE
Port:(260.6, 31.1)(264.6, 31.1)(264.6, 84.1)(260.6, 84.1);SD
Module:M16
Boundary:(437.6, 114.4)(437.6, 41.4)(277.6, 41.4)(277.6, 114.4);GATE
Port:(277.6, 55.9)(287.6, 55.9)(287.6, 99.9)(277.6, 99.9);SD
Port:(437.6, 114.4)(437.6, 41.4)(292.6, 41.4)(292.6, 114.4);GATE
Port:(428.6, 51.4)(432.6, 51.4)(432.6, 104.4)(428.6, 104.4);SD
Module:M6
Boundary:(150.0, 57.7)(56.5, 57.7)(56.5, 67.7)(41.0, 67.7)(41.0, 134.7)(150.0, 134.7);GATE
Port:(55.5, 124.7)(135.5, 124.7)(135.5, 134.7)(55.5, 134.7);SD
Port:(150.0, 57.7)(56.5, 57.7)(56.5, 67.7)(41.0, 67.7)(41.0, 119.7)(150.0, 119.7);GATE
Port:(71.0, 62.7)(140.0, 62.7)(140.0, 66.7)(71.0, 66.7);SD
Module:M4
Boundary:(441.2, 28.8)(552.7, 28.8)(552.7, 66.9)(604.2, 66.9)(604.2, 158.8)(441.2, 158.8);GATE
Port:(455.7, 148.8)(589.7, 148.8)(589.7, 158.8)(455.7, 158.8);SD
Port:(441.2, 28.8)(552.7, 28.8)(552.7, 66.9)(604.2, 66.9)(604.2, 143.8)(441.2, 143.8);GATE
Port:(451.2, 33.8)(538.2, 33.8)(538.2, 37.8)(451.2, 37.8);SD
Module:M11
Boundary:(724.3, 20.0)(651.3, 20.0)(651.3, 218.0)(724.3, 218.0);GATE
Port:(665.8, 208.0)(709.8, 208.0)(709.8, 218.0)(665.8, 218.0);SD
Port:(724.3, 20.0)(651.3, 20.0)(651.3, 203.0)(724.3, 203.0);GATE
Port:(661.3, 25.0)(714.3, 25.0)(714.3, 29.0)(661.3, 29.0);SD
Module:M3
Boundary:(312.6, 147.2)(388.6, 147.2)(388.6, 155.2)(403.6, 155.2)(403.6, 246.2)(312.6, 246.2);GATE
Port:(327.1, 236.2)(389.1, 236.2)(389.1, 246.2)(327.1, 246.2);SD
Port:(312.6, 147.2)(388.6, 147.2)(388.6, 155.2)(403.6, 155.2)(403.6, 231.2)(312.6, 231.2);GATE
Port:(322.6, 152.2)(373.6, 152.2)(373.6, 156.2)(322.6, 156.2);SD
Module:M12
Boundary:(126.3, 329.5)(126.3, 236.0)(97.9, 236.0)(97.9, 184.5)(23.3, 184.5)(23.3, 329.5);GATE
Port:(23.3, 199.0)(33.3, 199.0)(33.3, 315.0)(23.3, 315.0);SD
Port:(126.3, 329.5)(126.3, 236.0)(97.9, 236.0)(97.9, 184.5)(38.3, 184.5)(38.3, 329.5);GATE
Port:(117.3, 250.5)(121.3, 250.5)(121.3, 319.5)(117.3, 319.5);SD
Module:M2
Boundary:(199.7, 171.4)(199.7, 318.9)(215.7, 318.9)(215.7, 334.4)(302.7, 334.4)(302.7, 171.4);GATE
Port:(292.7, 185.9)(302.7, 185.9)(302.7, 319.9)(292.7, 319.9);SD
Port:(199.7, 171.4)(199.7, 318.9)(215.7, 318.9)(215.7, 334.4)(287.7, 334.4)(287.7, 171.4);GATE
Port:(204.7, 181.4)(208.7, 181.4)(208.7, 304.4)(204.7, 304.4);SD
Module:M10
Boundary:(303.1, 259.2)(396.6, 259.2)(396.6, 269.2)(412.1, 269.2)(412.1, 334.2)(303.1, 334.2);GATE
Port:(317.6, 324.2)(397.6, 324.2)(397.6, 334.2)(317.6, 334.2);SD
Port:(303.1, 259.2)(396.6, 259.2)(396.6, 269.2)(412.1, 269.2)(412.1, 319.2)(303.1, 319.2);GATE
Port:(313.1, 264.2)(382.1, 264.2)(382.1, 268.2)(313.1, 268.2);SD
Module:M14
Boundary:(705.2, 369.5)(705.2, 293.5)(697.2, 293.5)(697.2, 278.5)(593.2, 278.5)(593.2, 369.5);GATE
Port:(593.2, 293.0)(603.2, 293.0)(603.2, 355.0)(593.2, 355.0);SD
Port:(705.2, 369.5)(705.2, 293.5)(697.2, 293.5)(697.2, 278.5)(608.2, 278.5)(608.2, 369.5);GATE
Port:(696.2, 308.5)(700.2, 308.5)(700.2, 359.5)(696.2, 359.5);SD
Module:M7
Boundary:(565.3, 199.2)(456.3, 199.2)(456.3, 376.2)(565.3, 376.2);GATE
Port:(470.8, 366.2)(550.8, 366.2)(550.8, 376.2)(470.8, 376.2);SD
Port:(565.3, 199.2)(456.3, 199.2)(456.3, 361.2)(565.3, 361.2);GATE
Port:(466.3, 204.2)(555.3, 204.2)(555.3, 208.2)(466.3, 208.2);SD
Module:M13
Boundary:(273.7, 463.0)(273.7, 351.5)(261.7, 351.5)(261.7, 336.0)(74.7, 336.0)(74.7, 463.0);GATE
Port:(74.7, 350.5)(84.7, 350.5)(84.7, 448.5)(74.7, 448.5);SD
Port:(273.7, 463.0)(273.7, 351.5)(261.7, 351.5)(261.7, 336.0)(89.7, 336.0)(89.7, 463.0);GATE
Port:(264.7, 366.0)(268.7, 366.0)(268.7, 453.0)(264.7, 453.0);SD
Module:M1
Boundary:(727.6, 404.2)(727.6, 497.7)(688.5, 497.7)(688.5, 549.2)(592.6, 549.2)(592.6, 404.2);GATE
Port:(592.6, 418.7)(602.6, 418.7)(602.6, 534.7)(592.6, 534.7);SD
Port:(727.6, 404.2)(727.6, 497.7)(688.5, 497.7)(688.5, 549.2)(607.6, 549.2)(607.6, 404.2);GATE
Port:(718.6, 414.2)(722.6, 414.2)(722.6, 483.2)(718.6, 483.2);SD
Module:M9
Boundary:(275.7, 349.5)(423.2, 349.5)(423.2, 365.5)(438.7, 365.5)(438.7, 534.5)(275.7, 534.5);GATE
Port:(290.2, 524.5)(424.2, 524.5)(424.2, 534.5)(290.2, 534.5);SD
Port:(275.7, 349.5)(423.2, 349.5)(423.2, 365.5)(438.7, 365.5)(438.7, 519.5)(275.7, 519.5);GATE
Port:(285.7, 354.5)(408.7, 354.5)(408.7, 358.5)(285.7, 358.5);SD
Module:M8
Boundary:(451.5, 400.6)(545.0, 400.6)(545.0, 410.6)(560.5, 410.6)(560.5, 566.6)(451.5, 566.6);GATE
Port:(466.0, 556.6)(546.0, 556.6)(546.0, 566.6)(466.0, 566.6);SD
Port:(451.5, 400.6)(545.0, 400.6)(545.0, 410.6)(560.5, 410.6)(560.5, 551.6)(451.5, 551.6);GATE
Port:(461.5, 405.6)(530.5, 405.6)(530.5, 409.6)(461.5, 409.6);SD
Module:M5
Boundary:(250.2, 469.7)(250.2, 542.7)(55.2, 542.7)(55.2, 469.7);GATE
Port:(55.2, 484.2)(65.2, 484.2)(65.2, 528.2)(55.2, 528.2);SD
Port:(250.2, 469.7)(250.2, 542.7)(70.2, 542.7)(70.2, 469.7);GATE
Port:(241.2, 479.7)(245.2, 479.7)(245.2, 532.7)(241.2, 532.7);SD
