Area:(-20.0, -20.0)(368.0, -20.0)(368.0, 418.5)(-20.0, 418.5)
Rule:GATE(5,5);SD(5,5);GATE_SD(0.5);GATE_ITO(0.5);SD_ITO(0.5)
Module:M5
Boundary:(261.8, 169.4)(311.4, 169.4)(311.4, 169.7)(328.0, 169.7)(328.0, 374.8)(261.8, 374.8);GATE
Port:(274.4, 370.7)(315.4, 370.7)(315.4, 374.8)(274.4, 374.8);SD
Port:(261.8, 169.4)(311.4, 169.4)(311.4, 169.7)(328.0, 169.7)(328.0, 368.1)(261.8, 368.1);GATE
Port:(267.0, 173.6)(306.2, 173.6)(306.2, 179.6)(267.0, 179.6);SD
Module:M1
Boundary:(20.0, 20.0)(91.5, 20.0)(91.5, 20.4)(109.3, 20.4)(109.3, 180.6)(20.0, 180.6);GATE
Port:(34.1, 175.0)(95.2, 175.0)(95.2, 180.6)(34.1, 180.6);SD
Port:(20.0, 20.0)(91.5, 20.0)(91.5, 20.4)(109.3, 20.4)(109.3, 172.8)(20.0, 172.8);GATE
Port:(25.8, 24.8)(85.7, 24.8)(85.7, 31.4)(25.8, 31.4);SD
Module:M2
Boundary:(288.9, 20.0)(288.9, 112.8)(210.6, 112.8)(210.6, 129.4)(149.3, 129.4)(149.3, 20.0);GATE
Port:(149.3, 36.2)(154.8, 36.2)(154.8, 113.2)(149.3, 113.2);SD
Port:(288.9, 20.0)(288.9, 112.8)(210.6, 112.8)(210.6, 129.4)(156.8, 129.4)(156.8, 20.0);GATE
Port:(276.0, 26.7)(283.2, 26.7)(283.2, 105.1)(276.0, 105.1);SD
Module:M3
Boundary:(152.3, 169.4)(205.9, 169.4)(205.9, 169.5)(221.8, 169.5)(221.8, 378.5)(152.3, 378.5);GATE
Port:(167.3, 374.1)(206.8, 374.1)(206.8, 378.5)(167.3, 378.5);SD
Port:(152.3, 169.4)(205.9, 169.4)(205.9, 169.5)(221.8, 169.5)(221.8, 371.9)(152.3, 371.9);GATE
Port:(158.9, 175.0)(199.3, 175.0)(199.3, 182.8)(158.9, 182.8);SD
Module:M4
Boundary:(20.0, 220.6)(98.3, 220.6)(98.3, 256.5)(112.3, 256.5)(112.3, 365.9)(20.0, 365.9);GATE
Port:(32.6, 361.0)(99.7, 361.0)(99.7, 365.9)(32.6, 365.9);SD
Port:(20.0, 220.6)(98.3, 220.6)(98.3, 256.5)(112.3, 256.5)(112.3, 359.8)(20.0, 359.8);GATE
Port:(25.2, 224.8)(92.1, 224.8)(92.1, 231.6)(25.2, 231.6);SD
