Area:(-20.0, -20.0)(871.0, -20.0)(871.0, 661.0)(-20.0, 661.0)
Rule:GATE(5,5);SD(5,5);GATE_SD(0.5);GATE_ITO(0.5);SD_ITO(0.5)
Module:M14
Boundary:(243.0, 316.0)(336.5, 316.0)(336.5, 391.0)(478.0, 391.0)(478.0, 490.0)(243.0, 490.0);GATE
Port:(257.5, 480.0)(463.5, 480.0)(463.5, 490.0)(257.5, 490.0);SD
Port:(243.0, 316.0)(336.5, 316.0)(336.5, 391.0)(478.0, 391.0)(478.0, 475.0)(243.0, 475.0);GATE
Port:(253.0, 321.0)(322.0, 321.0)(322.0, 325.0)(253.0, 325.0);SD
Module:M9
Boundary:(623.0, 20.0)(623.0, 113.5)(613.0, 113.5)(613.0, 129.0)(544.0, 129.0)(544.0, 20.0);GATE
Port:(544.0, 34.5)(554.0, 34.5)(554.0, 114.5)(544.0, 114.5);SD
Port:(623.0, 20.0)(623.0, 113.5)(613.0, 113.5)(613.0, 129.0)(559.0, 129.0)(559.0, 20.0);GATE
Port:(614.0, 30.0)(618.0, 30.0)(618.0, 99.0)(614.0, 99.0);SD
Module:M5
Boundary:(156.0, 20.0)(285.5, 20.0)(285.5, 34.0)(301.0, 34.0)(301.0, 109.0)(156.0, 109.0);GATE
Port:(170.5, 99.0)(286.5, 99.0)(286.5, 109.0)(170.5, 109.0);SD
Port:(156.0, 20.0)(285.5, 20.0)(285.5, 34.0)(301.0, 34.0)(301.0, 94.0)(156.0, 94.0);GATE
Port:(166.0, 25.0)(271.0, 25.0)(271.0, 29.0)(166.0, 29.0);SD
Module:M11
Boundary:(116.0, 20.0)(116.0, 96.0)(108.0, 96.0)(108.0, 111.0)(20.0, 111.0)(20.0, 20.0);GATE
Port:(20.0, 34.5)(30.0, 34.5)(30.0, 96.5)(20.0, 96.5);SD
Port:(116.0, 20.0)(116.0, 96.0)(108.0, 96.0)(108.0, 111.0)(35.0, 111.0)(35.0, 20.0);GATE
Port:(107.0, 30.0)(111.0, 30.0)(111.0, 81.0)(107.0, 81.0);SD
Module:M1
Boundary:(820.0, 347.0)(820.0, 476.5)(806.0, 476.5)(806.0, 492.0)(760.0, 492.0)(760.0, 347.0);GATE
Port:(760.0, 361.5)(770.0, 361.5)(770.0, 477.5)(760.0, 477.5);SD
Port:(820.0, 347.0)(820.0, 476.5)(806.0, 476.5)(806.0, 492.0)(775.0, 492.0)(775.0, 347.0);GATE
Port:(811.0, 357.0)(815.0, 357.0)(815.0, 462.0)(811.0, 462.0);SD
Module:M19
Boundary:(646.0, 530.0)(646.0, 606.0)(638.0, 606.0)(638.0, 621.0)(458.0, 621.0)(458.0, 530.0);GATE
Port:(458.0, 544.5)(468.0, 544.5)(468.0, 606.5)(458.0, 606.5);SD
Port:(646.0, 530.0)(646.0, 606.0)(638.0, 606.0)(638.0, 621.0)(473.0, 621.0)(473.0, 530.0);GATE
Port:(637.0, 540.0)(641.0, 540.0)(641.0, 591.0)(637.0, 591.0);SD
Module:M6
Boundary:(605.0, 169.0)(605.0, 278.0)(544.0, 278.0)(544.0, 169.0);GATE
Port:(544.0, 183.5)(554.0, 183.5)(554.0, 263.5)(544.0, 263.5);SD
Port:(605.0, 169.0)(605.0, 278.0)(559.0, 278.0)(559.0, 169.0);GATE
Port:(596.0, 179.0)(600.0, 179.0)(600.0, 268.0)(596.0, 268.0);SD
Module:M2
Boundary:(391.0, 124.0)(484.5, 124.0)(484.5, 134.0)(500.0, 134.0)(500.0, 257.0)(391.0, 257.0);GATE
Port:(405.5, 247.0)(485.5, 247.0)(485.5, 257.0)(405.5, 257.0);SD
Port:(391.0, 124.0)(484.5, 124.0)(484.5, 134.0)(500.0, 134.0)(500.0, 242.0)(391.0, 242.0);GATE
Port:(401.0, 129.0)(470.0, 129.0)(470.0, 133.0)(401.0, 133.0);SD
Module:M16
Boundary:(645.0, 205.0)(718.0, 205.0)(718.0, 314.0)(645.0, 314.0);GATE
Port:(659.5, 304.0)(703.5, 304.0)(703.5, 314.0)(659.5, 314.0);SD
Port:(645.0, 205.0)(718.0, 205.0)(718.0, 299.0)(645.0, 299.0);GATE
Port:(655.0, 210.0)(708.0, 210.0)(708.0, 214.0)(655.0, 214.0);SD
Module:M13
Boundary:(351.0, 149.0)(351.0, 260.5)(339.0, 260.5)(339.0, 276.0)(243.0, 276.0)(243.0, 149.0);GATE
Port:(243.0, 163.5)(253.0, 163.5)(253.0, 261.5)(243.0, 261.5);SD
Port:(351.0, 149.0)(351.0, 260.5)(339.0, 260.5)(339.0, 276.0)(258.0, 276.0)(258.0, 149.0);GATE
Port:(342.0, 159.0)(346.0, 159.0)(346.0, 246.0)(342.0, 246.0);SD
Module:M10
Boundary:(418.0, 530.0)(418.0, 606.0)(410.0, 606.0)(410.0, 621.0)(223.0, 621.0)(223.0, 530.0);GATE
Port:(223.0, 544.5)(233.0, 544.5)(233.0, 606.5)(223.0, 606.5);SD
Port:(418.0, 530.0)(418.0, 606.0)(410.0, 606.0)(410.0, 621.0)(238.0, 621.0)(238.0, 530.0);GATE
Port:(409.0, 540.0)(413.0, 540.0)(413.0, 591.0)(409.0, 591.0);SD
Module:M7
Boundary:(830.0, 20.0)(830.0, 113.5)(780.2, 113.5)(780.2, 165.0)(663.0, 165.0)(663.0, 20.0);GATE
Port:(663.0, 34.5)(673.0, 34.5)(673.0, 150.5)(663.0, 150.5);SD
Port:(830.0, 20.0)(830.0, 113.5)(780.2, 113.5)(780.2, 165.0)(678.0, 165.0)(678.0, 20.0);GATE
Port:(821.0, 30.0)(825.0, 30.0)(825.0, 99.0)(821.0, 99.0);SD
Module:M3
Boundary:(686.0, 532.0)(815.5, 532.0)(815.5, 546.0)(831.0, 546.0)(831.0, 615.0)(686.0, 615.0);GATE
Port:(700.5, 605.0)(816.5, 605.0)(816.5, 615.0)(700.5, 615.0);SD
Port:(686.0, 532.0)(815.5, 532.0)(815.5, 546.0)(831.0, 546.0)(831.0, 600.0)(686.0, 600.0);GATE
Port:(696.0, 537.0)(801.0, 537.0)(801.0, 541.0)(696.0, 541.0);SD
Module:M18
Boundary:(203.0, 151.0)(203.0, 262.5)(120.2, 262.5)(120.2, 296.0)(20.0, 296.0)(20.0, 151.0);GATE
Port:(20.0, 165.5)(30.0, 165.5)(30.0, 281.5)(20.0, 281.5);SD
Port:(203.0, 151.0)(203.0, 262.5)(120.2, 262.5)(120.2, 296.0)(35.0, 296.0)(35.0, 151.0);GATE
Port:(194.0, 161.0)(198.0, 161.0)(198.0, 248.0)(194.0, 248.0);SD
Module:M20
Boundary:(341.0, 20.0)(488.5, 20.0)(488.5, 36.0)(504.0, 36.0)(504.0, 84.0)(341.0, 84.0);GATE
Port:(355.5, 74.0)(489.5, 74.0)(489.5, 84.0)(355.5, 84.0);SD
Port:(341.0, 20.0)(488.5, 20.0)(488.5, 36.0)(504.0, 36.0)(504.0, 69.0)(341.0, 69.0);GATE
Port:(351.0, 25.0)(474.0, 25.0)(474.0, 29.0)(351.0, 29.0);SD
Module:M15
Boundary:(720.0, 354.0)(720.0, 465.5)(708.0, 465.5)(708.0, 481.0)(641.0, 481.0)(641.0, 354.0);GATE
Port:(641.0, 368.5)(651.0, 368.5)(651.0, 466.5)(641.0, 466.5);SD
Port:(720.0, 354.0)(720.0, 465.5)(708.0, 465.5)(708.0, 481.0)(656.0, 481.0)(656.0, 354.0);GATE
Port:(711.0, 364.0)(715.0, 364.0)(715.0, 451.0)(711.0, 451.0);SD
Module:M12
Boundary:(183.0, 503.0)(183.0, 596.5)(173.0, 596.5)(173.0, 612.0)(20.0, 612.0)(20.0, 503.0);GATE
Port:(20.0, 517.5)(30.0, 517.5)(30.0, 597.5)(20.0, 597.5);SD
Port:(183.0, 503.0)(183.0, 596.5)(173.0, 596.5)(173.0, 612.0)(35.0, 612.0)(35.0, 503.0);GATE
Port:(174.0, 513.0)(178.0, 513.0)(178.0, 582.0)(174.0, 582.0);SD
Module:M8
Boundary:(758.0, 205.0)(831.0, 205.0)(831.0, 307.0)(758.0, 307.0);GATE
Port:(772.5, 297.0)(816.5, 297.0)(816.5, 307.0)(772.5, 307.0);SD
Port:(758.0, 205.0)(831.0, 205.0)(831.0, 292.0)(758.0, 292.0);GATE
Port:(768.0, 210.0)(821.0, 210.0)(821.0, 214.0)(768.0, 214.0);SD
Module:M4
Boundary:(202.0, 336.0)(202.0, 429.5)(120.7, 429.5)(120.7, 463.0)(20.0, 463.0)(20.0, 336.0);GATE
Port:(20.0, 350.5)(30.0, 350.5)(30.0, 448.5)(20.0, 448.5);SD
Port:(202.0, 336.0)(202.0, 429.5)(120.7, 429.5)(120.7, 463.0)(35.0, 463.0)(35.0, 336.0);GATE
Port:(193.0, 346.0)(197.0, 346.0)(197.0, 415.0)(193.0, 415.0);SD
Module:M17
Boundary:(601.0, 318.0)(601.0, 465.5)(585.0, 465.5)(585.0, 481.0)(518.0, 481.0)(518.0, 318.0);GATE
Port:(518.0, 332.5)(528.0, 332.5)(528.0, 466.5)(518.0, 466.5);SD
Port:(601.0, 318.0)(601.0, 465.5)(585.0, 465.5)(585.0, 481.0)(533.0, 481.0)(533.0, 318.0);GATE
Port:(592.0, 328.0)(596.0, 328.0)(596.0, 451.0)(592.0, 451.0);SD
