Area:(-6.8, -7.7)(907.0, -7.7)(907.0, 1288.7)(-6.8, 1288.7)
Rule:GATE(5,5);SD(5,5);GATE_SD(0.5);GATE_ITO(0.5);SD_ITO(0.5)
Module:M12
Boundary:(410.7, 32.3)(410.7, 88.1)(327.7, 88.1)(327.7, 104.9)(217.2, 104.9)(217.2, 32.3);GATE
Port:(217.2, 47.3)(221.6, 47.3)(221.6, 89.9)(217.2, 89.9);SD
Port:(410.7, 32.3)(410.7, 88.1)(327.7, 88.1)(327.7, 104.9)(223.8, 104.9)(223.8, 32.3);GATE
Port:(398.6, 38.1)(405.9, 38.1)(405.9, 81.3)(398.6, 81.3);SD
Module:M5
Boundary:(538.5, 63.0)(538.5, 127.5)(538.3, 127.5)(538.3, 143.7)(414.9, 143.7)(414.9, 63.0);GATE
Port:(414.9, 75.3)(420.2, 75.3)(420.2, 131.4)(414.9, 131.4);SD
Port:(538.5, 63.0)(538.5, 127.5)(538.3, 127.5)(538.3, 143.7)(421.6, 143.7)(421.6, 63.0);GATE
Port:(528.5, 68.3)(534.2, 68.3)(534.2, 122.2)(528.5, 122.2);SD
Module:M22
Boundary:(827.7, 67.9)(827.7, 135.0)(744.6, 135.0)(744.6, 150.8)(664.9, 150.8)(664.9, 67.9);GATE
Port:(664.9, 80.6)(669.2, 80.6)(669.2, 138.1)(664.9, 138.1);SD
Port:(827.7, 67.9)(827.7, 135.0)(744.6, 135.0)(744.6, 150.8)(670.8, 150.8)(670.8, 67.9);GATE
Port:(817.8, 73.4)(823.2, 73.4)(823.2, 128.5)(817.8, 128.5);SD
Module:M31
Boundary:(545.1, 68.2)(642.4, 68.2)(642.4, 68.8)(658.5, 68.8)(658.5, 209.3)(545.1, 209.3);GATE
Port:(557.8, 205.2)(645.8, 205.2)(645.8, 209.3)(557.8, 209.3);SD
Port:(545.1, 68.2)(642.4, 68.2)(642.4, 68.8)(658.5, 68.8)(658.5, 203.8)(545.1, 203.8);GATE
Port:(551.1, 73.2)(636.4, 73.2)(636.4, 78.4)(551.1, 78.4);SD
Module:M40
Boundary:(65.7, 70.4)(132.3, 70.4)(132.3, 94.7)(147.3, 94.7)(147.3, 218.6)(65.7, 218.6);GATE
Port:(79.4, 213.1)(133.6, 213.1)(133.6, 218.6)(79.4, 218.6);SD
Port:(65.7, 70.4)(132.3, 70.4)(132.3, 94.7)(147.3, 94.7)(147.3, 210.7)(65.7, 210.7);GATE
Port:(71.9, 75.6)(125.1, 75.6)(125.1, 80.9)(71.9, 80.9);SD
Module:M36
Boundary:(354.7, 145.3)(354.7, 198.6)(277.4, 198.6)(277.4, 213.2)(173.8, 213.2)(173.8, 145.3);GATE
Port:(173.8, 160.1)(178.2, 160.1)(178.2, 198.4)(173.8, 198.4);SD
Port:(354.7, 145.3)(354.7, 198.6)(277.4, 198.6)(277.4, 213.2)(180.2, 213.2)(180.2, 145.3);GATE
Port:(341.8, 151.7)(349.3, 151.7)(349.3, 191.2)(341.8, 191.2);SD
Module:M6
Boundary:(860.7, 170.1)(860.7, 240.6)(833.5, 240.6)(833.5, 255.9)(699.0, 255.9)(699.0, 170.1);GATE
Port:(699.0, 184.6)(704.2, 184.6)(704.2, 241.4)(699.0, 241.4);SD
Port:(860.7, 170.1)(860.7, 240.6)(833.5, 240.6)(833.5, 255.9)(706.7, 255.9)(706.7, 170.1);GATE
Port:(848.6, 177.0)(854.8, 177.0)(854.8, 232.7)(848.6, 232.7);SD
Module:M33
Boundary:(481.4, 156.4)(481.4, 255.8)(370.2, 255.8)(370.2, 156.4);GATE
Port:(370.2, 169.0)(375.3, 169.0)(375.3, 243.2)(370.2, 243.2);SD
Port:(481.4, 156.4)(481.4, 255.8)(377.1, 255.8)(377.1, 156.4);GATE
Port:(471.2, 161.6)(477.2, 161.6)(477.2, 250.6)(471.2, 250.6);SD
Module:M21
Boundary:(520.6, 210.2)(631.4, 210.2)(631.4, 210.3)(649.2, 210.3)(649.2, 305.5)(520.6, 305.5);GATE
Port:(536.7, 301.5)(633.1, 301.5)(633.1, 305.5)(536.7, 305.5);SD
Port:(520.6, 210.2)(631.4, 210.2)(631.4, 210.3)(649.2, 210.3)(649.2, 298.7)(520.6, 298.7);GATE
Port:(527.5, 216.1)(624.5, 216.1)(624.5, 223.2)(527.5, 223.2);SD
Module:M43
Boundary:(389.2, 285.1)(389.2, 357.2)(218.7, 357.2)(218.7, 285.1);GATE
Port:(218.7, 300.5)(223.1, 300.5)(223.1, 341.8)(218.7, 341.8);SD
Port:(389.2, 285.1)(389.2, 357.2)(224.3, 357.2)(224.3, 285.1);GATE
Port:(376.7, 291.5)(383.8, 291.5)(383.8, 350.8)(376.7, 350.8);SD
Module:M32
Boundary:(150.1, 310.1)(150.1, 367.2)(111.7, 367.2)(111.7, 384.6)(48.3, 384.6)(48.3, 310.1);GATE
Port:(48.3, 325.4)(53.4, 325.4)(53.4, 369.3)(48.3, 369.3);SD
Port:(150.1, 310.1)(150.1, 367.2)(111.7, 367.2)(111.7, 384.6)(54.5, 384.6)(54.5, 310.1);GATE
Port:(138.2, 316.1)(145.1, 316.1)(145.1, 360.2)(138.2, 360.2);SD
Module:M14
Boundary:(401.7, 280.1)(483.6, 280.1)(483.6, 302.0)(498.1, 302.0)(498.1, 351.3)(401.7, 351.3);GATE
Port:(415.3, 346.5)(484.5, 346.5)(484.5, 351.3)(415.3, 351.3);SD
Port:(401.7, 280.1)(483.6, 280.1)(483.6, 302.0)(498.1, 302.0)(498.1, 344.1)(401.7, 344.1);GATE
Port:(407.3, 284.7)(477.0, 284.7)(477.0, 291.7)(407.3, 291.7);SD
Module:M44
Boundary:(813.1, 299.0)(813.1, 374.7)(730.7, 374.7)(730.7, 388.0)(651.4, 388.0)(651.4, 299.0);GATE
Port:(651.4, 311.3)(656.3, 311.3)(656.3, 375.7)(651.4, 375.7);SD
Port:(813.1, 299.0)(813.1, 374.7)(730.7, 374.7)(730.7, 388.0)(659.1, 388.0)(659.1, 299.0);GATE
Port:(802.8, 305.5)(807.6, 305.5)(807.6, 367.2)(802.8, 367.2);SD
Module:M3
Boundary:(633.5, 336.9)(633.5, 397.3)(506.3, 397.3)(506.3, 336.9);GATE
Port:(506.3, 350.3)(512.3, 350.3)(512.3, 383.9)(506.3, 383.9);SD
Port:(633.5, 336.9)(633.5, 397.3)(514.1, 397.3)(514.1, 336.9);GATE
Port:(622.2, 343.1)(628.3, 343.1)(628.3, 391.1)(622.2, 391.1);SD
Module:M25
Boundary:(833.0, 421.6)(833.0, 470.3)(832.8, 470.3)(832.8, 485.0)(684.6, 485.0)(684.6, 421.6);GATE
Port:(684.6, 435.5)(690.1, 435.5)(690.1, 471.1)(684.6, 471.1);SD
Port:(833.0, 421.6)(833.0, 470.3)(832.8, 470.3)(832.8, 485.0)(691.3, 485.0)(691.3, 421.6);GATE
Port:(821.0, 427.6)(828.0, 427.6)(828.0, 464.3)(821.0, 464.3);SD
Module:M11
Boundary:(237.6, 389.8)(237.6, 482.6)(84.6, 482.6)(84.6, 389.8);GATE
Port:(84.6, 402.3)(89.3, 402.3)(89.3, 470.1)(84.6, 470.1);SD
Port:(237.6, 389.8)(237.6, 482.6)(90.3, 482.6)(90.3, 389.8);GATE
Port:(227.1, 395.7)(232.7, 395.7)(232.7, 476.7)(227.1, 476.7);SD
Module:M4
Boundary:(436.8, 382.6)(436.8, 485.2)(388.0, 485.2)(388.0, 500.4)(286.2, 500.4)(286.2, 382.6);GATE
Port:(286.2, 397.9)(291.5, 397.9)(291.5, 485.1)(286.2, 485.1);SD
Port:(436.8, 382.6)(436.8, 485.2)(388.0, 485.2)(388.0, 500.4)(293.6, 500.4)(293.6, 382.6);GATE
Port:(424.2, 388.8)(431.6, 388.8)(431.6, 478.0)(424.2, 478.0);SD
Module:M42
Boundary:(608.9, 446.0)(608.9, 509.5)(482.5, 509.5)(482.5, 446.0);GATE
Port:(482.5, 459.1)(486.9, 459.1)(486.9, 496.4)(482.5, 496.4);SD
Port:(608.9, 446.0)(608.9, 509.5)(489.7, 509.5)(489.7, 446.0);GATE
Port:(597.7, 452.6)(603.3, 452.6)(603.3, 487.7)(597.7, 487.7);SD
Module:M1
Boundary:(374.5, 392.2)(454.5, 392.2)(454.5, 392.7)(470.0, 392.7)(470.0, 514.9)(374.5, 514.9);GATE
Port:(388.2, 508.9)(456.3, 508.9)(456.3, 514.9)(388.2, 514.9);SD
Port:(374.5, 392.2)(454.5, 392.2)(454.5, 392.7)(470.0, 392.7)(470.0, 507.0)(374.5, 507.0);GATE
Port:(380.2, 396.9)(448.8, 396.9)(448.8, 403.0)(380.2, 403.0);SD
Module:M18
Boundary:(297.9, 541.3)(297.9, 605.8)(195.5, 605.8)(195.5, 620.8)(103.0, 620.8)(103.0, 541.3);GATE
Port:(103.0, 553.3)(108.5, 553.3)(108.5, 608.8)(103.0, 608.8);SD
Port:(297.9, 541.3)(297.9, 605.8)(195.5, 605.8)(195.5, 620.8)(110.8, 620.8)(110.8, 541.3);GATE
Port:(288.4, 547.1)(293.1, 547.1)(293.1, 599.0)(288.4, 599.0);SD
Module:M45
Boundary:(655.9, 540.3)(655.9, 627.3)(537.2, 627.3)(537.2, 540.3);GATE
Port:(537.2, 554.6)(543.0, 554.6)(543.0, 613.0)(537.2, 613.0);SD
Port:(655.9, 540.3)(655.9, 627.3)(545.4, 627.3)(545.4, 540.3);GATE
Port:(644.3, 546.4)(650.8, 546.4)(650.8, 621.2)(644.3, 621.2);SD
Module:M24
Boundary:(699.0, 477.9)(761.0, 477.9)(761.0, 557.2)(774.6, 557.2)(774.6, 633.3)(699.0, 633.3);GATE
Port:(711.5, 629.2)(762.1, 629.2)(762.1, 633.3)(711.5, 633.3);SD
Port:(699.0, 477.9)(761.0, 477.9)(761.0, 557.2)(774.6, 557.2)(774.6, 626.5)(699.0, 626.5);GATE
Port:(704.9, 482.8)(754.1, 482.8)(754.1, 488.1)(704.9, 488.1);SD
Module:M26
Boundary:(316.2, 517.8)(367.6, 517.8)(367.6, 604.4)(381.9, 604.4)(381.9, 689.9)(316.2, 689.9);GATE
Port:(330.7, 684.1)(367.4, 684.1)(367.4, 689.9)(330.7, 689.9);SD
Port:(316.2, 517.8)(367.6, 517.8)(367.6, 604.4)(381.9, 604.4)(381.9, 681.3)(316.2, 681.3);GATE
Port:(323.1, 523.7)(359.7, 523.7)(359.7, 530.2)(323.1, 530.2);SD
Module:M39
Boundary:(419.0, 564.9)(513.2, 564.9)(513.2, 693.8)(419.0, 693.8);GATE
Port:(433.9, 689.2)(498.3, 689.2)(498.3, 693.8)(433.9, 693.8);SD
Port:(419.0, 564.9)(513.2, 564.9)(513.2, 686.6)(419.0, 686.6);GATE
Port:(424.4, 569.3)(507.8, 569.3)(507.8, 576.3)(424.4, 576.3);SD
Module:M35
Boundary:(813.8, 516.2)(860.2, 516.2)(860.2, 726.3)(813.8, 726.3);GATE
Port:(826.0, 720.9)(848.0, 720.9)(848.0, 726.3)(826.0, 726.3);SD
Port:(813.8, 516.2)(860.2, 516.2)(860.2, 719.6)(813.8, 719.6);GATE
Port:(819.2, 520.6)(854.8, 520.6)(854.8, 526.6)(819.2, 526.6);SD
Module:M8
Boundary:(83.1, 629.5)(146.5, 629.5)(146.5, 657.2)(161.2, 657.2)(161.2, 708.6)(83.1, 708.6);GATE
Port:(95.5, 702.6)(148.8, 702.6)(148.8, 708.6)(95.5, 708.6);SD
Port:(83.1, 629.5)(146.5, 629.5)(146.5, 657.2)(161.2, 657.2)(161.2, 700.3)(83.1, 700.3);GATE
Port:(88.6, 634.0)(140.0, 634.0)(140.0, 638.9)(88.6, 638.9);SD
Module:M30
Boundary:(413.2, 737.0)(413.2, 802.7)(362.4, 802.7)(362.4, 817.7)(304.2, 817.7)(304.2, 737.0);GATE
Port:(304.2, 749.5)(309.6, 749.5)(309.6, 805.2)(304.2, 805.2);SD
Port:(413.2, 737.0)(413.2, 802.7)(362.4, 802.7)(362.4, 817.7)(312.1, 817.7)(312.1, 737.0);GATE
Port:(402.9, 742.7)(408.5, 742.7)(408.5, 796.0)(402.9, 796.0);SD
Module:M7
Boundary:(640.9, 669.9)(737.0, 669.9)(737.0, 799.8)(640.9, 799.8);GATE
Port:(653.1, 795.1)(724.8, 795.1)(724.8, 799.8)(653.1, 799.8);SD
Port:(640.9, 669.9)(737.0, 669.9)(737.0, 793.6)(640.9, 793.6);GATE
Port:(646.1, 674.1)(731.8, 674.1)(731.8, 679.7)(646.1, 679.7);SD
Module:M23
Boundary:(179.3, 649.9)(258.5, 649.9)(258.5, 650.3)(273.5, 650.3)(273.5, 826.5)(179.3, 826.5);GATE
Port:(193.2, 821.1)(259.6, 821.1)(259.6, 826.5)(193.2, 826.5);SD
Port:(179.3, 649.9)(258.5, 649.9)(258.5, 650.3)(273.5, 650.3)(273.5, 819.7)(179.3, 819.7);GATE
Port:(186.2, 655.8)(251.6, 655.8)(251.6, 661.7)(186.2, 661.7);SD
Module:M9
Boundary:(555.6, 667.3)(603.0, 667.3)(603.0, 667.4)(618.7, 667.4)(618.7, 895.0)(555.6, 895.0);GATE
Port:(567.9, 890.1)(606.4, 890.1)(606.4, 895.0)(567.9, 895.0);SD
Port:(555.6, 667.3)(603.0, 667.3)(603.0, 667.4)(618.7, 667.4)(618.7, 887.1)(555.6, 887.1);GATE
Port:(562.0, 672.7)(596.6, 672.7)(596.6, 676.9)(562.0, 676.9);SD
Module:M41
Boundary:(422.7, 701.8)(502.5, 701.8)(502.5, 702.3)(518.1, 702.3)(518.1, 855.0)(422.7, 855.0);GATE
Port:(435.8, 849.4)(505.0, 849.4)(505.0, 855.0)(435.8, 855.0);SD
Port:(422.7, 701.8)(502.5, 701.8)(502.5, 702.3)(518.1, 702.3)(518.1, 846.7)(422.7, 846.7);GATE
Port:(429.4, 707.5)(495.8, 707.5)(495.8, 712.4)(429.4, 712.4);SD
Module:M2
Boundary:(662.3, 853.8)(737.2, 853.8)(737.2, 872.8)(754.2, 872.8)(754.2, 945.4)(662.3, 945.4);GATE
Port:(677.5, 940.6)(739.0, 940.6)(739.0, 945.4)(677.5, 945.4);SD
Port:(662.3, 853.8)(737.2, 853.8)(737.2, 872.8)(754.2, 872.8)(754.2, 938.0)(662.3, 938.0);GATE
Port:(668.8, 859.3)(729.7, 859.3)(729.7, 866.1)(668.8, 866.1);SD
Module:M37
Boundary:(787.7, 739.3)(851.8, 739.3)(851.8, 739.7)(867.0, 739.7)(867.0, 952.9)(787.7, 952.9);GATE
Port:(801.4, 947.9)(853.3, 947.9)(853.3, 952.9)(801.4, 952.9);SD
Port:(787.7, 739.3)(851.8, 739.3)(851.8, 739.7)(867.0, 739.7)(867.0, 945.0)(787.7, 945.0);GATE
Port:(793.0, 743.6)(846.5, 743.6)(846.5, 750.7)(793.0, 750.7);SD
Module:M19
Boundary:(412.7, 832.1)(412.7, 944.6)(186.4, 944.6)(186.4, 832.1);GATE
Port:(186.4, 847.3)(190.4, 847.3)(190.4, 929.4)(186.4, 929.4);SD
Port:(412.7, 832.1)(412.7, 944.6)(191.7, 944.6)(191.7, 832.1);GATE
Port:(400.9, 838.8)(407.0, 838.8)(407.0, 937.9)(400.9, 937.9);SD
Module:M38
Boundary:(33.2, 716.6)(97.5, 716.6)(97.5, 736.4)(110.7, 736.4)(110.7, 939.7)(33.2, 939.7);GATE
Port:(47.3, 935.6)(96.6, 935.6)(96.6, 939.7)(47.3, 939.7);SD
Port:(33.2, 716.6)(97.5, 716.6)(97.5, 736.4)(110.7, 736.4)(110.7, 932.7)(33.2, 932.7);GATE
Port:(39.5, 721.9)(90.2, 721.9)(90.2, 729.2)(39.5, 729.2);SD
Module:M29
Boundary:(614.5, 901.1)(614.5, 950.2)(614.2, 950.2)(614.2, 966.1)(423.8, 966.1)(423.8, 901.1);GATE
Port:(423.8, 914.7)(428.7, 914.7)(428.7, 952.5)(423.8, 952.5);SD
Port:(614.5, 901.1)(614.5, 950.2)(614.2, 950.2)(614.2, 966.1)(431.4, 966.1)(431.4, 901.1);GATE
Port:(604.1, 906.5)(610.1, 906.5)(610.1, 944.8)(604.1, 944.8);SD
Module:M34
Boundary:(834.8, 993.5)(834.8, 1057.9)(800.5, 1057.9)(800.5, 1072.7)(637.9, 1072.7)(637.9, 993.5);GATE
Port:(637.9, 1006.2)(643.7, 1006.2)(643.7, 1060.0)(637.9, 1060.0);SD
Port:(834.8, 993.5)(834.8, 1057.9)(800.5, 1057.9)(800.5, 1072.7)(646.3, 1072.7)(646.3, 993.5);GATE
Port:(825.0, 999.2)(830.1, 999.2)(830.1, 1051.2)(825.0, 1051.2);SD
Module:M28
Boundary:(245.0, 1039.0)(245.0, 1133.0)(228.0, 1133.0)(228.0, 1147.1)(47.2, 1147.1)(47.2, 1039.0);GATE
Port:(47.2, 1051.8)(51.9, 1051.8)(51.9, 1134.3)(47.2, 1134.3);SD
Port:(245.0, 1039.0)(245.0, 1133.0)(228.0, 1133.0)(228.0, 1147.1)(54.7, 1147.1)(54.7, 1039.0);GATE
Port:(234.2, 1045.4)(239.6, 1045.4)(239.6, 1125.6)(234.2, 1125.6);SD
Module:M20
Boundary:(623.9, 978.0)(623.9, 1070.1)(569.8, 1070.1)(569.8, 1087.2)(509.0, 1087.2)(509.0, 978.0);GATE
Port:(509.0, 992.4)(514.4, 992.4)(514.4, 1072.8)(509.0, 1072.8);SD
Port:(623.9, 978.0)(623.9, 1070.1)(569.8, 1070.1)(569.8, 1087.2)(516.5, 1087.2)(516.5, 978.0);GATE
Port:(613.0, 984.3)(618.6, 984.3)(618.6, 1062.8)(613.0, 1062.8);SD
Module:M16
Boundary:(487.0, 1015.2)(487.0, 1112.1)(449.3, 1112.1)(449.3, 1126.6)(275.8, 1126.6)(275.8, 1015.2);GATE
Port:(275.8, 1028.7)(280.2, 1028.7)(280.2, 1113.1)(275.8, 1113.1);SD
Port:(487.0, 1015.2)(487.0, 1112.1)(449.3, 1112.1)(449.3, 1126.6)(282.5, 1126.6)(282.5, 1015.2);GATE
Port:(476.1, 1021.0)(482.2, 1021.0)(482.2, 1105.3)(476.1, 1105.3);SD
Module:M17
Boundary:(811.7, 1106.5)(811.7, 1205.7)(811.2, 1205.7)(811.2, 1222.2)(658.2, 1222.2)(658.2, 1106.5);GATE
Port:(658.2, 1119.2)(663.5, 1119.2)(663.5, 1209.5)(658.2, 1209.5);SD
Port:(811.7, 1106.5)(811.7, 1205.7)(811.2, 1205.7)(811.2, 1222.2)(665.7, 1222.2)(665.7, 1106.5);GATE
Port:(801.6, 1113.1)(806.1, 1113.1)(806.1, 1199.1)(801.6, 1199.1);SD
Module:M10
Boundary:(552.4, 1160.8)(552.4, 1212.8)(536.9, 1212.8)(536.9, 1228.9)(371.1, 1228.9)(371.1, 1160.8);GATE
Port:(371.1, 1174.3)(376.3, 1174.3)(376.3, 1215.4)(371.1, 1215.4);SD
Port:(552.4, 1160.8)(552.4, 1212.8)(536.9, 1212.8)(536.9, 1228.9)(379.0, 1228.9)(379.0, 1160.8);GATE
Port:(542.1, 1166.5)(547.7, 1166.5)(547.7, 1206.1)(542.1, 1206.1);SD
Module:M15
Boundary:(259.6, 1144.9)(324.5, 1144.9)(324.5, 1145.1)(340.1, 1145.1)(340.1, 1215.2)(259.6, 1215.2);GATE
Port:(273.0, 1210.9)(326.7, 1210.9)(326.7, 1215.2)(273.0, 1215.2);SD
Port:(259.6, 1144.9)(324.5, 1144.9)(324.5, 1145.1)(340.1, 1145.1)(340.1, 1208.1)(259.6, 1208.1);GATE
Port:(266.4, 1150.7)(317.7, 1150.7)(317.7, 1155.6)(266.4, 1155.6);SD
Module:M13
Boundary:(205.3, 1168.3)(205.3, 1231.4)(205.2, 1231.4)(205.2, 1245.8)(34.9, 1245.8)(34.9, 1168.3);GATE
Port:(34.9, 1182.1)(40.9, 1182.1)(40.9, 1232.0)(34.9, 1232.0);SD
Port:(205.3, 1168.3)(205.3, 1231.4)(205.2, 1231.4)(205.2, 1245.8)(42.7, 1245.8)(42.7, 1168.3);GATE
Port:(193.3, 1174.9)(199.7, 1174.9)(199.7, 1224.8)(193.3, 1224.8);SD
Module:M27
Boundary:(625.1, 1173.8)(625.1, 1233.6)(624.8, 1233.6)(624.8, 1248.7)(534.9, 1248.7)(534.9, 1173.8);GATE
Port:(534.9, 1184.8)(539.8, 1184.8)(539.8, 1237.7)(534.9, 1237.7);SD
Port:(625.1, 1173.8)(625.1, 1233.6)(624.8, 1233.6)(624.8, 1248.7)(542.4, 1248.7)(542.4, 1173.8);GATE
Port:(616.3, 1179.2)(620.7, 1179.2)(620.7, 1228.2)(616.3, 1228.2);SD
