Area:(-20.0, -20.0)(1115.3, -20.0)(1115.3, 525.9)(-20.0, 525.9)
Rule:GATE(5,5);SD(5,5);GATE_SD(0.5);GATE_ITO(0.5);SD_ITO(0.5)
Module:M14
Boundary:(256.1, 160.6)(347.6, 160.6)(347.6, 241.7)(361.1, 241.7)(361.1, 347.6)(256.1, 347.6);GATE
Port:(268.9, 342.4)(348.3, 342.4)(348.3, 347.6)(268.9, 347.6);SD
Port:(256.1, 160.6)(347.6, 160.6)(347.6, 241.7)(361.1, 241.7)(361.1, 341.1)(256.1, 341.1);GATE
Port:(261.8, 165.3)(340.9, 165.3)(340.9, 171.5)(261.8, 171.5);SD
Module:M9
Boundary:(604.6, 260.2)(679.9, 260.2)(679.9, 455.7)(604.6, 455.7);GATE
Port:(616.2, 451.1)(668.3, 451.1)(668.3, 455.7)(616.2, 455.7);SD
Port:(604.6, 260.2)(679.9, 260.2)(679.9, 450.0)(604.6, 450.0);GATE
Port:(610.1, 264.7)(674.4, 264.7)(674.4, 270.1)(610.1, 270.1);SD
Module:M5
Boundary:(1057.2, 233.5)(1057.2, 299.3)(1056.9, 299.3)(1056.9, 315.0)(861.1, 315.0)(861.1, 233.5);GATE
Port:(861.1, 247.4)(867.0, 247.4)(867.0, 301.1)(861.1, 301.1);SD
Port:(1057.2, 233.5)(1057.2, 299.3)(1056.9, 299.3)(1056.9, 315.0)(868.8, 315.0)(868.8, 233.5);GATE
Port:(1045.5, 240.1)(1051.6, 240.1)(1051.6, 292.7)(1045.5, 292.7);SD
Module:M11
Boundary:(128.2, 180.6)(189.0, 180.6)(189.0, 180.8)(204.0, 180.8)(204.0, 330.2)(128.2, 330.2);GATE
Port:(140.4, 325.2)(191.8, 325.2)(191.8, 330.2)(140.4, 330.2);SD
Port:(128.2, 180.6)(189.0, 180.6)(189.0, 180.8)(204.0, 180.8)(204.0, 324.0)(128.2, 324.0);GATE
Port:(133.3, 184.7)(183.9, 184.7)(183.9, 190.5)(133.3, 190.5);SD
Module:M1
Boundary:(591.3, 20.0)(693.5, 20.0)(693.5, 220.2)(591.3, 220.2);GATE
Port:(604.7, 215.8)(680.1, 215.8)(680.1, 220.2)(604.7, 220.2);SD
Port:(591.3, 20.0)(693.5, 20.0)(693.5, 214.3)(591.3, 214.3);GATE
Port:(596.7, 24.4)(688.1, 24.4)(688.1, 30.7)(596.7, 30.7);SD
Module:M19
Boundary:(733.5, 187.6)(803.7, 187.6)(803.7, 187.6)(821.1, 187.6)(821.1, 290.1)(733.5, 290.1);GATE
Port:(747.5, 284.3)(807.1, 284.3)(807.1, 290.1)(747.5, 290.1);SD
Port:(733.5, 187.6)(803.7, 187.6)(803.7, 187.6)(821.1, 187.6)(821.1, 283.2)(733.5, 283.2);GATE
Port:(740.2, 193.3)(797.0, 193.3)(797.0, 198.7)(740.2, 198.7);SD
Module:M6
Boundary:(1075.3, 355.0)(1075.3, 468.2)(1028.9, 468.2)(1028.9, 485.9)(957.1, 485.9)(957.1, 355.0);GATE
Port:(957.1, 369.7)(962.1, 369.7)(962.1, 471.2)(957.1, 471.2);SD
Port:(1075.3, 355.0)(1075.3, 468.2)(1028.9, 468.2)(1028.9, 485.9)(964.2, 485.9)(964.2, 355.0);GATE
Port:(1063.5, 361.2)(1070.1, 361.2)(1070.1, 461.0)(1063.5, 461.0);SD
Module:M2
Boundary:(863.9, 20.0)(949.8, 20.0)(949.8, 44.4)(964.9, 44.4)(964.9, 171.3)(863.9, 171.3);GATE
Port:(879.0, 166.5)(949.8, 166.5)(949.8, 171.3)(879.0, 171.3);SD
Port:(863.9, 20.0)(949.8, 20.0)(949.8, 44.4)(964.9, 44.4)(964.9, 164.7)(863.9, 164.7);GATE
Port:(870.3, 25.4)(942.4, 25.4)(942.4, 32.2)(870.3, 32.2);SD
Module:M16
Boundary:(173.3, 20.0)(173.3, 140.6)(20.0, 140.6)(20.0, 20.0);GATE
Port:(20.0, 33.6)(25.6, 33.6)(25.6, 127.0)(20.0, 127.0);SD
Port:(173.3, 20.0)(173.3, 140.6)(28.2, 140.6)(28.2, 20.0);GATE
Port:(162.8, 26.8)(167.5, 26.8)(167.5, 133.8)(162.8, 133.8);SD
Module:M13
Boundary:(216.1, 376.7)(216.1, 468.3)(215.5, 468.3)(215.5, 483.0)(20.0, 483.0)(20.0, 376.7);GATE
Port:(20.0, 389.8)(25.6, 389.8)(25.6, 469.9)(20.0, 469.9);SD
Port:(216.1, 376.7)(216.1, 468.3)(215.5, 468.3)(215.5, 483.0)(27.8, 483.0)(27.8, 376.7);GATE
Port:(205.3, 382.5)(211.3, 382.5)(211.3, 462.5)(205.3, 462.5);SD
Module:M10
Boundary:(20.0, 180.6)(88.2, 180.6)(88.2, 336.7)(20.0, 336.7);GATE
Port:(33.8, 331.7)(74.4, 331.7)(74.4, 336.7)(33.8, 336.7);SD
Port:(20.0, 180.6)(88.2, 180.6)(88.2, 329.3)(20.0, 329.3);GATE
Port:(26.4, 186.0)(81.8, 186.0)(81.8, 191.5)(26.4, 191.5);SD
Module:M7
Boundary:(1004.9, 20.0)(1058.4, 20.0)(1058.4, 20.2)(1075.0, 20.2)(1075.0, 193.5)(1004.9, 193.5);GATE
Port:(1019.4, 189.1)(1060.5, 189.1)(1060.5, 193.5)(1019.4, 193.5);SD
Port:(1004.9, 20.0)(1058.4, 20.0)(1058.4, 20.2)(1075.0, 20.2)(1075.0, 187.8)(1004.9, 187.8);GATE
Port:(1010.9, 25.0)(1052.4, 25.0)(1052.4, 32.5)(1010.9, 32.5);SD
Module:M3
Boundary:(733.5, 330.1)(802.6, 330.1)(802.6, 478.8)(733.5, 478.8);GATE
Port:(746.6, 474.1)(789.5, 474.1)(789.5, 478.8)(746.6, 478.8);SD
Port:(733.5, 330.1)(802.6, 330.1)(802.6, 471.3)(733.5, 471.3);GATE
Port:(738.8, 334.4)(797.3, 334.4)(797.3, 340.2)(738.8, 340.2);SD
Module:M18
Boundary:(733.5, 20.0)(810.5, 20.0)(810.5, 40.3)(823.9, 40.3)(823.9, 147.6)(733.5, 147.6);GATE
Port:(746.6, 141.8)(810.8, 141.8)(810.8, 147.6)(746.6, 147.6);SD
Port:(733.5, 20.0)(810.5, 20.0)(810.5, 40.3)(823.9, 40.3)(823.9, 139.2)(733.5, 139.2);GATE
Port:(739.6, 25.1)(803.4, 25.1)(803.4, 30.8)(739.6, 30.8);SD
Module:M20
Boundary:(401.1, 238.6)(512.5, 238.6)(512.5, 276.7)(530.2, 276.7)(530.2, 359.4)(401.1, 359.4);GATE
Port:(415.1, 354.9)(516.2, 354.9)(516.2, 359.4)(415.1, 359.4);SD
Port:(401.1, 238.6)(512.5, 238.6)(512.5, 276.7)(530.2, 276.7)(530.2, 353.1)(401.1, 353.1);GATE
Port:(407.1, 243.6)(505.5, 243.6)(505.5, 249.3)(407.1, 249.3);SD
Module:M15
Boundary:(386.4, 20.0)(386.4, 106.6)(386.0, 106.6)(386.0, 120.6)(213.3, 120.6)(213.3, 20.0);GATE
Port:(213.3, 31.4)(218.4, 31.4)(218.4, 109.2)(213.3, 109.2);SD
Port:(386.4, 20.0)(386.4, 106.6)(386.0, 106.6)(386.0, 120.6)(221.1, 120.6)(221.1, 20.0);GATE
Port:(376.5, 26.1)(381.3, 26.1)(381.3, 100.5)(376.5, 100.5);SD
Module:M12
Boundary:(564.6, 399.4)(564.6, 472.5)(510.3, 472.5)(510.3, 485.1)(431.7, 485.1)(431.7, 399.4);GATE
Port:(431.7, 411.8)(437.1, 411.8)(437.1, 472.7)(431.7, 472.7);SD
Port:(564.6, 399.4)(564.6, 472.5)(510.3, 472.5)(510.3, 485.1)(438.5, 485.1)(438.5, 399.4);GATE
Port:(554.0, 404.8)(560.2, 404.8)(560.2, 466.1)(554.0, 466.1);SD
Module:M8
Boundary:(391.7, 399.4)(391.7, 464.6)(369.3, 464.6)(369.3, 479.5)(256.1, 479.5)(256.1, 399.4);GATE
Port:(256.1, 411.7)(261.6, 411.7)(261.6, 467.2)(256.1, 467.2);SD
Port:(391.7, 399.4)(391.7, 464.6)(369.3, 464.6)(369.3, 479.5)(263.1, 479.5)(263.1, 399.4);GATE
Port:(381.5, 405.4)(386.7, 405.4)(386.7, 457.6)(381.5, 457.6);SD
Module:M4
Boundary:(842.6, 355.0)(903.2, 355.0)(903.2, 355.1)(917.1, 355.1)(917.1, 485.2)(842.6, 485.2);GATE
Port:(855.5, 480.5)(904.2, 480.5)(904.2, 485.2)(855.5, 485.2);SD
Port:(842.6, 355.0)(903.2, 355.0)(903.2, 355.1)(917.1, 355.1)(917.1, 479.1)(842.6, 479.1);GATE
Port:(848.5, 359.9)(897.3, 359.9)(897.3, 366.1)(848.5, 366.1);SD
Module:M17
Boundary:(426.4, 20.0)(533.1, 20.0)(533.1, 20.5)(551.3, 20.5)(551.3, 198.6)(426.4, 198.6);GATE
Port:(439.9, 193.6)(537.8, 193.6)(537.8, 198.6)(439.9, 198.6);SD
Port:(426.4, 20.0)(533.1, 20.0)(533.1, 20.5)(551.3, 20.5)(551.3, 191.5)(426.4, 191.5);GATE
Port:(431.6, 24.2)(527.9, 24.2)(527.9, 30.3)(431.6, 30.3);SD
