Area:(-20.0, -10.0)(367.0, -10.0)(367.0, 851.0)(-20.0, 851.0)
Rule:GATE(5,5);SD(5,5);GATE_SD(0.5);GATE_ITO(0.5);SD_ITO(0.5)
Module:M9
Boundary:(137.0, 522.0)(137.0, 598.0)(129.0, 598.0)(129.0, 613.0)(20.0, 613.0)(20.0, 522.0);GATE
Port:(20.0, 536.5)(30.0, 536.5)(30.0, 598.5)(20.0, 598.5);SD
Port:(137.0, 522.0)(137.0, 598.0)(129.0, 598.0)(129.0, 613.0)(35.0, 613.0)(35.0, 522.0);GATE
Port:(128.0, 532.0)(132.0, 532.0)(132.0, 583.0)(128.0, 583.0);SD
Module:M5
Boundary:(317.0, 30.0)(317.0, 106.0)(309.0, 106.0)(309.0, 121.0)(235.0, 121.0)(235.0, 30.0);GATE
Port:(235.0, 44.5)(245.0, 44.5)(245.0, 106.5)(235.0, 106.5);SD
Port:(317.0, 30.0)(317.0, 106.0)(309.0, 106.0)(309.0, 121.0)(250.0, 121.0)(250.0, 30.0);GATE
Port:(308.0, 40.0)(312.0, 40.0)(312.0, 91.0)(308.0, 91.0);SD
Module:M1
Boundary:(214.0, 224.0)(214.0, 317.5)(183.3, 317.5)(183.3, 351.0)(133.0, 351.0)(133.0, 224.0);GATE
Port:(133.0, 238.5)(143.0, 238.5)(143.0, 336.5)(133.0, 336.5);SD
Port:(214.0, 224.0)(214.0, 317.5)(183.3, 317.5)(183.3, 351.0)(148.0, 351.0)(148.0, 224.0);GATE
Port:(205.0, 234.0)(209.0, 234.0)(209.0, 303.0)(205.0, 303.0);SD
Module:M6
Boundary:(137.0, 653.0)(137.0, 746.5)(103.8, 746.5)(103.8, 798.0)(20.0, 798.0)(20.0, 653.0);GATE
Port:(20.0, 667.5)(30.0, 667.5)(30.0, 783.5)(20.0, 783.5);SD
Port:(137.0, 653.0)(137.0, 746.5)(103.8, 746.5)(103.8, 798.0)(35.0, 798.0)(35.0, 653.0);GATE
Port:(128.0, 663.0)(132.0, 663.0)(132.0, 732.0)(128.0, 732.0);SD
Module:M2
Boundary:(287.0, 404.0)(287.0, 477.0)(186.0, 477.0)(186.0, 404.0);GATE
Port:(186.0, 418.5)(196.0, 418.5)(196.0, 462.5)(186.0, 462.5);SD
Port:(287.0, 404.0)(287.0, 477.0)(201.0, 477.0)(201.0, 404.0);GATE
Port:(278.0, 414.0)(282.0, 414.0)(282.0, 467.0)(278.0, 467.0);SD
Module:M10
Boundary:(30.0, 30.0)(141.5, 30.0)(141.5, 93.2)(175.0, 93.2)(175.0, 174.0)(30.0, 174.0);GATE
Port:(44.5, 164.0)(160.5, 164.0)(160.5, 174.0)(44.5, 174.0);SD
Port:(30.0, 30.0)(141.5, 30.0)(141.5, 93.2)(175.0, 93.2)(175.0, 159.0)(30.0, 159.0);GATE
Port:(40.0, 35.0)(127.0, 35.0)(127.0, 39.0)(40.0, 39.0);SD
Module:M7
Boundary:(254.0, 171.0)(327.0, 171.0)(327.0, 364.0)(254.0, 364.0);GATE
Port:(268.5, 354.0)(312.5, 354.0)(312.5, 364.0)(268.5, 364.0);SD
Port:(254.0, 171.0)(327.0, 171.0)(327.0, 349.0)(254.0, 349.0);GATE
Port:(264.0, 176.0)(317.0, 176.0)(317.0, 180.0)(264.0, 180.0);SD
Module:M3
Boundary:(327.0, 522.0)(327.0, 651.5)(231.6, 651.5)(231.6, 811.0)(177.0, 811.0)(177.0, 522.0);GATE
Port:(177.0, 536.5)(187.0, 536.5)(187.0, 796.5)(177.0, 796.5);SD
Port:(327.0, 522.0)(327.0, 651.5)(231.6, 651.5)(231.6, 811.0)(192.0, 811.0)(192.0, 522.0);GATE
Port:(318.0, 532.0)(322.0, 532.0)(322.0, 637.0)(318.0, 637.0);SD
Module:M8
Boundary:(146.0, 391.0)(146.0, 467.0)(138.0, 467.0)(138.0, 482.0)(20.0, 482.0)(20.0, 391.0);GATE
Port:(20.0, 405.5)(30.0, 405.5)(30.0, 467.5)(20.0, 467.5);SD
Port:(146.0, 391.0)(146.0, 467.0)(138.0, 467.0)(138.0, 482.0)(35.0, 482.0)(35.0, 391.0);GATE
Port:(137.0, 401.0)(141.0, 401.0)(141.0, 452.0)(137.0, 452.0);SD
Module:M4
Boundary:(20.0, 224.0)(93.0, 224.0)(93.0, 337.0)(20.0, 337.0);GATE
Port:(34.5, 327.0)(78.5, 327.0)(78.5, 337.0)(34.5, 337.0);SD
Port:(20.0, 224.0)(93.0, 224.0)(93.0, 322.0)(20.0, 322.0);GATE
Port:(30.0, 229.0)(83.0, 229.0)(83.0, 233.0)(30.0, 233.0);SD
