Area:(-20.0, -20.0)(1082.0, -20.0)(1082.0, 910.0)(-20.0, 910.0)
Rule:GATE(5,5);SD(5,5);GATE_SD(0.5);GATE_ITO(0.5);SD_ITO(0.5)
Module:M14
Boundary:(615.0, 271.0)(762.5, 271.0)(762.5, 353.3)(814.0, 353.3)(814.0, 416.0)(615.0, 416.0);GATE
Port:(629.5, 406.0)(799.5, 406.0)(799.5, 416.0)(629.5, 416.0);SD
Port:(615.0, 271.0)(762.5, 271.0)(762.5, 353.3)(814.0, 353.3)(814.0, 401.0)(615.0, 401.0);GATE
Port:(625.0, 276.0)(748.0, 276.0)(748.0, 280.0)(625.0, 280.0);SD
Module:M9
Boundary:(30.0, 233.0)(123.5, 233.0)(123.5, 243.0)(139.0, 243.0)(139.0, 361.0)(30.0, 361.0);GATE
Port:(44.5, 351.0)(124.5, 351.0)(124.5, 361.0)(44.5, 361.0);SD
Port:(30.0, 233.0)(123.5, 233.0)(123.5, 243.0)(139.0, 243.0)(139.0, 346.0)(30.0, 346.0);GATE
Port:(40.0, 238.0)(109.0, 238.0)(109.0, 242.0)(40.0, 242.0);SD
Module:M5
Boundary:(514.0, 421.0)(514.0, 568.5)(498.0, 568.5)(498.0, 584.0)(345.0, 584.0)(345.0, 421.0);GATE
Port:(345.0, 435.5)(355.0, 435.5)(355.0, 569.5)(345.0, 569.5);SD
Port:(514.0, 421.0)(514.0, 568.5)(498.0, 568.5)(498.0, 584.0)(360.0, 584.0)(360.0, 421.0);GATE
Port:(505.0, 431.0)(509.0, 431.0)(509.0, 554.0)(505.0, 554.0);SD
Module:M11
Boundary:(20.0, 572.0)(95.5, 572.0)(95.5, 596.8)(147.0, 596.8)(147.0, 666.0)(20.0, 666.0);GATE
Port:(34.5, 656.0)(132.5, 656.0)(132.5, 666.0)(34.5, 666.0);SD
Port:(20.0, 572.0)(95.5, 572.0)(95.5, 596.8)(147.0, 596.8)(147.0, 651.0)(20.0, 651.0);GATE
Port:(30.0, 577.0)(81.0, 577.0)(81.0, 581.0)(30.0, 581.0);SD
Module:M1
Boundary:(490.0, 634.0)(490.0, 710.0)(482.0, 710.0)(482.0, 725.0)(355.0, 725.0)(355.0, 634.0);GATE
Port:(355.0, 648.5)(365.0, 648.5)(365.0, 710.5)(355.0, 710.5);SD
Port:(490.0, 634.0)(490.0, 710.0)(482.0, 710.0)(482.0, 725.0)(370.0, 725.0)(370.0, 634.0);GATE
Port:(481.0, 644.0)(485.0, 644.0)(485.0, 695.0)(481.0, 695.0);SD
Module:M27
Boundary:(1034.0, 20.0)(1034.0, 167.5)(1018.0, 167.5)(1018.0, 183.0)(847.0, 183.0)(847.0, 20.0);GATE
Port:(847.0, 34.5)(857.0, 34.5)(857.0, 168.5)(847.0, 168.5);SD
Port:(1034.0, 20.0)(1034.0, 167.5)(1018.0, 167.5)(1018.0, 183.0)(862.0, 183.0)(862.0, 20.0);GATE
Port:(1025.0, 30.0)(1029.0, 30.0)(1029.0, 153.0)(1025.0, 153.0);SD
Module:M24
Boundary:(915.0, 735.0)(1026.5, 735.0)(1026.5, 747.0)(1042.0, 747.0)(1042.0, 870.0)(915.0, 870.0);GATE
Port:(929.5, 860.0)(1027.5, 860.0)(1027.5, 870.0)(929.5, 870.0);SD
Port:(915.0, 735.0)(1026.5, 735.0)(1026.5, 747.0)(1042.0, 747.0)(1042.0, 855.0)(915.0, 855.0);GATE
Port:(925.0, 740.0)(1012.0, 740.0)(1012.0, 744.0)(925.0, 744.0);SD
Module:M19
Boundary:(1033.0, 386.0)(1033.0, 459.0)(874.0, 459.0)(874.0, 386.0);GATE
Port:(874.0, 400.5)(884.0, 400.5)(884.0, 444.5)(874.0, 444.5);SD
Port:(1033.0, 386.0)(1033.0, 459.0)(889.0, 459.0)(889.0, 386.0);GATE
Port:(1024.0, 396.0)(1028.0, 396.0)(1028.0, 449.0)(1024.0, 449.0);SD
Module:M6
Boundary:(489.0, 20.0)(565.0, 20.0)(565.0, 28.0)(580.0, 28.0)(580.0, 213.0)(489.0, 213.0);GATE
Port:(503.5, 203.0)(565.5, 203.0)(565.5, 213.0)(503.5, 213.0);SD
Port:(489.0, 20.0)(565.0, 20.0)(565.0, 28.0)(580.0, 28.0)(580.0, 198.0)(489.0, 198.0);GATE
Port:(499.0, 25.0)(550.0, 25.0)(550.0, 29.0)(499.0, 29.0);SD
Module:M21
Boundary:(784.0, 622.0)(860.0, 622.0)(860.0, 630.0)(875.0, 630.0)(875.0, 717.0)(784.0, 717.0);GATE
Port:(798.5, 707.0)(860.5, 707.0)(860.5, 717.0)(798.5, 717.0);SD
Port:(784.0, 622.0)(860.0, 622.0)(860.0, 630.0)(875.0, 630.0)(875.0, 702.0)(784.0, 702.0);GATE
Port:(794.0, 627.0)(845.0, 627.0)(845.0, 631.0)(794.0, 631.0);SD
Module:M2
Boundary:(797.0, 30.0)(797.0, 123.5)(684.0, 123.5)(684.0, 211.0)(630.0, 211.0)(630.0, 30.0);GATE
Port:(630.0, 44.5)(640.0, 44.5)(640.0, 196.5)(630.0, 196.5);SD
Port:(797.0, 30.0)(797.0, 123.5)(684.0, 123.5)(684.0, 211.0)(645.0, 211.0)(645.0, 30.0);GATE
Port:(788.0, 40.0)(792.0, 40.0)(792.0, 109.0)(788.0, 109.0);SD
Module:M16
Boundary:(864.0, 223.0)(1011.5, 223.0)(1011.5, 239.0)(1027.0, 239.0)(1027.0, 336.0)(864.0, 336.0);GATE
Port:(878.5, 326.0)(1012.5, 326.0)(1012.5, 336.0)(878.5, 336.0);SD
Port:(864.0, 223.0)(1011.5, 223.0)(1011.5, 239.0)(1027.0, 239.0)(1027.0, 321.0)(864.0, 321.0);GATE
Port:(874.0, 228.0)(997.0, 228.0)(997.0, 232.0)(874.0, 232.0);SD
Module:M13
Boundary:(1034.0, 509.0)(1034.0, 582.0)(854.0, 582.0)(854.0, 509.0);GATE
Port:(854.0, 523.5)(864.0, 523.5)(864.0, 567.5)(854.0, 567.5);SD
Port:(1034.0, 509.0)(1034.0, 582.0)(869.0, 582.0)(869.0, 509.0);GATE
Port:(1025.0, 519.0)(1029.0, 519.0)(1029.0, 572.0)(1025.0, 572.0);SD
Module:M10
Boundary:(318.0, 20.0)(318.0, 113.5)(276.3, 113.5)(276.3, 183.0)(211.0, 183.0)(211.0, 20.0);GATE
Port:(211.0, 34.5)(221.0, 34.5)(221.0, 168.5)(211.0, 168.5);SD
Port:(318.0, 20.0)(318.0, 113.5)(276.3, 113.5)(276.3, 183.0)(226.0, 183.0)(226.0, 20.0);GATE
Port:(309.0, 30.0)(313.0, 30.0)(313.0, 99.0)(309.0, 99.0);SD
Module:M29
Boundary:(189.0, 254.0)(318.5, 254.0)(318.5, 268.0)(334.0, 268.0)(334.0, 362.0)(189.0, 362.0);GATE
Port:(203.5, 352.0)(319.5, 352.0)(319.5, 362.0)(203.5, 362.0);SD
Port:(189.0, 254.0)(318.5, 254.0)(318.5, 268.0)(334.0, 268.0)(334.0, 347.0)(189.0, 347.0);GATE
Port:(199.0, 259.0)(304.0, 259.0)(304.0, 263.0)(199.0, 263.0);SD
Module:M7
Boundary:(147.0, 706.0)(147.0, 853.5)(131.0, 853.5)(131.0, 869.0)(20.0, 869.0)(20.0, 706.0);GATE
Port:(20.0, 720.5)(30.0, 720.5)(30.0, 854.5)(20.0, 854.5);SD
Port:(147.0, 706.0)(147.0, 853.5)(131.0, 853.5)(131.0, 869.0)(35.0, 869.0)(35.0, 706.0);GATE
Port:(138.0, 716.0)(142.0, 716.0)(142.0, 839.0)(138.0, 839.0);SD
Module:M3
Boundary:(376.0, 779.0)(376.0, 855.0)(368.0, 855.0)(368.0, 870.0)(189.0, 870.0)(189.0, 779.0);GATE
Port:(189.0, 793.5)(199.0, 793.5)(199.0, 855.5)(189.0, 855.5);SD
Port:(376.0, 779.0)(376.0, 855.0)(368.0, 855.0)(368.0, 870.0)(204.0, 870.0)(204.0, 779.0);GATE
Port:(367.0, 789.0)(371.0, 789.0)(371.0, 840.0)(367.0, 840.0);SD
Module:M26
Boundary:(189.0, 677.0)(262.0, 677.0)(262.0, 739.0)(189.0, 739.0);GATE
Port:(203.5, 729.0)(247.5, 729.0)(247.5, 739.0)(203.5, 739.0);SD
Port:(189.0, 677.0)(262.0, 677.0)(262.0, 724.0)(189.0, 724.0);GATE
Port:(199.0, 682.0)(252.0, 682.0)(252.0, 686.0)(199.0, 686.0);SD
Module:M23
Boundary:(416.0, 775.0)(492.0, 775.0)(492.0, 783.0)(507.0, 783.0)(507.0, 870.0)(416.0, 870.0);GATE
Port:(430.5, 860.0)(492.5, 860.0)(492.5, 870.0)(430.5, 870.0);SD
Port:(416.0, 775.0)(492.0, 775.0)(492.0, 783.0)(507.0, 783.0)(507.0, 855.0)(416.0, 855.0);GATE
Port:(426.0, 780.0)(477.0, 780.0)(477.0, 784.0)(426.0, 784.0);SD
Module:M18
Boundary:(713.0, 476.0)(789.0, 476.0)(789.0, 484.0)(804.0, 484.0)(804.0, 550.0)(713.0, 550.0);GATE
Port:(727.5, 540.0)(789.5, 540.0)(789.5, 550.0)(727.5, 550.0);SD
Port:(713.0, 476.0)(789.0, 476.0)(789.0, 484.0)(804.0, 484.0)(804.0, 535.0)(713.0, 535.0);GATE
Port:(723.0, 481.0)(774.0, 481.0)(774.0, 485.0)(723.0, 485.0);SD
Module:M20
Boundary:(875.0, 757.0)(875.0, 850.5)(865.0, 850.5)(865.0, 866.0)(768.0, 866.0)(768.0, 757.0);GATE
Port:(768.0, 771.5)(778.0, 771.5)(778.0, 851.5)(768.0, 851.5);SD
Port:(875.0, 757.0)(875.0, 850.5)(865.0, 850.5)(865.0, 866.0)(783.0, 866.0)(783.0, 757.0);GATE
Port:(866.0, 767.0)(870.0, 767.0)(870.0, 836.0)(866.0, 836.0);SD
Module:M15
Boundary:(358.0, 20.0)(434.0, 20.0)(434.0, 28.0)(449.0, 28.0)(449.0, 214.0)(358.0, 214.0);GATE
Port:(372.5, 204.0)(434.5, 204.0)(434.5, 214.0)(372.5, 214.0);SD
Port:(358.0, 20.0)(434.0, 20.0)(434.0, 28.0)(449.0, 28.0)(449.0, 199.0)(358.0, 199.0);GATE
Port:(368.0, 25.0)(419.0, 25.0)(419.0, 29.0)(368.0, 29.0);SD
Module:M12
Boundary:(171.0, 20.0)(171.0, 167.5)(155.0, 167.5)(155.0, 183.0)(20.0, 183.0)(20.0, 20.0);GATE
Port:(20.0, 34.5)(30.0, 34.5)(30.0, 168.5)(20.0, 168.5);SD
Port:(171.0, 20.0)(171.0, 167.5)(155.0, 167.5)(155.0, 183.0)(35.0, 183.0)(35.0, 20.0);GATE
Port:(162.0, 30.0)(166.0, 30.0)(166.0, 153.0)(162.0, 153.0);SD
Module:M8
Boundary:(30.0, 421.0)(123.5, 421.0)(123.5, 431.0)(139.0, 431.0)(139.0, 522.0)(30.0, 522.0);GATE
Port:(44.5, 512.0)(124.5, 512.0)(124.5, 522.0)(44.5, 522.0);SD
Port:(30.0, 421.0)(123.5, 421.0)(123.5, 431.0)(139.0, 431.0)(139.0, 507.0)(30.0, 507.0);GATE
Port:(40.0, 426.0)(109.0, 426.0)(109.0, 430.0)(40.0, 430.0);SD
Module:M4
Boundary:(554.0, 466.0)(647.5, 466.0)(647.5, 476.0)(663.0, 476.0)(663.0, 560.0)(554.0, 560.0);GATE
Port:(568.5, 550.0)(648.5, 550.0)(648.5, 560.0)(568.5, 560.0);SD
Port:(554.0, 466.0)(647.5, 466.0)(647.5, 476.0)(663.0, 476.0)(663.0, 545.0)(554.0, 545.0);GATE
Port:(564.0, 471.0)(633.0, 471.0)(633.0, 475.0)(564.0, 475.0);SD
Module:M28
Boundary:(547.0, 731.0)(694.5, 731.0)(694.5, 793.7)(728.0, 793.7)(728.0, 870.0)(547.0, 870.0);GATE
Port:(561.5, 860.0)(713.5, 860.0)(713.5, 870.0)(561.5, 870.0);SD
Port:(547.0, 731.0)(694.5, 731.0)(694.5, 793.7)(728.0, 793.7)(728.0, 855.0)(547.0, 855.0);GATE
Port:(557.0, 736.0)(680.0, 736.0)(680.0, 740.0)(557.0, 740.0);SD
Module:M30
Boundary:(1022.0, 622.0)(1022.0, 695.0)(915.0, 695.0)(915.0, 622.0);GATE
Port:(915.0, 636.5)(925.0, 636.5)(925.0, 680.5)(915.0, 680.5);SD
Port:(1022.0, 622.0)(1022.0, 695.0)(930.0, 695.0)(930.0, 622.0);GATE
Port:(1013.0, 632.0)(1017.0, 632.0)(1017.0, 685.0)(1013.0, 685.0);SD
Module:M25
Boundary:(305.0, 402.0)(305.0, 531.5)(244.7, 531.5)(244.7, 637.0)(189.0, 637.0)(189.0, 402.0);GATE
Port:(189.0, 416.5)(199.0, 416.5)(199.0, 622.5)(189.0, 622.5);SD
Port:(305.0, 402.0)(305.0, 531.5)(244.7, 531.5)(244.7, 637.0)(204.0, 637.0)(204.0, 402.0);GATE
Port:(296.0, 412.0)(300.0, 412.0)(300.0, 517.0)(296.0, 517.0);SD
Module:M22
Boundary:(565.0, 254.0)(565.0, 347.5)(479.2, 347.5)(479.2, 381.0)(374.0, 381.0)(374.0, 254.0);GATE
Port:(374.0, 268.5)(384.0, 268.5)(384.0, 366.5)(374.0, 366.5);SD
Port:(565.0, 254.0)(565.0, 347.5)(479.2, 347.5)(479.2, 381.0)(389.0, 381.0)(389.0, 254.0);GATE
Port:(556.0, 264.0)(560.0, 264.0)(560.0, 333.0)(556.0, 333.0);SD
Module:M17
Boundary:(744.0, 600.0)(744.0, 676.0)(736.0, 676.0)(736.0, 691.0)(554.0, 691.0)(554.0, 600.0);GATE
Port:(554.0, 614.5)(564.0, 614.5)(564.0, 676.5)(554.0, 676.5);SD
Port:(744.0, 600.0)(744.0, 676.0)(736.0, 676.0)(736.0, 691.0)(569.0, 691.0)(569.0, 600.0);GATE
Port:(735.0, 610.0)(739.0, 610.0)(739.0, 661.0)(735.0, 661.0);SD
