Area:(-20.0, -20.0)(1338.0, -20.0)(1338.0, 1005.0)(-20.0, 1005.0)
Rule:GATE(5,5);SD(5,5);GATE_SD(0.5);GATE_ITO(0.5);SD_ITO(0.5)
Module:M14
Boundary:(151.0, 188.0)(151.0, 335.5)(92.3, 335.5)(92.3, 369.0)(20.0, 369.0)(20.0, 188.0);GATE
Port:(20.0, 202.5)(30.0, 202.5)(30.0, 354.5)(20.0, 354.5);SD
Port:(151.0, 188.0)(151.0, 335.5)(92.3, 335.5)(92.3, 369.0)(35.0, 369.0)(35.0, 188.0);GATE
Port:(142.0, 198.0)(146.0, 198.0)(146.0, 321.0)(142.0, 321.0);SD
Module:M9
Boundary:(754.0, 391.0)(754.0, 467.0)(746.0, 467.0)(746.0, 482.0)(563.0, 482.0)(563.0, 391.0);GATE
Port:(563.0, 405.5)(573.0, 405.5)(573.0, 467.5)(563.0, 467.5);SD
Port:(754.0, 391.0)(754.0, 467.0)(746.0, 467.0)(746.0, 482.0)(578.0, 482.0)(578.0, 391.0);GATE
Port:(745.0, 401.0)(749.0, 401.0)(749.0, 452.0)(745.0, 452.0);SD
Module:M5
Boundary:(223.0, 20.0)(352.5, 20.0)(352.5, 34.0)(368.0, 34.0)(368.0, 173.0)(223.0, 173.0);GATE
Port:(237.5, 163.0)(353.5, 163.0)(353.5, 173.0)(237.5, 173.0);SD
Port:(223.0, 20.0)(352.5, 20.0)(352.5, 34.0)(368.0, 34.0)(368.0, 158.0)(223.0, 158.0);GATE
Port:(233.0, 25.0)(338.0, 25.0)(338.0, 29.0)(233.0, 29.0);SD
Module:M11
Boundary:(1296.0, 798.0)(1296.0, 855.5)(1212.6, 855.5)(1212.6, 961.0)(1103.0, 961.0)(1103.0, 798.0);GATE
Port:(1103.0, 812.5)(1113.0, 812.5)(1113.0, 946.5)(1103.0, 946.5);SD
Port:(1296.0, 798.0)(1296.0, 855.5)(1212.6, 855.5)(1212.6, 961.0)(1118.0, 961.0)(1118.0, 798.0);GATE
Port:(1287.0, 808.0)(1291.0, 808.0)(1291.0, 841.0)(1287.0, 841.0);SD
Module:M1
Boundary:(958.0, 539.0)(1034.0, 539.0)(1034.0, 547.0)(1049.0, 547.0)(1049.0, 617.0)(958.0, 617.0);GATE
Port:(972.5, 607.0)(1034.5, 607.0)(1034.5, 617.0)(972.5, 617.0);SD
Port:(958.0, 539.0)(1034.0, 539.0)(1034.0, 547.0)(1049.0, 547.0)(1049.0, 602.0)(958.0, 602.0);GATE
Port:(968.0, 544.0)(1019.0, 544.0)(1019.0, 548.0)(968.0, 548.0);SD
Module:M43
Boundary:(300.0, 409.0)(300.0, 538.5)(234.3, 538.5)(234.3, 572.0)(153.0, 572.0)(153.0, 409.0);GATE
Port:(153.0, 423.5)(163.0, 423.5)(163.0, 557.5)(153.0, 557.5);SD
Port:(300.0, 409.0)(300.0, 538.5)(234.3, 538.5)(234.3, 572.0)(168.0, 572.0)(168.0, 409.0);GATE
Port:(291.0, 419.0)(295.0, 419.0)(295.0, 524.0)(291.0, 524.0);SD
Module:M38
Boundary:(340.0, 673.0)(433.5, 673.0)(433.5, 703.8)(485.0, 703.8)(485.0, 783.0)(340.0, 783.0);GATE
Port:(354.5, 773.0)(470.5, 773.0)(470.5, 783.0)(354.5, 783.0);SD
Port:(340.0, 673.0)(433.5, 673.0)(433.5, 703.8)(485.0, 703.8)(485.0, 768.0)(340.0, 768.0);GATE
Port:(350.0, 678.0)(419.0, 678.0)(419.0, 682.0)(350.0, 682.0);SD
Module:M40
Boundary:(109.0, 775.0)(109.0, 886.5)(71.0, 886.5)(71.0, 938.0)(30.0, 938.0)(30.0, 775.0);GATE
Port:(30.0, 789.5)(40.0, 789.5)(40.0, 923.5)(30.0, 923.5);SD
Port:(109.0, 775.0)(109.0, 886.5)(71.0, 886.5)(71.0, 938.0)(45.0, 938.0)(45.0, 775.0);GATE
Port:(100.0, 785.0)(104.0, 785.0)(104.0, 872.0)(100.0, 872.0);SD
Module:M35
Boundary:(918.0, 565.0)(918.0, 658.5)(908.0, 658.5)(908.0, 674.0)(787.0, 674.0)(787.0, 565.0);GATE
Port:(787.0, 579.5)(797.0, 579.5)(797.0, 659.5)(787.0, 659.5);SD
Port:(918.0, 565.0)(918.0, 658.5)(908.0, 658.5)(908.0, 674.0)(802.0, 674.0)(802.0, 565.0);GATE
Port:(909.0, 575.0)(913.0, 575.0)(913.0, 644.0)(909.0, 644.0);SD
Module:M32
Boundary:(287.0, 223.0)(287.0, 316.5)(253.8, 316.5)(253.8, 350.0)(201.0, 350.0)(201.0, 223.0);GATE
Port:(201.0, 237.5)(211.0, 237.5)(211.0, 335.5)(201.0, 335.5);SD
Port:(287.0, 223.0)(287.0, 316.5)(253.8, 316.5)(253.8, 350.0)(216.0, 350.0)(216.0, 223.0);GATE
Port:(278.0, 233.0)(282.0, 233.0)(282.0, 302.0)(278.0, 302.0);SD
Module:M27
Boundary:(450.0, 348.0)(523.0, 348.0)(523.0, 428.0)(450.0, 428.0);GATE
Port:(464.5, 418.0)(508.5, 418.0)(508.5, 428.0)(464.5, 428.0);SD
Port:(450.0, 348.0)(523.0, 348.0)(523.0, 413.0)(450.0, 413.0);GATE
Port:(460.0, 353.0)(513.0, 353.0)(513.0, 357.0)(460.0, 357.0);SD
Module:M24
Boundary:(1063.0, 832.0)(1063.0, 943.5)(1051.0, 943.5)(1051.0, 959.0)(995.0, 959.0)(995.0, 832.0);GATE
Port:(995.0, 846.5)(1005.0, 846.5)(1005.0, 944.5)(995.0, 944.5);SD
Port:(1063.0, 832.0)(1063.0, 943.5)(1051.0, 943.5)(1051.0, 959.0)(1010.0, 959.0)(1010.0, 832.0);GATE
Port:(1054.0, 842.0)(1058.0, 842.0)(1058.0, 929.0)(1054.0, 929.0);SD
Module:M19
Boundary:(953.0, 387.0)(1029.0, 387.0)(1029.0, 395.0)(1044.0, 395.0)(1044.0, 489.0)(953.0, 489.0);GATE
Port:(967.5, 479.0)(1029.5, 479.0)(1029.5, 489.0)(967.5, 489.0);SD
Port:(953.0, 387.0)(1029.0, 387.0)(1029.0, 395.0)(1044.0, 395.0)(1044.0, 474.0)(953.0, 474.0);GATE
Port:(963.0, 392.0)(1014.0, 392.0)(1014.0, 396.0)(963.0, 396.0);SD
Module:M6
Boundary:(337.0, 213.0)(410.0, 213.0)(410.0, 306.0)(337.0, 306.0);GATE
Port:(351.5, 296.0)(395.5, 296.0)(395.5, 306.0)(351.5, 306.0);SD
Port:(337.0, 213.0)(410.0, 213.0)(410.0, 291.0)(337.0, 291.0);GATE
Port:(347.0, 218.0)(400.0, 218.0)(400.0, 222.0)(347.0, 222.0);SD
Module:M21
Boundary:(666.0, 20.0)(666.0, 131.5)(651.0, 131.5)(651.0, 147.0)(532.0, 147.0)(532.0, 20.0);GATE
Port:(532.0, 34.5)(542.0, 34.5)(542.0, 132.5)(532.0, 132.5);SD
Port:(666.0, 20.0)(666.0, 131.5)(651.0, 131.5)(651.0, 147.0)(547.0, 147.0)(547.0, 20.0);GATE
Port:(657.0, 30.0)(661.0, 30.0)(661.0, 117.0)(657.0, 117.0);SD
Module:M2
Boundary:(1297.0, 261.0)(1297.0, 354.5)(1287.0, 354.5)(1287.0, 370.0)(1225.0, 370.0)(1225.0, 261.0);GATE
Port:(1225.0, 275.5)(1235.0, 275.5)(1235.0, 355.5)(1225.0, 355.5);SD
Port:(1297.0, 261.0)(1297.0, 354.5)(1287.0, 354.5)(1287.0, 370.0)(1240.0, 370.0)(1240.0, 261.0);GATE
Port:(1288.0, 271.0)(1292.0, 271.0)(1292.0, 340.0)(1288.0, 340.0);SD
Module:M16
Boundary:(693.0, 187.0)(693.0, 334.5)(677.0, 334.5)(677.0, 350.0)(563.0, 350.0)(563.0, 187.0);GATE
Port:(563.0, 201.5)(573.0, 201.5)(573.0, 335.5)(563.0, 335.5);SD
Port:(693.0, 187.0)(693.0, 334.5)(677.0, 334.5)(677.0, 350.0)(578.0, 350.0)(578.0, 187.0);GATE
Port:(684.0, 197.0)(688.0, 197.0)(688.0, 320.0)(684.0, 320.0);SD
Module:M13
Boundary:(20.0, 20.0)(167.5, 20.0)(167.5, 36.0)(183.0, 36.0)(183.0, 148.0)(20.0, 148.0);GATE
Port:(34.5, 138.0)(168.5, 138.0)(168.5, 148.0)(34.5, 148.0);SD
Port:(20.0, 20.0)(167.5, 20.0)(167.5, 36.0)(183.0, 36.0)(183.0, 133.0)(20.0, 133.0);GATE
Port:(30.0, 25.0)(153.0, 25.0)(153.0, 29.0)(30.0, 29.0);SD
Module:M45
Boundary:(901.0, 714.0)(901.0, 787.0)(762.0, 787.0)(762.0, 714.0);GATE
Port:(762.0, 728.5)(772.0, 728.5)(772.0, 772.5)(762.0, 772.5);SD
Port:(901.0, 714.0)(901.0, 787.0)(777.0, 787.0)(777.0, 714.0);GATE
Port:(892.0, 724.0)(896.0, 724.0)(896.0, 777.0)(892.0, 777.0);SD
Module:M10
Boundary:(20.0, 616.0)(113.5, 616.0)(113.5, 626.0)(129.0, 626.0)(129.0, 725.0)(20.0, 725.0);GATE
Port:(34.5, 715.0)(114.5, 715.0)(114.5, 725.0)(34.5, 725.0);SD
Port:(20.0, 616.0)(113.5, 616.0)(113.5, 626.0)(129.0, 626.0)(129.0, 710.0)(20.0, 710.0);GATE
Port:(30.0, 621.0)(99.0, 621.0)(99.0, 625.0)(30.0, 625.0);SD
Module:M42
Boundary:(733.0, 151.0)(880.5, 151.0)(880.5, 167.0)(896.0, 167.0)(896.0, 351.0)(733.0, 351.0);GATE
Port:(747.5, 341.0)(881.5, 341.0)(881.5, 351.0)(747.5, 351.0);SD
Port:(733.0, 151.0)(880.5, 151.0)(880.5, 167.0)(896.0, 167.0)(896.0, 336.0)(733.0, 336.0);GATE
Port:(743.0, 156.0)(866.0, 156.0)(866.0, 160.0)(743.0, 160.0);SD
Module:M37
Boundary:(955.0, 832.0)(955.0, 925.5)(945.0, 925.5)(945.0, 941.0)(880.0, 941.0)(880.0, 832.0);GATE
Port:(880.0, 846.5)(890.0, 846.5)(890.0, 926.5)(880.0, 926.5);SD
Port:(955.0, 832.0)(955.0, 925.5)(945.0, 925.5)(945.0, 941.0)(895.0, 941.0)(895.0, 832.0);GATE
Port:(946.0, 842.0)(950.0, 842.0)(950.0, 911.0)(946.0, 911.0);SD
Module:M34
Boundary:(1298.0, 595.0)(1298.0, 742.5)(1282.0, 742.5)(1282.0, 758.0)(1202.0, 758.0)(1202.0, 595.0);GATE
Port:(1202.0, 609.5)(1212.0, 609.5)(1212.0, 743.5)(1202.0, 743.5);SD
Port:(1298.0, 595.0)(1298.0, 742.5)(1282.0, 742.5)(1282.0, 758.0)(1217.0, 758.0)(1217.0, 595.0);GATE
Port:(1289.0, 605.0)(1293.0, 605.0)(1293.0, 728.0)(1289.0, 728.0);SD
Module:M29
Boundary:(340.0, 477.0)(433.5, 477.0)(433.5, 555.3)(521.0, 555.3)(521.0, 633.0)(340.0, 633.0);GATE
Port:(354.5, 623.0)(506.5, 623.0)(506.5, 633.0)(354.5, 633.0);SD
Port:(340.0, 477.0)(433.5, 477.0)(433.5, 555.3)(521.0, 555.3)(521.0, 618.0)(340.0, 618.0);GATE
Port:(350.0, 482.0)(419.0, 482.0)(419.0, 486.0)(350.0, 486.0);SD
Module:M7
Boundary:(896.0, 20.0)(896.0, 96.0)(888.0, 96.0)(888.0, 111.0)(706.0, 111.0)(706.0, 20.0);GATE
Port:(706.0, 34.5)(716.0, 34.5)(716.0, 96.5)(706.0, 96.5);SD
Port:(896.0, 20.0)(896.0, 96.0)(888.0, 96.0)(888.0, 111.0)(721.0, 111.0)(721.0, 20.0);GATE
Port:(887.0, 30.0)(891.0, 30.0)(891.0, 81.0)(887.0, 81.0);SD
Module:M31
Boundary:(936.0, 20.0)(1011.5, 20.0)(1011.5, 62.8)(1063.0, 62.8)(1063.0, 168.0)(936.0, 168.0);GATE
Port:(950.5, 158.0)(1048.5, 158.0)(1048.5, 168.0)(950.5, 168.0);SD
Port:(936.0, 20.0)(1011.5, 20.0)(1011.5, 62.8)(1063.0, 62.8)(1063.0, 153.0)(936.0, 153.0);GATE
Port:(946.0, 25.0)(997.0, 25.0)(997.0, 29.0)(946.0, 29.0);SD
Module:M3
Boundary:(1185.0, 261.0)(1185.0, 337.0)(1177.0, 337.0)(1177.0, 352.0)(1096.0, 352.0)(1096.0, 261.0);GATE
Port:(1096.0, 275.5)(1106.0, 275.5)(1106.0, 337.5)(1096.0, 337.5);SD
Port:(1185.0, 261.0)(1185.0, 337.0)(1177.0, 337.0)(1177.0, 352.0)(1111.0, 352.0)(1111.0, 261.0);GATE
Port:(1176.0, 271.0)(1180.0, 271.0)(1180.0, 322.0)(1176.0, 322.0);SD
Module:M26
Boundary:(1288.0, 30.0)(1288.0, 87.5)(1223.9, 87.5)(1223.9, 211.0)(1113.0, 211.0)(1113.0, 30.0);GATE
Port:(1113.0, 44.5)(1123.0, 44.5)(1123.0, 196.5)(1113.0, 196.5);SD
Port:(1288.0, 30.0)(1288.0, 87.5)(1223.9, 87.5)(1223.9, 211.0)(1128.0, 211.0)(1128.0, 30.0);GATE
Port:(1279.0, 40.0)(1283.0, 40.0)(1283.0, 73.0)(1279.0, 73.0);SD
Module:M23
Boundary:(1089.0, 577.0)(1162.0, 577.0)(1162.0, 748.0)(1089.0, 748.0);GATE
Port:(1103.5, 738.0)(1147.5, 738.0)(1147.5, 748.0)(1103.5, 748.0);SD
Port:(1089.0, 577.0)(1162.0, 577.0)(1162.0, 733.0)(1089.0, 733.0);GATE
Port:(1099.0, 582.0)(1152.0, 582.0)(1152.0, 586.0)(1099.0, 586.0);SD
Module:M18
Boundary:(30.0, 419.0)(103.0, 419.0)(103.0, 566.0)(30.0, 566.0);GATE
Port:(44.5, 556.0)(88.5, 556.0)(88.5, 566.0)(44.5, 566.0);SD
Port:(30.0, 419.0)(103.0, 419.0)(103.0, 551.0)(30.0, 551.0);GATE
Port:(40.0, 424.0)(93.0, 424.0)(93.0, 428.0)(40.0, 428.0);SD
Module:M20
Boundary:(958.0, 657.0)(1034.0, 657.0)(1034.0, 665.0)(1049.0, 665.0)(1049.0, 792.0)(958.0, 792.0);GATE
Port:(972.5, 782.0)(1034.5, 782.0)(1034.5, 792.0)(972.5, 792.0);SD
Port:(958.0, 657.0)(1034.0, 657.0)(1034.0, 665.0)(1049.0, 665.0)(1049.0, 777.0)(958.0, 777.0);GATE
Port:(968.0, 662.0)(1019.0, 662.0)(1019.0, 666.0)(968.0, 666.0);SD
Module:M15
Boundary:(340.0, 823.0)(416.0, 823.0)(416.0, 831.0)(431.0, 831.0)(431.0, 946.0)(340.0, 946.0);GATE
Port:(354.5, 936.0)(416.5, 936.0)(416.5, 946.0)(354.5, 946.0);SD
Port:(340.0, 823.0)(416.0, 823.0)(416.0, 831.0)(431.0, 831.0)(431.0, 931.0)(340.0, 931.0);GATE
Port:(350.0, 828.0)(401.0, 828.0)(401.0, 832.0)(350.0, 832.0);SD
Module:M12
Boundary:(410.0, 346.0)(410.0, 422.0)(402.0, 422.0)(402.0, 437.0)(340.0, 437.0)(340.0, 346.0);GATE
Port:(340.0, 360.5)(350.0, 360.5)(350.0, 422.5)(340.0, 422.5);SD
Port:(410.0, 346.0)(410.0, 422.0)(402.0, 422.0)(402.0, 437.0)(355.0, 437.0)(355.0, 346.0);GATE
Port:(401.0, 356.0)(405.0, 356.0)(405.0, 407.0)(401.0, 407.0);SD
Module:M44
Boundary:(471.0, 858.0)(600.5, 858.0)(600.5, 912.3)(706.0, 912.3)(706.0, 965.0)(471.0, 965.0);GATE
Port:(485.5, 955.0)(691.5, 955.0)(691.5, 965.0)(485.5, 965.0);SD
Port:(471.0, 858.0)(600.5, 858.0)(600.5, 912.3)(706.0, 912.3)(706.0, 950.0)(471.0, 950.0);GATE
Port:(481.0, 863.0)(586.0, 863.0)(586.0, 867.0)(481.0, 867.0);SD
Module:M39
Boundary:(1046.0, 218.0)(1046.0, 311.5)(1036.0, 311.5)(1036.0, 327.0)(946.0, 327.0)(946.0, 218.0);GATE
Port:(946.0, 232.5)(956.0, 232.5)(956.0, 312.5)(946.0, 312.5);SD
Port:(1046.0, 218.0)(1046.0, 311.5)(1036.0, 311.5)(1036.0, 327.0)(961.0, 327.0)(961.0, 218.0);GATE
Port:(1037.0, 228.0)(1041.0, 228.0)(1041.0, 297.0)(1037.0, 297.0);SD
Module:M8
Boundary:(169.0, 612.0)(280.5, 612.0)(280.5, 624.0)(296.0, 624.0)(296.0, 794.0)(169.0, 794.0);GATE
Port:(183.5, 784.0)(281.5, 784.0)(281.5, 794.0)(183.5, 794.0);SD
Port:(169.0, 612.0)(280.5, 612.0)(280.5, 624.0)(296.0, 624.0)(296.0, 779.0)(169.0, 779.0);GATE
Port:(179.0, 617.0)(266.0, 617.0)(266.0, 621.0)(179.0, 621.0);SD
Module:M41
Boundary:(300.0, 834.0)(300.0, 945.5)(288.0, 945.5)(288.0, 961.0)(159.0, 961.0)(159.0, 834.0);GATE
Port:(159.0, 848.5)(169.0, 848.5)(169.0, 946.5)(159.0, 946.5);SD
Port:(300.0, 834.0)(300.0, 945.5)(288.0, 945.5)(288.0, 961.0)(174.0, 961.0)(174.0, 834.0);GATE
Port:(291.0, 844.0)(295.0, 844.0)(295.0, 931.0)(291.0, 931.0);SD
Module:M4
Boundary:(794.0, 391.0)(887.5, 391.0)(887.5, 401.0)(903.0, 401.0)(903.0, 525.0)(794.0, 525.0);GATE
Port:(808.5, 515.0)(888.5, 515.0)(888.5, 525.0)(808.5, 525.0);SD
Port:(794.0, 391.0)(887.5, 391.0)(887.5, 401.0)(903.0, 401.0)(903.0, 510.0)(794.0, 510.0);GATE
Port:(804.0, 396.0)(873.0, 396.0)(873.0, 400.0)(804.0, 400.0);SD
Module:M36
Boundary:(840.0, 827.0)(840.0, 938.5)(828.0, 938.5)(828.0, 954.0)(762.0, 954.0)(762.0, 827.0);GATE
Port:(762.0, 841.5)(772.0, 841.5)(772.0, 939.5)(762.0, 939.5);SD
Port:(840.0, 827.0)(840.0, 938.5)(828.0, 938.5)(828.0, 954.0)(777.0, 954.0)(777.0, 827.0);GATE
Port:(831.0, 837.0)(835.0, 837.0)(835.0, 924.0)(831.0, 924.0);SD
Module:M33
Boundary:(1184.0, 392.0)(1184.0, 521.5)(1170.0, 521.5)(1170.0, 537.0)(1094.0, 537.0)(1094.0, 392.0);GATE
Port:(1094.0, 406.5)(1104.0, 406.5)(1104.0, 522.5)(1094.0, 522.5);SD
Port:(1184.0, 392.0)(1184.0, 521.5)(1170.0, 521.5)(1170.0, 537.0)(1109.0, 537.0)(1109.0, 392.0);GATE
Port:(1175.0, 402.0)(1179.0, 402.0)(1179.0, 507.0)(1175.0, 507.0);SD
Module:M28
Boundary:(1225.0, 410.0)(1298.0, 410.0)(1298.0, 555.0)(1225.0, 555.0);GATE
Port:(1239.5, 545.0)(1283.5, 545.0)(1283.5, 555.0)(1239.5, 555.0);SD
Port:(1225.0, 410.0)(1298.0, 410.0)(1298.0, 540.0)(1225.0, 540.0);GATE
Port:(1235.0, 415.0)(1288.0, 415.0)(1288.0, 419.0)(1235.0, 419.0);SD
Module:M30
Boundary:(492.0, 20.0)(492.0, 131.5)(479.0, 131.5)(479.0, 147.0)(408.0, 147.0)(408.0, 20.0);GATE
Port:(408.0, 34.5)(418.0, 34.5)(418.0, 132.5)(408.0, 132.5);SD
Port:(492.0, 20.0)(492.0, 131.5)(479.0, 131.5)(479.0, 147.0)(423.0, 147.0)(423.0, 20.0);GATE
Port:(483.0, 30.0)(487.0, 30.0)(487.0, 117.0)(483.0, 117.0);SD
Module:M25
Boundary:(747.0, 522.0)(747.0, 651.5)(733.0, 651.5)(733.0, 667.0)(563.0, 667.0)(563.0, 522.0);GATE
Port:(563.0, 536.5)(573.0, 536.5)(573.0, 652.5)(563.0, 652.5);SD
Port:(747.0, 522.0)(747.0, 651.5)(733.0, 651.5)(733.0, 667.0)(578.0, 667.0)(578.0, 522.0);GATE
Port:(738.0, 532.0)(742.0, 532.0)(742.0, 637.0)(738.0, 637.0);SD
Module:M22
Boundary:(450.0, 187.0)(523.0, 187.0)(523.0, 308.0)(450.0, 308.0);GATE
Port:(464.5, 298.0)(508.5, 298.0)(508.5, 308.0)(464.5, 308.0);SD
Port:(450.0, 187.0)(523.0, 187.0)(523.0, 293.0)(450.0, 293.0);GATE
Port:(460.0, 192.0)(513.0, 192.0)(513.0, 196.0)(460.0, 196.0);SD
Module:M17
Boundary:(712.0, 717.0)(712.0, 793.0)(704.0, 793.0)(704.0, 808.0)(535.0, 808.0)(535.0, 717.0);GATE
Port:(535.0, 731.5)(545.0, 731.5)(545.0, 793.5)(535.0, 793.5);SD
Port:(712.0, 717.0)(712.0, 793.0)(704.0, 793.0)(704.0, 808.0)(550.0, 808.0)(550.0, 717.0);GATE
Port:(703.0, 727.0)(707.0, 727.0)(707.0, 778.0)(703.0, 778.0);SD
