Area:(-19.1, -5.6)(681.4, -5.6)(681.4, 999.7)(-19.1, 999.7)
Rule:GATE(5,5);SD(5,5);GATE_SD(0.5);GATE_ITO(0.5);SD_ITO(0.5)
Module:M16
Boundary:(20.9, 34.4)(168.4, 34.4)(168.4, 62.4)(201.9, 62.4)(201.9, 101.4)(20.9, 101.4);GATE
Port:(35.4, 91.4)(187.4, 91.4)(187.4, 101.4)(35.4, 101.4);SD
Port:(20.9, 34.4)(168.4, 34.4)(168.4, 62.4)(201.9, 62.4)(201.9, 86.4)(20.9, 86.4);GATE
Port:(30.9, 39.4)(153.9, 39.4)(153.9, 43.4)(30.9, 43.4);SD
Module:M9
Boundary:(312.0, 44.3)(312.0, 117.3)(241.0, 117.3)(241.0, 44.3);GATE
Port:(241.0, 58.8)(251.0, 58.8)(251.0, 102.8)(241.0, 102.8);SD
Port:(312.0, 44.3)(312.0, 117.3)(256.0, 117.3)(256.0, 44.3);GATE
Port:(303.0, 54.3)(307.0, 54.3)(307.0, 107.3)(303.0, 107.3);SD
Module:M20
Boundary:(637.0, 64.6)(637.0, 158.1)(627.0, 158.1)(627.0, 173.6)(566.0, 173.6)(566.0, 64.6);GATE
Port:(566.0, 79.1)(576.0, 79.1)(576.0, 159.1)(566.0, 159.1);SD
Port:(637.0, 64.6)(637.0, 158.1)(627.0, 158.1)(627.0, 173.6)(581.0, 173.6)(581.0, 64.6);GATE
Port:(628.0, 74.6)(632.0, 74.6)(632.0, 143.6)(628.0, 143.6);SD
Module:M3
Boundary:(349.0, 199.2)(349.0, 51.6)(365.0, 51.6)(365.0, 36.1)(523.0, 36.1)(523.0, 199.2);GATE
Port:(513.0, 50.6)(523.0, 50.6)(523.0, 184.7)(513.0, 184.7);SD
Port:(349.0, 199.2)(349.0, 51.6)(365.0, 51.6)(365.0, 36.1)(508.0, 36.1)(508.0, 199.2);GATE
Port:(354.0, 66.2)(358.0, 66.2)(358.0, 189.2)(354.0, 189.2);SD
Module:M17
Boundary:(40.2, 155.9)(40.2, 267.4)(52.2, 267.4)(52.2, 282.9)(144.2, 282.9)(144.2, 155.9);GATE
Port:(134.2, 170.4)(144.2, 170.4)(144.2, 268.4)(134.2, 268.4);SD
Port:(40.2, 155.9)(40.2, 267.4)(52.2, 267.4)(52.2, 282.9)(129.2, 282.9)(129.2, 155.9);GATE
Port:(45.2, 165.9)(49.2, 165.9)(49.2, 252.9)(45.2, 252.9);SD
Module:M7
Boundary:(164.0, 151.8)(293.5, 151.8)(293.5, 165.8)(309.0, 165.8)(309.0, 301.8)(164.0, 301.8);GATE
Port:(178.5, 291.8)(294.5, 291.8)(294.5, 301.8)(178.5, 301.8);SD
Port:(164.0, 151.8)(293.5, 151.8)(293.5, 165.8)(309.0, 165.8)(309.0, 286.8)(164.0, 286.8);GATE
Port:(174.0, 156.8)(279.0, 156.8)(279.0, 160.8)(174.0, 160.8);SD
Module:M14
Boundary:(529.2, 356.8)(529.2, 263.3)(519.2, 263.3)(519.2, 247.8)(348.2, 247.8)(348.2, 356.8);GATE
Port:(348.2, 262.3)(358.2, 262.3)(358.2, 342.3)(348.2, 342.3);SD
Port:(529.2, 356.8)(529.2, 263.3)(519.2, 263.3)(519.2, 247.8)(363.2, 247.8)(363.2, 356.8);GATE
Port:(520.2, 277.8)(524.2, 277.8)(524.2, 346.8)(520.2, 346.8);SD
Module:M15
Boundary:(568.4, 342.8)(641.4, 342.8)(641.4, 175.8)(568.4, 175.8);GATE
Port:(582.9, 175.8)(626.9, 175.8)(626.9, 185.8)(582.9, 185.8);SD
Port:(568.4, 342.8)(641.4, 342.8)(641.4, 190.8)(568.4, 190.8);GATE
Port:(578.4, 333.8)(631.4, 333.8)(631.4, 337.8)(578.4, 337.8);SD
Module:M19
Boundary:(151.0, 444.8)(262.5, 444.8)(262.5, 402.1)(296.0, 402.1)(296.0, 341.8)(151.0, 341.8);GATE
Port:(165.5, 341.8)(281.5, 341.8)(281.5, 351.8)(165.5, 351.8);SD
Port:(151.0, 444.8)(262.5, 444.8)(262.5, 402.1)(296.0, 402.1)(296.0, 356.8)(151.0, 356.8);GATE
Port:(161.0, 435.8)(248.0, 435.8)(248.0, 439.8)(161.0, 439.8);SD
Module:M18
Boundary:(52.3, 294.0)(128.3, 294.0)(128.3, 302.0)(143.3, 302.0)(143.3, 452.0)(52.3, 452.0);GATE
Port:(66.8, 442.0)(128.8, 442.0)(128.8, 452.0)(66.8, 452.0);SD
Port:(52.3, 294.0)(128.3, 294.0)(128.3, 302.0)(143.3, 302.0)(143.3, 437.0)(52.3, 437.0);GATE
Port:(62.3, 299.0)(113.3, 299.0)(113.3, 303.0)(62.3, 303.0);SD
Module:M6
Boundary:(417.0, 378.1)(417.0, 525.6)(396.0, 525.6)(396.0, 541.1)(342.0, 541.1)(342.0, 378.1);GATE
Port:(342.0, 392.6)(352.0, 392.6)(352.0, 526.6)(342.0, 526.6);SD
Port:(417.0, 378.1)(417.0, 525.6)(396.0, 525.6)(396.0, 541.1)(357.0, 541.1)(357.0, 378.1);GATE
Port:(408.0, 388.1)(412.0, 388.1)(412.0, 511.1)(408.0, 511.1);SD
Module:M12
Boundary:(625.0, 369.5)(625.0, 517.0)(607.0, 517.0)(607.0, 532.5)(457.0, 532.5)(457.0, 369.5);GATE
Port:(457.0, 384.0)(467.0, 384.0)(467.0, 518.0)(457.0, 518.0);SD
Port:(625.0, 369.5)(625.0, 517.0)(607.0, 517.0)(607.0, 532.5)(472.0, 532.5)(472.0, 369.5);GATE
Port:(616.0, 379.5)(620.0, 379.5)(620.0, 502.5)(616.0, 502.5);SD
Module:M8
Boundary:(26.5, 555.3)(174.0, 555.3)(174.0, 539.3)(189.5, 539.3)(189.5, 483.3)(26.5, 483.3);GATE
Port:(41.0, 483.3)(175.0, 483.3)(175.0, 493.3)(41.0, 493.3);SD
Port:(26.5, 555.3)(174.0, 555.3)(174.0, 539.3)(189.5, 539.3)(189.5, 498.3)(26.5, 498.3);GATE
Port:(36.5, 546.3)(159.5, 546.3)(159.5, 550.3)(36.5, 550.3);SD
Module:M1
Boundary:(230.3, 462.5)(303.3, 462.5)(303.3, 569.5)(230.3, 569.5);GATE
Port:(244.8, 559.5)(288.8, 559.5)(288.8, 569.5)(244.8, 569.5);SD
Port:(230.3, 462.5)(303.3, 462.5)(303.3, 554.5)(230.3, 554.5);GATE
Port:(240.3, 467.5)(293.3, 467.5)(293.3, 471.5)(240.3, 471.5);SD
Module:M2
Boundary:(229.0, 743.0)(376.5, 743.0)(376.5, 727.0)(392.0, 727.0)(392.0, 593.0)(229.0, 593.0);GATE
Port:(243.5, 593.0)(377.5, 593.0)(377.5, 603.0)(243.5, 603.0);SD
Port:(229.0, 743.0)(376.5, 743.0)(376.5, 727.0)(392.0, 727.0)(392.0, 608.0)(229.0, 608.0);GATE
Port:(239.0, 734.0)(362.0, 734.0)(362.0, 738.0)(239.0, 738.0);SD
Module:M5
Boundary:(207.6, 559.8)(207.6, 707.3)(191.6, 707.3)(191.6, 722.8)(38.6, 722.8)(38.6, 559.8);GATE
Port:(38.6, 574.3)(48.6, 574.3)(48.6, 708.3)(38.6, 708.3);SD
Port:(207.6, 559.8)(207.6, 707.3)(191.6, 707.3)(191.6, 722.8)(53.6, 722.8)(53.6, 559.8);GATE
Port:(198.6, 569.8)(202.6, 569.8)(202.6, 692.8)(198.6, 692.8);SD
Module:M4
Boundary:(429.8, 768.0)(487.3, 768.0)(487.3, 663.3)(628.8, 663.3)(628.8, 573.0)(429.8, 573.0);GATE
Port:(444.3, 573.0)(614.3, 573.0)(614.3, 583.0)(444.3, 583.0);SD
Port:(429.8, 768.0)(487.3, 768.0)(487.3, 663.3)(628.8, 663.3)(628.8, 588.0)(429.8, 588.0);GATE
Port:(439.8, 759.0)(472.8, 759.0)(472.8, 763.0)(439.8, 763.0);SD
Module:M10
Boundary:(336.1, 762.8)(429.6, 762.8)(429.6, 772.8)(445.1, 772.8)(445.1, 921.8)(336.1, 921.8);GATE
Port:(350.6, 911.8)(430.6, 911.8)(430.6, 921.8)(350.6, 921.8);SD
Port:(336.1, 762.8)(429.6, 762.8)(429.6, 772.8)(445.1, 772.8)(445.1, 906.8)(336.1, 906.8);GATE
Port:(346.1, 767.8)(415.1, 767.8)(415.1, 771.8)(346.1, 771.8);SD
Module:M11
Boundary:(452.9, 959.7)(582.4, 959.7)(582.4, 945.7)(597.9, 945.7)(597.9, 785.7)(452.9, 785.7);GATE
Port:(467.4, 785.7)(583.4, 785.7)(583.4, 795.7)(467.4, 795.7);SD
Port:(452.9, 959.7)(582.4, 959.7)(582.4, 945.7)(597.9, 945.7)(597.9, 800.7)(452.9, 800.7);GATE
Port:(462.9, 950.7)(567.9, 950.7)(567.9, 954.7)(462.9, 954.7);SD
Module:M13
Boundary:(323.1, 774.8)(211.6, 774.8)(211.6, 914.9)(34.1, 914.9)(34.1, 958.8)(323.1, 958.8);GATE
Port:(48.6, 948.8)(308.6, 948.8)(308.6, 958.8)(48.6, 958.8);SD
Port:(323.1, 774.8)(211.6, 774.8)(211.6, 914.9)(34.1, 914.9)(34.1, 943.8)(323.1, 943.8);GATE
Port:(226.1, 779.8)(313.1, 779.8)(313.1, 783.8)(226.1, 783.8);SD
