Area:(-20.0, -20.0)(999.3, -20.0)(999.3, 513.0)(-20.0, 513.0)
Rule:GATE(5,5);SD(5,5);GATE_SD(0.5);GATE_ITO(0.5);SD_ITO(0.5)
Module:M14
Boundary:(20.0, 356.1)(108.6, 356.1)(108.6, 356.3)(123.0, 356.3)(123.0, 428.3)(20.0, 428.3);GATE
Port:(32.0, 424.2)(111.0, 424.2)(111.0, 428.3)(32.0, 428.3);SD
Port:(20.0, 356.1)(108.6, 356.1)(108.6, 356.3)(123.0, 356.3)(123.0, 422.3)(20.0, 422.3);GATE
Port:(26.1, 361.2)(102.5, 361.2)(102.5, 366.4)(26.1, 366.4);SD
Module:M9
Boundary:(955.2, 20.0)(955.2, 105.7)(763.7, 105.7)(763.7, 20.0);GATE
Port:(763.7, 32.8)(768.8, 32.8)(768.8, 92.9)(763.7, 92.9);SD
Port:(955.2, 20.0)(955.2, 105.7)(771.4, 105.7)(771.4, 20.0);GATE
Port:(945.3, 26.1)(950.1, 26.1)(950.1, 99.6)(945.3, 99.6);SD
Module:M5
Boundary:(132.9, 20.0)(204.5, 20.0)(204.5, 172.3)(132.9, 172.3);GATE
Port:(147.4, 166.8)(190.0, 166.8)(190.0, 172.3)(147.4, 172.3);SD
Port:(132.9, 20.0)(204.5, 20.0)(204.5, 165.3)(132.9, 165.3);GATE
Port:(139.5, 25.6)(197.9, 25.6)(197.9, 31.3)(139.5, 31.3);SD
Module:M11
Boundary:(607.4, 269.7)(607.4, 343.2)(430.1, 343.2)(430.1, 269.7);GATE
Port:(430.1, 282.1)(435.0, 282.1)(435.0, 330.8)(430.1, 330.8);SD
Port:(607.4, 269.7)(607.4, 343.2)(436.8, 343.2)(436.8, 269.7);GATE
Port:(597.0, 276.0)(602.1, 276.0)(602.1, 336.9)(597.0, 336.9);SD
Module:M1
Boundary:(651.7, 20.0)(706.3, 20.0)(706.3, 20.1)(723.7, 20.1)(723.7, 139.3)(651.7, 139.3);GATE
Port:(666.5, 133.5)(708.9, 133.5)(708.9, 139.3)(666.5, 139.3);SD
Port:(651.7, 20.0)(706.3, 20.0)(706.3, 20.1)(723.7, 20.1)(723.7, 132.4)(651.7, 132.4);GATE
Port:(658.2, 25.5)(699.8, 25.5)(699.8, 32.3)(658.2, 32.3);SD
Module:M19
Boundary:(850.6, 179.3)(850.6, 273.6)(850.5, 273.6)(850.5, 289.3)(647.4, 289.3)(647.4, 179.3);GATE
Port:(647.4, 191.7)(652.6, 191.7)(652.6, 276.9)(647.4, 276.9);SD
Port:(850.6, 179.3)(850.6, 273.6)(850.5, 273.6)(850.5, 289.3)(654.6, 289.3)(654.6, 179.3);GATE
Port:(841.1, 184.9)(846.0, 184.9)(846.0, 268.0)(841.1, 268.0);SD
Module:M6
Boundary:(611.7, 20.0)(611.7, 98.7)(559.2, 98.7)(559.2, 113.0)(410.1, 113.0)(410.1, 20.0);GATE
Port:(410.1, 32.2)(415.6, 32.2)(415.6, 100.8)(410.1, 100.8);SD
Port:(611.7, 20.0)(611.7, 98.7)(559.2, 98.7)(559.2, 113.0)(418.0, 113.0)(418.0, 20.0);GATE
Port:(601.4, 26.0)(606.7, 26.0)(606.7, 91.7)(601.4, 91.7);SD
Module:M2
Boundary:(890.6, 145.7)(943.6, 145.7)(943.6, 200.2)(959.3, 200.2)(959.3, 246.6)(890.6, 246.6);GATE
Port:(903.5, 241.4)(946.4, 241.4)(946.4, 246.6)(903.5, 246.6);SD
Port:(890.6, 145.7)(943.6, 145.7)(943.6, 200.2)(959.3, 200.2)(959.3, 239.0)(890.6, 239.0);GATE
Port:(895.9, 150.0)(936.3, 150.0)(936.3, 155.2)(895.9, 155.2);SD
Module:M16
Boundary:(802.9, 329.3)(850.5, 329.3)(850.5, 398.9)(863.7, 398.9)(863.7, 472.2)(802.9, 472.2);GATE
Port:(816.0, 466.8)(850.6, 466.8)(850.6, 472.2)(816.0, 472.2);SD
Port:(802.9, 329.3)(850.5, 329.3)(850.5, 398.9)(863.7, 398.9)(863.7, 464.7)(802.9, 464.7);GATE
Port:(808.0, 333.4)(844.4, 333.4)(844.4, 340.6)(808.0, 340.6);SD
Module:M13
Boundary:(369.0, 383.8)(369.0, 472.8)(163.0, 472.8)(163.0, 383.8);GATE
Port:(163.0, 397.0)(168.2, 397.0)(168.2, 459.6)(163.0, 459.6);SD
Port:(369.0, 383.8)(369.0, 472.8)(169.5, 472.8)(169.5, 383.8);GATE
Port:(359.0, 388.9)(364.9, 388.9)(364.9, 467.7)(359.0, 467.7);SD
Module:M10
Boundary:(20.0, 20.0)(75.8, 20.0)(75.8, 91.4)(92.9, 91.4)(92.9, 188.0)(20.0, 188.0);GATE
Port:(34.6, 182.5)(78.3, 182.5)(78.3, 188.0)(34.6, 188.0);SD
Port:(20.0, 20.0)(75.8, 20.0)(75.8, 91.4)(92.9, 91.4)(92.9, 180.2)(20.0, 180.2);GATE
Port:(26.8, 25.8)(68.0, 25.8)(68.0, 31.1)(26.8, 31.1);SD
Module:M7
Boundary:(903.7, 286.6)(940.2, 286.6)(940.2, 286.7)(957.3, 286.7)(957.3, 467.7)(903.7, 467.7);GATE
Port:(918.5, 463.2)(942.5, 463.2)(942.5, 467.7)(918.5, 467.7);SD
Port:(903.7, 286.6)(940.2, 286.6)(940.2, 286.7)(957.3, 286.7)(957.3, 460.3)(903.7, 460.3);GATE
Port:(909.5, 291.4)(934.4, 291.4)(934.4, 298.6)(909.5, 298.6);SD
Module:M3
Boundary:(602.2, 153.0)(602.2, 214.6)(602.2, 214.6)(602.2, 229.7)(410.1, 229.7)(410.1, 153.0);GATE
Port:(410.1, 165.3)(414.7, 165.3)(414.7, 217.4)(410.1, 217.4);SD
Port:(602.2, 153.0)(602.2, 214.6)(602.2, 214.6)(602.2, 229.7)(416.2, 229.7)(416.2, 153.0);GATE
Port:(591.7, 158.2)(598.0, 158.2)(598.0, 209.4)(591.7, 209.4);SD
Module:M18
Boundary:(182.0, 228.0)(182.0, 302.4)(98.4, 302.4)(98.4, 316.1)(20.0, 316.1)(20.0, 228.0);GATE
Port:(20.0, 238.9)(25.8, 238.9)(25.8, 305.2)(20.0, 305.2);SD
Port:(182.0, 228.0)(182.0, 302.4)(98.4, 302.4)(98.4, 316.1)(27.3, 316.1)(27.3, 228.0);GATE
Port:(173.0, 233.2)(177.8, 233.2)(177.8, 296.2)(173.0, 296.2);SD
Module:M20
Boundary:(597.8, 383.8)(597.8, 456.0)(532.0, 456.0)(532.0, 473.0)(409.0, 473.0)(409.0, 383.8);GATE
Port:(409.0, 398.1)(414.8, 398.1)(414.8, 458.7)(409.0, 458.7);SD
Port:(597.8, 383.8)(597.8, 456.0)(532.0, 456.0)(532.0, 473.0)(417.7, 473.0)(417.7, 383.8);GATE
Port:(586.8, 388.8)(593.8, 388.8)(593.8, 450.0)(586.8, 450.0);SD
Module:M15
Boundary:(756.8, 419.8)(756.8, 453.9)(756.6, 453.9)(756.6, 470.4)(637.8, 470.4)(637.8, 419.8);GATE
Port:(637.8, 433.5)(643.3, 433.5)(643.3, 456.7)(637.8, 456.7);SD
Port:(756.8, 419.8)(756.8, 453.9)(756.6, 453.9)(756.6, 470.4)(646.2, 470.4)(646.2, 419.8);GATE
Port:(746.4, 425.6)(752.0, 425.6)(752.0, 448.1)(746.4, 448.1);SD
Module:M12
Boundary:(370.1, 20.0)(370.1, 66.8)(309.5, 66.8)(309.5, 80.3)(244.5, 80.3)(244.5, 20.0);GATE
Port:(244.5, 32.6)(249.7, 32.6)(249.7, 67.7)(244.5, 67.7);SD
Port:(370.1, 20.0)(370.1, 66.8)(309.5, 66.8)(309.5, 80.3)(252.1, 80.3)(252.1, 20.0);GATE
Port:(360.1, 26.0)(365.1, 26.0)(365.1, 59.8)(360.1, 59.8);SD
Module:M8
Boundary:(365.2, 120.3)(365.2, 213.4)(346.2, 213.4)(346.2, 230.7)(244.5, 230.7)(244.5, 120.3);GATE
Port:(244.5, 135.6)(249.1, 135.6)(249.1, 215.4)(244.5, 215.4);SD
Port:(365.2, 120.3)(365.2, 213.4)(346.2, 213.4)(346.2, 230.7)(251.0, 230.7)(251.0, 120.3);GATE
Port:(353.4, 126.8)(359.7, 126.8)(359.7, 205.9)(353.4, 205.9);SD
Module:M4
Boundary:(390.1, 270.7)(390.1, 329.4)(390.0, 329.4)(390.0, 343.8)(222.0, 343.8)(222.0, 270.7);GATE
Port:(222.0, 282.6)(227.5, 282.6)(227.5, 331.9)(222.0, 331.9);SD
Port:(390.1, 270.7)(390.1, 329.4)(390.0, 329.4)(390.0, 343.8)(230.2, 343.8)(230.2, 270.7);GATE
Port:(380.6, 276.3)(385.5, 276.3)(385.5, 323.8)(380.6, 323.8);SD
Module:M17
Boundary:(762.9, 329.3)(762.9, 363.7)(762.8, 363.7)(762.8, 379.8)(647.4, 379.8)(647.4, 329.3);GATE
Port:(647.4, 343.4)(652.3, 343.4)(652.3, 365.7)(647.4, 365.7);SD
Port:(762.9, 329.3)(762.9, 363.7)(762.8, 363.7)(762.8, 379.8)(653.7, 379.8)(653.7, 329.3);GATE
Port:(751.4, 334.6)(758.6, 334.6)(758.6, 358.4)(751.4, 358.4);SD
