Area:(-20.0, -20.0)(665.4, -20.0)(665.4, 1938.0)(-20.0, 1938.0)
Rule:GATE(5,5);SD(5,5);GATE_SD(0.5);GATE_ITO(0.5);SD_ITO(0.5)
Module:M49
Boundary:(155.5, 1805.0)(155.5, 1891.7)(20.0, 1891.7)(20.0, 1805.0);GATE
Port:(20.0, 1819.1)(25.5, 1819.1)(25.5, 1877.6)(20.0, 1877.6);SD
Port:(155.5, 1805.0)(155.5, 1891.7)(28.4, 1891.7)(28.4, 1805.0);GATE
Port:(144.4, 1811.2)(150.3, 1811.2)(150.3, 1885.5)(144.4, 1885.5);SD
Module:M14
Boundary:(512.0, 1690.7)(610.5, 1690.7)(610.5, 1799.4)(625.4, 1799.4)(625.4, 1896.0)(512.0, 1896.0);GATE
Port:(525.5, 1891.5)(611.9, 1891.5)(611.9, 1896.0)(525.5, 1896.0);SD
Port:(512.0, 1690.7)(610.5, 1690.7)(610.5, 1799.4)(625.4, 1799.4)(625.4, 1890.3)(512.0, 1890.3);GATE
Port:(518.5, 1696.2)(603.0, 1696.2)(603.0, 1701.9)(518.5, 1701.9);SD
Module:M9
Boundary:(473.7, 1555.2)(473.7, 1625.9)(328.3, 1625.9)(328.3, 1555.2);GATE
Port:(328.3, 1566.6)(332.8, 1566.6)(332.8, 1614.5)(328.3, 1614.5);SD
Port:(473.7, 1555.2)(473.7, 1625.9)(335.2, 1625.9)(335.2, 1555.2);GATE
Port:(464.0, 1560.6)(469.3, 1560.6)(469.3, 1620.5)(464.0, 1620.5);SD
Module:M5
Boundary:(280.8, 941.3)(352.8, 941.3)(352.8, 941.4)(371.1, 941.4)(371.1, 1127.5)(280.8, 1127.5);GATE
Port:(294.7, 1123.2)(357.2, 1123.2)(357.2, 1127.5)(294.7, 1127.5);SD
Port:(280.8, 941.3)(352.8, 941.3)(352.8, 941.4)(371.1, 941.4)(371.1, 1120.3)(280.8, 1120.3);GATE
Port:(286.5, 946.0)(347.1, 946.0)(347.1, 951.8)(286.5, 951.8);SD
Module:M46
Boundary:(371.7, 1175.3)(371.7, 1268.8)(322.3, 1268.8)(322.3, 1282.9)(181.0, 1282.9)(181.0, 1175.3);GATE
Port:(181.0, 1187.5)(185.3, 1187.5)(185.3, 1270.7)(181.0, 1270.7);SD
Port:(371.7, 1175.3)(371.7, 1268.8)(322.3, 1268.8)(322.3, 1282.9)(187.4, 1282.9)(187.4, 1175.3);GATE
Port:(361.4, 1181.6)(366.4, 1181.6)(366.4, 1261.5)(361.4, 1261.5);SD
Module:M11
Boundary:(437.8, 1263.0)(502.7, 1263.0)(502.7, 1263.4)(519.2, 1263.4)(519.2, 1373.0)(437.8, 1373.0);GATE
Port:(450.3, 1368.1)(506.7, 1368.1)(506.7, 1373.0)(450.3, 1373.0);SD
Port:(437.8, 1263.0)(502.7, 1263.0)(502.7, 1263.4)(519.2, 1263.4)(519.2, 1366.9)(437.8, 1366.9);GATE
Port:(443.5, 1267.7)(497.0, 1267.7)(497.0, 1272.3)(443.5, 1272.3);SD
Module:M1
Boundary:(511.9, 1137.9)(511.9, 1209.5)(511.7, 1209.5)(511.7, 1223.0)(411.7, 1223.0)(411.7, 1137.9);GATE
Port:(411.7, 1150.1)(416.4, 1150.1)(416.4, 1210.8)(411.7, 1210.8);SD
Port:(511.9, 1137.9)(511.9, 1209.5)(511.7, 1209.5)(511.7, 1223.0)(418.3, 1223.0)(418.3, 1137.9);GATE
Port:(501.2, 1143.4)(507.4, 1143.4)(507.4, 1204.0)(501.2, 1204.0);SD
Module:M43
Boundary:(20.0, 629.3)(110.5, 629.3)(110.5, 629.8)(125.2, 629.8)(125.2, 724.9)(20.0, 724.9);GATE
Port:(32.3, 719.2)(112.9, 719.2)(112.9, 724.9)(32.3, 724.9);SD
Port:(20.0, 629.3)(110.5, 629.3)(110.5, 629.8)(125.2, 629.8)(125.2, 717.5)(20.0, 717.5);GATE
Port:(26.2, 634.5)(104.3, 634.5)(104.3, 639.4)(26.2, 639.4);SD
Module:M38
Boundary:(145.2, 1472.9)(145.2, 1574.9)(100.6, 1574.9)(100.6, 1590.9)(30.0, 1590.9)(30.0, 1472.9);GATE
Port:(30.0, 1485.8)(35.7, 1485.8)(35.7, 1578.0)(30.0, 1578.0);SD
Port:(145.2, 1472.9)(145.2, 1574.9)(100.6, 1574.9)(100.6, 1590.9)(38.6, 1590.9)(38.6, 1472.9);GATE
Port:(135.7, 1478.7)(140.4, 1478.7)(140.4, 1568.1)(135.7, 1568.1);SD
Module:M40
Boundary:(20.0, 764.9)(85.7, 764.9)(85.7, 898.4)(99.2, 898.4)(99.2, 982.3)(20.0, 982.3);GATE
Port:(34.5, 976.6)(84.7, 976.6)(84.7, 982.3)(34.5, 982.3);SD
Port:(20.0, 764.9)(85.7, 764.9)(85.7, 898.4)(99.2, 898.4)(99.2, 974.1)(20.0, 974.1);GATE
Port:(26.8, 770.7)(77.9, 770.7)(77.9, 777.5)(26.8, 777.5);SD
Module:M35
Boundary:(288.2, 390.1)(288.2, 424.1)(288.1, 424.1)(288.1, 438.9)(160.8, 438.9)(160.8, 390.1);GATE
Port:(160.8, 404.0)(165.9, 404.0)(165.9, 425.0)(160.8, 425.0);SD
Port:(288.2, 390.1)(288.2, 424.1)(288.1, 424.1)(288.1, 438.9)(168.4, 438.9)(168.4, 390.1);GATE
Port:(276.3, 395.7)(283.6, 395.7)(283.6, 418.5)(276.3, 418.5);SD
Module:M32
Boundary:(30.0, 148.5)(82.4, 148.5)(82.4, 195.2)(98.0, 195.2)(98.0, 264.9)(30.0, 264.9);GATE
Port:(43.5, 260.1)(84.5, 260.1)(84.5, 264.9)(43.5, 264.9);SD
Port:(30.0, 148.5)(82.4, 148.5)(82.4, 195.2)(98.0, 195.2)(98.0, 258.2)(30.0, 258.2);GATE
Port:(36.4, 153.9)(75.0, 153.9)(75.0, 159.2)(36.4, 159.2);SD
Module:M27
Boundary:(145.8, 1344.6)(145.8, 1407.5)(145.7, 1407.5)(145.7, 1422.9)(20.0, 1422.9)(20.0, 1344.6);GATE
Port:(20.0, 1357.5)(25.0, 1357.5)(25.0, 1410.0)(20.0, 1410.0);SD
Port:(145.8, 1344.6)(145.8, 1407.5)(145.7, 1407.5)(145.7, 1422.9)(26.8, 1422.9)(26.8, 1344.6);GATE
Port:(135.9, 1350.4)(141.0, 1350.4)(141.0, 1401.7)(135.9, 1401.7);SD
Module:M24
Boundary:(162.1, 30.0)(216.0, 30.0)(216.0, 45.3)(231.8, 45.3)(231.8, 205.8)(162.1, 205.8);GATE
Port:(176.2, 201.6)(217.7, 201.6)(217.7, 205.8)(176.2, 205.8);SD
Port:(162.1, 30.0)(216.0, 30.0)(216.0, 45.3)(231.8, 45.3)(231.8, 199.7)(162.1, 199.7);GATE
Port:(168.8, 35.7)(208.3, 35.7)(208.3, 42.0)(168.8, 42.0);SD
Module:M19
Boundary:(559.2, 1209.2)(619.5, 1209.2)(619.5, 1408.4)(559.2, 1408.4);GATE
Port:(570.6, 1403.6)(608.1, 1403.6)(608.1, 1408.4)(570.6, 1408.4);SD
Port:(559.2, 1209.2)(619.5, 1209.2)(619.5, 1401.8)(559.2, 1401.8);GATE
Port:(565.0, 1214.0)(613.7, 1214.0)(613.7, 1218.8)(565.0, 1218.8);SD
Module:M6
Boundary:(508.5, 512.7)(607.3, 512.7)(607.3, 632.1)(622.2, 632.1)(622.2, 737.1)(508.5, 737.1);GATE
Port:(522.5, 731.4)(608.2, 731.4)(608.2, 737.1)(522.5, 737.1);SD
Port:(508.5, 512.7)(607.3, 512.7)(607.3, 632.1)(622.2, 632.1)(622.2, 729.3)(508.5, 729.3);GATE
Port:(514.9, 518.1)(599.9, 518.1)(599.9, 524.0)(514.9, 524.0);SD
Module:M21
Boundary:(332.1, 1322.9)(397.8, 1322.9)(397.8, 1515.2)(332.1, 1515.2);GATE
Port:(345.6, 1509.6)(384.3, 1509.6)(384.3, 1515.2)(345.6, 1515.2);SD
Port:(332.1, 1322.9)(397.8, 1322.9)(397.8, 1507.0)(332.1, 1507.0);GATE
Port:(337.8, 1327.6)(392.1, 1327.6)(392.1, 1333.7)(337.8, 1333.7);SD
Module:M2
Boundary:(129.4, 535.5)(129.4, 577.8)(112.0, 577.8)(112.0, 589.3)(20.0, 589.3)(20.0, 535.5);GATE
Port:(20.0, 546.8)(25.3, 546.8)(25.3, 578.0)(20.0, 578.0);SD
Port:(129.4, 535.5)(129.4, 577.8)(112.0, 577.8)(112.0, 589.3)(26.4, 589.3)(26.4, 535.5);GATE
Port:(119.7, 541.4)(124.5, 541.4)(124.5, 570.9)(119.7, 570.9);SD
Module:M16
Boundary:(461.0, 296.2)(461.0, 377.2)(451.6, 377.2)(451.6, 392.1)(345.3, 392.1)(345.3, 296.2);GATE
Port:(345.3, 308.5)(350.6, 308.5)(350.6, 379.8)(345.3, 379.8);SD
Port:(461.0, 296.2)(461.0, 377.2)(451.6, 377.2)(451.6, 392.1)(351.7, 392.1)(351.7, 296.2);GATE
Port:(450.3, 301.9)(456.3, 301.9)(456.3, 370.5)(450.3, 370.5);SD
Module:M48
Boundary:(397.4, 1665.9)(459.1, 1665.9)(459.1, 1705.4)(472.0, 1705.4)(472.0, 1789.6)(397.4, 1789.6);GATE
Port:(410.7, 1784.7)(458.7, 1784.7)(458.7, 1789.6)(410.7, 1789.6);SD
Port:(397.4, 1665.9)(459.1, 1665.9)(459.1, 1705.4)(472.0, 1705.4)(472.0, 1783.6)(397.4, 1783.6);GATE
Port:(404.1, 1671.6)(451.4, 1671.6)(451.4, 1677.3)(404.1, 1677.3);SD
Module:M13
Boundary:(457.2, 1829.6)(457.2, 1881.2)(457.1, 1881.2)(457.1, 1898.0)(354.6, 1898.0)(354.6, 1829.6);GATE
Port:(354.6, 1843.6)(360.1, 1843.6)(360.1, 1884.0)(354.6, 1884.0);SD
Port:(457.2, 1829.6)(457.2, 1881.2)(457.1, 1881.2)(457.1, 1898.0)(362.5, 1898.0)(362.5, 1829.6);GATE
Port:(446.3, 1836.2)(451.6, 1836.2)(451.6, 1874.6)(446.3, 1874.6);SD
Module:M50
Boundary:(555.6, 1014.7)(607.9, 1014.7)(607.9, 1053.6)(624.2, 1053.6)(624.2, 1169.2)(555.6, 1169.2);GATE
Port:(569.4, 1165.0)(610.4, 1165.0)(610.4, 1169.2)(569.4, 1169.2);SD
Port:(555.6, 1014.7)(607.9, 1014.7)(607.9, 1053.6)(624.2, 1053.6)(624.2, 1162.7)(555.6, 1162.7);GATE
Port:(561.6, 1019.7)(600.9, 1019.7)(600.9, 1025.3)(561.6, 1025.3);SD
Module:M45
Boundary:(520.4, 807.4)(520.4, 891.3)(328.9, 891.3)(328.9, 807.4);GATE
Port:(328.9, 820.3)(334.2, 820.3)(334.2, 878.4)(328.9, 878.4);SD
Port:(520.4, 807.4)(520.4, 891.3)(336.4, 891.3)(336.4, 807.4);GATE
Port:(510.9, 812.9)(515.9, 812.9)(515.9, 885.8)(510.9, 885.8);SD
Module:M10
Boundary:(344.0, 442.1)(449.5, 442.1)(449.5, 522.4)(466.1, 522.4)(466.1, 598.0)(344.0, 598.0);GATE
Port:(357.3, 592.8)(452.8, 592.8)(452.8, 598.0)(357.3, 598.0);SD
Port:(344.0, 442.1)(449.5, 442.1)(449.5, 522.4)(466.1, 522.4)(466.1, 590.2)(344.0, 590.2);GATE
Port:(349.4, 446.5)(443.1, 446.5)(443.1, 452.0)(349.4, 452.0);SD
Module:M42
Boundary:(437.8, 1413.0)(487.0, 1413.0)(487.0, 1442.0)(500.9, 1442.0)(500.9, 1510.7)(437.8, 1510.7);GATE
Port:(451.2, 1505.3)(487.5, 1505.3)(487.5, 1510.7)(451.2, 1510.7);SD
Port:(437.8, 1413.0)(487.0, 1413.0)(487.0, 1442.0)(500.9, 1442.0)(500.9, 1502.9)(437.8, 1502.9);GATE
Port:(443.9, 1418.1)(479.9, 1418.1)(479.9, 1424.3)(443.9, 1424.3);SD
Module:M37
Boundary:(357.4, 1665.9)(357.4, 1760.9)(281.9, 1760.9)(281.9, 1665.9);GATE
Port:(281.9, 1678.3)(287.4, 1678.3)(287.4, 1748.5)(281.9, 1748.5);SD
Port:(357.4, 1665.9)(357.4, 1760.9)(288.8, 1760.9)(288.8, 1665.9);GATE
Port:(347.1, 1671.9)(352.4, 1671.9)(352.4, 1754.9)(347.1, 1754.9);SD
Module:M34
Boundary:(141.0, 1180.9)(141.0, 1287.8)(101.2, 1287.8)(101.2, 1304.6)(20.0, 1304.6)(20.0, 1180.9);GATE
Port:(20.0, 1194.7)(24.2, 1194.7)(24.2, 1290.8)(20.0, 1290.8);SD
Port:(141.0, 1180.9)(141.0, 1287.8)(101.2, 1287.8)(101.2, 1304.6)(25.9, 1304.6)(25.9, 1180.9);GATE
Port:(130.5, 1186.2)(136.7, 1186.2)(136.7, 1281.5)(130.5, 1281.5);SD
Module:M29
Boundary:(205.5, 1815.0)(304.6, 1815.0)(304.6, 1886.9)(205.5, 1886.9);GATE
Port:(219.5, 1882.1)(290.6, 1882.1)(290.6, 1886.9)(219.5, 1886.9);SD
Port:(205.5, 1815.0)(304.6, 1815.0)(304.6, 1879.4)(205.5, 1879.4);GATE
Port:(211.8, 1820.3)(298.3, 1820.3)(298.3, 1826.6)(211.8, 1826.6);SD
Module:M7
Boundary:(112.1, 20.0)(112.1, 83.5)(111.9, 83.5)(111.9, 98.5)(20.0, 98.5)(20.0, 20.0);GATE
Port:(20.0, 33.7)(24.4, 33.7)(24.4, 84.8)(20.0, 84.8);SD
Port:(112.1, 20.0)(112.1, 83.5)(111.9, 83.5)(111.9, 98.5)(25.5, 98.5)(25.5, 20.0);GATE
Port:(100.8, 26.6)(106.5, 26.6)(106.5, 76.9)(100.8, 76.9);SD
Module:M31
Boundary:(195.2, 1442.8)(270.4, 1442.8)(270.4, 1443.2)(288.3, 1443.2)(288.3, 1598.5)(195.2, 1598.5);GATE
Port:(211.0, 1592.9)(272.5, 1592.9)(272.5, 1598.5)(211.0, 1598.5);SD
Port:(195.2, 1442.8)(270.4, 1442.8)(270.4, 1443.2)(288.3, 1443.2)(288.3, 1590.8)(195.2, 1590.8);GATE
Port:(202.2, 1448.8)(263.4, 1448.8)(263.4, 1455.7)(202.2, 1455.7);SD
Module:M3
Boundary:(570.4, 777.1)(623.2, 777.1)(623.2, 974.7)(570.4, 974.7);GATE
Port:(585.7, 969.8)(607.9, 969.8)(607.9, 974.7)(585.7, 974.7);SD
Port:(570.4, 777.1)(623.2, 777.1)(623.2, 967.8)(570.4, 967.8);GATE
Port:(577.1, 782.8)(616.5, 782.8)(616.5, 789.1)(577.1, 789.1);SD
Module:M26
Boundary:(155.8, 1019.9)(222.5, 1019.9)(222.5, 1072.2)(236.4, 1072.2)(236.4, 1135.3)(155.8, 1135.3);GATE
Port:(170.4, 1129.7)(221.8, 1129.7)(221.8, 1135.3)(170.4, 1135.3);SD
Port:(155.8, 1019.9)(222.5, 1019.9)(222.5, 1072.2)(236.4, 1072.2)(236.4, 1126.7)(155.8, 1126.7);GATE
Port:(162.2, 1025.3)(215.1, 1025.3)(215.1, 1032.5)(162.2, 1032.5);SD
Module:M23
Boundary:(20.0, 1022.3)(115.8, 1022.3)(115.8, 1140.9)(20.0, 1140.9);GATE
Port:(33.9, 1135.2)(101.9, 1135.2)(101.9, 1140.9)(33.9, 1140.9);SD
Port:(20.0, 1022.3)(115.8, 1022.3)(115.8, 1132.7)(20.0, 1132.7);GATE
Port:(26.9, 1028.2)(108.9, 1028.2)(108.9, 1033.9)(26.9, 1033.9);SD
Module:M18
Boundary:(411.7, 941.3)(499.5, 941.3)(499.5, 1021.2)(515.6, 1021.2)(515.6, 1097.9)(411.7, 1097.9);GATE
Port:(426.1, 1093.8)(501.2, 1093.8)(501.2, 1097.9)(426.1, 1097.9);SD
Port:(411.7, 941.3)(499.5, 941.3)(499.5, 1021.2)(515.6, 1021.2)(515.6, 1092.7)(411.7, 1092.7);GATE
Port:(417.1, 945.7)(493.1, 945.7)(493.1, 952.5)(417.1, 952.5);SD
Module:M20
Boundary:(295.3, 255.8)(295.3, 335.7)(251.3, 335.7)(251.3, 350.1)(160.8, 350.1)(160.8, 255.8);GATE
Port:(160.8, 268.6)(165.3, 268.6)(165.3, 337.3)(160.8, 337.3);SD
Port:(295.3, 255.8)(295.3, 335.7)(251.3, 335.7)(251.3, 350.1)(167.4, 350.1)(167.4, 255.8);GATE
Port:(284.3, 260.9)(291.2, 260.9)(291.2, 329.6)(284.3, 329.6);SD
Module:M15
Boundary:(282.1, 1332.9)(282.1, 1377.8)(282.0, 1377.8)(282.0, 1392.8)(205.2, 1392.8)(205.2, 1332.9);GATE
Port:(205.2, 1344.5)(209.3, 1344.5)(209.3, 1381.2)(205.2, 1381.2);SD
Port:(282.1, 1332.9)(282.1, 1377.8)(282.0, 1377.8)(282.0, 1392.8)(210.8, 1392.8)(210.8, 1332.9);GATE
Port:(273.1, 1337.9)(278.1, 1337.9)(278.1, 1372.8)(273.1, 1372.8);SD
Module:M47
Boundary:(304.0, 478.9)(304.0, 579.5)(303.7, 579.5)(303.7, 595.9)(169.4, 595.9)(169.4, 478.9);GATE
Port:(169.4, 492.8)(175.1, 492.8)(175.1, 582.0)(169.4, 582.0);SD
Port:(304.0, 478.9)(304.0, 579.5)(303.7, 579.5)(303.7, 595.9)(176.7, 595.9)(176.7, 478.9);GATE
Port:(293.0, 485.7)(298.2, 485.7)(298.2, 572.7)(293.0, 572.7);SD
Module:M12
Boundary:(618.9, 183.0)(618.9, 256.8)(566.0, 256.8)(566.0, 274.5)(518.2, 274.5)(518.2, 183.0);GATE
Port:(518.2, 197.2)(523.6, 197.2)(523.6, 260.3)(518.2, 260.3);SD
Port:(618.9, 183.0)(618.9, 256.8)(566.0, 256.8)(566.0, 274.5)(525.9, 274.5)(525.9, 183.0);GATE
Port:(608.1, 188.2)(614.7, 188.2)(614.7, 250.6)(608.1, 250.6);SD
Module:M44
Boundary:(278.9, 785.5)(278.9, 839.8)(267.4, 839.8)(267.4, 856.6)(139.2, 856.6)(139.2, 785.5);GATE
Port:(139.2, 799.6)(144.2, 799.6)(144.2, 842.5)(139.2, 842.5);SD
Port:(278.9, 785.5)(278.9, 839.8)(267.4, 839.8)(267.4, 856.6)(145.5, 856.6)(145.5, 785.5);GATE
Port:(268.2, 791.9)(273.5, 791.9)(273.5, 832.4)(268.2, 832.4);SD
Module:M39
Boundary:(521.0, 324.5)(614.4, 324.5)(614.4, 462.7)(521.0, 462.7);GATE
Port:(533.2, 457.1)(602.2, 457.1)(602.2, 462.7)(533.2, 462.7);SD
Port:(521.0, 324.5)(614.4, 324.5)(614.4, 455.8)(521.0, 455.8);GATE
Port:(527.8, 330.3)(607.6, 330.3)(607.6, 335.2)(527.8, 335.2);SD
Module:M8
Boundary:(335.8, 648.0)(335.8, 722.4)(268.7, 722.4)(268.7, 735.5)(175.2, 735.5)(175.2, 648.0);GATE
Port:(175.2, 660.2)(180.8, 660.2)(180.8, 723.3)(175.2, 723.3);SD
Port:(335.8, 648.0)(335.8, 722.4)(268.7, 722.4)(268.7, 735.5)(183.4, 735.5)(183.4, 648.0);GATE
Port:(325.8, 654.1)(330.7, 654.1)(330.7, 715.3)(325.8, 715.3);SD
Module:M41
Boundary:(414.7, 30.0)(414.7, 132.1)(291.8, 132.1)(291.8, 30.0);GATE
Port:(291.8, 42.6)(297.6, 42.6)(297.6, 119.5)(291.8, 119.5);SD
Port:(414.7, 30.0)(414.7, 132.1)(299.3, 132.1)(299.3, 30.0);GATE
Port:(405.5, 35.4)(410.3, 35.4)(410.3, 126.7)(405.5, 126.7);SD
Module:M4
Boundary:(478.2, 183.0)(478.2, 232.8)(407.5, 232.8)(407.5, 246.2)(335.3, 246.2)(335.3, 183.0);GATE
Port:(335.3, 197.1)(340.7, 197.1)(340.7, 232.1)(335.3, 232.1);SD
Port:(478.2, 183.0)(478.2, 232.8)(407.5, 232.8)(407.5, 246.2)(341.8, 246.2)(341.8, 183.0);GATE
Port:(466.0, 189.5)(472.7, 189.5)(472.7, 225.3)(466.0, 225.3);SD
Module:M36
Boundary:(231.9, 1650.9)(231.9, 1741.8)(161.9, 1741.8)(161.9, 1755.0)(30.0, 1755.0)(30.0, 1650.9);GATE
Port:(30.0, 1664.4)(35.4, 1664.4)(35.4, 1741.5)(30.0, 1741.5);SD
Port:(231.9, 1650.9)(231.9, 1741.8)(161.9, 1741.8)(161.9, 1755.0)(37.7, 1755.0)(37.7, 1650.9);GATE
Port:(220.3, 1656.8)(227.0, 1656.8)(227.0, 1734.9)(220.3, 1734.9);SD
Module:M33
Boundary:(20.0, 314.9)(120.8, 314.9)(120.8, 495.5)(20.0, 495.5);GATE
Port:(32.8, 489.9)(108.0, 489.9)(108.0, 495.5)(32.8, 495.5);SD
Port:(20.0, 314.9)(120.8, 314.9)(120.8, 487.6)(20.0, 487.6);GATE
Port:(25.4, 319.3)(115.4, 319.3)(115.4, 324.6)(25.4, 324.6);SD
Module:M28
Boundary:(468.5, 638.0)(468.5, 740.9)(445.2, 740.9)(445.2, 757.4)(385.8, 757.4)(385.8, 638.0);GATE
Port:(385.8, 650.2)(391.8, 650.2)(391.8, 745.2)(385.8, 745.2);SD
Port:(468.5, 638.0)(468.5, 740.9)(445.2, 740.9)(445.2, 757.4)(393.9, 757.4)(393.9, 638.0);GATE
Port:(459.7, 643.2)(464.3, 643.2)(464.3, 734.7)(459.7, 734.7);SD
Module:M30
Boundary:(614.6, 1563.6)(614.6, 1634.9)(569.6, 1634.9)(569.6, 1650.7)(513.7, 1650.7)(513.7, 1563.6);GATE
Port:(513.7, 1578.5)(518.4, 1578.5)(518.4, 1635.8)(513.7, 1635.8);SD
Port:(614.6, 1563.6)(614.6, 1634.9)(569.6, 1634.9)(569.6, 1650.7)(519.9, 1650.7)(519.9, 1563.6);GATE
Port:(603.0, 1569.9)(609.3, 1569.9)(609.3, 1627.6)(603.0, 1627.6);SD
Module:M25
Boundary:(240.8, 896.6)(240.8, 963.8)(240.5, 963.8)(240.5, 979.9)(139.2, 979.9)(139.2, 896.6);GATE
Port:(139.2, 910.3)(144.9, 910.3)(144.9, 966.2)(139.2, 966.2);SD
Port:(240.8, 896.6)(240.8, 963.8)(240.5, 963.8)(240.5, 979.9)(146.1, 979.9)(146.1, 896.6);GATE
Port:(229.4, 902.8)(235.6, 902.8)(235.6, 957.6)(229.4, 957.6);SD
Module:M22
Boundary:(598.6, 30.0)(598.6, 119.7)(539.7, 119.7)(539.7, 133.0)(474.7, 133.0)(474.7, 30.0);GATE
Port:(474.7, 41.9)(480.7, 41.9)(480.7, 121.1)(474.7, 121.1);SD
Port:(598.6, 30.0)(598.6, 119.7)(539.7, 119.7)(539.7, 133.0)(482.7, 133.0)(482.7, 30.0);GATE
Port:(588.4, 36.7)(592.9, 36.7)(592.9, 112.0)(588.4, 112.0);SD
Module:M17
Boundary:(623.5, 1448.4)(623.5, 1504.6)(623.4, 1504.6)(623.4, 1523.6)(540.9, 1523.6)(540.9, 1448.4);GATE
Port:(540.9, 1463.0)(546.8, 1463.0)(546.8, 1509.0)(540.9, 1509.0);SD
Port:(623.5, 1448.4)(623.5, 1504.6)(623.4, 1504.6)(623.4, 1523.6)(548.0, 1523.6)(548.0, 1448.4);GATE
Port:(612.1, 1453.6)(619.3, 1453.6)(619.3, 1499.4)(612.1, 1499.4);SD
