Area:(-20.0, -20.0)(321.1, -20.0)(321.1, 881.1)(-20.0, 881.1)
Rule:GATE(5,5);SD(5,5);GATE_SD(0.5);GATE_ITO(0.5);SD_ITO(0.5)
Module:M9
Boundary:(274.6, 227.7)(274.6, 308.8)(174.6, 308.8)(174.6, 227.7);GATE
Port:(174.6, 240.3)(179.6, 240.3)(179.6, 296.2)(174.6, 296.2);SD
Port:(274.6, 227.7)(274.6, 308.8)(180.9, 308.8)(180.9, 227.7);GATE
Port:(265.0, 233.9)(269.4, 233.9)(269.4, 302.6)(265.0, 302.6);SD
Module:M5
Boundary:(236.6, 776.3)(236.6, 825.8)(236.5, 825.8)(236.5, 841.1)(30.0, 841.1)(30.0, 776.3);GATE
Port:(30.0, 790.1)(35.9, 790.1)(35.9, 827.3)(30.0, 827.3);SD
Port:(236.6, 776.3)(236.6, 825.8)(236.5, 825.8)(236.5, 841.1)(37.7, 841.1)(37.7, 776.3);GATE
Port:(225.0, 782.8)(231.1, 782.8)(231.1, 819.3)(225.0, 819.3);SD
Module:M1
Boundary:(20.0, 269.6)(114.2, 269.6)(114.2, 335.9)(20.0, 335.9);GATE
Port:(32.7, 331.3)(101.5, 331.3)(101.5, 335.9)(32.7, 335.9);SD
Port:(20.0, 269.6)(114.2, 269.6)(114.2, 329.9)(20.0, 329.9);GATE
Port:(26.1, 274.7)(108.1, 274.7)(108.1, 280.5)(26.1, 280.5);SD
Module:M6
Boundary:(20.0, 20.0)(116.8, 20.0)(116.8, 130.0)(134.6, 130.0)(134.6, 229.6)(20.0, 229.6);GATE
Port:(36.1, 225.5)(118.5, 225.5)(118.5, 229.6)(36.1, 229.6);SD
Port:(20.0, 20.0)(116.8, 20.0)(116.8, 130.0)(134.6, 130.0)(134.6, 223.5)(20.0, 223.5);GATE
Port:(26.8, 25.8)(109.0, 25.8)(109.0, 32.7)(26.8, 32.7);SD
Module:M2
Boundary:(174.6, 20.0)(267.6, 20.0)(267.6, 48.1)(281.1, 48.1)(281.1, 187.7)(174.6, 187.7);GATE
Port:(188.3, 183.5)(267.4, 183.5)(267.4, 187.7)(188.3, 187.7);SD
Port:(174.6, 20.0)(267.6, 20.0)(267.6, 48.1)(281.1, 48.1)(281.1, 181.6)(174.6, 181.6);GATE
Port:(181.0, 25.4)(260.2, 25.4)(260.2, 31.6)(181.0, 31.6);SD
Module:M10
Boundary:(172.1, 358.8)(249.9, 358.8)(249.9, 417.2)(267.5, 417.2)(267.5, 500.4)(172.1, 500.4);GATE
Port:(188.1, 496.0)(251.5, 496.0)(251.5, 500.4)(188.1, 500.4);SD
Port:(172.1, 358.8)(249.9, 358.8)(249.9, 417.2)(267.5, 417.2)(267.5, 494.0)(172.1, 494.0);GATE
Port:(178.6, 364.3)(242.4, 364.3)(242.4, 371.5)(178.6, 371.5);SD
Module:M7
Boundary:(211.6, 550.4)(246.6, 550.4)(246.6, 550.5)(262.6, 550.5)(262.6, 726.3)(211.6, 726.3);GATE
Port:(225.6, 720.8)(248.6, 720.8)(248.6, 726.3)(225.6, 726.3);SD
Port:(211.6, 550.4)(246.6, 550.4)(246.6, 550.5)(262.6, 550.5)(262.6, 717.8)(211.6, 717.8);GATE
Port:(217.6, 555.4)(240.6, 555.4)(240.6, 561.4)(217.6, 561.4);SD
Module:M3
Boundary:(171.6, 636.0)(171.6, 697.3)(171.3, 697.3)(171.3, 712.1)(20.0, 712.1)(20.0, 636.0);GATE
Port:(20.0, 648.2)(24.6, 648.2)(24.6, 699.9)(20.0, 699.9);SD
Port:(171.6, 636.0)(171.6, 697.3)(171.3, 697.3)(171.3, 712.1)(26.0, 712.1)(26.0, 636.0);GATE
Port:(161.4, 642.5)(166.1, 642.5)(166.1, 690.8)(161.4, 690.8);SD
Module:M8
Boundary:(98.2, 478.0)(98.2, 580.5)(66.2, 580.5)(66.2, 596.0)(20.0, 596.0)(20.0, 478.0);GATE
Port:(20.0, 492.6)(24.0, 492.6)(24.0, 581.4)(20.0, 581.4);SD
Port:(98.2, 478.0)(98.2, 580.5)(66.2, 580.5)(66.2, 596.0)(25.1, 596.0)(25.1, 478.0);GATE
Port:(86.2, 483.3)(93.9, 483.3)(93.9, 574.2)(86.2, 574.2);SD
Module:M4
Boundary:(122.1, 375.9)(122.1, 424.2)(99.4, 424.2)(99.4, 438.0)(20.0, 438.0)(20.0, 375.9);GATE
Port:(20.0, 388.9)(25.2, 388.9)(25.2, 425.0)(20.0, 425.0);SD
Port:(122.1, 375.9)(122.1, 424.2)(99.4, 424.2)(99.4, 438.0)(27.4, 438.0)(27.4, 375.9);GATE
Port:(111.2, 382.6)(116.4, 382.6)(116.4, 416.5)(111.2, 416.5);SD
