Area:(-20.0, -20.0)(259.3, -20.0)(259.3, 626.3)(-20.0, 626.3)
Rule:GATE(5,5);SD(5,5);GATE_SD(0.5);GATE_ITO(0.5);SD_ITO(0.5)
Module:M5
Boundary:(194.0, 206.5)(194.0, 288.8)(20.0, 288.8)(20.0, 206.5);GATE
Port:(20.0, 220.5)(25.7, 220.5)(25.7, 274.8)(20.0, 274.8);SD
Port:(194.0, 206.5)(194.0, 288.8)(26.7, 288.8)(26.7, 206.5);GATE
Port:(182.1, 213.3)(188.2, 213.3)(188.2, 282.0)(182.1, 282.0);SD
Module:M1
Boundary:(20.0, 20.0)(88.2, 20.0)(88.2, 166.5)(20.0, 166.5);GATE
Port:(33.9, 161.0)(74.3, 161.0)(74.3, 166.5)(33.9, 166.5);SD
Port:(20.0, 20.0)(88.2, 20.0)(88.2, 158.9)(20.0, 158.9);GATE
Port:(26.4, 25.4)(81.8, 25.4)(81.8, 30.4)(26.4, 30.4);SD
Module:M2
Boundary:(212.4, 20.0)(212.4, 103.4)(195.1, 103.4)(195.1, 118.4)(128.2, 118.4)(128.2, 20.0);GATE
Port:(128.2, 33.9)(133.7, 33.9)(133.7, 104.5)(128.2, 104.5);SD
Port:(212.4, 20.0)(212.4, 103.4)(195.1, 103.4)(195.1, 118.4)(135.1, 118.4)(135.1, 20.0);GATE
Port:(201.3, 26.8)(206.6, 26.8)(206.6, 95.6)(201.3, 95.6);SD
Module:M3
Boundary:(152.0, 482.3)(152.0, 569.4)(151.9, 569.4)(151.9, 586.3)(20.0, 586.3)(20.0, 482.3);GATE
Port:(20.0, 497.4)(25.6, 497.4)(25.6, 571.2)(20.0, 571.2);SD
Port:(152.0, 482.3)(152.0, 569.4)(151.9, 569.4)(151.9, 586.3)(28.2, 586.3)(28.2, 482.3);GATE
Port:(140.0, 489.1)(146.2, 489.1)(146.2, 562.6)(140.0, 562.6);SD
Module:M4
Boundary:(219.3, 328.8)(219.3, 427.3)(130.4, 427.3)(130.4, 442.3)(20.0, 442.3)(20.0, 328.8);GATE
Port:(20.0, 341.6)(24.5, 341.6)(24.5, 429.5)(20.0, 429.5);SD
Port:(219.3, 328.8)(219.3, 427.3)(130.4, 427.3)(130.4, 442.3)(25.9, 442.3)(25.9, 328.8);GATE
Port:(208.9, 335.6)(213.5, 335.6)(213.5, 419.5)(208.9, 419.5);SD
