Area:(-20.0, -20.0)(1074.0, -20.0)(1074.0, 1057.0)(-20.0, 1057.0)
Rule:GATE(5,5);SD(5,5);GATE_SD(0.5);GATE_ITO(0.5);SD_ITO(0.5)
Module:M14
Boundary:(843.0, 30.0)(936.5, 30.0)(936.5, 92.2)(1024.0, 92.2)(1024.0, 208.0)(843.0, 208.0);GATE
Port:(857.5, 198.0)(1009.5, 198.0)(1009.5, 208.0)(857.5, 208.0);SD
Port:(843.0, 30.0)(936.5, 30.0)(936.5, 92.2)(1024.0, 92.2)(1024.0, 193.0)(843.0, 193.0);GATE
Port:(853.0, 35.0)(922.0, 35.0)(922.0, 39.0)(853.0, 39.0);SD
Module:M9
Boundary:(161.0, 30.0)(234.0, 30.0)(234.0, 178.0)(161.0, 178.0);GATE
Port:(175.5, 168.0)(219.5, 168.0)(219.5, 178.0)(175.5, 178.0);SD
Port:(161.0, 30.0)(234.0, 30.0)(234.0, 163.0)(161.0, 163.0);GATE
Port:(171.0, 35.0)(224.0, 35.0)(224.0, 39.0)(171.0, 39.0);SD
Module:M5
Boundary:(487.0, 20.0)(598.5, 20.0)(598.5, 32.0)(614.0, 32.0)(614.0, 142.0)(487.0, 142.0);GATE
Port:(501.5, 132.0)(599.5, 132.0)(599.5, 142.0)(501.5, 142.0);SD
Port:(487.0, 20.0)(598.5, 20.0)(598.5, 32.0)(614.0, 32.0)(614.0, 127.0)(487.0, 127.0);GATE
Port:(497.0, 25.0)(584.0, 25.0)(584.0, 29.0)(497.0, 29.0);SD
Module:M11
Boundary:(970.0, 551.0)(970.0, 624.0)(858.0, 624.0)(858.0, 551.0);GATE
Port:(858.0, 565.5)(868.0, 565.5)(868.0, 609.5)(858.0, 609.5);SD
Port:(970.0, 551.0)(970.0, 624.0)(873.0, 624.0)(873.0, 551.0);GATE
Port:(961.0, 561.0)(965.0, 561.0)(965.0, 614.0)(961.0, 614.0);SD
Module:M1
Boundary:(222.0, 416.0)(222.0, 563.5)(88.8, 563.5)(88.8, 651.0)(30.0, 651.0)(30.0, 416.0);GATE
Port:(30.0, 430.5)(40.0, 430.5)(40.0, 636.5)(30.0, 636.5);SD
Port:(222.0, 416.0)(222.0, 563.5)(88.8, 563.5)(88.8, 651.0)(45.0, 651.0)(45.0, 416.0);GATE
Port:(213.0, 426.0)(217.0, 426.0)(217.0, 549.0)(213.0, 549.0);SD
Module:M27
Boundary:(615.0, 737.0)(615.0, 866.5)(549.8, 866.5)(549.8, 900.0)(469.0, 900.0)(469.0, 737.0);GATE
Port:(469.0, 751.5)(479.0, 751.5)(479.0, 885.5)(469.0, 885.5);SD
Port:(615.0, 737.0)(615.0, 866.5)(549.8, 866.5)(549.8, 900.0)(484.0, 900.0)(484.0, 737.0);GATE
Port:(606.0, 747.0)(610.0, 747.0)(610.0, 852.0)(606.0, 852.0);SD
Module:M24
Boundary:(862.0, 887.0)(991.5, 887.0)(991.5, 901.0)(1007.0, 901.0)(1007.0, 1017.0)(862.0, 1017.0);GATE
Port:(876.5, 1007.0)(992.5, 1007.0)(992.5, 1017.0)(876.5, 1017.0);SD
Port:(862.0, 887.0)(991.5, 887.0)(991.5, 901.0)(1007.0, 901.0)(1007.0, 1002.0)(862.0, 1002.0);GATE
Port:(872.0, 892.0)(977.0, 892.0)(977.0, 896.0)(872.0, 896.0);SD
Module:M19
Boundary:(1021.0, 674.0)(1021.0, 821.5)(1005.0, 821.5)(1005.0, 837.0)(868.0, 837.0)(868.0, 674.0);GATE
Port:(868.0, 688.5)(878.0, 688.5)(878.0, 822.5)(868.0, 822.5);SD
Port:(1021.0, 674.0)(1021.0, 821.5)(1005.0, 821.5)(1005.0, 837.0)(883.0, 837.0)(883.0, 674.0);GATE
Port:(1012.0, 684.0)(1016.0, 684.0)(1016.0, 807.0)(1012.0, 807.0);SD
Module:M6
Boundary:(207.0, 936.0)(354.5, 936.0)(354.5, 952.0)(370.0, 952.0)(370.0, 1010.0)(207.0, 1010.0);GATE
Port:(221.5, 1000.0)(355.5, 1000.0)(355.5, 1010.0)(221.5, 1010.0);SD
Port:(207.0, 936.0)(354.5, 936.0)(354.5, 952.0)(370.0, 952.0)(370.0, 995.0)(207.0, 995.0);GATE
Port:(217.0, 941.0)(340.0, 941.0)(340.0, 945.0)(217.0, 945.0);SD
Module:M21
Boundary:(284.0, 20.0)(431.5, 20.0)(431.5, 36.0)(447.0, 36.0)(447.0, 168.0)(284.0, 168.0);GATE
Port:(298.5, 158.0)(432.5, 158.0)(432.5, 168.0)(298.5, 168.0);SD
Port:(284.0, 20.0)(431.5, 20.0)(431.5, 36.0)(447.0, 36.0)(447.0, 153.0)(284.0, 153.0);GATE
Port:(294.0, 25.0)(417.0, 25.0)(417.0, 29.0)(294.0, 29.0);SD
Module:M2
Boundary:(422.0, 560.0)(422.0, 633.0)(294.0, 633.0)(294.0, 560.0);GATE
Port:(294.0, 574.5)(304.0, 574.5)(304.0, 618.5)(294.0, 618.5);SD
Port:(422.0, 560.0)(422.0, 633.0)(309.0, 633.0)(309.0, 560.0);GATE
Port:(413.0, 570.0)(417.0, 570.0)(417.0, 623.0)(413.0, 623.0);SD
Module:M16
Boundary:(284.0, 683.0)(413.5, 683.0)(413.5, 697.0)(429.0, 697.0)(429.0, 746.0)(284.0, 746.0);GATE
Port:(298.5, 736.0)(414.5, 736.0)(414.5, 746.0)(298.5, 746.0);SD
Port:(284.0, 683.0)(413.5, 683.0)(413.5, 697.0)(429.0, 697.0)(429.0, 731.0)(284.0, 731.0);GATE
Port:(294.0, 688.0)(399.0, 688.0)(399.0, 692.0)(294.0, 692.0);SD
Module:M13
Boundary:(805.0, 518.0)(805.0, 647.5)(728.2, 647.5)(728.2, 681.0)(636.0, 681.0)(636.0, 518.0);GATE
Port:(636.0, 532.5)(646.0, 532.5)(646.0, 666.5)(636.0, 666.5);SD
Port:(805.0, 518.0)(805.0, 647.5)(728.2, 647.5)(728.2, 681.0)(651.0, 681.0)(651.0, 518.0);GATE
Port:(796.0, 528.0)(800.0, 528.0)(800.0, 633.0)(796.0, 633.0);SD
Module:M10
Boundary:(523.0, 349.0)(596.0, 349.0)(596.0, 527.0)(523.0, 527.0);GATE
Port:(537.5, 517.0)(581.5, 517.0)(581.5, 527.0)(537.5, 527.0);SD
Port:(523.0, 349.0)(596.0, 349.0)(596.0, 512.0)(523.0, 512.0);GATE
Port:(533.0, 354.0)(586.0, 354.0)(586.0, 358.0)(533.0, 358.0);SD
Module:M29
Boundary:(793.0, 20.0)(793.0, 131.5)(781.0, 131.5)(781.0, 147.0)(654.0, 147.0)(654.0, 20.0);GATE
Port:(654.0, 34.5)(664.0, 34.5)(664.0, 132.5)(654.0, 132.5);SD
Port:(793.0, 20.0)(793.0, 131.5)(781.0, 131.5)(781.0, 147.0)(669.0, 147.0)(669.0, 20.0);GATE
Port:(784.0, 30.0)(788.0, 30.0)(788.0, 117.0)(784.0, 117.0);SD
Module:M7
Boundary:(20.0, 20.0)(96.0, 20.0)(96.0, 28.0)(111.0, 28.0)(111.0, 180.0)(20.0, 180.0);GATE
Port:(34.5, 170.0)(96.5, 170.0)(96.5, 180.0)(34.5, 180.0);SD
Port:(20.0, 20.0)(96.0, 20.0)(96.0, 28.0)(111.0, 28.0)(111.0, 165.0)(20.0, 165.0);GATE
Port:(30.0, 25.0)(81.0, 25.0)(81.0, 29.0)(30.0, 29.0);SD
Module:M3
Boundary:(523.0, 567.0)(596.0, 567.0)(596.0, 697.0)(523.0, 697.0);GATE
Port:(537.5, 687.0)(581.5, 687.0)(581.5, 697.0)(537.5, 697.0);SD
Port:(523.0, 567.0)(596.0, 567.0)(596.0, 682.0)(523.0, 682.0);GATE
Port:(533.0, 572.0)(586.0, 572.0)(586.0, 576.0)(533.0, 576.0);SD
Module:M26
Boundary:(207.0, 786.0)(354.5, 786.0)(354.5, 802.0)(370.0, 802.0)(370.0, 896.0)(207.0, 896.0);GATE
Port:(221.5, 886.0)(355.5, 886.0)(355.5, 896.0)(221.5, 896.0);SD
Port:(207.0, 786.0)(354.5, 786.0)(354.5, 802.0)(370.0, 802.0)(370.0, 881.0)(207.0, 881.0);GATE
Port:(217.0, 791.0)(340.0, 791.0)(340.0, 795.0)(217.0, 795.0);SD
Module:M23
Boundary:(628.0, 187.0)(739.5, 187.0)(739.5, 199.0)(755.0, 199.0)(755.0, 254.0)(628.0, 254.0);GATE
Port:(642.5, 244.0)(740.5, 244.0)(740.5, 254.0)(642.5, 254.0);SD
Port:(628.0, 187.0)(739.5, 187.0)(739.5, 199.0)(755.0, 199.0)(755.0, 239.0)(628.0, 239.0);GATE
Port:(638.0, 192.0)(725.0, 192.0)(725.0, 196.0)(638.0, 196.0);SD
Module:M18
Boundary:(812.0, 916.0)(812.0, 992.0)(804.0, 992.0)(804.0, 1007.0)(665.0, 1007.0)(665.0, 916.0);GATE
Port:(665.0, 930.5)(675.0, 930.5)(675.0, 992.5)(665.0, 992.5);SD
Port:(812.0, 916.0)(812.0, 992.0)(804.0, 992.0)(804.0, 1007.0)(680.0, 1007.0)(680.0, 916.0);GATE
Port:(803.0, 926.0)(807.0, 926.0)(807.0, 977.0)(803.0, 977.0);SD
Module:M20
Boundary:(818.0, 721.0)(818.0, 850.5)(799.0, 850.5)(799.0, 866.0)(655.0, 866.0)(655.0, 721.0);GATE
Port:(655.0, 735.5)(665.0, 735.5)(665.0, 851.5)(655.0, 851.5);SD
Port:(818.0, 721.0)(818.0, 850.5)(799.0, 850.5)(799.0, 866.0)(670.0, 866.0)(670.0, 721.0);GATE
Port:(809.0, 731.0)(813.0, 731.0)(813.0, 836.0)(809.0, 836.0);SD
Module:M15
Boundary:(599.0, 940.0)(599.0, 1013.0)(410.0, 1013.0)(410.0, 940.0);GATE
Port:(410.0, 954.5)(420.0, 954.5)(420.0, 998.5)(410.0, 998.5);SD
Port:(599.0, 940.0)(599.0, 1013.0)(425.0, 1013.0)(425.0, 940.0);GATE
Port:(590.0, 950.0)(594.0, 950.0)(594.0, 1003.0)(590.0, 1003.0);SD
Module:M12
Boundary:(284.0, 359.0)(359.5, 359.0)(359.5, 431.0)(483.0, 431.0)(483.0, 510.0)(284.0, 510.0);GATE
Port:(298.5, 500.0)(468.5, 500.0)(468.5, 510.0)(298.5, 510.0);SD
Port:(284.0, 359.0)(359.5, 359.0)(359.5, 431.0)(483.0, 431.0)(483.0, 495.0)(284.0, 495.0);GATE
Port:(294.0, 364.0)(345.0, 364.0)(345.0, 368.0)(294.0, 368.0);SD
Module:M8
Boundary:(30.0, 898.0)(141.5, 898.0)(141.5, 910.0)(157.0, 910.0)(157.0, 1007.0)(30.0, 1007.0);GATE
Port:(44.5, 997.0)(142.5, 997.0)(142.5, 1007.0)(44.5, 1007.0);SD
Port:(30.0, 898.0)(141.5, 898.0)(141.5, 910.0)(157.0, 910.0)(157.0, 992.0)(30.0, 992.0);GATE
Port:(40.0, 903.0)(127.0, 903.0)(127.0, 907.0)(40.0, 907.0);SD
Module:M4
Boundary:(20.0, 228.0)(131.5, 228.0)(131.5, 321.0)(237.0, 321.0)(237.0, 366.0)(20.0, 366.0);GATE
Port:(34.5, 356.0)(222.5, 356.0)(222.5, 366.0)(34.5, 366.0);SD
Port:(20.0, 228.0)(131.5, 228.0)(131.5, 321.0)(237.0, 321.0)(237.0, 351.0)(20.0, 351.0);GATE
Port:(30.0, 233.0)(117.0, 233.0)(117.0, 237.0)(30.0, 237.0);SD
Module:M28
Boundary:(1034.0, 258.0)(1034.0, 369.5)(939.0, 369.5)(939.0, 511.0)(857.0, 511.0)(857.0, 258.0);GATE
Port:(857.0, 272.5)(867.0, 272.5)(867.0, 496.5)(857.0, 496.5);SD
Port:(1034.0, 258.0)(1034.0, 369.5)(939.0, 369.5)(939.0, 511.0)(872.0, 511.0)(872.0, 258.0);GATE
Port:(1025.0, 268.0)(1029.0, 268.0)(1029.0, 355.0)(1025.0, 355.0);SD
Module:M30
Boundary:(636.0, 294.0)(765.5, 294.0)(765.5, 401.7)(817.0, 401.7)(817.0, 478.0)(636.0, 478.0);GATE
Port:(650.5, 468.0)(802.5, 468.0)(802.5, 478.0)(650.5, 478.0);SD
Port:(636.0, 294.0)(765.5, 294.0)(765.5, 401.7)(817.0, 401.7)(817.0, 463.0)(636.0, 463.0);GATE
Port:(646.0, 299.0)(751.0, 299.0)(751.0, 303.0)(646.0, 303.0);SD
Module:M25
Boundary:(20.0, 701.0)(149.5, 701.0)(149.5, 715.0)(165.0, 715.0)(165.0, 848.0)(20.0, 848.0);GATE
Port:(34.5, 838.0)(150.5, 838.0)(150.5, 848.0)(34.5, 848.0);SD
Port:(20.0, 701.0)(149.5, 701.0)(149.5, 715.0)(165.0, 715.0)(165.0, 833.0)(20.0, 833.0);GATE
Port:(30.0, 706.0)(135.0, 706.0)(135.0, 710.0)(30.0, 710.0);SD
Module:M22
Boundary:(588.0, 182.0)(588.0, 293.5)(576.0, 293.5)(576.0, 309.0)(487.0, 309.0)(487.0, 182.0);GATE
Port:(487.0, 196.5)(497.0, 196.5)(497.0, 294.5)(487.0, 294.5);SD
Port:(588.0, 182.0)(588.0, 293.5)(576.0, 293.5)(576.0, 309.0)(502.0, 309.0)(502.0, 182.0);GATE
Port:(579.0, 192.0)(583.0, 192.0)(583.0, 279.0)(579.0, 279.0);SD
Module:M17
Boundary:(284.0, 208.0)(431.5, 208.0)(431.5, 224.0)(447.0, 224.0)(447.0, 319.0)(284.0, 319.0);GATE
Port:(298.5, 309.0)(432.5, 309.0)(432.5, 319.0)(298.5, 319.0);SD
Port:(284.0, 208.0)(431.5, 208.0)(431.5, 224.0)(447.0, 224.0)(447.0, 304.0)(284.0, 304.0);GATE
Port:(294.0, 213.0)(417.0, 213.0)(417.0, 217.0)(294.0, 217.0);SD
