Area:(-20.0, -20.0)(629.0, -20.0)(629.0, 1220.0)(-20.0, 1220.0)
Rule:GATE(5,5);SD(5,5);GATE_SD(0.5);GATE_ITO(0.5);SD_ITO(0.5)
Module:M14
Boundary:(589.0, 943.0)(589.0, 1036.5)(485.7, 1036.5)(485.7, 1178.0)(397.0, 1178.0)(397.0, 943.0);GATE
Port:(397.0, 957.5)(407.0, 957.5)(407.0, 1163.5)(397.0, 1163.5);SD
Port:(589.0, 943.0)(589.0, 1036.5)(485.7, 1036.5)(485.7, 1178.0)(412.0, 1178.0)(412.0, 943.0);GATE
Port:(580.0, 953.0)(584.0, 953.0)(584.0, 1022.0)(580.0, 1022.0);SD
Module:M9
Boundary:(509.0, 644.0)(509.0, 717.0)(423.0, 717.0)(423.0, 644.0);GATE
Port:(423.0, 658.5)(433.0, 658.5)(433.0, 702.5)(423.0, 702.5);SD
Port:(509.0, 644.0)(509.0, 717.0)(438.0, 717.0)(438.0, 644.0);GATE
Port:(500.0, 654.0)(504.0, 654.0)(504.0, 707.0)(500.0, 707.0);SD
Module:M5
Boundary:(357.0, 850.0)(357.0, 979.5)(343.0, 979.5)(343.0, 995.0)(187.0, 995.0)(187.0, 850.0);GATE
Port:(187.0, 864.5)(197.0, 864.5)(197.0, 980.5)(187.0, 980.5);SD
Port:(357.0, 850.0)(357.0, 979.5)(343.0, 979.5)(343.0, 995.0)(202.0, 995.0)(202.0, 850.0);GATE
Port:(348.0, 860.0)(352.0, 860.0)(352.0, 965.0)(348.0, 965.0);SD
Module:M11
Boundary:(20.0, 438.0)(95.5, 438.0)(95.5, 548.4)(345.0, 548.4)(345.0, 607.0)(20.0, 607.0);GATE
Port:(34.5, 597.0)(330.5, 597.0)(330.5, 607.0)(34.5, 607.0);SD
Port:(20.0, 438.0)(95.5, 438.0)(95.5, 548.4)(345.0, 548.4)(345.0, 592.0)(20.0, 592.0);GATE
Port:(30.0, 443.0)(81.0, 443.0)(81.0, 447.0)(30.0, 447.0);SD
Module:M1
Boundary:(20.0, 187.0)(131.5, 187.0)(131.5, 204.0)(147.0, 204.0)(147.0, 265.0)(20.0, 265.0);GATE
Port:(34.5, 255.0)(132.5, 255.0)(132.5, 265.0)(34.5, 265.0);SD
Port:(20.0, 187.0)(131.5, 187.0)(131.5, 204.0)(147.0, 204.0)(147.0, 250.0)(20.0, 250.0);GATE
Port:(30.0, 192.0)(117.0, 192.0)(117.0, 196.0)(30.0, 196.0);SD
Module:M19
Boundary:(223.0, 305.0)(299.0, 305.0)(299.0, 313.0)(314.0, 313.0)(314.0, 390.0)(223.0, 390.0);GATE
Port:(237.5, 380.0)(299.5, 380.0)(299.5, 390.0)(237.5, 390.0);SD
Port:(223.0, 305.0)(299.0, 305.0)(299.0, 313.0)(314.0, 313.0)(314.0, 375.0)(223.0, 375.0);GATE
Port:(233.0, 310.0)(284.0, 310.0)(284.0, 314.0)(233.0, 314.0);SD
Module:M6
Boundary:(423.0, 757.0)(570.5, 757.0)(570.5, 773.0)(586.0, 773.0)(586.0, 903.0)(423.0, 903.0);GATE
Port:(437.5, 893.0)(571.5, 893.0)(571.5, 903.0)(437.5, 903.0);SD
Port:(423.0, 757.0)(570.5, 757.0)(570.5, 773.0)(586.0, 773.0)(586.0, 888.0)(423.0, 888.0);GATE
Port:(433.0, 762.0)(556.0, 762.0)(556.0, 766.0)(433.0, 766.0);SD
Module:M2
Boundary:(385.0, 421.0)(478.5, 421.0)(478.5, 500.1)(584.0, 500.1)(584.0, 604.0)(385.0, 604.0);GATE
Port:(399.5, 594.0)(569.5, 594.0)(569.5, 604.0)(399.5, 604.0);SD
Port:(385.0, 421.0)(478.5, 421.0)(478.5, 500.1)(584.0, 500.1)(584.0, 589.0)(385.0, 589.0);GATE
Port:(395.0, 426.0)(464.0, 426.0)(464.0, 430.0)(395.0, 430.0);SD
Module:M16
Boundary:(197.0, 647.0)(197.0, 758.5)(143.2, 758.5)(143.2, 810.0)(20.0, 810.0)(20.0, 647.0);GATE
Port:(20.0, 661.5)(30.0, 661.5)(30.0, 795.5)(20.0, 795.5);SD
Port:(197.0, 647.0)(197.0, 758.5)(143.2, 758.5)(143.2, 810.0)(35.0, 810.0)(35.0, 647.0);GATE
Port:(188.0, 657.0)(192.0, 657.0)(192.0, 744.0)(188.0, 744.0);SD
Module:M13
Boundary:(383.0, 647.0)(383.0, 794.5)(367.0, 794.5)(367.0, 810.0)(237.0, 810.0)(237.0, 647.0);GATE
Port:(237.0, 661.5)(247.0, 661.5)(247.0, 795.5)(237.0, 795.5);SD
Port:(383.0, 647.0)(383.0, 794.5)(367.0, 794.5)(367.0, 810.0)(252.0, 810.0)(252.0, 647.0);GATE
Port:(374.0, 657.0)(378.0, 657.0)(378.0, 780.0)(374.0, 780.0);SD
Module:M10
Boundary:(20.0, 305.0)(95.5, 305.0)(95.5, 345.0)(183.0, 345.0)(183.0, 398.0)(20.0, 398.0);GATE
Port:(34.5, 388.0)(168.5, 388.0)(168.5, 398.0)(34.5, 398.0);SD
Port:(20.0, 305.0)(95.5, 305.0)(95.5, 345.0)(183.0, 345.0)(183.0, 383.0)(20.0, 383.0);GATE
Port:(30.0, 310.0)(81.0, 310.0)(81.0, 314.0)(30.0, 314.0);SD
Module:M7
Boundary:(402.0, 20.0)(531.5, 20.0)(531.5, 68.2)(583.0, 68.2)(583.0, 178.0)(402.0, 178.0);GATE
Port:(416.5, 168.0)(568.5, 168.0)(568.5, 178.0)(416.5, 178.0);SD
Port:(402.0, 20.0)(531.5, 20.0)(531.5, 68.2)(583.0, 68.2)(583.0, 163.0)(402.0, 163.0);GATE
Port:(412.0, 25.0)(517.0, 25.0)(517.0, 29.0)(412.0, 29.0);SD
Module:M3
Boundary:(159.0, 20.0)(159.0, 131.5)(147.0, 131.5)(147.0, 147.0)(20.0, 147.0)(20.0, 20.0);GATE
Port:(20.0, 34.5)(30.0, 34.5)(30.0, 132.5)(20.0, 132.5);SD
Port:(159.0, 20.0)(159.0, 131.5)(147.0, 131.5)(147.0, 147.0)(35.0, 147.0)(35.0, 20.0);GATE
Port:(150.0, 30.0)(154.0, 30.0)(154.0, 117.0)(150.0, 117.0);SD
Module:M18
Boundary:(199.0, 20.0)(346.5, 20.0)(346.5, 36.0)(362.0, 36.0)(362.0, 134.0)(199.0, 134.0);GATE
Port:(213.5, 124.0)(347.5, 124.0)(347.5, 134.0)(213.5, 134.0);SD
Port:(199.0, 20.0)(346.5, 20.0)(346.5, 36.0)(362.0, 36.0)(362.0, 119.0)(199.0, 119.0);GATE
Port:(209.0, 25.0)(332.0, 25.0)(332.0, 29.0)(209.0, 29.0);SD
Module:M20
Boundary:(308.0, 174.0)(308.0, 250.0)(300.0, 250.0)(300.0, 265.0)(199.0, 265.0)(199.0, 174.0);GATE
Port:(199.0, 188.5)(209.0, 188.5)(209.0, 250.5)(199.0, 250.5);SD
Port:(308.0, 174.0)(308.0, 250.0)(300.0, 250.0)(300.0, 265.0)(214.0, 265.0)(214.0, 174.0);GATE
Port:(299.0, 184.0)(303.0, 184.0)(303.0, 235.0)(299.0, 235.0);SD
Module:M15
Boundary:(190.0, 1035.0)(190.0, 1164.5)(176.0, 1164.5)(176.0, 1180.0)(20.0, 1180.0)(20.0, 1035.0);GATE
Port:(20.0, 1049.5)(30.0, 1049.5)(30.0, 1165.5)(20.0, 1165.5);SD
Port:(190.0, 1035.0)(190.0, 1164.5)(176.0, 1164.5)(176.0, 1180.0)(35.0, 1180.0)(35.0, 1035.0);GATE
Port:(181.0, 1045.0)(185.0, 1045.0)(185.0, 1150.0)(181.0, 1150.0);SD
Module:M12
Boundary:(457.0, 218.0)(568.5, 218.0)(568.5, 230.0)(584.0, 230.0)(584.0, 360.0)(457.0, 360.0);GATE
Port:(471.5, 350.0)(569.5, 350.0)(569.5, 360.0)(471.5, 360.0);SD
Port:(457.0, 218.0)(568.5, 218.0)(568.5, 230.0)(584.0, 230.0)(584.0, 345.0)(457.0, 345.0);GATE
Port:(467.0, 223.0)(554.0, 223.0)(554.0, 227.0)(467.0, 227.0);SD
Module:M8
Boundary:(357.0, 1035.0)(357.0, 1164.5)(343.0, 1164.5)(343.0, 1180.0)(230.0, 1180.0)(230.0, 1035.0);GATE
Port:(230.0, 1049.5)(240.0, 1049.5)(240.0, 1165.5)(230.0, 1165.5);SD
Port:(357.0, 1035.0)(357.0, 1164.5)(343.0, 1164.5)(343.0, 1180.0)(245.0, 1180.0)(245.0, 1035.0);GATE
Port:(348.0, 1045.0)(352.0, 1045.0)(352.0, 1150.0)(348.0, 1150.0);SD
Module:M4
Boundary:(417.0, 218.0)(417.0, 365.5)(401.0, 365.5)(401.0, 381.0)(354.0, 381.0)(354.0, 218.0);GATE
Port:(354.0, 232.5)(364.0, 232.5)(364.0, 366.5)(354.0, 366.5);SD
Port:(417.0, 218.0)(417.0, 365.5)(401.0, 365.5)(401.0, 381.0)(369.0, 381.0)(369.0, 218.0);GATE
Port:(408.0, 228.0)(412.0, 228.0)(412.0, 351.0)(408.0, 351.0);SD
Module:M17
Boundary:(20.0, 850.0)(131.5, 850.0)(131.5, 862.0)(147.0, 862.0)(147.0, 985.0)(20.0, 985.0);GATE
Port:(34.5, 975.0)(132.5, 975.0)(132.5, 985.0)(34.5, 985.0);SD
Port:(20.0, 850.0)(131.5, 850.0)(131.5, 862.0)(147.0, 862.0)(147.0, 970.0)(20.0, 970.0);GATE
Port:(30.0, 855.0)(117.0, 855.0)(117.0, 859.0)(30.0, 859.0);SD
