Area:(-20.0, -20.0)(430.4, -20.0)(430.4, 1043.3)(-20.0, 1043.3)
Rule:GATE(5,5);SD(5,5);GATE_SD(0.5);GATE_ITO(0.5);SD_ITO(0.5)
Module:M14
Boundary:(275.3, 474.4)(275.3, 580.7)(198.4, 580.7)(198.4, 597.5)(141.4, 597.5)(141.4, 474.4);GATE
Port:(141.4, 488.0)(145.5, 488.0)(145.5, 583.9)(141.4, 583.9);SD
Port:(275.3, 474.4)(275.3, 580.7)(198.4, 580.7)(198.4, 597.5)(148.3, 597.5)(148.3, 474.4);GATE
Port:(265.0, 479.6)(271.1, 479.6)(271.1, 574.5)(265.0, 574.5);SD
Module:M9
Boundary:(246.2, 263.0)(246.2, 310.6)(20.0, 310.6)(20.0, 263.0);GATE
Port:(20.0, 275.7)(24.3, 275.7)(24.3, 297.9)(20.0, 297.9);SD
Port:(246.2, 263.0)(246.2, 310.6)(26.4, 310.6)(26.4, 263.0);GATE
Port:(235.9, 268.3)(241.9, 268.3)(241.9, 305.3)(235.9, 305.3);SD
Module:M5
Boundary:(20.0, 350.6)(91.4, 350.6)(91.4, 566.5)(20.0, 566.5);GATE
Port:(32.8, 562.2)(78.6, 562.2)(78.6, 566.5)(32.8, 566.5);SD
Port:(20.0, 350.6)(91.4, 350.6)(91.4, 559.8)(20.0, 559.8);GATE
Port:(26.9, 356.5)(84.5, 356.5)(84.5, 361.5)(26.9, 361.5);SD
Module:M11
Boundary:(387.8, 917.1)(387.8, 1003.3)(199.7, 1003.3)(199.7, 917.1);GATE
Port:(199.7, 931.3)(204.0, 931.3)(204.0, 989.1)(199.7, 989.1);SD
Port:(387.8, 917.1)(387.8, 1003.3)(205.2, 1003.3)(205.2, 917.1);GATE
Port:(377.0, 923.1)(382.8, 923.1)(382.8, 997.3)(377.0, 997.3);SD
Module:M1
Boundary:(149.7, 927.1)(149.7, 978.3)(149.6, 978.3)(149.6, 993.8)(30.0, 993.8)(30.0, 927.1);GATE
Port:(30.0, 941.5)(34.5, 941.5)(34.5, 979.4)(30.0, 979.4);SD
Port:(149.7, 927.1)(149.7, 978.3)(149.6, 978.3)(149.6, 993.8)(36.9, 993.8)(36.9, 927.1);GATE
Port:(137.9, 934.0)(143.8, 934.0)(143.8, 971.4)(137.9, 971.4);SD
Module:M6
Boundary:(325.3, 447.0)(373.3, 447.0)(373.3, 468.1)(387.8, 468.1)(387.8, 575.8)(325.3, 575.8);GATE
Port:(337.7, 571.7)(375.4, 571.7)(375.4, 575.8)(337.7, 575.8);SD
Port:(325.3, 447.0)(373.3, 447.0)(373.3, 468.1)(387.8, 468.1)(387.8, 570.4)(325.3, 570.4);GATE
Port:(330.4, 451.1)(367.2, 451.1)(367.2, 456.7)(330.4, 456.7);SD
Module:M2
Boundary:(246.5, 350.6)(246.5, 411.2)(219.6, 411.2)(219.6, 424.4)(131.4, 424.4)(131.4, 350.6);GATE
Port:(131.4, 362.7)(137.3, 362.7)(137.3, 412.3)(131.4, 412.3);SD
Port:(246.5, 350.6)(246.5, 411.2)(219.6, 411.2)(219.6, 424.4)(139.9, 424.4)(139.9, 350.6);GATE
Port:(236.3, 357.2)(240.9, 357.2)(240.9, 403.6)(236.3, 403.6);SD
Module:M16
Boundary:(267.2, 20.0)(367.4, 20.0)(367.4, 66.4)(382.6, 66.4)(382.6, 161.3)(267.2, 161.3);GATE
Port:(280.5, 156.7)(369.3, 156.7)(369.3, 161.3)(280.5, 161.3);SD
Port:(267.2, 20.0)(367.4, 20.0)(367.4, 66.4)(382.6, 66.4)(382.6, 155.6)(267.2, 155.6);GATE
Port:(273.9, 25.7)(359.7, 25.7)(359.7, 31.4)(273.9, 31.4);SD
Module:M13
Boundary:(328.4, 615.8)(375.8, 615.8)(375.8, 615.9)(390.4, 615.9)(390.4, 747.8)(328.4, 747.8);GATE
Port:(341.2, 742.0)(377.6, 742.0)(377.6, 747.8)(341.2, 747.8);SD
Port:(328.4, 615.8)(375.8, 615.8)(375.8, 615.9)(390.4, 615.9)(390.4, 740.1)(328.4, 740.1);GATE
Port:(335.0, 621.4)(369.2, 621.4)(369.2, 626.7)(335.0, 626.7);SD
Module:M10
Boundary:(142.6, 804.2)(142.6, 855.3)(123.3, 855.3)(123.3, 869.5)(20.0, 869.5)(20.0, 804.2);GATE
Port:(20.0, 817.9)(25.5, 817.9)(25.5, 855.8)(20.0, 855.8);SD
Port:(142.6, 804.2)(142.6, 855.3)(123.3, 855.3)(123.3, 869.5)(27.8, 869.5)(27.8, 804.2);GATE
Port:(130.5, 810.9)(136.9, 810.9)(136.9, 847.6)(130.5, 847.6);SD
Module:M7
Boundary:(20.0, 606.5)(77.3, 606.5)(77.3, 606.7)(91.0, 606.7)(91.0, 764.2)(20.0, 764.2);GATE
Port:(31.9, 759.4)(79.1, 759.4)(79.1, 764.2)(31.9, 764.2);SD
Port:(20.0, 606.5)(77.3, 606.5)(77.3, 606.7)(91.0, 606.7)(91.0, 758.2)(20.0, 758.2);GATE
Port:(25.9, 611.4)(71.4, 611.4)(71.4, 616.7)(25.9, 616.7);SD
Module:M3
Boundary:(288.4, 647.5)(288.4, 744.0)(131.0, 744.0)(131.0, 647.5);GATE
Port:(131.0, 660.3)(135.8, 660.3)(135.8, 731.2)(131.0, 731.2);SD
Port:(288.4, 647.5)(288.4, 744.0)(137.3, 744.0)(137.3, 647.5);GATE
Port:(279.0, 653.4)(283.5, 653.4)(283.5, 738.1)(279.0, 738.1);SD
Module:M15
Boundary:(286.5, 201.3)(368.3, 201.3)(368.3, 201.4)(383.9, 201.4)(383.9, 407.0)(286.5, 407.0);GATE
Port:(300.5, 402.4)(369.9, 402.4)(369.9, 407.0)(300.5, 407.0);SD
Port:(286.5, 201.3)(368.3, 201.3)(368.3, 201.4)(383.9, 201.4)(383.9, 400.4)(286.5, 400.4);GATE
Port:(293.5, 207.3)(361.3, 207.3)(361.3, 213.2)(293.5, 213.2);SD
Module:M12
Boundary:(20.0, 20.0)(113.9, 20.0)(113.9, 55.8)(127.9, 55.8)(127.9, 221.6)(20.0, 221.6);GATE
Port:(33.3, 216.5)(114.6, 216.5)(114.6, 221.6)(33.3, 221.6);SD
Port:(20.0, 20.0)(113.9, 20.0)(113.9, 55.8)(127.9, 55.8)(127.9, 214.9)(20.0, 214.9);GATE
Port:(26.8, 25.8)(106.1, 25.8)(106.1, 30.8)(26.8, 30.8);SD
Module:M8
Boundary:(375.1, 787.8)(375.1, 860.7)(325.8, 860.7)(325.8, 877.1)(182.6, 877.1)(182.6, 787.8);GATE
Port:(182.6, 803.0)(188.1, 803.0)(188.1, 861.9)(182.6, 861.9);SD
Port:(375.1, 787.8)(375.1, 860.7)(325.8, 860.7)(325.8, 877.1)(190.2, 877.1)(190.2, 787.8);GATE
Port:(363.4, 794.2)(369.7, 794.2)(369.7, 853.3)(363.4, 853.3);SD
Module:M4
Boundary:(167.9, 20.0)(213.5, 20.0)(213.5, 128.2)(227.2, 128.2)(227.2, 223.0)(167.9, 223.0);GATE
Port:(179.1, 218.7)(216.0, 218.7)(216.0, 223.0)(179.1, 223.0);SD
Port:(167.9, 20.0)(213.5, 20.0)(213.5, 128.2)(227.2, 128.2)(227.2, 216.4)(167.9, 216.4);GATE
Port:(173.8, 24.9)(206.6, 24.9)(206.6, 29.3)(173.8, 29.3);SD
