Area:(-6.6, 2.8)(789.3, 2.8)(789.3, 682.0)(-6.6, 682.0)
Rule:GATE(5,5);SD(5,5);GATE_SD(0.5);GATE_ITO(0.5);SD_ITO(0.5)
Module:M1
Boundary:(364.0, 136.9)(364.0, 67.0)(363.9, 67.0)(363.9, 50.5)(177.8, 50.5)(177.8, 136.9);GATE
Port:(177.8, 65.1)(182.2, 65.1)(182.2, 122.3)(177.8, 122.3);SD
Port:(364.0, 136.9)(364.0, 67.0)(363.9, 67.0)(363.9, 50.5)(184.7, 50.5)(184.7, 136.9);GATE
Port:(351.4, 73.9)(358.1, 73.9)(358.1, 130.0)(351.4, 130.0);SD
Module:M11
Boundary:(602.7, 137.9)(602.7, 42.8)(387.9, 42.8)(387.9, 137.9);GATE
Port:(387.9, 56.3)(392.1, 56.3)(392.1, 124.4)(387.9, 124.4);SD
Port:(602.7, 137.9)(602.7, 42.8)(393.3, 42.8)(393.3, 137.9);GATE
Port:(590.9, 48.7)(597.8, 48.7)(597.8, 132.0)(590.9, 132.0);SD
Module:M15
Boundary:(735.9, 66.9)(735.9, 158.8)(735.8, 158.8)(735.8, 173.2)(616.5, 173.2)(616.5, 66.9);GATE
Port:(616.5, 80.1)(622.0, 80.1)(622.0, 160.0)(616.5, 160.0);SD
Port:(735.9, 66.9)(735.9, 158.8)(735.8, 158.8)(735.8, 173.2)(624.8, 173.2)(624.8, 66.9);GATE
Port:(724.4, 73.6)(730.2, 73.6)(730.2, 152.1)(724.4, 152.1);SD
Module:M2
Boundary:(55.9, 72.5)(151.0, 72.5)(151.0, 149.3)(164.8, 149.3)(164.8, 225.8)(55.9, 225.8);GATE
Port:(70.0, 220.6)(150.7, 220.6)(150.7, 225.8)(70.0, 225.8);SD
Port:(55.9, 72.5)(151.0, 72.5)(151.0, 149.3)(164.8, 149.3)(164.8, 219.4)(55.9, 219.4);GATE
Port:(61.7, 77.3)(144.2, 77.3)(144.2, 84.8)(61.7, 84.8);SD
Module:M20
Boundary:(533.6, 172.0)(533.6, 236.5)(432.3, 236.5)(432.3, 250.5)(304.9, 250.5)(304.9, 172.0);GATE
Port:(304.9, 185.5)(309.7, 185.5)(309.7, 237.0)(304.9, 237.0);SD
Port:(533.6, 172.0)(533.6, 236.5)(432.3, 236.5)(432.3, 250.5)(312.2, 250.5)(312.2, 172.0);GATE
Port:(522.2, 177.5)(529.1, 177.5)(529.1, 230.0)(522.2, 230.0);SD
Module:M12
Boundary:(546.3, 190.1)(546.3, 243.2)(650.6, 243.2)(650.6, 257.6)(748.4, 257.6)(748.4, 190.1);GATE
Port:(743.5, 205.4)(748.4, 205.4)(748.4, 242.3)(743.5, 242.3);SD
Port:(546.3, 190.1)(546.3, 243.2)(650.6, 243.2)(650.6, 257.6)(741.6, 257.6)(741.6, 190.1);GATE
Port:(552.2, 197.0)(559.1, 197.0)(559.1, 235.3)(552.2, 235.3);SD
Module:M7
Boundary:(191.2, 183.6)(287.2, 183.6)(287.2, 282.6)(191.2, 282.6);GATE
Port:(204.1, 277.6)(274.3, 277.6)(274.3, 282.6)(204.1, 282.6);SD
Port:(191.2, 183.6)(287.2, 183.6)(287.2, 275.0)(191.2, 275.0);GATE
Port:(196.7, 188.1)(281.7, 188.1)(281.7, 193.9)(196.7, 193.9);SD
Module:M6
Boundary:(723.2, 347.6)(723.2, 300.9)(689.0, 300.9)(689.0, 288.0)(615.5, 288.0)(615.5, 347.6);GATE
Port:(615.5, 300.4)(619.8, 300.4)(619.8, 335.2)(615.5, 335.2);SD
Port:(723.2, 347.6)(723.2, 300.9)(689.0, 300.9)(689.0, 288.0)(621.3, 288.0)(621.3, 347.6);GATE
Port:(712.3, 307.6)(718.5, 307.6)(718.5, 341.9)(712.3, 341.9);SD
Module:M9
Boundary:(184.3, 346.5)(184.3, 296.0)(324.6, 296.0)(324.6, 346.5);GATE
Port:(318.8, 309.9)(324.6, 309.9)(324.6, 332.6)(318.8, 332.6);SD
Port:(184.3, 346.5)(184.3, 296.0)(317.6, 296.0)(317.6, 346.5);GATE
Port:(189.7, 302.4)(195.0, 302.4)(195.0, 340.1)(189.7, 340.1);SD
Module:M16
Boundary:(555.0, 263.5)(555.0, 339.7)(441.1, 339.7)(441.1, 356.8)(366.0, 356.8)(366.0, 263.5);GATE
Port:(366.0, 279.8)(370.8, 279.8)(370.8, 340.5)(366.0, 340.5);SD
Port:(555.0, 263.5)(555.0, 339.7)(441.1, 339.7)(441.1, 356.8)(372.3, 356.8)(372.3, 263.5);GATE
Port:(542.1, 269.9)(549.6, 269.9)(549.6, 332.3)(542.1, 332.3);SD
Module:M10
Boundary:(140.5, 247.3)(50.1, 247.3)(50.1, 315.3)(33.4, 315.3)(33.4, 409.6)(140.5, 409.6);GATE
Port:(47.8, 403.8)(126.1, 403.8)(126.1, 409.6)(47.8, 409.6);SD
Port:(140.5, 247.3)(50.1, 247.3)(50.1, 315.3)(33.4, 315.3)(33.4, 400.9)(140.5, 400.9);GATE
Port:(57.7, 252.9)(133.9, 252.9)(133.9, 259.0)(57.7, 259.0);SD
Module:M3
Boundary:(561.1, 273.1)(608.4, 273.1)(608.4, 424.6)(561.1, 424.6);GATE
Port:(574.2, 419.0)(595.3, 419.0)(595.3, 424.6)(574.2, 424.6);SD
Port:(561.1, 273.1)(608.4, 273.1)(608.4, 416.2)(561.1, 416.2);GATE
Port:(567.3, 278.3)(602.2, 278.3)(602.2, 284.1)(567.3, 284.1);SD
Module:M8
Boundary:(511.7, 384.8)(511.7, 472.8)(457.8, 472.8)(457.8, 486.2)(306.6, 486.2)(306.6, 384.8);GATE
Port:(306.6, 396.1)(312.2, 396.1)(312.2, 474.9)(306.6, 474.9);SD
Port:(511.7, 384.8)(511.7, 472.8)(457.8, 472.8)(457.8, 486.2)(315.2, 486.2)(315.2, 384.8);GATE
Port:(502.6, 390.0)(507.5, 390.0)(507.5, 466.6)(502.6, 466.6);SD
Module:M13
Boundary:(201.7, 487.9)(299.4, 487.9)(299.4, 346.6)(201.7, 346.6);GATE
Port:(214.5, 346.6)(286.6, 346.6)(286.6, 350.8)(214.5, 350.8);SD
Port:(201.7, 487.9)(299.4, 487.9)(299.4, 351.9)(201.7, 351.9);GATE
Port:(207.0, 477.5)(294.1, 477.5)(294.1, 483.6)(207.0, 483.6);SD
Module:M17
Boundary:(749.3, 347.7)(667.6, 347.7)(667.6, 347.9)(651.4, 347.9)(651.4, 493.1)(749.3, 493.1);GATE
Port:(664.1, 487.6)(736.6, 487.6)(736.6, 493.1)(664.1, 493.1);SD
Port:(749.3, 347.7)(667.6, 347.7)(667.6, 347.9)(651.4, 347.9)(651.4, 486.5)(749.3, 486.5);GATE
Port:(673.1, 352.2)(743.8, 352.2)(743.8, 357.8)(673.1, 357.8);SD
Module:M4
Boundary:(53.9, 616.0)(132.9, 616.0)(132.9, 580.7)(146.9, 580.7)(146.9, 415.6)(53.9, 415.6);GATE
Port:(67.0, 415.6)(133.8, 415.6)(133.8, 421.0)(67.0, 421.0);SD
Port:(53.9, 616.0)(132.9, 616.0)(132.9, 580.7)(146.9, 580.7)(146.9, 422.1)(53.9, 422.1);GATE
Port:(60.1, 604.5)(125.7, 604.5)(125.7, 610.8)(60.1, 610.8);SD
Module:M14
Boundary:(557.5, 616.4)(622.1, 616.4)(622.1, 585.8)(635.8, 585.8)(635.8, 437.0)(557.5, 437.0);GATE
Port:(571.5, 437.0)(621.8, 437.0)(621.8, 441.7)(571.5, 441.7);SD
Port:(557.5, 616.4)(622.1, 616.4)(622.1, 585.8)(635.8, 585.8)(635.8, 443.5)(557.5, 443.5);GATE
Port:(564.1, 604.7)(614.5, 604.7)(614.5, 610.8)(564.1, 610.8);SD
Module:M5
Boundary:(535.5, 618.8)(535.5, 518.3)(535.1, 518.3)(535.1, 502.1)(375.0, 502.1)(375.0, 618.8);GATE
Port:(375.0, 516.6)(380.7, 516.6)(380.7, 604.3)(375.0, 604.3);SD
Port:(535.5, 618.8)(535.5, 518.3)(535.1, 518.3)(535.1, 502.1)(383.2, 502.1)(383.2, 618.8);GATE
Port:(523.6, 524.3)(530.5, 524.3)(530.5, 612.8)(523.6, 612.8);SD
Module:M19
Boundary:(719.1, 613.8)(653.5, 613.8)(653.5, 613.6)(638.2, 613.6)(638.2, 504.3)(719.1, 504.3);GATE
Port:(652.0, 504.3)(705.3, 504.3)(705.3, 510.2)(652.0, 510.2);SD
Port:(719.1, 613.8)(653.5, 613.8)(653.5, 613.6)(638.2, 613.6)(638.2, 512.9)(719.1, 512.9);GATE
Port:(660.1, 601.9)(712.5, 601.9)(712.5, 608.2)(660.1, 608.2);SD
Module:M18
Boundary:(348.2, 642.0)(348.2, 544.8)(292.3, 544.8)(292.3, 530.4)(182.4, 530.4)(182.4, 642.0);GATE
Port:(182.4, 544.5)(187.3, 544.5)(187.3, 627.9)(182.4, 627.9);SD
Port:(348.2, 642.0)(348.2, 544.8)(292.3, 544.8)(292.3, 530.4)(189.0, 530.4)(189.0, 642.0);GATE
Port:(336.3, 551.3)(343.7, 551.3)(343.7, 636.5)(336.3, 636.5);SD
