Area:(-8.8, -20.0)(350.9, -20.0)(350.9, 355.6)(-8.8, 355.6)
Rule:GATE(5,5);SD(5,5);GATE_SD(0.5);GATE_ITO(0.5);SD_ITO(0.5)
Module:M3
Boundary:(286.0, 140.9)(215.6, 140.9)(215.6, 140.7)(197.9, 140.7)(197.9, 50.7)(286.0, 50.7);GATE
Port:(211.5, 50.7)(272.4, 50.7)(272.4, 56.0)(211.5, 56.0);SD
Port:(286.0, 140.9)(215.6, 140.9)(215.6, 140.7)(197.9, 140.7)(197.9, 58.9)(286.0, 58.9);GATE
Port:(221.3, 130.2)(280.3, 130.2)(280.3, 136.2)(221.3, 136.2);SD
Module:M5
Boundary:(134.6, 215.8)(194.9, 215.8)(194.9, 20.0)(134.6, 20.0);GATE
Port:(146.7, 20.0)(182.8, 20.0)(182.8, 24.3)(146.7, 24.3);SD
Port:(134.6, 215.8)(194.9, 215.8)(194.9, 26.0)(134.6, 26.0);GATE
Port:(140.5, 206.5)(189.0, 206.5)(189.0, 210.9)(140.5, 210.9);SD
Module:M4
Boundary:(128.3, 240.9)(44.1, 240.9)(44.1, 164.2)(31.2, 164.2)(31.2, 26.6)(128.3, 26.6);GATE
Port:(41.6, 26.6)(117.9, 26.6)(117.9, 31.3)(41.6, 31.3);SD
Port:(128.3, 240.9)(44.1, 240.9)(44.1, 164.2)(31.2, 164.2)(31.2, 34.1)(128.3, 34.1);GATE
Port:(50.3, 232.5)(123.1, 232.5)(123.1, 236.7)(50.3, 236.7);SD
Module:M1
Boundary:(310.9, 303.4)(261.1, 303.4)(261.1, 303.3)(245.1, 303.3)(245.1, 151.0)(310.9, 151.0);GATE
Port:(258.2, 151.0)(297.8, 151.0)(297.8, 155.7)(258.2, 155.7);SD
Port:(310.9, 303.4)(261.1, 303.4)(261.1, 303.3)(245.1, 303.3)(245.1, 158.0)(310.9, 158.0);GATE
Port:(267.4, 292.3)(304.6, 292.3)(304.6, 298.1)(267.4, 298.1);SD
Module:M2
Boundary:(237.4, 253.9)(237.4, 302.5)(184.4, 302.5)(184.4, 315.6)(35.2, 315.6)(35.2, 253.9);GATE
Port:(35.2, 267.5)(40.0, 267.5)(40.0, 302.0)(35.2, 302.0);SD
Port:(237.4, 253.9)(237.4, 302.5)(184.4, 302.5)(184.4, 315.6)(41.6, 315.6)(41.6, 253.9);GATE
Port:(225.6, 259.7)(232.6, 259.7)(232.6, 295.7)(225.6, 295.7);SD
