Area:(-20.0, -20.0)(1004.0, -20.0)(1004.0, 1183.1)(-20.0, 1183.1)
Rule:GATE(5,5);SD(5,5);GATE_SD(0.5);GATE_ITO(0.5);SD_ITO(0.5)
Module:M14
Boundary:(756.2, 367.9)(804.2, 367.9)(804.2, 388.7)(818.4, 388.7)(818.4, 444.5)(756.2, 444.5);GATE
Port:(768.3, 439.7)(806.3, 439.7)(806.3, 444.5)(768.3, 444.5);SD
Port:(756.2, 367.9)(804.2, 367.9)(804.2, 388.7)(818.4, 388.7)(818.4, 438.0)(756.2, 438.0);GATE
Port:(761.3, 372.0)(798.1, 372.0)(798.1, 378.2)(761.3, 378.2);SD
Module:M9
Boundary:(168.9, 276.7)(265.1, 276.7)(265.1, 277.1)(283.6, 277.1)(283.6, 402.5)(168.9, 402.5);GATE
Port:(185.3, 398.1)(267.2, 398.1)(267.2, 402.5)(185.3, 402.5);SD
Port:(168.9, 276.7)(265.1, 276.7)(265.1, 277.1)(283.6, 277.1)(283.6, 395.7)(168.9, 395.7);GATE
Port:(175.5, 282.3)(258.5, 282.3)(258.5, 290.3)(175.5, 290.3);SD
Module:M5
Boundary:(513.1, 278.1)(513.1, 398.1)(323.6, 398.1)(323.6, 278.1);GATE
Port:(323.6, 292.5)(328.5, 292.5)(328.5, 383.7)(323.6, 383.7);SD
Port:(513.1, 278.1)(513.1, 398.1)(330.5, 398.1)(330.5, 278.1);GATE
Port:(501.9, 285.0)(507.2, 285.0)(507.2, 391.2)(501.9, 391.2);SD
Module:M11
Boundary:(716.2, 272.7)(716.2, 355.8)(553.1, 355.8)(553.1, 272.7);GATE
Port:(553.1, 286.6)(557.5, 286.6)(557.5, 341.9)(553.1, 341.9);SD
Port:(716.2, 272.7)(716.2, 355.8)(559.5, 355.8)(559.5, 272.7);GATE
Port:(704.9, 279.5)(710.4, 279.5)(710.4, 349.0)(704.9, 349.0);SD
Module:M1
Boundary:(88.5, 928.3)(88.5, 993.2)(88.4, 993.2)(88.4, 1008.7)(20.0, 1008.7)(20.0, 928.3);GATE
Port:(20.0, 941.3)(24.3, 941.3)(24.3, 995.7)(20.0, 995.7);SD
Port:(88.5, 928.3)(88.5, 993.2)(88.4, 993.2)(88.4, 1008.7)(26.9, 1008.7)(26.9, 928.3);GATE
Port:(77.1, 933.8)(84.0, 933.8)(84.0, 987.7)(77.1, 987.7);SD
Module:M43
Boundary:(390.4, 438.1)(450.8, 438.1)(450.8, 579.6)(390.4, 579.6);GATE
Port:(403.3, 574.1)(437.9, 574.1)(437.9, 579.6)(403.3, 579.6);SD
Port:(390.4, 438.1)(450.8, 438.1)(450.8, 571.7)(390.4, 571.7);GATE
Port:(396.8, 443.5)(444.4, 443.5)(444.4, 449.2)(396.8, 449.2);SD
Module:M38
Boundary:(696.9, 20.0)(696.9, 116.0)(662.1, 116.0)(662.1, 129.9)(498.5, 129.9)(498.5, 20.0);GATE
Port:(498.5, 34.4)(503.4, 34.4)(503.4, 115.5)(498.5, 115.5);SD
Port:(696.9, 20.0)(696.9, 116.0)(662.1, 116.0)(662.1, 129.9)(505.6, 129.9)(505.6, 20.0);GATE
Port:(684.5, 26.8)(691.1, 26.8)(691.1, 108.2)(684.5, 108.2);SD
Module:M40
Boundary:(873.6, 652.1)(939.9, 652.1)(939.9, 688.4)(954.9, 688.4)(954.9, 857.9)(873.6, 857.9);GATE
Port:(886.9, 852.2)(941.6, 852.2)(941.6, 857.9)(886.9, 857.9);SD
Port:(873.6, 652.1)(939.9, 652.1)(939.9, 688.4)(954.9, 688.4)(954.9, 850.3)(873.6, 850.3);GATE
Port:(879.8, 657.3)(932.7, 657.3)(932.7, 663.0)(879.8, 663.0);SD
Module:M35
Boundary:(347.8, 127.2)(456.6, 127.2)(456.6, 238.1)(347.8, 238.1);GATE
Port:(360.3, 233.6)(444.1, 233.6)(444.1, 238.1)(360.3, 238.1);SD
Port:(347.8, 127.2)(456.6, 127.2)(456.6, 231.0)(347.8, 231.0);GATE
Port:(352.9, 131.3)(451.5, 131.3)(451.5, 137.8)(352.9, 137.8);SD
Module:M32
Boundary:(260.3, 607.3)(327.1, 607.3)(327.1, 645.2)(340.4, 645.2)(340.4, 697.2)(260.3, 697.2);GATE
Port:(273.8, 691.4)(326.9, 691.4)(326.9, 697.2)(273.8, 697.2);SD
Port:(260.3, 607.3)(327.1, 607.3)(327.1, 645.2)(340.4, 645.2)(340.4, 688.5)(260.3, 688.5);GATE
Port:(265.7, 611.7)(319.7, 611.7)(319.7, 619.0)(265.7, 619.0);SD
Module:M27
Boundary:(649.1, 395.8)(713.1, 395.8)(713.1, 574.4)(649.1, 574.4);GATE
Port:(662.8, 569.0)(699.4, 569.0)(699.4, 574.4)(662.8, 574.4);SD
Port:(649.1, 395.8)(713.1, 395.8)(713.1, 566.9)(649.1, 566.9);GATE
Port:(655.7, 401.4)(706.5, 401.4)(706.5, 407.9)(655.7, 407.9);SD
Module:M24
Boundary:(250.3, 885.2)(314.5, 885.2)(314.5, 906.0)(328.9, 906.0)(328.9, 980.2)(250.3, 980.2);GATE
Port:(262.8, 975.6)(316.4, 975.6)(316.4, 980.2)(262.8, 980.2);SD
Port:(250.3, 885.2)(314.5, 885.2)(314.5, 906.0)(328.9, 906.0)(328.9, 972.8)(250.3, 972.8);GATE
Port:(256.6, 890.5)(307.2, 890.5)(307.2, 895.6)(256.6, 895.6);SD
Module:M19
Boundary:(325.8, 452.5)(325.8, 531.5)(325.7, 531.5)(325.7, 547.3)(178.9, 547.3)(178.9, 452.5);GATE
Port:(178.9, 464.6)(184.4, 464.6)(184.4, 535.2)(178.9, 535.2);SD
Port:(325.8, 452.5)(325.8, 531.5)(325.7, 531.5)(325.7, 547.3)(185.6, 547.3)(185.6, 452.5);GATE
Port:(316.3, 458.2)(321.1, 458.2)(321.1, 525.8)(316.3, 525.8);SD
Module:M6
Boundary:(128.2, 597.3)(194.9, 597.3)(194.9, 615.7)(210.3, 615.7)(210.3, 805.6)(128.2, 805.6);GATE
Port:(140.9, 801.0)(197.6, 801.0)(197.6, 805.6)(140.9, 805.6);SD
Port:(128.2, 597.3)(194.9, 597.3)(194.9, 615.7)(210.3, 615.7)(210.3, 798.2)(128.2, 798.2);GATE
Port:(134.3, 602.4)(187.8, 602.4)(187.8, 607.3)(134.3, 607.3);SD
Module:M21
Boundary:(307.8, 173.0)(307.8, 222.3)(307.8, 222.3)(307.8, 236.7)(158.5, 236.7)(158.5, 173.0);GATE
Port:(158.5, 187.2)(162.7, 187.2)(162.7, 222.5)(158.5, 222.5);SD
Port:(307.8, 173.0)(307.8, 222.3)(307.8, 222.3)(307.8, 236.7)(163.9, 236.7)(163.9, 173.0);GATE
Port:(295.6, 179.9)(301.9, 179.9)(301.9, 215.4)(295.6, 215.4);SD
Module:M2
Boundary:(891.9, 152.8)(941.4, 152.8)(941.4, 268.9)(954.8, 268.9)(954.8, 345.5)(891.9, 345.5);GATE
Port:(905.7, 340.2)(941.0, 340.2)(941.0, 345.5)(905.7, 345.5);SD
Port:(891.9, 152.8)(941.4, 152.8)(941.4, 268.9)(954.8, 268.9)(954.8, 339.0)(891.9, 339.0);GATE
Port:(898.3, 158.2)(934.0, 158.2)(934.0, 164.8)(898.3, 164.8);SD
Module:M16
Boundary:(756.2, 257.5)(837.0, 257.5)(837.0, 291.1)(851.9, 291.1)(851.9, 327.9)(756.2, 327.9);GATE
Port:(768.5, 323.0)(839.6, 323.0)(839.6, 327.9)(768.5, 327.9);SD
Port:(756.2, 257.5)(837.0, 257.5)(837.0, 291.1)(851.9, 291.1)(851.9, 321.6)(756.2, 321.6);GATE
Port:(761.6, 261.9)(830.6, 261.9)(830.6, 267.1)(761.6, 267.1);SD
Module:M13
Boundary:(826.0, 910.8)(826.0, 998.2)(725.9, 998.2)(725.9, 910.8);GATE
Port:(725.9, 925.1)(730.9, 925.1)(730.9, 983.9)(725.9, 983.9);SD
Port:(826.0, 910.8)(826.0, 998.2)(733.1, 998.2)(733.1, 910.8);GATE
Port:(815.2, 916.8)(821.0, 916.8)(821.0, 992.2)(815.2, 992.2);SD
Module:M45
Boundary:(715.3, 1045.0)(715.3, 1136.9)(495.0, 1136.9)(495.0, 1045.0);GATE
Port:(495.0, 1057.1)(499.2, 1057.1)(499.2, 1124.8)(495.0, 1124.8);SD
Port:(715.3, 1045.0)(715.3, 1136.9)(502.1, 1136.9)(502.1, 1045.0);GATE
Port:(704.9, 1050.0)(711.3, 1050.0)(711.3, 1131.9)(704.9, 1131.9);SD
Module:M10
Boundary:(490.8, 438.1)(592.9, 438.1)(592.9, 496.9)(609.1, 496.9)(609.1, 576.1)(490.8, 576.1);GATE
Port:(503.1, 571.8)(596.8, 571.8)(596.8, 576.1)(503.1, 576.1);SD
Port:(490.8, 438.1)(592.9, 438.1)(592.9, 496.9)(609.1, 496.9)(609.1, 570.6)(490.8, 570.6);GATE
Port:(495.9, 442.2)(586.8, 442.2)(586.8, 447.9)(495.9, 447.9);SD
Module:M42
Boundary:(875.1, 20.0)(948.6, 20.0)(948.6, 48.6)(961.6, 48.6)(961.6, 112.8)(875.1, 112.8);GATE
Port:(886.7, 108.3)(950.0, 108.3)(950.0, 112.8)(886.7, 112.8);SD
Port:(875.1, 20.0)(948.6, 20.0)(948.6, 48.6)(961.6, 48.6)(961.6, 107.0)(875.1, 107.0);GATE
Port:(881.4, 25.3)(941.3, 25.3)(941.3, 29.9)(881.4, 29.9);SD
Module:M37
Boundary:(321.0, 1023.5)(321.0, 1125.7)(192.7, 1125.7)(192.7, 1023.5);GATE
Port:(192.7, 1038.2)(197.3, 1038.2)(197.3, 1111.0)(192.7, 1111.0);SD
Port:(321.0, 1023.5)(321.0, 1125.7)(198.9, 1125.7)(198.9, 1023.5);GATE
Port:(308.8, 1030.4)(315.1, 1030.4)(315.1, 1118.8)(308.8, 1118.8);SD
Module:M34
Boundary:(755.3, 1038.2)(819.9, 1038.2)(819.9, 1079.5)(835.2, 1079.5)(835.2, 1143.1)(755.3, 1143.1);GATE
Port:(767.5, 1138.6)(823.0, 1138.6)(823.0, 1143.1)(767.5, 1143.1);SD
Port:(755.3, 1038.2)(819.9, 1038.2)(819.9, 1079.5)(835.2, 1079.5)(835.2, 1136.9)(755.3, 1136.9);GATE
Port:(760.5, 1042.4)(813.7, 1042.4)(813.7, 1047.5)(760.5, 1047.5);SD
Module:M29
Boundary:(455.0, 1045.0)(455.0, 1116.1)(454.8, 1116.1)(454.8, 1129.8)(368.9, 1129.8)(368.9, 1045.0);GATE
Port:(368.9, 1056.7)(373.0, 1056.7)(373.0, 1118.1)(368.9, 1118.1);SD
Port:(455.0, 1045.0)(455.0, 1116.1)(454.8, 1116.1)(454.8, 1129.8)(374.0, 1129.8)(374.0, 1045.0);GATE
Port:(444.9, 1051.2)(449.8, 1051.2)(449.8, 1109.9)(444.9, 1109.9);SD
Module:M7
Boundary:(490.3, 917.6)(490.3, 1005.0)(378.9, 1005.0)(378.9, 917.6);GATE
Port:(378.9, 930.2)(384.5, 930.2)(384.5, 992.4)(378.9, 992.4);SD
Port:(490.3, 917.6)(490.3, 1005.0)(386.9, 1005.0)(386.9, 917.6);GATE
Port:(479.5, 923.1)(485.8, 923.1)(485.8, 999.5)(479.5, 999.5);SD
Module:M31
Boundary:(20.0, 770.7)(66.5, 770.7)(66.5, 888.3)(20.0, 888.3);GATE
Port:(31.8, 884.2)(54.7, 884.2)(54.7, 888.3)(31.8, 888.3);SD
Port:(20.0, 770.7)(66.5, 770.7)(66.5, 881.4)(20.0, 881.4);GATE
Port:(25.1, 774.8)(61.4, 774.8)(61.4, 779.9)(25.1, 779.9);SD
Module:M3
Boundary:(685.9, 917.6)(685.9, 1004.4)(530.3, 1004.4)(530.3, 917.6);GATE
Port:(530.3, 932.9)(534.4, 932.9)(534.4, 989.1)(530.3, 989.1);SD
Port:(685.9, 917.6)(685.9, 1004.4)(535.7, 1004.4)(535.7, 917.6);GATE
Port:(673.3, 924.5)(680.0, 924.5)(680.0, 997.5)(673.3, 997.5);SD
Module:M26
Boundary:(142.7, 1058.7)(142.7, 1119.5)(89.1, 1119.5)(89.1, 1133.2)(30.0, 1133.2)(30.0, 1058.7);GATE
Port:(30.0, 1070.3)(35.5, 1070.3)(35.5, 1121.6)(30.0, 1121.6);SD
Port:(142.7, 1058.7)(142.7, 1119.5)(89.1, 1119.5)(89.1, 1133.2)(37.2, 1133.2)(37.2, 1058.7);GATE
Port:(133.3, 1064.9)(137.5, 1064.9)(137.5, 1112.3)(133.3, 1112.3);SD
Module:M23
Boundary:(875.2, 907.9)(964.0, 907.9)(964.0, 1107.3)(875.2, 1107.3);GATE
Port:(890.1, 1102.6)(949.1, 1102.6)(949.1, 1107.3)(890.1, 1107.3);SD
Port:(875.2, 907.9)(964.0, 907.9)(964.0, 1101.6)(875.2, 1101.6);GATE
Port:(882.0, 913.7)(957.2, 913.7)(957.2, 919.7)(882.0, 919.7);SD
Module:M18
Boundary:(545.8, 748.0)(545.8, 851.8)(522.1, 851.8)(522.1, 867.6)(400.4, 867.6)(400.4, 748.0);GATE
Port:(400.4, 762.4)(405.3, 762.4)(405.3, 853.2)(400.4, 853.2);SD
Port:(545.8, 748.0)(545.8, 851.8)(522.1, 851.8)(522.1, 867.6)(407.7, 867.6)(407.7, 748.0);GATE
Port:(534.0, 754.2)(540.6, 754.2)(540.6, 844.6)(534.0, 844.6);SD
Module:M20
Boundary:(20.0, 297.8)(114.9, 297.8)(114.9, 354.7)(128.9, 354.7)(128.9, 511.4)(20.0, 511.4);GATE
Port:(33.9, 506.0)(115.0, 506.0)(115.0, 511.4)(33.9, 511.4);SD
Port:(20.0, 297.8)(114.9, 297.8)(114.9, 354.7)(128.9, 354.7)(128.9, 504.5)(20.0, 504.5);GATE
Port:(25.4, 302.2)(108.5, 302.2)(108.5, 309.4)(25.4, 309.4);SD
Module:M15
Boundary:(586.6, 619.6)(586.6, 698.0)(390.4, 698.0)(390.4, 619.6);GATE
Port:(390.4, 633.8)(396.4, 633.8)(396.4, 683.8)(390.4, 683.8);SD
Port:(586.6, 619.6)(586.6, 698.0)(398.3, 698.0)(398.3, 619.6);GATE
Port:(574.6, 626.6)(580.6, 626.6)(580.6, 691.0)(574.6, 691.0);SD
Module:M12
Boundary:(118.5, 20.0)(118.5, 112.9)(111.6, 112.9)(111.6, 126.9)(20.0, 126.9)(20.0, 20.0);GATE
Port:(20.0, 32.7)(25.1, 32.7)(25.1, 114.2)(20.0, 114.2);SD
Port:(118.5, 20.0)(118.5, 112.9)(111.6, 112.9)(111.6, 126.9)(27.4, 126.9)(27.4, 20.0);GATE
Port:(107.9, 25.2)(114.3, 25.2)(114.3, 106.7)(107.9, 106.7);SD
Module:M44
Boundary:(736.9, 20.0)(820.0, 20.0)(820.0, 140.8)(835.1, 140.8)(835.1, 217.5)(736.9, 217.5);GATE
Port:(750.8, 211.8)(821.2, 211.8)(821.2, 217.5)(750.8, 217.5);SD
Port:(736.9, 20.0)(820.0, 20.0)(820.0, 140.8)(835.1, 140.8)(835.1, 209.5)(736.9, 209.5);GATE
Port:(743.3, 25.4)(812.6, 25.4)(812.6, 30.5)(743.3, 30.5);SD
Module:M39
Boundary:(813.6, 749.5)(813.6, 860.8)(605.8, 860.8)(605.8, 749.5);GATE
Port:(605.8, 761.7)(610.0, 761.7)(610.0, 848.6)(605.8, 848.6);SD
Port:(813.6, 749.5)(813.6, 860.8)(611.4, 860.8)(611.4, 749.5);GATE
Port:(803.6, 754.9)(809.2, 754.9)(809.2, 855.4)(803.6, 855.4);SD
Module:M8
Boundary:(338.9, 747.2)(338.9, 830.2)(319.6, 830.2)(319.6, 845.2)(250.3, 845.2)(250.3, 747.2);GATE
Port:(250.3, 760.6)(255.1, 760.6)(255.1, 831.8)(250.3, 831.8);SD
Port:(338.9, 747.2)(338.9, 830.2)(319.6, 830.2)(319.6, 845.2)(257.5, 845.2)(257.5, 747.2);GATE
Port:(327.8, 753.2)(333.9, 753.2)(333.9, 823.2)(327.8, 823.2);SD
Module:M41
Boundary:(158.5, 20.0)(255.1, 20.0)(255.1, 133.0)(158.5, 133.0);GATE
Port:(173.1, 128.7)(240.5, 128.7)(240.5, 133.0)(173.1, 133.0);SD
Port:(158.5, 20.0)(255.1, 20.0)(255.1, 127.3)(158.5, 127.3);GATE
Port:(165.3, 25.8)(248.3, 25.8)(248.3, 32.6)(165.3, 32.6);SD
Module:M4
Boundary:(811.8, 639.2)(811.8, 686.6)(763.9, 686.6)(763.9, 699.5)(626.6, 699.5)(626.6, 639.2);GATE
Port:(626.6, 652.1)(632.0, 652.1)(632.0, 686.6)(626.6, 686.6);SD
Port:(811.8, 639.2)(811.8, 686.6)(763.9, 686.6)(763.9, 699.5)(634.8, 699.5)(634.8, 639.2);GATE
Port:(800.6, 645.8)(806.2, 645.8)(806.2, 679.0)(800.6, 679.0);SD
Module:M36
Boundary:(753.1, 484.5)(807.2, 484.5)(807.2, 529.2)(822.9, 529.2)(822.9, 599.2)(753.1, 599.2);GATE
Port:(767.8, 594.6)(808.2, 594.6)(808.2, 599.2)(767.8, 599.2);SD
Port:(753.1, 484.5)(807.2, 484.5)(807.2, 529.2)(822.9, 529.2)(822.9, 593.4)(753.1, 593.4);GATE
Port:(759.0, 489.4)(800.3, 489.4)(800.3, 496.5)(759.0, 496.5);SD
Module:M33
Boundary:(672.6, 169.9)(672.6, 232.7)(498.5, 232.7)(498.5, 169.9);GATE
Port:(498.5, 183.3)(503.0, 183.3)(503.0, 219.3)(498.5, 219.3);SD
Port:(672.6, 169.9)(672.6, 232.7)(504.2, 232.7)(504.2, 169.9);GATE
Port:(661.6, 176.3)(667.2, 176.3)(667.2, 226.3)(661.6, 226.3);SD
Module:M28
Boundary:(128.5, 845.6)(193.6, 845.6)(193.6, 912.0)(207.6, 912.0)(207.6, 983.5)(128.5, 983.5);GATE
Port:(142.0, 977.7)(194.1, 977.7)(194.1, 983.5)(142.0, 983.5);SD
Port:(128.5, 845.6)(193.6, 845.6)(193.6, 912.0)(207.6, 912.0)(207.6, 975.4)(128.5, 975.4);GATE
Port:(135.0, 851.1)(186.1, 851.1)(186.1, 857.5)(135.0, 857.5);SD
Module:M30
Boundary:(20.0, 551.4)(76.8, 551.4)(76.8, 613.1)(88.2, 613.1)(88.2, 730.7)(20.0, 730.7);GATE
Port:(32.5, 725.9)(75.7, 725.9)(75.7, 730.7)(32.5, 730.7);SD
Port:(20.0, 551.4)(76.8, 551.4)(76.8, 613.1)(88.2, 613.1)(88.2, 724.3)(20.0, 724.3);GATE
Port:(26.0, 556.4)(69.8, 556.4)(69.8, 562.3)(26.0, 562.3);SD
Module:M25
Boundary:(110.5, 166.9)(110.5, 240.4)(110.5, 240.4)(110.5, 257.8)(20.0, 257.8)(20.0, 166.9);GATE
Port:(20.0, 182.7)(24.4, 182.7)(24.4, 242.0)(20.0, 242.0);SD
Port:(110.5, 166.9)(110.5, 240.4)(110.5, 240.4)(110.5, 257.8)(26.9, 257.8)(26.9, 166.9);GATE
Port:(97.4, 173.3)(105.1, 173.3)(105.1, 234.0)(97.4, 234.0);SD
Module:M22
Boundary:(458.5, 20.0)(458.5, 72.1)(362.3, 72.1)(362.3, 87.2)(295.1, 87.2)(295.1, 20.0);GATE
Port:(295.1, 34.3)(299.9, 34.3)(299.9, 72.9)(295.1, 72.9);SD
Port:(458.5, 20.0)(458.5, 72.1)(362.3, 72.1)(362.3, 87.2)(301.7, 87.2)(301.7, 20.0);GATE
Port:(446.7, 26.8)(452.7, 26.8)(452.7, 64.3)(446.7, 64.3);SD
Module:M17
Boundary:(873.6, 395.5)(943.9, 395.5)(943.9, 592.1)(873.6, 592.1);GATE
Port:(888.8, 586.4)(928.7, 586.4)(928.7, 592.1)(888.8, 592.1);SD
Port:(873.6, 395.5)(943.9, 395.5)(943.9, 583.9)(873.6, 583.9);GATE
Port:(879.1, 400.0)(938.4, 400.0)(938.4, 407.6)(879.1, 407.6);SD
