Area:(-20.0, -20.0)(1875.8, -20.0)(1875.8, 744.0)(-20.0, 744.0)
Rule:GATE(5,5);SD(5,5);GATE_SD(0.5);GATE_ITO(0.5);SD_ITO(0.5)
Module:M3
Boundary:(844.7, 145.6)(751.2, 145.6)(751.2, 107.9)(717.7, 107.9)(717.7, 50.6)(844.7, 50.6);GATE
Port:(732.2, 50.6)(830.2, 50.6)(830.2, 60.6)(732.2, 60.6);SD
Port:(844.7, 145.6)(751.2, 145.6)(751.2, 107.9)(717.7, 107.9)(717.7, 65.6)(844.7, 65.6);GATE
Port:(765.7, 136.6)(834.7, 136.6)(834.7, 140.6)(765.7, 140.6);SD
Module:M21
Boundary:(972.0, 129.0)(972.0, 35.5)(982.0, 35.5)(982.0, 20.0)(1041.0, 20.0)(1041.0, 129.0);GATE
Port:(1031.0, 34.5)(1041.0, 34.5)(1041.0, 114.5)(1031.0, 114.5);SD
Port:(972.0, 129.0)(972.0, 35.5)(982.0, 35.5)(982.0, 20.0)(1026.0, 20.0)(1026.0, 129.0);GATE
Port:(977.0, 50.0)(981.0, 50.0)(981.0, 119.0)(977.0, 119.0);SD
Module:M23
Boundary:(1213.7, 42.9)(1213.7, 136.4)(1203.7, 136.4)(1203.7, 151.9)(1047.7, 151.9)(1047.7, 42.9);GATE
Port:(1047.7, 57.4)(1057.7, 57.4)(1057.7, 137.4)(1047.7, 137.4);SD
Port:(1213.7, 42.9)(1213.7, 136.4)(1203.7, 136.4)(1203.7, 151.9)(1062.7, 151.9)(1062.7, 42.9);GATE
Port:(1204.7, 52.9)(1208.7, 52.9)(1208.7, 121.9)(1204.7, 121.9);SD
Module:M15
Boundary:(1641.2, 20.0)(1529.7, 20.0)(1529.7, 96.0)(1478.2, 96.0)(1478.2, 156.0)(1641.2, 156.0);GATE
Port:(1492.7, 146.0)(1626.7, 146.0)(1626.7, 156.0)(1492.7, 156.0);SD
Port:(1641.2, 20.0)(1529.7, 20.0)(1529.7, 96.0)(1478.2, 96.0)(1478.2, 141.0)(1641.2, 141.0);GATE
Port:(1544.2, 25.0)(1631.2, 25.0)(1631.2, 29.0)(1544.2, 29.0);SD
Module:M26
Boundary:(65.2, 163.0)(158.7, 163.0)(158.7, 153.0)(174.2, 153.0)(174.2, 30.0)(65.2, 30.0);GATE
Port:(79.7, 30.0)(159.7, 30.0)(159.7, 40.0)(79.7, 40.0);SD
Port:(65.2, 163.0)(158.7, 163.0)(158.7, 153.0)(174.2, 153.0)(174.2, 45.0)(65.2, 45.0);GATE
Port:(75.2, 154.0)(144.2, 154.0)(144.2, 158.0)(75.2, 158.0);SD
Module:M13
Boundary:(199.0, 24.0)(272.0, 24.0)(272.0, 184.0)(199.0, 184.0);GATE
Port:(213.5, 174.0)(257.5, 174.0)(257.5, 184.0)(213.5, 184.0);SD
Port:(199.0, 24.0)(272.0, 24.0)(272.0, 169.0)(199.0, 169.0);GATE
Port:(209.0, 29.0)(262.0, 29.0)(262.0, 33.0)(209.0, 33.0);SD
Module:M9
Boundary:(1263.8, 20.0)(1411.3, 20.0)(1411.3, 36.0)(1426.8, 36.0)(1426.8, 201.0)(1263.8, 201.0);GATE
Port:(1278.3, 191.0)(1412.3, 191.0)(1412.3, 201.0)(1278.3, 201.0);SD
Port:(1263.8, 20.0)(1411.3, 20.0)(1411.3, 36.0)(1426.8, 36.0)(1426.8, 186.0)(1263.8, 186.0);GATE
Port:(1273.8, 25.0)(1396.8, 25.0)(1396.8, 29.0)(1273.8, 29.0);SD
Module:M14
Boundary:(882.4, 20.0)(955.4, 20.0)(955.4, 219.0)(882.4, 219.0);GATE
Port:(896.9, 209.0)(940.9, 209.0)(940.9, 219.0)(896.9, 219.0);SD
Port:(882.4, 20.0)(955.4, 20.0)(955.4, 204.0)(882.4, 204.0);GATE
Port:(892.4, 25.0)(945.4, 25.0)(945.4, 29.0)(892.4, 29.0);SD
Module:M39
Boundary:(1835.8, 33.9)(1835.8, 163.4)(1730.8, 163.4)(1730.8, 232.9)(1671.8, 232.9)(1671.8, 33.9);GATE
Port:(1671.8, 48.4)(1681.8, 48.4)(1681.8, 218.4)(1671.8, 218.4);SD
Port:(1835.8, 33.9)(1835.8, 163.4)(1730.8, 163.4)(1730.8, 232.9)(1686.8, 232.9)(1686.8, 33.9);GATE
Port:(1826.8, 43.9)(1830.8, 43.9)(1830.8, 148.9)(1826.8, 148.9);SD
Module:M32
Boundary:(318.8, 20.0)(318.8, 113.5)(384.3, 113.5)(384.3, 237.0)(495.8, 237.0)(495.8, 20.0);GATE
Port:(485.8, 34.5)(495.8, 34.5)(495.8, 222.5)(485.8, 222.5);SD
Port:(318.8, 20.0)(318.8, 113.5)(384.3, 113.5)(384.3, 237.0)(480.8, 237.0)(480.8, 20.0);GATE
Port:(323.8, 30.0)(327.8, 30.0)(327.8, 99.0)(323.8, 99.0);SD
Module:M33
Boundary:(689.6, 24.9)(689.6, 100.4)(623.4, 100.4)(623.4, 241.9)(556.6, 241.9)(556.6, 24.9);GATE
Port:(556.6, 39.4)(566.6, 39.4)(566.6, 227.4)(556.6, 227.4);SD
Port:(689.6, 24.9)(689.6, 100.4)(623.4, 100.4)(623.4, 241.9)(571.6, 241.9)(571.6, 24.9);GATE
Port:(680.6, 34.9)(684.6, 34.9)(684.6, 85.9)(680.6, 85.9);SD
Module:M2
Boundary:(831.9, 179.8)(831.9, 255.8)(823.8, 255.8)(823.8, 270.8)(725.9, 270.8)(725.9, 179.8);GATE
Port:(725.9, 194.3)(735.9, 194.3)(735.9, 256.3)(725.9, 256.3);SD
Port:(831.9, 179.8)(831.9, 255.8)(823.8, 255.8)(823.8, 270.8)(740.9, 270.8)(740.9, 179.8);GATE
Port:(822.9, 189.8)(826.9, 189.8)(826.9, 240.8)(822.9, 240.8);SD
Module:M11
Boundary:(1635.0, 208.7)(1505.5, 208.7)(1505.5, 222.7)(1490.0, 222.7)(1490.0, 275.7)(1635.0, 275.7);GATE
Port:(1504.5, 265.7)(1620.5, 265.7)(1620.5, 275.7)(1504.5, 275.7);SD
Port:(1635.0, 208.7)(1505.5, 208.7)(1505.5, 222.7)(1490.0, 222.7)(1490.0, 260.7)(1635.0, 260.7);GATE
Port:(1520.0, 213.7)(1625.0, 213.7)(1625.0, 217.7)(1520.0, 217.7);SD
Module:M34
Boundary:(177.8, 246.7)(66.3, 246.7)(66.3, 264.7)(50.8, 264.7)(50.8, 321.7)(177.8, 321.7);GATE
Port:(65.3, 311.7)(163.3, 311.7)(163.3, 321.7)(65.3, 321.7);SD
Port:(177.8, 246.7)(66.3, 246.7)(66.3, 264.7)(50.8, 264.7)(50.8, 306.7)(177.8, 306.7);GATE
Port:(80.8, 251.7)(167.8, 251.7)(167.8, 255.7)(80.8, 255.7);SD
Module:M8
Boundary:(1650.0, 288.1)(1650.0, 364.1)(1658.0, 364.1)(1658.0, 379.1)(1721.0, 379.1)(1721.0, 288.1);GATE
Port:(1711.0, 302.6)(1721.0, 302.6)(1721.0, 364.6)(1711.0, 364.6);SD
Port:(1650.0, 288.1)(1650.0, 364.1)(1658.0, 364.1)(1658.0, 379.1)(1706.0, 379.1)(1706.0, 288.1);GATE
Port:(1655.0, 298.1)(1659.0, 298.1)(1659.0, 349.1)(1655.0, 349.1);SD
Module:M25
Boundary:(1828.3, 279.9)(1828.3, 355.9)(1820.3, 355.9)(1820.3, 370.9)(1750.3, 370.9)(1750.3, 279.9);GATE
Port:(1750.3, 294.4)(1760.3, 294.4)(1760.3, 356.4)(1750.3, 356.4);SD
Port:(1828.3, 279.9)(1828.3, 355.9)(1820.3, 355.9)(1820.3, 370.9)(1765.3, 370.9)(1765.3, 279.9);GATE
Port:(1819.3, 289.9)(1823.3, 289.9)(1823.3, 340.9)(1819.3, 340.9);SD
Module:M31
Boundary:(961.5, 356.7)(1055.0, 356.7)(1055.0, 269.1)(1214.5, 269.1)(1214.5, 172.7)(961.5, 172.7);GATE
Port:(976.0, 172.7)(1200.0, 172.7)(1200.0, 182.7)(976.0, 182.7);SD
Port:(961.5, 356.7)(1055.0, 356.7)(1055.0, 269.1)(1214.5, 269.1)(1214.5, 187.7)(961.5, 187.7);GATE
Port:(971.5, 347.7)(1040.5, 347.7)(1040.5, 351.7)(971.5, 351.7);SD
Module:M24
Boundary:(655.5, 378.8)(655.5, 302.8)(647.5, 302.8)(647.5, 287.8)(469.5, 287.8)(469.5, 378.8);GATE
Port:(469.5, 302.3)(479.5, 302.3)(479.5, 364.3)(469.5, 364.3);SD
Port:(655.5, 378.8)(655.5, 302.8)(647.5, 302.8)(647.5, 287.8)(484.5, 287.8)(484.5, 378.8);GATE
Port:(646.5, 317.8)(650.5, 317.8)(650.5, 368.8)(646.5, 368.8);SD
Module:M4
Boundary:(230.7, 401.0)(230.7, 328.0)(41.7, 328.0)(41.7, 401.0);GATE
Port:(41.7, 342.5)(51.7, 342.5)(51.7, 386.5)(41.7, 386.5);SD
Port:(230.7, 401.0)(230.7, 328.0)(56.7, 328.0)(56.7, 401.0);GATE
Port:(221.7, 338.0)(225.7, 338.0)(225.7, 391.0)(221.7, 391.0);SD
Module:M35
Boundary:(262.2, 269.9)(373.7, 269.9)(373.7, 281.9)(389.2, 281.9)(389.2, 396.9)(262.2, 396.9);GATE
Port:(276.7, 386.9)(374.7, 386.9)(374.7, 396.9)(276.7, 396.9);SD
Port:(262.2, 269.9)(373.7, 269.9)(373.7, 281.9)(389.2, 281.9)(389.2, 381.9)(262.2, 381.9);GATE
Port:(272.2, 274.9)(359.2, 274.9)(359.2, 278.9)(272.2, 278.9);SD
Module:M28
Boundary:(1435.7, 303.0)(1529.2, 303.0)(1529.2, 383.3)(1580.7, 383.3)(1580.7, 448.0)(1435.7, 448.0);GATE
Port:(1450.2, 438.0)(1566.2, 438.0)(1566.2, 448.0)(1450.2, 448.0);SD
Port:(1435.7, 303.0)(1529.2, 303.0)(1529.2, 383.3)(1580.7, 383.3)(1580.7, 433.0)(1435.7, 433.0);GATE
Port:(1445.7, 308.0)(1514.7, 308.0)(1514.7, 312.0)(1445.7, 312.0);SD
Module:M10
Boundary:(859.0, 259.0)(932.0, 259.0)(932.0, 454.0)(859.0, 454.0);GATE
Port:(873.5, 444.0)(917.5, 444.0)(917.5, 454.0)(873.5, 454.0);SD
Port:(859.0, 259.0)(932.0, 259.0)(932.0, 439.0)(859.0, 439.0);GATE
Port:(869.0, 264.0)(922.0, 264.0)(922.0, 268.0)(869.0, 268.0);SD
Module:M17
Boundary:(1399.5, 241.0)(1399.5, 334.5)(1320.2, 334.5)(1320.2, 476.0)(1215.5, 476.0)(1215.5, 241.0);GATE
Port:(1215.5, 255.5)(1225.5, 255.5)(1225.5, 461.5)(1215.5, 461.5);SD
Port:(1399.5, 241.0)(1399.5, 334.5)(1320.2, 334.5)(1320.2, 476.0)(1230.5, 476.0)(1230.5, 241.0);GATE
Port:(1390.5, 251.0)(1394.5, 251.0)(1394.5, 320.0)(1390.5, 320.0);SD
Module:M22
Boundary:(1115.8, 401.1)(1115.8, 494.6)(1105.8, 494.6)(1105.8, 510.1)(936.8, 510.1)(936.8, 401.1);GATE
Port:(936.8, 415.6)(946.8, 415.6)(946.8, 495.6)(936.8, 495.6);SD
Port:(1115.8, 401.1)(1115.8, 494.6)(1105.8, 494.6)(1105.8, 510.1)(951.8, 510.1)(951.8, 401.1);GATE
Port:(1106.8, 411.1)(1110.8, 411.1)(1110.8, 480.1)(1106.8, 480.1);SD
Module:M40
Boundary:(673.0, 316.0)(673.0, 463.5)(756.8, 463.5)(756.8, 533.0)(809.0, 533.0)(809.0, 316.0);GATE
Port:(799.0, 330.5)(809.0, 330.5)(809.0, 518.5)(799.0, 518.5);SD
Port:(673.0, 316.0)(673.0, 463.5)(756.8, 463.5)(756.8, 533.0)(794.0, 533.0)(794.0, 316.0);GATE
Port:(678.0, 326.0)(682.0, 326.0)(682.0, 449.0)(678.0, 449.0);SD
Module:M38
Boundary:(522.7, 390.6)(598.7, 390.6)(598.7, 398.6)(613.7, 398.6)(613.7, 509.6)(522.7, 509.6);GATE
Port:(537.2, 499.6)(599.2, 499.6)(599.2, 509.6)(537.2, 509.6);SD
Port:(522.7, 390.6)(598.7, 390.6)(598.7, 398.6)(613.7, 398.6)(613.7, 494.6)(522.7, 494.6);GATE
Port:(532.7, 395.6)(583.7, 395.6)(583.7, 399.6)(532.7, 399.6);SD
Module:M6
Boundary:(20.0, 415.1)(20.0, 508.6)(30.0, 508.6)(30.0, 524.1)(201.0, 524.1)(201.0, 415.1);GATE
Port:(191.0, 429.6)(201.0, 429.6)(201.0, 509.6)(191.0, 509.6);SD
Port:(20.0, 415.1)(20.0, 508.6)(30.0, 508.6)(30.0, 524.1)(186.0, 524.1)(186.0, 415.1);GATE
Port:(25.0, 425.1)(29.0, 425.1)(29.0, 494.1)(25.0, 494.1);SD
Module:M37
Boundary:(1817.2, 542.3)(1817.2, 412.8)(1730.2, 412.8)(1730.2, 379.3)(1628.2, 379.3)(1628.2, 542.3);GATE
Port:(1628.2, 393.8)(1638.2, 393.8)(1638.2, 527.8)(1628.2, 527.8);SD
Port:(1817.2, 542.3)(1817.2, 412.8)(1730.2, 412.8)(1730.2, 379.3)(1643.2, 379.3)(1643.2, 542.3);GATE
Port:(1808.2, 427.3)(1812.2, 427.3)(1812.2, 532.3)(1808.2, 532.3);SD
Module:M19
Boundary:(371.0, 464.0)(371.0, 540.0)(379.0, 540.0)(379.0, 555.0)(472.0, 555.0)(472.0, 464.0);GATE
Port:(462.0, 478.5)(472.0, 478.5)(472.0, 540.5)(462.0, 540.5);SD
Port:(371.0, 464.0)(371.0, 540.0)(379.0, 540.0)(379.0, 555.0)(457.0, 555.0)(457.0, 464.0);GATE
Port:(376.0, 474.0)(380.0, 474.0)(380.0, 525.0)(376.0, 525.0);SD
Module:M1
Boundary:(350.5, 445.2)(350.5, 538.7)(340.5, 538.7)(340.5, 554.2)(268.5, 554.2)(268.5, 445.2);GATE
Port:(268.5, 459.7)(278.5, 459.7)(278.5, 539.7)(268.5, 539.7);SD
Port:(350.5, 445.2)(350.5, 538.7)(340.5, 538.7)(340.5, 554.2)(283.5, 554.2)(283.5, 445.2);GATE
Port:(341.5, 455.2)(345.5, 455.2)(345.5, 524.2)(341.5, 524.2);SD
Module:M29
Boundary:(1513.3, 489.1)(1513.3, 600.6)(1525.3, 600.6)(1525.3, 616.1)(1588.3, 616.1)(1588.3, 489.1);GATE
Port:(1578.3, 503.6)(1588.3, 503.6)(1588.3, 601.6)(1578.3, 601.6);SD
Port:(1513.3, 489.1)(1513.3, 600.6)(1525.3, 600.6)(1525.3, 616.1)(1573.3, 616.1)(1573.3, 489.1);GATE
Port:(1518.3, 499.1)(1522.3, 499.1)(1522.3, 586.1)(1518.3, 586.1);SD
Module:M7
Boundary:(466.4, 664.2)(466.4, 591.2)(372.4, 591.2)(372.4, 664.2);GATE
Port:(372.4, 605.7)(382.4, 605.7)(382.4, 649.7)(372.4, 649.7);SD
Port:(466.4, 664.2)(466.4, 591.2)(387.4, 591.2)(387.4, 664.2);GATE
Port:(457.4, 601.2)(461.4, 601.2)(461.4, 654.2)(457.4, 654.2);SD
Module:M18
Boundary:(859.0, 658.5)(859.0, 565.0)(869.0, 565.0)(869.0, 549.5)(995.0, 549.5)(995.0, 658.5);GATE
Port:(985.0, 564.0)(995.0, 564.0)(995.0, 644.0)(985.0, 644.0);SD
Port:(859.0, 658.5)(859.0, 565.0)(869.0, 565.0)(869.0, 549.5)(980.0, 549.5)(980.0, 658.5);GATE
Port:(864.0, 579.5)(868.0, 579.5)(868.0, 648.5)(864.0, 648.5);SD
Module:M20
Boundary:(1166.6, 532.8)(1019.1, 532.8)(1019.1, 548.8)(1003.6, 548.8)(1003.6, 659.8)(1166.6, 659.8);GATE
Port:(1018.1, 649.8)(1152.1, 649.8)(1152.1, 659.8)(1018.1, 659.8);SD
Port:(1166.6, 532.8)(1019.1, 532.8)(1019.1, 548.8)(1003.6, 548.8)(1003.6, 644.8)(1166.6, 644.8);GATE
Port:(1033.6, 537.8)(1156.6, 537.8)(1156.6, 541.8)(1033.6, 541.8);SD
Module:M30
Boundary:(1758.7, 678.8)(1758.7, 602.7)(1750.7, 602.7)(1750.7, 587.8)(1588.7, 587.8)(1588.7, 678.8);GATE
Port:(1588.7, 602.3)(1598.7, 602.3)(1598.7, 664.3)(1588.7, 664.3);SD
Port:(1758.7, 678.8)(1758.7, 602.7)(1750.7, 602.7)(1750.7, 587.8)(1603.7, 587.8)(1603.7, 678.8);GATE
Port:(1749.7, 617.8)(1753.7, 617.8)(1753.7, 668.8)(1749.7, 668.8);SD
Module:M5
Boundary:(514.5, 585.1)(608.0, 585.1)(608.0, 595.1)(623.5, 595.1)(623.5, 696.1)(514.5, 696.1);GATE
Port:(529.0, 686.1)(609.0, 686.1)(609.0, 696.1)(529.0, 696.1);SD
Port:(514.5, 585.1)(608.0, 585.1)(608.0, 595.1)(623.5, 595.1)(623.5, 681.1)(514.5, 681.1);GATE
Port:(524.5, 590.1)(593.5, 590.1)(593.5, 594.1)(524.5, 594.1);SD
Module:M12
Boundary:(41.0, 532.7)(41.0, 626.2)(51.0, 626.2)(51.0, 641.7)(172.0, 641.7)(172.0, 532.7);GATE
Port:(162.0, 547.2)(172.0, 547.2)(172.0, 627.2)(162.0, 627.2);SD
Port:(41.0, 532.7)(41.0, 626.2)(51.0, 626.2)(51.0, 641.7)(157.0, 641.7)(157.0, 532.7);GATE
Port:(46.0, 542.7)(50.0, 542.7)(50.0, 611.7)(46.0, 611.7);SD
Module:M27
Boundary:(667.0, 583.0)(796.5, 583.0)(796.5, 597.0)(812.0, 597.0)(812.0, 700.0)(667.0, 700.0);GATE
Port:(681.5, 690.0)(797.5, 690.0)(797.5, 700.0)(681.5, 700.0);SD
Port:(667.0, 583.0)(796.5, 583.0)(796.5, 597.0)(812.0, 597.0)(812.0, 685.0)(667.0, 685.0);GATE
Port:(677.0, 588.0)(782.0, 588.0)(782.0, 592.0)(677.0, 592.0);SD
Module:M36
Boundary:(1462.5, 700.6)(1333.0, 700.6)(1333.0, 571.9)(1245.5, 571.9)(1245.5, 513.6)(1462.5, 513.6);GATE
Port:(1260.0, 513.6)(1448.0, 513.6)(1448.0, 523.6)(1260.0, 523.6);SD
Port:(1462.5, 700.6)(1333.0, 700.6)(1333.0, 571.9)(1245.5, 571.9)(1245.5, 528.6)(1462.5, 528.6);GATE
Port:(1347.5, 691.6)(1452.5, 691.6)(1452.5, 695.6)(1347.5, 695.6);SD
Module:M16
Boundary:(314.0, 704.0)(314.0, 628.0)(306.0, 628.0)(306.0, 613.0)(213.0, 613.0)(213.0, 704.0);GATE
Port:(213.0, 627.5)(223.0, 627.5)(223.0, 689.5)(213.0, 689.5);SD
Port:(314.0, 704.0)(314.0, 628.0)(306.0, 628.0)(306.0, 613.0)(228.0, 613.0)(228.0, 704.0);GATE
Port:(305.0, 643.0)(309.0, 643.0)(309.0, 694.0)(305.0, 694.0);SD
