Area:(-20.0, -20.0)(400.8, -20.0)(400.8, 455.9)(-20.0, 455.9)
Rule:GATE(5,5);SD(5,5);GATE_SD(0.5);GATE_ITO(0.5);SD_ITO(0.5)
Module:M5
Boundary:(20.0, 20.0)(99.2, 20.0)(99.2, 20.4)(114.0, 20.4)(114.0, 133.5)(20.0, 133.5);GATE
Port:(34.1, 127.6)(99.9, 127.6)(99.9, 133.5)(34.1, 133.5);SD
Port:(20.0, 20.0)(99.2, 20.0)(99.2, 20.4)(114.0, 20.4)(114.0, 126.0)(20.0, 126.0);GATE
Port:(26.4, 25.4)(92.8, 25.4)(92.8, 32.3)(26.4, 32.3);SD
Module:M1
Boundary:(279.5, 180.0)(360.8, 180.0)(360.8, 380.9)(279.5, 380.9);GATE
Port:(292.0, 375.0)(348.3, 375.0)(348.3, 380.9)(292.0, 380.9);SD
Port:(279.5, 180.0)(360.8, 180.0)(360.8, 373.0)(279.5, 373.0);GATE
Port:(284.5, 184.0)(355.8, 184.0)(355.8, 189.9)(284.5, 189.9);SD
Module:M2
Boundary:(358.3, 20.0)(358.3, 124.4)(269.5, 124.4)(269.5, 140.0)(154.0, 140.0)(154.0, 20.0);GATE
Port:(154.0, 35.2)(158.6, 35.2)(158.6, 124.8)(154.0, 124.8);SD
Port:(358.3, 20.0)(358.3, 124.4)(269.5, 124.4)(269.5, 140.0)(160.6, 140.0)(160.6, 20.0);GATE
Port:(345.6, 25.7)(353.6, 25.7)(353.6, 117.7)(345.6, 117.7);SD
Module:M3
Boundary:(236.6, 290.8)(236.6, 415.9)(20.0, 415.9)(20.0, 290.8);GATE
Port:(20.0, 305.1)(24.2, 305.1)(24.2, 401.6)(20.0, 401.6);SD
Port:(236.6, 290.8)(236.6, 415.9)(26.0, 415.9)(26.0, 290.8);GATE
Port:(225.3, 297.0)(231.4, 297.0)(231.4, 409.7)(225.3, 409.7);SD
Module:M4
Boundary:(239.5, 180.0)(239.5, 237.6)(199.4, 237.6)(199.4, 250.8)(20.0, 250.8)(20.0, 180.0);GATE
Port:(20.0, 190.2)(24.0, 190.2)(24.0, 240.6)(20.0, 240.6);SD
Port:(239.5, 180.0)(239.5, 237.6)(199.4, 237.6)(199.4, 250.8)(25.0, 250.8)(25.0, 180.0);GATE
Port:(231.0, 185.5)(235.0, 185.5)(235.0, 231.1)(231.0, 231.1);SD
