Area:(-20.0, -20.0)(619.0, -20.0)(619.0, 749.0)(-20.0, 749.0)
Rule:GATE(5,5);SD(5,5);GATE_SD(0.5);GATE_ITO(0.5);SD_ITO(0.5)
Module:M14
Boundary:(254.0, 583.0)(327.0, 583.0)(327.0, 694.0)(254.0, 694.0);GATE
Port:(268.5, 684.0)(312.5, 684.0)(312.5, 694.0)(268.5, 694.0);SD
Port:(254.0, 583.0)(327.0, 583.0)(327.0, 679.0)(254.0, 679.0);GATE
Port:(264.0, 588.0)(317.0, 588.0)(317.0, 592.0)(264.0, 592.0);SD
Module:M9
Boundary:(104.0, 379.0)(104.0, 490.5)(92.0, 490.5)(92.0, 506.0)(20.0, 506.0)(20.0, 379.0);GATE
Port:(20.0, 393.5)(30.0, 393.5)(30.0, 491.5)(20.0, 491.5);SD
Port:(104.0, 379.0)(104.0, 490.5)(92.0, 490.5)(92.0, 506.0)(35.0, 506.0)(35.0, 379.0);GATE
Port:(95.0, 389.0)(99.0, 389.0)(99.0, 476.0)(95.0, 476.0);SD
Module:M5
Boundary:(266.0, 151.0)(339.0, 151.0)(339.0, 260.0)(266.0, 260.0);GATE
Port:(280.5, 250.0)(324.5, 250.0)(324.5, 260.0)(280.5, 260.0);SD
Port:(266.0, 151.0)(339.0, 151.0)(339.0, 245.0)(266.0, 245.0);GATE
Port:(276.0, 156.0)(329.0, 156.0)(329.0, 160.0)(276.0, 160.0);SD
Module:M11
Boundary:(20.0, 177.0)(96.0, 177.0)(96.0, 185.0)(111.0, 185.0)(111.0, 339.0)(20.0, 339.0);GATE
Port:(34.5, 329.0)(96.5, 329.0)(96.5, 339.0)(34.5, 339.0);SD
Port:(20.0, 177.0)(96.0, 177.0)(96.0, 185.0)(111.0, 185.0)(111.0, 324.0)(20.0, 324.0);GATE
Port:(30.0, 182.0)(81.0, 182.0)(81.0, 186.0)(30.0, 186.0);SD
Module:M1
Boundary:(30.0, 30.0)(103.0, 30.0)(103.0, 127.0)(30.0, 127.0);GATE
Port:(44.5, 117.0)(88.5, 117.0)(88.5, 127.0)(44.5, 127.0);SD
Port:(30.0, 30.0)(103.0, 30.0)(103.0, 112.0)(30.0, 112.0);GATE
Port:(40.0, 35.0)(93.0, 35.0)(93.0, 39.0)(40.0, 39.0);SD
Module:M6
Boundary:(153.0, 20.0)(226.0, 20.0)(226.0, 208.0)(153.0, 208.0);GATE
Port:(167.5, 198.0)(211.5, 198.0)(211.5, 208.0)(167.5, 208.0);SD
Port:(153.0, 20.0)(226.0, 20.0)(226.0, 193.0)(153.0, 193.0);GATE
Port:(163.0, 25.0)(216.0, 25.0)(216.0, 29.0)(163.0, 29.0);SD
Module:M2
Boundary:(266.0, 20.0)(339.0, 20.0)(339.0, 111.0)(266.0, 111.0);GATE
Port:(280.5, 101.0)(324.5, 101.0)(324.5, 111.0)(280.5, 111.0);SD
Port:(266.0, 20.0)(339.0, 20.0)(339.0, 96.0)(266.0, 96.0);GATE
Port:(276.0, 25.0)(329.0, 25.0)(329.0, 29.0)(276.0, 29.0);SD
Module:M16
Boundary:(266.0, 300.0)(339.0, 300.0)(339.0, 360.0)(266.0, 360.0);GATE
Port:(280.5, 350.0)(324.5, 350.0)(324.5, 360.0)(280.5, 360.0);SD
Port:(266.0, 300.0)(339.0, 300.0)(339.0, 345.0)(266.0, 345.0);GATE
Port:(276.0, 305.0)(329.0, 305.0)(329.0, 309.0)(276.0, 309.0);SD
Module:M13
Boundary:(433.0, 387.0)(508.5, 387.0)(508.5, 418.6)(578.0, 418.6)(578.0, 531.0)(433.0, 531.0);GATE
Port:(447.5, 521.0)(563.5, 521.0)(563.5, 531.0)(447.5, 531.0);SD
Port:(433.0, 387.0)(508.5, 387.0)(508.5, 418.6)(578.0, 418.6)(578.0, 516.0)(433.0, 516.0);GATE
Port:(443.0, 392.0)(494.0, 392.0)(494.0, 396.0)(443.0, 396.0);SD
Module:M10
Boundary:(153.0, 434.0)(226.0, 434.0)(226.0, 506.0)(153.0, 506.0);GATE
Port:(167.5, 496.0)(211.5, 496.0)(211.5, 506.0)(167.5, 506.0);SD
Port:(153.0, 434.0)(226.0, 434.0)(226.0, 491.0)(153.0, 491.0);GATE
Port:(163.0, 439.0)(216.0, 439.0)(216.0, 443.0)(163.0, 443.0);SD
Module:M7
Boundary:(266.0, 400.0)(341.5, 400.0)(341.5, 437.8)(393.0, 437.8)(393.0, 533.0)(266.0, 533.0);GATE
Port:(280.5, 523.0)(378.5, 523.0)(378.5, 533.0)(280.5, 533.0);SD
Port:(266.0, 400.0)(341.5, 400.0)(341.5, 437.8)(393.0, 437.8)(393.0, 518.0)(266.0, 518.0);GATE
Port:(276.0, 405.0)(327.0, 405.0)(327.0, 409.0)(276.0, 409.0);SD
Module:M3
Boundary:(579.0, 202.0)(579.0, 331.5)(565.0, 331.5)(565.0, 347.0)(379.0, 347.0)(379.0, 202.0);GATE
Port:(379.0, 216.5)(389.0, 216.5)(389.0, 332.5)(379.0, 332.5);SD
Port:(579.0, 202.0)(579.0, 331.5)(565.0, 331.5)(565.0, 347.0)(394.0, 347.0)(394.0, 202.0);GATE
Port:(570.0, 212.0)(574.0, 212.0)(574.0, 317.0)(570.0, 317.0);SD
Module:M15
Boundary:(563.0, 573.0)(563.0, 684.5)(551.0, 684.5)(551.0, 700.0)(377.0, 700.0)(377.0, 573.0);GATE
Port:(377.0, 587.5)(387.0, 587.5)(387.0, 685.5)(377.0, 685.5);SD
Port:(563.0, 573.0)(563.0, 684.5)(551.0, 684.5)(551.0, 700.0)(392.0, 700.0)(392.0, 573.0);GATE
Port:(554.0, 583.0)(558.0, 583.0)(558.0, 670.0)(554.0, 670.0);SD
Module:M12
Boundary:(153.0, 248.0)(226.0, 248.0)(226.0, 394.0)(153.0, 394.0);GATE
Port:(167.5, 384.0)(211.5, 384.0)(211.5, 394.0)(167.5, 394.0);SD
Port:(153.0, 248.0)(226.0, 248.0)(226.0, 379.0)(153.0, 379.0);GATE
Port:(163.0, 253.0)(216.0, 253.0)(216.0, 257.0)(163.0, 257.0);SD
Module:M8
Boundary:(204.0, 546.0)(204.0, 693.5)(188.0, 693.5)(188.0, 709.0)(20.0, 709.0)(20.0, 546.0);GATE
Port:(20.0, 560.5)(30.0, 560.5)(30.0, 694.5)(20.0, 694.5);SD
Port:(204.0, 546.0)(204.0, 693.5)(188.0, 693.5)(188.0, 709.0)(35.0, 709.0)(35.0, 546.0);GATE
Port:(195.0, 556.0)(199.0, 556.0)(199.0, 679.0)(195.0, 679.0);SD
Module:M4
Boundary:(379.0, 20.0)(472.5, 20.0)(472.5, 97.0)(578.0, 97.0)(578.0, 162.0)(379.0, 162.0);GATE
Port:(393.5, 152.0)(563.5, 152.0)(563.5, 162.0)(393.5, 162.0);SD
Port:(379.0, 20.0)(472.5, 20.0)(472.5, 97.0)(578.0, 97.0)(578.0, 147.0)(379.0, 147.0);GATE
Port:(389.0, 25.0)(458.0, 25.0)(458.0, 29.0)(389.0, 29.0);SD
