Area:(-20.0, -20.0)(964.0, -20.0)(964.0, 1444.0)(-20.0, 1444.0)
Rule:GATE(5,5);SD(5,5);GATE_SD(0.5);GATE_ITO(0.5);SD_ITO(0.5)
Module:M14
Boundary:(775.0, 739.0)(775.0, 886.5)(686.7, 886.5)(686.7, 956.0)(633.0, 956.0)(633.0, 739.0);GATE
Port:(633.0, 753.5)(643.0, 753.5)(643.0, 941.5)(633.0, 941.5);SD
Port:(775.0, 739.0)(775.0, 886.5)(686.7, 886.5)(686.7, 956.0)(648.0, 956.0)(648.0, 739.0);GATE
Port:(766.0, 749.0)(770.0, 749.0)(770.0, 872.0)(766.0, 872.0);SD
Module:M9
Boundary:(327.0, 1053.0)(327.0, 1129.0)(319.0, 1129.0)(319.0, 1144.0)(133.0, 1144.0)(133.0, 1053.0);GATE
Port:(133.0, 1067.5)(143.0, 1067.5)(143.0, 1129.5)(133.0, 1129.5);SD
Port:(327.0, 1053.0)(327.0, 1129.0)(319.0, 1129.0)(319.0, 1144.0)(148.0, 1144.0)(148.0, 1053.0);GATE
Port:(318.0, 1063.0)(322.0, 1063.0)(322.0, 1114.0)(318.0, 1114.0);SD
Module:M5
Boundary:(520.0, 768.0)(593.0, 768.0)(593.0, 947.0)(520.0, 947.0);GATE
Port:(534.5, 937.0)(578.5, 937.0)(578.5, 947.0)(534.5, 947.0);SD
Port:(520.0, 768.0)(593.0, 768.0)(593.0, 932.0)(520.0, 932.0);GATE
Port:(530.0, 773.0)(583.0, 773.0)(583.0, 777.0)(530.0, 777.0);SD
Module:M11
Boundary:(139.0, 740.0)(215.0, 740.0)(215.0, 748.0)(230.0, 748.0)(230.0, 882.0)(139.0, 882.0);GATE
Port:(153.5, 872.0)(215.5, 872.0)(215.5, 882.0)(153.5, 882.0);SD
Port:(139.0, 740.0)(215.0, 740.0)(215.0, 748.0)(230.0, 748.0)(230.0, 867.0)(139.0, 867.0);GATE
Port:(149.0, 745.0)(200.0, 745.0)(200.0, 749.0)(149.0, 749.0);SD
Module:M1
Boundary:(814.0, 474.0)(890.0, 474.0)(890.0, 482.0)(905.0, 482.0)(905.0, 553.0)(814.0, 553.0);GATE
Port:(828.5, 543.0)(890.5, 543.0)(890.5, 553.0)(828.5, 553.0);SD
Port:(814.0, 474.0)(890.0, 474.0)(890.0, 482.0)(905.0, 482.0)(905.0, 538.0)(814.0, 538.0);GATE
Port:(824.0, 479.0)(875.0, 479.0)(875.0, 483.0)(824.0, 483.0);SD
Module:M43
Boundary:(271.0, 828.0)(347.0, 828.0)(347.0, 836.0)(362.0, 836.0)(362.0, 953.0)(271.0, 953.0);GATE
Port:(285.5, 943.0)(347.5, 943.0)(347.5, 953.0)(285.5, 953.0);SD
Port:(271.0, 828.0)(347.0, 828.0)(347.0, 836.0)(362.0, 836.0)(362.0, 938.0)(271.0, 938.0);GATE
Port:(281.0, 833.0)(332.0, 833.0)(332.0, 837.0)(281.0, 837.0);SD
Module:M38
Boundary:(231.0, 922.0)(231.0, 998.0)(223.0, 998.0)(223.0, 1013.0)(133.0, 1013.0)(133.0, 922.0);GATE
Port:(133.0, 936.5)(143.0, 936.5)(143.0, 998.5)(133.0, 998.5);SD
Port:(231.0, 922.0)(231.0, 998.0)(223.0, 998.0)(223.0, 1013.0)(148.0, 1013.0)(148.0, 922.0);GATE
Port:(222.0, 932.0)(226.0, 932.0)(226.0, 983.0)(222.0, 983.0);SD
Module:M40
Boundary:(30.0, 1325.0)(123.5, 1325.0)(123.5, 1335.0)(139.0, 1335.0)(139.0, 1388.0)(30.0, 1388.0);GATE
Port:(44.5, 1378.0)(124.5, 1378.0)(124.5, 1388.0)(44.5, 1388.0);SD
Port:(30.0, 1325.0)(123.5, 1325.0)(123.5, 1335.0)(139.0, 1335.0)(139.0, 1373.0)(30.0, 1373.0);GATE
Port:(40.0, 1330.0)(109.0, 1330.0)(109.0, 1334.0)(40.0, 1334.0);SD
Module:M35
Boundary:(846.0, 593.0)(919.0, 593.0)(919.0, 667.0)(846.0, 667.0);GATE
Port:(860.5, 657.0)(904.5, 657.0)(904.5, 667.0)(860.5, 667.0);SD
Port:(846.0, 593.0)(919.0, 593.0)(919.0, 652.0)(846.0, 652.0);GATE
Port:(856.0, 598.0)(909.0, 598.0)(909.0, 602.0)(856.0, 602.0);SD
Module:M32
Boundary:(570.0, 609.0)(570.0, 702.5)(560.0, 702.5)(560.0, 718.0)(508.0, 718.0)(508.0, 609.0);GATE
Port:(508.0, 623.5)(518.0, 623.5)(518.0, 703.5)(508.0, 703.5);SD
Port:(570.0, 609.0)(570.0, 702.5)(560.0, 702.5)(560.0, 718.0)(523.0, 718.0)(523.0, 609.0);GATE
Port:(561.0, 619.0)(565.0, 619.0)(565.0, 688.0)(561.0, 688.0);SD
Module:M27
Boundary:(791.0, 20.0)(791.0, 96.0)(783.0, 96.0)(783.0, 111.0)(654.0, 111.0)(654.0, 20.0);GATE
Port:(654.0, 34.5)(664.0, 34.5)(664.0, 96.5)(654.0, 96.5);SD
Port:(791.0, 20.0)(791.0, 96.0)(783.0, 96.0)(783.0, 111.0)(669.0, 111.0)(669.0, 20.0);GATE
Port:(782.0, 30.0)(786.0, 30.0)(786.0, 81.0)(782.0, 81.0);SD
Module:M24
Boundary:(82.0, 907.0)(82.0, 1000.5)(72.0, 1000.5)(72.0, 1016.0)(20.0, 1016.0)(20.0, 907.0);GATE
Port:(20.0, 921.5)(30.0, 921.5)(30.0, 1001.5)(20.0, 1001.5);SD
Port:(82.0, 907.0)(82.0, 1000.5)(72.0, 1000.5)(72.0, 1016.0)(35.0, 1016.0)(35.0, 907.0);GATE
Port:(73.0, 917.0)(77.0, 917.0)(77.0, 986.0)(73.0, 986.0);SD
Module:M19
Boundary:(257.0, 182.0)(368.5, 182.0)(368.5, 237.7)(438.0, 237.7)(438.0, 282.0)(257.0, 282.0);GATE
Port:(271.5, 272.0)(423.5, 272.0)(423.5, 282.0)(271.5, 282.0);SD
Port:(257.0, 182.0)(368.5, 182.0)(368.5, 237.7)(438.0, 237.7)(438.0, 267.0)(257.0, 267.0);GATE
Port:(267.0, 187.0)(354.0, 187.0)(354.0, 191.0)(267.0, 191.0);SD
Module:M6
Boundary:(665.0, 151.0)(758.5, 151.0)(758.5, 182.0)(792.0, 182.0)(792.0, 231.0)(665.0, 231.0);GATE
Port:(679.5, 221.0)(777.5, 221.0)(777.5, 231.0)(679.5, 231.0);SD
Port:(665.0, 151.0)(758.5, 151.0)(758.5, 182.0)(792.0, 182.0)(792.0, 216.0)(665.0, 216.0);GATE
Port:(675.0, 156.0)(744.0, 156.0)(744.0, 160.0)(675.0, 160.0);SD
Module:M21
Boundary:(480.0, 828.0)(480.0, 921.5)(450.8, 921.5)(450.8, 955.0)(402.0, 955.0)(402.0, 828.0);GATE
Port:(402.0, 842.5)(412.0, 842.5)(412.0, 940.5)(402.0, 940.5);SD
Port:(480.0, 828.0)(480.0, 921.5)(450.8, 921.5)(450.8, 955.0)(417.0, 955.0)(417.0, 828.0);GATE
Port:(471.0, 838.0)(475.0, 838.0)(475.0, 907.0)(471.0, 907.0);SD
Module:M2
Boundary:(774.0, 495.0)(774.0, 571.0)(766.0, 571.0)(766.0, 586.0)(636.0, 586.0)(636.0, 495.0);GATE
Port:(636.0, 509.5)(646.0, 509.5)(646.0, 571.5)(636.0, 571.5);SD
Port:(774.0, 495.0)(774.0, 571.0)(766.0, 571.0)(766.0, 586.0)(651.0, 586.0)(651.0, 495.0);GATE
Port:(765.0, 505.0)(769.0, 505.0)(769.0, 556.0)(765.0, 556.0);SD
Module:M16
Boundary:(189.0, 1337.0)(282.5, 1337.0)(282.5, 1351.0)(298.0, 1351.0)(298.0, 1404.0)(189.0, 1404.0);GATE
Port:(203.5, 1394.0)(283.5, 1394.0)(283.5, 1404.0)(203.5, 1404.0);SD
Port:(189.0, 1337.0)(282.5, 1337.0)(282.5, 1351.0)(298.0, 1351.0)(298.0, 1389.0)(189.0, 1389.0);GATE
Port:(199.0, 1342.0)(268.0, 1342.0)(268.0, 1346.0)(199.0, 1346.0);SD
Module:M13
Boundary:(920.0, 739.0)(920.0, 886.5)(904.0, 886.5)(904.0, 902.0)(815.0, 902.0)(815.0, 739.0);GATE
Port:(815.0, 753.5)(825.0, 753.5)(825.0, 887.5)(815.0, 887.5);SD
Port:(920.0, 739.0)(920.0, 886.5)(904.0, 886.5)(904.0, 902.0)(830.0, 902.0)(830.0, 739.0);GATE
Port:(911.0, 749.0)(915.0, 749.0)(915.0, 872.0)(911.0, 872.0);SD
Module:M45
Boundary:(541.0, 20.0)(614.0, 20.0)(614.0, 188.0)(541.0, 188.0);GATE
Port:(555.5, 178.0)(599.5, 178.0)(599.5, 188.0)(555.5, 188.0);SD
Port:(541.0, 20.0)(614.0, 20.0)(614.0, 173.0)(541.0, 173.0);GATE
Port:(551.0, 25.0)(604.0, 25.0)(604.0, 29.0)(551.0, 29.0);SD
Module:M10
Boundary:(779.0, 1241.0)(779.0, 1334.5)(704.2, 1334.5)(704.2, 1404.0)(606.0, 1404.0)(606.0, 1241.0);GATE
Port:(606.0, 1255.5)(616.0, 1255.5)(616.0, 1389.5)(606.0, 1389.5);SD
Port:(779.0, 1241.0)(779.0, 1334.5)(704.2, 1334.5)(704.2, 1404.0)(621.0, 1404.0)(621.0, 1241.0);GATE
Port:(770.0, 1251.0)(774.0, 1251.0)(774.0, 1320.0)(770.0, 1320.0);SD
Module:M42
Boundary:(209.0, 363.0)(209.0, 492.5)(195.0, 492.5)(195.0, 508.0)(20.0, 508.0)(20.0, 363.0);GATE
Port:(20.0, 377.5)(30.0, 377.5)(30.0, 493.5)(20.0, 493.5);SD
Port:(209.0, 363.0)(209.0, 492.5)(195.0, 492.5)(195.0, 508.0)(35.0, 508.0)(35.0, 363.0);GATE
Port:(200.0, 373.0)(204.0, 373.0)(204.0, 478.0)(200.0, 478.0);SD
Module:M37
Boundary:(207.0, 250.0)(207.0, 323.0)(20.0, 323.0)(20.0, 250.0);GATE
Port:(20.0, 264.5)(30.0, 264.5)(30.0, 308.5)(20.0, 308.5);SD
Port:(207.0, 250.0)(207.0, 323.0)(35.0, 323.0)(35.0, 250.0);GATE
Port:(198.0, 260.0)(202.0, 260.0)(202.0, 313.0)(198.0, 313.0);SD
Module:M34
Boundary:(458.0, 553.0)(458.0, 646.5)(357.8, 646.5)(357.8, 788.0)(271.0, 788.0)(271.0, 553.0);GATE
Port:(271.0, 567.5)(281.0, 567.5)(281.0, 773.5)(271.0, 773.5);SD
Port:(458.0, 553.0)(458.0, 646.5)(357.8, 646.5)(357.8, 788.0)(286.0, 788.0)(286.0, 553.0);GATE
Port:(449.0, 563.0)(453.0, 563.0)(453.0, 632.0)(449.0, 632.0);SD
Module:M29
Boundary:(832.0, 20.0)(908.0, 20.0)(908.0, 28.0)(923.0, 28.0)(923.0, 215.0)(832.0, 215.0);GATE
Port:(846.5, 205.0)(908.5, 205.0)(908.5, 215.0)(846.5, 215.0);SD
Port:(832.0, 20.0)(908.0, 20.0)(908.0, 28.0)(923.0, 28.0)(923.0, 200.0)(832.0, 200.0);GATE
Port:(842.0, 25.0)(893.0, 25.0)(893.0, 29.0)(842.0, 29.0);SD
Module:M7
Boundary:(665.0, 271.0)(738.0, 271.0)(738.0, 455.0)(665.0, 455.0);GATE
Port:(679.5, 445.0)(723.5, 445.0)(723.5, 455.0)(679.5, 455.0);SD
Port:(665.0, 271.0)(738.0, 271.0)(738.0, 440.0)(665.0, 440.0);GATE
Port:(675.0, 276.0)(728.0, 276.0)(728.0, 280.0)(675.0, 280.0);SD
Module:M31
Boundary:(567.0, 995.0)(567.0, 1142.5)(551.0, 1142.5)(551.0, 1158.0)(367.0, 1158.0)(367.0, 995.0);GATE
Port:(367.0, 1009.5)(377.0, 1009.5)(377.0, 1143.5)(367.0, 1143.5);SD
Port:(567.0, 995.0)(567.0, 1142.5)(551.0, 1142.5)(551.0, 1158.0)(382.0, 1158.0)(382.0, 995.0);GATE
Port:(558.0, 1005.0)(562.0, 1005.0)(562.0, 1128.0)(558.0, 1128.0);SD
Module:M3
Boundary:(815.0, 1069.0)(908.5, 1069.0)(908.5, 1079.0)(924.0, 1079.0)(924.0, 1201.0)(815.0, 1201.0);GATE
Port:(829.5, 1191.0)(909.5, 1191.0)(909.5, 1201.0)(829.5, 1201.0);SD
Port:(815.0, 1069.0)(908.5, 1069.0)(908.5, 1079.0)(924.0, 1079.0)(924.0, 1186.0)(815.0, 1186.0);GATE
Port:(825.0, 1074.0)(894.0, 1074.0)(894.0, 1078.0)(825.0, 1078.0);SD
Module:M26
Boundary:(556.0, 1208.0)(556.0, 1301.5)(489.0, 1301.5)(489.0, 1389.0)(366.0, 1389.0)(366.0, 1208.0);GATE
Port:(366.0, 1222.5)(376.0, 1222.5)(376.0, 1374.5)(366.0, 1374.5);SD
Port:(556.0, 1208.0)(556.0, 1301.5)(489.0, 1301.5)(489.0, 1389.0)(381.0, 1389.0)(381.0, 1208.0);GATE
Port:(547.0, 1218.0)(551.0, 1218.0)(551.0, 1287.0)(547.0, 1287.0);SD
Module:M23
Boundary:(775.0, 996.0)(775.0, 1143.5)(677.4, 1143.5)(677.4, 1195.0)(607.0, 1195.0)(607.0, 996.0);GATE
Port:(607.0, 1010.5)(617.0, 1010.5)(617.0, 1180.5)(607.0, 1180.5);SD
Port:(775.0, 996.0)(775.0, 1143.5)(677.4, 1143.5)(677.4, 1195.0)(622.0, 1195.0)(622.0, 996.0);GATE
Port:(766.0, 1006.0)(770.0, 1006.0)(770.0, 1129.0)(766.0, 1129.0);SD
Module:M18
Boundary:(30.0, 30.0)(123.5, 30.0)(123.5, 80.8)(175.0, 80.8)(175.0, 200.0)(30.0, 200.0);GATE
Port:(44.5, 190.0)(160.5, 190.0)(160.5, 200.0)(44.5, 200.0);SD
Port:(30.0, 30.0)(123.5, 30.0)(123.5, 80.8)(175.0, 80.8)(175.0, 185.0)(30.0, 185.0);GATE
Port:(40.0, 35.0)(109.0, 35.0)(109.0, 39.0)(40.0, 39.0);SD
Module:M20
Boundary:(806.0, 626.0)(806.0, 699.0)(738.0, 699.0)(738.0, 626.0);GATE
Port:(738.0, 640.5)(748.0, 640.5)(748.0, 684.5)(738.0, 684.5);SD
Port:(806.0, 626.0)(806.0, 699.0)(753.0, 699.0)(753.0, 626.0);GATE
Port:(797.0, 636.0)(801.0, 636.0)(801.0, 689.0)(797.0, 689.0);SD
Module:M15
Boundary:(698.0, 626.0)(698.0, 699.0)(633.0, 699.0)(633.0, 626.0);GATE
Port:(633.0, 640.5)(643.0, 640.5)(643.0, 684.5)(633.0, 684.5);SD
Port:(698.0, 626.0)(698.0, 699.0)(648.0, 699.0)(648.0, 626.0);GATE
Port:(689.0, 636.0)(693.0, 636.0)(693.0, 689.0)(689.0, 689.0);SD
Module:M12
Boundary:(922.0, 1241.0)(922.0, 1388.5)(906.0, 1388.5)(906.0, 1404.0)(819.0, 1404.0)(819.0, 1241.0);GATE
Port:(819.0, 1255.5)(829.0, 1255.5)(829.0, 1389.5)(819.0, 1389.5);SD
Port:(922.0, 1241.0)(922.0, 1388.5)(906.0, 1388.5)(906.0, 1404.0)(834.0, 1404.0)(834.0, 1241.0);GATE
Port:(913.0, 1251.0)(917.0, 1251.0)(917.0, 1374.0)(913.0, 1374.0);SD
Module:M44
Boundary:(815.0, 942.0)(908.5, 942.0)(908.5, 952.0)(924.0, 952.0)(924.0, 1029.0)(815.0, 1029.0);GATE
Port:(829.5, 1019.0)(909.5, 1019.0)(909.5, 1029.0)(829.5, 1029.0);SD
Port:(815.0, 942.0)(908.5, 942.0)(908.5, 952.0)(924.0, 952.0)(924.0, 1014.0)(815.0, 1014.0);GATE
Port:(825.0, 947.0)(894.0, 947.0)(894.0, 951.0)(825.0, 951.0);SD
Module:M39
Boundary:(218.0, 563.0)(218.0, 656.5)(133.7, 656.5)(133.7, 690.0)(30.0, 690.0)(30.0, 563.0);GATE
Port:(30.0, 577.5)(40.0, 577.5)(40.0, 675.5)(30.0, 675.5);SD
Port:(218.0, 563.0)(218.0, 656.5)(133.7, 656.5)(133.7, 690.0)(45.0, 690.0)(45.0, 563.0);GATE
Port:(209.0, 573.0)(213.0, 573.0)(213.0, 642.0)(209.0, 642.0);SD
Module:M8
Boundary:(203.0, 1184.0)(203.0, 1260.0)(195.0, 1260.0)(195.0, 1275.0)(20.0, 1275.0)(20.0, 1184.0);GATE
Port:(20.0, 1198.5)(30.0, 1198.5)(30.0, 1260.5)(20.0, 1260.5);SD
Port:(203.0, 1184.0)(203.0, 1260.0)(195.0, 1260.0)(195.0, 1275.0)(35.0, 1275.0)(35.0, 1184.0);GATE
Port:(194.0, 1194.0)(198.0, 1194.0)(198.0, 1245.0)(194.0, 1245.0);SD
Module:M41
Boundary:(20.0, 1056.0)(93.0, 1056.0)(93.0, 1143.0)(20.0, 1143.0);GATE
Port:(34.5, 1133.0)(78.5, 1133.0)(78.5, 1143.0)(34.5, 1143.0);SD
Port:(20.0, 1056.0)(93.0, 1056.0)(93.0, 1128.0)(20.0, 1128.0);GATE
Port:(30.0, 1061.0)(83.0, 1061.0)(83.0, 1065.0)(30.0, 1065.0);SD
Module:M4
Boundary:(441.0, 332.0)(441.0, 479.5)(351.7, 479.5)(351.7, 513.0)(249.0, 513.0)(249.0, 332.0);GATE
Port:(249.0, 346.5)(259.0, 346.5)(259.0, 498.5)(249.0, 498.5);SD
Port:(441.0, 332.0)(441.0, 479.5)(351.7, 479.5)(351.7, 513.0)(264.0, 513.0)(264.0, 332.0);GATE
Port:(432.0, 342.0)(436.0, 342.0)(436.0, 465.0)(432.0, 465.0);SD
Module:M36
Boundary:(908.0, 271.0)(908.0, 382.5)(869.8, 382.5)(869.8, 434.0)(778.0, 434.0)(778.0, 271.0);GATE
Port:(778.0, 285.5)(788.0, 285.5)(788.0, 419.5)(778.0, 419.5);SD
Port:(908.0, 271.0)(908.0, 382.5)(869.8, 382.5)(869.8, 434.0)(793.0, 434.0)(793.0, 271.0);GATE
Port:(899.0, 281.0)(903.0, 281.0)(903.0, 368.0)(899.0, 368.0);SD
Module:M33
Boundary:(225.0, 20.0)(336.5, 20.0)(336.5, 32.0)(352.0, 32.0)(352.0, 132.0)(225.0, 132.0);GATE
Port:(239.5, 122.0)(337.5, 122.0)(337.5, 132.0)(239.5, 132.0);SD
Port:(225.0, 20.0)(336.5, 20.0)(336.5, 32.0)(352.0, 32.0)(352.0, 117.0)(225.0, 117.0);GATE
Port:(235.0, 25.0)(322.0, 25.0)(322.0, 29.0)(235.0, 29.0);SD
Module:M28
Boundary:(99.0, 740.0)(99.0, 851.5)(84.0, 851.5)(84.0, 867.0)(20.0, 867.0)(20.0, 740.0);GATE
Port:(20.0, 754.5)(30.0, 754.5)(30.0, 852.5)(20.0, 852.5);SD
Port:(99.0, 740.0)(99.0, 851.5)(84.0, 851.5)(84.0, 867.0)(35.0, 867.0)(35.0, 740.0);GATE
Port:(90.0, 750.0)(94.0, 750.0)(94.0, 837.0)(90.0, 837.0);SD
Module:M30
Boundary:(243.0, 1184.0)(316.0, 1184.0)(316.0, 1297.0)(243.0, 1297.0);GATE
Port:(257.5, 1287.0)(301.5, 1287.0)(301.5, 1297.0)(257.5, 1297.0);SD
Port:(243.0, 1184.0)(316.0, 1184.0)(316.0, 1282.0)(243.0, 1282.0);GATE
Port:(253.0, 1189.0)(306.0, 1189.0)(306.0, 1193.0)(253.0, 1193.0);SD
Module:M25
Boundary:(392.0, 20.0)(485.5, 20.0)(485.5, 37.0)(501.0, 37.0)(501.0, 116.0)(392.0, 116.0);GATE
Port:(406.5, 106.0)(486.5, 106.0)(486.5, 116.0)(406.5, 116.0);SD
Port:(392.0, 20.0)(485.5, 20.0)(485.5, 37.0)(501.0, 37.0)(501.0, 101.0)(392.0, 101.0);GATE
Port:(402.0, 25.0)(471.0, 25.0)(471.0, 29.0)(402.0, 29.0);SD
Module:M22
Boundary:(498.0, 228.0)(609.5, 228.0)(609.5, 240.0)(625.0, 240.0)(625.0, 372.0)(498.0, 372.0);GATE
Port:(512.5, 362.0)(610.5, 362.0)(610.5, 372.0)(512.5, 372.0);SD
Port:(498.0, 228.0)(609.5, 228.0)(609.5, 240.0)(625.0, 240.0)(625.0, 357.0)(498.0, 357.0);GATE
Port:(508.0, 233.0)(595.0, 233.0)(595.0, 237.0)(508.0, 237.0);SD
Module:M17
Boundary:(586.0, 422.0)(586.0, 533.5)(574.0, 533.5)(574.0, 549.0)(508.0, 549.0)(508.0, 422.0);GATE
Port:(508.0, 436.5)(518.0, 436.5)(518.0, 534.5)(508.0, 534.5);SD
Port:(586.0, 422.0)(586.0, 533.5)(574.0, 533.5)(574.0, 549.0)(523.0, 549.0)(523.0, 422.0);GATE
Port:(577.0, 432.0)(581.0, 432.0)(581.0, 519.0)(577.0, 519.0);SD
