Area:(-20.0, -20.0)(1073.8, -20.0)(1073.8, 1091.1)(-20.0, 1091.1)
Rule:GATE(5,5);SD(5,5);GATE_SD(0.5);GATE_ITO(0.5);SD_ITO(0.5)
Module:M14
Boundary:(686.3, 266.3)(686.3, 345.1)(625.7, 345.1)(625.7, 358.6)(538.5, 358.6)(538.5, 266.3);GATE
Port:(538.5, 279.6)(543.3, 279.6)(543.3, 345.3)(538.5, 345.3);SD
Port:(686.3, 266.3)(686.3, 345.1)(625.7, 345.1)(625.7, 358.6)(545.8, 358.6)(545.8, 266.3);GATE
Port:(674.6, 273.2)(680.4, 273.2)(680.4, 337.2)(674.6, 337.2);SD
Module:M9
Boundary:(1032.4, 774.7)(1032.4, 853.6)(962.6, 853.6)(962.6, 774.7);GATE
Port:(962.6, 788.0)(967.6, 788.0)(967.6, 840.3)(962.6, 840.3);SD
Port:(1032.4, 774.7)(1032.4, 853.6)(969.2, 853.6)(969.2, 774.7);GATE
Port:(1020.9, 780.0)(1028.1, 780.0)(1028.1, 848.3)(1020.9, 848.3);SD
Module:M5
Boundary:(939.7, 984.2)(939.7, 1051.1)(734.1, 1051.1)(734.1, 984.2);GATE
Port:(734.1, 997.6)(738.1, 997.6)(738.1, 1037.7)(734.1, 1037.7);SD
Port:(939.7, 984.2)(939.7, 1051.1)(740.5, 1051.1)(740.5, 984.2);GATE
Port:(929.6, 990.0)(934.9, 990.0)(934.9, 1045.3)(929.6, 1045.3);SD
Module:M11
Boundary:(1033.8, 202.7)(1033.8, 295.3)(1033.4, 295.3)(1033.4, 310.2)(941.9, 310.2)(941.9, 202.7);GATE
Port:(941.9, 215.2)(946.9, 215.2)(946.9, 297.7)(941.9, 297.7);SD
Port:(1033.8, 202.7)(1033.8, 295.3)(1033.4, 295.3)(1033.4, 310.2)(947.9, 310.2)(947.9, 202.7);GATE
Port:(1023.0, 208.3)(1029.2, 208.3)(1029.2, 289.7)(1023.0, 289.7);SD
Module:M1
Boundary:(20.0, 508.1)(86.7, 508.1)(86.7, 508.3)(102.6, 508.3)(102.6, 675.7)(20.0, 675.7);GATE
Port:(34.3, 670.2)(88.3, 670.2)(88.3, 675.7)(34.3, 675.7);SD
Port:(20.0, 508.1)(86.7, 508.1)(86.7, 508.3)(102.6, 508.3)(102.6, 667.6)(20.0, 667.6);GATE
Port:(26.3, 513.4)(80.4, 513.4)(80.4, 519.1)(26.3, 519.1);SD
Module:M43
Boundary:(851.1, 321.2)(851.1, 424.8)(731.7, 424.8)(731.7, 321.2);GATE
Port:(731.7, 334.2)(736.2, 334.2)(736.2, 411.8)(731.7, 411.8);SD
Port:(851.1, 321.2)(851.1, 424.8)(738.7, 424.8)(738.7, 321.2);GATE
Port:(840.3, 328.1)(845.2, 328.1)(845.2, 417.9)(840.3, 417.9);SD
Module:M38
Boundary:(572.4, 20.0)(622.4, 20.0)(622.4, 92.2)(636.0, 92.2)(636.0, 226.3)(572.4, 226.3);GATE
Port:(586.4, 222.2)(622.0, 222.2)(622.0, 226.3)(586.4, 226.3);SD
Port:(572.4, 20.0)(622.4, 20.0)(622.4, 92.2)(636.0, 92.2)(636.0, 219.6)(572.4, 219.6);GATE
Port:(578.5, 25.1)(615.3, 25.1)(615.3, 31.9)(578.5, 31.9);SD
Module:M40
Boundary:(681.7, 408.6)(681.7, 495.3)(651.6, 495.3)(651.6, 510.7)(580.2, 510.7)(580.2, 408.6);GATE
Port:(580.2, 423.5)(584.3, 423.5)(584.3, 495.8)(580.2, 495.8);SD
Port:(681.7, 408.6)(681.7, 495.3)(651.6, 495.3)(651.6, 510.7)(586.8, 510.7)(586.8, 408.6);GATE
Port:(669.7, 415.5)(675.8, 415.5)(675.8, 487.4)(669.7, 487.4);SD
Module:M35
Boundary:(692.8, 986.8)(692.8, 1031.4)(692.7, 1031.4)(692.7, 1045.6)(525.3, 1045.6)(525.3, 986.8);GATE
Port:(525.3, 998.8)(529.6, 998.8)(529.6, 1033.6)(525.3, 1033.6);SD
Port:(692.8, 986.8)(692.8, 1031.4)(692.7, 1031.4)(692.7, 1045.6)(532.4, 1045.6)(532.4, 986.8);GATE
Port:(682.7, 992.5)(688.1, 992.5)(688.1, 1025.7)(682.7, 1025.7);SD
Module:M32
Boundary:(573.3, 570.7)(658.3, 570.7)(658.3, 607.4)(674.0, 607.4)(674.0, 776.4)(573.3, 776.4);GATE
Port:(586.3, 770.9)(661.0, 770.9)(661.0, 776.4)(586.3, 776.4);SD
Port:(573.3, 570.7)(658.3, 570.7)(658.3, 607.4)(674.0, 607.4)(674.0, 769.1)(573.3, 769.1);GATE
Port:(579.0, 575.4)(651.6, 575.4)(651.6, 580.9)(579.0, 580.9);SD
Module:M27
Boundary:(941.9, 20.0)(1027.4, 20.0)(1027.4, 162.7)(941.9, 162.7);GATE
Port:(956.1, 157.5)(1013.2, 157.5)(1013.2, 162.7)(956.1, 162.7);SD
Port:(941.9, 20.0)(1027.4, 20.0)(1027.4, 155.8)(941.9, 155.8);GATE
Port:(947.4, 24.5)(1021.9, 24.5)(1021.9, 32.1)(947.4, 32.1);SD
Module:M24
Boundary:(20.0, 307.5)(85.8, 307.5)(85.8, 347.7)(100.3, 347.7)(100.3, 468.1)(20.0, 468.1);GATE
Port:(33.0, 463.0)(87.3, 463.0)(87.3, 468.1)(33.0, 468.1);SD
Port:(20.0, 307.5)(85.8, 307.5)(85.8, 347.7)(100.3, 347.7)(100.3, 460.1)(20.0, 460.1);GATE
Port:(26.2, 312.7)(78.6, 312.7)(78.6, 319.0)(26.2, 319.0);SD
Module:M19
Boundary:(269.1, 948.6)(269.1, 1040.6)(173.3, 1040.6)(173.3, 948.6);GATE
Port:(173.3, 962.9)(177.9, 962.9)(177.9, 1026.3)(173.3, 1026.3);SD
Port:(269.1, 948.6)(269.1, 1040.6)(180.1, 1040.6)(180.1, 948.6);GATE
Port:(257.9, 954.1)(264.6, 954.1)(264.6, 1035.1)(257.9, 1035.1);SD
Module:M6
Boundary:(305.4, 349.3)(305.4, 422.8)(270.4, 422.8)(270.4, 438.8)(162.8, 438.8)(162.8, 349.3);GATE
Port:(162.8, 364.8)(168.2, 364.8)(168.2, 423.3)(162.8, 423.3);SD
Port:(305.4, 349.3)(305.4, 422.8)(270.4, 422.8)(270.4, 438.8)(170.2, 438.8)(170.2, 349.3);GATE
Port:(292.5, 356.2)(299.5, 356.2)(299.5, 414.9)(292.5, 414.9);SD
Module:M21
Boundary:(382.1, 174.2)(479.3, 174.2)(479.3, 174.4)(498.5, 174.4)(498.5, 374.4)(382.1, 374.4);GATE
Port:(398.2, 369.6)(482.4, 369.6)(482.4, 374.4)(398.2, 374.4);SD
Port:(382.1, 174.2)(479.3, 174.2)(479.3, 174.4)(498.5, 174.4)(498.5, 368.5)(382.1, 368.5);GATE
Port:(388.8, 179.9)(472.6, 179.9)(472.6, 186.9)(388.8, 186.9);SD
Module:M2
Boundary:(142.6, 478.8)(192.2, 478.8)(192.2, 525.3)(206.3, 525.3)(206.3, 660.8)(142.6, 660.8);GATE
Port:(155.8, 655.1)(193.1, 655.1)(193.1, 660.8)(155.8, 660.8);SD
Port:(142.6, 478.8)(192.2, 478.8)(192.2, 525.3)(206.3, 525.3)(206.3, 653.2)(142.6, 653.2);GATE
Port:(149.4, 484.6)(184.4, 484.6)(184.4, 489.6)(149.4, 489.6);SD
Module:M16
Boundary:(850.7, 464.8)(850.7, 536.1)(794.3, 536.1)(794.3, 552.1)(731.7, 552.1)(731.7, 464.8);GATE
Port:(731.7, 479.2)(736.6, 479.2)(736.6, 537.7)(731.7, 537.7);SD
Port:(850.7, 464.8)(850.7, 536.1)(794.3, 536.1)(794.3, 552.1)(738.5, 552.1)(738.5, 464.8);GATE
Port:(839.2, 471.6)(844.9, 471.6)(844.9, 528.3)(839.2, 528.3);SD
Module:M13
Boundary:(850.9, 170.0)(884.6, 170.0)(884.6, 170.1)(901.9, 170.1)(901.9, 263.0)(850.9, 263.0);GATE
Port:(864.4, 258.8)(888.4, 258.8)(888.4, 263.0)(864.4, 263.0);SD
Port:(850.9, 170.0)(884.6, 170.0)(884.6, 170.1)(901.9, 170.1)(901.9, 257.4)(850.9, 257.4);GATE
Port:(856.8, 174.9)(878.7, 174.9)(878.7, 180.4)(856.8, 180.4);SD
Module:M45
Boundary:(20.0, 890.4)(123.3, 890.4)(123.3, 1047.9)(20.0, 1047.9);GATE
Port:(34.4, 1042.2)(108.9, 1042.2)(108.9, 1047.9)(34.4, 1047.9);SD
Port:(20.0, 890.4)(123.3, 890.4)(123.3, 1040.7)(20.0, 1040.7);GATE
Port:(25.8, 895.2)(117.5, 895.2)(117.5, 902.0)(25.8, 902.0);SD
Module:M10
Boundary:(246.3, 478.8)(311.9, 478.8)(311.9, 489.7)(326.3, 489.7)(326.3, 557.9)(246.3, 557.9);GATE
Port:(260.2, 552.8)(312.4, 552.8)(312.4, 557.9)(260.2, 557.9);SD
Port:(246.3, 478.8)(311.9, 478.8)(311.9, 489.7)(326.3, 489.7)(326.3, 551.7)(246.3, 551.7);GATE
Port:(252.8, 484.3)(304.4, 484.3)(304.4, 489.8)(252.8, 489.8);SD
Module:M42
Boundary:(530.2, 414.4)(530.2, 503.3)(455.8, 503.3)(455.8, 519.2)(382.1, 519.2)(382.1, 414.4);GATE
Port:(382.1, 429.9)(386.8, 429.9)(386.8, 503.7)(382.1, 503.7);SD
Port:(530.2, 414.4)(530.2, 503.3)(455.8, 503.3)(455.8, 519.2)(388.1, 519.2)(388.1, 414.4);GATE
Port:(518.0, 421.1)(524.5, 421.1)(524.5, 495.6)(518.0, 495.6);SD
Module:M37
Boundary:(1032.7, 610.2)(1032.7, 717.0)(1032.7, 717.0)(1032.7, 734.7)(867.1, 734.7)(867.1, 610.2);GATE
Port:(867.1, 624.7)(872.5, 624.7)(872.5, 720.2)(867.1, 720.2);SD
Port:(1032.7, 610.2)(1032.7, 717.0)(1032.7, 717.0)(1032.7, 734.7)(873.7, 734.7)(873.7, 610.2);GATE
Port:(1021.4, 616.1)(1027.8, 616.1)(1027.8, 711.1)(1021.4, 711.1);SD
Module:M34
Boundary:(393.1, 829.8)(476.6, 829.8)(476.6, 866.1)(491.2, 866.1)(491.2, 908.2)(393.1, 908.2);GATE
Port:(407.0, 902.2)(477.3, 902.2)(477.3, 908.2)(407.0, 908.2);SD
Port:(393.1, 829.8)(476.6, 829.8)(476.6, 866.1)(491.2, 866.1)(491.2, 900.8)(393.1, 900.8);GATE
Port:(399.6, 835.3)(469.1, 835.3)(469.1, 842.0)(399.6, 842.0);SD
Module:M29
Boundary:(167.2, 142.5)(223.1, 142.5)(223.1, 298.6)(167.2, 298.6);GATE
Port:(182.7, 294.2)(207.6, 294.2)(207.6, 298.6)(182.7, 298.6);SD
Port:(167.2, 142.5)(223.1, 142.5)(223.1, 293.2)(167.2, 293.2);GATE
Port:(173.7, 148.0)(216.6, 148.0)(216.6, 154.7)(173.7, 154.7);SD
Module:M7
Boundary:(163.3, 700.8)(196.5, 700.8)(196.5, 700.8)(211.7, 700.8)(211.7, 898.6)(163.3, 898.6);GATE
Port:(176.5, 892.6)(198.5, 892.6)(198.5, 898.6)(176.5, 898.6);SD
Port:(163.3, 700.8)(196.5, 700.8)(196.5, 700.8)(211.7, 700.8)(211.7, 890.1)(163.3, 890.1);GATE
Port:(169.7, 706.2)(190.1, 706.2)(190.1, 712.3)(169.7, 712.3);SD
Module:M31
Boundary:(979.7, 893.6)(1033.4, 893.6)(1033.4, 1050.3)(979.7, 1050.3);GATE
Port:(994.4, 1045.2)(1018.7, 1045.2)(1018.7, 1050.3)(994.4, 1050.3);SD
Port:(979.7, 893.6)(1033.4, 893.6)(1033.4, 1043.1)(979.7, 1043.1);GATE
Port:(985.3, 898.2)(1027.8, 898.2)(1027.8, 905.0)(985.3, 905.0);SD
Module:M3
Boundary:(263.1, 174.2)(311.1, 174.2)(311.1, 174.5)(326.4, 174.5)(326.4, 309.3)(263.1, 309.3);GATE
Port:(275.7, 303.9)(313.8, 303.9)(313.8, 309.3)(275.7, 309.3);SD
Port:(263.1, 174.2)(311.1, 174.2)(311.1, 174.5)(326.4, 174.5)(326.4, 301.7)(263.1, 301.7);GATE
Port:(269.6, 179.7)(304.6, 179.7)(304.6, 184.8)(269.6, 184.8);SD
Module:M26
Boundary:(113.3, 725.7)(113.3, 825.6)(78.5, 825.6)(78.5, 840.4)(30.0, 840.4)(30.0, 725.7);GATE
Port:(30.0, 740.5)(34.6, 740.5)(34.6, 825.6)(30.0, 825.6);SD
Port:(113.3, 725.7)(113.3, 825.6)(78.5, 825.6)(78.5, 840.4)(37.1, 840.4)(37.1, 725.7);GATE
Port:(101.5, 732.5)(107.5, 732.5)(107.5, 817.8)(101.5, 817.8);SD
Module:M23
Boundary:(485.3, 948.2)(485.3, 1035.3)(485.2, 1035.3)(485.2, 1048.9)(319.1, 1048.9)(319.1, 948.2);GATE
Port:(319.1, 961.3)(325.0, 961.3)(325.0, 1035.8)(319.1, 1035.8);SD
Port:(485.3, 948.2)(485.3, 1035.3)(485.2, 1035.3)(485.2, 1048.9)(328.0, 1048.9)(328.0, 948.2);GATE
Port:(474.1, 954.9)(479.6, 954.9)(479.6, 1028.6)(474.1, 1028.6);SD
Module:M18
Boundary:(901.1, 360.2)(995.6, 360.2)(995.6, 446.1)(1008.9, 446.1)(1008.9, 560.2)(901.1, 560.2);GATE
Port:(916.1, 554.5)(993.9, 554.5)(993.9, 560.2)(916.1, 560.2);SD
Port:(901.1, 360.2)(995.6, 360.2)(995.6, 446.1)(1008.9, 446.1)(1008.9, 552.6)(901.1, 552.6);GATE
Port:(908.0, 366.1)(987.7, 366.1)(987.7, 373.3)(908.0, 373.3);SD
Module:M20
Boundary:(734.1, 743.6)(788.0, 743.6)(788.0, 832.2)(804.4, 832.2)(804.4, 944.2)(734.1, 944.2);GATE
Port:(748.5, 940.0)(790.0, 940.0)(790.0, 944.2)(748.5, 944.2);SD
Port:(734.1, 743.6)(788.0, 743.6)(788.0, 832.2)(804.4, 832.2)(804.4, 938.8)(734.1, 938.8);GATE
Port:(739.9, 748.4)(781.2, 748.4)(781.2, 754.9)(739.9, 754.9);SD
Module:M15
Boundary:(251.7, 695.0)(320.4, 695.0)(320.4, 695.3)(337.1, 695.3)(337.1, 805.5)(251.7, 805.5);GATE
Port:(265.6, 800.3)(323.2, 800.3)(323.2, 805.5)(265.6, 805.5);SD
Port:(251.7, 695.0)(320.4, 695.0)(320.4, 695.3)(337.1, 695.3)(337.1, 797.5)(251.7, 797.5);GATE
Port:(257.2, 699.5)(314.9, 699.5)(314.9, 706.4)(257.2, 706.4);SD
Module:M12
Boundary:(895.9, 20.0)(895.9, 116.1)(779.3, 116.1)(779.3, 130.0)(676.0, 130.0)(676.0, 20.0);GATE
Port:(676.0, 34.6)(680.3, 34.6)(680.3, 115.4)(676.0, 115.4);SD
Port:(895.9, 20.0)(895.9, 116.1)(779.3, 116.1)(779.3, 130.0)(683.1, 130.0)(683.1, 20.0);GATE
Port:(883.2, 26.1)(890.8, 26.1)(890.8, 109.0)(883.2, 109.0);SD
Module:M44
Boundary:(513.1, 559.2)(513.1, 663.5)(459.4, 663.5)(459.4, 679.5)(382.1, 679.5)(382.1, 559.2);GATE
Port:(382.1, 572.9)(387.4, 572.9)(387.4, 665.8)(382.1, 665.8);SD
Port:(513.1, 559.2)(513.1, 663.5)(459.4, 663.5)(459.4, 679.5)(388.9, 679.5)(388.9, 559.2);GATE
Port:(501.7, 565.8)(507.5, 565.8)(507.5, 655.9)(501.7, 655.9);SD
Module:M39
Boundary:(854.4, 784.7)(899.3, 784.7)(899.3, 784.9)(912.6, 784.9)(912.6, 921.3)(854.4, 921.3);GATE
Port:(867.1, 916.8)(899.9, 916.8)(899.9, 921.3)(867.1, 921.3);SD
Port:(854.4, 784.7)(899.3, 784.7)(899.3, 784.9)(912.6, 784.9)(912.6, 914.6)(854.4, 914.6);GATE
Port:(860.6, 789.9)(893.1, 789.9)(893.1, 795.6)(860.6, 795.6);SD
Module:M8
Boundary:(20.0, 20.0)(112.8, 20.0)(112.8, 29.4)(127.2, 29.4)(127.2, 139.0)(20.0, 139.0);GATE
Port:(31.3, 133.4)(115.9, 133.4)(115.9, 139.0)(31.3, 139.0);SD
Port:(20.0, 20.0)(112.8, 20.0)(112.8, 29.4)(127.2, 29.4)(127.2, 130.6)(20.0, 130.6);GATE
Port:(25.6, 24.6)(106.2, 24.6)(106.2, 29.2)(25.6, 29.2);SD
Module:M41
Boundary:(523.3, 719.5)(523.3, 772.2)(523.0, 772.2)(523.0, 789.8)(377.1, 789.8)(377.1, 719.5);GATE
Port:(377.1, 733.7)(381.7, 733.7)(381.7, 775.6)(377.1, 775.6);SD
Port:(523.3, 719.5)(523.3, 772.2)(523.0, 772.2)(523.0, 789.8)(384.1, 789.8)(384.1, 719.5);GATE
Port:(512.5, 725.8)(518.0, 725.8)(518.0, 765.9)(512.5, 765.9);SD
Module:M4
Boundary:(342.1, 597.9)(342.1, 643.5)(329.2, 643.5)(329.2, 655.0)(251.7, 655.0)(251.7, 597.9);GATE
Port:(251.7, 610.9)(257.7, 610.9)(257.7, 642.0)(251.7, 642.0);SD
Port:(342.1, 597.9)(342.1, 643.5)(329.2, 643.5)(329.2, 655.0)(259.0, 655.0)(259.0, 597.9);GATE
Port:(330.7, 604.7)(336.3, 604.7)(336.3, 635.7)(330.7, 635.7);SD
Module:M36
Boundary:(532.4, 20.0)(532.4, 119.2)(512.2, 119.2)(512.2, 134.2)(308.7, 134.2)(308.7, 20.0);GATE
Port:(308.7, 33.1)(314.7, 33.1)(314.7, 121.1)(308.7, 121.1);SD
Port:(532.4, 20.0)(532.4, 119.2)(512.2, 119.2)(512.2, 134.2)(316.6, 134.2)(316.6, 20.0);GATE
Port:(521.3, 25.4)(528.0, 25.4)(528.0, 112.8)(521.3, 112.8);SD
Module:M33
Boundary:(353.1, 845.5)(353.1, 896.2)(251.7, 896.2)(251.7, 845.5);GATE
Port:(251.7, 859.1)(257.4, 859.1)(257.4, 882.6)(251.7, 882.6);SD
Port:(353.1, 845.5)(353.1, 896.2)(259.0, 896.2)(259.0, 845.5);GATE
Port:(341.7, 851.8)(347.8, 851.8)(347.8, 889.9)(341.7, 889.9);SD
Module:M28
Boundary:(827.1, 592.1)(827.1, 688.7)(792.1, 688.7)(792.1, 703.6)(731.7, 703.6)(731.7, 592.1);GATE
Port:(731.7, 604.3)(736.3, 604.3)(736.3, 691.4)(731.7, 691.4);SD
Port:(827.1, 592.1)(827.1, 688.7)(792.1, 688.7)(792.1, 703.6)(738.4, 703.6)(738.4, 592.1);GATE
Port:(816.7, 597.3)(822.9, 597.3)(822.9, 682.5)(816.7, 682.5);SD
Module:M30
Boundary:(810.9, 170.0)(810.9, 267.6)(773.0, 267.6)(773.0, 281.2)(731.7, 281.2)(731.7, 170.0);GATE
Port:(731.7, 183.5)(736.1, 183.5)(736.1, 267.7)(731.7, 267.7);SD
Port:(810.9, 170.0)(810.9, 267.6)(773.0, 267.6)(773.0, 281.2)(739.1, 281.2)(739.1, 170.0);GATE
Port:(800.0, 175.8)(806.1, 175.8)(806.1, 259.8)(800.0, 259.8);SD
Module:M25
Boundary:(268.7, 20.0)(268.7, 102.5)(167.2, 102.5)(167.2, 20.0);GATE
Port:(167.2, 34.0)(172.9, 34.0)(172.9, 88.5)(167.2, 88.5);SD
Port:(268.7, 20.0)(268.7, 102.5)(174.7, 102.5)(174.7, 20.0);GATE
Port:(257.5, 25.5)(264.2, 25.5)(264.2, 97.0)(257.5, 97.0);SD
Module:M22
Boundary:(20.0, 179.0)(107.2, 179.0)(107.2, 216.3)(122.8, 216.3)(122.8, 267.5)(20.0, 267.5);GATE
Port:(34.3, 262.6)(108.5, 262.6)(108.5, 267.5)(34.3, 267.5);SD
Port:(20.0, 179.0)(107.2, 179.0)(107.2, 216.3)(122.8, 216.3)(122.8, 259.8)(20.0, 259.8);GATE
Port:(25.9, 183.9)(100.3, 183.9)(100.3, 191.0)(25.9, 191.0);SD
Module:M17
Boundary:(684.1, 839.8)(684.1, 936.8)(541.2, 936.8)(541.2, 839.8);GATE
Port:(541.2, 852.8)(546.1, 852.8)(546.1, 923.8)(541.2, 923.8);SD
Port:(684.1, 839.8)(684.1, 936.8)(548.3, 936.8)(548.3, 839.8);GATE
Port:(673.3, 845.8)(679.1, 845.8)(679.1, 930.8)(673.3, 930.8);SD
