Area:(10.7, -13.5)(1223.7, -13.5)(1223.7, 502.9)(10.7, 502.9)
Rule:GATE(5,5);SD(5,5);GATE_SD(0.5);GATE_ITO(0.5);SD_ITO(0.5)
Module:M19
Boundary:(245.0, 110.0)(245.0, 26.5)(343.4, 26.5)(343.4, 110.0);GATE
Port:(339.2, 39.8)(343.4, 39.8)(343.4, 96.7)(339.2, 96.7);SD
Port:(245.0, 110.0)(245.0, 26.5)(337.5, 26.5)(337.5, 110.0);GATE
Port:(250.0, 32.5)(256.2, 32.5)(256.2, 104.0)(250.0, 104.0);SD
Module:M20
Boundary:(78.5, 114.8)(78.5, 43.9)(135.3, 43.9)(135.3, 28.2)(219.4, 28.2)(219.4, 114.8);GATE
Port:(215.0, 43.3)(219.4, 43.3)(219.4, 99.7)(215.0, 99.7);SD
Port:(78.5, 114.8)(78.5, 43.9)(135.3, 43.9)(135.3, 28.2)(212.8, 28.2)(212.8, 114.8);GATE
Port:(84.1, 51.5)(90.9, 51.5)(90.9, 108.2)(84.1, 108.2);SD
Module:M11
Boundary:(479.2, 34.4)(479.2, 127.3)(355.9, 127.3)(355.9, 34.4);GATE
Port:(355.9, 46.7)(360.2, 46.7)(360.2, 115.0)(355.9, 115.0);SD
Port:(479.2, 34.4)(479.2, 127.3)(363.0, 127.3)(363.0, 34.4);GATE
Port:(469.3, 39.6)(475.0, 39.6)(475.0, 122.1)(469.3, 122.1);SD
Module:M7
Boundary:(714.0, 160.7)(714.0, 76.3)(714.2, 76.3)(714.2, 63.0)(845.8, 63.0)(845.8, 160.7);GATE
Port:(841.5, 75.0)(845.8, 75.0)(845.8, 148.7)(841.5, 148.7);SD
Port:(714.0, 160.7)(714.0, 76.3)(714.2, 76.3)(714.2, 63.0)(839.5, 63.0)(839.5, 160.7);GATE
Port:(718.9, 82.2)(724.5, 82.2)(724.5, 154.8)(718.9, 154.8);SD
Module:M10
Boundary:(683.9, 150.3)(683.9, 57.4)(606.0, 57.4)(606.0, 43.3)(502.6, 43.3)(502.6, 150.3);GATE
Port:(502.6, 55.6)(508.4, 55.6)(508.4, 138.0)(502.6, 138.0);SD
Port:(683.9, 150.3)(683.9, 57.4)(606.0, 57.4)(606.0, 43.3)(510.7, 43.3)(510.7, 150.3);GATE
Port:(673.7, 63.9)(679.4, 63.9)(679.4, 144.8)(673.7, 144.8);SD
Module:M21
Boundary:(852.3, 49.4)(960.1, 49.4)(960.1, 197.1)(852.3, 197.1);GATE
Port:(866.4, 191.6)(946.0, 191.6)(946.0, 197.1)(866.4, 197.1);SD
Port:(852.3, 49.4)(960.1, 49.4)(960.1, 189.4)(852.3, 189.4);GATE
Port:(858.8, 54.9)(953.6, 54.9)(953.6, 60.6)(858.8, 60.6);SD
Module:M9
Boundary:(442.7, 212.0)(442.7, 161.8)(332.6, 161.8)(332.6, 212.0);GATE
Port:(332.6, 175.6)(338.4, 175.6)(338.4, 198.2)(332.6, 198.2);SD
Port:(442.7, 212.0)(442.7, 161.8)(340.9, 161.8)(340.9, 212.0);GATE
Port:(431.5, 168.7)(436.8, 168.7)(436.8, 205.1)(431.5, 205.1);SD
Module:M6
Boundary:(1026.9, 244.9)(1093.7, 244.9)(1093.7, 120.6)(1104.9, 120.6)(1104.9, 42.1)(1026.9, 42.1);GATE
Port:(1038.5, 42.1)(1093.3, 42.1)(1093.3, 47.5)(1038.5, 47.5);SD
Port:(1026.9, 244.9)(1093.7, 244.9)(1093.7, 120.6)(1104.9, 120.6)(1104.9, 50.0)(1026.9, 50.0);GATE
Port:(1032.3, 234.9)(1087.3, 234.9)(1087.3, 240.5)(1032.3, 240.5);SD
Module:M4
Boundary:(1163.6, 35.4)(1115.0, 35.4)(1115.0, 147.9)(1100.8, 147.9)(1100.8, 246.8)(1163.6, 246.8);GATE
Port:(1113.1, 241.2)(1151.3, 241.2)(1151.3, 246.8)(1113.1, 246.8);SD
Port:(1163.6, 35.4)(1115.0, 35.4)(1115.0, 147.9)(1100.8, 147.9)(1100.8, 239.9)(1163.6, 239.9);GATE
Port:(1121.2, 39.6)(1158.4, 39.6)(1158.4, 45.9)(1121.2, 45.9);SD
Module:M16
Boundary:(833.5, 246.1)(833.5, 178.3)(803.2, 178.3)(803.2, 163.7)(705.8, 163.7)(705.8, 246.1);GATE
Port:(705.8, 178.3)(710.1, 178.3)(710.1, 231.5)(705.8, 231.5);SD
Port:(833.5, 246.1)(833.5, 178.3)(803.2, 178.3)(803.2, 163.7)(711.8, 163.7)(711.8, 246.1);GATE
Port:(821.1, 185.5)(828.3, 185.5)(828.3, 239.9)(821.1, 239.9);SD
Module:M22
Boundary:(316.4, 150.2)(316.4, 247.0)(201.5, 247.0)(201.5, 150.2);GATE
Port:(201.5, 163.9)(206.4, 163.9)(206.4, 233.3)(201.5, 233.3);SD
Port:(316.4, 150.2)(316.4, 247.0)(208.4, 247.0)(208.4, 150.2);GATE
Port:(304.9, 155.6)(312.0, 155.6)(312.0, 241.6)(304.9, 241.6);SD
Module:M14
Boundary:(972.5, 264.6)(972.5, 218.6)(914.4, 218.6)(914.4, 205.3)(865.5, 205.3)(865.5, 264.6);GATE
Port:(865.5, 216.9)(870.2, 216.9)(870.2, 253.0)(865.5, 253.0);SD
Port:(972.5, 264.6)(972.5, 218.6)(914.4, 218.6)(914.4, 205.3)(871.3, 205.3)(871.3, 264.6);GATE
Port:(962.7, 225.7)(967.4, 225.7)(967.4, 258.5)(962.7, 258.5);SD
Module:M24
Boundary:(50.7, 164.0)(141.6, 164.0)(141.6, 260.1)(155.2, 260.1)(155.2, 349.6)(50.7, 349.6);GATE
Port:(63.3, 344.0)(142.6, 344.0)(142.6, 349.6)(63.3, 349.6);SD
Port:(50.7, 164.0)(141.6, 164.0)(141.6, 260.1)(155.2, 260.1)(155.2, 341.5)(50.7, 341.5);GATE
Port:(57.3, 169.6)(134.0, 169.6)(134.0, 174.2)(57.3, 174.2);SD
Module:M2
Boundary:(164.5, 262.8)(164.5, 318.6)(243.8, 318.6)(243.8, 334.6)(303.3, 334.6)(303.3, 262.8);GATE
Port:(298.8, 278.2)(303.3, 278.2)(303.3, 319.2)(298.8, 319.2);SD
Port:(164.5, 262.8)(164.5, 318.6)(243.8, 318.6)(243.8, 334.6)(297.1, 334.6)(297.1, 262.8);GATE
Port:(170.4, 269.7)(177.4, 269.7)(177.4, 310.7)(170.4, 310.7);SD
Module:M23
Boundary:(370.5, 230.4)(458.3, 230.4)(458.3, 342.7)(370.5, 342.7);GATE
Port:(384.5, 338.5)(444.3, 338.5)(444.3, 342.7)(384.5, 342.7);SD
Port:(370.5, 230.4)(458.3, 230.4)(458.3, 337.5)(370.5, 337.5);GATE
Port:(376.5, 235.4)(452.3, 235.4)(452.3, 241.9)(376.5, 241.9);SD
Module:M17
Boundary:(591.7, 368.3)(675.4, 368.3)(675.4, 367.9)(691.5, 367.9)(691.5, 174.7)(591.7, 174.7);GATE
Port:(606.2, 174.7)(677.0, 174.7)(677.0, 179.0)(606.2, 179.0);SD
Port:(591.7, 368.3)(675.4, 368.3)(675.4, 367.9)(691.5, 367.9)(691.5, 180.7)(591.7, 180.7);GATE
Port:(597.8, 356.4)(669.3, 356.4)(669.3, 363.2)(597.8, 363.2);SD
Module:M3
Boundary:(837.9, 277.5)(837.9, 358.2)(711.0, 358.2)(711.0, 277.5);GATE
Port:(711.0, 289.7)(716.6, 289.7)(716.6, 346.0)(711.0, 346.0);SD
Port:(837.9, 277.5)(837.9, 358.2)(719.6, 358.2)(719.6, 277.5);GATE
Port:(827.3, 283.0)(833.4, 283.0)(833.4, 352.7)(827.3, 352.7);SD
Module:M25
Boundary:(482.4, 167.0)(559.0, 167.0)(559.0, 368.7)(482.4, 368.7);GATE
Port:(497.7, 363.9)(543.7, 363.9)(543.7, 368.7)(497.7, 368.7);SD
Port:(482.4, 167.0)(559.0, 167.0)(559.0, 362.4)(482.4, 362.4);GATE
Port:(487.7, 171.3)(553.7, 171.3)(553.7, 179.1)(487.7, 179.1);SD
Module:M18
Boundary:(1183.7, 261.5)(1183.7, 347.1)(1121.1, 347.1)(1121.1, 362.8)(1002.5, 362.8)(1002.5, 261.5);GATE
Port:(1002.5, 275.2)(1006.8, 275.2)(1006.8, 349.1)(1002.5, 349.1);SD
Port:(1183.7, 261.5)(1183.7, 347.1)(1121.1, 347.1)(1121.1, 362.8)(1008.6, 362.8)(1008.6, 261.5);GATE
Port:(1172.5, 267.2)(1179.0, 267.2)(1179.0, 340.4)(1172.5, 340.4);SD
Module:M8
Boundary:(127.6, 360.0)(77.7, 360.0)(77.7, 389.9)(62.8, 389.9)(62.8, 442.8)(127.6, 442.8);GATE
Port:(75.4, 437.9)(115.0, 437.9)(115.0, 442.8)(75.4, 442.8);SD
Port:(127.6, 360.0)(77.7, 360.0)(77.7, 389.9)(62.8, 389.9)(62.8, 436.8)(127.6, 436.8);GATE
Port:(84.0, 364.3)(122.3, 364.3)(122.3, 370.6)(84.0, 370.6);SD
Module:M12
Boundary:(879.1, 280.6)(931.8, 280.6)(931.8, 318.0)(948.0, 318.0)(948.0, 431.6)(879.1, 431.6);GATE
Port:(893.2, 425.7)(933.9, 425.7)(933.9, 431.6)(893.2, 431.6);SD
Port:(879.1, 280.6)(931.8, 280.6)(931.8, 318.0)(948.0, 318.0)(948.0, 424.1)(879.1, 424.1);GATE
Port:(884.7, 285.2)(925.2, 285.2)(925.2, 291.4)(884.7, 291.4);SD
Module:M5
Boundary:(845.7, 454.0)(845.7, 404.3)(845.7, 404.3)(845.7, 389.1)(640.6, 389.1)(640.6, 454.0);GATE
Port:(640.6, 403.0)(646.5, 403.0)(646.5, 440.1)(640.6, 440.1);SD
Port:(845.7, 454.0)(845.7, 404.3)(845.7, 404.3)(845.7, 389.1)(648.5, 389.1)(648.5, 454.0);GATE
Port:(833.6, 410.4)(840.6, 410.4)(840.6, 447.9)(833.6, 447.9);SD
Module:M15
Boundary:(415.2, 387.8)(415.2, 446.6)(639.2, 446.6)(639.2, 387.8);GATE
Port:(634.5, 399.1)(639.2, 399.1)(639.2, 435.3)(634.5, 435.3);SD
Port:(415.2, 387.8)(415.2, 446.6)(632.0, 446.6)(632.0, 387.8);GATE
Port:(419.3, 392.9)(424.6, 392.9)(424.6, 441.5)(419.3, 441.5);SD
Module:M1
Boundary:(164.5, 462.9)(164.5, 406.3)(164.7, 406.3)(164.7, 388.7)(372.0, 388.7)(372.0, 462.9);GATE
Port:(366.8, 404.3)(372.0, 404.3)(372.0, 447.3)(366.8, 447.3);SD
Port:(164.5, 462.9)(164.5, 406.3)(164.7, 406.3)(164.7, 388.7)(365.4, 388.7)(365.4, 462.9);GATE
Port:(170.4, 413.2)(177.5, 413.2)(177.5, 456.0)(170.4, 456.0);SD
Module:M13
Boundary:(1159.0, 441.6)(1159.0, 380.1)(968.7, 380.1)(968.7, 441.6);GATE
Port:(968.7, 392.5)(974.4, 392.5)(974.4, 429.2)(968.7, 429.2);SD
Port:(1159.0, 441.6)(1159.0, 380.1)(977.3, 380.1)(977.3, 441.6);GATE
Port:(1148.8, 385.2)(1154.9, 385.2)(1154.9, 436.5)(1148.8, 436.5);SD
