Area:(-20.0, -20.0)(1019.0, -20.0)(1019.0, 1319.0)(-20.0, 1319.0)
Rule:GATE(5,5);SD(5,5);GATE_SD(0.5);GATE_ITO(0.5);SD_ITO(0.5)
Module:M14
Boundary:(338.0, 500.0)(431.5, 500.0)(431.5, 510.0)(447.0, 510.0)(447.0, 605.0)(338.0, 605.0);GATE
Port:(352.5, 595.0)(432.5, 595.0)(432.5, 605.0)(352.5, 605.0);SD
Port:(338.0, 500.0)(431.5, 500.0)(431.5, 510.0)(447.0, 510.0)(447.0, 590.0)(338.0, 590.0);GATE
Port:(348.0, 505.0)(417.0, 505.0)(417.0, 509.0)(348.0, 509.0);SD
Module:M9
Boundary:(437.0, 20.0)(437.0, 149.5)(333.9, 149.5)(333.9, 237.0)(282.0, 237.0)(282.0, 20.0);GATE
Port:(282.0, 34.5)(292.0, 34.5)(292.0, 222.5)(282.0, 222.5);SD
Port:(437.0, 20.0)(437.0, 149.5)(333.9, 149.5)(333.9, 237.0)(297.0, 237.0)(297.0, 20.0);GATE
Port:(428.0, 30.0)(432.0, 30.0)(432.0, 135.0)(428.0, 135.0);SD
Module:M5
Boundary:(251.0, 288.0)(251.0, 364.0)(243.0, 364.0)(243.0, 379.0)(133.0, 379.0)(133.0, 288.0);GATE
Port:(133.0, 302.5)(143.0, 302.5)(143.0, 364.5)(133.0, 364.5);SD
Port:(251.0, 288.0)(251.0, 364.0)(243.0, 364.0)(243.0, 379.0)(148.0, 379.0)(148.0, 288.0);GATE
Port:(242.0, 298.0)(246.0, 298.0)(246.0, 349.0)(242.0, 349.0);SD
Module:M11
Boundary:(133.0, 20.0)(226.5, 20.0)(226.5, 32.0)(242.0, 32.0)(242.0, 112.0)(133.0, 112.0);GATE
Port:(147.5, 102.0)(227.5, 102.0)(227.5, 112.0)(147.5, 112.0);SD
Port:(133.0, 20.0)(226.5, 20.0)(226.5, 32.0)(242.0, 32.0)(242.0, 97.0)(133.0, 97.0);GATE
Port:(143.0, 25.0)(212.0, 25.0)(212.0, 29.0)(143.0, 29.0);SD
Module:M1
Boundary:(223.0, 733.0)(296.0, 733.0)(296.0, 888.0)(223.0, 888.0);GATE
Port:(237.5, 878.0)(281.5, 878.0)(281.5, 888.0)(237.5, 888.0);SD
Port:(223.0, 733.0)(296.0, 733.0)(296.0, 873.0)(223.0, 873.0);GATE
Port:(233.0, 738.0)(286.0, 738.0)(286.0, 742.0)(233.0, 742.0);SD
Module:M43
Boundary:(816.0, 929.0)(963.5, 929.0)(963.5, 945.0)(979.0, 945.0)(979.0, 1100.0)(816.0, 1100.0);GATE
Port:(830.5, 1090.0)(964.5, 1090.0)(964.5, 1100.0)(830.5, 1100.0);SD
Port:(816.0, 929.0)(963.5, 929.0)(963.5, 945.0)(979.0, 945.0)(979.0, 1085.0)(816.0, 1085.0);GATE
Port:(826.0, 934.0)(949.0, 934.0)(949.0, 938.0)(826.0, 938.0);SD
Module:M38
Boundary:(979.0, 515.0)(979.0, 644.5)(909.6, 644.5)(909.6, 732.0)(866.0, 732.0)(866.0, 515.0);GATE
Port:(866.0, 529.5)(876.0, 529.5)(876.0, 717.5)(866.0, 717.5);SD
Port:(979.0, 515.0)(979.0, 644.5)(909.6, 644.5)(909.6, 732.0)(881.0, 732.0)(881.0, 515.0);GATE
Port:(970.0, 525.0)(974.0, 525.0)(974.0, 630.0)(970.0, 630.0);SD
Module:M40
Boundary:(143.0, 429.0)(219.0, 429.0)(219.0, 437.0)(234.0, 437.0)(234.0, 547.0)(143.0, 547.0);GATE
Port:(157.5, 537.0)(219.5, 537.0)(219.5, 547.0)(157.5, 547.0);SD
Port:(143.0, 429.0)(219.0, 429.0)(219.0, 437.0)(234.0, 437.0)(234.0, 532.0)(143.0, 532.0);GATE
Port:(153.0, 434.0)(204.0, 434.0)(204.0, 438.0)(153.0, 438.0);SD
Module:M35
Boundary:(20.0, 1130.0)(167.5, 1130.0)(167.5, 1146.0)(183.0, 1146.0)(183.0, 1279.0)(20.0, 1279.0);GATE
Port:(34.5, 1269.0)(168.5, 1269.0)(168.5, 1279.0)(34.5, 1279.0);SD
Port:(20.0, 1130.0)(167.5, 1130.0)(167.5, 1146.0)(183.0, 1146.0)(183.0, 1264.0)(20.0, 1264.0);GATE
Port:(30.0, 1135.0)(153.0, 1135.0)(153.0, 1139.0)(30.0, 1139.0);SD
Module:M32
Boundary:(413.0, 655.0)(413.0, 728.0)(348.0, 728.0)(348.0, 655.0);GATE
Port:(348.0, 669.5)(358.0, 669.5)(358.0, 713.5)(348.0, 713.5);SD
Port:(413.0, 655.0)(413.0, 728.0)(363.0, 728.0)(363.0, 655.0);GATE
Port:(404.0, 665.0)(408.0, 665.0)(408.0, 718.0)(404.0, 718.0);SD
Module:M27
Boundary:(826.0, 482.0)(826.0, 593.5)(802.9, 593.5)(802.9, 627.0)(762.0, 627.0)(762.0, 482.0);GATE
Port:(762.0, 496.5)(772.0, 496.5)(772.0, 612.5)(762.0, 612.5);SD
Port:(826.0, 482.0)(826.0, 593.5)(802.9, 593.5)(802.9, 627.0)(777.0, 627.0)(777.0, 482.0);GATE
Port:(817.0, 492.0)(821.0, 492.0)(821.0, 579.0)(817.0, 579.0);SD
Module:M24
Boundary:(20.0, 737.0)(167.5, 737.0)(167.5, 753.0)(183.0, 753.0)(183.0, 905.0)(20.0, 905.0);GATE
Port:(34.5, 895.0)(168.5, 895.0)(168.5, 905.0)(34.5, 905.0);SD
Port:(20.0, 737.0)(167.5, 737.0)(167.5, 753.0)(183.0, 753.0)(183.0, 890.0)(20.0, 890.0);GATE
Port:(30.0, 742.0)(153.0, 742.0)(153.0, 746.0)(30.0, 746.0);SD
Module:M19
Boundary:(215.0, 607.0)(288.0, 607.0)(288.0, 683.0)(215.0, 683.0);GATE
Port:(229.5, 673.0)(273.5, 673.0)(273.5, 683.0)(229.5, 683.0);SD
Port:(215.0, 607.0)(288.0, 607.0)(288.0, 668.0)(215.0, 668.0);GATE
Port:(225.0, 612.0)(278.0, 612.0)(278.0, 616.0)(225.0, 616.0);SD
Module:M6
Boundary:(133.0, 152.0)(226.5, 152.0)(226.5, 162.0)(242.0, 162.0)(242.0, 248.0)(133.0, 248.0);GATE
Port:(147.5, 238.0)(227.5, 238.0)(227.5, 248.0)(147.5, 248.0);SD
Port:(133.0, 152.0)(226.5, 152.0)(226.5, 162.0)(242.0, 162.0)(242.0, 233.0)(133.0, 233.0);GATE
Port:(143.0, 157.0)(212.0, 157.0)(212.0, 161.0)(143.0, 161.0);SD
Module:M21
Boundary:(700.0, 151.0)(811.5, 151.0)(811.5, 163.0)(827.0, 163.0)(827.0, 216.0)(700.0, 216.0);GATE
Port:(714.5, 206.0)(812.5, 206.0)(812.5, 216.0)(714.5, 216.0);SD
Port:(700.0, 151.0)(811.5, 151.0)(811.5, 163.0)(827.0, 163.0)(827.0, 201.0)(700.0, 201.0);GATE
Port:(710.0, 156.0)(797.0, 156.0)(797.0, 160.0)(710.0, 160.0);SD
Module:M2
Boundary:(803.0, 256.0)(803.0, 329.0)(700.0, 329.0)(700.0, 256.0);GATE
Port:(700.0, 270.5)(710.0, 270.5)(710.0, 314.5)(700.0, 314.5);SD
Port:(803.0, 256.0)(803.0, 329.0)(715.0, 329.0)(715.0, 256.0);GATE
Port:(794.0, 266.0)(798.0, 266.0)(798.0, 319.0)(794.0, 319.0);SD
Module:M16
Boundary:(477.0, 192.0)(624.5, 192.0)(624.5, 225.0)(658.0, 225.0)(658.0, 269.0)(477.0, 269.0);GATE
Port:(491.5, 259.0)(643.5, 259.0)(643.5, 269.0)(491.5, 269.0);SD
Port:(477.0, 192.0)(624.5, 192.0)(624.5, 225.0)(658.0, 225.0)(658.0, 254.0)(477.0, 254.0);GATE
Port:(487.0, 197.0)(610.0, 197.0)(610.0, 201.0)(487.0, 201.0);SD
Module:M13
Boundary:(598.0, 667.0)(598.0, 743.0)(590.0, 743.0)(590.0, 758.0)(463.0, 758.0)(463.0, 667.0);GATE
Port:(463.0, 681.5)(473.0, 681.5)(473.0, 743.5)(463.0, 743.5);SD
Port:(598.0, 667.0)(598.0, 743.0)(590.0, 743.0)(590.0, 758.0)(478.0, 758.0)(478.0, 667.0);GATE
Port:(589.0, 677.0)(593.0, 677.0)(593.0, 728.0)(589.0, 728.0);SD
Module:M45
Boundary:(20.0, 157.0)(93.0, 157.0)(93.0, 331.0)(20.0, 331.0);GATE
Port:(34.5, 321.0)(78.5, 321.0)(78.5, 331.0)(34.5, 331.0);SD
Port:(20.0, 157.0)(93.0, 157.0)(93.0, 316.0)(20.0, 316.0);GATE
Port:(30.0, 162.0)(83.0, 162.0)(83.0, 166.0)(30.0, 166.0);SD
Module:M10
Boundary:(656.0, 309.0)(656.0, 438.5)(642.0, 438.5)(642.0, 454.0)(477.0, 454.0)(477.0, 309.0);GATE
Port:(477.0, 323.5)(487.0, 323.5)(487.0, 439.5)(477.0, 439.5);SD
Port:(656.0, 309.0)(656.0, 438.5)(642.0, 438.5)(642.0, 454.0)(492.0, 454.0)(492.0, 309.0);GATE
Port:(647.0, 319.0)(651.0, 319.0)(651.0, 424.0)(647.0, 424.0);SD
Module:M42
Boundary:(848.0, 369.0)(848.0, 442.0)(698.0, 442.0)(698.0, 369.0);GATE
Port:(698.0, 383.5)(708.0, 383.5)(708.0, 427.5)(698.0, 427.5);SD
Port:(848.0, 369.0)(848.0, 442.0)(713.0, 442.0)(713.0, 369.0);GATE
Port:(839.0, 379.0)(843.0, 379.0)(843.0, 432.0)(839.0, 432.0);SD
Module:M37
Boundary:(607.0, 798.0)(607.0, 874.0)(599.0, 874.0)(599.0, 889.0)(523.0, 889.0)(523.0, 798.0);GATE
Port:(523.0, 812.5)(533.0, 812.5)(533.0, 874.5)(523.0, 874.5);SD
Port:(607.0, 798.0)(607.0, 874.0)(599.0, 874.0)(599.0, 889.0)(538.0, 889.0)(538.0, 798.0);GATE
Port:(598.0, 808.0)(602.0, 808.0)(602.0, 859.0)(598.0, 859.0);SD
Module:M34
Boundary:(20.0, 20.0)(93.0, 20.0)(93.0, 117.0)(20.0, 117.0);GATE
Port:(34.5, 107.0)(78.5, 107.0)(78.5, 117.0)(34.5, 117.0);SD
Port:(20.0, 20.0)(93.0, 20.0)(93.0, 102.0)(20.0, 102.0);GATE
Port:(30.0, 25.0)(83.0, 25.0)(83.0, 29.0)(30.0, 29.0);SD
Module:M29
Boundary:(867.0, 223.0)(943.0, 223.0)(943.0, 231.0)(958.0, 231.0)(958.0, 324.0)(867.0, 324.0);GATE
Port:(881.5, 314.0)(943.5, 314.0)(943.5, 324.0)(881.5, 324.0);SD
Port:(867.0, 223.0)(943.0, 223.0)(943.0, 231.0)(958.0, 231.0)(958.0, 309.0)(867.0, 309.0);GATE
Port:(877.0, 228.0)(928.0, 228.0)(928.0, 232.0)(877.0, 232.0);SD
Module:M7
Boundary:(20.0, 371.0)(93.0, 371.0)(93.0, 559.0)(20.0, 559.0);GATE
Port:(34.5, 549.0)(78.5, 549.0)(78.5, 559.0)(34.5, 559.0);SD
Port:(20.0, 371.0)(93.0, 371.0)(93.0, 544.0)(20.0, 544.0);GATE
Port:(30.0, 376.0)(83.0, 376.0)(83.0, 380.0)(30.0, 380.0);SD
Module:M31
Boundary:(487.0, 494.0)(634.5, 494.0)(634.5, 581.0)(722.0, 581.0)(722.0, 627.0)(487.0, 627.0);GATE
Port:(501.5, 617.0)(707.5, 617.0)(707.5, 627.0)(501.5, 627.0);SD
Port:(487.0, 494.0)(634.5, 494.0)(634.5, 581.0)(722.0, 581.0)(722.0, 612.0)(487.0, 612.0);GATE
Port:(497.0, 499.0)(620.0, 499.0)(620.0, 503.0)(497.0, 503.0);SD
Module:M3
Boundary:(223.0, 1186.0)(334.5, 1186.0)(334.5, 1219.0)(404.0, 1219.0)(404.0, 1274.0)(223.0, 1274.0);GATE
Port:(237.5, 1264.0)(389.5, 1264.0)(389.5, 1274.0)(237.5, 1274.0);SD
Port:(223.0, 1186.0)(334.5, 1186.0)(334.5, 1219.0)(404.0, 1219.0)(404.0, 1259.0)(223.0, 1259.0);GATE
Port:(233.0, 1191.0)(320.0, 1191.0)(320.0, 1195.0)(233.0, 1195.0);SD
Module:M26
Boundary:(766.0, 939.0)(766.0, 1068.5)(752.0, 1068.5)(752.0, 1084.0)(582.0, 1084.0)(582.0, 939.0);GATE
Port:(582.0, 953.5)(592.0, 953.5)(592.0, 1069.5)(582.0, 1069.5);SD
Port:(766.0, 939.0)(766.0, 1068.5)(752.0, 1068.5)(752.0, 1084.0)(597.0, 1084.0)(597.0, 939.0);GATE
Port:(757.0, 949.0)(761.0, 949.0)(761.0, 1054.0)(757.0, 1054.0);SD
Module:M23
Boundary:(701.0, 667.0)(701.0, 743.0)(693.0, 743.0)(693.0, 758.0)(638.0, 758.0)(638.0, 667.0);GATE
Port:(638.0, 681.5)(648.0, 681.5)(648.0, 743.5)(638.0, 743.5);SD
Port:(701.0, 667.0)(701.0, 743.0)(693.0, 743.0)(693.0, 758.0)(653.0, 758.0)(653.0, 667.0);GATE
Port:(692.0, 677.0)(696.0, 677.0)(696.0, 728.0)(692.0, 728.0);SD
Module:M18
Boundary:(424.0, 287.0)(424.0, 434.5)(408.0, 434.5)(408.0, 450.0)(301.0, 450.0)(301.0, 287.0);GATE
Port:(301.0, 301.5)(311.0, 301.5)(311.0, 435.5)(301.0, 435.5);SD
Port:(424.0, 287.0)(424.0, 434.5)(408.0, 434.5)(408.0, 450.0)(316.0, 450.0)(316.0, 287.0);GATE
Port:(415.0, 297.0)(419.0, 297.0)(419.0, 420.0)(415.0, 420.0);SD
Module:M20
Boundary:(973.0, 798.0)(973.0, 874.0)(965.0, 874.0)(965.0, 889.0)(817.0, 889.0)(817.0, 798.0);GATE
Port:(817.0, 812.5)(827.0, 812.5)(827.0, 874.5)(817.0, 874.5);SD
Port:(973.0, 798.0)(973.0, 874.0)(965.0, 874.0)(965.0, 889.0)(832.0, 889.0)(832.0, 798.0);GATE
Port:(964.0, 808.0)(968.0, 808.0)(968.0, 859.0)(964.0, 859.0);SD
Module:M15
Boundary:(777.0, 798.0)(777.0, 874.0)(769.0, 874.0)(769.0, 889.0)(647.0, 889.0)(647.0, 798.0);GATE
Port:(647.0, 812.5)(657.0, 812.5)(657.0, 874.5)(647.0, 874.5);SD
Port:(777.0, 798.0)(777.0, 874.0)(769.0, 874.0)(769.0, 889.0)(662.0, 889.0)(662.0, 798.0);GATE
Port:(768.0, 808.0)(772.0, 808.0)(772.0, 859.0)(768.0, 859.0);SD
Module:M12
Boundary:(971.0, 20.0)(971.0, 167.5)(955.0, 167.5)(955.0, 183.0)(883.0, 183.0)(883.0, 20.0);GATE
Port:(883.0, 34.5)(893.0, 34.5)(893.0, 168.5)(883.0, 168.5);SD
Port:(971.0, 20.0)(971.0, 167.5)(955.0, 167.5)(955.0, 183.0)(898.0, 183.0)(898.0, 20.0);GATE
Port:(962.0, 30.0)(966.0, 30.0)(966.0, 153.0)(962.0, 153.0);SD
Module:M44
Boundary:(338.0, 798.0)(467.5, 798.0)(467.5, 812.0)(483.0, 812.0)(483.0, 925.0)(338.0, 925.0);GATE
Port:(352.5, 915.0)(468.5, 915.0)(468.5, 925.0)(352.5, 925.0);SD
Port:(338.0, 798.0)(467.5, 798.0)(467.5, 812.0)(483.0, 812.0)(483.0, 910.0)(338.0, 910.0);GATE
Port:(348.0, 803.0)(453.0, 803.0)(453.0, 807.0)(348.0, 807.0);SD
Module:M39
Boundary:(964.0, 374.0)(964.0, 450.0)(956.0, 450.0)(956.0, 465.0)(898.0, 465.0)(898.0, 374.0);GATE
Port:(898.0, 388.5)(908.0, 388.5)(908.0, 450.5)(898.0, 450.5);SD
Port:(964.0, 374.0)(964.0, 450.0)(956.0, 450.0)(956.0, 465.0)(913.0, 465.0)(913.0, 374.0);GATE
Port:(955.0, 384.0)(959.0, 384.0)(959.0, 435.0)(955.0, 435.0);SD
Module:M8
Boundary:(812.0, 1140.0)(923.5, 1140.0)(923.5, 1200.7)(957.0, 1200.7)(957.0, 1279.0)(812.0, 1279.0);GATE
Port:(826.5, 1269.0)(942.5, 1269.0)(942.5, 1279.0)(826.5, 1279.0);SD
Port:(812.0, 1140.0)(923.5, 1140.0)(923.5, 1200.7)(957.0, 1200.7)(957.0, 1264.0)(812.0, 1264.0);GATE
Port:(822.0, 1145.0)(909.0, 1145.0)(909.0, 1149.0)(822.0, 1149.0);SD
Module:M41
Boundary:(824.0, 667.0)(824.0, 743.0)(816.0, 743.0)(816.0, 758.0)(741.0, 758.0)(741.0, 667.0);GATE
Port:(741.0, 681.5)(751.0, 681.5)(751.0, 743.5)(741.0, 743.5);SD
Port:(824.0, 667.0)(824.0, 743.0)(816.0, 743.0)(816.0, 758.0)(756.0, 758.0)(756.0, 667.0);GATE
Port:(815.0, 677.0)(819.0, 677.0)(819.0, 728.0)(815.0, 728.0);SD
Module:M4
Boundary:(197.0, 945.0)(197.0, 1074.5)(180.0, 1074.5)(180.0, 1090.0)(20.0, 1090.0)(20.0, 945.0);GATE
Port:(20.0, 959.5)(30.0, 959.5)(30.0, 1075.5)(20.0, 1075.5);SD
Port:(197.0, 945.0)(197.0, 1074.5)(180.0, 1074.5)(180.0, 1090.0)(35.0, 1090.0)(35.0, 945.0);GATE
Port:(188.0, 955.0)(192.0, 955.0)(192.0, 1060.0)(188.0, 1060.0);SD
Module:M36
Boundary:(843.0, 20.0)(843.0, 96.0)(835.0, 96.0)(835.0, 111.0)(700.0, 111.0)(700.0, 20.0);GATE
Port:(700.0, 34.5)(710.0, 34.5)(710.0, 96.5)(700.0, 96.5);SD
Port:(843.0, 20.0)(843.0, 96.0)(835.0, 96.0)(835.0, 111.0)(715.0, 111.0)(715.0, 20.0);GATE
Port:(834.0, 30.0)(838.0, 30.0)(838.0, 81.0)(834.0, 81.0);SD
Module:M33
Boundary:(532.0, 965.0)(532.0, 1058.5)(499.0, 1058.5)(499.0, 1092.0)(449.0, 1092.0)(449.0, 965.0);GATE
Port:(449.0, 979.5)(459.0, 979.5)(459.0, 1077.5)(449.0, 1077.5);SD
Port:(532.0, 965.0)(532.0, 1058.5)(499.0, 1058.5)(499.0, 1092.0)(464.0, 1092.0)(464.0, 965.0);GATE
Port:(523.0, 975.0)(527.0, 975.0)(527.0, 1044.0)(523.0, 1044.0);SD
Module:M28
Boundary:(409.0, 965.0)(409.0, 1094.5)(356.2, 1094.5)(356.2, 1146.0)(237.0, 1146.0)(237.0, 965.0);GATE
Port:(237.0, 979.5)(247.0, 979.5)(247.0, 1131.5)(237.0, 1131.5);SD
Port:(409.0, 965.0)(409.0, 1094.5)(356.2, 1094.5)(356.2, 1146.0)(252.0, 1146.0)(252.0, 965.0);GATE
Port:(400.0, 975.0)(404.0, 975.0)(404.0, 1080.0)(400.0, 1080.0);SD
Module:M30
Boundary:(620.0, 1134.0)(620.0, 1263.5)(606.0, 1263.5)(606.0, 1279.0)(449.0, 1279.0)(449.0, 1134.0);GATE
Port:(449.0, 1148.5)(459.0, 1148.5)(459.0, 1264.5)(449.0, 1264.5);SD
Port:(620.0, 1134.0)(620.0, 1263.5)(606.0, 1263.5)(606.0, 1279.0)(464.0, 1279.0)(464.0, 1134.0);GATE
Port:(611.0, 1144.0)(615.0, 1144.0)(615.0, 1249.0)(611.0, 1249.0);SD
Module:M25
Boundary:(20.0, 599.0)(149.5, 599.0)(149.5, 613.0)(165.0, 613.0)(165.0, 697.0)(20.0, 697.0);GATE
Port:(34.5, 687.0)(150.5, 687.0)(150.5, 697.0)(34.5, 697.0);SD
Port:(20.0, 599.0)(149.5, 599.0)(149.5, 613.0)(165.0, 613.0)(165.0, 682.0)(20.0, 682.0);GATE
Port:(30.0, 604.0)(135.0, 604.0)(135.0, 608.0)(30.0, 608.0);SD
Module:M22
Boundary:(772.0, 1134.0)(772.0, 1209.5)(728.3, 1209.5)(728.3, 1279.0)(660.0, 1279.0)(660.0, 1134.0);GATE
Port:(660.0, 1148.5)(670.0, 1148.5)(670.0, 1264.5)(660.0, 1264.5);SD
Port:(772.0, 1134.0)(772.0, 1209.5)(728.3, 1209.5)(728.3, 1279.0)(675.0, 1279.0)(675.0, 1134.0);GATE
Port:(763.0, 1144.0)(767.0, 1144.0)(767.0, 1195.0)(763.0, 1195.0);SD
Module:M17
Boundary:(487.0, 30.0)(634.5, 30.0)(634.5, 46.0)(650.0, 46.0)(650.0, 142.0)(487.0, 142.0);GATE
Port:(501.5, 132.0)(635.5, 132.0)(635.5, 142.0)(501.5, 142.0);SD
Port:(487.0, 30.0)(634.5, 30.0)(634.5, 46.0)(650.0, 46.0)(650.0, 127.0)(487.0, 127.0);GATE
Port:(497.0, 35.0)(620.0, 35.0)(620.0, 39.0)(497.0, 39.0);SD
