Area:(-6.1, -6.9)(657.1, -6.9)(657.1, 803.7)(-6.1, 803.7)
Rule:GATE(5,5);SD(5,5);GATE_SD(0.5);GATE_ITO(0.5);SD_ITO(0.5)
Module:M2
Boundary:(467.3, 33.1)(373.8, 33.1)(373.8, 43.1)(358.3, 43.1)(358.3, 111.1)(467.3, 111.1);GATE
Port:(372.8, 101.1)(452.8, 101.1)(452.8, 111.1)(372.8, 111.1);SD
Port:(467.3, 33.1)(373.8, 33.1)(373.8, 43.1)(358.3, 43.1)(358.3, 96.1)(467.3, 96.1);GATE
Port:(388.3, 38.1)(457.3, 38.1)(457.3, 42.1)(388.3, 42.1);SD
Module:M15
Boundary:(357.5, 65.7)(357.5, 141.7)(349.5, 141.7)(349.5, 156.7)(274.5, 156.7)(274.5, 65.7);GATE
Port:(274.5, 80.2)(284.5, 80.2)(284.5, 142.2)(274.5, 142.2);SD
Port:(357.5, 65.7)(357.5, 141.7)(349.5, 141.7)(349.5, 156.7)(289.5, 156.7)(289.5, 65.7);GATE
Port:(348.5, 75.7)(352.5, 75.7)(352.5, 126.7)(348.5, 126.7);SD
Module:M11
Boundary:(477.2, 39.4)(588.7, 39.4)(588.7, 51.4)(604.2, 51.4)(604.2, 136.4)(477.2, 136.4);GATE
Port:(491.7, 126.4)(589.7, 126.4)(589.7, 136.4)(491.7, 136.4);SD
Port:(477.2, 39.4)(588.7, 39.4)(588.7, 51.4)(604.2, 51.4)(604.2, 121.4)(477.2, 121.4);GATE
Port:(487.2, 44.4)(574.2, 44.4)(574.2, 48.4)(487.2, 48.4);SD
Module:M14
Boundary:(247.7, 214.8)(100.2, 214.8)(100.2, 198.8)(84.7, 198.8)(84.7, 72.8)(247.7, 72.8);GATE
Port:(99.2, 72.8)(233.2, 72.8)(233.2, 82.8)(99.2, 82.8);SD
Port:(247.7, 214.8)(100.2, 214.8)(100.2, 198.8)(84.7, 198.8)(84.7, 87.8)(247.7, 87.8);GATE
Port:(114.7, 205.8)(237.7, 205.8)(237.7, 209.8)(114.7, 209.8);SD
Module:M1
Boundary:(435.3, 281.8)(435.3, 205.8)(427.3, 205.8)(427.3, 190.8)(248.3, 190.8)(248.3, 281.8);GATE
Port:(248.3, 205.3)(258.3, 205.3)(258.3, 267.3)(248.3, 267.3);SD
Port:(435.3, 281.8)(435.3, 205.8)(427.3, 205.8)(427.3, 190.8)(263.3, 190.8)(263.3, 281.8);GATE
Port:(426.3, 220.8)(430.3, 220.8)(430.3, 271.8)(426.3, 271.8);SD
Module:M9
Boundary:(456.8, 206.7)(456.8, 336.2)(470.8, 336.2)(470.8, 351.7)(607.8, 351.7)(607.8, 206.7);GATE
Port:(597.8, 221.2)(607.8, 221.2)(607.8, 337.2)(597.8, 337.2);SD
Port:(456.8, 206.7)(456.8, 336.2)(470.8, 336.2)(470.8, 351.7)(592.8, 351.7)(592.8, 206.7);GATE
Port:(461.8, 216.7)(465.8, 216.7)(465.8, 321.7)(461.8, 321.7);SD
Module:M7
Boundary:(219.1, 334.9)(146.1, 334.9)(146.1, 246.9)(219.1, 246.9);GATE
Port:(160.6, 246.9)(204.6, 246.9)(204.6, 256.9)(160.6, 256.9);SD
Port:(219.1, 334.9)(146.1, 334.9)(146.1, 261.9)(219.1, 261.9);GATE
Port:(156.1, 325.9)(209.1, 325.9)(209.1, 329.9)(156.1, 329.9);SD
Module:M4
Boundary:(113.4, 344.7)(113.4, 251.2)(103.4, 251.2)(103.4, 235.7)(47.4, 235.7)(47.4, 344.7);GATE
Port:(47.4, 250.2)(57.4, 250.2)(57.4, 330.2)(47.4, 330.2);SD
Port:(113.4, 344.7)(113.4, 251.2)(103.4, 251.2)(103.4, 235.7)(62.4, 235.7)(62.4, 344.7);GATE
Port:(104.4, 265.7)(108.4, 265.7)(108.4, 334.7)(104.4, 334.7);SD
Module:M3
Boundary:(265.0, 302.0)(412.5, 302.0)(412.5, 318.0)(428.0, 318.0)(428.0, 440.0)(265.0, 440.0);GATE
Port:(279.5, 430.0)(413.5, 430.0)(413.5, 440.0)(279.5, 440.0);SD
Port:(265.0, 302.0)(412.5, 302.0)(412.5, 318.0)(428.0, 318.0)(428.0, 425.0)(265.0, 425.0);GATE
Port:(275.0, 307.0)(398.0, 307.0)(398.0, 311.0)(275.0, 311.0);SD
Module:M10
Boundary:(602.4, 363.6)(602.4, 475.1)(590.4, 475.1)(590.4, 490.6)(435.4, 490.6)(435.4, 363.6);GATE
Port:(435.4, 378.1)(445.4, 378.1)(445.4, 476.1)(435.4, 476.1);SD
Port:(602.4, 363.6)(602.4, 475.1)(590.4, 475.1)(590.4, 490.6)(450.4, 490.6)(450.4, 363.6);GATE
Port:(593.4, 373.6)(597.4, 373.6)(597.4, 460.6)(593.4, 460.6);SD
Module:M16
Boundary:(236.6, 379.8)(236.6, 473.3)(158.8, 473.3)(158.8, 542.8)(57.6, 542.8)(57.6, 379.8);GATE
Port:(57.6, 394.3)(67.6, 394.3)(67.6, 528.3)(57.6, 528.3);SD
Port:(236.6, 379.8)(236.6, 473.3)(158.8, 473.3)(158.8, 542.8)(72.6, 542.8)(72.6, 379.8);GATE
Port:(227.6, 389.8)(231.6, 389.8)(231.6, 458.8)(227.6, 458.8);SD
Module:M8
Boundary:(226.5, 476.0)(226.5, 549.0)(382.5, 549.0)(382.5, 476.0);GATE
Port:(372.5, 490.5)(382.5, 490.5)(382.5, 534.5)(372.5, 534.5);SD
Port:(226.5, 476.0)(226.5, 549.0)(367.5, 549.0)(367.5, 476.0);GATE
Port:(231.5, 486.0)(235.5, 486.0)(235.5, 539.0)(231.5, 539.0);SD
Module:M13
Boundary:(33.9, 549.7)(181.4, 549.7)(181.4, 565.7)(196.9, 565.7)(196.9, 626.7)(33.9, 626.7);GATE
Port:(48.4, 616.7)(182.4, 616.7)(182.4, 626.7)(48.4, 626.7);SD
Port:(33.9, 549.7)(181.4, 549.7)(181.4, 565.7)(196.9, 565.7)(196.9, 611.7)(33.9, 611.7);GATE
Port:(43.9, 554.7)(166.9, 554.7)(166.9, 558.7)(43.9, 558.7);SD
Module:M12
Boundary:(426.4, 740.1)(426.4, 610.6)(308.8, 610.6)(308.8, 559.1)(227.4, 559.1)(227.4, 740.1);GATE
Port:(227.4, 573.6)(237.4, 573.6)(237.4, 725.6)(227.4, 725.6);SD
Port:(426.4, 740.1)(426.4, 610.6)(308.8, 610.6)(308.8, 559.1)(242.4, 559.1)(242.4, 740.1);GATE
Port:(417.4, 625.1)(421.4, 625.1)(421.4, 730.1)(417.4, 730.1);SD
Module:M5
Boundary:(617.1, 763.7)(617.1, 634.2)(502.2, 634.2)(502.2, 492.7)(437.1, 492.7)(437.1, 763.7);GATE
Port:(437.1, 507.2)(447.1, 507.2)(447.1, 749.2)(437.1, 749.2);SD
Port:(617.1, 763.7)(617.1, 634.2)(502.2, 634.2)(502.2, 492.7)(452.1, 492.7)(452.1, 763.7);GATE
Port:(608.1, 648.7)(612.1, 648.7)(612.1, 753.7)(608.1, 753.7);SD
Module:M6
Boundary:(37.7, 746.7)(37.7, 670.7)(45.7, 670.7)(45.7, 655.7)(168.7, 655.7)(168.7, 746.7);GATE
Port:(158.7, 670.2)(168.7, 670.2)(168.7, 732.2)(158.7, 732.2);SD
Port:(37.7, 746.7)(37.7, 670.7)(45.7, 670.7)(45.7, 655.7)(153.7, 655.7)(153.7, 746.7);GATE
Port:(42.7, 685.7)(46.7, 685.7)(46.7, 736.7)(42.7, 736.7);SD
