Area:(-20.0, -20.0)(1094.3, -20.0)(1094.3, 468.3)(-20.0, 468.3)
Rule:GATE(5,5);SD(5,5);GATE_SD(0.5);GATE_ITO(0.5);SD_ITO(0.5)
Module:M14
Boundary:(20.0, 20.0)(97.9, 20.0)(97.9, 34.1)(111.9, 34.1)(111.9, 185.1)(20.0, 185.1);GATE
Port:(32.8, 181.1)(99.1, 181.1)(99.1, 185.1)(32.8, 185.1);SD
Port:(20.0, 20.0)(97.9, 20.0)(97.9, 34.1)(111.9, 34.1)(111.9, 179.4)(20.0, 179.4);GATE
Port:(25.2, 24.2)(91.7, 24.2)(91.7, 30.2)(25.2, 30.2);SD
Module:M9
Boundary:(828.5, 20.0)(905.8, 20.0)(905.8, 20.1)(921.3, 20.1)(921.3, 172.6)(828.5, 172.6);GATE
Port:(840.0, 168.2)(909.8, 168.2)(909.8, 172.6)(840.0, 172.6);SD
Port:(828.5, 20.0)(905.8, 20.0)(905.8, 20.1)(921.3, 20.1)(921.3, 165.3)(828.5, 165.3);GATE
Port:(833.9, 24.4)(900.4, 24.4)(900.4, 29.6)(833.9, 29.6);SD
Module:M5
Boundary:(728.0, 330.3)(728.0, 424.1)(602.0, 424.1)(602.0, 330.3);GATE
Port:(602.0, 345.2)(606.1, 345.2)(606.1, 409.2)(602.0, 409.2);SD
Port:(728.0, 330.3)(728.0, 424.1)(608.7, 424.1)(608.7, 330.3);GATE
Port:(716.4, 335.6)(723.7, 335.6)(723.7, 418.8)(716.4, 418.8);SD
Module:M11
Boundary:(788.5, 123.9)(788.5, 186.1)(602.0, 186.1)(602.0, 123.9);GATE
Port:(602.0, 136.7)(606.5, 136.7)(606.5, 173.3)(602.0, 173.3);SD
Port:(788.5, 123.9)(788.5, 186.1)(607.7, 186.1)(607.7, 123.9);GATE
Port:(778.3, 130.2)(783.2, 130.2)(783.2, 179.8)(778.3, 179.8);SD
Module:M1
Boundary:(917.0, 226.1)(917.0, 327.2)(779.6, 327.2)(779.6, 226.1);GATE
Port:(779.6, 237.0)(785.4, 237.0)(785.4, 316.3)(779.6, 316.3);SD
Port:(917.0, 226.1)(917.0, 327.2)(786.9, 327.2)(786.9, 226.1);GATE
Port:(908.1, 231.3)(912.8, 231.3)(912.8, 322.0)(908.1, 322.0);SD
Module:M19
Boundary:(599.7, 20.0)(599.7, 82.3)(457.7, 82.3)(457.7, 20.0);GATE
Port:(457.7, 33.6)(461.7, 33.6)(461.7, 68.7)(457.7, 68.7);SD
Port:(599.7, 20.0)(599.7, 82.3)(464.6, 82.3)(464.6, 20.0);GATE
Port:(588.1, 25.6)(595.1, 25.6)(595.1, 76.7)(588.1, 76.7);SD
Module:M6
Boundary:(203.8, 284.4)(203.8, 378.0)(194.4, 378.0)(194.4, 392.3)(133.4, 392.3)(133.4, 284.4);GATE
Port:(133.4, 296.7)(138.0, 296.7)(138.0, 380.0)(133.4, 380.0);SD
Port:(203.8, 284.4)(203.8, 378.0)(194.4, 378.0)(194.4, 392.3)(140.2, 392.3)(140.2, 284.4);GATE
Port:(193.5, 290.1)(199.1, 290.1)(199.1, 371.3)(193.5, 371.3);SD
Module:M2
Boundary:(961.3, 20.0)(1039.6, 20.0)(1039.6, 138.8)(1053.4, 138.8)(1053.4, 214.9)(961.3, 214.9);GATE
Port:(974.6, 210.3)(1040.1, 210.3)(1040.1, 214.9)(974.6, 214.9);SD
Port:(961.3, 20.0)(1039.6, 20.0)(1039.6, 138.8)(1053.4, 138.8)(1053.4, 207.8)(961.3, 207.8);GATE
Port:(967.9, 25.6)(1032.0, 25.6)(1032.0, 30.6)(967.9, 30.6);SD
Module:M16
Boundary:(431.3, 334.2)(431.3, 412.4)(334.0, 412.4)(334.0, 426.2)(243.8, 426.2)(243.8, 334.2);GATE
Port:(243.8, 347.2)(249.4, 347.2)(249.4, 413.2)(243.8, 413.2);SD
Port:(431.3, 334.2)(431.3, 412.4)(334.0, 412.4)(334.0, 426.2)(251.7, 426.2)(251.7, 334.2);GATE
Port:(420.2, 340.2)(426.3, 340.2)(426.3, 405.4)(420.2, 405.4);SD
Module:M13
Boundary:(414.6, 206.1)(414.6, 294.2)(286.0, 294.2)(286.0, 206.1);GATE
Port:(286.0, 219.2)(290.2, 219.2)(290.2, 281.1)(286.0, 281.1);SD
Port:(414.6, 206.1)(414.6, 294.2)(292.9, 294.2)(292.9, 206.1);GATE
Port:(403.5, 212.9)(408.8, 212.9)(408.8, 287.4)(403.5, 287.4);SD
Module:M10
Boundary:(151.9, 160.1)(232.3, 160.1)(232.3, 193.3)(246.0, 193.3)(246.0, 244.4)(151.9, 244.4);GATE
Port:(166.5, 238.7)(231.4, 238.7)(231.4, 244.4)(166.5, 244.4);SD
Port:(151.9, 160.1)(232.3, 160.1)(232.3, 193.3)(246.0, 193.3)(246.0, 235.7)(151.9, 235.7);GATE
Port:(158.9, 166.1)(224.3, 166.1)(224.3, 172.6)(158.9, 172.6);SD
Module:M7
Boundary:(552.2, 122.3)(552.2, 193.0)(457.7, 193.0)(457.7, 122.3);GATE
Port:(457.7, 137.6)(462.1, 137.6)(462.1, 177.7)(457.7, 177.7);SD
Port:(552.2, 122.3)(552.2, 193.0)(465.0, 193.0)(465.0, 122.3);GATE
Port:(539.9, 129.1)(546.4, 129.1)(546.4, 186.2)(539.9, 186.2);SD
Module:M3
Boundary:(471.3, 233.0)(547.6, 233.0)(547.6, 233.0)(562.0, 233.0)(562.0, 425.5)(471.3, 425.5);GATE
Port:(484.7, 420.8)(548.6, 420.8)(548.6, 425.5)(484.7, 425.5);SD
Port:(471.3, 233.0)(547.6, 233.0)(547.6, 233.0)(562.0, 233.0)(562.0, 418.2)(471.3, 418.2);GATE
Port:(476.5, 237.2)(542.4, 237.2)(542.4, 244.6)(476.5, 244.6);SD
Module:M18
Boundary:(935.6, 367.2)(935.6, 415.0)(877.9, 415.0)(877.9, 428.3)(768.0, 428.3)(768.0, 367.2);GATE
Port:(768.0, 379.8)(772.6, 379.8)(772.6, 415.7)(768.0, 415.7);SD
Port:(935.6, 367.2)(935.6, 415.0)(877.9, 415.0)(877.9, 428.3)(773.9, 428.3)(773.9, 367.2);GATE
Port:(925.0, 373.1)(930.7, 373.1)(930.7, 408.1)(925.0, 408.1);SD
Module:M20
Boundary:(301.7, 20.0)(403.0, 20.0)(403.0, 102.9)(417.7, 102.9)(417.7, 166.1)(301.7, 166.1);GATE
Port:(317.2, 160.2)(402.2, 160.2)(402.2, 166.1)(317.2, 166.1);SD
Port:(301.7, 20.0)(403.0, 20.0)(403.0, 102.9)(417.7, 102.9)(417.7, 158.5)(301.7, 158.5);GATE
Port:(308.6, 25.9)(395.1, 25.9)(395.1, 33.0)(308.6, 33.0);SD
Module:M15
Boundary:(975.6, 254.9)(1054.3, 254.9)(1054.3, 420.9)(975.6, 420.9);GATE
Port:(987.6, 416.7)(1042.3, 416.7)(1042.3, 420.9)(987.6, 420.9);SD
Port:(975.6, 254.9)(1054.3, 254.9)(1054.3, 414.8)(975.6, 414.8);GATE
Port:(981.0, 259.3)(1048.9, 259.3)(1048.9, 264.4)(981.0, 264.4);SD
Module:M12
Boundary:(20.0, 225.1)(80.1, 225.1)(80.1, 329.8)(93.4, 329.8)(93.4, 424.5)(20.0, 424.5);GATE
Port:(32.1, 419.2)(81.3, 419.2)(81.3, 424.5)(32.1, 424.5);SD
Port:(20.0, 225.1)(80.1, 225.1)(80.1, 329.8)(93.4, 329.8)(93.4, 417.8)(20.0, 417.8);GATE
Port:(25.5, 229.6)(73.6, 229.6)(73.6, 235.1)(25.5, 235.1);SD
Module:M8
Boundary:(739.6, 226.1)(739.6, 276.0)(728.1, 276.0)(728.1, 290.3)(602.0, 290.3)(602.0, 226.1);GATE
Port:(602.0, 239.0)(606.6, 239.0)(606.6, 277.4)(602.0, 277.4);SD
Port:(739.6, 226.1)(739.6, 276.0)(728.1, 276.0)(728.1, 290.3)(607.6, 290.3)(607.6, 226.1);GATE
Port:(728.4, 232.4)(734.3, 232.4)(734.3, 268.7)(728.4, 268.7);SD
Module:M4
Boundary:(780.2, 20.0)(780.2, 69.2)(757.0, 69.2)(757.0, 83.9)(639.7, 83.9)(639.7, 20.0);GATE
Port:(639.7, 32.4)(644.6, 32.4)(644.6, 71.5)(639.7, 71.5);SD
Port:(780.2, 20.0)(780.2, 69.2)(757.0, 69.2)(757.0, 83.9)(646.4, 83.9)(646.4, 20.0);GATE
Port:(769.5, 25.6)(775.6, 25.6)(775.6, 62.6)(769.5, 62.6);SD
Module:M17
Boundary:(151.9, 20.0)(246.5, 20.0)(246.5, 20.4)(261.7, 20.4)(261.7, 120.1)(151.9, 120.1);GATE
Port:(165.4, 115.0)(248.2, 115.0)(248.2, 120.1)(165.4, 120.1);SD
Port:(151.9, 20.0)(246.5, 20.0)(246.5, 20.4)(261.7, 20.4)(261.7, 113.4)(151.9, 113.4);GATE
Port:(158.2, 25.3)(240.2, 25.3)(240.2, 30.8)(158.2, 30.8);SD
