Area:(-8.1, -18.3)(755.0, -18.3)(755.0, 760.0)(-8.1, 760.0)
Rule:GATE(5,5);SD(5,5);GATE_SD(0.5);GATE_ITO(0.5);SD_ITO(0.5)
Module:M11
Boundary:(260.0, 41.9)(187.0, 41.9)(187.0, 127.9)(260.0, 127.9);GATE
Port:(201.5, 117.9)(245.5, 117.9)(245.5, 127.9)(201.5, 127.9);SD
Port:(260.0, 41.9)(187.0, 41.9)(187.0, 112.9)(260.0, 112.9);GATE
Port:(197.0, 46.9)(250.0, 46.9)(250.0, 50.9)(197.0, 50.9);SD
Module:M12
Boundary:(506.5, 75.6)(433.5, 75.6)(433.5, 176.6)(506.5, 176.6);GATE
Port:(448.0, 166.6)(492.0, 166.6)(492.0, 176.6)(448.0, 176.6);SD
Port:(506.5, 75.6)(433.5, 75.6)(433.5, 161.6)(506.5, 161.6);GATE
Port:(443.5, 80.6)(496.5, 80.6)(496.5, 84.6)(443.5, 84.6);SD
Module:M5
Boundary:(395.1, 196.5)(301.6, 196.5)(301.6, 186.5)(286.1, 186.5)(286.1, 65.5)(395.1, 65.5);GATE
Port:(300.6, 65.5)(380.6, 65.5)(380.6, 75.5)(300.6, 75.5);SD
Port:(395.1, 196.5)(301.6, 196.5)(301.6, 186.5)(286.1, 186.5)(286.1, 80.5)(395.1, 80.5);GATE
Port:(316.1, 187.5)(385.1, 187.5)(385.1, 191.5)(316.1, 191.5);SD
Module:M10
Boundary:(715.0, 193.0)(715.0, 63.5)(701.0, 63.5)(701.0, 48.0)(562.0, 48.0)(562.0, 193.0);GATE
Port:(562.0, 62.5)(572.0, 62.5)(572.0, 178.5)(562.0, 178.5);SD
Port:(715.0, 193.0)(715.0, 63.5)(701.0, 63.5)(701.0, 48.0)(577.0, 48.0)(577.0, 193.0);GATE
Port:(706.0, 78.0)(710.0, 78.0)(710.0, 183.0)(706.0, 183.0);SD
Module:M9
Boundary:(180.1, 21.7)(68.6, 21.7)(68.6, 33.7)(53.1, 33.7)(53.1, 212.7)(180.1, 212.7);GATE
Port:(67.6, 202.7)(165.6, 202.7)(165.6, 212.7)(67.6, 212.7);SD
Port:(180.1, 21.7)(68.6, 21.7)(68.6, 33.7)(53.1, 33.7)(53.1, 197.7)(180.1, 197.7);GATE
Port:(83.1, 26.7)(170.1, 26.7)(170.1, 30.7)(83.1, 30.7);SD
Module:M13
Boundary:(488.7, 215.6)(488.7, 291.6)(480.7, 291.6)(480.7, 306.6)(296.7, 306.6)(296.7, 215.6);GATE
Port:(296.7, 230.1)(306.7, 230.1)(306.7, 292.1)(296.7, 292.1);SD
Port:(488.7, 215.6)(488.7, 291.6)(480.7, 291.6)(480.7, 306.6)(311.7, 306.6)(311.7, 215.6);GATE
Port:(479.7, 225.6)(483.7, 225.6)(483.7, 276.6)(479.7, 276.6);SD
Module:M8
Boundary:(265.1, 149.7)(265.1, 297.2)(249.1, 297.2)(249.1, 312.7)(194.1, 312.7)(194.1, 149.7);GATE
Port:(194.1, 164.2)(204.1, 164.2)(204.1, 298.2)(194.1, 298.2);SD
Port:(265.1, 149.7)(265.1, 297.2)(249.1, 297.2)(249.1, 312.7)(209.1, 312.7)(209.1, 149.7);GATE
Port:(256.1, 159.7)(260.1, 159.7)(260.1, 282.7)(256.1, 282.7);SD
Module:M6
Boundary:(112.9, 345.7)(112.9, 272.7)(31.9, 272.7)(31.9, 345.7);GATE
Port:(31.9, 287.2)(41.9, 287.2)(41.9, 331.2)(31.9, 331.2);SD
Port:(112.9, 345.7)(112.9, 272.7)(46.9, 272.7)(46.9, 345.7);GATE
Port:(103.9, 282.7)(107.9, 282.7)(107.9, 335.7)(103.9, 335.7);SD
Module:M1
Boundary:(667.1, 215.0)(667.1, 308.5)(556.0, 308.5)(556.0, 486.0)(500.1, 486.0)(500.1, 215.0);GATE
Port:(500.1, 229.5)(510.1, 229.5)(510.1, 471.5)(500.1, 471.5);SD
Port:(667.1, 215.0)(667.1, 308.5)(556.0, 308.5)(556.0, 486.0)(515.1, 486.0)(515.1, 215.0);GATE
Port:(658.1, 225.0)(662.1, 225.0)(662.1, 294.0)(658.1, 294.0);SD
Module:M7
Boundary:(483.8, 311.3)(407.8, 311.3)(407.8, 319.3)(392.8, 319.3)(392.8, 479.3)(483.8, 479.3);GATE
Port:(407.3, 469.3)(469.3, 469.3)(469.3, 479.3)(407.3, 479.3);SD
Port:(483.8, 311.3)(407.8, 311.3)(407.8, 319.3)(392.8, 319.3)(392.8, 464.3)(483.8, 464.3);GATE
Port:(422.8, 316.3)(473.8, 316.3)(473.8, 320.3)(422.8, 320.3);SD
Module:M3
Boundary:(165.1, 372.4)(165.1, 483.9)(108.4, 483.9)(108.4, 517.4)(34.1, 517.4)(34.1, 372.4);GATE
Port:(34.1, 386.9)(44.1, 386.9)(44.1, 502.9)(34.1, 502.9);SD
Port:(165.1, 372.4)(165.1, 483.9)(108.4, 483.9)(108.4, 517.4)(49.1, 517.4)(49.1, 372.4);GATE
Port:(156.1, 382.4)(160.1, 382.4)(160.1, 469.4)(156.1, 469.4);SD
Module:M14
Boundary:(204.6, 362.4)(334.1, 362.4)(334.1, 376.4)(349.6, 376.4)(349.6, 553.4)(204.6, 553.4);GATE
Port:(219.1, 543.4)(335.1, 543.4)(335.1, 553.4)(219.1, 553.4);SD
Port:(204.6, 362.4)(334.1, 362.4)(334.1, 376.4)(349.6, 376.4)(349.6, 538.4)(204.6, 538.4);GATE
Port:(214.6, 367.4)(319.6, 367.4)(319.6, 371.4)(214.6, 371.4);SD
Module:M15
Boundary:(680.7, 667.2)(680.7, 573.7)(614.5, 573.7)(614.5, 486.2)(544.7, 486.2)(544.7, 667.2);GATE
Port:(544.7, 500.7)(554.7, 500.7)(554.7, 652.7)(544.7, 652.7);SD
Port:(680.7, 667.2)(680.7, 573.7)(614.5, 573.7)(614.5, 486.2)(559.7, 486.2)(559.7, 667.2);GATE
Port:(671.7, 588.2)(675.7, 588.2)(675.7, 657.2)(671.7, 657.2);SD
Module:M2
Boundary:(158.6, 532.9)(65.1, 532.9)(65.1, 542.9)(49.6, 542.9)(49.6, 701.9)(158.6, 701.9);GATE
Port:(64.1, 691.9)(144.1, 691.9)(144.1, 701.9)(64.1, 701.9);SD
Port:(158.6, 532.9)(65.1, 532.9)(65.1, 542.9)(49.6, 542.9)(49.6, 686.9)(158.6, 686.9);GATE
Port:(79.6, 537.9)(148.6, 537.9)(148.6, 541.9)(79.6, 541.9);SD
Module:M16
Boundary:(169.0, 720.0)(298.5, 720.0)(298.5, 645.0)(386.0, 645.0)(386.0, 600.0)(169.0, 600.0);GATE
Port:(183.5, 600.0)(371.5, 600.0)(371.5, 610.0)(183.5, 610.0);SD
Port:(169.0, 720.0)(298.5, 720.0)(298.5, 645.0)(386.0, 645.0)(386.0, 615.0)(169.0, 615.0);GATE
Port:(179.0, 711.0)(284.0, 711.0)(284.0, 715.0)(179.0, 715.0);SD
Module:M4
Boundary:(386.6, 720.0)(480.1, 720.0)(480.1, 710.0)(495.6, 710.0)(495.6, 536.0)(386.6, 536.0);GATE
Port:(401.1, 536.0)(481.1, 536.0)(481.1, 546.0)(401.1, 546.0);SD
Port:(386.6, 720.0)(480.1, 720.0)(480.1, 710.0)(495.6, 710.0)(495.6, 551.0)(386.6, 551.0);GATE
Port:(396.6, 711.0)(465.6, 711.0)(465.6, 715.0)(396.6, 715.0);SD
