Area:(-20.0, -20.0)(604.0, -20.0)(604.0, 895.0)(-20.0, 895.0)
Rule:GATE(5,5);SD(5,5);GATE_SD(0.5);GATE_ITO(0.5);SD_ITO(0.5)
Module:M14
Boundary:(393.0, 340.0)(393.0, 487.5)(377.0, 487.5)(377.0, 503.0)(233.0, 503.0)(233.0, 340.0);GATE
Port:(233.0, 354.5)(243.0, 354.5)(243.0, 488.5)(233.0, 488.5);SD
Port:(393.0, 340.0)(393.0, 487.5)(377.0, 487.5)(377.0, 503.0)(248.0, 503.0)(248.0, 340.0);GATE
Port:(384.0, 350.0)(388.0, 350.0)(388.0, 473.0)(384.0, 473.0);SD
Module:M9
Boundary:(205.0, 553.0)(334.5, 553.0)(334.5, 630.3)(404.0, 630.3)(404.0, 681.0)(205.0, 681.0);GATE
Port:(219.5, 671.0)(389.5, 671.0)(389.5, 681.0)(219.5, 681.0);SD
Port:(205.0, 553.0)(334.5, 553.0)(334.5, 630.3)(404.0, 630.3)(404.0, 666.0)(205.0, 666.0);GATE
Port:(215.0, 558.0)(320.0, 558.0)(320.0, 562.0)(215.0, 562.0);SD
Module:M5
Boundary:(555.0, 724.0)(555.0, 799.5)(516.8, 799.5)(516.8, 851.0)(421.0, 851.0)(421.0, 724.0);GATE
Port:(421.0, 738.5)(431.0, 738.5)(431.0, 836.5)(421.0, 836.5);SD
Port:(555.0, 724.0)(555.0, 799.5)(516.8, 799.5)(516.8, 851.0)(436.0, 851.0)(436.0, 724.0);GATE
Port:(546.0, 734.0)(550.0, 734.0)(550.0, 785.0)(546.0, 785.0);SD
Module:M11
Boundary:(20.0, 571.0)(149.5, 571.0)(149.5, 585.0)(165.0, 585.0)(165.0, 702.0)(20.0, 702.0);GATE
Port:(34.5, 692.0)(150.5, 692.0)(150.5, 702.0)(34.5, 702.0);SD
Port:(20.0, 571.0)(149.5, 571.0)(149.5, 585.0)(165.0, 585.0)(165.0, 687.0)(20.0, 687.0);GATE
Port:(30.0, 576.0)(135.0, 576.0)(135.0, 580.0)(30.0, 580.0);SD
Module:M1
Boundary:(454.0, 513.0)(547.5, 513.0)(547.5, 523.0)(563.0, 523.0)(563.0, 674.0)(454.0, 674.0);GATE
Port:(468.5, 664.0)(548.5, 664.0)(548.5, 674.0)(468.5, 674.0);SD
Port:(454.0, 513.0)(547.5, 513.0)(547.5, 523.0)(563.0, 523.0)(563.0, 659.0)(454.0, 659.0);GATE
Port:(464.0, 518.0)(533.0, 518.0)(533.0, 522.0)(464.0, 522.0);SD
Module:M6
Boundary:(434.0, 20.0)(434.0, 149.5)(420.0, 149.5)(420.0, 165.0)(282.0, 165.0)(282.0, 20.0);GATE
Port:(282.0, 34.5)(292.0, 34.5)(292.0, 150.5)(282.0, 150.5);SD
Port:(434.0, 20.0)(434.0, 149.5)(420.0, 149.5)(420.0, 165.0)(297.0, 165.0)(297.0, 20.0);GATE
Port:(425.0, 30.0)(429.0, 30.0)(429.0, 135.0)(425.0, 135.0);SD
Module:M2
Boundary:(20.0, 461.0)(149.5, 461.0)(149.5, 475.0)(165.0, 475.0)(165.0, 531.0)(20.0, 531.0);GATE
Port:(34.5, 521.0)(150.5, 521.0)(150.5, 531.0)(34.5, 531.0);SD
Port:(20.0, 461.0)(149.5, 461.0)(149.5, 475.0)(165.0, 475.0)(165.0, 516.0)(20.0, 516.0);GATE
Port:(30.0, 466.0)(135.0, 466.0)(135.0, 470.0)(30.0, 470.0);SD
Module:M16
Boundary:(564.0, 133.0)(564.0, 206.0)(474.0, 206.0)(474.0, 133.0);GATE
Port:(474.0, 147.5)(484.0, 147.5)(484.0, 191.5)(474.0, 191.5);SD
Port:(564.0, 133.0)(564.0, 206.0)(489.0, 206.0)(489.0, 133.0);GATE
Port:(555.0, 143.0)(559.0, 143.0)(559.0, 196.0)(555.0, 196.0);SD
Module:M13
Boundary:(218.0, 721.0)(365.5, 721.0)(365.5, 737.0)(381.0, 737.0)(381.0, 855.0)(218.0, 855.0);GATE
Port:(232.5, 845.0)(366.5, 845.0)(366.5, 855.0)(232.5, 855.0);SD
Port:(218.0, 721.0)(365.5, 721.0)(365.5, 737.0)(381.0, 737.0)(381.0, 840.0)(218.0, 840.0);GATE
Port:(228.0, 726.0)(351.0, 726.0)(351.0, 730.0)(228.0, 730.0);SD
Module:M10
Boundary:(563.0, 246.0)(563.0, 357.5)(490.0, 357.5)(490.0, 463.0)(449.0, 463.0)(449.0, 246.0);GATE
Port:(449.0, 260.5)(459.0, 260.5)(459.0, 448.5)(449.0, 448.5);SD
Port:(563.0, 246.0)(563.0, 357.5)(490.0, 357.5)(490.0, 463.0)(464.0, 463.0)(464.0, 246.0);GATE
Port:(554.0, 256.0)(558.0, 256.0)(558.0, 343.0)(554.0, 343.0);SD
Module:M7
Boundary:(549.0, 20.0)(549.0, 93.0)(474.0, 93.0)(474.0, 20.0);GATE
Port:(474.0, 34.5)(484.0, 34.5)(484.0, 78.5)(474.0, 78.5);SD
Port:(549.0, 20.0)(549.0, 93.0)(489.0, 93.0)(489.0, 20.0);GATE
Port:(540.0, 30.0)(544.0, 30.0)(544.0, 83.0)(540.0, 83.0);SD
Module:M3
Boundary:(178.0, 742.0)(178.0, 835.5)(168.0, 835.5)(168.0, 851.0)(20.0, 851.0)(20.0, 742.0);GATE
Port:(20.0, 756.5)(30.0, 756.5)(30.0, 836.5)(20.0, 836.5);SD
Port:(178.0, 742.0)(178.0, 835.5)(168.0, 835.5)(168.0, 851.0)(35.0, 851.0)(35.0, 742.0);GATE
Port:(169.0, 752.0)(173.0, 752.0)(173.0, 821.0)(169.0, 821.0);SD
Module:M15
Boundary:(20.0, 20.0)(93.0, 20.0)(93.0, 211.0)(20.0, 211.0);GATE
Port:(34.5, 201.0)(78.5, 201.0)(78.5, 211.0)(34.5, 211.0);SD
Port:(20.0, 20.0)(93.0, 20.0)(93.0, 196.0)(20.0, 196.0);GATE
Port:(30.0, 25.0)(83.0, 25.0)(83.0, 29.0)(30.0, 29.0);SD
Module:M12
Boundary:(20.0, 256.0)(167.5, 256.0)(167.5, 272.0)(183.0, 272.0)(183.0, 421.0)(20.0, 421.0);GATE
Port:(34.5, 411.0)(168.5, 411.0)(168.5, 421.0)(34.5, 421.0);SD
Port:(20.0, 256.0)(167.5, 256.0)(167.5, 272.0)(183.0, 272.0)(183.0, 406.0)(20.0, 406.0);GATE
Port:(30.0, 261.0)(153.0, 261.0)(153.0, 265.0)(30.0, 265.0);SD
Module:M8
Boundary:(133.0, 20.0)(226.5, 20.0)(226.5, 30.0)(242.0, 30.0)(242.0, 216.0)(133.0, 216.0);GATE
Port:(147.5, 206.0)(227.5, 206.0)(227.5, 216.0)(147.5, 216.0);SD
Port:(133.0, 20.0)(226.5, 20.0)(226.5, 30.0)(242.0, 30.0)(242.0, 201.0)(133.0, 201.0);GATE
Port:(143.0, 25.0)(212.0, 25.0)(212.0, 29.0)(143.0, 29.0);SD
Module:M4
Boundary:(282.0, 205.0)(393.5, 205.0)(393.5, 223.0)(409.0, 223.0)(409.0, 290.0)(282.0, 290.0);GATE
Port:(296.5, 280.0)(394.5, 280.0)(394.5, 290.0)(296.5, 290.0);SD
Port:(282.0, 205.0)(393.5, 205.0)(393.5, 223.0)(409.0, 223.0)(409.0, 275.0)(282.0, 275.0);GATE
Port:(292.0, 210.0)(379.0, 210.0)(379.0, 214.0)(292.0, 214.0);SD
