Area:(-30.0, -20.0)(989.9, -20.0)(989.9, 967.6)(-30.0, 967.6)
Rule:GATE(5,5);SD(5,5);GATE_SD(0.5);GATE_ITO(0.5);SD_ITO(0.5)
Module:M14
Boundary:(453.4, 527.5)(453.4, 618.5)(434.5, 618.5)(434.5, 632.3)(334.1, 632.3)(334.1, 527.5);GATE
Port:(334.1, 539.4)(338.5, 539.4)(338.5, 620.4)(334.1, 620.4);SD
Port:(453.4, 527.5)(453.4, 618.5)(434.5, 618.5)(434.5, 632.3)(340.0, 632.3)(340.0, 527.5);GATE
Port:(443.0, 532.8)(449.1, 532.8)(449.1, 612.2)(443.0, 612.2);SD
Module:M9
Boundary:(270.4, 352.9)(270.4, 434.7)(147.8, 434.7)(147.8, 352.9);GATE
Port:(147.8, 366.7)(153.0, 366.7)(153.0, 420.9)(147.8, 420.9);SD
Port:(270.4, 352.9)(270.4, 434.7)(154.6, 434.7)(154.6, 352.9);GATE
Port:(259.4, 358.6)(265.7, 358.6)(265.7, 429.0)(259.4, 429.0);SD
Module:M5
Boundary:(275.5, 474.7)(275.5, 554.0)(275.2, 554.0)(275.2, 569.5)(161.4, 569.5)(161.4, 474.7);GATE
Port:(161.4, 487.9)(166.7, 487.9)(166.7, 556.3)(161.4, 556.3);SD
Port:(275.5, 474.7)(275.5, 554.0)(275.2, 554.0)(275.2, 569.5)(169.6, 569.5)(169.6, 474.7);GATE
Port:(265.3, 480.2)(271.0, 480.2)(271.0, 548.5)(265.3, 548.5);SD
Module:M11
Boundary:(400.9, 129.6)(400.9, 203.7)(308.8, 203.7)(308.8, 129.6);GATE
Port:(308.8, 144.7)(314.8, 144.7)(314.8, 188.6)(308.8, 188.6);SD
Port:(400.9, 129.6)(400.9, 203.7)(317.7, 203.7)(317.7, 129.6);GATE
Port:(389.2, 136.0)(395.5, 136.0)(395.5, 197.3)(389.2, 197.3);SD
Module:M1
Boundary:(731.2, 317.4)(731.2, 414.3)(731.0, 414.3)(731.0, 429.8)(631.6, 429.8)(631.6, 317.4);GATE
Port:(631.6, 331.1)(636.5, 331.1)(636.5, 416.1)(631.6, 416.1);SD
Port:(731.2, 317.4)(731.2, 414.3)(731.0, 414.3)(731.0, 429.8)(638.6, 429.8)(638.6, 317.4);GATE
Port:(719.9, 323.6)(726.0, 323.6)(726.0, 408.1)(719.9, 408.1);SD
Module:M38
Boundary:(929.8, 387.7)(929.8, 472.4)(850.0, 472.4)(850.0, 488.0)(771.2, 488.0)(771.2, 387.7);GATE
Port:(771.2, 400.9)(776.7, 400.9)(776.7, 474.8)(771.2, 474.8);SD
Port:(929.8, 387.7)(929.8, 472.4)(850.0, 472.4)(850.0, 488.0)(779.0, 488.0)(779.0, 387.7);GATE
Port:(919.6, 394.0)(924.5, 394.0)(924.5, 465.1)(919.6, 465.1);SD
Module:M40
Boundary:(583.0, 119.3)(583.0, 192.9)(506.0, 192.9)(506.0, 205.7)(430.9, 205.7)(430.9, 119.3);GATE
Port:(430.9, 131.7)(435.9, 131.7)(435.9, 193.3)(430.9, 193.3);SD
Port:(583.0, 119.3)(583.0, 192.9)(506.0, 192.9)(506.0, 205.7)(438.6, 205.7)(438.6, 119.3);GATE
Port:(572.7, 125.4)(577.9, 125.4)(577.9, 185.8)(572.7, 185.8);SD
Module:M35
Boundary:(845.3, 681.7)(930.7, 681.7)(930.7, 681.9)(947.2, 681.9)(947.2, 774.3)(845.3, 774.3);GATE
Port:(859.5, 768.9)(933.0, 768.9)(933.0, 774.3)(859.5, 774.3);SD
Port:(845.3, 681.7)(930.7, 681.7)(930.7, 681.9)(947.2, 681.9)(947.2, 767.7)(845.3, 767.7);GATE
Port:(852.2, 687.6)(923.8, 687.6)(923.8, 693.7)(852.2, 693.7);SD
Module:M32
Boundary:(325.5, 361.7)(411.8, 361.7)(411.8, 361.9)(428.9, 361.9)(428.9, 467.5)(325.5, 467.5);GATE
Port:(339.3, 462.3)(415.1, 462.3)(415.1, 467.5)(339.3, 467.5);SD
Port:(325.5, 361.7)(411.8, 361.7)(411.8, 361.9)(428.9, 361.9)(428.9, 460.5)(325.5, 460.5);GATE
Port:(331.3, 366.5)(406.0, 366.5)(406.0, 372.4)(331.3, 372.4);SD
Module:M27
Boundary:(320.9, 20.0)(320.9, 89.6)(154.8, 89.6)(154.8, 20.0);GATE
Port:(154.8, 32.5)(159.9, 32.5)(159.9, 77.1)(154.8, 77.1);SD
Port:(320.9, 20.0)(320.9, 89.6)(161.6, 89.6)(161.6, 20.0);GATE
Port:(310.2, 25.9)(316.0, 25.9)(316.0, 83.7)(310.2, 83.7);SD
Module:M24
Boundary:(266.8, 240.7)(266.8, 295.8)(221.9, 295.8)(221.9, 312.9)(154.8, 312.9)(154.8, 240.7);GATE
Port:(154.8, 255.1)(159.0, 255.1)(159.0, 298.5)(154.8, 298.5);SD
Port:(266.8, 240.7)(266.8, 295.8)(221.9, 295.8)(221.9, 312.9)(160.6, 312.9)(160.6, 240.7);GATE
Port:(255.8, 245.8)(262.7, 245.8)(262.7, 289.7)(255.8, 289.7);SD
Module:M19
Boundary:(937.3, 518.0)(937.3, 641.7)(714.1, 641.7)(714.1, 518.0);GATE
Port:(714.1, 532.5)(718.6, 532.5)(718.6, 627.2)(714.1, 627.2);SD
Port:(937.3, 518.0)(937.3, 641.7)(721.5, 641.7)(721.5, 518.0);GATE
Port:(926.2, 523.3)(933.0, 523.3)(933.0, 636.4)(926.2, 636.4);SD
Module:M6
Boundary:(137.7, 613.9)(137.7, 706.1)(101.1, 706.1)(101.1, 723.3)(20.0, 723.3)(20.0, 613.9);GATE
Port:(20.0, 629.0)(25.8, 629.0)(25.8, 708.2)(20.0, 708.2);SD
Port:(137.7, 613.9)(137.7, 706.1)(101.1, 706.1)(101.1, 723.3)(28.0, 723.3)(28.0, 613.9);GATE
Port:(126.1, 620.0)(132.6, 620.0)(132.6, 699.0)(126.1, 699.0);SD
Module:M21
Boundary:(867.5, 814.3)(934.1, 814.3)(934.1, 814.5)(949.7, 814.5)(949.7, 921.9)(867.5, 921.9);GATE
Port:(881.4, 917.6)(935.8, 917.6)(935.8, 921.9)(881.4, 921.9);SD
Port:(867.5, 814.3)(934.1, 814.3)(934.1, 814.5)(949.7, 814.5)(949.7, 915.8)(867.5, 915.8);GATE
Port:(873.8, 819.6)(927.8, 819.6)(927.8, 825.9)(873.8, 825.9);SD
Module:M2
Boundary:(621.6, 683.2)(703.1, 683.2)(703.1, 698.7)(717.6, 698.7)(717.6, 787.9)(621.6, 787.9);GATE
Port:(635.6, 782.6)(703.6, 782.6)(703.6, 787.9)(635.6, 787.9);SD
Port:(621.6, 683.2)(703.1, 683.2)(703.1, 698.7)(717.6, 698.7)(717.6, 779.6)(621.6, 779.6);GATE
Port:(627.5, 688.1)(696.2, 688.1)(696.2, 694.8)(627.5, 694.8);SD
Module:M16
Boundary:(757.6, 852.0)(827.5, 852.0)(827.5, 927.6)(757.6, 927.6);GATE
Port:(772.5, 923.3)(812.6, 923.3)(812.6, 927.6)(772.5, 927.6);SD
Port:(757.6, 852.0)(827.5, 852.0)(827.5, 922.1)(757.6, 922.1);GATE
Port:(764.6, 858.0)(820.5, 858.0)(820.5, 864.7)(764.6, 864.7);SD
Module:M13
Boundary:(560.5, 826.3)(560.5, 915.6)(334.1, 915.6)(334.1, 826.3);GATE
Port:(334.1, 840.7)(339.3, 840.7)(339.3, 901.2)(334.1, 901.2);SD
Port:(560.5, 826.3)(560.5, 915.6)(342.2, 915.6)(342.2, 826.3);GATE
Port:(547.6, 832.8)(555.0, 832.8)(555.0, 909.1)(547.6, 909.1);SD
Module:M10
Boundary:(142.6, 842.7)(142.6, 896.5)(90.8, 896.5)(90.8, 913.0)(30.0, 913.0)(30.0, 842.7);GATE
Port:(30.0, 857.1)(35.1, 857.1)(35.1, 898.6)(30.0, 898.6);SD
Port:(142.6, 842.7)(142.6, 896.5)(90.8, 896.5)(90.8, 913.0)(37.8, 913.0)(37.8, 842.7);GATE
Port:(131.5, 848.9)(137.4, 848.9)(137.4, 889.3)(131.5, 889.3);SD
Module:M37
Boundary:(493.4, 483.1)(575.5, 483.1)(575.5, 483.5)(591.4, 483.5)(591.4, 683.4)(493.4, 683.4);GATE
Port:(507.6, 678.8)(577.2, 678.8)(577.2, 683.4)(507.6, 683.4);SD
Port:(493.4, 483.1)(575.5, 483.1)(575.5, 483.5)(591.4, 483.5)(591.4, 676.8)(493.4, 676.8);GATE
Port:(499.3, 488.0)(569.6, 488.0)(569.6, 494.5)(499.3, 494.5);SD
Module:M34
Boundary:(20.0, 20.0)(102.4, 20.0)(102.4, 104.9)(114.8, 104.9)(114.8, 185.0)(20.0, 185.0);GATE
Port:(30.8, 180.5)(104.0, 180.5)(104.0, 185.0)(30.8, 185.0);SD
Port:(20.0, 20.0)(102.4, 20.0)(102.4, 104.9)(114.8, 104.9)(114.8, 178.7)(20.0, 178.7);GATE
Port:(25.1, 24.1)(96.3, 24.1)(96.3, 28.8)(25.1, 28.8);SD
Module:M29
Boundary:(621.6, 479.8)(674.1, 479.8)(674.1, 643.2)(621.6, 643.2);GATE
Port:(635.3, 637.5)(660.4, 637.5)(660.4, 643.2)(635.3, 643.2);SD
Port:(621.6, 479.8)(674.1, 479.8)(674.1, 634.6)(621.6, 634.6);GATE
Port:(626.9, 484.1)(668.8, 484.1)(668.8, 490.6)(626.9, 490.6);SD
Module:M7
Boundary:(154.8, 129.6)(253.2, 129.6)(253.2, 129.6)(268.8, 129.6)(268.8, 200.7)(154.8, 200.7);GATE
Port:(169.3, 195.0)(254.3, 195.0)(254.3, 200.7)(169.3, 200.7);SD
Port:(154.8, 129.6)(253.2, 129.6)(253.2, 129.6)(268.8, 129.6)(268.8, 193.2)(154.8, 193.2);GATE
Port:(161.7, 135.5)(246.3, 135.5)(246.3, 142.1)(161.7, 142.1);SD
Module:M31
Boundary:(571.6, 713.4)(571.6, 776.3)(498.3, 776.3)(498.3, 713.4);GATE
Port:(498.3, 726.7)(503.9, 726.7)(503.9, 763.0)(498.3, 763.0);SD
Port:(571.6, 713.4)(571.6, 776.3)(505.3, 776.3)(505.3, 713.4);GATE
Port:(560.1, 719.3)(566.7, 719.3)(566.7, 770.4)(560.1, 770.4);SD
Module:M3
Boundary:(757.6, 681.7)(790.1, 681.7)(790.1, 681.9)(805.3, 681.9)(805.3, 812.0)(757.6, 812.0);GATE
Port:(770.3, 806.1)(792.6, 806.1)(792.6, 812.0)(770.3, 812.0);SD
Port:(757.6, 681.7)(790.1, 681.7)(790.1, 681.9)(805.3, 681.9)(805.3, 803.2)(757.6, 803.2);GATE
Port:(763.9, 687.0)(783.8, 687.0)(783.8, 691.9)(763.9, 691.9);SD
Module:M26
Boundary:(121.4, 487.3)(121.4, 560.8)(114.0, 560.8)(114.0, 573.9)(20.0, 573.9)(20.0, 487.3);GATE
Port:(20.0, 499.3)(25.2, 499.3)(25.2, 561.9)(20.0, 561.9);SD
Port:(121.4, 487.3)(121.4, 560.8)(114.0, 560.8)(114.0, 573.9)(26.9, 573.9)(26.9, 487.3);GATE
Port:(110.9, 492.8)(116.9, 492.8)(116.9, 554.3)(110.9, 554.3);SD
Module:M23
Boundary:(828.4, 30.0)(828.4, 98.2)(828.2, 98.2)(828.2, 114.2)(750.6, 114.2)(750.6, 30.0);GATE
Port:(750.6, 44.8)(756.0, 44.8)(756.0, 99.4)(750.6, 99.4);SD
Port:(828.4, 30.0)(828.4, 98.2)(828.2, 98.2)(828.2, 114.2)(757.9, 114.2)(757.9, 30.0);GATE
Port:(816.2, 36.7)(822.7, 36.7)(822.7, 91.5)(816.2, 91.5);SD
Module:M18
Boundary:(30.0, 235.0)(82.3, 235.0)(82.3, 323.7)(97.8, 323.7)(97.8, 437.3)(30.0, 437.3);GATE
Port:(44.4, 433.2)(83.4, 433.2)(83.4, 437.3)(44.4, 437.3);SD
Port:(30.0, 235.0)(82.3, 235.0)(82.3, 323.7)(97.8, 323.7)(97.8, 430.2)(30.0, 430.2);GATE
Port:(36.3, 240.3)(75.0, 240.3)(75.0, 246.2)(36.3, 246.2);SD
Module:M20
Boundary:(202.6, 721.8)(258.3, 721.8)(258.3, 771.8)(274.1, 771.8)(274.1, 913.8)(202.6, 913.8);GATE
Port:(217.9, 909.0)(258.8, 909.0)(258.8, 913.8)(217.9, 913.8);SD
Port:(202.6, 721.8)(258.3, 721.8)(258.3, 771.8)(274.1, 771.8)(274.1, 907.8)(202.6, 907.8);GATE
Port:(209.5, 727.7)(250.4, 727.7)(250.4, 734.7)(209.5, 734.7);SD
Module:M15
Boundary:(704.2, 837.9)(704.2, 913.8)(620.5, 913.8)(620.5, 837.9);GATE
Port:(620.5, 851.8)(625.6, 851.8)(625.6, 899.9)(620.5, 899.9);SD
Port:(704.2, 837.9)(704.2, 913.8)(628.1, 913.8)(628.1, 837.9);GATE
Port:(691.8, 844.3)(698.8, 844.3)(698.8, 907.4)(691.8, 907.4);SD
Module:M12
Boundary:(446.9, 243.7)(446.9, 297.2)(391.9, 297.2)(391.9, 311.7)(308.8, 311.7)(308.8, 243.7);GATE
Port:(308.8, 258.6)(314.3, 258.6)(314.3, 296.8)(308.8, 296.8);SD
Port:(446.9, 243.7)(446.9, 297.2)(391.9, 297.2)(391.9, 311.7)(316.6, 311.7)(316.6, 243.7);GATE
Port:(433.9, 250.3)(441.3, 250.3)(441.3, 289.6)(433.9, 289.6);SD
Module:M39
Boundary:(88.0, 753.3)(88.0, 802.7)(10.0, 802.7)(10.0, 753.3);GATE
Port:(10.0, 766.4)(15.8, 766.4)(15.8, 789.6)(10.0, 789.6);SD
Port:(88.0, 753.3)(88.0, 802.7)(17.2, 802.7)(17.2, 753.3);GATE
Port:(77.9, 758.4)(83.9, 758.4)(83.9, 797.6)(77.9, 797.6);SD
Module:M8
Boundary:(458.3, 682.3)(458.3, 761.0)(414.2, 761.0)(414.2, 774.6)(324.1, 774.6)(324.1, 682.3);GATE
Port:(324.1, 695.4)(328.7, 695.4)(328.7, 761.5)(324.1, 761.5);SD
Port:(458.3, 682.3)(458.3, 761.0)(414.2, 761.0)(414.2, 774.6)(330.9, 774.6)(330.9, 682.3);GATE
Port:(447.0, 688.5)(453.1, 688.5)(453.1, 753.8)(447.0, 753.8);SD
Module:M4
Boundary:(486.9, 235.7)(559.2, 235.7)(559.2, 255.0)(576.1, 255.0)(576.1, 453.1)(486.9, 453.1);GATE
Port:(500.8, 448.6)(562.2, 448.6)(562.2, 453.1)(500.8, 453.1);SD
Port:(486.9, 235.7)(559.2, 235.7)(559.2, 255.0)(576.1, 255.0)(576.1, 447.4)(486.9, 447.4);GATE
Port:(492.7, 240.5)(552.4, 240.5)(552.4, 246.4)(492.7, 246.4);SD
Module:M36
Boundary:(944.0, 157.2)(944.0, 229.3)(842.4, 229.3)(842.4, 245.9)(748.9, 245.9)(748.9, 157.2);GATE
Port:(748.9, 172.1)(754.4, 172.1)(754.4, 231.0)(748.9, 231.0);SD
Port:(944.0, 157.2)(944.0, 229.3)(842.4, 229.3)(842.4, 245.9)(755.6, 245.9)(755.6, 157.2);GATE
Port:(932.4, 162.4)(939.8, 162.4)(939.8, 223.1)(932.4, 223.1);SD
Module:M33
Boundary:(248.2, 609.5)(248.2, 671.8)(177.7, 671.8)(177.7, 609.5);GATE
Port:(177.7, 622.7)(183.6, 622.7)(183.6, 658.6)(177.7, 658.6);SD
Port:(248.2, 609.5)(248.2, 671.8)(185.3, 671.8)(185.3, 609.5);GATE
Port:(236.6, 615.7)(243.0, 615.7)(243.0, 665.6)(236.6, 665.6);SD
Module:M28
Boundary:(718.9, 168.3)(718.9, 254.4)(666.2, 254.4)(666.2, 267.4)(621.6, 267.4)(621.6, 168.3);GATE
Port:(621.6, 179.8)(626.5, 179.8)(626.5, 255.9)(621.6, 255.9);SD
Port:(718.9, 168.3)(718.9, 254.4)(666.2, 254.4)(666.2, 267.4)(628.2, 267.4)(628.2, 168.3);GATE
Port:(709.7, 173.7)(714.5, 173.7)(714.5, 248.0)(709.7, 248.0);SD
Module:M30
Boundary:(949.9, 275.9)(949.9, 343.0)(863.4, 343.0)(863.4, 357.7)(781.2, 357.7)(781.2, 275.9);GATE
Port:(781.2, 290.0)(786.6, 290.0)(786.6, 343.6)(781.2, 343.6);SD
Port:(949.9, 275.9)(949.9, 343.0)(863.4, 343.0)(863.4, 357.7)(788.9, 357.7)(788.9, 275.9);GATE
Port:(938.0, 282.5)(944.3, 282.5)(944.3, 335.4)(938.0, 335.4);SD
Module:M25
Boundary:(581.6, 20.0)(581.6, 75.5)(581.5, 75.5)(581.5, 89.3)(360.9, 89.3)(360.9, 20.0);GATE
Port:(360.9, 30.7)(364.9, 30.7)(364.9, 78.6)(360.9, 78.6);SD
Port:(581.6, 20.0)(581.6, 75.5)(581.5, 75.5)(581.5, 89.3)(366.7, 89.3)(366.7, 20.0);GATE
Port:(572.8, 25.1)(577.5, 25.1)(577.5, 70.4)(572.8, 70.4);SD
Module:M22
Boundary:(878.4, 20.0)(929.1, 20.0)(929.1, 53.1)(943.7, 53.1)(943.7, 127.2)(878.4, 127.2);GATE
Port:(892.3, 121.8)(929.8, 121.8)(929.8, 127.2)(892.3, 127.2);SD
Port:(878.4, 20.0)(929.1, 20.0)(929.1, 53.1)(943.7, 53.1)(943.7, 119.9)(878.4, 119.9);GATE
Port:(885.1, 25.7)(921.4, 25.7)(921.4, 31.7)(885.1, 31.7);SD
Module:M17
Boundary:(700.6, 20.0)(700.6, 109.9)(700.4, 109.9)(700.4, 128.3)(621.6, 128.3)(621.6, 20.0);GATE
Port:(621.6, 33.4)(626.9, 33.4)(626.9, 114.9)(621.6, 114.9);SD
Port:(700.6, 20.0)(700.6, 109.9)(700.4, 109.9)(700.4, 128.3)(629.8, 128.3)(629.8, 20.0);GATE
Port:(690.2, 25.8)(695.8, 25.8)(695.8, 104.1)(690.2, 104.1);SD
