Area:(-20.0, -20.0)(1453.2, -20.0)(1453.2, 853.9)(-20.0, 853.9)
Rule:GATE(5,5);SD(5,5);GATE_SD(0.5);GATE_ITO(0.5);SD_ITO(0.5)
Module:M14
Boundary:(882.0, 461.4)(882.0, 506.3)(875.3, 506.3)(875.3, 519.2)(791.9, 519.2)(791.9, 461.4);GATE
Port:(791.9, 473.1)(797.9, 473.1)(797.9, 507.5)(791.9, 507.5);SD
Port:(882.0, 461.4)(882.0, 506.3)(875.3, 506.3)(875.3, 519.2)(800.1, 519.2)(800.1, 461.4);GATE
Port:(872.3, 467.4)(877.0, 467.4)(877.0, 499.3)(872.3, 499.3);SD
Module:M9
Boundary:(1332.2, 371.7)(1397.2, 371.7)(1397.2, 372.0)(1411.9, 372.0)(1411.9, 467.0)(1332.2, 467.0);GATE
Port:(1346.6, 461.4)(1397.5, 461.4)(1397.5, 467.0)(1346.6, 467.0);SD
Port:(1332.2, 371.7)(1397.2, 371.7)(1397.2, 372.0)(1411.9, 372.0)(1411.9, 460.0)(1332.2, 460.0);GATE
Port:(1338.8, 377.3)(1390.6, 377.3)(1390.6, 384.3)(1338.8, 384.3);SD
Module:M5
Boundary:(609.8, 329.0)(609.8, 382.8)(609.6, 382.8)(609.6, 400.9)(382.9, 400.9)(382.9, 329.0);GATE
Port:(382.9, 343.1)(387.3, 343.1)(387.3, 386.8)(382.9, 386.8);SD
Port:(609.8, 329.0)(609.8, 382.8)(609.6, 382.8)(609.6, 400.9)(389.4, 400.9)(389.4, 329.0);GATE
Port:(599.0, 335.2)(604.6, 335.2)(604.6, 376.6)(599.0, 376.6);SD
Module:M11
Boundary:(185.0, 585.4)(185.0, 639.9)(184.9, 639.9)(184.9, 658.9)(20.0, 658.9)(20.0, 585.4);GATE
Port:(20.0, 599.2)(24.1, 599.2)(24.1, 645.1)(20.0, 645.1);SD
Port:(185.0, 585.4)(185.0, 639.9)(184.9, 639.9)(184.9, 658.9)(26.8, 658.9)(26.8, 585.4);GATE
Port:(174.4, 590.9)(180.5, 590.9)(180.5, 634.4)(174.4, 634.4);SD
Module:M1
Boundary:(441.8, 599.6)(556.6, 599.6)(556.6, 676.2)(441.8, 676.2);GATE
Port:(455.1, 670.7)(543.3, 670.7)(543.3, 676.2)(455.1, 676.2);SD
Port:(441.8, 599.6)(556.6, 599.6)(556.6, 669.0)(441.8, 669.0);GATE
Port:(447.2, 604.0)(551.2, 604.0)(551.2, 610.1)(447.2, 610.1);SD
Module:M43
Boundary:(650.8, 176.1)(751.9, 176.1)(751.9, 383.5)(650.8, 383.5);GATE
Port:(663.8, 378.3)(738.9, 378.3)(738.9, 383.5)(663.8, 383.5);SD
Port:(650.8, 176.1)(751.9, 176.1)(751.9, 377.1)(650.8, 377.1);GATE
Port:(656.9, 181.2)(745.8, 181.2)(745.8, 186.6)(656.9, 186.6);SD
Module:M38
Boundary:(122.4, 422.6)(122.4, 517.9)(99.6, 517.9)(99.6, 536.0)(20.0, 536.0)(20.0, 422.6);GATE
Port:(20.0, 437.3)(25.8, 437.3)(25.8, 521.3)(20.0, 521.3);SD
Port:(122.4, 422.6)(122.4, 517.9)(99.6, 517.9)(99.6, 536.0)(27.6, 536.0)(27.6, 422.6);GATE
Port:(111.2, 428.1)(117.9, 428.1)(117.9, 511.4)(111.2, 511.4);SD
Module:M40
Boundary:(272.7, 30.0)(272.7, 115.0)(238.4, 115.0)(238.4, 130.6)(178.4, 130.6)(178.4, 30.0);GATE
Port:(178.4, 43.3)(183.9, 43.3)(183.9, 117.3)(178.4, 117.3);SD
Port:(272.7, 30.0)(272.7, 115.0)(238.4, 115.0)(238.4, 130.6)(186.4, 130.6)(186.4, 30.0);GATE
Port:(262.0, 35.0)(268.7, 35.0)(268.7, 109.0)(262.0, 109.0);SD
Module:M35
Boundary:(20.0, 277.6)(128.2, 277.6)(128.2, 382.6)(20.0, 382.6);GATE
Port:(34.9, 377.2)(113.3, 377.2)(113.3, 382.6)(34.9, 382.6);SD
Port:(20.0, 277.6)(128.2, 277.6)(128.2, 375.6)(20.0, 375.6);GATE
Port:(25.8, 282.4)(122.4, 282.4)(122.4, 289.1)(25.8, 289.1);SD
Module:M32
Boundary:(1110.1, 143.2)(1153.4, 143.2)(1153.4, 211.5)(1166.0, 211.5)(1166.0, 304.1)(1110.1, 304.1);GATE
Port:(1121.0, 298.8)(1155.1, 298.8)(1155.1, 304.1)(1121.0, 304.1);SD
Port:(1110.1, 143.2)(1153.4, 143.2)(1153.4, 211.5)(1166.0, 211.5)(1166.0, 295.9)(1110.1, 295.9);GATE
Port:(1115.4, 147.5)(1147.1, 147.5)(1147.1, 152.5)(1115.4, 152.5);SD
Module:M27
Boundary:(1033.1, 598.2)(1033.1, 686.8)(902.7, 686.8)(902.7, 598.2);GATE
Port:(902.7, 611.7)(906.8, 611.7)(906.8, 673.3)(902.7, 673.3);SD
Port:(1033.1, 598.2)(1033.1, 686.8)(909.8, 686.8)(909.8, 598.2);GATE
Port:(1021.7, 604.8)(1027.5, 604.8)(1027.5, 680.2)(1021.7, 680.2);SD
Module:M24
Boundary:(168.4, 436.4)(273.6, 436.4)(273.6, 437.1)(291.1, 437.1)(291.1, 545.4)(168.4, 545.4);GATE
Port:(182.3, 541.2)(277.2, 541.2)(277.2, 545.4)(182.3, 545.4);SD
Port:(168.4, 436.4)(273.6, 436.4)(273.6, 437.1)(291.1, 437.1)(291.1, 540.1)(168.4, 540.1);GATE
Port:(174.4, 441.4)(267.6, 441.4)(267.6, 447.2)(174.4, 447.2);SD
Module:M19
Boundary:(1281.1, 466.6)(1281.1, 551.1)(1280.8, 551.1)(1280.8, 567.2)(1093.9, 567.2)(1093.9, 466.6);GATE
Port:(1093.9, 481.5)(1099.4, 481.5)(1099.4, 552.3)(1093.9, 552.3);SD
Port:(1281.1, 466.6)(1281.1, 551.1)(1280.8, 551.1)(1280.8, 567.2)(1101.1, 567.2)(1101.1, 466.6);GATE
Port:(1268.8, 472.9)(1275.8, 472.9)(1275.8, 544.8)(1268.8, 544.8);SD
Module:M6
Boundary:(1409.8, 732.4)(1409.8, 798.8)(1284.9, 798.8)(1284.9, 813.5)(1208.0, 813.5)(1208.0, 732.4);GATE
Port:(1208.0, 745.5)(1212.2, 745.5)(1212.2, 800.4)(1208.0, 800.4);SD
Port:(1409.8, 732.4)(1409.8, 798.8)(1284.9, 798.8)(1284.9, 813.5)(1214.6, 813.5)(1214.6, 732.4);GATE
Port:(1398.6, 737.6)(1405.6, 737.6)(1405.6, 792.6)(1398.6, 792.6);SD
Module:M21
Boundary:(20.0, 20.0)(128.4, 20.0)(128.4, 237.6)(20.0, 237.6);GATE
Port:(34.7, 233.4)(113.7, 233.4)(113.7, 237.6)(34.7, 237.6);SD
Port:(20.0, 20.0)(128.4, 20.0)(128.4, 232.1)(20.0, 232.1);GATE
Port:(26.7, 25.7)(121.7, 25.7)(121.7, 32.5)(26.7, 32.5);SD
Module:M2
Boundary:(910.9, 135.8)(910.9, 187.0)(885.1, 187.0)(885.1, 202.1)(820.2, 202.1)(820.2, 135.8);GATE
Port:(820.2, 149.1)(826.2, 149.1)(826.2, 188.8)(820.2, 188.8);SD
Port:(910.9, 135.8)(910.9, 187.0)(885.1, 187.0)(885.1, 202.1)(828.7, 202.1)(828.7, 135.8);GATE
Port:(899.6, 142.1)(905.6, 142.1)(905.6, 179.7)(899.6, 179.7);SD
Module:M16
Boundary:(1073.1, 617.2)(1153.8, 617.2)(1153.8, 718.0)(1168.0, 718.0)(1168.0, 810.8)(1073.1, 810.8);GATE
Port:(1086.8, 805.2)(1154.3, 805.2)(1154.3, 810.8)(1086.8, 810.8);SD
Port:(1073.1, 617.2)(1153.8, 617.2)(1153.8, 718.0)(1168.0, 718.0)(1168.0, 804.1)(1073.1, 804.1);GATE
Port:(1079.0, 622.1)(1146.9, 622.1)(1146.9, 628.9)(1079.0, 628.9);SD
Module:M13
Boundary:(671.4, 729.1)(671.4, 797.1)(671.4, 797.1)(671.4, 813.8)(441.8, 813.8)(441.8, 729.1);GATE
Port:(441.8, 742.7)(447.8, 742.7)(447.8, 800.2)(441.8, 800.2);SD
Port:(671.4, 729.1)(671.4, 797.1)(671.4, 797.1)(671.4, 813.8)(449.4, 813.8)(449.4, 729.1);GATE
Port:(660.7, 735.6)(665.9, 735.6)(665.9, 790.6)(660.7, 790.6);SD
Module:M45
Boundary:(342.9, 311.2)(342.9, 396.4)(168.4, 396.4)(168.4, 311.2);GATE
Port:(168.4, 325.6)(172.5, 325.6)(172.5, 382.0)(168.4, 382.0);SD
Port:(342.9, 311.2)(342.9, 396.4)(175.1, 396.4)(175.1, 311.2);GATE
Port:(331.6, 317.5)(337.6, 317.5)(337.6, 390.1)(331.6, 390.1);SD
Module:M10
Boundary:(1353.1, 131.7)(1399.8, 131.7)(1399.8, 184.0)(1413.2, 184.0)(1413.2, 331.7)(1353.1, 331.7);GATE
Port:(1365.6, 326.8)(1400.7, 326.8)(1400.7, 331.7)(1365.6, 331.7);SD
Port:(1353.1, 131.7)(1399.8, 131.7)(1399.8, 184.0)(1413.2, 184.0)(1413.2, 324.4)(1353.1, 324.4);GATE
Port:(1358.5, 136.1)(1393.4, 136.1)(1393.4, 142.5)(1358.5, 142.5);SD
Module:M42
Boundary:(640.7, 440.9)(640.7, 544.0)(561.0, 544.0)(561.0, 559.6)(456.2, 559.6)(456.2, 440.9);GATE
Port:(456.2, 455.6)(460.9, 455.6)(460.9, 544.9)(456.2, 544.9);SD
Port:(640.7, 440.9)(640.7, 544.0)(561.0, 544.0)(561.0, 559.6)(463.5, 559.6)(463.5, 440.9);GATE
Port:(628.7, 446.3)(636.3, 446.3)(636.3, 537.6)(628.7, 537.6);SD
Module:M37
Boundary:(924.7, 242.1)(924.7, 314.7)(791.9, 314.7)(791.9, 242.1);GATE
Port:(791.9, 253.8)(795.9, 253.8)(795.9, 303.0)(791.9, 303.0);SD
Port:(924.7, 242.1)(924.7, 314.7)(797.2, 314.7)(797.2, 242.1);GATE
Port:(915.1, 248.4)(919.4, 248.4)(919.4, 308.4)(915.1, 308.4);SD
Module:M34
Boundary:(746.1, 599.6)(746.1, 675.1)(682.4, 675.1)(682.4, 689.1)(596.6, 689.1)(596.6, 599.6);GATE
Port:(596.6, 610.9)(601.6, 610.9)(601.6, 677.8)(596.6, 677.8);SD
Port:(746.1, 599.6)(746.1, 675.1)(682.4, 675.1)(682.4, 689.1)(603.7, 689.1)(603.7, 599.6);GATE
Port:(737.2, 605.0)(741.7, 605.0)(741.7, 668.7)(737.2, 668.7);SD
Module:M29
Boundary:(401.8, 586.5)(401.8, 641.3)(401.5, 641.3)(401.5, 659.0)(225.0, 659.0)(225.0, 586.5);GATE
Port:(225.0, 601.7)(230.6, 601.7)(230.6, 643.8)(225.0, 643.8);SD
Port:(401.8, 586.5)(401.8, 641.3)(401.5, 641.3)(401.5, 659.0)(232.4, 659.0)(232.4, 586.5);GATE
Port:(389.6, 592.0)(397.3, 592.0)(397.3, 635.8)(389.6, 635.8);SD
Module:M7
Boundary:(1216.0, 133.2)(1297.0, 133.2)(1297.0, 133.3)(1313.1, 133.3)(1313.1, 312.5)(1216.0, 312.5);GATE
Port:(1228.6, 307.7)(1300.5, 307.7)(1300.5, 312.5)(1228.6, 312.5);SD
Port:(1216.0, 133.2)(1297.0, 133.2)(1297.0, 133.3)(1313.1, 133.3)(1313.1, 306.3)(1216.0, 306.3);GATE
Port:(1221.7, 137.9)(1291.3, 137.9)(1291.3, 143.8)(1221.7, 143.8);SD
Module:M31
Boundary:(1292.2, 354.4)(1292.2, 402.6)(1292.1, 402.6)(1292.1, 416.6)(1069.0, 416.6)(1069.0, 354.4);GATE
Port:(1069.0, 368.4)(1074.2, 368.4)(1074.2, 402.6)(1069.0, 402.6);SD
Port:(1292.2, 354.4)(1292.2, 402.6)(1292.1, 402.6)(1292.1, 416.6)(1076.2, 416.6)(1076.2, 354.4);GATE
Port:(1280.2, 361.4)(1286.2, 361.4)(1286.2, 395.6)(1280.2, 395.6);SD
Module:M3
Boundary:(505.7, 20.0)(608.8, 20.0)(608.8, 147.3)(505.7, 147.3);GATE
Port:(519.1, 142.1)(595.4, 142.1)(595.4, 147.3)(519.1, 147.3);SD
Port:(505.7, 20.0)(608.8, 20.0)(608.8, 140.6)(505.7, 140.6);GATE
Port:(511.9, 25.2)(602.6, 25.2)(602.6, 30.4)(511.9, 30.4);SD
Module:M26
Boundary:(974.7, 145.8)(1036.8, 145.8)(1036.8, 200.1)(1050.1, 200.1)(1050.1, 304.4)(974.7, 304.4);GATE
Port:(987.6, 299.5)(1037.2, 299.5)(1037.2, 304.4)(987.6, 304.4);SD
Port:(974.7, 145.8)(1036.8, 145.8)(1036.8, 200.1)(1050.1, 200.1)(1050.1, 298.5)(974.7, 298.5);GATE
Port:(981.3, 151.4)(1029.2, 151.4)(1029.2, 157.1)(981.3, 157.1);SD
Module:M23
Boundary:(374.9, 181.8)(374.9, 271.2)(168.4, 271.2)(168.4, 181.8);GATE
Port:(168.4, 196.9)(173.2, 196.9)(173.2, 256.1)(168.4, 256.1);SD
Port:(374.9, 181.8)(374.9, 271.2)(174.7, 271.2)(174.7, 181.8);GATE
Port:(362.5, 188.5)(369.2, 188.5)(369.2, 264.5)(362.5, 264.5);SD
Module:M18
Boundary:(658.8, 30.0)(756.4, 30.0)(756.4, 80.0)(770.2, 80.0)(770.2, 126.1)(658.8, 126.1);GATE
Port:(672.0, 121.5)(757.0, 121.5)(757.0, 126.1)(672.0, 126.1);SD
Port:(658.8, 30.0)(756.4, 30.0)(756.4, 80.0)(770.2, 80.0)(770.2, 118.6)(658.8, 118.6);GATE
Port:(664.1, 34.3)(749.1, 34.3)(749.1, 40.6)(664.1, 40.6);SD
Module:M20
Boundary:(922.0, 461.4)(1027.3, 461.4)(1027.3, 468.5)(1043.9, 468.5)(1043.9, 558.2)(922.0, 558.2);GATE
Port:(935.4, 552.7)(1030.5, 552.7)(1030.5, 558.2)(935.4, 558.2);SD
Port:(922.0, 461.4)(1027.3, 461.4)(1027.3, 468.5)(1043.9, 468.5)(1043.9, 550.0)(922.0, 550.0);GATE
Port:(928.1, 466.5)(1020.2, 466.5)(1020.2, 471.6)(928.1, 471.6);SD
Module:M15
Boundary:(791.9, 559.2)(862.7, 559.2)(862.7, 686.7)(791.9, 686.7);GATE
Port:(807.3, 682.4)(847.3, 682.4)(847.3, 686.7)(807.3, 686.7);SD
Port:(791.9, 559.2)(862.7, 559.2)(862.7, 681.1)(791.9, 681.1);GATE
Port:(798.5, 564.8)(856.1, 564.8)(856.1, 571.6)(798.5, 571.6);SD
Module:M12
Boundary:(1001.5, 726.8)(1001.5, 798.0)(925.6, 798.0)(925.6, 813.9)(786.1, 813.9)(786.1, 726.8);GATE
Port:(786.1, 741.3)(791.6, 741.3)(791.6, 799.4)(786.1, 799.4);SD
Port:(1001.5, 726.8)(1001.5, 798.0)(925.6, 798.0)(925.6, 813.9)(793.9, 813.9)(793.9, 726.8);GATE
Port:(989.4, 732.5)(996.8, 732.5)(996.8, 791.3)(989.4, 791.3);SD
Module:M44
Boundary:(680.7, 423.5)(739.3, 423.5)(739.3, 503.2)(750.8, 503.2)(750.8, 558.9)(680.7, 558.9);GATE
Port:(692.1, 554.8)(739.4, 554.8)(739.4, 558.9)(692.1, 558.9);SD
Port:(680.7, 423.5)(739.3, 423.5)(739.3, 503.2)(750.8, 503.2)(750.8, 553.1)(680.7, 553.1);GATE
Port:(686.2, 428.0)(731.8, 428.0)(731.8, 433.2)(686.2, 433.2);SD
Module:M39
Boundary:(1019.0, 364.7)(1019.0, 411.4)(801.9, 411.4)(801.9, 364.7);GATE
Port:(801.9, 376.4)(807.2, 376.4)(807.2, 399.7)(801.9, 399.7);SD
Port:(1019.0, 364.7)(1019.0, 411.4)(809.4, 411.4)(809.4, 364.7);GATE
Port:(1009.7, 370.4)(1014.3, 370.4)(1014.3, 405.7)(1009.7, 405.7);SD
Module:M8
Boundary:(465.7, 20.0)(465.7, 125.9)(407.1, 125.9)(407.1, 141.8)(322.7, 141.8)(322.7, 20.0);GATE
Port:(322.7, 35.3)(327.9, 35.3)(327.9, 126.5)(322.7, 126.5);SD
Port:(465.7, 20.0)(465.7, 125.9)(407.1, 125.9)(407.1, 141.8)(329.3, 141.8)(329.3, 20.0);GATE
Port:(453.2, 26.6)(460.1, 26.6)(460.1, 118.3)(453.2, 118.3);SD
Module:M41
Boundary:(416.2, 440.9)(416.2, 531.6)(415.8, 531.6)(415.8, 546.5)(331.1, 546.5)(331.1, 440.9);GATE
Port:(331.1, 453.2)(335.7, 453.2)(335.7, 534.2)(331.1, 534.2);SD
Port:(416.2, 440.9)(416.2, 531.6)(415.8, 531.6)(415.8, 546.5)(338.5, 546.5)(338.5, 440.9);GATE
Port:(406.0, 446.3)(411.8, 446.3)(411.8, 526.2)(406.0, 526.2);SD
Module:M4
Boundary:(378.0, 699.0)(378.0, 796.7)(319.5, 796.7)(319.5, 811.0)(158.7, 811.0)(158.7, 699.0);GATE
Port:(158.7, 713.2)(163.6, 713.2)(163.6, 796.8)(158.7, 796.8);SD
Port:(378.0, 699.0)(378.0, 796.7)(319.5, 796.7)(319.5, 811.0)(165.0, 811.0)(165.0, 699.0);GATE
Port:(365.5, 705.5)(372.5, 705.5)(372.5, 789.2)(365.5, 789.2);SD
Module:M36
Boundary:(1310.1, 617.2)(1310.1, 674.0)(1278.7, 674.0)(1278.7, 692.4)(1208.0, 692.4)(1208.0, 617.2);GATE
Port:(1208.0, 631.6)(1212.6, 631.6)(1212.6, 678.0)(1208.0, 678.0);SD
Port:(1310.1, 617.2)(1310.1, 674.0)(1278.7, 674.0)(1278.7, 692.4)(1215.6, 692.4)(1215.6, 617.2);GATE
Port:(1299.2, 622.3)(1306.0, 622.3)(1306.0, 667.9)(1299.2, 667.9);SD
Module:M33
Boundary:(1204.5, 20.0)(1204.5, 93.2)(993.4, 93.2)(993.4, 20.0);GATE
Port:(993.4, 32.2)(999.0, 32.2)(999.0, 81.0)(993.4, 81.0);SD
Port:(1204.5, 20.0)(1204.5, 93.2)(1000.3, 93.2)(1000.3, 20.0);GATE
Port:(1193.8, 25.5)(1200.0, 25.5)(1200.0, 87.7)(1193.8, 87.7);SD
Module:M28
Boundary:(1386.4, 20.0)(1386.4, 74.5)(1316.0, 74.5)(1316.0, 91.7)(1244.5, 91.7)(1244.5, 20.0);GATE
Port:(1244.5, 33.9)(1248.9, 33.9)(1248.9, 77.8)(1244.5, 77.8);SD
Port:(1386.4, 20.0)(1386.4, 74.5)(1316.0, 74.5)(1316.0, 91.7)(1251.4, 91.7)(1251.4, 20.0);GATE
Port:(1375.5, 26.1)(1381.3, 26.1)(1381.3, 67.4)(1375.5, 67.4);SD
Module:M30
Boundary:(953.4, 20.0)(953.4, 81.9)(898.5, 81.9)(898.5, 95.8)(820.2, 95.8)(820.2, 20.0);GATE
Port:(820.2, 31.8)(825.5, 31.8)(825.5, 84.0)(820.2, 84.0);SD
Port:(953.4, 20.0)(953.4, 81.9)(898.5, 81.9)(898.5, 95.8)(828.3, 95.8)(828.3, 20.0);GATE
Port:(943.4, 25.7)(948.7, 25.7)(948.7, 75.2)(943.4, 75.2);SD
Module:M25
Boundary:(1350.1, 507.0)(1413.1, 507.0)(1413.1, 691.9)(1350.1, 691.9);GATE
Port:(1364.3, 687.7)(1398.9, 687.7)(1398.9, 691.9)(1364.3, 691.9);SD
Port:(1350.1, 507.0)(1413.1, 507.0)(1413.1, 686.4)(1350.1, 686.4);GATE
Port:(1356.6, 512.5)(1406.6, 512.5)(1406.6, 519.2)(1356.6, 519.2);SD
Module:M22
Boundary:(20.0, 698.9)(103.2, 698.9)(103.2, 726.2)(118.7, 726.2)(118.7, 811.8)(20.0, 811.8);GATE
Port:(32.6, 807.6)(106.1, 807.6)(106.1, 811.8)(32.6, 811.8);SD
Port:(20.0, 698.9)(103.2, 698.9)(103.2, 726.2)(118.7, 726.2)(118.7, 806.4)(20.0, 806.4);GATE
Port:(25.6, 703.5)(96.6, 703.5)(96.6, 708.8)(25.6, 708.8);SD
Module:M17
Boundary:(600.8, 197.3)(600.8, 263.9)(600.8, 263.9)(600.8, 279.0)(424.9, 279.0)(424.9, 197.3);GATE
Port:(424.9, 211.8)(430.2, 211.8)(430.2, 264.5)(424.9, 264.5);SD
Port:(600.8, 197.3)(600.8, 263.9)(600.8, 263.9)(600.8, 279.0)(432.7, 279.0)(432.7, 197.3);GATE
Port:(588.4, 204.3)(594.8, 204.3)(594.8, 256.9)(588.4, 256.9);SD
