Area:(18.7, -19.4)(897.2, -19.4)(897.2, 429.3)(18.7, 429.3)
Rule:GATE(5,5);SD(5,5);GATE_SD(0.5);GATE_ITO(0.5);SD_ITO(0.5)
Module:M6
Boundary:(411.5, 39.2)(411.5, 85.7)(537.4, 85.7)(537.4, 98.4)(615.2, 98.4)(615.2, 39.2);GATE
Port:(610.2, 51.6)(615.2, 51.6)(615.2, 86.0)(610.2, 86.0);SD
Port:(411.5, 39.2)(411.5, 85.7)(537.4, 85.7)(537.4, 98.4)(608.6, 98.4)(608.6, 39.2);GATE
Port:(416.1, 44.8)(422.4, 44.8)(422.4, 79.1)(416.1, 79.1);SD
Module:M13
Boundary:(853.9, 20.6)(853.9, 79.8)(691.9, 79.8)(691.9, 20.6);GATE
Port:(691.9, 32.8)(696.6, 32.8)(696.6, 67.6)(691.9, 67.6);SD
Port:(853.9, 20.6)(853.9, 79.8)(698.4, 79.8)(698.4, 20.6);GATE
Port:(843.4, 26.4)(849.0, 26.4)(849.0, 74.0)(843.4, 74.0);SD
Module:M2
Boundary:(172.6, 108.9)(172.6, 41.9)(197.4, 41.9)(197.4, 26.6)(321.8, 26.6)(321.8, 108.9);GATE
Port:(316.6, 39.7)(321.8, 39.7)(321.8, 95.8)(316.6, 95.8);SD
Port:(172.6, 108.9)(172.6, 41.9)(197.4, 41.9)(197.4, 26.6)(314.1, 26.6)(314.1, 108.9);GATE
Port:(177.2, 48.5)(182.7, 48.5)(182.7, 103.3)(177.2, 103.3);SD
Module:M14
Boundary:(336.6, 35.7)(401.3, 35.7)(401.3, 97.7)(416.4, 97.7)(416.4, 149.5)(336.6, 149.5);GATE
Port:(348.7, 143.5)(404.3, 143.5)(404.3, 149.5)(348.7, 149.5);SD
Port:(336.6, 35.7)(401.3, 35.7)(401.3, 97.7)(416.4, 97.7)(416.4, 140.8)(336.6, 140.8);GATE
Port:(342.0, 40.1)(394.9, 40.1)(394.9, 45.2)(342.0, 45.2);SD
Module:M7
Boundary:(121.9, 278.6)(74.2, 278.6)(74.2, 278.4)(58.7, 278.4)(58.7, 84.5)(121.9, 84.5);GATE
Port:(71.3, 84.5)(109.3, 84.5)(109.3, 89.4)(71.3, 89.4);SD
Port:(121.9, 278.6)(74.2, 278.6)(74.2, 278.4)(58.7, 278.4)(58.7, 91.6)(121.9, 91.6);GATE
Port:(79.9, 268.3)(116.2, 268.3)(116.2, 273.9)(79.9, 273.9);SD
Module:M12
Boundary:(166.4, 233.0)(245.0, 233.0)(245.0, 201.1)(259.4, 201.1)(259.4, 129.9)(166.4, 129.9);GATE
Port:(178.8, 129.9)(247.0, 129.9)(247.0, 134.8)(178.8, 134.8);SD
Port:(166.4, 233.0)(245.0, 233.0)(245.0, 201.1)(259.4, 201.1)(259.4, 135.8)(166.4, 135.8);GATE
Port:(171.7, 223.1)(238.7, 223.1)(238.7, 228.7)(171.7, 228.7);SD
Module:M3
Boundary:(501.4, 300.9)(451.4, 300.9)(451.4, 300.8)(436.1, 300.8)(436.1, 143.6)(501.4, 143.6);GATE
Port:(449.8, 143.6)(487.7, 143.6)(487.7, 148.2)(449.8, 148.2);SD
Port:(501.4, 300.9)(451.4, 300.9)(451.4, 300.8)(436.1, 300.8)(436.1, 149.5)(501.4, 149.5);GATE
Port:(457.5, 289.5)(495.3, 289.5)(495.3, 295.8)(457.5, 295.8);SD
Module:M1
Boundary:(279.0, 215.0)(279.0, 304.7)(430.9, 304.7)(430.9, 215.0);GATE
Port:(426.3, 230.5)(430.9, 230.5)(430.9, 289.2)(426.3, 289.2);SD
Port:(279.0, 215.0)(279.0, 304.7)(423.4, 304.7)(423.4, 215.0);GATE
Port:(284.8, 221.8)(291.7, 221.8)(291.7, 297.9)(284.8, 297.9);SD
Module:M5
Boundary:(857.2, 126.2)(824.1, 126.2)(824.1, 126.3)(808.3, 126.3)(808.3, 306.4)(857.2, 306.4);GATE
Port:(821.7, 300.8)(843.8, 300.8)(843.8, 306.4)(821.7, 306.4);SD
Port:(857.2, 126.2)(824.1, 126.2)(824.1, 126.3)(808.3, 126.3)(808.3, 298.9)(857.2, 298.9);GATE
Port:(829.6, 130.7)(851.7, 130.7)(851.7, 137.2)(829.6, 137.2);SD
Module:M16
Boundary:(501.8, 310.1)(574.3, 310.1)(574.3, 244.4)(590.9, 244.4)(590.9, 118.8)(501.8, 118.8);GATE
Port:(516.6, 118.8)(576.1, 118.8)(576.1, 123.7)(516.6, 123.7);SD
Port:(501.8, 310.1)(574.3, 310.1)(574.3, 244.4)(590.9, 244.4)(590.9, 125.6)(501.8, 125.6);GATE
Port:(508.3, 298.3)(566.8, 298.3)(566.8, 304.6)(508.3, 304.6);SD
Module:M4
Boundary:(642.8, 117.1)(698.2, 117.1)(698.2, 218.8)(715.2, 218.8)(715.2, 311.0)(642.8, 311.0);GATE
Port:(657.7, 305.5)(700.3, 305.5)(700.3, 311.0)(657.7, 311.0);SD
Port:(642.8, 117.1)(698.2, 117.1)(698.2, 218.8)(715.2, 218.8)(715.2, 304.5)(642.8, 304.5);GATE
Port:(648.6, 121.9)(691.4, 121.9)(691.4, 128.6)(648.6, 128.6);SD
Module:M8
Boundary:(65.6, 281.0)(115.9, 281.0)(115.9, 297.4)(131.0, 297.4)(131.0, 389.3)(65.6, 389.3);GATE
Port:(78.7, 384.0)(117.9, 384.0)(117.9, 389.3)(78.7, 389.3);SD
Port:(65.6, 281.0)(115.9, 281.0)(115.9, 297.4)(131.0, 297.4)(131.0, 381.1)(65.6, 381.1);GATE
Port:(72.2, 286.6)(108.3, 286.6)(108.3, 291.4)(72.2, 291.4);SD
Module:M15
Boundary:(446.6, 380.8)(446.6, 335.5)(446.5, 335.5)(446.5, 320.9)(273.4, 320.9)(273.4, 380.8);GATE
Port:(273.4, 332.5)(278.4, 332.5)(278.4, 369.2)(273.4, 369.2);SD
Port:(446.6, 380.8)(446.6, 335.5)(446.5, 335.5)(446.5, 320.9)(280.0, 320.9)(280.0, 380.8);GATE
Port:(436.7, 341.6)(441.5, 341.6)(441.5, 374.7)(436.7, 374.7);SD
Module:M11
Boundary:(147.4, 248.2)(219.5, 248.2)(219.5, 248.4)(232.9, 248.4)(232.9, 369.3)(147.4, 369.3);GATE
Port:(160.0, 363.3)(220.3, 363.3)(220.3, 369.3)(160.0, 369.3);SD
Port:(147.4, 248.2)(219.5, 248.2)(219.5, 248.4)(232.9, 248.4)(232.9, 361.6)(147.4, 361.6);GATE
Port:(153.8, 253.6)(213.1, 253.6)(213.1, 259.2)(153.8, 259.2);SD
Module:M9
Boundary:(647.2, 325.4)(647.2, 369.5)(647.2, 369.5)(647.2, 383.7)(463.8, 383.7)(463.8, 325.4);GATE
Port:(463.8, 336.9)(469.5, 336.9)(469.5, 372.2)(463.8, 372.2);SD
Port:(647.2, 325.4)(647.2, 369.5)(647.2, 369.5)(647.2, 383.7)(471.3, 383.7)(471.3, 325.4);GATE
Port:(637.7, 331.1)(642.5, 331.1)(642.5, 363.8)(637.7, 363.8);SD
Module:M10
Boundary:(669.5, 385.2)(669.5, 341.0)(682.0, 341.0)(682.0, 329.3)(821.3, 329.3)(821.3, 385.2);GATE
Port:(815.4, 341.5)(821.3, 341.5)(821.3, 373.0)(815.4, 373.0);SD
Port:(669.5, 385.2)(669.5, 341.0)(682.0, 341.0)(682.0, 329.3)(813.5, 329.3)(813.5, 385.2);GATE
Port:(674.4, 347.9)(679.9, 347.9)(679.9, 379.3)(674.4, 379.3);SD
