Area:(-20.0, -20.0)(568.1, -20.0)(568.1, 448.5)(-20.0, 448.5)
Rule:GATE(5,5);SD(5,5);GATE_SD(0.5);GATE_ITO(0.5);SD_ITO(0.5)
Module:M9
Boundary:(442.8, 20.0)(528.1, 20.0)(528.1, 240.1)(442.8, 240.1);GATE
Port:(457.4, 234.5)(513.5, 234.5)(513.5, 240.1)(457.4, 240.1);SD
Port:(442.8, 20.0)(528.1, 20.0)(528.1, 233.1)(442.8, 233.1);GATE
Port:(448.7, 24.9)(522.2, 24.9)(522.2, 32.3)(448.7, 32.3);SD
Module:M5
Boundary:(471.6, 290.1)(519.3, 290.1)(519.3, 390.9)(471.6, 390.9);GATE
Port:(484.3, 385.3)(506.6, 385.3)(506.6, 390.9)(484.3, 390.9);SD
Port:(471.6, 290.1)(519.3, 290.1)(519.3, 383.4)(471.6, 383.4);GATE
Port:(478.3, 295.8)(512.6, 295.8)(512.6, 301.1)(478.3, 301.1);SD
Module:M1
Boundary:(400.1, 177.4)(400.1, 272.9)(310.5, 272.9)(310.5, 177.4);GATE
Port:(310.5, 191.0)(314.6, 191.0)(314.6, 259.3)(310.5, 259.3);SD
Port:(400.1, 177.4)(400.1, 272.9)(316.8, 272.9)(316.8, 177.4);GATE
Port:(388.3, 184.3)(394.2, 184.3)(394.2, 266.0)(388.3, 266.0);SD
Module:M6
Boundary:(20.0, 226.0)(74.1, 226.0)(74.1, 301.0)(90.3, 301.0)(90.3, 401.7)(20.0, 401.7);GATE
Port:(34.4, 396.1)(75.9, 396.1)(75.9, 401.7)(34.4, 401.7);SD
Port:(20.0, 226.0)(74.1, 226.0)(74.1, 301.0)(90.3, 301.0)(90.3, 394.2)(20.0, 394.2);GATE
Port:(26.7, 231.7)(66.4, 231.7)(66.4, 237.2)(26.7, 237.2);SD
Module:M2
Boundary:(270.5, 226.0)(270.5, 292.0)(235.7, 292.0)(235.7, 306.3)(130.3, 306.3)(130.3, 226.0);GATE
Port:(130.3, 239.4)(134.8, 239.4)(134.8, 292.9)(130.3, 292.9);SD
Port:(270.5, 226.0)(270.5, 292.0)(235.7, 292.0)(235.7, 306.3)(136.0, 306.3)(136.0, 226.0);GATE
Port:(258.6, 232.1)(265.4, 232.1)(265.4, 284.9)(258.6, 284.9);SD
Module:M10
Boundary:(257.3, 30.0)(257.3, 138.1)(216.3, 138.1)(216.3, 155.2)(164.5, 155.2)(164.5, 30.0);GATE
Port:(164.5, 43.7)(169.4, 43.7)(169.4, 141.5)(164.5, 141.5);SD
Port:(257.3, 30.0)(257.3, 138.1)(216.3, 138.1)(216.3, 155.2)(171.5, 155.2)(171.5, 30.0);GATE
Port:(246.5, 35.7)(252.6, 35.7)(252.6, 131.4)(246.5, 131.4);SD
Module:M7
Boundary:(293.4, 346.3)(293.4, 390.7)(293.3, 390.7)(293.3, 405.0)(130.3, 405.0)(130.3, 346.3);GATE
Port:(130.3, 358.1)(135.7, 358.1)(135.7, 393.2)(130.3, 393.2);SD
Port:(293.4, 346.3)(293.4, 390.7)(293.3, 390.7)(293.3, 405.0)(137.2, 405.0)(137.2, 346.3);GATE
Port:(283.8, 352.4)(288.3, 352.4)(288.3, 384.6)(283.8, 384.6);SD
Module:M3
Boundary:(20.0, 20.0)(99.7, 20.0)(99.7, 20.2)(114.5, 20.2)(114.5, 186.0)(20.0, 186.0);GATE
Port:(34.4, 181.6)(100.1, 181.6)(100.1, 186.0)(34.4, 186.0);SD
Port:(20.0, 20.0)(99.7, 20.0)(99.7, 20.2)(114.5, 20.2)(114.5, 180.5)(20.0, 180.5);GATE
Port:(26.6, 25.6)(93.1, 25.6)(93.1, 32.4)(26.6, 32.4);SD
Module:M8
Boundary:(307.3, 20.0)(388.5, 20.0)(388.5, 38.3)(402.8, 38.3)(402.8, 137.4)(307.3, 137.4);GATE
Port:(320.8, 132.7)(389.3, 132.7)(389.3, 137.4)(320.8, 137.4);SD
Port:(307.3, 20.0)(388.5, 20.0)(388.5, 38.3)(402.8, 38.3)(402.8, 129.8)(307.3, 129.8);GATE
Port:(313.7, 25.4)(381.1, 25.4)(381.1, 31.6)(313.7, 31.6);SD
Module:M4
Boundary:(333.4, 312.9)(407.9, 312.9)(407.9, 365.3)(421.6, 365.3)(421.6, 408.5)(333.4, 408.5);GATE
Port:(344.7, 403.7)(410.3, 403.7)(410.3, 408.5)(344.7, 408.5);SD
Port:(333.4, 312.9)(407.9, 312.9)(407.9, 365.3)(421.6, 365.3)(421.6, 402.4)(333.4, 402.4);GATE
Port:(338.8, 317.3)(401.5, 317.3)(401.5, 322.1)(338.8, 322.1);SD
