Area:(0.1, -20.0)(536.0, -20.0)(536.0, 430.6)(0.1, 430.6)
Rule:GATE(5,5);SD(5,5);GATE_SD(0.5);GATE_ITO(0.5);SD_ITO(0.5)
Module:M8
Boundary:(291.1, 20.0)(372.3, 20.0)(372.3, 38.3)(386.6, 38.3)(386.6, 137.4)(291.1, 137.4);GATE
Port:(304.6, 132.7)(373.1, 132.7)(373.1, 137.4)(304.6, 137.4);SD
Port:(291.1, 20.0)(372.3, 20.0)(372.3, 38.3)(386.6, 38.3)(386.6, 129.8)(291.1, 129.8);GATE
Port:(297.5, 25.4)(364.9, 25.4)(364.9, 31.6)(297.5, 31.6);SD
Module:M10
Boundary:(164.5, 177.2)(164.5, 69.1)(205.5, 69.1)(205.5, 52.0)(257.3, 52.0)(257.3, 177.2);GATE
Port:(252.4, 65.7)(257.3, 65.7)(257.3, 163.5)(252.4, 163.5);SD
Port:(164.5, 177.2)(164.5, 69.1)(205.5, 69.1)(205.5, 52.0)(250.3, 52.0)(250.3, 177.2);GATE
Port:(169.2, 75.8)(175.3, 75.8)(175.3, 171.5)(169.2, 171.5);SD
Module:M3
Boundary:(40.1, 37.4)(119.8, 37.4)(119.8, 37.5)(134.6, 37.5)(134.6, 203.4)(40.1, 203.4);GATE
Port:(54.5, 199.0)(120.2, 199.0)(120.2, 203.4)(54.5, 203.4);SD
Port:(40.1, 37.4)(119.8, 37.4)(119.8, 37.5)(134.6, 37.5)(134.6, 197.9)(40.1, 197.9);GATE
Port:(46.7, 43.0)(113.2, 43.0)(113.2, 49.8)(46.7, 49.8);SD
Module:M9
Boundary:(495.7, 22.8)(410.4, 22.8)(410.4, 242.9)(495.7, 242.9);GATE
Port:(425.0, 237.3)(481.1, 237.3)(481.1, 242.9)(425.0, 242.9);SD
Port:(495.7, 22.8)(410.4, 22.8)(410.4, 235.9)(495.7, 235.9);GATE
Port:(416.3, 27.7)(489.8, 27.7)(489.8, 35.1)(416.3, 35.1);SD
Module:M1
Boundary:(386.5, 288.3)(386.5, 192.8)(296.9, 192.8)(296.9, 288.3);GATE
Port:(296.9, 206.4)(301.0, 206.4)(301.0, 274.7)(296.9, 274.7);SD
Port:(386.5, 288.3)(386.5, 192.8)(303.2, 192.8)(303.2, 288.3);GATE
Port:(374.7, 199.7)(380.6, 199.7)(380.6, 281.4)(374.7, 281.4);SD
Module:M2
Boundary:(156.6, 264.3)(156.6, 198.3)(191.4, 198.3)(191.4, 184.0)(296.8, 184.0)(296.8, 264.3);GATE
Port:(292.3, 197.4)(296.8, 197.4)(296.8, 250.9)(292.3, 250.9);SD
Port:(156.6, 264.3)(156.6, 198.3)(191.4, 198.3)(191.4, 184.0)(291.1, 184.0)(291.1, 264.3);GATE
Port:(161.7, 205.4)(168.5, 205.4)(168.5, 258.2)(161.7, 258.2);SD
Module:M5
Boundary:(496.0, 258.3)(448.3, 258.3)(448.3, 359.1)(496.0, 359.1);GATE
Port:(461.0, 353.5)(483.3, 353.5)(483.3, 359.1)(461.0, 359.1);SD
Port:(496.0, 258.3)(448.3, 258.3)(448.3, 351.6)(496.0, 351.6);GATE
Port:(455.0, 264.0)(489.3, 264.0)(489.3, 269.3)(455.0, 269.3);SD
Module:M6
Boundary:(40.4, 383.2)(94.5, 383.2)(94.5, 308.2)(110.7, 308.2)(110.7, 207.5)(40.4, 207.5);GATE
Port:(54.8, 207.5)(96.3, 207.5)(96.3, 213.1)(54.8, 213.1);SD
Port:(40.4, 383.2)(94.5, 383.2)(94.5, 308.2)(110.7, 308.2)(110.7, 215.0)(40.4, 215.0);GATE
Port:(47.1, 372.0)(86.8, 372.0)(86.8, 377.5)(47.1, 377.5);SD
Module:M7
Boundary:(297.5, 313.6)(297.5, 358.0)(297.4, 358.0)(297.4, 372.3)(134.4, 372.3)(134.4, 313.6);GATE
Port:(134.4, 325.4)(139.8, 325.4)(139.8, 360.5)(134.4, 360.5);SD
Port:(297.5, 313.6)(297.5, 358.0)(297.4, 358.0)(297.4, 372.3)(141.3, 372.3)(141.3, 313.6);GATE
Port:(287.9, 319.7)(292.4, 319.7)(292.4, 351.9)(287.9, 351.9);SD
Module:M4
Boundary:(306.8, 390.6)(381.3, 390.6)(381.3, 338.2)(395.0, 338.2)(395.0, 295.0)(306.8, 295.0);GATE
Port:(318.1, 295.0)(383.7, 295.0)(383.7, 299.8)(318.1, 299.8);SD
Port:(306.8, 390.6)(381.3, 390.6)(381.3, 338.2)(395.0, 338.2)(395.0, 301.1)(306.8, 301.1);GATE
Port:(312.2, 381.4)(374.9, 381.4)(374.9, 386.2)(312.2, 386.2);SD
