Area:(-20.0, -20.0)(1309.9, -20.0)(1309.9, 699.0)(-20.0, 699.0)
Rule:GATE(5,5);SD(5,5);GATE_SD(0.5);GATE_ITO(0.5);SD_ITO(0.5)
Module:M12
Boundary:(823.9, 20.0)(694.4, 20.0)(694.4, 60.0)(642.9, 60.0)(642.9, 101.0)(823.9, 101.0);GATE
Port:(657.4, 91.0)(809.4, 91.0)(809.4, 101.0)(657.4, 101.0);SD
Port:(823.9, 20.0)(694.4, 20.0)(694.4, 60.0)(642.9, 60.0)(642.9, 86.0)(823.9, 86.0);GATE
Port:(708.9, 25.0)(813.9, 25.0)(813.9, 29.0)(708.9, 29.0);SD
Module:M28
Boundary:(20.0, 77.6)(20.0, 207.1)(36.0, 207.1)(36.0, 222.6)(103.0, 222.6)(103.0, 77.6);GATE
Port:(93.0, 92.1)(103.0, 92.1)(103.0, 208.1)(93.0, 208.1);SD
Port:(20.0, 77.6)(20.0, 207.1)(36.0, 207.1)(36.0, 222.6)(88.0, 222.6)(88.0, 77.6);GATE
Port:(25.0, 87.6)(29.0, 87.6)(29.0, 192.6)(25.0, 192.6);SD
Module:M6
Boundary:(618.4, 64.2)(618.4, 157.7)(522.4, 157.7)(522.4, 209.2)(451.4, 209.2)(451.4, 64.2);GATE
Port:(451.4, 78.7)(461.4, 78.7)(461.4, 194.7)(451.4, 194.7);SD
Port:(618.4, 64.2)(618.4, 157.7)(522.4, 157.7)(522.4, 209.2)(466.4, 209.2)(466.4, 64.2);GATE
Port:(609.4, 74.2)(613.4, 74.2)(613.4, 143.2)(609.4, 143.2);SD
Module:M27
Boundary:(987.0, 184.9)(987.0, 109.4)(1016.2, 109.4)(1016.2, 39.9)(1070.0, 39.9)(1070.0, 184.9);GATE
Port:(1060.0, 54.4)(1070.0, 54.4)(1070.0, 170.4)(1060.0, 170.4);SD
Port:(987.0, 184.9)(987.0, 109.4)(1016.2, 109.4)(1016.2, 39.9)(1055.0, 39.9)(1055.0, 184.9);GATE
Port:(992.0, 123.9)(996.0, 123.9)(996.0, 174.9)(992.0, 174.9);SD
Module:M15
Boundary:(1141.6, 59.2)(1141.6, 152.7)(1174.4, 152.7)(1174.4, 204.2)(1257.6, 204.2)(1257.6, 59.2);GATE
Port:(1247.6, 73.7)(1257.6, 73.7)(1257.6, 189.7)(1247.6, 189.7);SD
Port:(1141.6, 59.2)(1141.6, 152.7)(1174.4, 152.7)(1174.4, 204.2)(1242.6, 204.2)(1242.6, 59.2);GATE
Port:(1146.6, 69.2)(1150.6, 69.2)(1150.6, 138.2)(1146.6, 138.2);SD
Module:M11
Boundary:(152.5, 72.8)(264.0, 72.8)(264.0, 88.8)(279.5, 88.8)(279.5, 237.8)(152.5, 237.8);GATE
Port:(167.0, 227.8)(265.0, 227.8)(265.0, 237.8)(167.0, 237.8);SD
Port:(152.5, 72.8)(264.0, 72.8)(264.0, 88.8)(279.5, 88.8)(279.5, 222.8)(152.5, 222.8);GATE
Port:(162.5, 77.8)(249.5, 77.8)(249.5, 81.8)(162.5, 81.8);SD
Module:M25
Boundary:(831.1, 195.8)(960.6, 195.8)(960.6, 181.8)(976.1, 181.8)(976.1, 26.8)(831.1, 26.8);GATE
Port:(845.6, 26.8)(961.6, 26.8)(961.6, 36.8)(845.6, 36.8);SD
Port:(831.1, 195.8)(960.6, 195.8)(960.6, 181.8)(976.1, 181.8)(976.1, 41.8)(831.1, 41.8);GATE
Port:(841.1, 186.8)(946.1, 186.8)(946.1, 190.8)(841.1, 190.8);SD
Module:M24
Boundary:(320.8, 219.8)(393.8, 219.8)(393.8, 43.8)(320.8, 43.8);GATE
Port:(335.3, 43.8)(379.3, 43.8)(379.3, 53.8)(335.3, 53.8);SD
Port:(320.8, 219.8)(393.8, 219.8)(393.8, 58.8)(320.8, 58.8);GATE
Port:(330.8, 210.8)(383.8, 210.8)(383.8, 214.8)(330.8, 214.8);SD
Module:M20
Boundary:(800.1, 157.1)(727.1, 157.1)(727.1, 222.1)(800.1, 222.1);GATE
Port:(741.6, 212.1)(785.6, 212.1)(785.6, 222.1)(741.6, 222.1);SD
Port:(800.1, 157.1)(727.1, 157.1)(727.1, 207.1)(800.1, 207.1);GATE
Port:(737.1, 162.1)(790.1, 162.1)(790.1, 166.1)(737.1, 166.1);SD
Module:M16
Boundary:(698.0, 150.3)(698.0, 223.3)(630.0, 223.3)(630.0, 150.3);GATE
Port:(630.0, 164.8)(640.0, 164.8)(640.0, 208.8)(630.0, 208.8);SD
Port:(698.0, 150.3)(698.0, 223.3)(645.0, 223.3)(645.0, 150.3);GATE
Port:(689.0, 160.3)(693.0, 160.3)(693.0, 213.3)(689.0, 213.3);SD
Module:M1
Boundary:(602.9, 296.4)(602.9, 223.4)(461.9, 223.4)(461.9, 296.4);GATE
Port:(461.9, 237.9)(471.9, 237.9)(471.9, 281.9)(461.9, 281.9);SD
Port:(602.9, 296.4)(602.9, 223.4)(476.9, 223.4)(476.9, 296.4);GATE
Port:(593.9, 233.4)(597.9, 233.4)(597.9, 286.4)(593.9, 286.4);SD
Module:M5
Boundary:(23.3, 367.2)(98.8, 367.2)(98.8, 324.5)(168.3, 324.5)(168.3, 257.2)(23.3, 257.2);GATE
Port:(37.8, 257.2)(153.8, 257.2)(153.8, 267.2)(37.8, 267.2);SD
Port:(23.3, 367.2)(98.8, 367.2)(98.8, 324.5)(168.3, 324.5)(168.3, 272.2)(23.3, 272.2);GATE
Port:(33.3, 358.2)(84.3, 358.2)(84.3, 362.2)(33.3, 362.2);SD
Module:M13
Boundary:(267.4, 261.5)(360.9, 261.5)(360.9, 312.4)(412.4, 312.4)(412.4, 362.5)(267.4, 362.5);GATE
Port:(281.9, 352.5)(397.9, 352.5)(397.9, 362.5)(281.9, 362.5);SD
Port:(267.4, 261.5)(360.9, 261.5)(360.9, 312.4)(412.4, 312.4)(412.4, 347.5)(267.4, 347.5);GATE
Port:(277.4, 266.5)(346.4, 266.5)(346.4, 270.5)(277.4, 270.5);SD
Module:M7
Boundary:(1229.1, 210.6)(1229.1, 358.1)(1213.1, 358.1)(1213.1, 373.6)(1035.1, 373.6)(1035.1, 210.6);GATE
Port:(1035.1, 225.1)(1045.1, 225.1)(1045.1, 359.1)(1035.1, 359.1);SD
Port:(1229.1, 210.6)(1229.1, 358.1)(1213.1, 358.1)(1213.1, 373.6)(1050.1, 373.6)(1050.1, 210.6);GATE
Port:(1220.1, 220.6)(1224.1, 220.6)(1224.1, 343.6)(1220.1, 343.6);SD
Module:M9
Boundary:(859.1, 239.0)(1006.6, 239.0)(1006.6, 255.0)(1022.1, 255.0)(1022.1, 369.0)(859.1, 369.0);GATE
Port:(873.6, 359.0)(1007.6, 359.0)(1007.6, 369.0)(873.6, 369.0);SD
Port:(859.1, 239.0)(1006.6, 239.0)(1006.6, 255.0)(1022.1, 255.0)(1022.1, 354.0)(859.1, 354.0);GATE
Port:(869.1, 244.0)(992.1, 244.0)(992.1, 248.0)(869.1, 248.0);SD
Module:M10
Boundary:(696.0, 252.2)(843.5, 252.2)(843.5, 268.2)(859.0, 268.2)(859.0, 371.2)(696.0, 371.2);GATE
Port:(710.5, 361.2)(844.5, 361.2)(844.5, 371.2)(710.5, 371.2);SD
Port:(696.0, 252.2)(843.5, 252.2)(843.5, 268.2)(859.0, 268.2)(859.0, 356.2)(696.0, 356.2);GATE
Port:(706.0, 257.2)(829.0, 257.2)(829.0, 261.2)(706.0, 261.2);SD
Module:M8
Boundary:(74.7, 373.6)(168.2, 373.6)(168.2, 383.6)(183.7, 383.6)(183.7, 487.6)(74.7, 487.6);GATE
Port:(89.2, 477.6)(169.2, 477.6)(169.2, 487.6)(89.2, 487.6);SD
Port:(74.7, 373.6)(168.2, 373.6)(168.2, 383.6)(183.7, 383.6)(183.7, 472.6)(74.7, 472.6);GATE
Port:(84.7, 378.6)(153.7, 378.6)(153.7, 382.6)(84.7, 382.6);SD
Module:M14
Boundary:(403.7, 514.0)(403.7, 402.5)(391.7, 402.5)(391.7, 387.0)(213.7, 387.0)(213.7, 514.0);GATE
Port:(213.7, 401.5)(223.7, 401.5)(223.7, 499.5)(213.7, 499.5);SD
Port:(403.7, 514.0)(403.7, 402.5)(391.7, 402.5)(391.7, 387.0)(228.7, 387.0)(228.7, 514.0);GATE
Port:(394.7, 417.0)(398.7, 417.0)(398.7, 504.0)(394.7, 504.0);SD
Module:M3
Boundary:(986.0, 526.6)(986.0, 433.1)(976.0, 433.1)(976.0, 417.6)(793.0, 417.6)(793.0, 526.6);GATE
Port:(793.0, 432.1)(803.0, 432.1)(803.0, 512.1)(793.0, 512.1);SD
Port:(986.0, 526.6)(986.0, 433.1)(976.0, 433.1)(976.0, 417.6)(808.0, 417.6)(808.0, 526.6);GATE
Port:(977.0, 447.6)(981.0, 447.6)(981.0, 516.6)(977.0, 516.6);SD
Module:M19
Boundary:(590.0, 397.0)(683.5, 397.0)(683.5, 407.0)(699.0, 407.0)(699.0, 503.0)(590.0, 503.0);GATE
Port:(604.5, 493.0)(684.5, 493.0)(684.5, 503.0)(604.5, 503.0);SD
Port:(590.0, 397.0)(683.5, 397.0)(683.5, 407.0)(699.0, 407.0)(699.0, 488.0)(590.0, 488.0);GATE
Port:(600.0, 402.0)(669.0, 402.0)(669.0, 406.0)(600.0, 406.0);SD
Module:M29
Boundary:(1158.9, 535.0)(1158.9, 423.5)(1171.0, 423.5)(1171.0, 408.0)(1269.9, 408.0)(1269.9, 535.0);GATE
Port:(1259.9, 422.5)(1269.9, 422.5)(1269.9, 520.5)(1259.9, 520.5);SD
Port:(1158.9, 535.0)(1158.9, 423.5)(1171.0, 423.5)(1171.0, 408.0)(1254.9, 408.0)(1254.9, 535.0);GATE
Port:(1163.9, 438.0)(1167.9, 438.0)(1167.9, 525.0)(1163.9, 525.0);SD
Module:M17
Boundary:(439.0, 523.4)(568.5, 523.4)(568.5, 504.4)(584.0, 504.4)(584.0, 323.4)(439.0, 323.4);GATE
Port:(453.5, 323.4)(569.5, 323.4)(569.5, 333.4)(453.5, 333.4);SD
Port:(439.0, 523.4)(568.5, 523.4)(568.5, 504.4)(584.0, 504.4)(584.0, 338.4)(439.0, 338.4);GATE
Port:(449.0, 514.4)(554.0, 514.4)(554.0, 518.4)(449.0, 518.4);SD
Module:M18
Boundary:(1025.2, 520.6)(1025.2, 427.1)(1035.2, 427.1)(1035.2, 411.6)(1101.2, 411.6)(1101.2, 520.6);GATE
Port:(1091.2, 426.1)(1101.2, 426.1)(1101.2, 506.1)(1091.2, 506.1);SD
Port:(1025.2, 520.6)(1025.2, 427.1)(1035.2, 427.1)(1035.2, 411.6)(1086.2, 411.6)(1086.2, 520.6);GATE
Port:(1030.2, 441.6)(1034.2, 441.6)(1034.2, 510.6)(1030.2, 510.6);SD
Module:M2
Boundary:(207.2, 547.4)(207.2, 620.4)(389.2, 620.4)(389.2, 547.4);GATE
Port:(379.2, 561.9)(389.2, 561.9)(389.2, 605.9)(379.2, 605.9);SD
Port:(207.2, 547.4)(207.2, 620.4)(374.2, 620.4)(374.2, 547.4);GATE
Port:(212.2, 557.4)(216.2, 557.4)(216.2, 610.4)(212.2, 610.4);SD
Module:M23
Boundary:(1194.3, 562.8)(1194.3, 635.8)(1103.3, 635.8)(1103.3, 562.8);GATE
Port:(1103.3, 577.3)(1113.3, 577.3)(1113.3, 621.3)(1103.3, 621.3);SD
Port:(1194.3, 562.8)(1194.3, 635.8)(1118.3, 635.8)(1118.3, 562.8);GATE
Port:(1185.3, 572.8)(1189.3, 572.8)(1189.3, 625.8)(1185.3, 625.8);SD
Module:M21
Boundary:(20.0, 629.9)(131.5, 629.9)(131.5, 617.8)(147.0, 617.8)(147.0, 526.9)(20.0, 526.9);GATE
Port:(34.5, 526.9)(132.5, 526.9)(132.5, 536.9)(34.5, 536.9);SD
Port:(20.0, 629.9)(131.5, 629.9)(131.5, 617.8)(147.0, 617.8)(147.0, 541.9)(20.0, 541.9);GATE
Port:(30.0, 620.9)(117.0, 620.9)(117.0, 624.9)(30.0, 624.9);SD
Module:M30
Boundary:(596.3, 659.0)(484.8, 659.0)(484.8, 647.0)(469.3, 647.0)(469.3, 578.0)(596.3, 578.0);GATE
Port:(483.8, 578.0)(581.8, 578.0)(581.8, 588.0)(483.8, 588.0);SD
Port:(596.3, 659.0)(484.8, 659.0)(484.8, 647.0)(469.3, 647.0)(469.3, 593.0)(596.3, 593.0);GATE
Port:(499.3, 650.0)(586.3, 650.0)(586.3, 654.0)(499.3, 654.0);SD
Module:M4
Boundary:(769.0, 645.8)(657.5, 645.8)(657.5, 624.3)(606.0, 624.3)(606.0, 565.8)(769.0, 565.8);GATE
Port:(620.5, 565.8)(754.5, 565.8)(754.5, 575.8)(620.5, 575.8);SD
Port:(769.0, 645.8)(657.5, 645.8)(657.5, 624.3)(606.0, 624.3)(606.0, 580.8)(769.0, 580.8);GATE
Port:(672.0, 636.8)(759.0, 636.8)(759.0, 640.8)(672.0, 640.8);SD
Module:M26
Boundary:(926.9, 638.1)(926.9, 562.1)(918.9, 562.1)(918.9, 547.1)(769.9, 547.1)(769.9, 638.1);GATE
Port:(769.9, 561.6)(779.9, 561.6)(779.9, 623.6)(769.9, 623.6);SD
Port:(926.9, 638.1)(926.9, 562.1)(918.9, 562.1)(918.9, 547.1)(784.9, 547.1)(784.9, 638.1);GATE
Port:(917.9, 577.1)(921.9, 577.1)(921.9, 628.1)(917.9, 628.1);SD
Module:M22
Boundary:(1070.2, 647.1)(997.2, 647.1)(997.2, 576.1)(1070.2, 576.1);GATE
Port:(1011.7, 576.1)(1055.7, 576.1)(1055.7, 586.1)(1011.7, 586.1);SD
Port:(1070.2, 647.1)(997.2, 647.1)(997.2, 591.1)(1070.2, 591.1);GATE
Port:(1007.2, 638.1)(1060.2, 638.1)(1060.2, 642.1)(1007.2, 642.1);SD
