Area:(-20.0, -20.0)(609.0, -20.0)(609.0, 285.0)(-20.0, 285.0)
Rule:GATE(5,5);SD(5,5);GATE_SD(0.5);GATE_ITO(0.5);SD_ITO(0.5)
Module:M5
Boundary:(389.0, 20.0)(389.0, 93.0)(259.0, 93.0)(259.0, 20.0);GATE
Port:(259.0, 34.5)(269.0, 34.5)(269.0, 78.5)(259.0, 78.5);SD
Port:(389.0, 20.0)(389.0, 93.0)(274.0, 93.0)(274.0, 20.0);GATE
Port:(380.0, 30.0)(384.0, 30.0)(384.0, 83.0)(380.0, 83.0);SD
Module:M1
Boundary:(20.0, 154.0)(167.5, 154.0)(167.5, 170.0)(183.0, 170.0)(183.0, 236.0)(20.0, 236.0);GATE
Port:(34.5, 226.0)(168.5, 226.0)(168.5, 236.0)(34.5, 236.0);SD
Port:(20.0, 154.0)(167.5, 154.0)(167.5, 170.0)(183.0, 170.0)(183.0, 221.0)(20.0, 221.0);GATE
Port:(30.0, 159.0)(153.0, 159.0)(153.0, 163.0)(30.0, 163.0);SD
Module:M2
Boundary:(371.0, 154.0)(371.0, 230.0)(363.0, 230.0)(363.0, 245.0)(223.0, 245.0)(223.0, 154.0);GATE
Port:(223.0, 168.5)(233.0, 168.5)(233.0, 230.5)(223.0, 230.5);SD
Port:(371.0, 154.0)(371.0, 230.0)(363.0, 230.0)(363.0, 245.0)(238.0, 245.0)(238.0, 154.0);GATE
Port:(362.0, 164.0)(366.0, 164.0)(366.0, 215.0)(362.0, 215.0);SD
Module:M3
Boundary:(20.0, 20.0)(149.5, 20.0)(149.5, 73.0)(219.0, 73.0)(219.0, 114.0)(20.0, 114.0);GATE
Port:(34.5, 104.0)(204.5, 104.0)(204.5, 114.0)(34.5, 114.0);SD
Port:(20.0, 20.0)(149.5, 20.0)(149.5, 73.0)(219.0, 73.0)(219.0, 99.0)(20.0, 99.0);GATE
Port:(30.0, 25.0)(135.0, 25.0)(135.0, 29.0)(30.0, 29.0);SD
Module:M4
Boundary:(569.0, 20.0)(569.0, 113.5)(503.9, 113.5)(503.9, 237.0)(429.0, 237.0)(429.0, 20.0);GATE
Port:(429.0, 34.5)(439.0, 34.5)(439.0, 222.5)(429.0, 222.5);SD
Port:(569.0, 20.0)(569.0, 113.5)(503.9, 113.5)(503.9, 237.0)(444.0, 237.0)(444.0, 20.0);GATE
Port:(560.0, 30.0)(564.0, 30.0)(564.0, 99.0)(560.0, 99.0);SD
