Area:(-20.0, -20.0)(377.0, -20.0)(377.0, 890.0)(-20.0, 890.0)
Rule:GATE(5,5);SD(5,5);GATE_SD(0.5);GATE_ITO(0.5);SD_ITO(0.5)
Module:M9
Boundary:(116.0, 225.0)(116.0, 318.5)(106.0, 318.5)(106.0, 334.0)(20.0, 334.0)(20.0, 225.0);GATE
Port:(20.0, 239.5)(30.0, 239.5)(30.0, 319.5)(20.0, 319.5);SD
Port:(116.0, 225.0)(116.0, 318.5)(106.0, 318.5)(106.0, 334.0)(35.0, 334.0)(35.0, 225.0);GATE
Port:(107.0, 235.0)(111.0, 235.0)(111.0, 304.0)(107.0, 304.0);SD
Module:M5
Boundary:(161.0, 499.0)(308.5, 499.0)(308.5, 515.0)(324.0, 515.0)(324.0, 666.0)(161.0, 666.0);GATE
Port:(175.5, 656.0)(309.5, 656.0)(309.5, 666.0)(175.5, 666.0);SD
Port:(161.0, 499.0)(308.5, 499.0)(308.5, 515.0)(324.0, 515.0)(324.0, 651.0)(161.0, 651.0);GATE
Port:(171.0, 504.0)(294.0, 504.0)(294.0, 508.0)(171.0, 508.0);SD
Module:M1
Boundary:(156.0, 308.0)(267.5, 308.0)(267.5, 367.2)(337.0, 367.2)(337.0, 449.0)(156.0, 449.0);GATE
Port:(170.5, 439.0)(322.5, 439.0)(322.5, 449.0)(170.5, 449.0);SD
Port:(156.0, 308.0)(267.5, 308.0)(267.5, 367.2)(337.0, 367.2)(337.0, 434.0)(156.0, 434.0);GATE
Port:(166.0, 313.0)(253.0, 313.0)(253.0, 317.0)(166.0, 317.0);SD
Module:M6
Boundary:(20.0, 525.0)(93.0, 525.0)(93.0, 687.0)(20.0, 687.0);GATE
Port:(34.5, 677.0)(78.5, 677.0)(78.5, 687.0)(34.5, 687.0);SD
Port:(20.0, 525.0)(93.0, 525.0)(93.0, 672.0)(20.0, 672.0);GATE
Port:(30.0, 530.0)(83.0, 530.0)(83.0, 534.0)(30.0, 534.0);SD
Module:M2
Boundary:(163.0, 187.0)(256.5, 187.0)(256.5, 197.0)(272.0, 197.0)(272.0, 268.0)(163.0, 268.0);GATE
Port:(177.5, 258.0)(257.5, 258.0)(257.5, 268.0)(177.5, 268.0);SD
Port:(163.0, 187.0)(256.5, 187.0)(256.5, 197.0)(272.0, 197.0)(272.0, 253.0)(163.0, 253.0);GATE
Port:(173.0, 192.0)(242.0, 192.0)(242.0, 196.0)(173.0, 196.0);SD
Module:M10
Boundary:(113.0, 30.0)(113.0, 159.5)(99.0, 159.5)(99.0, 175.0)(30.0, 175.0)(30.0, 30.0);GATE
Port:(30.0, 44.5)(40.0, 44.5)(40.0, 160.5)(30.0, 160.5);SD
Port:(113.0, 30.0)(113.0, 159.5)(99.0, 159.5)(99.0, 175.0)(45.0, 175.0)(45.0, 30.0);GATE
Port:(104.0, 40.0)(108.0, 40.0)(108.0, 145.0)(104.0, 145.0);SD
Module:M7
Boundary:(323.0, 20.0)(323.0, 131.5)(311.0, 131.5)(311.0, 147.0)(163.0, 147.0)(163.0, 20.0);GATE
Port:(163.0, 34.5)(173.0, 34.5)(173.0, 132.5)(163.0, 132.5);SD
Port:(323.0, 20.0)(323.0, 131.5)(311.0, 131.5)(311.0, 147.0)(178.0, 147.0)(178.0, 20.0);GATE
Port:(314.0, 30.0)(318.0, 30.0)(318.0, 117.0)(314.0, 117.0);SD
Module:M3
Boundary:(20.0, 727.0)(149.5, 727.0)(149.5, 741.0)(165.0, 741.0)(165.0, 845.0)(20.0, 845.0);GATE
Port:(34.5, 835.0)(150.5, 835.0)(150.5, 845.0)(34.5, 845.0);SD
Port:(20.0, 727.0)(149.5, 727.0)(149.5, 741.0)(165.0, 741.0)(165.0, 830.0)(20.0, 830.0);GATE
Port:(30.0, 732.0)(135.0, 732.0)(135.0, 736.0)(30.0, 736.0);SD
Module:M8
Boundary:(205.0, 716.0)(280.5, 716.0)(280.5, 754.2)(332.0, 754.2)(332.0, 850.0)(205.0, 850.0);GATE
Port:(219.5, 840.0)(317.5, 840.0)(317.5, 850.0)(219.5, 850.0);SD
Port:(205.0, 716.0)(280.5, 716.0)(280.5, 754.2)(332.0, 754.2)(332.0, 835.0)(205.0, 835.0);GATE
Port:(215.0, 721.0)(266.0, 721.0)(266.0, 725.0)(215.0, 725.0);SD
Module:M4
Boundary:(20.0, 374.0)(96.0, 374.0)(96.0, 382.0)(111.0, 382.0)(111.0, 485.0)(20.0, 485.0);GATE
Port:(34.5, 475.0)(96.5, 475.0)(96.5, 485.0)(34.5, 485.0);SD
Port:(20.0, 374.0)(96.0, 374.0)(96.0, 382.0)(111.0, 382.0)(111.0, 470.0)(20.0, 470.0);GATE
Port:(30.0, 379.0)(81.0, 379.0)(81.0, 383.0)(30.0, 383.0);SD
