Area:(-20.0, -20.0)(426.0, -20.0)(426.0, 1228.0)(-20.0, 1228.0)
Rule:GATE(5,5);SD(5,5);GATE_SD(0.5);GATE_ITO(0.5);SD_ITO(0.5)
Module:M14
Boundary:(379.0, 233.0)(379.0, 326.5)(320.3, 326.5)(320.3, 396.0)(238.0, 396.0)(238.0, 233.0);GATE
Port:(238.0, 247.5)(248.0, 247.5)(248.0, 381.5)(238.0, 381.5);SD
Port:(379.0, 233.0)(379.0, 326.5)(320.3, 326.5)(320.3, 396.0)(253.0, 396.0)(253.0, 233.0);GATE
Port:(370.0, 243.0)(374.0, 243.0)(374.0, 312.0)(370.0, 312.0);SD
Module:M9
Boundary:(20.0, 20.0)(96.0, 20.0)(96.0, 28.0)(111.0, 28.0)(111.0, 152.0)(20.0, 152.0);GATE
Port:(34.5, 142.0)(96.5, 142.0)(96.5, 152.0)(34.5, 152.0);SD
Port:(20.0, 20.0)(96.0, 20.0)(96.0, 28.0)(111.0, 28.0)(111.0, 137.0)(20.0, 137.0);GATE
Port:(30.0, 25.0)(81.0, 25.0)(81.0, 29.0)(30.0, 29.0);SD
Module:M5
Boundary:(386.0, 559.0)(386.0, 632.0)(258.0, 632.0)(258.0, 559.0);GATE
Port:(258.0, 573.5)(268.0, 573.5)(268.0, 617.5)(258.0, 617.5);SD
Port:(386.0, 559.0)(386.0, 632.0)(273.0, 632.0)(273.0, 559.0);GATE
Port:(377.0, 569.0)(381.0, 569.0)(381.0, 622.0)(377.0, 622.0);SD
Module:M11
Boundary:(386.0, 20.0)(386.0, 167.5)(370.0, 167.5)(370.0, 183.0)(252.0, 183.0)(252.0, 20.0);GATE
Port:(252.0, 34.5)(262.0, 34.5)(262.0, 168.5)(252.0, 168.5);SD
Port:(386.0, 20.0)(386.0, 167.5)(370.0, 167.5)(370.0, 183.0)(267.0, 183.0)(267.0, 20.0);GATE
Port:(377.0, 30.0)(381.0, 30.0)(381.0, 153.0)(377.0, 153.0);SD
Module:M1
Boundary:(347.0, 1019.0)(347.0, 1166.5)(331.0, 1166.5)(331.0, 1182.0)(161.0, 1182.0)(161.0, 1019.0);GATE
Port:(161.0, 1033.5)(171.0, 1033.5)(171.0, 1167.5)(161.0, 1167.5);SD
Port:(347.0, 1019.0)(347.0, 1166.5)(331.0, 1166.5)(331.0, 1182.0)(176.0, 1182.0)(176.0, 1019.0);GATE
Port:(338.0, 1029.0)(342.0, 1029.0)(342.0, 1152.0)(338.0, 1152.0);SD
Module:M6
Boundary:(145.0, 192.0)(145.0, 268.0)(137.0, 268.0)(137.0, 283.0)(20.0, 283.0)(20.0, 192.0);GATE
Port:(20.0, 206.5)(30.0, 206.5)(30.0, 268.5)(20.0, 268.5);SD
Port:(145.0, 192.0)(145.0, 268.0)(137.0, 268.0)(137.0, 283.0)(35.0, 283.0)(35.0, 192.0);GATE
Port:(136.0, 202.0)(140.0, 202.0)(140.0, 253.0)(136.0, 253.0);SD
Module:M2
Boundary:(374.0, 680.0)(374.0, 773.5)(244.1, 773.5)(244.1, 969.0)(187.0, 969.0)(187.0, 680.0);GATE
Port:(187.0, 694.5)(197.0, 694.5)(197.0, 954.5)(187.0, 954.5);SD
Port:(374.0, 680.0)(374.0, 773.5)(244.1, 773.5)(244.1, 969.0)(202.0, 969.0)(202.0, 680.0);GATE
Port:(365.0, 690.0)(369.0, 690.0)(369.0, 759.0)(365.0, 759.0);SD
Module:M16
Boundary:(20.0, 897.0)(96.0, 897.0)(96.0, 905.0)(111.0, 905.0)(111.0, 985.0)(20.0, 985.0);GATE
Port:(34.5, 975.0)(96.5, 975.0)(96.5, 985.0)(34.5, 985.0);SD
Port:(20.0, 897.0)(96.0, 897.0)(96.0, 905.0)(111.0, 905.0)(111.0, 970.0)(20.0, 970.0);GATE
Port:(30.0, 902.0)(81.0, 902.0)(81.0, 906.0)(30.0, 906.0);SD
Module:M13
Boundary:(199.0, 454.0)(199.0, 527.0)(133.0, 527.0)(133.0, 454.0);GATE
Port:(133.0, 468.5)(143.0, 468.5)(143.0, 512.5)(133.0, 512.5);SD
Port:(199.0, 454.0)(199.0, 527.0)(148.0, 527.0)(148.0, 454.0);GATE
Port:(190.0, 464.0)(194.0, 464.0)(194.0, 517.0)(190.0, 517.0);SD
Module:M10
Boundary:(218.0, 567.0)(218.0, 640.0)(133.0, 640.0)(133.0, 567.0);GATE
Port:(133.0, 581.5)(143.0, 581.5)(143.0, 625.5)(133.0, 625.5);SD
Port:(218.0, 567.0)(218.0, 640.0)(148.0, 640.0)(148.0, 567.0);GATE
Port:(209.0, 577.0)(213.0, 577.0)(213.0, 630.0)(209.0, 630.0);SD
Module:M7
Boundary:(212.0, 20.0)(212.0, 96.0)(204.0, 96.0)(204.0, 111.0)(151.0, 111.0)(151.0, 20.0);GATE
Port:(151.0, 34.5)(161.0, 34.5)(161.0, 96.5)(151.0, 96.5);SD
Port:(212.0, 20.0)(212.0, 96.0)(204.0, 96.0)(204.0, 111.0)(166.0, 111.0)(166.0, 20.0);GATE
Port:(203.0, 30.0)(207.0, 30.0)(207.0, 81.0)(203.0, 81.0);SD
Module:M3
Boundary:(188.0, 323.0)(188.0, 399.0)(180.0, 399.0)(180.0, 414.0)(20.0, 414.0)(20.0, 323.0);GATE
Port:(20.0, 337.5)(30.0, 337.5)(30.0, 399.5)(20.0, 399.5);SD
Port:(188.0, 323.0)(188.0, 399.0)(180.0, 399.0)(180.0, 414.0)(35.0, 414.0)(35.0, 323.0);GATE
Port:(179.0, 333.0)(183.0, 333.0)(183.0, 384.0)(179.0, 384.0);SD
Module:M15
Boundary:(147.0, 694.0)(147.0, 823.5)(91.3, 823.5)(91.3, 857.0)(20.0, 857.0)(20.0, 694.0);GATE
Port:(20.0, 708.5)(30.0, 708.5)(30.0, 842.5)(20.0, 842.5);SD
Port:(147.0, 694.0)(147.0, 823.5)(91.3, 823.5)(91.3, 857.0)(35.0, 857.0)(35.0, 694.0);GATE
Port:(138.0, 704.0)(142.0, 704.0)(142.0, 809.0)(138.0, 809.0);SD
Module:M12
Boundary:(386.0, 446.0)(386.0, 519.0)(239.0, 519.0)(239.0, 446.0);GATE
Port:(239.0, 460.5)(249.0, 460.5)(249.0, 504.5)(239.0, 504.5);SD
Port:(386.0, 446.0)(386.0, 519.0)(254.0, 519.0)(254.0, 446.0);GATE
Port:(377.0, 456.0)(381.0, 456.0)(381.0, 509.0)(377.0, 509.0);SD
Module:M8
Boundary:(102.0, 1025.0)(102.0, 1172.5)(86.0, 1172.5)(86.0, 1188.0)(20.0, 1188.0)(20.0, 1025.0);GATE
Port:(20.0, 1039.5)(30.0, 1039.5)(30.0, 1173.5)(20.0, 1173.5);SD
Port:(102.0, 1025.0)(102.0, 1172.5)(86.0, 1172.5)(86.0, 1188.0)(35.0, 1188.0)(35.0, 1025.0);GATE
Port:(93.0, 1035.0)(97.0, 1035.0)(97.0, 1158.0)(93.0, 1158.0);SD
Module:M4
Boundary:(20.0, 454.0)(93.0, 454.0)(93.0, 654.0)(20.0, 654.0);GATE
Port:(34.5, 644.0)(78.5, 644.0)(78.5, 654.0)(34.5, 654.0);SD
Port:(20.0, 454.0)(93.0, 454.0)(93.0, 639.0)(20.0, 639.0);GATE
Port:(30.0, 459.0)(83.0, 459.0)(83.0, 463.0)(30.0, 463.0);SD
