Area:(-4.6, 5.6)(598.4, 5.6)(598.4, 417.4)(-4.6, 417.4)
Rule:GATE(5,5);SD(5,5);GATE_SD(0.5);GATE_ITO(0.5);SD_ITO(0.5)
Module:M10
Boundary:(350.2, 45.6)(350.2, 88.5)(293.4, 88.5)(293.4, 101.2)(214.1, 101.2)(214.1, 45.6);GATE
Port:(214.1, 55.9)(218.2, 55.9)(218.2, 90.9)(214.1, 90.9);SD
Port:(350.2, 45.6)(350.2, 88.5)(293.4, 88.5)(293.4, 101.2)(219.9, 101.2)(219.9, 45.6);GATE
Port:(341.4, 51.3)(345.5, 51.3)(345.5, 81.8)(341.4, 81.8);SD
Module:M4
Boundary:(193.8, 144.2)(193.8, 64.3)(140.1, 64.3)(140.1, 51.1)(35.4, 51.1)(35.4, 144.2);GATE
Port:(35.4, 63.4)(39.9, 63.4)(39.9, 131.9)(35.4, 131.9);SD
Port:(193.8, 144.2)(193.8, 64.3)(140.1, 64.3)(140.1, 51.1)(41.9, 51.1)(41.9, 144.2);GATE
Port:(183.7, 72.9)(188.2, 72.9)(188.2, 137.6)(183.7, 137.6);SD
Module:M7
Boundary:(550.4, 46.4)(550.4, 154.6)(350.7, 154.6)(350.7, 46.4);GATE
Port:(350.7, 60.0)(355.6, 60.0)(355.6, 141.0)(350.7, 141.0);SD
Port:(550.4, 46.4)(550.4, 154.6)(356.6, 154.6)(356.6, 46.4);GATE
Port:(538.5, 52.6)(545.2, 52.6)(545.2, 148.4)(538.5, 148.4);SD
Module:M3
Boundary:(208.0, 148.5)(208.0, 216.0)(208.0, 216.0)(208.0, 233.2)(56.3, 233.2)(56.3, 148.5);GATE
Port:(56.3, 161.5)(61.1, 161.5)(61.1, 220.2)(56.3, 220.2);SD
Port:(208.0, 148.5)(208.0, 216.0)(208.0, 216.0)(208.0, 233.2)(62.4, 233.2)(62.4, 148.5);GATE
Port:(198.0, 154.0)(203.5, 154.0)(203.5, 210.5)(198.0, 210.5);SD
Module:M5
Boundary:(334.0, 144.2)(217.3, 144.2)(217.3, 256.8)(334.0, 256.8);GATE
Port:(233.1, 251.8)(318.2, 251.8)(318.2, 256.8)(233.1, 256.8);SD
Port:(334.0, 144.2)(217.3, 144.2)(217.3, 250.5)(334.0, 250.5);GATE
Port:(223.3, 149.2)(328.0, 149.2)(328.0, 156.5)(223.3, 156.5);SD
Module:M2
Boundary:(363.3, 175.0)(414.1, 175.0)(414.1, 194.9)(428.3, 194.9)(428.3, 298.5)(363.3, 298.5);GATE
Port:(376.3, 293.4)(415.3, 293.4)(415.3, 298.5)(376.3, 298.5);SD
Port:(363.3, 175.0)(414.1, 175.0)(414.1, 194.9)(428.3, 194.9)(428.3, 291.8)(363.3, 291.8);GATE
Port:(368.4, 179.1)(407.0, 179.1)(407.0, 185.1)(368.4, 185.1);SD
Module:M9
Boundary:(558.4, 373.1)(462.5, 373.1)(462.5, 168.7)(558.4, 168.7);GATE
Port:(475.7, 168.7)(545.2, 168.7)(545.2, 173.9)(475.7, 173.9);SD
Port:(558.4, 373.1)(462.5, 373.1)(462.5, 175.8)(558.4, 175.8);GATE
Port:(468.8, 362.0)(552.1, 362.0)(552.1, 367.8)(468.8, 367.8);SD
Module:M1
Boundary:(418.1, 320.5)(418.1, 377.4)(309.1, 377.4)(309.1, 320.5);GATE
Port:(309.1, 335.9)(314.1, 335.9)(314.1, 362.0)(309.1, 362.0);SD
Port:(418.1, 320.5)(418.1, 377.4)(315.4, 377.4)(315.4, 320.5);GATE
Port:(406.2, 325.7)(413.9, 325.7)(413.9, 372.2)(406.2, 372.2);SD
Module:M8
Boundary:(309.0, 346.4)(309.0, 263.3)(218.4, 263.3)(218.4, 346.4);GATE
Port:(218.4, 276.3)(222.9, 276.3)(222.9, 333.4)(218.4, 333.4);SD
Port:(309.0, 346.4)(309.0, 263.3)(224.2, 263.3)(224.2, 346.4);GATE
Port:(298.2, 269.0)(304.3, 269.0)(304.3, 340.7)(298.2, 340.7);SD
Module:M6
Boundary:(194.9, 246.3)(194.9, 343.3)(184.5, 343.3)(184.5, 361.3)(67.9, 361.3)(67.9, 246.3);GATE
Port:(67.9, 261.8)(73.0, 261.8)(73.0, 345.8)(67.9, 345.8);SD
Port:(194.9, 246.3)(194.9, 343.3)(184.5, 343.3)(184.5, 361.3)(75.2, 361.3)(75.2, 246.3);GATE
Port:(182.8, 253.2)(189.0, 253.2)(189.0, 335.4)(182.8, 335.4);SD
