Area:(-20.0, -20.0)(611.7, -20.0)(611.7, 785.8)(-20.0, 785.8)
Rule:GATE(5,5);SD(5,5);GATE_SD(0.5);GATE_ITO(0.5);SD_ITO(0.5)
Module:M14
Boundary:(144.7, 284.0)(232.1, 284.0)(232.1, 320.3)(245.5, 320.3)(245.5, 395.8)(144.7, 395.8);GATE
Port:(155.8, 391.0)(234.4, 391.0)(234.4, 395.8)(155.8, 395.8);SD
Port:(144.7, 284.0)(232.1, 284.0)(232.1, 320.3)(245.5, 320.3)(245.5, 388.8)(144.7, 388.8);GATE
Port:(150.0, 288.3)(225.8, 288.3)(225.8, 292.7)(150.0, 292.7);SD
Module:M9
Boundary:(239.4, 20.0)(239.4, 73.2)(239.3, 73.2)(239.3, 89.8)(144.7, 89.8)(144.7, 20.0);GATE
Port:(144.7, 35.3)(149.3, 35.3)(149.3, 74.5)(144.7, 74.5);SD
Port:(239.4, 20.0)(239.4, 73.2)(239.3, 73.2)(239.3, 89.8)(151.2, 89.8)(151.2, 20.0);GATE
Port:(227.2, 27.0)(233.4, 27.0)(233.4, 66.2)(227.2, 66.2);SD
Module:M5
Boundary:(20.0, 20.0)(87.6, 20.0)(87.6, 20.4)(104.7, 20.4)(104.7, 210.0)(20.0, 210.0);GATE
Port:(33.3, 204.8)(91.4, 204.8)(91.4, 210.0)(33.3, 210.0);SD
Port:(20.0, 20.0)(87.6, 20.0)(87.6, 20.4)(104.7, 20.4)(104.7, 202.1)(20.0, 202.1);GATE
Port:(25.6, 24.6)(82.0, 24.6)(82.0, 30.1)(25.6, 30.1);SD
Module:M11
Boundary:(461.0, 527.5)(552.4, 527.5)(552.4, 528.0)(570.8, 528.0)(570.8, 638.1)(461.0, 638.1);GATE
Port:(475.1, 632.6)(556.7, 632.6)(556.7, 638.1)(475.1, 638.1);SD
Port:(461.0, 527.5)(552.4, 527.5)(552.4, 528.0)(570.8, 528.0)(570.8, 630.6)(461.0, 630.6);GATE
Port:(467.4, 532.9)(546.0, 532.9)(546.0, 538.7)(467.4, 538.7);SD
Module:M1
Boundary:(309.3, 539.7)(404.9, 539.7)(404.9, 540.1)(421.0, 540.1)(421.0, 609.2)(309.3, 609.2);GATE
Port:(321.0, 604.1)(409.3, 604.1)(409.3, 609.2)(321.0, 609.2);SD
Port:(309.3, 539.7)(404.9, 539.7)(404.9, 540.1)(421.0, 540.1)(421.0, 601.5)(309.3, 601.5);GATE
Port:(314.6, 544.0)(399.6, 544.0)(399.6, 549.3)(314.6, 549.3);SD
Module:M19
Boundary:(294.5, 268.8)(401.4, 268.8)(401.4, 269.3)(418.9, 269.3)(418.9, 499.7)(294.5, 499.7);GATE
Port:(309.7, 494.4)(403.7, 494.4)(403.7, 499.7)(309.7, 499.7);SD
Port:(294.5, 268.8)(401.4, 268.8)(401.4, 269.3)(418.9, 269.3)(418.9, 491.9)(294.5, 491.9);GATE
Port:(299.8, 273.1)(396.1, 273.1)(396.1, 281.0)(299.8, 281.0);SD
Module:M6
Boundary:(107.6, 446.0)(107.6, 551.9)(89.4, 551.9)(89.4, 568.9)(20.0, 568.9)(20.0, 446.0);GATE
Port:(20.0, 459.2)(25.6, 459.2)(25.6, 555.7)(20.0, 555.7);SD
Port:(107.6, 446.0)(107.6, 551.9)(89.4, 551.9)(89.4, 568.9)(27.8, 568.9)(27.8, 446.0);GATE
Port:(97.9, 451.1)(103.5, 451.1)(103.5, 545.8)(97.9, 545.8);SD
Module:M2
Boundary:(407.5, 650.7)(407.5, 720.0)(314.6, 720.0)(314.6, 735.1)(248.1, 735.1)(248.1, 650.7);GATE
Port:(248.1, 665.7)(253.8, 665.7)(253.8, 720.1)(248.1, 720.1);SD
Port:(407.5, 650.7)(407.5, 720.0)(314.6, 720.0)(314.6, 735.1)(256.5, 735.1)(256.5, 650.7);GATE
Port:(395.4, 657.0)(402.2, 657.0)(402.2, 712.7)(395.4, 712.7);SD
Module:M16
Boundary:(109.8, 650.7)(189.9, 650.7)(189.9, 684.3)(208.1, 684.3)(208.1, 743.3)(109.8, 743.3);GATE
Port:(126.2, 738.6)(191.7, 738.6)(191.7, 743.3)(126.2, 743.3);SD
Port:(109.8, 650.7)(189.9, 650.7)(189.9, 684.3)(208.1, 684.3)(208.1, 736.4)(109.8, 736.4);GATE
Port:(116.3, 656.2)(182.4, 656.2)(182.4, 663.9)(116.3, 663.9);SD
Module:M13
Boundary:(269.3, 539.7)(269.3, 610.7)(147.6, 610.7)(147.6, 539.7);GATE
Port:(147.6, 555.1)(152.0, 555.1)(152.0, 595.3)(147.6, 595.3);SD
Port:(269.3, 539.7)(269.3, 610.7)(154.4, 610.7)(154.4, 539.7);GATE
Port:(256.7, 546.6)(263.4, 546.6)(263.4, 603.8)(256.7, 603.8);SD
Module:M10
Boundary:(219.1, 129.8)(219.1, 229.1)(194.9, 229.1)(194.9, 244.0)(144.7, 244.0)(144.7, 129.8);GATE
Port:(144.7, 143.5)(150.1, 143.5)(150.1, 230.3)(144.7, 230.3);SD
Port:(219.1, 129.8)(219.1, 229.1)(194.9, 229.1)(194.9, 244.0)(152.9, 244.0)(152.9, 129.8);GATE
Port:(207.3, 136.0)(213.9, 136.0)(213.9, 221.9)(207.3, 221.9);SD
Module:M7
Boundary:(20.0, 608.9)(69.8, 608.9)(69.8, 745.8)(20.0, 745.8);GATE
Port:(32.7, 741.1)(57.1, 741.1)(57.1, 745.8)(32.7, 745.8);SD
Port:(20.0, 608.9)(69.8, 608.9)(69.8, 738.9)(20.0, 738.9);GATE
Port:(25.7, 613.6)(64.1, 613.6)(64.1, 618.2)(25.7, 618.2);SD
Module:M3
Boundary:(475.2, 171.9)(571.7, 171.9)(571.7, 243.9)(475.2, 243.9);GATE
Port:(485.2, 239.9)(561.7, 239.9)(561.7, 243.9)(485.2, 243.9);SD
Port:(475.2, 171.9)(571.7, 171.9)(571.7, 238.0)(475.2, 238.0);GATE
Port:(480.5, 176.2)(566.4, 176.2)(566.4, 180.3)(480.5, 180.3);SD
Module:M18
Boundary:(566.9, 678.1)(566.9, 730.6)(548.0, 730.6)(548.0, 745.7)(447.5, 745.7)(447.5, 678.1);GATE
Port:(447.5, 691.9)(452.8, 691.9)(452.8, 731.9)(447.5, 731.9);SD
Port:(566.9, 678.1)(566.9, 730.6)(548.0, 730.6)(548.0, 745.7)(455.7, 745.7)(455.7, 678.1);GATE
Port:(555.4, 685.0)(561.0, 685.0)(561.0, 722.7)(555.4, 722.7);SD
Module:M20
Boundary:(458.8, 20.0)(458.8, 66.2)(443.4, 66.2)(443.4, 79.1)(279.4, 79.1)(279.4, 20.0);GATE
Port:(279.4, 32.5)(285.1, 32.5)(285.1, 66.6)(279.4, 66.6);SD
Port:(458.8, 20.0)(458.8, 66.2)(443.4, 66.2)(443.4, 79.1)(288.1, 79.1)(288.1, 20.0);GATE
Port:(448.0, 25.2)(454.6, 25.2)(454.6, 60.0)(448.0, 60.0);SD
Module:M15
Boundary:(20.0, 250.0)(86.1, 250.0)(86.1, 250.1)(101.9, 250.1)(101.9, 406.0)(20.0, 406.0);GATE
Port:(34.0, 400.6)(87.9, 400.6)(87.9, 406.0)(34.0, 406.0);SD
Port:(20.0, 250.0)(86.1, 250.0)(86.1, 250.1)(101.9, 250.1)(101.9, 398.8)(20.0, 398.8);GATE
Port:(26.3, 255.3)(79.8, 255.3)(79.8, 261.5)(26.3, 261.5);SD
Module:M12
Boundary:(254.5, 435.8)(254.5, 480.5)(238.1, 480.5)(238.1, 492.8)(147.6, 492.8)(147.6, 435.8);GATE
Port:(147.6, 447.8)(153.4, 447.8)(153.4, 480.8)(147.6, 480.8);SD
Port:(254.5, 435.8)(254.5, 480.5)(238.1, 480.5)(238.1, 492.8)(154.8, 492.8)(154.8, 435.8);GATE
Port:(244.3, 440.8)(250.5, 440.8)(250.5, 474.5)(244.3, 474.5);SD
Module:M8
Boundary:(435.2, 119.1)(435.2, 211.8)(369.0, 211.8)(369.0, 228.8)(279.4, 228.8)(279.4, 119.1);GATE
Port:(279.4, 134.2)(283.9, 134.2)(283.9, 213.7)(279.4, 213.7);SD
Port:(435.2, 119.1)(435.2, 211.8)(369.0, 211.8)(369.0, 228.8)(285.0, 228.8)(285.0, 119.1);GATE
Port:(423.2, 124.9)(430.4, 124.9)(430.4, 205.0)(423.2, 205.0);SD
Module:M4
Boundary:(498.8, 20.0)(554.6, 20.0)(554.6, 28.4)(571.5, 28.4)(571.5, 131.9)(498.8, 131.9);GATE
Port:(513.6, 126.1)(556.7, 126.1)(556.7, 131.9)(513.6, 131.9);SD
Port:(498.8, 20.0)(554.6, 20.0)(554.6, 28.4)(571.5, 28.4)(571.5, 123.1)(498.8, 123.1);GATE
Port:(504.3, 24.5)(548.1, 24.5)(548.1, 31.7)(504.3, 31.7);SD
Module:M17
Boundary:(461.0, 283.9)(548.0, 283.9)(548.0, 284.3)(565.8, 284.3)(565.8, 487.5)(461.0, 487.5);GATE
Port:(474.5, 482.7)(552.3, 482.7)(552.3, 487.5)(474.5, 487.5);SD
Port:(461.0, 283.9)(548.0, 283.9)(548.0, 284.3)(565.8, 284.3)(565.8, 481.6)(461.0, 481.6);GATE
Port:(466.2, 288.1)(542.8, 288.1)(542.8, 294.1)(466.2, 294.1);SD
