Area:(-20.0, -20.0)(366.6, -20.0)(366.6, 863.1)(-20.0, 863.1)
Rule:GATE(5,5);SD(5,5);GATE_SD(0.5);GATE_ITO(0.5);SD_ITO(0.5)
Module:M9
Boundary:(20.0, 257.9)(108.6, 257.9)(108.6, 258.1)(126.0, 258.1)(126.0, 439.1)(20.0, 439.1);GATE
Port:(34.6, 433.8)(111.4, 433.8)(111.4, 439.1)(34.6, 439.1);SD
Port:(20.0, 257.9)(108.6, 257.9)(108.6, 258.1)(126.0, 258.1)(126.0, 432.4)(20.0, 432.4);GATE
Port:(27.0, 263.9)(101.6, 263.9)(101.6, 269.2)(27.0, 269.2);SD
Module:M5
Boundary:(251.6, 584.6)(300.0, 584.6)(300.0, 584.9)(315.4, 584.9)(315.4, 680.5)(251.6, 680.5);GATE
Port:(264.8, 676.1)(302.2, 676.1)(302.2, 680.5)(264.8, 680.5);SD
Port:(251.6, 584.6)(300.0, 584.6)(300.0, 584.9)(315.4, 584.9)(315.4, 674.3)(251.6, 674.3);GATE
Port:(257.6, 589.6)(294.0, 589.6)(294.0, 594.9)(257.6, 594.9);SD
Module:M1
Boundary:(174.0, 479.1)(174.0, 547.9)(173.9, 547.9)(173.9, 563.7)(20.0, 563.7)(20.0, 479.1);GATE
Port:(20.0, 493.7)(25.5, 493.7)(25.5, 549.1)(20.0, 549.1);SD
Port:(174.0, 479.1)(174.0, 547.9)(173.9, 547.9)(173.9, 563.7)(27.9, 563.7)(27.9, 479.1);GATE
Port:(160.9, 485.8)(168.3, 485.8)(168.3, 541.2)(160.9, 541.2);SD
Module:M6
Boundary:(20.0, 20.0)(69.5, 20.0)(69.5, 72.7)(85.0, 72.7)(85.0, 217.9)(20.0, 217.9);GATE
Port:(32.2, 213.9)(72.8, 213.9)(72.8, 217.9)(32.2, 217.9);SD
Port:(20.0, 20.0)(69.5, 20.0)(69.5, 72.7)(85.0, 72.7)(85.0, 211.1)(20.0, 211.1);GATE
Port:(25.1, 24.1)(63.4, 24.1)(63.4, 29.8)(25.1, 29.8);SD
Module:M2
Boundary:(319.8, 730.5)(319.8, 799.8)(274.2, 799.8)(274.2, 815.9)(232.2, 815.9)(232.2, 730.5);GATE
Port:(232.2, 743.9)(236.9, 743.9)(236.9, 802.5)(232.2, 802.5);SD
Port:(319.8, 730.5)(319.8, 799.8)(274.2, 799.8)(274.2, 815.9)(238.1, 815.9)(238.1, 730.5);GATE
Port:(309.1, 736.1)(315.2, 736.1)(315.2, 793.2)(309.1, 793.2);SD
Module:M10
Boundary:(315.2, 171.4)(315.2, 272.9)(258.1, 272.9)(258.1, 289.0)(176.0, 289.0)(176.0, 171.4);GATE
Port:(176.0, 184.1)(181.2, 184.1)(181.2, 276.3)(176.0, 276.3);SD
Port:(315.2, 171.4)(315.2, 272.9)(258.1, 272.9)(258.1, 289.0)(183.0, 289.0)(183.0, 171.4);GATE
Port:(305.6, 176.7)(310.9, 176.7)(310.9, 266.6)(305.6, 266.6);SD
Module:M7
Boundary:(201.6, 603.7)(201.6, 653.6)(201.5, 653.6)(201.5, 669.3)(20.0, 669.3)(20.0, 603.7);GATE
Port:(20.0, 617.0)(24.3, 617.0)(24.3, 656.0)(20.0, 656.0);SD
Port:(201.6, 603.7)(201.6, 653.6)(201.5, 653.6)(201.5, 669.3)(25.7, 669.3)(25.7, 603.7);GATE
Port:(190.6, 609.9)(196.4, 609.9)(196.4, 647.4)(190.6, 647.4);SD
Module:M3
Boundary:(326.6, 20.0)(326.6, 121.4)(125.0, 121.4)(125.0, 20.0);GATE
Port:(125.0, 33.4)(129.9, 33.4)(129.9, 108.0)(125.0, 108.0);SD
Port:(326.6, 20.0)(326.6, 121.4)(131.5, 121.4)(131.5, 20.0);GATE
Port:(316.4, 25.3)(322.3, 25.3)(322.3, 116.1)(316.4, 116.1);SD
Module:M8
Boundary:(192.2, 709.3)(192.2, 808.0)(133.2, 808.0)(133.2, 823.1)(20.0, 823.1)(20.0, 709.3);GATE
Port:(20.0, 722.1)(24.4, 722.1)(24.4, 810.3)(20.0, 810.3);SD
Port:(192.2, 709.3)(192.2, 808.0)(133.2, 808.0)(133.2, 823.1)(26.4, 823.1)(26.4, 709.3);GATE
Port:(181.8, 715.0)(187.5, 715.0)(187.5, 801.3)(181.8, 801.3);SD
Module:M4
Boundary:(214.0, 339.0)(310.4, 339.0)(310.4, 440.9)(325.2, 440.9)(325.2, 534.6)(214.0, 534.6);GATE
Port:(226.7, 530.1)(312.5, 530.1)(312.5, 534.6)(226.7, 534.6);SD
Port:(214.0, 339.0)(310.4, 339.0)(310.4, 440.9)(325.2, 440.9)(325.2, 527.8)(214.0, 527.8);GATE
Port:(220.4, 344.4)(303.0, 344.4)(303.0, 348.9)(220.4, 348.9);SD
