Area:(-11.7, -12.9)(244.8, -12.9)(244.8, 423.6)(-11.7, 423.6)
Rule:GATE(5,5);SD(5,5);GATE_SD(0.5);GATE_ITO(0.5);SD_ITO(0.5)
Module:M5
Boundary:(28.3, 31.6)(76.5, 31.6)(76.5, 31.7)(91.0, 31.7)(91.0, 157.3)(28.3, 157.3);GATE
Port:(41.8, 152.0)(77.5, 152.0)(77.5, 157.3)(41.8, 157.3);SD
Port:(28.3, 31.6)(76.5, 31.6)(76.5, 31.7)(91.0, 31.7)(91.0, 150.6)(28.3, 150.6);GATE
Port:(34.7, 37.0)(70.1, 37.0)(70.1, 43.4)(34.7, 43.4);SD
Module:M2
Boundary:(171.8, 27.1)(118.8, 27.1)(118.8, 76.8)(103.1, 76.8)(103.1, 176.9)(171.8, 176.9);GATE
Port:(117.2, 171.1)(157.7, 171.1)(157.7, 176.9)(117.2, 176.9);SD
Port:(171.8, 27.1)(118.8, 27.1)(118.8, 76.8)(103.1, 76.8)(103.1, 169.6)(171.8, 169.6);GATE
Port:(125.9, 32.2)(165.7, 32.2)(165.7, 38.9)(125.9, 38.9);SD
Module:M3
Boundary:(29.4, 185.7)(62.2, 185.7)(62.2, 185.8)(78.1, 185.8)(78.1, 320.4)(29.4, 320.4);GATE
Port:(41.8, 314.5)(65.7, 314.5)(65.7, 320.4)(41.8, 320.4);SD
Port:(29.4, 185.7)(62.2, 185.7)(62.2, 185.8)(78.1, 185.8)(78.1, 312.3)(29.4, 312.3);GATE
Port:(34.8, 190.1)(56.8, 190.1)(56.8, 196.0)(34.8, 196.0);SD
Module:M4
Boundary:(100.5, 329.4)(189.0, 329.4)(189.0, 292.9)(204.8, 292.9)(204.8, 212.7)(100.5, 212.7);GATE
Port:(115.8, 212.7)(189.5, 212.7)(189.5, 218.2)(115.8, 218.2);SD
Port:(100.5, 329.4)(189.0, 329.4)(189.0, 292.9)(204.8, 292.9)(204.8, 219.3)(100.5, 219.3);GATE
Port:(106.6, 317.0)(181.9, 317.0)(181.9, 324.3)(106.6, 324.3);SD
Module:M1
Boundary:(204.2, 383.6)(204.2, 346.6)(204.2, 346.6)(204.2, 330.3)(52.6, 330.3)(52.6, 383.6);GATE
Port:(52.6, 345.5)(58.2, 345.5)(58.2, 368.4)(52.6, 368.4);SD
Port:(204.2, 383.6)(204.2, 346.6)(204.2, 346.6)(204.2, 330.3)(60.4, 330.3)(60.4, 383.6);GATE
Port:(191.8, 353.0)(198.8, 353.0)(198.8, 377.2)(191.8, 377.2);SD
