Area:(-20.0, 26.3)(591.2, 26.3)(591.2, 1389.2)(-20.0, 1389.2)
Rule:GATE(5,5);SD(5,5);GATE_SD(0.5);GATE_ITO(0.5);SD_ITO(0.5)
Module:M4
Boundary:(49.5, 172.2)(49.5, 99.2)(238.5, 99.2)(238.5, 172.2);GATE
Port:(228.5, 113.7)(238.5, 113.7)(238.5, 157.7)(228.5, 157.7);SD
Port:(49.5, 172.2)(49.5, 99.2)(223.5, 99.2)(223.5, 172.2);GATE
Port:(54.5, 109.2)(58.5, 109.2)(58.5, 162.2)(54.5, 162.2);SD
Module:M5
Boundary:(368.6, 159.3)(257.1, 159.3)(257.1, 147.3)(241.6, 147.3)(241.6, 66.3)(368.6, 66.3);GATE
Port:(256.1, 66.3)(354.1, 66.3)(354.1, 76.3)(256.1, 76.3);SD
Port:(368.6, 159.3)(257.1, 159.3)(257.1, 147.3)(241.6, 147.3)(241.6, 81.3)(368.6, 81.3);GATE
Port:(271.6, 150.3)(358.6, 150.3)(358.6, 154.3)(271.6, 154.3);SD
Module:M6
Boundary:(370.2, 74.3)(370.2, 185.8)(382.2, 185.8)(382.2, 201.3)(506.2, 201.3)(506.2, 74.3);GATE
Port:(496.2, 88.8)(506.2, 88.8)(506.2, 186.8)(496.2, 186.8);SD
Port:(370.2, 74.3)(370.2, 185.8)(382.2, 185.8)(382.2, 201.3)(491.2, 201.3)(491.2, 74.3);GATE
Port:(375.2, 84.3)(379.2, 84.3)(379.2, 171.3)(375.2, 171.3);SD
Module:M8
Boundary:(235.2, 354.1)(235.2, 224.6)(221.2, 224.6)(221.2, 209.1)(56.2, 209.1)(56.2, 354.1);GATE
Port:(56.2, 223.6)(66.2, 223.6)(66.2, 339.6)(56.2, 339.6);SD
Port:(235.2, 354.1)(235.2, 224.6)(221.2, 224.6)(221.2, 209.1)(71.2, 209.1)(71.2, 354.1);GATE
Port:(226.2, 239.1)(230.2, 239.1)(230.2, 344.1)(226.2, 344.1);SD
Module:M9
Boundary:(263.8, 229.7)(339.8, 229.7)(339.8, 237.8)(354.8, 237.8)(354.8, 358.7)(263.8, 358.7);GATE
Port:(278.3, 348.7)(340.3, 348.7)(340.3, 358.7)(278.3, 358.7);SD
Port:(263.8, 229.7)(339.8, 229.7)(339.8, 237.8)(354.8, 237.8)(354.8, 343.7)(263.8, 343.7);GATE
Port:(273.8, 234.7)(324.8, 234.7)(324.8, 238.7)(273.8, 238.7);SD
Module:M13
Boundary:(536.9, 216.4)(536.9, 309.9)(526.9, 309.9)(526.9, 325.4)(358.9, 325.4)(358.9, 216.4);GATE
Port:(358.9, 230.9)(368.9, 230.9)(368.9, 310.9)(358.9, 310.9);SD
Port:(536.9, 216.4)(536.9, 309.9)(526.9, 309.9)(526.9, 325.4)(373.9, 325.4)(373.9, 216.4);GATE
Port:(527.9, 226.4)(531.9, 226.4)(531.9, 295.4)(527.9, 295.4);SD
Module:M22
Boundary:(398.6, 393.5)(322.6, 393.5)(322.6, 401.5)(307.6, 401.5)(307.6, 474.5)(398.6, 474.5);GATE
Port:(322.1, 464.5)(384.1, 464.5)(384.1, 474.5)(322.1, 474.5);SD
Port:(398.6, 393.5)(322.6, 393.5)(322.6, 401.5)(307.6, 401.5)(307.6, 459.5)(398.6, 459.5);GATE
Port:(337.6, 398.5)(388.6, 398.5)(388.6, 402.5)(337.6, 402.5);SD
Module:M2
Boundary:(530.2, 376.1)(454.2, 376.1)(454.2, 384.1)(439.2, 384.1)(439.2, 468.1)(530.2, 468.1);GATE
Port:(453.8, 458.1)(515.8, 458.1)(515.8, 468.1)(453.8, 468.1);SD
Port:(530.2, 376.1)(454.2, 376.1)(454.2, 384.1)(439.2, 384.1)(439.2, 453.1)(530.2, 453.1);GATE
Port:(469.2, 381.1)(520.2, 381.1)(520.2, 385.1)(469.2, 385.1);SD
Module:M15
Boundary:(20.0, 473.5)(149.5, 473.5)(149.5, 402.5)(291.0, 402.5)(291.0, 364.5)(20.0, 364.5);GATE
Port:(34.5, 364.5)(276.5, 364.5)(276.5, 374.5)(34.5, 374.5);SD
Port:(20.0, 473.5)(149.5, 473.5)(149.5, 402.5)(291.0, 402.5)(291.0, 379.5)(20.0, 379.5);GATE
Port:(30.0, 464.5)(135.0, 464.5)(135.0, 468.5)(30.0, 468.5);SD
Module:M1
Boundary:(42.7, 510.7)(190.2, 510.7)(190.2, 526.7)(205.7, 526.7)(205.7, 623.7)(42.7, 623.7);GATE
Port:(57.2, 613.7)(191.2, 613.7)(191.2, 623.7)(57.2, 623.7);SD
Port:(42.7, 510.7)(190.2, 510.7)(190.2, 526.7)(205.7, 526.7)(205.7, 608.7)(42.7, 608.7);GATE
Port:(52.7, 515.7)(175.7, 515.7)(175.7, 519.7)(52.7, 519.7);SD
Module:M21
Boundary:(520.1, 629.2)(520.1, 553.7)(470.1, 553.7)(470.1, 502.2)(357.1, 502.2)(357.1, 629.2);GATE
Port:(357.1, 516.7)(367.1, 516.7)(367.1, 614.7)(357.1, 614.7);SD
Port:(520.1, 629.2)(520.1, 553.7)(470.1, 553.7)(470.1, 502.2)(372.1, 502.2)(372.1, 629.2);GATE
Port:(511.1, 568.2)(515.1, 568.2)(515.1, 619.2)(511.1, 619.2);SD
Module:M17
Boundary:(334.9, 693.9)(334.9, 546.4)(318.9, 546.4)(318.9, 530.9)(211.9, 530.9)(211.9, 693.9);GATE
Port:(211.9, 545.4)(221.9, 545.4)(221.9, 679.4)(211.9, 679.4);SD
Port:(334.9, 693.9)(334.9, 546.4)(318.9, 546.4)(318.9, 530.9)(226.9, 530.9)(226.9, 693.9);GATE
Port:(325.9, 560.9)(329.9, 560.9)(329.9, 683.9)(325.9, 683.9);SD
Module:M3
Boundary:(20.0, 629.9)(149.5, 629.9)(149.5, 671.6)(183.0, 671.6)(183.0, 728.9)(20.0, 728.9);GATE
Port:(34.5, 718.9)(168.5, 718.9)(168.5, 728.9)(34.5, 728.9);SD
Port:(20.0, 629.9)(149.5, 629.9)(149.5, 671.6)(183.0, 671.6)(183.0, 713.9)(20.0, 713.9);GATE
Port:(30.0, 634.9)(135.0, 634.9)(135.0, 638.9)(30.0, 638.9);SD
Module:M7
Boundary:(190.8, 811.0)(284.3, 811.0)(284.3, 801.0)(299.8, 801.0)(299.8, 704.0)(190.8, 704.0);GATE
Port:(205.3, 704.0)(285.3, 704.0)(285.3, 714.0)(205.3, 714.0);SD
Port:(190.8, 811.0)(284.3, 811.0)(284.3, 801.0)(299.8, 801.0)(299.8, 719.0)(190.8, 719.0);GATE
Port:(200.8, 802.0)(269.8, 802.0)(269.8, 806.0)(200.8, 806.0);SD
Module:M11
Boundary:(548.8, 852.0)(548.8, 758.5)(486.7, 758.5)(486.7, 635.0)(379.8, 635.0)(379.8, 852.0);GATE
Port:(379.8, 649.5)(389.8, 649.5)(389.8, 837.5)(379.8, 837.5);SD
Port:(548.8, 852.0)(548.8, 758.5)(486.7, 758.5)(486.7, 635.0)(394.8, 635.0)(394.8, 852.0);GATE
Port:(539.8, 773.0)(543.8, 773.0)(543.8, 842.0)(539.8, 842.0);SD
Module:M23
Boundary:(183.0, 746.5)(35.5, 746.5)(35.5, 762.5)(20.0, 762.5)(20.0, 881.5)(183.0, 881.5);GATE
Port:(34.5, 871.5)(168.5, 871.5)(168.5, 881.5)(34.5, 881.5);SD
Port:(183.0, 746.5)(35.5, 746.5)(35.5, 762.5)(20.0, 762.5)(20.0, 866.5)(183.0, 866.5);GATE
Port:(50.0, 751.5)(173.0, 751.5)(173.0, 755.5)(50.0, 755.5);SD
Module:M14
Boundary:(268.7, 811.7)(362.2, 811.7)(362.2, 821.7)(377.7, 821.7)(377.7, 952.7)(268.7, 952.7);GATE
Port:(283.2, 942.7)(363.2, 942.7)(363.2, 952.7)(283.2, 952.7);SD
Port:(268.7, 811.7)(362.2, 811.7)(362.2, 821.7)(377.7, 821.7)(377.7, 937.7)(268.7, 937.7);GATE
Port:(278.7, 816.7)(347.7, 816.7)(347.7, 820.7)(278.7, 820.7);SD
Module:M20
Boundary:(234.5, 905.0)(234.5, 1016.5)(222.5, 1016.5)(222.5, 1032.0)(57.5, 1032.0)(57.5, 905.0);GATE
Port:(57.5, 919.5)(67.5, 919.5)(67.5, 1017.5)(57.5, 1017.5);SD
Port:(234.5, 905.0)(234.5, 1016.5)(222.5, 1016.5)(222.5, 1032.0)(72.5, 1032.0)(72.5, 905.0);GATE
Port:(225.5, 915.0)(229.5, 915.0)(229.5, 1002.0)(225.5, 1002.0);SD
Module:M18
Boundary:(360.0, 967.0)(360.0, 1043.0)(352.0, 1043.0)(352.0, 1058.0)(251.0, 1058.0)(251.0, 967.0);GATE
Port:(251.0, 981.5)(261.0, 981.5)(261.0, 1043.5)(251.0, 1043.5);SD
Port:(360.0, 967.0)(360.0, 1043.0)(352.0, 1043.0)(352.0, 1058.0)(266.0, 1058.0)(266.0, 967.0);GATE
Port:(351.0, 977.0)(355.0, 977.0)(355.0, 1028.0)(351.0, 1028.0);SD
Module:M19
Boundary:(546.3, 852.7)(546.3, 928.2)(453.5, 928.2)(453.5, 1141.7)(379.3, 1141.7)(379.3, 852.7);GATE
Port:(379.3, 867.2)(389.3, 867.2)(389.3, 1127.2)(379.3, 1127.2);SD
Port:(546.3, 852.7)(546.3, 928.2)(453.5, 928.2)(453.5, 1141.7)(394.3, 1141.7)(394.3, 852.7);GATE
Port:(537.3, 862.7)(541.3, 862.7)(541.3, 913.7)(537.3, 913.7);SD
Module:M16
Boundary:(349.6, 1115.3)(349.6, 1191.3)(341.6, 1191.3)(341.6, 1206.3)(151.6, 1206.3)(151.6, 1115.3);GATE
Port:(151.6, 1129.8)(161.6, 1129.8)(161.6, 1191.8)(151.6, 1191.8);SD
Port:(349.6, 1115.3)(349.6, 1191.3)(341.6, 1191.3)(341.6, 1206.3)(166.6, 1206.3)(166.6, 1115.3);GATE
Port:(340.6, 1125.3)(344.6, 1125.3)(344.6, 1176.3)(340.6, 1176.3);SD
Module:M24
Boundary:(65.5, 1039.5)(65.5, 1169.0)(79.5, 1169.0)(79.5, 1184.5)(148.5, 1184.5)(148.5, 1039.5);GATE
Port:(138.5, 1054.0)(148.5, 1054.0)(148.5, 1170.0)(138.5, 1170.0);SD
Port:(65.5, 1039.5)(65.5, 1169.0)(79.5, 1169.0)(79.5, 1184.5)(133.5, 1184.5)(133.5, 1039.5);GATE
Port:(70.5, 1049.5)(74.5, 1049.5)(74.5, 1154.5)(70.5, 1154.5);SD
Module:M25
Boundary:(424.2, 1326.6)(535.7, 1326.6)(535.7, 1314.6)(551.2, 1314.6)(551.2, 1169.6)(424.2, 1169.6);GATE
Port:(438.7, 1169.6)(536.7, 1169.6)(536.7, 1179.6)(438.7, 1179.6);SD
Port:(424.2, 1326.6)(535.7, 1326.6)(535.7, 1314.6)(551.2, 1314.6)(551.2, 1184.6)(424.2, 1184.6);GATE
Port:(434.2, 1317.6)(521.2, 1317.6)(521.2, 1321.6)(434.2, 1321.6);SD
Module:M10
Boundary:(234.2, 1258.2)(234.2, 1334.2)(226.2, 1334.2)(226.2, 1349.2)(54.2, 1349.2)(54.2, 1258.2);GATE
Port:(54.2, 1272.7)(64.2, 1272.7)(64.2, 1334.7)(54.2, 1334.7);SD
Port:(234.2, 1258.2)(234.2, 1334.2)(226.2, 1334.2)(226.2, 1349.2)(69.2, 1349.2)(69.2, 1258.2);GATE
Port:(225.2, 1268.2)(229.2, 1268.2)(229.2, 1319.2)(225.2, 1319.2);SD
Module:M12
Boundary:(257.9, 1206.4)(387.4, 1206.4)(387.4, 1220.4)(402.9, 1220.4)(402.9, 1323.4)(257.9, 1323.4);GATE
Port:(272.4, 1313.4)(388.4, 1313.4)(388.4, 1323.4)(272.4, 1323.4);SD
Port:(257.9, 1206.4)(387.4, 1206.4)(387.4, 1220.4)(402.9, 1220.4)(402.9, 1308.4)(257.9, 1308.4);GATE
Port:(267.9, 1211.4)(372.9, 1211.4)(372.9, 1215.4)(267.9, 1215.4);SD
