Area:(-20.0, -20.0)(447.0, -20.0)(447.0, 1085.0)(-20.0, 1085.0)
Rule:GATE(5,5);SD(5,5);GATE_SD(0.5);GATE_ITO(0.5);SD_ITO(0.5)
Module:M14
Boundary:(247.0, 840.0)(358.5, 840.0)(358.5, 852.0)(374.0, 852.0)(374.0, 1035.0)(247.0, 1035.0);GATE
Port:(261.5, 1025.0)(359.5, 1025.0)(359.5, 1035.0)(261.5, 1035.0);SD
Port:(247.0, 840.0)(358.5, 840.0)(358.5, 852.0)(374.0, 852.0)(374.0, 1020.0)(247.0, 1020.0);GATE
Port:(257.0, 845.0)(344.0, 845.0)(344.0, 849.0)(257.0, 849.0);SD
Module:M9
Boundary:(127.0, 203.0)(220.5, 203.0)(220.5, 246.0)(272.0, 246.0)(272.0, 343.0)(127.0, 343.0);GATE
Port:(141.5, 333.0)(257.5, 333.0)(257.5, 343.0)(141.5, 343.0);SD
Port:(127.0, 203.0)(220.5, 203.0)(220.5, 246.0)(272.0, 246.0)(272.0, 328.0)(127.0, 328.0);GATE
Port:(137.0, 208.0)(206.0, 208.0)(206.0, 212.0)(137.0, 212.0);SD
Module:M5
Boundary:(187.0, 550.0)(187.0, 697.5)(171.0, 697.5)(171.0, 713.0)(20.0, 713.0)(20.0, 550.0);GATE
Port:(20.0, 564.5)(30.0, 564.5)(30.0, 698.5)(20.0, 698.5);SD
Port:(187.0, 550.0)(187.0, 697.5)(171.0, 697.5)(171.0, 713.0)(35.0, 713.0)(35.0, 550.0);GATE
Port:(178.0, 560.0)(182.0, 560.0)(182.0, 683.0)(178.0, 683.0);SD
Module:M11
Boundary:(197.0, 753.0)(197.0, 829.0)(189.0, 829.0)(189.0, 844.0)(133.0, 844.0)(133.0, 753.0);GATE
Port:(133.0, 767.5)(143.0, 767.5)(143.0, 829.5)(133.0, 829.5);SD
Port:(197.0, 753.0)(197.0, 829.0)(189.0, 829.0)(189.0, 844.0)(148.0, 844.0)(148.0, 753.0);GATE
Port:(188.0, 763.0)(192.0, 763.0)(192.0, 814.0)(188.0, 814.0);SD
Module:M1
Boundary:(237.0, 563.0)(366.5, 563.0)(366.5, 577.0)(382.0, 577.0)(382.0, 649.0)(237.0, 649.0);GATE
Port:(251.5, 639.0)(367.5, 639.0)(367.5, 649.0)(251.5, 649.0);SD
Port:(237.0, 563.0)(366.5, 563.0)(366.5, 577.0)(382.0, 577.0)(382.0, 634.0)(237.0, 634.0);GATE
Port:(247.0, 568.0)(352.0, 568.0)(352.0, 572.0)(247.0, 572.0);SD
Module:M6
Boundary:(403.0, 198.0)(403.0, 327.5)(382.0, 327.5)(382.0, 343.0)(312.0, 343.0)(312.0, 198.0);GATE
Port:(312.0, 212.5)(322.0, 212.5)(322.0, 328.5)(312.0, 328.5);SD
Port:(403.0, 198.0)(403.0, 327.5)(382.0, 327.5)(382.0, 343.0)(327.0, 343.0)(327.0, 198.0);GATE
Port:(394.0, 208.0)(398.0, 208.0)(398.0, 313.0)(394.0, 313.0);SD
Module:M2
Boundary:(375.0, 699.0)(375.0, 775.0)(367.0, 775.0)(367.0, 790.0)(237.0, 790.0)(237.0, 699.0);GATE
Port:(237.0, 713.5)(247.0, 713.5)(247.0, 775.5)(237.0, 775.5);SD
Port:(375.0, 699.0)(375.0, 775.0)(367.0, 775.0)(367.0, 790.0)(252.0, 790.0)(252.0, 699.0);GATE
Port:(366.0, 709.0)(370.0, 709.0)(370.0, 760.0)(366.0, 760.0);SD
Module:M16
Boundary:(288.0, 383.0)(288.0, 494.5)(276.0, 494.5)(276.0, 510.0)(148.0, 510.0)(148.0, 383.0);GATE
Port:(148.0, 397.5)(158.0, 397.5)(158.0, 495.5)(148.0, 495.5);SD
Port:(288.0, 383.0)(288.0, 494.5)(276.0, 494.5)(276.0, 510.0)(163.0, 510.0)(163.0, 383.0);GATE
Port:(279.0, 393.0)(283.0, 393.0)(283.0, 480.0)(279.0, 480.0);SD
Module:M13
Boundary:(149.0, 20.0)(242.5, 20.0)(242.5, 30.0)(258.0, 30.0)(258.0, 163.0)(149.0, 163.0);GATE
Port:(163.5, 153.0)(243.5, 153.0)(243.5, 163.0)(163.5, 163.0);SD
Port:(149.0, 20.0)(242.5, 20.0)(242.5, 30.0)(258.0, 30.0)(258.0, 148.0)(149.0, 148.0);GATE
Port:(159.0, 25.0)(228.0, 25.0)(228.0, 29.0)(159.0, 29.0);SD
Module:M10
Boundary:(20.0, 753.0)(93.0, 753.0)(93.0, 838.0)(20.0, 838.0);GATE
Port:(34.5, 828.0)(78.5, 828.0)(78.5, 838.0)(34.5, 838.0);SD
Port:(20.0, 753.0)(93.0, 753.0)(93.0, 823.0)(20.0, 823.0);GATE
Port:(30.0, 758.0)(83.0, 758.0)(83.0, 762.0)(30.0, 762.0);SD
Module:M7
Boundary:(109.0, 20.0)(109.0, 113.5)(99.0, 113.5)(99.0, 129.0)(20.0, 129.0)(20.0, 20.0);GATE
Port:(20.0, 34.5)(30.0, 34.5)(30.0, 114.5)(20.0, 114.5);SD
Port:(109.0, 20.0)(109.0, 113.5)(99.0, 113.5)(99.0, 129.0)(35.0, 129.0)(35.0, 20.0);GATE
Port:(100.0, 30.0)(104.0, 30.0)(104.0, 99.0)(100.0, 99.0);SD
Module:M3
Boundary:(298.0, 20.0)(391.5, 20.0)(391.5, 30.0)(407.0, 30.0)(407.0, 158.0)(298.0, 158.0);GATE
Port:(312.5, 148.0)(392.5, 148.0)(392.5, 158.0)(312.5, 158.0);SD
Port:(298.0, 20.0)(391.5, 20.0)(391.5, 30.0)(407.0, 30.0)(407.0, 143.0)(298.0, 143.0);GATE
Port:(308.0, 25.0)(377.0, 25.0)(377.0, 29.0)(308.0, 29.0);SD
Module:M15
Boundary:(108.0, 383.0)(108.0, 494.5)(96.0, 494.5)(96.0, 510.0)(20.0, 510.0)(20.0, 383.0);GATE
Port:(20.0, 397.5)(30.0, 397.5)(30.0, 495.5)(20.0, 495.5);SD
Port:(108.0, 383.0)(108.0, 494.5)(96.0, 494.5)(96.0, 510.0)(35.0, 510.0)(35.0, 383.0);GATE
Port:(99.0, 393.0)(103.0, 393.0)(103.0, 480.0)(99.0, 480.0);SD
Module:M12
Boundary:(328.0, 383.0)(401.0, 383.0)(401.0, 513.0)(328.0, 513.0);GATE
Port:(342.5, 503.0)(386.5, 503.0)(386.5, 513.0)(342.5, 513.0);SD
Port:(328.0, 383.0)(401.0, 383.0)(401.0, 498.0)(328.0, 498.0);GATE
Port:(338.0, 388.0)(391.0, 388.0)(391.0, 392.0)(338.0, 392.0);SD
Module:M8
Boundary:(20.0, 884.0)(77.5, 884.0)(77.5, 929.8)(183.0, 929.8)(183.0, 1045.0)(20.0, 1045.0);GATE
Port:(34.5, 1035.0)(168.5, 1035.0)(168.5, 1045.0)(34.5, 1045.0);SD
Port:(20.0, 884.0)(77.5, 884.0)(77.5, 929.8)(183.0, 929.8)(183.0, 1030.0)(20.0, 1030.0);GATE
Port:(30.0, 889.0)(63.0, 889.0)(63.0, 893.0)(30.0, 893.0);SD
Module:M4
Boundary:(87.0, 169.0)(87.0, 316.5)(71.0, 316.5)(71.0, 332.0)(20.0, 332.0)(20.0, 169.0);GATE
Port:(20.0, 183.5)(30.0, 183.5)(30.0, 317.5)(20.0, 317.5);SD
Port:(87.0, 169.0)(87.0, 316.5)(71.0, 316.5)(71.0, 332.0)(35.0, 332.0)(35.0, 169.0);GATE
Port:(78.0, 179.0)(82.0, 179.0)(82.0, 302.0)(78.0, 302.0);SD
