Area:(-15.6, 0.7)(535.5, 0.7)(535.5, 1060.9)(-15.6, 1060.9)
Rule:GATE(5,5);SD(5,5);GATE_SD(0.5);GATE_ITO(0.5);SD_ITO(0.5)
Module:M10
Boundary:(227.9, 118.7)(357.4, 118.7)(357.4, 104.7)(372.9, 104.7)(372.9, 40.7)(227.9, 40.7);GATE
Port:(242.4, 40.7)(358.4, 40.7)(358.4, 50.7)(242.4, 50.7);SD
Port:(227.9, 118.7)(357.4, 118.7)(357.4, 104.7)(372.9, 104.7)(372.9, 55.7)(227.9, 55.7);GATE
Port:(237.9, 109.7)(342.9, 109.7)(342.9, 113.7)(237.9, 113.7);SD
Module:M7
Boundary:(494.1, 58.2)(400.6, 58.2)(400.6, 68.2)(385.1, 68.2)(385.1, 141.2)(494.1, 141.2);GATE
Port:(399.6, 131.2)(479.6, 131.2)(479.6, 141.2)(399.6, 141.2);SD
Port:(494.1, 58.2)(400.6, 58.2)(400.6, 68.2)(385.1, 68.2)(385.1, 126.2)(494.1, 126.2);GATE
Port:(415.1, 63.2)(484.1, 63.2)(484.1, 67.2)(415.1, 67.2);SD
Module:M18
Boundary:(54.1, 43.2)(165.6, 43.2)(165.6, 87.2)(199.1, 87.2)(199.1, 146.2)(54.1, 146.2);GATE
Port:(68.6, 136.2)(184.6, 136.2)(184.6, 146.2)(68.6, 146.2);SD
Port:(54.1, 43.2)(165.6, 43.2)(165.6, 87.2)(199.1, 87.2)(199.1, 131.2)(54.1, 131.2);GATE
Port:(64.1, 48.2)(151.1, 48.2)(151.1, 52.2)(64.1, 52.2);SD
Module:M5
Boundary:(296.0, 162.6)(220.0, 162.6)(220.0, 170.6)(205.0, 170.6)(205.0, 225.6)(296.0, 225.6);GATE
Port:(219.5, 215.6)(281.5, 215.6)(281.5, 225.6)(219.5, 225.6);SD
Port:(296.0, 162.6)(220.0, 162.6)(220.0, 170.6)(205.0, 170.6)(205.0, 210.6)(296.0, 210.6);GATE
Port:(235.0, 167.6)(286.0, 167.6)(286.0, 171.6)(235.0, 171.6);SD
Module:M20
Boundary:(309.8, 281.7)(309.8, 188.2)(319.8, 188.2)(319.8, 172.7)(459.8, 172.7)(459.8, 281.7);GATE
Port:(449.8, 187.2)(459.8, 187.2)(459.8, 267.2)(449.8, 267.2);SD
Port:(309.8, 281.7)(309.8, 188.2)(319.8, 188.2)(319.8, 172.7)(444.8, 172.7)(444.8, 281.7);GATE
Port:(314.8, 202.7)(318.8, 202.7)(318.8, 271.7)(314.8, 271.7);SD
Module:M13
Boundary:(38.1, 203.5)(167.6, 203.5)(167.6, 217.5)(183.1, 217.5)(183.1, 335.5)(38.1, 335.5);GATE
Port:(52.6, 325.5)(168.6, 325.5)(168.6, 335.5)(52.6, 335.5);SD
Port:(38.1, 203.5)(167.6, 203.5)(167.6, 217.5)(183.1, 217.5)(183.1, 320.5)(38.1, 320.5);GATE
Port:(48.1, 208.5)(153.1, 208.5)(153.1, 212.5)(48.1, 212.5);SD
Module:M14
Boundary:(285.4, 320.8)(285.4, 247.8)(203.4, 247.8)(203.4, 320.8);GATE
Port:(203.4, 262.3)(213.4, 262.3)(213.4, 306.3)(203.4, 306.3);SD
Port:(285.4, 320.8)(285.4, 247.8)(218.4, 247.8)(218.4, 320.8);GATE
Port:(276.4, 257.8)(280.4, 257.8)(280.4, 310.8)(276.4, 310.8);SD
Module:M8
Boundary:(368.5, 439.6)(480.0, 439.6)(480.0, 427.6)(495.5, 427.6)(495.5, 327.6)(368.5, 327.6);GATE
Port:(383.0, 327.6)(481.0, 327.6)(481.0, 337.6)(383.0, 337.6);SD
Port:(368.5, 439.6)(480.0, 439.6)(480.0, 427.6)(495.5, 427.6)(495.5, 342.6)(368.5, 342.6);GATE
Port:(378.5, 430.6)(465.5, 430.6)(465.5, 434.6)(378.5, 434.6);SD
Module:M3
Boundary:(46.7, 343.3)(104.2, 343.3)(104.2, 371.7)(173.7, 371.7)(173.7, 476.3)(46.7, 476.3);GATE
Port:(61.2, 466.3)(159.2, 466.3)(159.2, 476.3)(61.2, 476.3);SD
Port:(46.7, 343.3)(104.2, 343.3)(104.2, 371.7)(173.7, 371.7)(173.7, 461.3)(46.7, 461.3);GATE
Port:(56.7, 348.3)(89.7, 348.3)(89.7, 352.3)(56.7, 352.3);SD
Module:M4
Boundary:(184.9, 354.0)(278.4, 354.0)(278.4, 386.2)(329.9, 386.2)(329.9, 468.0)(184.9, 468.0);GATE
Port:(199.4, 458.0)(315.4, 458.0)(315.4, 468.0)(199.4, 468.0);SD
Port:(184.9, 354.0)(278.4, 354.0)(278.4, 386.2)(329.9, 386.2)(329.9, 453.0)(184.9, 453.0);GATE
Port:(194.9, 359.0)(263.9, 359.0)(263.9, 363.0)(194.9, 363.0);SD
Module:M15
Boundary:(495.2, 447.0)(495.2, 523.0)(487.2, 523.0)(487.2, 538.0)(381.2, 538.0)(381.2, 447.0);GATE
Port:(381.2, 461.5)(391.2, 461.5)(391.2, 523.5)(381.2, 523.5);SD
Port:(495.2, 447.0)(495.2, 523.0)(487.2, 523.0)(487.2, 538.0)(396.2, 538.0)(396.2, 447.0);GATE
Port:(486.2, 457.0)(490.2, 457.0)(490.2, 508.0)(486.2, 508.0);SD
Module:M17
Boundary:(191.6, 573.1)(321.1, 573.1)(321.1, 533.9)(354.6, 533.9)(354.6, 479.1)(191.6, 479.1);GATE
Port:(206.1, 479.1)(340.1, 479.1)(340.1, 489.1)(206.1, 489.1);SD
Port:(191.6, 573.1)(321.1, 573.1)(321.1, 533.9)(354.6, 533.9)(354.6, 494.1)(191.6, 494.1);GATE
Port:(201.6, 564.1)(306.6, 564.1)(306.6, 568.1)(201.6, 568.1);SD
Module:M6
Boundary:(334.7, 541.2)(410.7, 541.2)(410.7, 549.2)(425.7, 549.2)(425.7, 603.2)(334.7, 603.2);GATE
Port:(349.2, 593.2)(411.2, 593.2)(411.2, 603.2)(349.2, 603.2);SD
Port:(334.7, 541.2)(410.7, 541.2)(410.7, 549.2)(425.7, 549.2)(425.7, 588.2)(334.7, 588.2);GATE
Port:(344.7, 546.2)(395.7, 546.2)(395.7, 550.2)(344.7, 550.2);SD
Module:M16
Boundary:(363.9, 609.2)(216.4, 609.2)(216.4, 625.2)(200.9, 625.2)(200.9, 697.2)(363.9, 697.2);GATE
Port:(215.4, 687.2)(349.4, 687.2)(349.4, 697.2)(215.4, 697.2);SD
Port:(363.9, 609.2)(216.4, 609.2)(216.4, 625.2)(200.9, 625.2)(200.9, 682.2)(363.9, 682.2);GATE
Port:(230.9, 614.2)(353.9, 614.2)(353.9, 618.2)(230.9, 618.2);SD
Module:M11
Boundary:(151.4, 508.0)(151.4, 601.5)(88.8, 601.5)(88.8, 743.0)(24.4, 743.0)(24.4, 508.0);GATE
Port:(24.4, 522.5)(34.4, 522.5)(34.4, 728.5)(24.4, 728.5);SD
Port:(151.4, 508.0)(151.4, 601.5)(88.8, 601.5)(88.8, 743.0)(39.4, 743.0)(39.4, 508.0);GATE
Port:(142.4, 518.0)(146.4, 518.0)(146.4, 587.0)(142.4, 587.0);SD
Module:M19
Boundary:(377.0, 825.6)(229.5, 825.6)(229.5, 809.7)(214.0, 809.7)(214.0, 755.6)(377.0, 755.6);GATE
Port:(228.5, 755.6)(362.5, 755.6)(362.5, 765.6)(228.5, 765.6);SD
Port:(377.0, 825.6)(229.5, 825.6)(229.5, 809.7)(214.0, 809.7)(214.0, 770.6)(377.0, 770.6);GATE
Port:(244.0, 816.6)(367.0, 816.6)(367.0, 820.6)(244.0, 820.6);SD
Module:M12
Boundary:(493.2, 793.5)(493.2, 646.0)(477.2, 646.0)(477.2, 630.5)(377.2, 630.5)(377.2, 793.5);GATE
Port:(377.2, 645.0)(387.2, 645.0)(387.2, 779.0)(377.2, 779.0);SD
Port:(493.2, 793.5)(493.2, 646.0)(477.2, 646.0)(477.2, 630.5)(392.2, 630.5)(392.2, 793.5);GATE
Port:(484.2, 660.5)(488.2, 660.5)(488.2, 783.5)(484.2, 783.5);SD
Module:M1
Boundary:(150.9, 893.9)(150.9, 764.4)(136.9, 764.4)(136.9, 748.9)(28.9, 748.9)(28.9, 893.9);GATE
Port:(28.9, 763.4)(38.9, 763.4)(38.9, 879.4)(28.9, 879.4);SD
Port:(150.9, 893.9)(150.9, 764.4)(136.9, 764.4)(136.9, 748.9)(43.9, 748.9)(43.9, 893.9);GATE
Port:(141.9, 778.9)(145.9, 778.9)(145.9, 883.9)(141.9, 883.9);SD
Module:M9
Boundary:(42.5, 995.5)(42.5, 919.5)(50.5, 919.5)(50.5, 904.5)(150.5, 904.5)(150.5, 995.5);GATE
Port:(140.5, 919.0)(150.5, 919.0)(150.5, 981.0)(140.5, 981.0);SD
Port:(42.5, 995.5)(42.5, 919.5)(50.5, 919.5)(50.5, 904.5)(135.5, 904.5)(135.5, 995.5);GATE
Port:(47.5, 934.5)(51.5, 934.5)(51.5, 985.5)(47.5, 985.5);SD
Module:M2
Boundary:(154.1, 1020.9)(265.6, 1020.9)(265.6, 878.9)(479.1, 878.9)(479.1, 837.9)(154.1, 837.9);GATE
Port:(168.6, 837.9)(464.6, 837.9)(464.6, 847.9)(168.6, 847.9);SD
Port:(154.1, 1020.9)(265.6, 1020.9)(265.6, 878.9)(479.1, 878.9)(479.1, 852.9)(154.1, 852.9);GATE
Port:(164.1, 1011.9)(251.1, 1011.9)(251.1, 1015.9)(164.1, 1015.9);SD
