Area:(19.6, -16.9)(1359.1, -16.9)(1359.1, 486.0)(19.6, 486.0)
Rule:GATE(5,5);SD(5,5);GATE_SD(0.5);GATE_ITO(0.5);SD_ITO(0.5)
Module:M7
Boundary:(798.1, 97.1)(874.1, 97.1)(874.1, 89.1)(889.1, 89.1)(889.1, 23.1)(798.1, 23.1);GATE
Port:(812.6, 23.1)(874.6, 23.1)(874.6, 33.1)(812.6, 33.1);SD
Port:(798.1, 97.1)(874.1, 97.1)(874.1, 89.1)(889.1, 89.1)(889.1, 38.1)(798.1, 38.1);GATE
Port:(808.1, 88.1)(859.1, 88.1)(859.1, 92.1)(808.1, 92.1);SD
Module:M2
Boundary:(172.2, 136.6)(172.2, 43.1)(187.2, 43.1)(187.2, 27.6)(317.2, 27.6)(317.2, 136.6);GATE
Port:(307.2, 42.1)(317.2, 42.1)(317.2, 122.1)(307.2, 122.1);SD
Port:(172.2, 136.6)(172.2, 43.1)(187.2, 43.1)(187.2, 27.6)(302.2, 27.6)(302.2, 136.6);GATE
Port:(177.2, 57.6)(181.2, 57.6)(181.2, 126.6)(177.2, 126.6);SD
Module:M1
Boundary:(337.8, 53.8)(337.8, 147.3)(347.8, 147.3)(347.8, 162.8)(416.8, 162.8)(416.8, 53.8);GATE
Port:(406.8, 68.3)(416.8, 68.3)(416.8, 148.3)(406.8, 148.3);SD
Port:(337.8, 53.8)(337.8, 147.3)(347.8, 147.3)(347.8, 162.8)(401.8, 162.8)(401.8, 53.8);GATE
Port:(342.8, 63.8)(346.8, 63.8)(346.8, 132.8)(342.8, 132.8);SD
Module:M12
Boundary:(543.4, 150.5)(543.4, 57.0)(533.4, 57.0)(533.4, 41.5)(448.4, 41.5)(448.4, 150.5);GATE
Port:(448.4, 56.0)(458.4, 56.0)(458.4, 136.0)(448.4, 136.0);SD
Port:(543.4, 150.5)(543.4, 57.0)(533.4, 57.0)(533.4, 41.5)(463.4, 41.5)(463.4, 150.5);GATE
Port:(534.4, 71.5)(538.4, 71.5)(538.4, 140.5)(534.4, 140.5);SD
Module:M10
Boundary:(666.2, 149.0)(666.2, 55.5)(656.2, 55.5)(656.2, 40.0)(585.2, 40.0)(585.2, 149.0);GATE
Port:(585.2, 54.5)(595.2, 54.5)(595.2, 134.5)(585.2, 134.5);SD
Port:(666.2, 149.0)(666.2, 55.5)(656.2, 55.5)(656.2, 40.0)(600.2, 40.0)(600.2, 149.0);GATE
Port:(657.2, 70.0)(661.2, 70.0)(661.2, 139.0)(657.2, 139.0);SD
Module:M11
Boundary:(134.4, 32.2)(61.4, 32.2)(61.4, 172.2)(134.4, 172.2);GATE
Port:(75.9, 162.2)(119.9, 162.2)(119.9, 172.2)(75.9, 172.2);SD
Port:(134.4, 32.2)(61.4, 32.2)(61.4, 157.2)(134.4, 157.2);GATE
Port:(71.4, 37.2)(124.4, 37.2)(124.4, 41.2)(71.4, 41.2);SD
Module:M9
Boundary:(764.0, 191.0)(764.0, 43.5)(748.0, 43.5)(748.0, 28.0)(693.0, 28.0)(693.0, 191.0);GATE
Port:(693.0, 42.5)(703.0, 42.5)(703.0, 176.5)(693.0, 176.5);SD
Port:(764.0, 191.0)(764.0, 43.5)(748.0, 43.5)(748.0, 28.0)(708.0, 28.0)(708.0, 191.0);GATE
Port:(755.0, 58.0)(759.0, 58.0)(759.0, 181.0)(755.0, 181.0);SD
Module:M13
Boundary:(1319.1, 39.6)(1207.6, 39.6)(1207.6, 175.6)(922.1, 175.6)(922.1, 213.6)(1319.1, 213.6);GATE
Port:(936.6, 203.6)(1304.6, 203.6)(1304.6, 213.6)(936.6, 213.6);SD
Port:(1319.1, 39.6)(1207.6, 39.6)(1207.6, 175.6)(922.1, 175.6)(922.1, 198.6)(1319.1, 198.6);GATE
Port:(1222.1, 44.6)(1309.1, 44.6)(1309.1, 48.6)(1222.1, 48.6);SD
Module:M16
Boundary:(871.7, 165.9)(871.7, 295.4)(857.7, 295.4)(857.7, 310.9)(781.7, 310.9)(781.7, 165.9);GATE
Port:(781.7, 180.4)(791.7, 180.4)(791.7, 296.4)(781.7, 296.4);SD
Port:(871.7, 165.9)(871.7, 295.4)(857.7, 295.4)(857.7, 310.9)(796.7, 310.9)(796.7, 165.9);GATE
Port:(862.7, 175.9)(866.7, 175.9)(866.7, 280.9)(862.7, 280.9);SD
Module:M5
Boundary:(615.1, 296.0)(615.1, 184.5)(603.1, 184.5)(603.1, 169.0)(466.1, 169.0)(466.1, 296.0);GATE
Port:(466.1, 183.5)(476.1, 183.5)(476.1, 281.5)(466.1, 281.5);SD
Port:(615.1, 296.0)(615.1, 184.5)(603.1, 184.5)(603.1, 169.0)(481.1, 169.0)(481.1, 296.0);GATE
Port:(606.1, 199.0)(610.1, 199.0)(610.1, 286.0)(606.1, 286.0);SD
Module:M20
Boundary:(241.9, 311.0)(317.4, 311.0)(317.4, 260.8)(440.9, 260.8)(440.9, 169.0)(241.9, 169.0);GATE
Port:(256.4, 169.0)(426.4, 169.0)(426.4, 179.0)(256.4, 179.0);SD
Port:(241.9, 311.0)(317.4, 311.0)(317.4, 260.8)(440.9, 260.8)(440.9, 184.0)(241.9, 184.0);GATE
Port:(251.9, 302.0)(302.9, 302.0)(302.9, 306.0)(251.9, 306.0);SD
Module:M6
Boundary:(222.6, 213.1)(75.1, 213.1)(75.1, 229.1)(59.6, 229.1)(59.6, 343.1)(222.6, 343.1);GATE
Port:(74.1, 333.1)(208.1, 333.1)(208.1, 343.1)(74.1, 343.1);SD
Port:(222.6, 213.1)(75.1, 213.1)(75.1, 229.1)(59.6, 229.1)(59.6, 328.1)(222.6, 328.1);GATE
Port:(89.6, 218.1)(212.6, 218.1)(212.6, 222.1)(89.6, 222.1);SD
Module:M15
Boundary:(747.7, 228.9)(747.7, 322.4)(737.7, 322.4)(737.7, 337.9)(643.7, 337.9)(643.7, 228.9);GATE
Port:(643.7, 243.4)(653.7, 243.4)(653.7, 323.4)(643.7, 323.4);SD
Port:(747.7, 228.9)(747.7, 322.4)(737.7, 322.4)(737.7, 337.9)(658.7, 337.9)(658.7, 228.9);GATE
Port:(738.7, 238.9)(742.7, 238.9)(742.7, 307.9)(738.7, 307.9);SD
Module:M8
Boundary:(977.6, 234.0)(977.6, 381.5)(993.6, 381.5)(993.6, 397.0)(1117.6, 397.0)(1117.6, 234.0);GATE
Port:(1107.6, 248.5)(1117.6, 248.5)(1117.6, 382.5)(1107.6, 382.5);SD
Port:(977.6, 234.0)(977.6, 381.5)(993.6, 381.5)(993.6, 397.0)(1102.6, 397.0)(1102.6, 234.0);GATE
Port:(982.6, 244.0)(986.6, 244.0)(986.6, 367.0)(982.6, 367.0);SD
Module:M3
Boundary:(1313.4, 220.4)(1201.9, 220.4)(1201.9, 232.4)(1186.4, 232.4)(1186.4, 415.4)(1313.4, 415.4);GATE
Port:(1200.9, 405.4)(1298.9, 405.4)(1298.9, 415.4)(1200.9, 415.4);SD
Port:(1313.4, 220.4)(1201.9, 220.4)(1201.9, 232.4)(1186.4, 232.4)(1186.4, 400.4)(1313.4, 400.4);GATE
Port:(1216.4, 225.4)(1303.4, 225.4)(1303.4, 229.4)(1216.4, 229.4);SD
Module:M17
Boundary:(339.3, 416.5)(339.3, 340.5)(347.3, 340.5)(347.3, 325.5)(503.3, 325.5)(503.3, 416.5);GATE
Port:(493.3, 340.0)(503.3, 340.0)(503.3, 402.0)(493.3, 402.0);SD
Port:(339.3, 416.5)(339.3, 340.5)(347.3, 340.5)(347.3, 325.5)(488.3, 325.5)(488.3, 416.5);GATE
Port:(344.3, 355.5)(348.3, 355.5)(348.3, 406.5)(344.3, 406.5);SD
Module:M18
Boundary:(631.2, 434.8)(519.7, 434.8)(519.7, 422.8)(504.2, 422.8)(504.2, 328.8)(631.2, 328.8);GATE
Port:(518.7, 328.8)(616.7, 328.8)(616.7, 338.8)(518.7, 338.8);SD
Port:(631.2, 434.8)(519.7, 434.8)(519.7, 422.8)(504.2, 422.8)(504.2, 343.8)(631.2, 343.8);GATE
Port:(534.2, 425.8)(621.2, 425.8)(621.2, 429.8)(534.2, 429.8);SD
Module:M19
Boundary:(271.2, 435.7)(271.2, 362.7)(108.2, 362.7)(108.2, 435.7);GATE
Port:(108.2, 377.2)(118.2, 377.2)(118.2, 421.2)(108.2, 421.2);SD
Port:(271.2, 435.7)(271.2, 362.7)(123.2, 362.7)(123.2, 435.7);GATE
Port:(262.2, 372.7)(266.2, 372.7)(266.2, 425.7)(262.2, 425.7);SD
Module:M14
Boundary:(658.8, 425.7)(770.3, 425.7)(770.3, 413.7)(785.8, 413.7)(785.8, 352.7)(658.8, 352.7);GATE
Port:(673.3, 352.7)(771.3, 352.7)(771.3, 362.7)(673.3, 362.7);SD
Port:(658.8, 425.7)(770.3, 425.7)(770.3, 413.7)(785.8, 413.7)(785.8, 367.7)(658.8, 367.7);GATE
Port:(668.8, 416.7)(755.8, 416.7)(755.8, 420.7)(668.8, 420.7);SD
Module:M4
Boundary:(803.2, 319.0)(803.2, 430.5)(815.2, 430.5)(815.2, 446.0)(966.2, 446.0)(966.2, 319.0);GATE
Port:(956.2, 333.5)(966.2, 333.5)(966.2, 431.5)(956.2, 431.5);SD
Port:(803.2, 319.0)(803.2, 430.5)(815.2, 430.5)(815.2, 446.0)(951.2, 446.0)(951.2, 319.0);GATE
Port:(808.2, 329.0)(812.2, 329.0)(812.2, 416.0)(808.2, 416.0);SD
