Area:(-19.0, -19.1)(622.2, -19.1)(622.2, 487.4)(-19.0, 487.4)
Rule:GATE(5,5);SD(5,5);GATE_SD(0.5);GATE_ITO(0.5);SD_ITO(0.5)
Module:M10
Boundary:(295.0, 30.0)(295.0, 159.5)(277.0, 159.5)(277.0, 175.0)(233.0, 175.0)(233.0, 30.0);GATE
Port:(233.0, 44.5)(243.0, 44.5)(243.0, 160.5)(233.0, 160.5);SD
Port:(295.0, 30.0)(295.0, 159.5)(277.0, 159.5)(277.0, 175.0)(248.0, 175.0)(248.0, 30.0);GATE
Port:(286.0, 40.0)(290.0, 40.0)(290.0, 145.0)(286.0, 145.0);SD
Module:M5
Boundary:(468.0, 81.8)(468.0, 157.3)(423.8, 157.3)(423.8, 226.8)(355.0, 226.8)(355.0, 81.8);GATE
Port:(355.0, 96.3)(365.0, 96.3)(365.0, 212.3)(355.0, 212.3);SD
Port:(468.0, 81.8)(468.0, 157.3)(423.8, 157.3)(423.8, 226.8)(370.0, 226.8)(370.0, 81.8);GATE
Port:(459.0, 91.8)(463.0, 91.8)(463.0, 142.8)(459.0, 142.8);SD
Module:M6
Boundary:(491.2, 54.6)(567.2, 54.6)(567.2, 62.6)(582.2, 62.6)(582.2, 209.6)(491.2, 209.6);GATE
Port:(505.7, 199.6)(567.7, 199.6)(567.7, 209.6)(505.7, 209.6);SD
Port:(491.2, 54.6)(567.2, 54.6)(567.2, 62.6)(582.2, 62.6)(582.2, 194.6)(491.2, 194.6);GATE
Port:(501.2, 59.6)(552.2, 59.6)(552.2, 63.6)(501.2, 63.6);SD
Module:M8
Boundary:(27.3, 20.9)(174.8, 20.9)(174.8, 36.9)(190.3, 36.9)(190.3, 188.9)(27.3, 188.9);GATE
Port:(41.8, 178.9)(175.8, 178.9)(175.8, 188.9)(41.8, 188.9);SD
Port:(27.3, 20.9)(174.8, 20.9)(174.8, 36.9)(190.3, 36.9)(190.3, 173.9)(27.3, 173.9);GATE
Port:(37.3, 25.9)(160.3, 25.9)(160.3, 29.9)(37.3, 29.9);SD
Module:M9
Boundary:(386.5, 312.6)(386.5, 239.6)(475.5, 239.6)(475.5, 312.6);GATE
Port:(465.5, 254.1)(475.5, 254.1)(475.5, 298.1)(465.5, 298.1);SD
Port:(386.5, 312.6)(386.5, 239.6)(460.5, 239.6)(460.5, 312.6);GATE
Port:(391.5, 249.6)(395.5, 249.6)(395.5, 302.6)(391.5, 302.6);SD
Module:M3
Boundary:(487.4, 322.1)(487.4, 246.1)(495.4, 246.1)(495.4, 231.1)(558.4, 231.1)(558.4, 322.1);GATE
Port:(548.4, 245.6)(558.4, 245.6)(558.4, 307.6)(548.4, 307.6);SD
Port:(487.4, 322.1)(487.4, 246.1)(495.4, 246.1)(495.4, 231.1)(543.4, 231.1)(543.4, 322.1);GATE
Port:(492.4, 261.1)(496.4, 261.1)(496.4, 312.1)(492.4, 312.1);SD
Module:M2
Boundary:(367.4, 238.1)(367.4, 313.6)(326.3, 313.6)(326.3, 365.1)(224.4, 365.1)(224.4, 238.1);GATE
Port:(224.4, 252.6)(234.4, 252.6)(234.4, 350.6)(224.4, 350.6);SD
Port:(367.4, 238.1)(367.4, 313.6)(326.3, 313.6)(326.3, 365.1)(239.4, 365.1)(239.4, 238.1);GATE
Port:(358.4, 248.1)(362.4, 248.1)(362.4, 299.1)(358.4, 299.1);SD
Module:M4
Boundary:(184.0, 221.1)(36.5, 221.1)(36.5, 237.1)(21.0, 237.1)(21.0, 413.1)(184.0, 413.1);GATE
Port:(35.5, 403.1)(169.5, 403.1)(169.5, 413.1)(35.5, 413.1);SD
Port:(184.0, 221.1)(36.5, 221.1)(36.5, 237.1)(21.0, 237.1)(21.0, 398.1)(184.0, 398.1);GATE
Port:(51.0, 226.1)(174.0, 226.1)(174.0, 230.1)(51.0, 230.1);SD
Module:M1
Boundary:(579.4, 447.4)(431.9, 447.4)(431.9, 431.4)(416.4, 431.4)(416.4, 342.4)(579.4, 342.4);GATE
Port:(430.9, 342.4)(564.9, 342.4)(564.9, 352.4)(430.9, 352.4);SD
Port:(579.4, 447.4)(431.9, 447.4)(431.9, 431.4)(416.4, 431.4)(416.4, 357.4)(579.4, 357.4);GATE
Port:(446.4, 438.4)(569.4, 438.4)(569.4, 442.4)(446.4, 442.4);SD
Module:M7
Boundary:(410.4, 446.8)(298.9, 446.8)(298.9, 413.8)(229.4, 413.8)(229.4, 376.8)(410.4, 376.8);GATE
Port:(243.9, 376.8)(395.9, 376.8)(395.9, 386.8)(243.9, 386.8);SD
Port:(410.4, 446.8)(298.9, 446.8)(298.9, 413.8)(229.4, 413.8)(229.4, 391.8)(410.4, 391.8);GATE
Port:(313.4, 437.8)(400.4, 437.8)(400.4, 441.8)(313.4, 441.8);SD
