Area:(-20.0, -20.0)(649.0, -20.0)(649.0, 502.0)(-20.0, 502.0)
Rule:GATE(5,5);SD(5,5);GATE_SD(0.5);GATE_ITO(0.5);SD_ITO(0.5)
Module:M9
Boundary:(495.0, 225.0)(495.0, 298.0)(406.0, 298.0)(406.0, 225.0);GATE
Port:(406.0, 239.5)(416.0, 239.5)(416.0, 283.5)(406.0, 283.5);SD
Port:(495.0, 225.0)(495.0, 298.0)(421.0, 298.0)(421.0, 225.0);GATE
Port:(486.0, 235.0)(490.0, 235.0)(490.0, 288.0)(486.0, 288.0);SD
Module:M5
Boundary:(468.0, 30.0)(468.0, 105.5)(423.8, 105.5)(423.8, 175.0)(355.0, 175.0)(355.0, 30.0);GATE
Port:(355.0, 44.5)(365.0, 44.5)(365.0, 160.5)(355.0, 160.5);SD
Port:(468.0, 30.0)(468.0, 105.5)(423.8, 105.5)(423.8, 175.0)(370.0, 175.0)(370.0, 30.0);GATE
Port:(459.0, 40.0)(463.0, 40.0)(463.0, 91.0)(459.0, 91.0);SD
Module:M1
Boundary:(444.0, 346.0)(591.5, 346.0)(591.5, 362.0)(607.0, 362.0)(607.0, 451.0)(444.0, 451.0);GATE
Port:(458.5, 441.0)(592.5, 441.0)(592.5, 451.0)(458.5, 451.0);SD
Port:(444.0, 346.0)(591.5, 346.0)(591.5, 362.0)(607.0, 362.0)(607.0, 436.0)(444.0, 436.0);GATE
Port:(454.0, 351.0)(577.0, 351.0)(577.0, 355.0)(454.0, 355.0);SD
Module:M6
Boundary:(518.0, 20.0)(594.0, 20.0)(594.0, 28.0)(609.0, 28.0)(609.0, 175.0)(518.0, 175.0);GATE
Port:(532.5, 165.0)(594.5, 165.0)(594.5, 175.0)(532.5, 175.0);SD
Port:(518.0, 20.0)(594.0, 20.0)(594.0, 28.0)(609.0, 28.0)(609.0, 160.0)(518.0, 160.0);GATE
Port:(528.0, 25.0)(579.0, 25.0)(579.0, 29.0)(528.0, 29.0);SD
Module:M2
Boundary:(366.0, 225.0)(366.0, 300.5)(324.8, 300.5)(324.8, 352.0)(223.0, 352.0)(223.0, 225.0);GATE
Port:(223.0, 239.5)(233.0, 239.5)(233.0, 337.5)(223.0, 337.5);SD
Port:(366.0, 225.0)(366.0, 300.5)(324.8, 300.5)(324.8, 352.0)(238.0, 352.0)(238.0, 225.0);GATE
Port:(357.0, 235.0)(361.0, 235.0)(361.0, 286.0)(357.0, 286.0);SD
Module:M10
Boundary:(295.0, 30.0)(295.0, 159.5)(277.0, 159.5)(277.0, 175.0)(233.0, 175.0)(233.0, 30.0);GATE
Port:(233.0, 44.5)(243.0, 44.5)(243.0, 160.5)(233.0, 160.5);SD
Port:(295.0, 30.0)(295.0, 159.5)(277.0, 159.5)(277.0, 175.0)(248.0, 175.0)(248.0, 30.0);GATE
Port:(286.0, 40.0)(290.0, 40.0)(290.0, 145.0)(286.0, 145.0);SD
Module:M7
Boundary:(223.0, 392.0)(334.5, 392.0)(334.5, 425.0)(404.0, 425.0)(404.0, 462.0)(223.0, 462.0);GATE
Port:(237.5, 452.0)(389.5, 452.0)(389.5, 462.0)(237.5, 462.0);SD
Port:(223.0, 392.0)(334.5, 392.0)(334.5, 425.0)(404.0, 425.0)(404.0, 447.0)(223.0, 447.0);GATE
Port:(233.0, 397.0)(320.0, 397.0)(320.0, 401.0)(233.0, 401.0);SD
Module:M3
Boundary:(606.0, 215.0)(606.0, 291.0)(598.0, 291.0)(598.0, 306.0)(535.0, 306.0)(535.0, 215.0);GATE
Port:(535.0, 229.5)(545.0, 229.5)(545.0, 291.5)(535.0, 291.5);SD
Port:(606.0, 215.0)(606.0, 291.0)(598.0, 291.0)(598.0, 306.0)(550.0, 306.0)(550.0, 215.0);GATE
Port:(597.0, 225.0)(601.0, 225.0)(601.0, 276.0)(597.0, 276.0);SD
Module:M8
Boundary:(20.0, 20.0)(167.5, 20.0)(167.5, 36.0)(183.0, 36.0)(183.0, 188.0)(20.0, 188.0);GATE
Port:(34.5, 178.0)(168.5, 178.0)(168.5, 188.0)(34.5, 188.0);SD
Port:(20.0, 20.0)(167.5, 20.0)(167.5, 36.0)(183.0, 36.0)(183.0, 173.0)(20.0, 173.0);GATE
Port:(30.0, 25.0)(153.0, 25.0)(153.0, 29.0)(30.0, 29.0);SD
Module:M4
Boundary:(20.0, 228.0)(167.5, 228.0)(167.5, 244.0)(183.0, 244.0)(183.0, 420.0)(20.0, 420.0);GATE
Port:(34.5, 410.0)(168.5, 410.0)(168.5, 420.0)(34.5, 420.0);SD
Port:(20.0, 228.0)(167.5, 228.0)(167.5, 244.0)(183.0, 244.0)(183.0, 405.0)(20.0, 405.0);GATE
Port:(30.0, 233.0)(153.0, 233.0)(153.0, 237.0)(30.0, 237.0);SD
