Area:(-20.0, -20.0)(618.0, -20.0)(618.0, 1481.0)(-20.0, 1481.0)
Rule:GATE(5,5);SD(5,5);GATE_SD(0.5);GATE_ITO(0.5);SD_ITO(0.5)
Module:M14
Boundary:(419.0, 671.0)(419.0, 747.0)(411.0, 747.0)(411.0, 762.0)(233.0, 762.0)(233.0, 671.0);GATE
Port:(233.0, 685.5)(243.0, 685.5)(243.0, 747.5)(233.0, 747.5);SD
Port:(419.0, 671.0)(419.0, 747.0)(411.0, 747.0)(411.0, 762.0)(248.0, 762.0)(248.0, 671.0);GATE
Port:(410.0, 681.0)(414.0, 681.0)(414.0, 732.0)(410.0, 732.0);SD
Module:M9
Boundary:(214.0, 1194.0)(325.5, 1194.0)(325.5, 1206.0)(341.0, 1206.0)(341.0, 1299.0)(214.0, 1299.0);GATE
Port:(228.5, 1289.0)(326.5, 1289.0)(326.5, 1299.0)(228.5, 1299.0);SD
Port:(214.0, 1194.0)(325.5, 1194.0)(325.5, 1206.0)(341.0, 1206.0)(341.0, 1284.0)(214.0, 1284.0);GATE
Port:(224.0, 1199.0)(311.0, 1199.0)(311.0, 1203.0)(224.0, 1203.0);SD
Module:M5
Boundary:(431.0, 414.0)(560.5, 414.0)(560.5, 428.0)(576.0, 428.0)(576.0, 481.0)(431.0, 481.0);GATE
Port:(445.5, 471.0)(561.5, 471.0)(561.5, 481.0)(445.5, 481.0);SD
Port:(431.0, 414.0)(560.5, 414.0)(560.5, 428.0)(576.0, 428.0)(576.0, 466.0)(431.0, 466.0);GATE
Port:(441.0, 419.0)(546.0, 419.0)(546.0, 423.0)(441.0, 423.0);SD
Module:M11
Boundary:(430.0, 548.0)(430.0, 621.0)(330.0, 621.0)(330.0, 548.0);GATE
Port:(330.0, 562.5)(340.0, 562.5)(340.0, 606.5)(330.0, 606.5);SD
Port:(430.0, 548.0)(430.0, 621.0)(345.0, 621.0)(345.0, 548.0);GATE
Port:(421.0, 558.0)(425.0, 558.0)(425.0, 611.0)(421.0, 611.0);SD
Module:M1
Boundary:(235.0, 30.0)(308.0, 30.0)(308.0, 122.0)(235.0, 122.0);GATE
Port:(249.5, 112.0)(293.5, 112.0)(293.5, 122.0)(249.5, 122.0);SD
Port:(235.0, 30.0)(308.0, 30.0)(308.0, 107.0)(235.0, 107.0);GATE
Port:(245.0, 35.0)(298.0, 35.0)(298.0, 39.0)(245.0, 39.0);SD
Module:M27
Boundary:(290.0, 548.0)(290.0, 621.0)(225.0, 621.0)(225.0, 548.0);GATE
Port:(225.0, 562.5)(235.0, 562.5)(235.0, 606.5)(225.0, 606.5);SD
Port:(290.0, 548.0)(290.0, 621.0)(240.0, 621.0)(240.0, 548.0);GATE
Port:(281.0, 558.0)(285.0, 558.0)(285.0, 611.0)(281.0, 611.0);SD
Module:M24
Boundary:(184.0, 1350.0)(184.0, 1426.0)(176.0, 1426.0)(176.0, 1441.0)(20.0, 1441.0)(20.0, 1350.0);GATE
Port:(20.0, 1364.5)(30.0, 1364.5)(30.0, 1426.5)(20.0, 1426.5);SD
Port:(184.0, 1350.0)(184.0, 1426.0)(176.0, 1426.0)(176.0, 1441.0)(35.0, 1441.0)(35.0, 1350.0);GATE
Port:(175.0, 1360.0)(179.0, 1360.0)(179.0, 1411.0)(175.0, 1411.0);SD
Module:M19
Boundary:(419.0, 822.0)(419.0, 898.0)(411.0, 898.0)(411.0, 913.0)(322.0, 913.0)(322.0, 822.0);GATE
Port:(322.0, 836.5)(332.0, 836.5)(332.0, 898.5)(322.0, 898.5);SD
Port:(419.0, 822.0)(419.0, 898.0)(411.0, 898.0)(411.0, 913.0)(337.0, 913.0)(337.0, 822.0);GATE
Port:(410.0, 832.0)(414.0, 832.0)(414.0, 883.0)(410.0, 883.0);SD
Module:M6
Boundary:(469.0, 965.0)(562.5, 965.0)(562.5, 975.0)(578.0, 975.0)(578.0, 1071.0)(469.0, 1071.0);GATE
Port:(483.5, 1061.0)(563.5, 1061.0)(563.5, 1071.0)(483.5, 1071.0);SD
Port:(469.0, 965.0)(562.5, 965.0)(562.5, 975.0)(578.0, 975.0)(578.0, 1056.0)(469.0, 1056.0);GATE
Port:(479.0, 970.0)(548.0, 970.0)(548.0, 974.0)(479.0, 974.0);SD
Module:M21
Boundary:(164.0, 1237.0)(164.0, 1310.0)(20.0, 1310.0)(20.0, 1237.0);GATE
Port:(20.0, 1251.5)(30.0, 1251.5)(30.0, 1295.5)(20.0, 1295.5);SD
Port:(164.0, 1237.0)(164.0, 1310.0)(35.0, 1310.0)(35.0, 1237.0);GATE
Port:(155.0, 1247.0)(159.0, 1247.0)(159.0, 1300.0)(155.0, 1300.0);SD
Module:M2
Boundary:(566.0, 531.0)(566.0, 678.5)(529.8, 678.5)(529.8, 712.0)(480.0, 712.0)(480.0, 531.0);GATE
Port:(480.0, 545.5)(490.0, 545.5)(490.0, 697.5)(480.0, 697.5);SD
Port:(566.0, 531.0)(566.0, 678.5)(529.8, 678.5)(529.8, 712.0)(495.0, 712.0)(495.0, 531.0);GATE
Port:(557.0, 541.0)(561.0, 541.0)(561.0, 664.0)(557.0, 664.0);SD
Module:M16
Boundary:(461.0, 20.0)(461.0, 131.5)(449.0, 131.5)(449.0, 147.0)(358.0, 147.0)(358.0, 20.0);GATE
Port:(358.0, 34.5)(368.0, 34.5)(368.0, 132.5)(358.0, 132.5);SD
Port:(461.0, 20.0)(461.0, 131.5)(449.0, 131.5)(449.0, 147.0)(373.0, 147.0)(373.0, 20.0);GATE
Port:(452.0, 30.0)(456.0, 30.0)(456.0, 117.0)(452.0, 117.0);SD
Module:M13
Boundary:(391.0, 1269.0)(538.5, 1269.0)(538.5, 1285.0)(554.0, 1285.0)(554.0, 1438.0)(391.0, 1438.0);GATE
Port:(405.5, 1428.0)(539.5, 1428.0)(539.5, 1438.0)(405.5, 1438.0);SD
Port:(391.0, 1269.0)(538.5, 1269.0)(538.5, 1285.0)(554.0, 1285.0)(554.0, 1423.0)(391.0, 1423.0);GATE
Port:(401.0, 1274.0)(524.0, 1274.0)(524.0, 1278.0)(401.0, 1278.0);SD
Module:M10
Boundary:(337.0, 963.0)(413.0, 963.0)(413.0, 971.0)(428.0, 971.0)(428.0, 1124.0)(337.0, 1124.0);GATE
Port:(351.5, 1114.0)(413.5, 1114.0)(413.5, 1124.0)(351.5, 1124.0);SD
Port:(337.0, 963.0)(413.0, 963.0)(413.0, 971.0)(428.0, 971.0)(428.0, 1109.0)(337.0, 1109.0);GATE
Port:(347.0, 968.0)(398.0, 968.0)(398.0, 972.0)(347.0, 972.0);SD
Module:M29
Boundary:(181.0, 812.0)(257.0, 812.0)(257.0, 820.0)(272.0, 820.0)(272.0, 921.0)(181.0, 921.0);GATE
Port:(195.5, 911.0)(257.5, 911.0)(257.5, 921.0)(195.5, 921.0);SD
Port:(181.0, 812.0)(257.0, 812.0)(257.0, 820.0)(272.0, 820.0)(272.0, 906.0)(181.0, 906.0);GATE
Port:(191.0, 817.0)(242.0, 817.0)(242.0, 821.0)(191.0, 821.0);SD
Module:M7
Boundary:(297.0, 963.0)(297.0, 1056.5)(256.6, 1056.5)(256.6, 1144.0)(204.0, 1144.0)(204.0, 963.0);GATE
Port:(204.0, 977.5)(214.0, 977.5)(214.0, 1129.5)(204.0, 1129.5);SD
Port:(297.0, 963.0)(297.0, 1056.5)(256.6, 1056.5)(256.6, 1144.0)(219.0, 1144.0)(219.0, 963.0);GATE
Port:(288.0, 973.0)(292.0, 973.0)(292.0, 1042.0)(288.0, 1042.0);SD
Module:M3
Boundary:(20.0, 478.0)(131.5, 478.0)(131.5, 516.5)(183.0, 516.5)(183.0, 609.0)(20.0, 609.0);GATE
Port:(34.5, 599.0)(168.5, 599.0)(168.5, 609.0)(34.5, 609.0);SD
Port:(20.0, 478.0)(131.5, 478.0)(131.5, 516.5)(183.0, 516.5)(183.0, 594.0)(20.0, 594.0);GATE
Port:(30.0, 483.0)(117.0, 483.0)(117.0, 487.0)(30.0, 487.0);SD
Module:M26
Boundary:(346.0, 1349.0)(346.0, 1425.0)(338.0, 1425.0)(338.0, 1440.0)(224.0, 1440.0)(224.0, 1349.0);GATE
Port:(224.0, 1363.5)(234.0, 1363.5)(234.0, 1425.5)(224.0, 1425.5);SD
Port:(346.0, 1349.0)(346.0, 1425.0)(338.0, 1425.0)(338.0, 1440.0)(239.0, 1440.0)(239.0, 1349.0);GATE
Port:(337.0, 1359.0)(341.0, 1359.0)(341.0, 1410.0)(337.0, 1410.0);SD
Module:M23
Boundary:(577.0, 762.0)(577.0, 909.5)(561.0, 909.5)(561.0, 925.0)(469.0, 925.0)(469.0, 762.0);GATE
Port:(469.0, 776.5)(479.0, 776.5)(479.0, 910.5)(469.0, 910.5);SD
Port:(577.0, 762.0)(577.0, 909.5)(561.0, 909.5)(561.0, 925.0)(484.0, 925.0)(484.0, 762.0);GATE
Port:(568.0, 772.0)(572.0, 772.0)(572.0, 895.0)(568.0, 895.0);SD
Module:M18
Boundary:(30.0, 286.0)(159.5, 286.0)(159.5, 300.0)(175.0, 300.0)(175.0, 428.0)(30.0, 428.0);GATE
Port:(44.5, 418.0)(160.5, 418.0)(160.5, 428.0)(44.5, 428.0);SD
Port:(30.0, 286.0)(159.5, 286.0)(159.5, 300.0)(175.0, 300.0)(175.0, 413.0)(30.0, 413.0);GATE
Port:(40.0, 291.0)(145.0, 291.0)(145.0, 295.0)(40.0, 295.0);SD
Module:M20
Boundary:(451.0, 187.0)(562.5, 187.0)(562.5, 199.0)(578.0, 199.0)(578.0, 374.0)(451.0, 374.0);GATE
Port:(465.5, 364.0)(563.5, 364.0)(563.5, 374.0)(465.5, 374.0);SD
Port:(451.0, 187.0)(562.5, 187.0)(562.5, 199.0)(578.0, 199.0)(578.0, 359.0)(451.0, 359.0);GATE
Port:(461.0, 192.0)(548.0, 192.0)(548.0, 196.0)(461.0, 196.0);SD
Module:M15
Boundary:(570.0, 20.0)(570.0, 131.5)(558.0, 131.5)(558.0, 147.0)(501.0, 147.0)(501.0, 20.0);GATE
Port:(501.0, 34.5)(511.0, 34.5)(511.0, 132.5)(501.0, 132.5);SD
Port:(570.0, 20.0)(570.0, 131.5)(558.0, 131.5)(558.0, 147.0)(516.0, 147.0)(516.0, 20.0);GATE
Port:(561.0, 30.0)(565.0, 30.0)(565.0, 117.0)(561.0, 117.0);SD
Module:M12
Boundary:(160.0, 962.0)(160.0, 1019.5)(81.7, 1019.5)(81.7, 1197.0)(20.0, 1197.0)(20.0, 962.0);GATE
Port:(20.0, 976.5)(30.0, 976.5)(30.0, 1182.5)(20.0, 1182.5);SD
Port:(160.0, 962.0)(160.0, 1019.5)(81.7, 1019.5)(81.7, 1197.0)(35.0, 1197.0)(35.0, 962.0);GATE
Port:(151.0, 972.0)(155.0, 972.0)(155.0, 1005.0)(151.0, 1005.0);SD
Module:M8
Boundary:(30.0, 30.0)(159.5, 30.0)(159.5, 44.0)(175.0, 44.0)(175.0, 226.0)(30.0, 226.0);GATE
Port:(44.5, 216.0)(160.5, 216.0)(160.5, 226.0)(44.5, 226.0);SD
Port:(30.0, 30.0)(159.5, 30.0)(159.5, 44.0)(175.0, 44.0)(175.0, 211.0)(30.0, 211.0);GATE
Port:(40.0, 35.0)(145.0, 35.0)(145.0, 39.0)(40.0, 39.0);SD
Module:M4
Boundary:(468.0, 1111.0)(561.5, 1111.0)(561.5, 1121.0)(577.0, 1121.0)(577.0, 1229.0)(468.0, 1229.0);GATE
Port:(482.5, 1219.0)(562.5, 1219.0)(562.5, 1229.0)(482.5, 1229.0);SD
Port:(468.0, 1111.0)(561.5, 1111.0)(561.5, 1121.0)(577.0, 1121.0)(577.0, 1214.0)(468.0, 1214.0);GATE
Port:(478.0, 1116.0)(547.0, 1116.0)(547.0, 1120.0)(478.0, 1120.0);SD
Module:M28
Boundary:(20.0, 649.0)(113.5, 649.0)(113.5, 693.0)(147.0, 693.0)(147.0, 755.0)(20.0, 755.0);GATE
Port:(34.5, 745.0)(132.5, 745.0)(132.5, 755.0)(34.5, 755.0);SD
Port:(20.0, 649.0)(113.5, 649.0)(113.5, 693.0)(147.0, 693.0)(147.0, 740.0)(20.0, 740.0);GATE
Port:(30.0, 654.0)(99.0, 654.0)(99.0, 658.0)(30.0, 658.0);SD
Module:M30
Boundary:(391.0, 399.0)(391.0, 492.5)(381.0, 492.5)(381.0, 508.0)(225.0, 508.0)(225.0, 399.0);GATE
Port:(225.0, 413.5)(235.0, 413.5)(235.0, 493.5)(225.0, 493.5);SD
Port:(391.0, 399.0)(391.0, 492.5)(381.0, 492.5)(381.0, 508.0)(240.0, 508.0)(240.0, 399.0);GATE
Port:(382.0, 409.0)(386.0, 409.0)(386.0, 478.0)(382.0, 478.0);SD
Module:M25
Boundary:(141.0, 795.0)(141.0, 870.5)(107.2, 870.5)(107.2, 922.0)(20.0, 922.0)(20.0, 795.0);GATE
Port:(20.0, 809.5)(30.0, 809.5)(30.0, 907.5)(20.0, 907.5);SD
Port:(141.0, 795.0)(141.0, 870.5)(107.2, 870.5)(107.2, 922.0)(35.0, 922.0)(35.0, 795.0);GATE
Port:(132.0, 805.0)(136.0, 805.0)(136.0, 856.0)(132.0, 856.0);SD
Module:M22
Boundary:(338.0, 187.0)(411.0, 187.0)(411.0, 359.0)(338.0, 359.0);GATE
Port:(352.5, 349.0)(396.5, 349.0)(396.5, 359.0)(352.5, 359.0);SD
Port:(338.0, 187.0)(411.0, 187.0)(411.0, 344.0)(338.0, 344.0);GATE
Port:(348.0, 192.0)(401.0, 192.0)(401.0, 196.0)(348.0, 196.0);SD
Module:M17
Boundary:(225.0, 172.0)(298.0, 172.0)(298.0, 353.0)(225.0, 353.0);GATE
Port:(239.5, 343.0)(283.5, 343.0)(283.5, 353.0)(239.5, 353.0);SD
Port:(225.0, 172.0)(298.0, 172.0)(298.0, 338.0)(225.0, 338.0);GATE
Port:(235.0, 177.0)(288.0, 177.0)(288.0, 181.0)(235.0, 181.0);SD
