Area:(13.8, -5.7)(1328.9, -5.7)(1328.9, 1078.7)(13.8, 1078.7)
Rule:GATE(5,5);SD(5,5);GATE_SD(0.5);GATE_ITO(0.5);SD_ITO(0.5)
Module:M12
Boundary:(473.9, 76.0)(473.9, 149.0)(609.9, 149.0)(609.9, 76.0);GATE
Port:(599.9, 90.5)(609.9, 90.5)(609.9, 134.5)(599.9, 134.5);SD
Port:(473.9, 76.0)(473.9, 149.0)(594.9, 149.0)(594.9, 76.0);GATE
Port:(478.9, 86.0)(482.9, 86.0)(482.9, 139.0)(478.9, 139.0);SD
Module:M23
Boundary:(683.0, 52.1)(610.0, 52.1)(610.0, 128.1)(683.0, 128.1);GATE
Port:(624.5, 118.1)(668.5, 118.1)(668.5, 128.1)(624.5, 128.1);SD
Port:(683.0, 52.1)(610.0, 52.1)(610.0, 113.1)(683.0, 113.1);GATE
Port:(620.0, 57.1)(673.0, 57.1)(673.0, 61.1)(620.0, 61.1);SD
Module:M29
Boundary:(689.9, 44.1)(819.4, 44.1)(819.4, 58.1)(834.9, 58.1)(834.9, 132.1)(689.9, 132.1);GATE
Port:(704.4, 122.1)(820.4, 122.1)(820.4, 132.1)(704.4, 132.1);SD
Port:(689.9, 44.1)(819.4, 44.1)(819.4, 58.1)(834.9, 58.1)(834.9, 117.1)(689.9, 117.1);GATE
Port:(699.9, 49.1)(804.9, 49.1)(804.9, 53.1)(699.9, 53.1);SD
Module:M30
Boundary:(1134.8, 39.6)(1207.8, 39.6)(1207.8, 174.6)(1134.8, 174.6);GATE
Port:(1149.3, 164.6)(1193.3, 164.6)(1193.3, 174.6)(1149.3, 174.6);SD
Port:(1134.8, 39.6)(1207.8, 39.6)(1207.8, 159.6)(1134.8, 159.6);GATE
Port:(1144.8, 44.6)(1197.8, 44.6)(1197.8, 48.6)(1144.8, 48.6);SD
Module:M33
Boundary:(1213.9, 194.0)(1213.9, 82.5)(1223.9, 82.5)(1223.9, 49.0)(1288.9, 49.0)(1288.9, 194.0);GATE
Port:(1278.9, 63.5)(1288.9, 63.5)(1288.9, 179.5)(1278.9, 179.5);SD
Port:(1213.9, 194.0)(1213.9, 82.5)(1223.9, 82.5)(1223.9, 49.0)(1273.9, 49.0)(1273.9, 194.0);GATE
Port:(1218.9, 97.0)(1222.9, 97.0)(1222.9, 184.0)(1218.9, 184.0);SD
Module:M16
Boundary:(865.2, 51.4)(976.7, 51.4)(976.7, 89.2)(1046.2, 89.2)(1046.2, 216.4)(865.2, 216.4);GATE
Port:(879.7, 206.4)(1031.7, 206.4)(1031.7, 216.4)(879.7, 216.4);SD
Port:(865.2, 51.4)(976.7, 51.4)(976.7, 89.2)(1046.2, 89.2)(1046.2, 201.4)(865.2, 201.4);GATE
Port:(875.2, 56.4)(962.2, 56.4)(962.2, 60.4)(875.2, 60.4);SD
Module:M1
Boundary:(118.3, 207.3)(229.8, 207.3)(229.8, 195.3)(245.3, 195.3)(245.3, 34.3)(118.3, 34.3);GATE
Port:(132.8, 34.3)(230.8, 34.3)(230.8, 44.3)(132.8, 44.3);SD
Port:(118.3, 207.3)(229.8, 207.3)(229.8, 195.3)(245.3, 195.3)(245.3, 49.3)(118.3, 49.3);GATE
Port:(128.3, 198.3)(215.3, 198.3)(215.3, 202.3)(128.3, 202.3);SD
Module:M2
Boundary:(625.8, 209.0)(625.8, 285.0)(617.8, 285.0)(617.8, 300.0)(437.8, 300.0)(437.8, 209.0);GATE
Port:(437.8, 223.5)(447.8, 223.5)(447.8, 285.5)(437.8, 285.5);SD
Port:(625.8, 209.0)(625.8, 285.0)(617.8, 285.0)(617.8, 300.0)(452.8, 300.0)(452.8, 209.0);GATE
Port:(616.8, 219.0)(620.8, 219.0)(620.8, 270.0)(616.8, 270.0);SD
Module:M40
Boundary:(197.0, 291.5)(197.0, 367.0)(313.0, 367.0)(313.0, 562.5)(384.0, 562.5)(384.0, 291.5);GATE
Port:(374.0, 306.0)(384.0, 306.0)(384.0, 548.0)(374.0, 548.0);SD
Port:(197.0, 291.5)(197.0, 367.0)(313.0, 367.0)(313.0, 562.5)(369.0, 562.5)(369.0, 291.5);GATE
Port:(202.0, 301.5)(206.0, 301.5)(206.0, 352.5)(202.0, 352.5);SD
Module:M6
Boundary:(993.9, 354.9)(1069.9, 354.9)(1069.9, 346.9)(1084.9, 346.9)(1084.9, 249.9)(993.9, 249.9);GATE
Port:(1008.4, 249.9)(1070.4, 249.9)(1070.4, 259.9)(1008.4, 259.9);SD
Port:(993.9, 354.9)(1069.9, 354.9)(1069.9, 346.9)(1084.9, 346.9)(1084.9, 264.9)(993.9, 264.9);GATE
Port:(1003.9, 345.9)(1054.9, 345.9)(1054.9, 349.9)(1003.9, 349.9);SD
Module:M27
Boundary:(1114.4, 352.3)(1114.4, 240.8)(1126.4, 240.8)(1126.4, 225.3)(1271.4, 225.3)(1271.4, 352.3);GATE
Port:(1261.4, 239.8)(1271.4, 239.8)(1271.4, 337.8)(1261.4, 337.8);SD
Port:(1114.4, 352.3)(1114.4, 240.8)(1126.4, 240.8)(1126.4, 225.3)(1256.4, 225.3)(1256.4, 352.3);GATE
Port:(1119.4, 255.3)(1123.4, 255.3)(1123.4, 342.3)(1119.4, 342.3);SD
Module:M44
Boundary:(768.0, 186.1)(841.0, 186.1)(841.0, 378.1)(768.0, 378.1);GATE
Port:(782.5, 368.1)(826.5, 368.1)(826.5, 378.1)(782.5, 378.1);SD
Port:(768.0, 186.1)(841.0, 186.1)(841.0, 363.1)(768.0, 363.1);GATE
Port:(778.0, 191.1)(831.0, 191.1)(831.0, 195.1)(778.0, 195.1);SD
Module:M11
Boundary:(761.0, 343.0)(685.0, 343.0)(685.0, 335.0)(670.0, 335.0)(670.0, 148.0)(761.0, 148.0);GATE
Port:(684.5, 148.0)(746.5, 148.0)(746.5, 158.0)(684.5, 158.0);SD
Port:(761.0, 343.0)(685.0, 343.0)(685.0, 335.0)(670.0, 335.0)(670.0, 163.0)(761.0, 163.0);GATE
Port:(700.0, 334.0)(751.0, 334.0)(751.0, 338.0)(700.0, 338.0);SD
Module:M25
Boundary:(156.5, 389.2)(80.5, 389.2)(80.5, 381.2)(65.5, 381.2)(65.5, 263.2)(156.5, 263.2);GATE
Port:(80.0, 263.2)(142.0, 263.2)(142.0, 273.2)(80.0, 273.2);SD
Port:(156.5, 389.2)(80.5, 389.2)(80.5, 381.2)(65.5, 381.2)(65.5, 278.2)(156.5, 278.2);GATE
Port:(95.5, 380.2)(146.5, 380.2)(146.5, 384.2)(95.5, 384.2);SD
Module:M17
Boundary:(618.0, 429.0)(618.0, 353.0)(610.0, 353.0)(610.0, 338.0)(472.0, 338.0)(472.0, 429.0);GATE
Port:(472.0, 352.5)(482.0, 352.5)(482.0, 414.5)(472.0, 414.5);SD
Port:(618.0, 429.0)(618.0, 353.0)(610.0, 353.0)(610.0, 338.0)(487.0, 338.0)(487.0, 429.0);GATE
Port:(609.0, 368.0)(613.0, 368.0)(613.0, 419.0)(609.0, 419.0);SD
Module:M41
Boundary:(868.5, 283.7)(868.5, 413.2)(884.5, 413.2)(884.5, 428.7)(937.5, 428.7)(937.5, 283.7);GATE
Port:(927.5, 298.2)(937.5, 298.2)(937.5, 414.2)(927.5, 414.2);SD
Port:(868.5, 283.7)(868.5, 413.2)(884.5, 413.2)(884.5, 428.7)(922.5, 428.7)(922.5, 283.7);GATE
Port:(873.5, 293.7)(877.5, 293.7)(877.5, 398.7)(873.5, 398.7);SD
Module:M42
Boundary:(872.1, 504.1)(948.1, 504.1)(948.1, 496.1)(963.1, 496.1)(963.1, 443.1)(872.1, 443.1);GATE
Port:(886.6, 443.1)(948.6, 443.1)(948.6, 453.1)(886.6, 453.1);SD
Port:(872.1, 504.1)(948.1, 504.1)(948.1, 496.1)(963.1, 496.1)(963.1, 458.1)(872.1, 458.1);GATE
Port:(882.1, 495.1)(933.1, 495.1)(933.1, 499.1)(882.1, 499.1);SD
Module:M32
Boundary:(842.2, 557.3)(694.7, 557.3)(694.7, 541.2)(679.2, 541.2)(679.2, 436.3)(842.2, 436.3);GATE
Port:(693.7, 436.3)(827.7, 436.3)(827.7, 446.3)(693.7, 446.3);SD
Port:(842.2, 557.3)(694.7, 557.3)(694.7, 541.2)(679.2, 541.2)(679.2, 451.3)(842.2, 451.3);GATE
Port:(709.2, 548.3)(832.2, 548.3)(832.2, 552.3)(709.2, 552.3);SD
Module:M8
Boundary:(1254.6, 560.1)(1161.1, 560.1)(1161.1, 459.6)(947.6, 459.6)(947.6, 398.1)(1254.6, 398.1);GATE
Port:(962.1, 398.1)(1240.1, 398.1)(1240.1, 408.1)(962.1, 408.1);SD
Port:(1254.6, 560.1)(1161.1, 560.1)(1161.1, 459.6)(947.6, 459.6)(947.6, 413.1)(1254.6, 413.1);GATE
Port:(1175.6, 551.1)(1244.6, 551.1)(1244.6, 555.1)(1175.6, 555.1);SD
Module:M21
Boundary:(315.6, 379.2)(445.1, 379.2)(445.1, 393.2)(460.6, 393.2)(460.6, 578.2)(315.6, 578.2);GATE
Port:(330.1, 568.2)(446.1, 568.2)(446.1, 578.2)(330.1, 578.2);SD
Port:(315.6, 379.2)(445.1, 379.2)(445.1, 393.2)(460.6, 393.2)(460.6, 563.2)(315.6, 563.2);GATE
Port:(325.6, 384.2)(430.6, 384.2)(430.6, 388.2)(325.6, 388.2);SD
Module:M7
Boundary:(235.6, 544.1)(311.1, 544.1)(311.1, 444.2)(452.6, 444.2)(452.6, 383.1)(235.6, 383.1);GATE
Port:(250.1, 383.1)(438.1, 383.1)(438.1, 393.1)(250.1, 393.1);SD
Port:(235.6, 544.1)(311.1, 544.1)(311.1, 444.2)(452.6, 444.2)(452.6, 398.1)(235.6, 398.1);GATE
Port:(245.6, 535.1)(296.6, 535.1)(296.6, 539.1)(245.6, 539.1);SD
Module:M4
Boundary:(467.0, 445.8)(560.5, 445.8)(560.5, 490.4)(630.0, 490.4)(630.0, 639.8)(467.0, 639.8);GATE
Port:(481.5, 629.8)(615.5, 629.8)(615.5, 639.8)(481.5, 639.8);SD
Port:(467.0, 445.8)(560.5, 445.8)(560.5, 490.4)(630.0, 490.4)(630.0, 624.8)(467.0, 624.8);GATE
Port:(477.0, 450.8)(546.0, 450.8)(546.0, 454.8)(477.0, 454.8);SD
Module:M15
Boundary:(866.2, 625.0)(866.2, 531.5)(876.2, 531.5)(876.2, 516.0)(951.2, 516.0)(951.2, 625.0);GATE
Port:(941.2, 530.5)(951.2, 530.5)(951.2, 610.5)(941.2, 610.5);SD
Port:(866.2, 625.0)(866.2, 531.5)(876.2, 531.5)(876.2, 516.0)(936.2, 516.0)(936.2, 625.0);GATE
Port:(871.2, 546.0)(875.2, 546.0)(875.2, 615.0)(871.2, 615.0);SD
Module:M24
Boundary:(860.5, 655.0)(860.5, 579.0)(852.5, 579.0)(852.5, 564.0)(696.5, 564.0)(696.5, 655.0);GATE
Port:(696.5, 578.5)(706.5, 578.5)(706.5, 640.5)(696.5, 640.5);SD
Port:(860.5, 655.0)(860.5, 579.0)(852.5, 579.0)(852.5, 564.0)(711.5, 564.0)(711.5, 655.0);GATE
Port:(851.5, 594.0)(855.5, 594.0)(855.5, 645.0)(851.5, 645.0);SD
Module:M20
Boundary:(337.1, 661.8)(448.6, 661.8)(448.6, 649.8)(464.1, 649.8)(464.1, 579.8)(337.1, 579.8);GATE
Port:(351.6, 579.8)(449.6, 579.8)(449.6, 589.8)(351.6, 589.8);SD
Port:(337.1, 661.8)(448.6, 661.8)(448.6, 649.8)(464.1, 649.8)(464.1, 594.8)(337.1, 594.8);GATE
Port:(347.1, 652.8)(434.1, 652.8)(434.1, 656.8)(347.1, 656.8);SD
Module:M13
Boundary:(208.0, 560.2)(96.5, 560.2)(96.5, 572.3)(81.0, 572.3)(81.0, 666.2)(208.0, 666.2);GATE
Port:(95.5, 656.2)(193.5, 656.2)(193.5, 666.2)(95.5, 666.2);SD
Port:(208.0, 560.2)(96.5, 560.2)(96.5, 572.3)(81.0, 572.3)(81.0, 651.2)(208.0, 651.2);GATE
Port:(111.0, 565.2)(198.0, 565.2)(198.0, 569.2)(111.0, 569.2);SD
Module:M26
Boundary:(1133.2, 535.7)(1133.2, 647.2)(1120.2, 647.2)(1120.2, 662.7)(1015.2, 662.7)(1015.2, 535.7);GATE
Port:(1015.2, 550.2)(1025.2, 550.2)(1025.2, 648.2)(1015.2, 648.2);SD
Port:(1133.2, 535.7)(1133.2, 647.2)(1120.2, 647.2)(1120.2, 662.7)(1030.2, 662.7)(1030.2, 535.7);GATE
Port:(1124.2, 545.7)(1128.2, 545.7)(1128.2, 632.7)(1124.2, 632.7);SD
Module:M36
Boundary:(1275.5, 560.2)(1275.5, 671.7)(1224.7, 671.7)(1224.7, 705.2)(1156.5, 705.2)(1156.5, 560.2);GATE
Port:(1156.5, 574.7)(1166.5, 574.7)(1166.5, 690.7)(1156.5, 690.7);SD
Port:(1275.5, 560.2)(1275.5, 671.7)(1224.7, 671.7)(1224.7, 705.2)(1171.5, 705.2)(1171.5, 560.2);GATE
Port:(1266.5, 570.2)(1270.5, 570.2)(1270.5, 657.2)(1266.5, 657.2);SD
Module:M10
Boundary:(487.7, 725.9)(599.2, 725.9)(599.2, 693.9)(632.7, 693.9)(632.7, 650.9)(487.7, 650.9);GATE
Port:(502.2, 650.9)(618.2, 650.9)(618.2, 660.9)(502.2, 660.9);SD
Port:(487.7, 725.9)(599.2, 725.9)(599.2, 693.9)(632.7, 693.9)(632.7, 665.9)(487.7, 665.9);GATE
Port:(497.7, 716.9)(584.7, 716.9)(584.7, 720.9)(497.7, 720.9);SD
Module:M3
Boundary:(844.3, 733.4)(696.8, 733.4)(696.8, 708.4)(663.3, 708.4)(663.3, 669.4)(844.3, 669.4);GATE
Port:(677.8, 669.4)(829.8, 669.4)(829.8, 679.4)(677.8, 679.4);SD
Port:(844.3, 733.4)(696.8, 733.4)(696.8, 708.4)(663.3, 708.4)(663.3, 684.4)(844.3, 684.4);GATE
Port:(711.3, 724.4)(834.3, 724.4)(834.3, 728.4)(711.3, 728.4);SD
Module:M28
Boundary:(237.3, 751.1)(310.3, 751.1)(310.3, 556.1)(237.3, 556.1);GATE
Port:(251.8, 556.1)(295.8, 556.1)(295.8, 566.1)(251.8, 566.1);SD
Port:(237.3, 751.1)(310.3, 751.1)(310.3, 571.1)(237.3, 571.1);GATE
Port:(247.3, 742.1)(300.3, 742.1)(300.3, 746.1)(247.3, 746.1);SD
Module:M22
Boundary:(471.6, 703.7)(378.1, 703.7)(378.1, 745.7)(344.6, 745.7)(344.6, 801.7)(471.6, 801.7);GATE
Port:(359.1, 791.7)(457.1, 791.7)(457.1, 801.7)(359.1, 801.7);SD
Port:(471.6, 703.7)(378.1, 703.7)(378.1, 745.7)(344.6, 745.7)(344.6, 786.7)(471.6, 786.7);GATE
Port:(392.6, 708.7)(461.6, 708.7)(461.6, 712.7)(392.6, 712.7);SD
Module:M45
Boundary:(877.2, 635.2)(877.2, 764.7)(919.5, 764.7)(919.5, 798.2)(977.2, 798.2)(977.2, 635.2);GATE
Port:(967.2, 649.7)(977.2, 649.7)(977.2, 783.7)(967.2, 783.7);SD
Port:(877.2, 635.2)(877.2, 764.7)(919.5, 764.7)(919.5, 798.2)(962.2, 798.2)(962.2, 635.2);GATE
Port:(882.2, 645.2)(886.2, 645.2)(886.2, 750.2)(882.2, 750.2);SD
Module:M14
Boundary:(1086.3, 731.8)(1086.3, 804.8)(977.3, 804.8)(977.3, 731.8);GATE
Port:(977.3, 746.3)(987.3, 746.3)(987.3, 790.3)(977.3, 790.3);SD
Port:(1086.3, 731.8)(1086.3, 804.8)(992.3, 804.8)(992.3, 731.8);GATE
Port:(1077.3, 741.8)(1081.3, 741.8)(1081.3, 794.8)(1077.3, 794.8);SD
Module:M37
Boundary:(1100.4, 828.0)(1100.4, 755.0)(1228.4, 755.0)(1228.4, 828.0);GATE
Port:(1218.4, 769.5)(1228.4, 769.5)(1228.4, 813.5)(1218.4, 813.5);SD
Port:(1100.4, 828.0)(1100.4, 755.0)(1213.4, 755.0)(1213.4, 828.0);GATE
Port:(1105.4, 765.0)(1109.4, 765.0)(1109.4, 818.0)(1105.4, 818.0);SD
Module:M35
Boundary:(487.0, 817.6)(598.5, 817.6)(598.5, 805.6)(614.0, 805.6)(614.0, 733.6)(487.0, 733.6);GATE
Port:(501.5, 733.6)(599.5, 733.6)(599.5, 743.6)(501.5, 743.6);SD
Port:(487.0, 817.6)(598.5, 817.6)(598.5, 805.6)(614.0, 805.6)(614.0, 748.6)(487.0, 748.6);GATE
Port:(497.0, 808.6)(584.0, 808.6)(584.0, 812.6)(497.0, 812.6);SD
Module:M38
Boundary:(695.7, 807.0)(695.7, 734.0)(801.7, 734.0)(801.7, 807.0);GATE
Port:(791.7, 748.5)(801.7, 748.5)(801.7, 792.5)(791.7, 792.5);SD
Port:(695.7, 807.0)(695.7, 734.0)(786.7, 734.0)(786.7, 807.0);GATE
Port:(700.7, 744.0)(704.7, 744.0)(704.7, 797.0)(700.7, 797.0);SD
Module:M31
Boundary:(695.1, 733.9)(695.1, 809.9)(687.1, 809.9)(687.1, 824.9)(623.1, 824.9)(623.1, 733.9);GATE
Port:(623.1, 748.4)(633.1, 748.4)(633.1, 810.4)(623.1, 810.4);SD
Port:(695.1, 733.9)(695.1, 809.9)(687.1, 809.9)(687.1, 824.9)(638.1, 824.9)(638.1, 733.9);GATE
Port:(686.1, 743.9)(690.1, 743.9)(690.1, 794.9)(686.1, 794.9);SD
Module:M9
Boundary:(231.1, 890.1)(231.1, 817.1)(409.1, 817.1)(409.1, 890.1);GATE
Port:(399.1, 831.6)(409.1, 831.6)(409.1, 875.6)(399.1, 875.6);SD
Port:(231.1, 890.1)(231.1, 817.1)(394.1, 817.1)(394.1, 890.1);GATE
Port:(236.1, 827.1)(240.1, 827.1)(240.1, 880.1)(236.1, 880.1);SD
Module:M43
Boundary:(53.8, 677.7)(165.3, 677.7)(165.3, 689.7)(180.8, 689.7)(180.8, 871.7)(53.8, 871.7);GATE
Port:(68.3, 861.7)(166.3, 861.7)(166.3, 871.7)(68.3, 871.7);SD
Port:(53.8, 677.7)(165.3, 677.7)(165.3, 689.7)(180.8, 689.7)(180.8, 856.7)(53.8, 856.7);GATE
Port:(63.8, 682.7)(150.8, 682.7)(150.8, 686.7)(63.8, 686.7);SD
Module:M19
Boundary:(637.1, 887.4)(525.6, 887.4)(525.6, 925.5)(474.1, 925.5)(474.1, 1017.4)(637.1, 1017.4);GATE
Port:(488.6, 1007.4)(622.6, 1007.4)(622.6, 1017.4)(488.6, 1017.4);SD
Port:(637.1, 887.4)(525.6, 887.4)(525.6, 925.5)(474.1, 925.5)(474.1, 1002.4)(637.1, 1002.4);GATE
Port:(540.1, 892.4)(627.1, 892.4)(627.1, 896.4)(540.1, 896.4);SD
Module:M39
Boundary:(234.1, 1017.5)(381.6, 1017.5)(381.6, 1001.5)(397.1, 1001.5)(397.1, 948.5)(234.1, 948.5);GATE
Port:(248.6, 948.5)(382.6, 948.5)(382.6, 958.5)(248.6, 958.5);SD
Port:(234.1, 1017.5)(381.6, 1017.5)(381.6, 1001.5)(397.1, 1001.5)(397.1, 963.5)(234.1, 963.5);GATE
Port:(244.1, 1008.5)(367.1, 1008.5)(367.1, 1012.5)(244.1, 1012.5);SD
Module:M18
Boundary:(644.9, 1038.7)(792.4, 1038.7)(792.4, 992.0)(825.9, 992.0)(825.9, 931.7)(644.9, 931.7);GATE
Port:(659.4, 931.7)(811.4, 931.7)(811.4, 941.7)(659.4, 941.7);SD
Port:(644.9, 1038.7)(792.4, 1038.7)(792.4, 992.0)(825.9, 992.0)(825.9, 946.7)(644.9, 946.7);GATE
Port:(654.9, 1029.7)(777.9, 1029.7)(777.9, 1033.7)(654.9, 1033.7);SD
Module:M5
Boundary:(1273.0, 844.9)(1125.5, 844.9)(1125.5, 988.9)(840.0, 988.9)(840.0, 1026.9)(1273.0, 1026.9);GATE
Port:(854.5, 1016.9)(1258.5, 1016.9)(1258.5, 1026.9)(854.5, 1026.9);SD
Port:(1273.0, 844.9)(1125.5, 844.9)(1125.5, 988.9)(840.0, 988.9)(840.0, 1011.9)(1273.0, 1011.9);GATE
Port:(1140.0, 849.9)(1263.0, 849.9)(1263.0, 853.9)(1140.0, 853.9);SD
Module:M34
Boundary:(81.9, 999.7)(193.4, 999.7)(193.4, 987.7)(208.9, 987.7)(208.9, 922.7)(81.9, 922.7);GATE
Port:(96.4, 922.7)(194.4, 922.7)(194.4, 932.7)(96.4, 932.7);SD
Port:(81.9, 999.7)(193.4, 999.7)(193.4, 987.7)(208.9, 987.7)(208.9, 937.7)(81.9, 937.7);GATE
Port:(91.9, 990.7)(178.9, 990.7)(178.9, 994.7)(91.9, 994.7);SD
