Area:(-20.0, 14.0)(302.7, 14.0)(302.7, 462.2)(-20.0, 462.2)
Rule:GATE(5,5);SD(5,5);GATE_SD(0.5);GATE_ITO(0.5);SD_ITO(0.5)
Module:M4
Boundary:(107.1, 54.0)(236.6, 54.0)(236.6, 68.0)(252.1, 68.0)(252.1, 190.0)(107.1, 190.0);GATE
Port:(121.6, 180.0)(237.6, 180.0)(237.6, 190.0)(121.6, 190.0);SD
Port:(107.1, 54.0)(236.6, 54.0)(236.6, 68.0)(252.1, 68.0)(252.1, 175.0)(107.1, 175.0);GATE
Port:(117.1, 59.0)(222.1, 59.0)(222.1, 63.0)(117.1, 63.0);SD
Module:M1
Boundary:(90.0, 54.6)(90.0, 202.1)(69.0, 202.1)(69.0, 217.6)(20.0, 217.6)(20.0, 54.6);GATE
Port:(20.0, 69.1)(30.0, 69.1)(30.0, 203.1)(20.0, 203.1);SD
Port:(90.0, 54.6)(90.0, 202.1)(69.0, 202.1)(69.0, 217.6)(35.0, 217.6)(35.0, 54.6);GATE
Port:(81.0, 64.6)(85.0, 64.6)(85.0, 187.6)(81.0, 187.6);SD
Module:M5
Boundary:(241.1, 196.9)(241.1, 269.9)(149.1, 269.9)(149.1, 196.9);GATE
Port:(149.1, 211.4)(159.1, 211.4)(159.1, 255.4)(149.1, 255.4);SD
Port:(241.1, 196.9)(241.1, 269.9)(164.1, 269.9)(164.1, 196.9);GATE
Port:(232.1, 206.9)(236.1, 206.9)(236.1, 259.9)(232.1, 259.9);SD
Module:M2
Boundary:(145.0, 239.5)(145.0, 387.0)(129.0, 387.0)(129.0, 402.5)(20.0, 402.5)(20.0, 239.5);GATE
Port:(20.0, 254.0)(30.0, 254.0)(30.0, 388.0)(20.0, 388.0);SD
Port:(145.0, 239.5)(145.0, 387.0)(129.0, 387.0)(129.0, 402.5)(35.0, 402.5)(35.0, 239.5);GATE
Port:(136.0, 249.5)(140.0, 249.5)(140.0, 372.5)(136.0, 372.5);SD
Module:M3
Boundary:(262.7, 277.2)(262.7, 406.7)(248.7, 406.7)(248.7, 422.2)(160.7, 422.2)(160.7, 277.2);GATE
Port:(160.7, 291.7)(170.7, 291.7)(170.7, 407.7)(160.7, 407.7);SD
Port:(262.7, 277.2)(262.7, 406.7)(248.7, 406.7)(248.7, 422.2)(175.7, 422.2)(175.7, 277.2);GATE
Port:(253.7, 287.2)(257.7, 287.2)(257.7, 392.2)(253.7, 392.2);SD
