Area:(-20.0, -20.0)(532.1, -20.0)(532.1, 1560.2)(-20.0, 1560.2)
Rule:GATE(5,5);SD(5,5);GATE_SD(0.5);GATE_ITO(0.5);SD_ITO(0.5)
Module:M14
Boundary:(473.0, 194.5)(473.0, 296.8)(418.4, 296.8)(418.4, 313.1)(339.8, 313.1)(339.8, 194.5);GATE
Port:(339.8, 206.8)(344.7, 206.8)(344.7, 300.8)(339.8, 300.8);SD
Port:(473.0, 194.5)(473.0, 296.8)(418.4, 296.8)(418.4, 313.1)(347.3, 313.1)(347.3, 194.5);GATE
Port:(463.9, 199.5)(469.0, 199.5)(469.0, 290.8)(463.9, 290.8);SD
Module:M9
Boundary:(30.0, 30.0)(130.8, 30.0)(130.8, 30.3)(147.2, 30.3)(147.2, 238.6)(30.0, 238.6);GATE
Port:(43.8, 233.7)(133.4, 233.7)(133.4, 238.6)(43.8, 238.6);SD
Port:(30.0, 30.0)(130.8, 30.0)(130.8, 30.3)(147.2, 30.3)(147.2, 231.1)(30.0, 231.1);GATE
Port:(36.1, 35.1)(124.7, 35.1)(124.7, 41.1)(36.1, 41.1);SD
Module:M5
Boundary:(395.7, 869.9)(489.2, 869.9)(489.2, 1097.7)(395.7, 1097.7);GATE
Port:(409.5, 1093.6)(475.4, 1093.6)(475.4, 1097.7)(409.5, 1097.7);SD
Port:(395.7, 869.9)(489.2, 869.9)(489.2, 1092.6)(395.7, 1092.6);GATE
Port:(402.5, 875.7)(482.4, 875.7)(482.4, 881.7)(402.5, 881.7);SD
Module:M11
Boundary:(197.2, 140.2)(287.4, 140.2)(287.4, 276.3)(197.2, 276.3);GATE
Port:(212.3, 271.5)(272.3, 271.5)(272.3, 276.3)(212.3, 276.3);SD
Port:(197.2, 140.2)(287.4, 140.2)(287.4, 269.8)(197.2, 269.8);GATE
Port:(203.4, 145.4)(281.2, 145.4)(281.2, 152.7)(203.4, 152.7);SD
Module:M1
Boundary:(247.1, 1100.3)(327.2, 1100.3)(327.2, 1100.4)(343.1, 1100.4)(343.1, 1236.6)(247.1, 1236.6);GATE
Port:(259.4, 1231.8)(330.8, 1231.8)(330.8, 1236.6)(259.4, 1236.6);SD
Port:(247.1, 1100.3)(327.2, 1100.3)(327.2, 1100.4)(343.1, 1100.4)(343.1, 1230.5)(247.1, 1230.5);GATE
Port:(252.3, 1104.5)(322.0, 1104.5)(322.0, 1110.3)(252.3, 1110.3);SD
Module:M27
Boundary:(410.9, 363.1)(473.6, 363.1)(473.6, 363.3)(488.5, 363.3)(488.5, 532.2)(410.9, 532.2);GATE
Port:(423.9, 527.3)(475.5, 527.3)(475.5, 532.2)(423.9, 532.2);SD
Port:(410.9, 363.1)(473.6, 363.1)(473.6, 363.3)(488.5, 363.3)(488.5, 526.2)(410.9, 526.2);GATE
Port:(416.3, 367.5)(468.2, 367.5)(468.2, 374.5)(416.3, 374.5);SD
Module:M24
Boundary:(370.9, 434.8)(370.9, 501.3)(353.8, 501.3)(353.8, 516.6)(174.8, 516.6)(174.8, 434.8);GATE
Port:(174.8, 447.6)(180.3, 447.6)(180.3, 503.8)(174.8, 503.8);SD
Port:(370.9, 434.8)(370.9, 501.3)(353.8, 501.3)(353.8, 516.6)(183.3, 516.6)(183.3, 434.8);GATE
Port:(360.1, 440.4)(366.3, 440.4)(366.3, 494.7)(360.1, 494.7);SD
Module:M19
Boundary:(30.0, 946.3)(82.3, 946.3)(82.3, 946.7)(99.4, 946.7)(99.4, 1021.4)(30.0, 1021.4);GATE
Port:(44.2, 1015.8)(85.2, 1015.8)(85.2, 1021.4)(44.2, 1021.4);SD
Port:(30.0, 946.3)(82.3, 946.3)(82.3, 946.7)(99.4, 946.7)(99.4, 1014.7)(30.0, 1014.7);GATE
Port:(35.4, 950.7)(76.9, 950.7)(76.9, 957.1)(35.4, 957.1);SD
Module:M6
Boundary:(355.7, 813.3)(355.7, 923.8)(149.4, 923.8)(149.4, 813.3);GATE
Port:(149.4, 827.5)(155.3, 827.5)(155.3, 909.6)(149.4, 909.6);SD
Port:(355.7, 813.3)(355.7, 923.8)(158.1, 923.8)(158.1, 813.3);GATE
Port:(344.9, 818.7)(351.3, 818.7)(351.3, 918.4)(344.9, 918.4);SD
Module:M21
Boundary:(488.6, 768.8)(488.6, 829.9)(403.2, 829.9)(403.2, 768.8);GATE
Port:(403.2, 781.2)(408.9, 781.2)(408.9, 817.5)(403.2, 817.5);SD
Port:(488.6, 768.8)(488.6, 829.9)(410.3, 829.9)(410.3, 768.8);GATE
Port:(478.9, 773.9)(484.5, 773.9)(484.5, 824.8)(478.9, 824.8);SD
Module:M2
Boundary:(481.3, 30.0)(481.3, 118.3)(400.2, 118.3)(400.2, 134.5)(340.2, 134.5)(340.2, 30.0);GATE
Port:(340.2, 44.4)(346.0, 44.4)(346.0, 120.1)(340.2, 120.1);SD
Port:(481.3, 30.0)(481.3, 118.3)(400.2, 118.3)(400.2, 134.5)(347.3, 134.5)(347.3, 30.0);GATE
Port:(470.1, 35.6)(476.7, 35.6)(476.7, 111.7)(470.1, 111.7);SD
Module:M16
Boundary:(492.1, 1397.0)(492.1, 1504.1)(443.1, 1504.1)(443.1, 1520.2)(369.8, 1520.2)(369.8, 1397.0);GATE
Port:(369.8, 1412.4)(373.9, 1412.4)(373.9, 1504.8)(369.8, 1504.8);SD
Port:(492.1, 1397.0)(492.1, 1504.1)(443.1, 1504.1)(443.1, 1520.2)(375.2, 1520.2)(375.2, 1397.0);GATE
Port:(479.6, 1403.3)(486.8, 1403.3)(486.8, 1496.8)(479.6, 1496.8);SD
Module:M13
Boundary:(142.4, 1090.3)(197.1, 1090.3)(197.1, 1230.7)(142.4, 1230.7);GATE
Port:(157.5, 1226.3)(182.0, 1226.3)(182.0, 1230.7)(157.5, 1230.7);SD
Port:(142.4, 1090.3)(197.1, 1090.3)(197.1, 1224.4)(142.4, 1224.4);GATE
Port:(149.1, 1096.0)(190.4, 1096.0)(190.4, 1102.8)(149.1, 1102.8);SD
Module:M10
Boundary:(407.1, 572.2)(477.9, 572.2)(477.9, 598.7)(490.3, 598.7)(490.3, 728.8)(407.1, 728.8);GATE
Port:(418.6, 723.7)(478.8, 723.7)(478.8, 728.8)(418.6, 728.8);SD
Port:(407.1, 572.2)(477.9, 572.2)(477.9, 598.7)(490.3, 598.7)(490.3, 721.7)(407.1, 721.7);GATE
Port:(412.4, 576.5)(471.6, 576.5)(471.6, 582.0)(412.4, 582.0);SD
Module:M29
Boundary:(290.2, 20.0)(290.2, 84.1)(290.2, 84.1)(290.2, 100.2)(197.2, 100.2)(197.2, 20.0);GATE
Port:(197.2, 32.1)(202.8, 32.1)(202.8, 88.1)(197.2, 88.1);SD
Port:(290.2, 20.0)(290.2, 84.1)(290.2, 84.1)(290.2, 100.2)(205.3, 100.2)(205.3, 20.0);GATE
Port:(280.3, 25.8)(285.4, 25.8)(285.4, 78.3)(280.3, 78.3);SD
Module:M7
Boundary:(196.7, 1417.1)(196.7, 1502.2)(20.0, 1502.2)(20.0, 1417.1);GATE
Port:(20.0, 1431.7)(24.1, 1431.7)(24.1, 1487.6)(20.0, 1487.6);SD
Port:(196.7, 1417.1)(196.7, 1502.2)(26.8, 1502.2)(26.8, 1417.1);GATE
Port:(184.5, 1423.7)(191.1, 1423.7)(191.1, 1495.6)(184.5, 1495.6);SD
Module:M3
Boundary:(393.1, 1137.7)(491.6, 1137.7)(491.6, 1251.1)(393.1, 1251.1);GATE
Port:(405.4, 1247.0)(479.3, 1247.0)(479.3, 1251.1)(405.4, 1251.1);SD
Port:(393.1, 1137.7)(491.6, 1137.7)(491.6, 1244.8)(393.1, 1244.8);GATE
Port:(398.3, 1141.9)(469.9, 1141.9)(469.9, 1147.7)(398.3, 1147.7);SD
Module:M26
Boundary:(94.8, 1282.8)(94.8, 1362.5)(74.2, 1362.5)(74.2, 1377.1)(20.0, 1377.1)(20.0, 1282.8);GATE
Port:(20.0, 1295.5)(24.3, 1295.5)(24.3, 1364.4)(20.0, 1364.4);SD
Port:(94.8, 1282.8)(94.8, 1362.5)(74.2, 1362.5)(74.2, 1377.1)(25.5, 1377.1)(25.5, 1282.8);GATE
Port:(84.6, 1288.4)(90.2, 1288.4)(90.2, 1355.9)(84.6, 1355.9);SD
Module:M23
Boundary:(363.2, 679.5)(363.2, 758.2)(363.0, 758.2)(363.0, 773.3)(153.9, 773.3)(153.9, 679.5);GATE
Port:(153.9, 692.3)(159.4, 692.3)(159.4, 760.5)(153.9, 760.5);SD
Port:(363.2, 679.5)(363.2, 758.2)(363.0, 758.2)(363.0, 773.3)(161.3, 773.3)(161.3, 679.5);GATE
Port:(352.0, 685.0)(358.7, 685.0)(358.7, 752.7)(352.0, 752.7);SD
Module:M18
Boundary:(244.7, 1296.6)(244.7, 1346.5)(199.1, 1346.5)(199.1, 1360.1)(144.8, 1360.1)(144.8, 1296.6);GATE
Port:(144.8, 1309.9)(149.0, 1309.9)(149.0, 1346.8)(144.8, 1346.8);SD
Port:(244.7, 1296.6)(244.7, 1346.5)(199.1, 1346.5)(199.1, 1360.1)(151.1, 1360.1)(151.1, 1296.6);GATE
Port:(233.1, 1302.9)(239.4, 1302.9)(239.4, 1339.2)(233.1, 1339.2);SD
Module:M20
Boundary:(236.7, 1410.1)(315.0, 1410.1)(315.0, 1462.8)(329.8, 1462.8)(329.8, 1518.8)(236.7, 1518.8);GATE
Port:(248.0, 1513.9)(318.5, 1513.9)(318.5, 1518.8)(248.0, 1518.8);SD
Port:(236.7, 1410.1)(315.0, 1410.1)(315.0, 1462.8)(329.8, 1462.8)(329.8, 1511.8)(236.7, 1511.8);GATE
Port:(241.8, 1414.2)(308.9, 1414.2)(308.9, 1418.9)(241.8, 1418.9);SD
Module:M15
Boundary:(20.0, 1071.4)(102.4, 1071.4)(102.4, 1242.8)(20.0, 1242.8);GATE
Port:(33.1, 1238.2)(89.3, 1238.2)(89.3, 1242.8)(33.1, 1242.8);SD
Port:(20.0, 1071.4)(102.4, 1071.4)(102.4, 1237.1)(20.0, 1237.1);GATE
Port:(25.0, 1075.4)(97.4, 1075.4)(97.4, 1081.4)(25.0, 1081.4);SD
Module:M12
Boundary:(487.2, 1291.1)(487.2, 1341.8)(437.2, 1341.8)(437.2, 1357.0)(294.7, 1357.0)(294.7, 1291.1);GATE
Port:(294.7, 1304.2)(299.1, 1304.2)(299.1, 1343.9)(294.7, 1343.9);SD
Port:(487.2, 1291.1)(487.2, 1341.8)(437.2, 1341.8)(437.2, 1357.0)(302.0, 1357.0)(302.0, 1291.1);GATE
Port:(476.2, 1296.5)(482.8, 1296.5)(482.8, 1335.4)(476.2, 1335.4);SD
Module:M8
Boundary:(30.0, 562.4)(86.0, 562.4)(86.0, 595.2)(103.9, 595.2)(103.9, 655.3)(30.0, 655.3);GATE
Port:(44.4, 649.4)(89.5, 649.4)(89.5, 655.3)(44.4, 655.3);SD
Port:(30.0, 562.4)(86.0, 562.4)(86.0, 595.2)(103.9, 595.2)(103.9, 646.7)(30.0, 646.7);GATE
Port:(35.9, 567.3)(79.1, 567.3)(79.1, 573.4)(35.9, 573.4);SD
Module:M4
Boundary:(20.0, 288.6)(119.3, 288.6)(119.3, 328.6)(134.8, 328.6)(134.8, 512.4)(20.0, 512.4);GATE
Port:(32.6, 507.6)(122.2, 507.6)(122.2, 512.4)(32.6, 512.4);SD
Port:(20.0, 288.6)(119.3, 288.6)(119.3, 328.6)(134.8, 328.6)(134.8, 506.3)(20.0, 506.3);GATE
Port:(25.0, 292.6)(113.3, 292.6)(113.3, 298.6)(25.0, 298.6);SD
Module:M28
Boundary:(153.9, 556.6)(203.9, 556.6)(203.9, 590.7)(217.9, 590.7)(217.9, 639.1)(153.9, 639.1);GATE
Port:(167.0, 634.2)(204.8, 634.2)(204.8, 639.1)(167.0, 639.1);SD
Port:(153.9, 556.6)(203.9, 556.6)(203.9, 590.7)(217.9, 590.7)(217.9, 631.6)(153.9, 631.6);GATE
Port:(160.7, 562.4)(196.1, 562.4)(196.1, 567.9)(160.7, 567.9);SD
Module:M30
Boundary:(345.1, 963.8)(345.1, 1037.2)(259.1, 1037.2)(259.1, 1050.3)(149.4, 1050.3)(149.4, 963.8);GATE
Port:(149.4, 975.8)(155.3, 975.8)(155.3, 1038.3)(149.4, 1038.3);SD
Port:(345.1, 963.8)(345.1, 1037.2)(259.1, 1037.2)(259.1, 1050.3)(157.4, 1050.3)(157.4, 963.8);GATE
Port:(335.1, 969.8)(340.1, 969.8)(340.1, 1030.2)(335.1, 1030.2);SD
Module:M25
Boundary:(367.1, 556.6)(367.1, 639.5)(257.9, 639.5)(257.9, 556.6);GATE
Port:(257.9, 569.9)(263.7, 569.9)(263.7, 626.2)(257.9, 626.2);SD
Port:(367.1, 556.6)(367.1, 639.5)(265.1, 639.5)(265.1, 556.6);GATE
Port:(356.7, 562.0)(362.7, 562.0)(362.7, 634.1)(356.7, 634.1);SD
Module:M22
Boundary:(174.8, 316.3)(275.0, 316.3)(275.0, 326.1)(289.8, 326.1)(289.8, 394.8)(174.8, 394.8);GATE
Port:(189.7, 389.3)(274.9, 389.3)(274.9, 394.8)(189.7, 394.8);SD
Port:(174.8, 316.3)(275.0, 316.3)(275.0, 326.1)(289.8, 326.1)(289.8, 386.9)(174.8, 386.9);GATE
Port:(181.4, 321.9)(267.4, 321.9)(267.4, 328.3)(181.4, 328.3);SD
Module:M17
Boundary:(20.0, 705.3)(104.6, 705.3)(104.6, 896.3)(20.0, 896.3);GATE
Port:(35.2, 891.7)(89.4, 891.7)(89.4, 896.3)(35.2, 896.3);SD
Port:(20.0, 705.3)(104.6, 705.3)(104.6, 890.1)(20.0, 890.1);GATE
Port:(26.7, 711.0)(97.9, 711.0)(97.9, 718.0)(26.7, 718.0);SD
