Area:(-20.0, -20.0)(424.7, -20.0)(424.7, 333.2)(-20.0, 333.2)
Rule:GATE(5,5);SD(5,5);GATE_SD(0.5);GATE_ITO(0.5);SD_ITO(0.5)
Module:M5
Boundary:(363.5, 20.0)(363.5, 101.5)(363.5, 101.5)(363.5, 117.6)(266.3, 117.6)(266.3, 20.0);GATE
Port:(266.3, 32.9)(271.9, 32.9)(271.9, 104.7)(266.3, 104.7);SD
Port:(363.5, 20.0)(363.5, 101.5)(363.5, 101.5)(363.5, 117.6)(273.2, 117.6)(273.2, 20.0);GATE
Port:(352.9, 25.8)(358.7, 25.8)(358.7, 95.7)(352.9, 95.7);SD
Module:M1
Boundary:(384.7, 172.6)(384.7, 276.1)(384.6, 276.1)(384.6, 293.2)(178.1, 293.2)(178.1, 172.6);GATE
Port:(178.1, 186.7)(183.7, 186.7)(183.7, 279.1)(178.1, 279.1);SD
Port:(384.7, 172.6)(384.7, 276.1)(384.6, 276.1)(384.6, 293.2)(185.2, 293.2)(185.2, 172.6);GATE
Port:(373.7, 179.4)(378.9, 179.4)(378.9, 269.3)(373.7, 269.3);SD
Module:M2
Boundary:(20.0, 20.0)(105.4, 20.0)(105.4, 88.6)(121.2, 88.6)(121.2, 183.0)(20.0, 183.0);GATE
Port:(33.3, 178.1)(107.9, 178.1)(107.9, 183.0)(33.3, 183.0);SD
Port:(20.0, 20.0)(105.4, 20.0)(105.4, 88.6)(121.2, 88.6)(121.2, 175.8)(20.0, 175.8);GATE
Port:(26.8, 25.8)(97.6, 25.8)(97.6, 30.3)(26.8, 30.3);SD
Module:M3
Boundary:(138.1, 223.0)(138.1, 274.4)(138.0, 274.4)(138.0, 291.0)(20.0, 291.0)(20.0, 223.0);GATE
Port:(20.0, 236.9)(24.1, 236.9)(24.1, 277.1)(20.0, 277.1);SD
Port:(138.1, 223.0)(138.1, 274.4)(138.0, 274.4)(138.0, 291.0)(26.4, 291.0)(26.4, 223.0);GATE
Port:(126.7, 229.4)(132.7, 229.4)(132.7, 268.0)(126.7, 268.0);SD
Module:M4
Boundary:(161.2, 20.0)(212.3, 20.0)(212.3, 81.1)(226.3, 81.1)(226.3, 132.6)(161.2, 132.6);GATE
Port:(175.4, 126.8)(212.1, 126.8)(212.1, 132.6)(175.4, 132.6);SD
Port:(161.2, 20.0)(212.3, 20.0)(212.3, 81.1)(226.3, 81.1)(226.3, 124.5)(161.2, 124.5);GATE
Port:(168.0, 25.8)(204.5, 25.8)(204.5, 31.6)(168.0, 31.6);SD
