Area:(-20.0, -20.0)(1202.0, -20.0)(1202.0, 722.0)(-20.0, 722.0)
Rule:GATE(5,5);SD(5,5);GATE_SD(0.5);GATE_ITO(0.5);SD_ITO(0.5)
Module:M14
Boundary:(567.0, 20.0)(714.5, 20.0)(714.5, 36.0)(730.0, 36.0)(730.0, 100.0)(567.0, 100.0);GATE
Port:(581.5, 90.0)(715.5, 90.0)(715.5, 100.0)(581.5, 100.0);SD
Port:(567.0, 20.0)(714.5, 20.0)(714.5, 36.0)(730.0, 36.0)(730.0, 85.0)(567.0, 85.0);GATE
Port:(577.0, 25.0)(700.0, 25.0)(700.0, 29.0)(577.0, 29.0);SD
Module:M9
Boundary:(506.0, 167.0)(506.0, 296.5)(462.0, 296.5)(462.0, 348.0)(418.0, 348.0)(418.0, 167.0);GATE
Port:(418.0, 181.5)(428.0, 181.5)(428.0, 333.5)(418.0, 333.5);SD
Port:(506.0, 167.0)(506.0, 296.5)(462.0, 296.5)(462.0, 348.0)(433.0, 348.0)(433.0, 167.0);GATE
Port:(497.0, 177.0)(501.0, 177.0)(501.0, 282.0)(497.0, 282.0);SD
Module:M5
Boundary:(560.0, 605.0)(560.0, 678.0)(492.0, 678.0)(492.0, 605.0);GATE
Port:(492.0, 619.5)(502.0, 619.5)(502.0, 663.5)(492.0, 663.5);SD
Port:(560.0, 605.0)(560.0, 678.0)(507.0, 678.0)(507.0, 605.0);GATE
Port:(551.0, 615.0)(555.0, 615.0)(555.0, 668.0)(551.0, 668.0);SD
Module:M11
Boundary:(740.0, 492.0)(851.5, 492.0)(851.5, 504.0)(867.0, 504.0)(867.0, 653.0)(740.0, 653.0);GATE
Port:(754.5, 643.0)(852.5, 643.0)(852.5, 653.0)(754.5, 653.0);SD
Port:(740.0, 492.0)(851.5, 492.0)(851.5, 504.0)(867.0, 504.0)(867.0, 638.0)(740.0, 638.0);GATE
Port:(750.0, 497.0)(837.0, 497.0)(837.0, 501.0)(750.0, 501.0);SD
Module:M1
Boundary:(361.0, 546.0)(437.0, 546.0)(437.0, 554.0)(452.0, 554.0)(452.0, 673.0)(361.0, 673.0);GATE
Port:(375.5, 663.0)(437.5, 663.0)(437.5, 673.0)(375.5, 673.0);SD
Port:(361.0, 546.0)(437.0, 546.0)(437.0, 554.0)(452.0, 554.0)(452.0, 658.0)(361.0, 658.0);GATE
Port:(371.0, 551.0)(422.0, 551.0)(422.0, 555.0)(371.0, 555.0);SD
Module:M24
Boundary:(770.0, 20.0)(843.0, 20.0)(843.0, 118.0)(770.0, 118.0);GATE
Port:(784.5, 108.0)(828.5, 108.0)(828.5, 118.0)(784.5, 118.0);SD
Port:(770.0, 20.0)(843.0, 20.0)(843.0, 103.0)(770.0, 103.0);GATE
Port:(780.0, 25.0)(833.0, 25.0)(833.0, 29.0)(780.0, 29.0);SD
Module:M19
Boundary:(700.0, 492.0)(700.0, 565.0)(503.0, 565.0)(503.0, 492.0);GATE
Port:(503.0, 506.5)(513.0, 506.5)(513.0, 550.5)(503.0, 550.5);SD
Port:(700.0, 492.0)(700.0, 565.0)(518.0, 565.0)(518.0, 492.0);GATE
Port:(691.0, 502.0)(695.0, 502.0)(695.0, 555.0)(691.0, 555.0);SD
Module:M6
Boundary:(190.0, 516.0)(190.0, 663.5)(174.0, 663.5)(174.0, 679.0)(20.0, 679.0)(20.0, 516.0);GATE
Port:(20.0, 530.5)(30.0, 530.5)(30.0, 664.5)(20.0, 664.5);SD
Port:(190.0, 516.0)(190.0, 663.5)(174.0, 663.5)(174.0, 679.0)(35.0, 679.0)(35.0, 516.0);GATE
Port:(181.0, 526.0)(185.0, 526.0)(185.0, 649.0)(181.0, 649.0);SD
Module:M21
Boundary:(992.0, 259.0)(1103.5, 259.0)(1103.5, 371.0)(1155.0, 371.0)(1155.0, 450.0)(992.0, 450.0);GATE
Port:(1006.5, 440.0)(1140.5, 440.0)(1140.5, 450.0)(1006.5, 450.0);SD
Port:(992.0, 259.0)(1103.5, 259.0)(1103.5, 371.0)(1155.0, 371.0)(1155.0, 435.0)(992.0, 435.0);GATE
Port:(1002.0, 264.0)(1089.0, 264.0)(1089.0, 268.0)(1002.0, 268.0);SD
Module:M2
Boundary:(843.0, 158.0)(843.0, 269.5)(831.0, 269.5)(831.0, 285.0)(683.0, 285.0)(683.0, 158.0);GATE
Port:(683.0, 172.5)(693.0, 172.5)(693.0, 270.5)(683.0, 270.5);SD
Port:(843.0, 158.0)(843.0, 269.5)(831.0, 269.5)(831.0, 285.0)(698.0, 285.0)(698.0, 158.0);GATE
Port:(834.0, 168.0)(838.0, 168.0)(838.0, 255.0)(834.0, 255.0);SD
Module:M16
Boundary:(643.0, 269.0)(643.0, 380.5)(605.8, 380.5)(605.8, 450.0)(546.0, 450.0)(546.0, 269.0);GATE
Port:(546.0, 283.5)(556.0, 283.5)(556.0, 435.5)(546.0, 435.5);SD
Port:(643.0, 269.0)(643.0, 380.5)(605.8, 380.5)(605.8, 450.0)(561.0, 450.0)(561.0, 269.0);GATE
Port:(634.0, 279.0)(638.0, 279.0)(638.0, 366.0)(634.0, 366.0);SD
Module:M13
Boundary:(418.0, 20.0)(511.5, 20.0)(511.5, 30.0)(527.0, 30.0)(527.0, 127.0)(418.0, 127.0);GATE
Port:(432.5, 117.0)(512.5, 117.0)(512.5, 127.0)(432.5, 127.0);SD
Port:(418.0, 20.0)(511.5, 20.0)(511.5, 30.0)(527.0, 30.0)(527.0, 112.0)(418.0, 112.0);GATE
Port:(428.0, 25.0)(497.0, 25.0)(497.0, 29.0)(428.0, 29.0);SD
Module:M10
Boundary:(843.0, 325.0)(843.0, 436.5)(831.0, 436.5)(831.0, 452.0)(683.0, 452.0)(683.0, 325.0);GATE
Port:(683.0, 339.5)(693.0, 339.5)(693.0, 437.5)(683.0, 437.5);SD
Port:(843.0, 325.0)(843.0, 436.5)(831.0, 436.5)(831.0, 452.0)(698.0, 452.0)(698.0, 325.0);GATE
Port:(834.0, 335.0)(838.0, 335.0)(838.0, 422.0)(834.0, 422.0);SD
Module:M7
Boundary:(907.0, 490.0)(1000.5, 490.0)(1000.5, 636.0)(1160.0, 636.0)(1160.0, 682.0)(907.0, 682.0);GATE
Port:(921.5, 672.0)(1145.5, 672.0)(1145.5, 682.0)(921.5, 682.0);SD
Port:(907.0, 490.0)(1000.5, 490.0)(1000.5, 636.0)(1160.0, 636.0)(1160.0, 667.0)(907.0, 667.0);GATE
Port:(917.0, 495.0)(986.0, 495.0)(986.0, 499.0)(917.0, 499.0);SD
Module:M3
Boundary:(230.0, 510.0)(306.0, 510.0)(306.0, 518.0)(321.0, 518.0)(321.0, 680.0)(230.0, 680.0);GATE
Port:(244.5, 670.0)(306.5, 670.0)(306.5, 680.0)(244.5, 680.0);SD
Port:(230.0, 510.0)(306.0, 510.0)(306.0, 518.0)(321.0, 518.0)(321.0, 665.0)(230.0, 665.0);GATE
Port:(240.0, 515.0)(291.0, 515.0)(291.0, 519.0)(240.0, 519.0);SD
Module:M23
Boundary:(952.0, 249.0)(952.0, 396.5)(936.0, 396.5)(936.0, 412.0)(883.0, 412.0)(883.0, 249.0);GATE
Port:(883.0, 263.5)(893.0, 263.5)(893.0, 397.5)(883.0, 397.5);SD
Port:(952.0, 249.0)(952.0, 396.5)(936.0, 396.5)(936.0, 412.0)(898.0, 412.0)(898.0, 249.0);GATE
Port:(943.0, 259.0)(947.0, 259.0)(947.0, 382.0)(943.0, 382.0);SD
Module:M18
Boundary:(135.0, 20.0)(135.0, 167.5)(59.7, 167.5)(59.7, 291.0)(20.0, 291.0)(20.0, 20.0);GATE
Port:(20.0, 34.5)(30.0, 34.5)(30.0, 276.5)(20.0, 276.5);SD
Port:(135.0, 20.0)(135.0, 167.5)(59.7, 167.5)(59.7, 291.0)(35.0, 291.0)(35.0, 20.0);GATE
Port:(126.0, 30.0)(130.0, 30.0)(130.0, 153.0)(126.0, 153.0);SD
Module:M20
Boundary:(883.0, 20.0)(976.5, 20.0)(976.5, 30.0)(992.0, 30.0)(992.0, 209.0)(883.0, 209.0);GATE
Port:(897.5, 199.0)(977.5, 199.0)(977.5, 209.0)(897.5, 209.0);SD
Port:(883.0, 20.0)(976.5, 20.0)(976.5, 30.0)(992.0, 30.0)(992.0, 194.0)(883.0, 194.0);GATE
Port:(893.0, 25.0)(962.0, 25.0)(962.0, 29.0)(893.0, 29.0);SD
Module:M15
Boundary:(205.0, 388.0)(316.5, 388.0)(316.5, 422.0)(350.0, 422.0)(350.0, 470.0)(205.0, 470.0);GATE
Port:(219.5, 460.0)(335.5, 460.0)(335.5, 470.0)(219.5, 470.0);SD
Port:(205.0, 388.0)(316.5, 388.0)(316.5, 422.0)(350.0, 422.0)(350.0, 455.0)(205.0, 455.0);GATE
Port:(215.0, 393.0)(302.0, 393.0)(302.0, 397.0)(215.0, 397.0);SD
Module:M12
Boundary:(390.0, 388.0)(463.0, 388.0)(463.0, 506.0)(390.0, 506.0);GATE
Port:(404.5, 496.0)(448.5, 496.0)(448.5, 506.0)(404.5, 506.0);SD
Port:(390.0, 388.0)(463.0, 388.0)(463.0, 491.0)(390.0, 491.0);GATE
Port:(400.0, 393.0)(453.0, 393.0)(453.0, 397.0)(400.0, 397.0);SD
Module:M8
Boundary:(20.0, 331.0)(149.5, 331.0)(149.5, 345.0)(165.0, 345.0)(165.0, 476.0)(20.0, 476.0);GATE
Port:(34.5, 466.0)(150.5, 466.0)(150.5, 476.0)(34.5, 476.0);SD
Port:(20.0, 331.0)(149.5, 331.0)(149.5, 345.0)(165.0, 345.0)(165.0, 461.0)(20.0, 461.0);GATE
Port:(30.0, 336.0)(135.0, 336.0)(135.0, 340.0)(30.0, 340.0);SD
Module:M4
Boundary:(378.0, 257.0)(378.0, 333.0)(370.0, 333.0)(370.0, 348.0)(205.0, 348.0)(205.0, 257.0);GATE
Port:(205.0, 271.5)(215.0, 271.5)(215.0, 333.5)(205.0, 333.5);SD
Port:(378.0, 257.0)(378.0, 333.0)(370.0, 333.0)(370.0, 348.0)(220.0, 348.0)(220.0, 257.0);GATE
Port:(369.0, 267.0)(373.0, 267.0)(373.0, 318.0)(369.0, 318.0);SD
Module:M25
Boundary:(1162.0, 20.0)(1162.0, 149.5)(1107.0, 149.5)(1107.0, 219.0)(1032.0, 219.0)(1032.0, 20.0);GATE
Port:(1032.0, 34.5)(1042.0, 34.5)(1042.0, 204.5)(1032.0, 204.5);SD
Port:(1162.0, 20.0)(1162.0, 149.5)(1107.0, 149.5)(1107.0, 219.0)(1047.0, 219.0)(1047.0, 20.0);GATE
Port:(1153.0, 30.0)(1157.0, 30.0)(1157.0, 135.0)(1153.0, 135.0);SD
Module:M22
Boundary:(175.0, 20.0)(268.5, 20.0)(268.5, 133.7)(374.0, 133.7)(374.0, 217.0)(175.0, 217.0);GATE
Port:(189.5, 207.0)(359.5, 207.0)(359.5, 217.0)(189.5, 217.0);SD
Port:(175.0, 20.0)(268.5, 20.0)(268.5, 133.7)(374.0, 133.7)(374.0, 202.0)(175.0, 202.0);GATE
Port:(185.0, 25.0)(254.0, 25.0)(254.0, 29.0)(185.0, 29.0);SD
Module:M17
Boundary:(567.0, 140.0)(640.0, 140.0)(640.0, 229.0)(567.0, 229.0);GATE
Port:(581.5, 219.0)(625.5, 219.0)(625.5, 229.0)(581.5, 229.0);SD
Port:(567.0, 140.0)(640.0, 140.0)(640.0, 214.0)(567.0, 214.0);GATE
Port:(577.0, 145.0)(630.0, 145.0)(630.0, 149.0)(577.0, 149.0);SD
