Area:(-10.9, 12.5)(338.4, 12.5)(338.4, 417.3)(-10.9, 417.3)
Rule:GATE(5,5);SD(5,5);GATE_SD(0.5);GATE_ITO(0.5);SD_ITO(0.5)
Module:M2
Boundary:(203.1, 70.5)(203.1, 145.8)(105.3, 145.8)(105.3, 162.8)(36.9, 162.8)(36.9, 70.5);GATE
Port:(36.9, 86.1)(41.0, 86.1)(41.0, 147.2)(36.9, 147.2);SD
Port:(203.1, 70.5)(203.1, 145.8)(105.3, 145.8)(105.3, 162.8)(43.9, 162.8)(43.9, 70.5);GATE
Port:(190.7, 76.8)(197.8, 76.8)(197.8, 138.5)(190.7, 138.5);SD
Module:M4
Boundary:(206.4, 52.5)(284.9, 52.5)(284.9, 89.2)(298.4, 89.2)(298.4, 150.5)(206.4, 150.5);GATE
Port:(219.6, 146.3)(285.2, 146.3)(285.2, 150.5)(219.6, 150.5);SD
Port:(206.4, 52.5)(284.9, 52.5)(284.9, 89.2)(298.4, 89.2)(298.4, 145.1)(206.4, 145.1);GATE
Port:(213.3, 58.4)(277.0, 58.4)(277.0, 63.9)(213.3, 63.9);SD
Module:M3
Boundary:(156.3, 166.8)(53.7, 166.8)(53.7, 255.1)(156.3, 255.1);GATE
Port:(67.7, 250.6)(142.3, 250.6)(142.3, 255.1)(67.7, 255.1);SD
Port:(156.3, 166.8)(53.7, 166.8)(53.7, 248.0)(156.3, 248.0);GATE
Port:(60.3, 172.4)(149.7, 172.4)(149.7, 177.8)(60.3, 177.8);SD
Module:M5
Boundary:(163.7, 164.9)(264.4, 164.9)(264.4, 165.3)(280.6, 165.3)(280.6, 360.9)(163.7, 360.9);GATE
Port:(178.6, 356.0)(265.7, 356.0)(265.7, 360.9)(178.6, 360.9);SD
Port:(163.7, 164.9)(264.4, 164.9)(264.4, 165.3)(280.6, 165.3)(280.6, 354.9)(163.7, 354.9);GATE
Port:(170.1, 170.3)(258.0, 170.3)(258.0, 176.6)(170.1, 176.6);SD
Module:M1
Boundary:(29.1, 377.3)(29.1, 281.0)(29.3, 281.0)(29.3, 261.8)(148.6, 261.8)(148.6, 377.3);GATE
Port:(143.2, 277.3)(148.6, 277.3)(148.6, 361.8)(143.2, 361.8);SD
Port:(29.1, 377.3)(29.1, 281.0)(29.3, 281.0)(29.3, 261.8)(140.6, 261.8)(140.6, 377.3);GATE
Port:(34.2, 287.1)(41.3, 287.1)(41.3, 371.2)(34.2, 371.2);SD
