Area:(5.4, -7.8)(1048.0, -7.8)(1048.0, 547.0)(5.4, 547.0)
Rule:GATE(5,5);SD(5,5);GATE_SD(0.5);GATE_ITO(0.5);SD_ITO(0.5)
Module:M4
Boundary:(461.9, 37.3)(555.4, 37.3)(555.4, 47.3)(570.9, 47.3)(570.9, 147.3)(461.9, 147.3);GATE
Port:(476.4, 137.3)(556.4, 137.3)(556.4, 147.3)(476.4, 147.3);SD
Port:(461.9, 37.3)(555.4, 37.3)(555.4, 47.3)(570.9, 47.3)(570.9, 132.3)(461.9, 132.3);GATE
Port:(471.9, 42.3)(540.9, 42.3)(540.9, 46.3)(471.9, 46.3);SD
Module:M3
Boundary:(256.8, 172.5)(404.3, 172.5)(404.3, 104.2)(455.8, 104.2)(455.8, 48.5)(256.8, 48.5);GATE
Port:(271.3, 48.5)(441.3, 48.5)(441.3, 58.5)(271.3, 58.5);SD
Port:(256.8, 172.5)(404.3, 172.5)(404.3, 104.2)(455.8, 104.2)(455.8, 63.5)(256.8, 63.5);GATE
Port:(266.8, 163.5)(389.8, 163.5)(389.8, 167.5)(266.8, 167.5);SD
Module:M5
Boundary:(847.6, 32.2)(700.1, 32.2)(700.1, 48.2)(684.6, 48.2)(684.6, 171.2)(847.6, 171.2);GATE
Port:(699.1, 161.2)(833.1, 161.2)(833.1, 171.2)(699.1, 171.2);SD
Port:(847.6, 32.2)(700.1, 32.2)(700.1, 48.2)(684.6, 48.2)(684.6, 156.2)(847.6, 156.2);GATE
Port:(714.6, 37.2)(837.6, 37.2)(837.6, 41.2)(714.6, 41.2);SD
Module:M16
Boundary:(678.0, 44.6)(678.0, 174.2)(664.0, 174.2)(664.0, 189.7)(611.0, 189.7)(611.0, 44.6);GATE
Port:(611.0, 59.1)(621.0, 59.1)(621.0, 175.2)(611.0, 175.2);SD
Port:(678.0, 44.6)(678.0, 174.2)(664.0, 174.2)(664.0, 189.7)(626.0, 189.7)(626.0, 44.6);GATE
Port:(669.0, 54.6)(673.0, 54.6)(673.0, 159.7)(669.0, 159.7);SD
Module:M7
Boundary:(857.4, 206.6)(857.4, 59.1)(873.4, 59.1)(873.4, 43.6)(958.4, 43.6)(958.4, 206.6);GATE
Port:(948.4, 58.1)(958.4, 58.1)(958.4, 192.1)(948.4, 192.1);SD
Port:(857.4, 206.6)(857.4, 59.1)(873.4, 59.1)(873.4, 43.6)(943.4, 43.6)(943.4, 206.6);GATE
Port:(862.4, 73.6)(866.4, 73.6)(866.4, 196.6)(862.4, 196.6);SD
Module:M11
Boundary:(228.8, 74.0)(135.3, 74.0)(135.3, 113.6)(65.8, 113.6)(65.8, 248.0)(228.8, 248.0);GATE
Port:(80.3, 238.0)(214.3, 238.0)(214.3, 248.0)(80.3, 248.0);SD
Port:(228.8, 74.0)(135.3, 74.0)(135.3, 113.6)(65.8, 113.6)(65.8, 233.0)(228.8, 233.0);GATE
Port:(149.8, 79.0)(218.8, 79.0)(218.8, 83.0)(149.8, 83.0);SD
Module:M6
Boundary:(752.7, 236.4)(679.7, 236.4)(679.7, 328.4)(752.7, 328.4);GATE
Port:(694.2, 318.4)(738.2, 318.4)(738.2, 328.4)(694.2, 328.4);SD
Port:(752.7, 236.4)(679.7, 236.4)(679.7, 313.4)(752.7, 313.4);GATE
Port:(689.7, 241.4)(742.7, 241.4)(742.7, 245.4)(689.7, 245.4);SD
Module:M10
Boundary:(659.8, 217.6)(659.8, 311.1)(649.8, 311.1)(649.8, 326.6)(586.8, 326.6)(586.8, 217.6);GATE
Port:(586.8, 232.1)(596.8, 232.1)(596.8, 312.1)(586.8, 312.1);SD
Port:(659.8, 217.6)(659.8, 311.1)(649.8, 311.1)(649.8, 326.6)(601.8, 326.6)(601.8, 217.6);GATE
Port:(650.8, 227.6)(654.8, 227.6)(654.8, 296.6)(650.8, 296.6);SD
Module:M2
Boundary:(991.1, 327.6)(991.1, 251.6)(983.0, 251.6)(983.0, 236.6)(798.1, 236.6)(798.1, 327.6);GATE
Port:(798.1, 251.1)(808.1, 251.1)(808.1, 313.1)(798.1, 313.1);SD
Port:(991.1, 327.6)(991.1, 251.6)(983.0, 251.6)(983.0, 236.6)(813.1, 236.6)(813.1, 327.6);GATE
Port:(982.1, 266.6)(986.1, 266.6)(986.1, 317.6)(982.1, 317.6);SD
Module:M8
Boundary:(578.4, 309.7)(578.4, 198.2)(545.7, 198.2)(545.7, 164.7)(495.4, 164.7)(495.4, 309.7);GATE
Port:(495.4, 179.2)(505.4, 179.2)(505.4, 295.2)(495.4, 295.2);SD
Port:(578.4, 309.7)(578.4, 198.2)(545.7, 198.2)(545.7, 164.7)(510.4, 164.7)(510.4, 309.7);GATE
Port:(569.4, 212.7)(573.4, 212.7)(573.4, 299.7)(569.4, 299.7);SD
Module:M14
Boundary:(146.4, 321.0)(146.4, 248.0)(45.4, 248.0)(45.4, 321.0);GATE
Port:(45.4, 262.5)(55.4, 262.5)(55.4, 306.5)(45.4, 306.5);SD
Port:(146.4, 321.0)(146.4, 248.0)(60.4, 248.0)(60.4, 321.0);GATE
Port:(137.4, 258.0)(141.4, 258.0)(141.4, 311.0)(137.4, 311.0);SD
Module:M1
Boundary:(465.5, 199.1)(465.5, 274.6)(406.3, 274.6)(406.3, 326.1)(268.5, 326.1)(268.5, 199.1);GATE
Port:(268.5, 213.6)(278.5, 213.6)(278.5, 311.6)(268.5, 311.6);SD
Port:(465.5, 199.1)(465.5, 274.6)(406.3, 274.6)(406.3, 326.1)(283.5, 326.1)(283.5, 199.1);GATE
Port:(456.5, 209.1)(460.5, 209.1)(460.5, 260.1)(456.5, 260.1);SD
Module:M12
Boundary:(267.0, 482.7)(378.5, 482.7)(378.5, 470.7)(394.0, 470.7)(394.0, 349.7)(267.0, 349.7);GATE
Port:(281.5, 349.7)(379.5, 349.7)(379.5, 359.7)(281.5, 359.7);SD
Port:(267.0, 482.7)(378.5, 482.7)(378.5, 470.7)(394.0, 470.7)(394.0, 364.7)(267.0, 364.7);GATE
Port:(277.0, 473.7)(364.0, 473.7)(364.0, 477.7)(277.0, 477.7);SD
Module:M15
Boundary:(617.1, 336.4)(523.6, 336.4)(523.6, 400.4)(400.1, 400.4)(400.1, 473.4)(617.1, 473.4);GATE
Port:(414.6, 463.4)(602.6, 463.4)(602.6, 473.4)(414.6, 473.4);SD
Port:(617.1, 336.4)(523.6, 336.4)(523.6, 400.4)(400.1, 400.4)(400.1, 458.4)(617.1, 458.4);GATE
Port:(538.1, 341.4)(607.1, 341.4)(607.1, 345.4)(538.1, 345.4);SD
Module:M13
Boundary:(81.6, 325.4)(211.1, 325.4)(211.1, 339.5)(226.6, 339.5)(226.6, 478.4)(81.6, 478.4);GATE
Port:(96.1, 468.4)(212.1, 468.4)(212.1, 478.4)(96.1, 478.4);SD
Port:(81.6, 325.4)(211.1, 325.4)(211.1, 339.5)(226.6, 339.5)(226.6, 463.4)(81.6, 463.4);GATE
Port:(91.6, 330.4)(196.6, 330.4)(196.6, 334.4)(91.6, 334.4);SD
Module:M9
Boundary:(1008.0, 507.0)(896.5, 507.0)(896.5, 383.6)(629.0, 383.6)(629.0, 336.0)(1008.0, 336.0);GATE
Port:(643.5, 336.0)(993.5, 336.0)(993.5, 346.0)(643.5, 346.0);SD
Port:(1008.0, 507.0)(896.5, 507.0)(896.5, 383.6)(629.0, 383.6)(629.0, 351.0)(1008.0, 351.0);GATE
Port:(911.0, 498.0)(998.0, 498.0)(998.0, 502.0)(911.0, 502.0);SD
