Area:(-20.0, -20.0)(801.8, -20.0)(801.8, 648.4)(-20.0, 648.4)
Rule:GATE(5,5);SD(5,5);GATE_SD(0.5);GATE_ITO(0.5);SD_ITO(0.5)
Module:M14
Boundary:(671.7, 210.8)(739.5, 210.8)(739.5, 249.9)(755.9, 249.9)(755.9, 331.7)(671.7, 331.7);GATE
Port:(684.0, 327.1)(743.6, 327.1)(743.6, 331.7)(684.0, 331.7);SD
Port:(671.7, 210.8)(739.5, 210.8)(739.5, 249.9)(755.9, 249.9)(755.9, 325.0)(671.7, 325.0);GATE
Port:(676.9, 215.0)(733.3, 215.0)(733.3, 219.6)(676.9, 219.6);SD
Module:M9
Boundary:(107.3, 20.0)(107.3, 125.9)(20.0, 125.9)(20.0, 20.0);GATE
Port:(20.0, 33.7)(25.6, 33.7)(25.6, 112.2)(20.0, 112.2);SD
Port:(107.3, 20.0)(107.3, 125.9)(27.4, 125.9)(27.4, 20.0);GATE
Port:(96.4, 25.0)(103.3, 25.0)(103.3, 120.9)(96.4, 120.9);SD
Module:M5
Boundary:(188.9, 165.9)(188.9, 249.8)(20.0, 249.8)(20.0, 165.9);GATE
Port:(20.0, 178.4)(25.9, 178.4)(25.9, 237.3)(20.0, 237.3);SD
Port:(188.9, 165.9)(188.9, 249.8)(27.6, 249.8)(27.6, 165.9);GATE
Port:(179.7, 171.0)(184.8, 171.0)(184.8, 244.7)(179.7, 244.7);SD
Module:M11
Boundary:(585.4, 20.0)(585.4, 101.4)(375.4, 101.4)(375.4, 20.0);GATE
Port:(375.4, 35.0)(380.9, 35.0)(380.9, 86.4)(375.4, 86.4);SD
Port:(585.4, 20.0)(585.4, 101.4)(383.1, 101.4)(383.1, 20.0);GATE
Port:(572.3, 26.8)(579.6, 26.8)(579.6, 94.6)(572.3, 94.6);SD
Module:M1
Boundary:(574.2, 257.4)(631.7, 257.4)(631.7, 354.9)(574.2, 354.9);GATE
Port:(585.8, 350.0)(620.1, 350.0)(620.1, 354.9)(585.8, 354.9);SD
Port:(574.2, 257.4)(631.7, 257.4)(631.7, 348.2)(574.2, 348.2);GATE
Port:(579.6, 261.8)(626.3, 261.8)(626.3, 266.8)(579.6, 266.8);SD
Module:M19
Boundary:(481.3, 523.8)(481.3, 576.7)(481.0, 576.7)(481.0, 594.0)(387.1, 594.0)(387.1, 523.8);GATE
Port:(387.1, 538.0)(392.4, 538.0)(392.4, 579.8)(387.1, 579.8);SD
Port:(481.3, 523.8)(481.3, 576.7)(481.0, 576.7)(481.0, 594.0)(394.4, 594.0)(394.4, 523.8);GATE
Port:(470.3, 530.3)(475.8, 530.3)(475.8, 570.2)(470.3, 570.2);SD
Module:M6
Boundary:(237.4, 251.2)(289.6, 251.2)(289.6, 320.6)(303.6, 320.6)(303.6, 452.3)(237.4, 452.3);GATE
Port:(252.1, 446.8)(288.9, 446.8)(288.9, 452.3)(252.1, 452.3);SD
Port:(237.4, 251.2)(289.6, 251.2)(289.6, 320.6)(303.6, 320.6)(303.6, 444.8)(237.4, 444.8);GATE
Port:(244.3, 257.1)(281.7, 257.1)(281.7, 264.3)(244.3, 264.3);SD
Module:M2
Boundary:(20.0, 289.8)(83.0, 289.8)(83.0, 355.0)(97.4, 355.0)(97.4, 444.6)(20.0, 444.6);GATE
Port:(32.2, 438.6)(85.2, 438.6)(85.2, 444.6)(32.2, 444.6);SD
Port:(20.0, 289.8)(83.0, 289.8)(83.0, 355.0)(97.4, 355.0)(97.4, 436.0)(20.0, 436.0);GATE
Port:(25.4, 294.2)(76.6, 294.2)(76.6, 299.8)(25.4, 299.8);SD
Module:M16
Boundary:(534.2, 419.2)(534.2, 469.7)(509.9, 469.7)(509.9, 483.8)(387.1, 483.8)(387.1, 419.2);GATE
Port:(387.1, 433.0)(391.8, 433.0)(391.8, 470.0)(387.1, 470.0);SD
Port:(534.2, 419.2)(534.2, 469.7)(509.9, 469.7)(509.9, 483.8)(393.7, 483.8)(393.7, 419.2);GATE
Port:(522.6, 425.9)(528.5, 425.9)(528.5, 462.0)(522.6, 462.0);SD
Module:M13
Boundary:(279.9, 492.3)(347.1, 492.3)(347.1, 603.4)(279.9, 603.4);GATE
Port:(293.2, 597.5)(333.8, 597.5)(333.8, 603.4)(293.2, 603.4);SD
Port:(279.9, 492.3)(347.1, 492.3)(347.1, 595.6)(279.9, 595.6);GATE
Port:(285.1, 496.5)(341.9, 496.5)(341.9, 502.6)(285.1, 502.6);SD
Module:M10
Boundary:(684.8, 371.7)(731.0, 371.7)(731.0, 419.1)(743.3, 419.1)(743.3, 464.8)(684.8, 464.8);GATE
Port:(697.7, 460.5)(730.4, 460.5)(730.4, 464.8)(697.7, 464.8);SD
Port:(684.8, 371.7)(731.0, 371.7)(731.0, 419.1)(743.3, 419.1)(743.3, 459.0)(684.8, 459.0);GATE
Port:(691.2, 377.1)(723.6, 377.1)(723.6, 382.9)(691.2, 382.9);SD
Module:M7
Boundary:(366.5, 163.8)(366.5, 211.2)(228.9, 211.2)(228.9, 163.8);GATE
Port:(228.9, 176.7)(233.2, 176.7)(233.2, 198.3)(228.9, 198.3);SD
Port:(366.5, 163.8)(366.5, 211.2)(235.5, 211.2)(235.5, 163.8);GATE
Port:(356.3, 169.6)(361.7, 169.6)(361.7, 205.4)(356.3, 205.4);SD
Module:M3
Boundary:(634.5, 20.0)(738.9, 20.0)(738.9, 20.4)(756.5, 20.4)(756.5, 170.8)(634.5, 170.8);GATE
Port:(647.6, 165.1)(743.4, 165.1)(743.4, 170.8)(647.6, 170.8);SD
Port:(634.5, 20.0)(738.9, 20.0)(738.9, 20.4)(756.5, 20.4)(756.5, 162.2)(634.5, 162.2);GATE
Port:(641.0, 25.5)(732.4, 25.5)(732.4, 29.9)(641.0, 29.9);SD
Module:M18
Boundary:(137.4, 289.8)(182.5, 289.8)(182.5, 290.0)(197.4, 290.0)(197.4, 452.2)(137.4, 452.2);GATE
Port:(149.1, 446.8)(185.7, 446.8)(185.7, 452.2)(149.1, 452.2);SD
Port:(137.4, 289.8)(182.5, 289.8)(182.5, 290.0)(197.4, 290.0)(197.4, 445.6)(137.4, 445.6);GATE
Port:(142.9, 294.3)(177.0, 294.3)(177.0, 299.1)(142.9, 299.1);SD
Module:M20
Boundary:(761.8, 504.8)(761.8, 592.8)(664.9, 592.8)(664.9, 608.4)(574.2, 608.4)(574.2, 504.8);GATE
Port:(574.2, 519.9)(579.8, 519.9)(579.8, 593.3)(574.2, 593.3);SD
Port:(761.8, 504.8)(761.8, 592.8)(664.9, 592.8)(664.9, 608.4)(581.7, 608.4)(581.7, 504.8);GATE
Port:(749.1, 511.2)(756.4, 511.2)(756.4, 585.4)(749.1, 585.4);SD
Module:M15
Boundary:(644.8, 394.9)(644.8, 440.9)(644.8, 440.9)(644.8, 456.3)(574.2, 456.3)(574.2, 394.9);GATE
Port:(574.2, 407.1)(579.3, 407.1)(579.3, 444.1)(574.2, 444.1);SD
Port:(644.8, 394.9)(644.8, 440.9)(644.8, 440.9)(644.8, 456.3)(580.4, 456.3)(580.4, 394.9);GATE
Port:(635.6, 399.9)(640.8, 399.9)(640.8, 435.9)(635.6, 435.9);SD
Module:M12
Boundary:(512.0, 257.4)(512.0, 363.1)(440.4, 363.1)(440.4, 379.2)(343.6, 379.2)(343.6, 257.4);GATE
Port:(343.6, 272.1)(347.8, 272.1)(347.8, 364.5)(343.6, 364.5);SD
Port:(512.0, 257.4)(512.0, 363.1)(440.4, 363.1)(440.4, 379.2)(349.0, 379.2)(349.0, 257.4);GATE
Port:(500.0, 264.1)(506.3, 264.1)(506.3, 355.4)(500.0, 355.4);SD
Module:M8
Boundary:(594.5, 141.4)(594.5, 203.8)(495.4, 203.8)(495.4, 217.4)(406.5, 217.4)(406.5, 141.4);GATE
Port:(406.5, 154.4)(411.5, 154.4)(411.5, 204.4)(406.5, 204.4);SD
Port:(594.5, 141.4)(594.5, 203.8)(495.4, 203.8)(495.4, 217.4)(412.6, 217.4)(412.6, 141.4);GATE
Port:(583.2, 146.8)(590.1, 146.8)(590.1, 197.4)(583.2, 197.4);SD
Module:M4
Boundary:(239.9, 492.3)(239.9, 588.8)(161.5, 588.8)(161.5, 603.8)(20.0, 603.8)(20.0, 492.3);GATE
Port:(20.0, 504.3)(25.0, 504.3)(25.0, 591.8)(20.0, 591.8);SD
Port:(239.9, 492.3)(239.9, 588.8)(161.5, 588.8)(161.5, 603.8)(27.1, 603.8)(27.1, 492.3);GATE
Port:(230.5, 498.0)(235.2, 498.0)(235.2, 582.1)(230.5, 582.1);SD
Module:M17
Boundary:(335.4, 20.0)(335.4, 106.2)(334.9, 106.2)(334.9, 123.8)(147.3, 123.8)(147.3, 20.0);GATE
Port:(147.3, 32.8)(152.7, 32.8)(152.7, 111.0)(147.3, 111.0);SD
Port:(335.4, 20.0)(335.4, 106.2)(334.9, 106.2)(334.9, 123.8)(154.6, 123.8)(154.6, 20.0);GATE
Port:(325.9, 25.5)(330.9, 25.5)(330.9, 100.7)(325.9, 100.7);SD
