Area:(-20.0, 16.6)(570.0, 16.6)(570.0, 1348.9)(-20.0, 1348.9)
Rule:GATE(5,5);SD(5,5);GATE_SD(0.5);GATE_ITO(0.5);SD_ITO(0.5)
Module:M6
Boundary:(292.7, 56.6)(292.7, 186.1)(278.7, 186.1)(278.7, 201.6)(161.7, 201.6)(161.7, 56.6);GATE
Port:(161.7, 71.1)(171.7, 71.1)(171.7, 187.1)(161.7, 187.1);SD
Port:(292.7, 56.6)(292.7, 186.1)(278.7, 186.1)(278.7, 201.6)(176.7, 201.6)(176.7, 56.6);GATE
Port:(283.7, 66.6)(287.7, 66.6)(287.7, 171.6)(283.7, 171.6);SD
Module:M15
Boundary:(404.2, 217.1)(404.2, 87.6)(390.2, 87.6)(390.2, 72.1)(339.2, 72.1)(339.2, 217.1);GATE
Port:(339.2, 86.6)(349.2, 86.6)(349.2, 202.6)(339.2, 202.6);SD
Port:(404.2, 217.1)(404.2, 87.6)(390.2, 87.6)(390.2, 72.1)(354.2, 72.1)(354.2, 217.1);GATE
Port:(395.2, 102.1)(399.2, 102.1)(399.2, 207.1)(395.2, 207.1);SD
Module:M14
Boundary:(479.3, 62.8)(479.3, 210.3)(463.3, 210.3)(463.3, 225.8)(414.3, 225.8)(414.3, 62.8);GATE
Port:(414.3, 77.3)(424.3, 77.3)(424.3, 211.3)(414.3, 211.3);SD
Port:(479.3, 62.8)(479.3, 210.3)(463.3, 210.3)(463.3, 225.8)(429.3, 225.8)(429.3, 62.8);GATE
Port:(470.3, 72.8)(474.3, 72.8)(474.3, 195.8)(470.3, 195.8);SD
Module:M12
Boundary:(20.0, 72.7)(20.0, 220.2)(85.0, 220.2)(85.0, 271.7)(136.0, 271.7)(136.0, 72.7);GATE
Port:(126.0, 87.2)(136.0, 87.2)(136.0, 257.2)(126.0, 257.2);SD
Port:(20.0, 72.7)(20.0, 220.2)(85.0, 220.2)(85.0, 271.7)(121.0, 271.7)(121.0, 72.7);GATE
Port:(25.0, 82.7)(29.0, 82.7)(29.0, 205.7)(25.0, 205.7);SD
Module:M4
Boundary:(147.2, 347.5)(147.2, 274.5)(35.2, 274.5)(35.2, 347.5);GATE
Port:(35.2, 289.0)(45.2, 289.0)(45.2, 333.0)(35.2, 333.0);SD
Port:(147.2, 347.5)(147.2, 274.5)(50.2, 274.5)(50.2, 347.5);GATE
Port:(138.2, 284.5)(142.2, 284.5)(142.2, 337.5)(138.2, 337.5);SD
Module:M7
Boundary:(334.9, 206.3)(334.9, 281.8)(285.7, 281.8)(285.7, 333.3)(167.9, 333.3)(167.9, 206.3);GATE
Port:(167.9, 220.8)(177.9, 220.8)(177.9, 318.8)(167.9, 318.8);SD
Port:(334.9, 206.3)(334.9, 281.8)(285.7, 281.8)(285.7, 333.3)(182.9, 333.3)(182.9, 206.3);GATE
Port:(325.9, 216.3)(329.9, 216.3)(329.9, 267.3)(325.9, 267.3);SD
Module:M24
Boundary:(491.0, 381.1)(433.5, 381.1)(433.5, 330.1)(346.0, 330.1)(346.0, 229.1)(491.0, 229.1);GATE
Port:(360.5, 229.1)(476.5, 229.1)(476.5, 239.1)(360.5, 239.1);SD
Port:(491.0, 381.1)(433.5, 381.1)(433.5, 330.1)(346.0, 330.1)(346.0, 244.1)(491.0, 244.1);GATE
Port:(448.0, 372.1)(481.0, 372.1)(481.0, 376.1)(448.0, 376.1);SD
Module:M9
Boundary:(124.3, 381.5)(124.3, 475.0)(111.3, 475.0)(111.3, 490.5)(48.3, 490.5)(48.3, 381.5);GATE
Port:(48.3, 396.0)(58.3, 396.0)(58.3, 476.0)(48.3, 476.0);SD
Port:(124.3, 381.5)(124.3, 475.0)(111.3, 475.0)(111.3, 490.5)(63.3, 490.5)(63.3, 381.5);GATE
Port:(115.3, 391.5)(119.3, 391.5)(119.3, 460.5)(115.3, 460.5);SD
Module:M3
Boundary:(313.4, 379.5)(313.4, 491.0)(216.1, 491.0)(216.1, 578.5)(126.4, 578.5)(126.4, 379.5);GATE
Port:(126.4, 394.0)(136.4, 394.0)(136.4, 564.0)(126.4, 564.0);SD
Port:(313.4, 379.5)(313.4, 491.0)(216.1, 491.0)(216.1, 578.5)(141.4, 578.5)(141.4, 379.5);GATE
Port:(304.4, 389.5)(308.4, 389.5)(308.4, 476.5)(304.4, 476.5);SD
Module:M21
Boundary:(496.0, 613.7)(348.5, 613.7)(348.5, 596.7)(333.0, 596.7)(333.0, 441.7)(496.0, 441.7);GATE
Port:(347.5, 441.7)(481.5, 441.7)(481.5, 451.7)(347.5, 451.7);SD
Port:(496.0, 613.7)(348.5, 613.7)(348.5, 596.7)(333.0, 596.7)(333.0, 456.7)(496.0, 456.7);GATE
Port:(363.0, 604.7)(486.0, 604.7)(486.0, 608.7)(363.0, 608.7);SD
Module:M20
Boundary:(35.0, 532.1)(108.0, 532.1)(108.0, 690.1)(35.0, 690.1);GATE
Port:(49.5, 680.1)(93.5, 680.1)(93.5, 690.1)(49.5, 690.1);SD
Port:(35.0, 532.1)(108.0, 532.1)(108.0, 675.1)(35.0, 675.1);GATE
Port:(45.0, 537.1)(98.0, 537.1)(98.0, 541.1)(45.0, 541.1);SD
Module:M25
Boundary:(493.5, 626.0)(493.5, 702.0)(485.5, 702.0)(485.5, 717.0)(414.5, 717.0)(414.5, 626.0);GATE
Port:(414.5, 640.5)(424.5, 640.5)(424.5, 702.5)(414.5, 702.5);SD
Port:(493.5, 626.0)(493.5, 702.0)(485.5, 702.0)(485.5, 717.0)(429.5, 717.0)(429.5, 626.0);GATE
Port:(484.5, 636.0)(488.5, 636.0)(488.5, 687.0)(484.5, 687.0);SD
Module:M23
Boundary:(407.0, 761.4)(407.0, 667.9)(397.0, 667.9)(397.0, 652.4)(295.0, 652.4)(295.0, 761.4);GATE
Port:(295.0, 666.9)(305.0, 666.9)(305.0, 746.9)(295.0, 746.9);SD
Port:(407.0, 761.4)(407.0, 667.9)(397.0, 667.9)(397.0, 652.4)(310.0, 652.4)(310.0, 761.4);GATE
Port:(398.0, 682.4)(402.0, 682.4)(402.0, 751.4)(398.0, 751.4);SD
Module:M22
Boundary:(164.0, 588.1)(240.0, 588.1)(240.0, 596.1)(255.0, 596.1)(255.0, 767.1)(164.0, 767.1);GATE
Port:(178.5, 757.1)(240.5, 757.1)(240.5, 767.1)(178.5, 767.1);SD
Port:(164.0, 588.1)(240.0, 588.1)(240.0, 596.1)(255.0, 596.1)(255.0, 752.1)(164.0, 752.1);GATE
Port:(174.0, 593.1)(225.0, 593.1)(225.0, 597.1)(174.0, 597.1);SD
Module:M17
Boundary:(37.4, 793.2)(37.4, 717.2)(45.4, 717.2)(45.4, 702.2)(141.4, 702.2)(141.4, 793.2);GATE
Port:(131.4, 716.7)(141.4, 716.7)(141.4, 778.7)(131.4, 778.7);SD
Port:(37.4, 793.2)(37.4, 717.2)(45.4, 717.2)(45.4, 702.2)(126.4, 702.2)(126.4, 793.2);GATE
Port:(42.4, 732.2)(46.4, 732.2)(46.4, 783.2)(42.4, 783.2);SD
Module:M19
Boundary:(295.0, 939.0)(370.5, 939.0)(370.5, 848.7)(530.0, 848.7)(530.0, 776.0)(295.0, 776.0);GATE
Port:(309.5, 776.0)(515.5, 776.0)(515.5, 786.0)(309.5, 786.0);SD
Port:(295.0, 939.0)(370.5, 939.0)(370.5, 848.7)(530.0, 848.7)(530.0, 791.0)(295.0, 791.0);GATE
Port:(305.0, 930.0)(356.0, 930.0)(356.0, 934.0)(305.0, 934.0);SD
Module:M2
Boundary:(136.1, 843.0)(136.1, 954.5)(124.1, 954.5)(124.1, 970.0)(33.1, 970.0)(33.1, 843.0);GATE
Port:(33.1, 857.5)(43.1, 857.5)(43.1, 955.5)(33.1, 955.5);SD
Port:(136.1, 843.0)(136.1, 954.5)(124.1, 954.5)(124.1, 970.0)(48.1, 970.0)(48.1, 843.0);GATE
Port:(127.1, 853.0)(131.1, 853.0)(131.1, 940.0)(127.1, 940.0);SD
Module:M1
Boundary:(237.0, 828.5)(164.0, 828.5)(164.0, 982.5)(237.0, 982.5);GATE
Port:(178.5, 972.5)(222.5, 972.5)(222.5, 982.5)(178.5, 982.5);SD
Port:(237.0, 828.5)(164.0, 828.5)(164.0, 967.5)(237.0, 967.5);GATE
Port:(174.0, 833.5)(227.0, 833.5)(227.0, 837.5)(174.0, 837.5);SD
Module:M13
Boundary:(48.3, 1013.0)(48.3, 1086.0)(144.3, 1086.0)(144.3, 1013.0);GATE
Port:(134.3, 1027.5)(144.3, 1027.5)(144.3, 1071.5)(134.3, 1071.5);SD
Port:(48.3, 1013.0)(48.3, 1086.0)(129.3, 1086.0)(129.3, 1013.0);GATE
Port:(53.3, 1023.0)(57.3, 1023.0)(57.3, 1076.0)(53.3, 1076.0);SD
Module:M5
Boundary:(530.0, 935.3)(418.5, 935.3)(418.5, 1055.6)(295.0, 1055.6)(295.0, 1103.3)(530.0, 1103.3);GATE
Port:(309.5, 1093.3)(515.5, 1093.3)(515.5, 1103.3)(309.5, 1103.3);SD
Port:(530.0, 935.3)(418.5, 935.3)(418.5, 1055.6)(295.0, 1055.6)(295.0, 1088.3)(530.0, 1088.3);GATE
Port:(433.0, 940.3)(520.0, 940.3)(520.0, 944.3)(433.0, 944.3);SD
Module:M18
Boundary:(34.1, 1100.1)(110.1, 1100.1)(110.1, 1108.1)(125.1, 1108.1)(125.1, 1172.1)(34.1, 1172.1);GATE
Port:(48.6, 1162.1)(110.6, 1162.1)(110.6, 1172.1)(48.6, 1172.1);SD
Port:(34.1, 1100.1)(110.1, 1100.1)(110.1, 1108.1)(125.1, 1108.1)(125.1, 1157.1)(34.1, 1157.1);GATE
Port:(44.1, 1105.1)(95.1, 1105.1)(95.1, 1109.1)(44.1, 1109.1);SD
Module:M11
Boundary:(176.7, 1201.9)(252.8, 1201.9)(252.8, 1193.9)(267.7, 1193.9)(267.7, 1014.9)(176.7, 1014.9);GATE
Port:(191.2, 1014.9)(253.2, 1014.9)(253.2, 1024.9)(191.2, 1024.9);SD
Port:(176.7, 1201.9)(252.8, 1201.9)(252.8, 1193.9)(267.7, 1193.9)(267.7, 1029.9)(176.7, 1029.9);GATE
Port:(186.7, 1192.9)(237.7, 1192.9)(237.7, 1196.9)(186.7, 1196.9);SD
Module:M16
Boundary:(26.1, 1195.6)(102.1, 1195.6)(102.1, 1203.6)(117.1, 1203.6)(117.1, 1273.6)(26.1, 1273.6);GATE
Port:(40.6, 1263.6)(102.6, 1263.6)(102.6, 1273.6)(40.6, 1273.6);SD
Port:(26.1, 1195.6)(102.1, 1195.6)(102.1, 1203.6)(117.1, 1203.6)(117.1, 1258.6)(26.1, 1258.6);GATE
Port:(36.1, 1200.6)(87.1, 1200.6)(87.1, 1204.6)(36.1, 1204.6);SD
Module:M10
Boundary:(285.4, 1235.9)(285.4, 1308.9)(176.4, 1308.9)(176.4, 1235.9);GATE
Port:(176.4, 1250.4)(186.4, 1250.4)(186.4, 1294.4)(176.4, 1294.4);SD
Port:(285.4, 1235.9)(285.4, 1308.9)(191.4, 1308.9)(191.4, 1235.9);GATE
Port:(276.4, 1245.9)(280.4, 1245.9)(280.4, 1298.9)(276.4, 1298.9);SD
Module:M8
Boundary:(312.0, 1163.7)(405.5, 1163.7)(405.5, 1237.3)(511.0, 1237.3)(511.0, 1300.7)(312.0, 1300.7);GATE
Port:(326.5, 1290.7)(496.5, 1290.7)(496.5, 1300.7)(326.5, 1300.7);SD
Port:(312.0, 1163.7)(405.5, 1163.7)(405.5, 1237.3)(511.0, 1237.3)(511.0, 1285.7)(312.0, 1285.7);GATE
Port:(322.0, 1168.7)(391.0, 1168.7)(391.0, 1172.7)(322.0, 1172.7);SD
