Area:(-20.0, -20.0)(1023.5, -20.0)(1023.5, 1064.2)(-20.0, 1064.2)
Rule:GATE(5,5);SD(5,5);GATE_SD(0.5);GATE_ITO(0.5);SD_ITO(0.5)
Module:M14
Boundary:(603.0, 336.3)(703.1, 336.3)(703.1, 372.3)(718.0, 372.3)(718.0, 434.2)(603.0, 434.2);GATE
Port:(617.5, 430.2)(703.5, 430.2)(703.5, 434.2)(617.5, 434.2);SD
Port:(603.0, 336.3)(703.1, 336.3)(703.1, 372.3)(718.0, 372.3)(718.0, 428.6)(603.0, 428.6);GATE
Port:(609.1, 341.4)(696.0, 341.4)(696.0, 348.0)(609.1, 348.0);SD
Module:M9
Boundary:(732.0, 820.6)(804.8, 820.6)(804.8, 820.9)(818.7, 820.9)(818.7, 1024.2)(732.0, 1024.2);GATE
Port:(744.3, 1019.1)(806.4, 1019.1)(806.4, 1024.2)(744.3, 1024.2);SD
Port:(732.0, 820.6)(804.8, 820.6)(804.8, 820.9)(818.7, 820.9)(818.7, 1017.8)(732.0, 1017.8);GATE
Port:(737.4, 825.0)(799.4, 825.0)(799.4, 830.9)(737.4, 830.9);SD
Module:M5
Boundary:(367.5, 552.4)(367.5, 604.7)(367.3, 604.7)(367.3, 620.6)(258.0, 620.6)(258.0, 552.4);GATE
Port:(258.0, 566.9)(263.5, 566.9)(263.5, 606.1)(258.0, 606.1);SD
Port:(367.5, 552.4)(367.5, 604.7)(367.3, 604.7)(367.3, 620.6)(264.8, 620.6)(264.8, 552.4);GATE
Port:(354.8, 558.8)(362.1, 558.8)(362.1, 598.3)(354.8, 598.3);SD
Module:M11
Boundary:(20.0, 20.0)(68.4, 20.0)(68.4, 20.0)(83.6, 20.0)(83.6, 214.6)(20.0, 214.6);GATE
Port:(32.7, 208.9)(70.9, 208.9)(70.9, 214.6)(32.7, 214.6);SD
Port:(20.0, 20.0)(68.4, 20.0)(68.4, 20.0)(83.6, 20.0)(83.6, 207.7)(20.0, 207.7);GATE
Port:(25.5, 24.5)(62.9, 24.5)(62.9, 30.6)(25.5, 30.6);SD
Module:M1
Boundary:(778.0, 182.8)(858.3, 182.8)(858.3, 321.1)(778.0, 321.1);GATE
Port:(792.4, 316.4)(843.9, 316.4)(843.9, 321.1)(792.4, 321.1);SD
Port:(778.0, 182.8)(858.3, 182.8)(858.3, 314.2)(778.0, 314.2);GATE
Port:(784.8, 188.6)(851.5, 188.6)(851.5, 194.9)(784.8, 194.9);SD
Module:M38
Boundary:(194.8, 140.0)(194.8, 194.6)(167.6, 194.6)(167.6, 210.7)(113.6, 210.7)(113.6, 140.0);GATE
Port:(113.6, 154.7)(119.6, 154.7)(119.6, 196.0)(113.6, 196.0);SD
Port:(194.8, 140.0)(194.8, 194.6)(167.6, 194.6)(167.6, 210.7)(121.6, 210.7)(121.6, 140.0);GATE
Port:(182.8, 145.7)(190.1, 145.7)(190.1, 187.9)(182.8, 187.9);SD
Module:M40
Boundary:(563.0, 316.3)(563.0, 424.0)(488.7, 424.0)(488.7, 440.5)(413.5, 440.5)(413.5, 316.3);GATE
Port:(413.5, 330.7)(419.0, 330.7)(419.0, 426.1)(413.5, 426.1);SD
Port:(563.0, 316.3)(563.0, 424.0)(488.7, 424.0)(488.7, 440.5)(420.6, 440.5)(420.6, 316.3);GATE
Port:(551.4, 322.8)(557.5, 322.8)(557.5, 416.5)(551.4, 416.5);SD
Module:M35
Boundary:(144.1, 956.9)(144.1, 1008.5)(144.1, 1008.5)(144.1, 1024.1)(20.0, 1024.1)(20.0, 956.9);GATE
Port:(20.0, 971.4)(24.2, 971.4)(24.2, 1009.6)(20.0, 1009.6);SD
Port:(144.1, 956.9)(144.1, 1008.5)(144.1, 1008.5)(144.1, 1024.1)(26.6, 1024.1)(26.6, 956.9);GATE
Port:(132.2, 963.7)(138.3, 963.7)(138.3, 1001.7)(132.2, 1001.7);SD
Module:M32
Boundary:(868.7, 822.3)(952.5, 822.3)(952.5, 921.3)(964.5, 921.3)(964.5, 1012.7)(868.7, 1012.7);GATE
Port:(880.9, 1006.9)(952.3, 1006.9)(952.3, 1012.7)(880.9, 1012.7);SD
Port:(868.7, 822.3)(952.5, 822.3)(952.5, 921.3)(964.5, 921.3)(964.5, 1005.4)(868.7, 1005.4);GATE
Port:(875.0, 827.6)(945.2, 827.6)(945.2, 832.9)(875.0, 832.9);SD
Module:M27
Boundary:(378.7, 259.2)(378.7, 308.9)(378.7, 308.9)(378.7, 325.1)(263.2, 325.1)(263.2, 259.2);GATE
Port:(263.2, 272.1)(268.1, 272.1)(268.1, 312.2)(263.2, 312.2);SD
Port:(378.7, 259.2)(378.7, 308.9)(378.7, 308.9)(378.7, 325.1)(270.8, 325.1)(270.8, 259.2);GATE
Port:(367.6, 265.1)(373.8, 265.1)(373.8, 303.0)(367.6, 303.0);SD
Module:M24
Boundary:(372.6, 660.6)(372.6, 740.5)(327.4, 740.5)(327.4, 755.1)(194.7, 755.1)(194.7, 660.6);GATE
Port:(194.7, 673.2)(199.2, 673.2)(199.2, 742.5)(194.7, 742.5);SD
Port:(372.6, 660.6)(372.6, 740.5)(327.4, 740.5)(327.4, 755.1)(201.8, 755.1)(201.8, 660.6);GATE
Port:(361.9, 665.8)(368.4, 665.8)(368.4, 734.3)(361.9, 734.3);SD
Module:M19
Boundary:(976.6, 20.0)(976.6, 132.8)(765.5, 132.8)(765.5, 20.0);GATE
Port:(765.5, 34.3)(771.2, 34.3)(771.2, 118.5)(765.5, 118.5);SD
Port:(976.6, 20.0)(976.6, 132.8)(773.8, 132.8)(773.8, 20.0);GATE
Port:(964.2, 25.9)(971.7, 25.9)(971.7, 126.9)(964.2, 126.9);SD
Module:M6
Boundary:(293.5, 795.1)(347.8, 795.1)(347.8, 849.3)(361.9, 849.3)(361.9, 898.8)(293.5, 898.8);GATE
Port:(307.9, 894.6)(347.5, 894.6)(347.5, 898.8)(307.9, 898.8);SD
Port:(293.5, 795.1)(347.8, 795.1)(347.8, 849.3)(361.9, 849.3)(361.9, 892.5)(293.5, 892.5);GATE
Port:(300.0, 800.6)(339.3, 800.6)(339.3, 807.6)(300.0, 807.6);SD
Module:M21
Boundary:(642.8, 638.8)(676.4, 638.8)(676.4, 639.0)(692.0, 639.0)(692.0, 828.8)(642.8, 828.8);GATE
Port:(656.6, 824.1)(678.2, 824.1)(678.2, 828.8)(656.6, 828.8);SD
Port:(642.8, 638.8)(676.4, 638.8)(676.4, 639.0)(692.0, 639.0)(692.0, 821.7)(642.8, 821.7);GATE
Port:(648.0, 643.0)(671.2, 643.0)(671.2, 650.1)(648.0, 650.1);SD
Module:M2
Boundary:(154.7, 633.3)(154.7, 688.0)(76.6, 688.0)(76.6, 704.4)(20.0, 704.4)(20.0, 633.3);GATE
Port:(20.0, 647.5)(24.1, 647.5)(24.1, 690.2)(20.0, 690.2);SD
Port:(154.7, 633.3)(154.7, 688.0)(76.6, 688.0)(76.6, 704.4)(26.1, 704.4)(26.1, 633.3);GATE
Port:(142.9, 639.4)(149.6, 639.4)(149.6, 680.9)(142.9, 680.9);SD
Module:M16
Boundary:(732.0, 647.8)(796.6, 647.8)(796.6, 658.3)(810.6, 658.3)(810.6, 780.6)(732.0, 780.6);GATE
Port:(745.3, 775.5)(797.3, 775.5)(797.3, 780.6)(745.3, 780.6);SD
Port:(732.0, 647.8)(796.6, 647.8)(796.6, 658.3)(810.6, 658.3)(810.6, 773.0)(732.0, 773.0);GATE
Port:(738.4, 653.2)(789.2, 653.2)(789.2, 659.4)(738.4, 659.4);SD
Module:M13
Boundary:(722.5, 513.5)(722.5, 588.8)(605.5, 588.8)(605.5, 513.5);GATE
Port:(605.5, 525.3)(610.1, 525.3)(610.1, 577.0)(605.5, 577.0);SD
Port:(722.5, 513.5)(722.5, 588.8)(612.1, 588.8)(612.1, 513.5);GATE
Port:(713.4, 519.2)(717.8, 519.2)(717.8, 583.1)(713.4, 583.1);SD
Module:M10
Boundary:(556.0, 878.8)(671.5, 878.8)(671.5, 1012.5)(556.0, 1012.5);GATE
Port:(570.1, 1008.1)(657.4, 1008.1)(657.4, 1012.5)(570.1, 1012.5);SD
Port:(556.0, 878.8)(671.5, 878.8)(671.5, 1005.6)(556.0, 1005.6);GATE
Port:(562.3, 884.1)(665.2, 884.1)(665.2, 889.8)(562.3, 889.8);SD
Module:M37
Boundary:(233.2, 249.2)(233.2, 312.7)(233.0, 312.7)(233.0, 327.2)(118.7, 327.2)(118.7, 249.2);GATE
Port:(118.7, 263.4)(123.4, 263.4)(123.4, 313.0)(118.7, 313.0);SD
Port:(233.2, 249.2)(233.2, 312.7)(233.0, 312.7)(233.0, 327.2)(125.0, 327.2)(125.0, 249.2);GATE
Port:(221.1, 255.8)(227.6, 255.8)(227.6, 306.1)(221.1, 306.1);SD
Module:M34
Boundary:(263.2, 365.1)(357.0, 365.1)(357.0, 389.6)(374.9, 389.6)(374.9, 512.4)(263.2, 512.4);GATE
Port:(277.6, 506.8)(360.5, 506.8)(360.5, 512.4)(277.6, 512.4);SD
Port:(263.2, 365.1)(357.0, 365.1)(357.0, 389.6)(374.9, 389.6)(374.9, 504.9)(263.2, 504.9);GATE
Port:(268.5, 369.4)(350.7, 369.4)(350.7, 376.1)(268.5, 376.1);SD
Module:M29
Boundary:(714.6, 20.0)(714.6, 90.3)(608.6, 90.3)(608.6, 20.0);GATE
Port:(608.6, 33.5)(612.7, 33.5)(612.7, 76.8)(608.6, 76.8);SD
Port:(714.6, 20.0)(714.6, 90.3)(613.8, 90.3)(613.8, 20.0);GATE
Port:(704.4, 26.7)(708.9, 26.7)(708.9, 83.6)(704.4, 83.6);SD
Module:M7
Boundary:(128.7, 357.2)(222.7, 357.2)(222.7, 463.9)(128.7, 463.9);GATE
Port:(142.5, 459.8)(208.9, 459.8)(208.9, 463.9)(142.5, 463.9);SD
Port:(128.7, 357.2)(222.7, 357.2)(222.7, 456.9)(128.7, 456.9);GATE
Port:(133.8, 361.3)(217.6, 361.3)(217.6, 368.9)(133.8, 368.9);SD
Module:M31
Boundary:(218.0, 503.9)(218.0, 593.3)(20.0, 593.3)(20.0, 503.9);GATE
Port:(20.0, 513.7)(24.6, 513.7)(24.6, 583.5)(20.0, 583.5);SD
Port:(218.0, 503.9)(218.0, 593.3)(26.6, 593.3)(26.6, 503.9);GATE
Port:(209.9, 508.9)(214.0, 508.9)(214.0, 588.3)(209.9, 588.3);SD
Module:M3
Boundary:(493.1, 941.7)(493.1, 1006.3)(493.1, 1006.3)(493.1, 1021.4)(293.5, 1021.4)(293.5, 941.7);GATE
Port:(293.5, 955.5)(298.8, 955.5)(298.8, 1007.6)(293.5, 1007.6);SD
Port:(493.1, 941.7)(493.1, 1006.3)(493.1, 1006.3)(493.1, 1021.4)(301.0, 1021.4)(301.0, 941.7);GATE
Port:(481.6, 947.5)(488.3, 947.5)(488.3, 1000.5)(481.6, 1000.5);SD
Module:M26
Boundary:(961.2, 647.8)(961.2, 755.2)(902.2, 755.2)(902.2, 772.3)(850.6, 772.3)(850.6, 647.8);GATE
Port:(850.6, 661.0)(856.3, 661.0)(856.3, 759.1)(850.6, 759.1);SD
Port:(961.2, 647.8)(961.2, 755.2)(902.2, 755.2)(902.2, 772.3)(858.3, 772.3)(858.3, 647.8);GATE
Port:(951.3, 652.9)(957.1, 652.9)(957.1, 749.1)(951.3, 749.1);SD
Module:M23
Boundary:(433.5, 494.2)(545.5, 494.2)(545.5, 651.2)(433.5, 651.2);GATE
Port:(448.5, 646.6)(530.5, 646.6)(530.5, 651.2)(448.5, 651.2);SD
Port:(433.5, 494.2)(545.5, 494.2)(545.5, 644.9)(433.5, 644.9);GATE
Port:(438.9, 498.6)(540.1, 498.6)(540.1, 505.9)(438.9, 505.9);SD
Module:M18
Boundary:(715.5, 140.3)(715.5, 212.1)(685.5, 212.1)(685.5, 224.7)(641.0, 224.7)(641.0, 140.3);GATE
Port:(641.0, 152.3)(646.6, 152.3)(646.6, 212.7)(641.0, 212.7);SD
Port:(715.5, 140.3)(715.5, 212.1)(685.5, 212.1)(685.5, 224.7)(648.7, 224.7)(648.7, 140.3);GATE
Port:(705.6, 146.2)(710.6, 146.2)(710.6, 205.2)(705.6, 205.2);SD
Module:M20
Boundary:(30.0, 754.4)(123.1, 754.4)(123.1, 779.5)(137.3, 779.5)(137.3, 906.9)(30.0, 906.9);GATE
Port:(42.0, 901.1)(125.3, 901.1)(125.3, 906.9)(42.0, 906.9);SD
Port:(30.0, 754.4)(123.1, 754.4)(123.1, 779.5)(137.3, 779.5)(137.3, 899.3)(30.0, 899.3);GATE
Port:(35.8, 759.2)(116.3, 759.2)(116.3, 764.0)(35.8, 764.0);SD
Module:M15
Boundary:(581.0, 150.1)(581.0, 276.3)(433.5, 276.3)(433.5, 150.1);GATE
Port:(433.5, 164.4)(439.4, 164.4)(439.4, 262.0)(433.5, 262.0);SD
Port:(581.0, 150.1)(581.0, 276.3)(442.3, 276.3)(442.3, 150.1);GATE
Port:(570.1, 156.9)(575.2, 156.9)(575.2, 269.5)(570.1, 269.5);SD
Module:M12
Boundary:(187.3, 795.1)(239.0, 795.1)(239.0, 864.7)(253.5, 864.7)(253.5, 995.5)(187.3, 995.5);GATE
Port:(201.8, 990.3)(239.0, 990.3)(239.0, 995.5)(201.8, 995.5);SD
Port:(187.3, 795.1)(239.0, 795.1)(239.0, 864.7)(253.5, 864.7)(253.5, 987.6)(187.3, 987.6);GATE
Port:(193.9, 800.7)(231.4, 800.7)(231.4, 806.5)(193.9, 806.5);SD
Module:M39
Boundary:(898.3, 162.8)(983.5, 162.8)(983.5, 320.3)(898.3, 320.3);GATE
Port:(912.3, 315.8)(969.5, 315.8)(969.5, 320.3)(912.3, 320.3);SD
Port:(898.3, 162.8)(983.5, 162.8)(983.5, 314.1)(898.3, 314.1);GATE
Port:(904.8, 168.3)(977.0, 168.3)(977.0, 173.7)(904.8, 173.7);SD
Module:M8
Boundary:(306.3, 20.0)(306.3, 95.8)(274.5, 95.8)(274.5, 110.0)(123.6, 110.0)(123.6, 20.0);GATE
Port:(123.6, 31.5)(128.7, 31.5)(128.7, 98.5)(123.6, 98.5);SD
Port:(306.3, 20.0)(306.3, 95.8)(274.5, 95.8)(274.5, 110.0)(130.9, 110.0)(130.9, 20.0);GATE
Port:(297.5, 25.2)(302.1, 25.2)(302.1, 89.6)(297.5, 89.6);SD
Module:M4
Boundary:(383.5, 150.0)(383.5, 202.2)(383.4, 202.2)(383.4, 219.2)(224.8, 219.2)(224.8, 150.0);GATE
Port:(224.8, 163.8)(229.7, 163.8)(229.7, 205.4)(224.8, 205.4);SD
Port:(383.5, 150.0)(383.5, 202.2)(383.4, 202.2)(383.4, 219.2)(232.5, 219.2)(232.5, 150.0);GATE
Port:(372.7, 156.8)(377.7, 156.8)(377.7, 195.4)(372.7, 195.4);SD
Module:M36
Boundary:(548.0, 691.2)(598.9, 691.2)(598.9, 702.5)(612.8, 702.5)(612.8, 829.8)(548.0, 829.8);GATE
Port:(562.0, 823.8)(598.8, 823.8)(598.8, 829.8)(562.0, 829.8);SD
Port:(548.0, 691.2)(598.9, 691.2)(598.9, 702.5)(612.8, 702.5)(612.8, 820.9)(548.0, 820.9);GATE
Port:(554.4, 696.6)(591.5, 696.6)(591.5, 703.4)(554.4, 703.4);SD
Module:M33
Boundary:(506.0, 853.9)(506.0, 885.0)(505.8, 885.0)(505.8, 901.7)(418.7, 901.7)(418.7, 853.9);GATE
Port:(418.7, 866.0)(424.4, 866.0)(424.4, 889.6)(418.7, 889.6);SD
Port:(506.0, 853.9)(506.0, 885.0)(505.8, 885.0)(505.8, 901.7)(426.2, 901.7)(426.2, 853.9);GATE
Port:(497.2, 859.0)(501.9, 859.0)(501.9, 879.9)(497.2, 879.9);SD
Module:M28
Boundary:(955.9, 503.5)(955.9, 590.5)(955.4, 590.5)(955.4, 607.8)(772.5, 607.8)(772.5, 503.5);GATE
Port:(772.5, 517.7)(778.3, 517.7)(778.3, 593.6)(772.5, 593.6);SD
Port:(955.9, 503.5)(955.9, 590.5)(955.4, 590.5)(955.4, 607.8)(779.7, 607.8)(779.7, 503.5);GATE
Port:(944.9, 509.4)(951.0, 509.4)(951.0, 584.6)(944.9, 584.6);SD
Module:M30
Boundary:(20.0, 254.6)(73.7, 254.6)(73.7, 343.4)(88.7, 343.4)(88.7, 457.6)(20.0, 457.6);GATE
Port:(33.5, 451.8)(75.2, 451.8)(75.2, 457.6)(33.5, 457.6);SD
Port:(20.0, 254.6)(73.7, 254.6)(73.7, 343.4)(88.7, 343.4)(88.7, 449.5)(20.0, 449.5);GATE
Port:(26.5, 260.1)(65.2, 260.1)(65.2, 265.5)(26.5, 265.5);SD
Module:M25
Boundary:(974.0, 371.1)(974.0, 448.1)(973.8, 448.1)(973.8, 463.5)(768.0, 463.5)(768.0, 371.1);GATE
Port:(768.0, 383.5)(773.7, 383.5)(773.7, 451.1)(768.0, 451.1);SD
Port:(974.0, 371.1)(974.0, 448.1)(973.8, 448.1)(973.8, 463.5)(776.5, 463.5)(776.5, 371.1);GATE
Port:(964.5, 376.5)(969.6, 376.5)(969.6, 442.7)(964.5, 442.7);SD
Module:M22
Boundary:(568.6, 20.0)(568.6, 85.5)(489.7, 85.5)(489.7, 100.1)(346.3, 100.1)(346.3, 20.0);GATE
Port:(346.3, 33.4)(351.9, 33.4)(351.9, 86.7)(346.3, 86.7);SD
Port:(568.6, 20.0)(568.6, 85.5)(489.7, 85.5)(489.7, 100.1)(353.7, 100.1)(353.7, 20.0);GATE
Port:(557.3, 26.4)(563.2, 26.4)(563.2, 78.1)(557.3, 78.1);SD
Module:M17
Boundary:(423.5, 701.2)(518.0, 701.2)(518.0, 813.9)(423.5, 813.9);GATE
Port:(435.6, 808.1)(505.9, 808.1)(505.9, 813.9)(435.6, 813.9);SD
Port:(423.5, 701.2)(518.0, 701.2)(518.0, 805.6)(423.5, 805.6);GATE
Port:(429.2, 705.9)(512.3, 705.9)(512.3, 710.3)(429.2, 710.3);SD
