Area:(-20.0, -20.0)(898.0, -20.0)(898.0, 1780.0)(-20.0, 1780.0)
Rule:GATE(5,5);SD(5,5);GATE_SD(0.5);GATE_ITO(0.5);SD_ITO(0.5)
Module:M14
Boundary:(20.0, 1651.0)(131.5, 1651.0)(131.5, 1663.0)(147.0, 1663.0)(147.0, 1737.0)(20.0, 1737.0);GATE
Port:(34.5, 1727.0)(132.5, 1727.0)(132.5, 1737.0)(34.5, 1737.0);SD
Port:(20.0, 1651.0)(131.5, 1651.0)(131.5, 1663.0)(147.0, 1663.0)(147.0, 1722.0)(20.0, 1722.0);GATE
Port:(30.0, 1656.0)(117.0, 1656.0)(117.0, 1660.0)(30.0, 1660.0);SD
Module:M9
Boundary:(20.0, 1482.0)(95.5, 1482.0)(95.5, 1518.5)(147.0, 1518.5)(147.0, 1611.0)(20.0, 1611.0);GATE
Port:(34.5, 1601.0)(132.5, 1601.0)(132.5, 1611.0)(34.5, 1611.0);SD
Port:(20.0, 1482.0)(95.5, 1482.0)(95.5, 1518.5)(147.0, 1518.5)(147.0, 1596.0)(20.0, 1596.0);GATE
Port:(30.0, 1487.0)(81.0, 1487.0)(81.0, 1491.0)(30.0, 1491.0);SD
Module:M5
Boundary:(850.0, 903.0)(850.0, 996.5)(840.0, 996.5)(840.0, 1012.0)(734.0, 1012.0)(734.0, 903.0);GATE
Port:(734.0, 917.5)(744.0, 917.5)(744.0, 997.5)(734.0, 997.5);SD
Port:(850.0, 903.0)(850.0, 996.5)(840.0, 996.5)(840.0, 1012.0)(749.0, 1012.0)(749.0, 903.0);GATE
Port:(841.0, 913.0)(845.0, 913.0)(845.0, 982.0)(841.0, 982.0);SD
Module:M11
Boundary:(855.0, 1577.0)(855.0, 1634.5)(794.6, 1634.5)(794.6, 1740.0)(708.0, 1740.0)(708.0, 1577.0);GATE
Port:(708.0, 1591.5)(718.0, 1591.5)(718.0, 1725.5)(708.0, 1725.5);SD
Port:(855.0, 1577.0)(855.0, 1634.5)(794.6, 1634.5)(794.6, 1740.0)(723.0, 1740.0)(723.0, 1577.0);GATE
Port:(846.0, 1587.0)(850.0, 1587.0)(850.0, 1620.0)(846.0, 1620.0);SD
Module:M1
Boundary:(535.0, 300.0)(535.0, 447.5)(519.0, 447.5)(519.0, 463.0)(341.0, 463.0)(341.0, 300.0);GATE
Port:(341.0, 314.5)(351.0, 314.5)(351.0, 448.5)(341.0, 448.5);SD
Port:(535.0, 300.0)(535.0, 447.5)(519.0, 447.5)(519.0, 463.0)(356.0, 463.0)(356.0, 300.0);GATE
Port:(526.0, 310.0)(530.0, 310.0)(530.0, 433.0)(526.0, 433.0);SD
Module:M43
Boundary:(436.0, 20.0)(436.0, 131.5)(424.0, 131.5)(424.0, 147.0)(324.0, 147.0)(324.0, 20.0);GATE
Port:(324.0, 34.5)(334.0, 34.5)(334.0, 132.5)(324.0, 132.5);SD
Port:(436.0, 20.0)(436.0, 131.5)(424.0, 131.5)(424.0, 147.0)(339.0, 147.0)(339.0, 20.0);GATE
Port:(427.0, 30.0)(431.0, 30.0)(431.0, 117.0)(427.0, 117.0);SD
Module:M38
Boundary:(300.0, 516.0)(300.0, 627.5)(288.0, 627.5)(288.0, 643.0)(237.0, 643.0)(237.0, 516.0);GATE
Port:(237.0, 530.5)(247.0, 530.5)(247.0, 628.5)(237.0, 628.5);SD
Port:(300.0, 516.0)(300.0, 627.5)(288.0, 627.5)(288.0, 643.0)(252.0, 643.0)(252.0, 516.0);GATE
Port:(291.0, 526.0)(295.0, 526.0)(295.0, 613.0)(291.0, 613.0);SD
Module:M40
Boundary:(463.0, 684.0)(463.0, 813.5)(449.0, 813.5)(449.0, 829.0)(389.0, 829.0)(389.0, 684.0);GATE
Port:(389.0, 698.5)(399.0, 698.5)(399.0, 814.5)(389.0, 814.5);SD
Port:(463.0, 684.0)(463.0, 813.5)(449.0, 813.5)(449.0, 829.0)(404.0, 829.0)(404.0, 684.0);GATE
Port:(454.0, 694.0)(458.0, 694.0)(458.0, 799.0)(454.0, 799.0);SD
Module:M35
Boundary:(515.0, 187.0)(515.0, 260.0)(341.0, 260.0)(341.0, 187.0);GATE
Port:(341.0, 201.5)(351.0, 201.5)(351.0, 245.5)(341.0, 245.5);SD
Port:(515.0, 187.0)(515.0, 260.0)(356.0, 260.0)(356.0, 187.0);GATE
Port:(506.0, 197.0)(510.0, 197.0)(510.0, 250.0)(506.0, 250.0);SD
Module:M32
Boundary:(400.0, 1549.0)(476.0, 1549.0)(476.0, 1557.0)(491.0, 1557.0)(491.0, 1730.0)(400.0, 1730.0);GATE
Port:(414.5, 1720.0)(476.5, 1720.0)(476.5, 1730.0)(414.5, 1730.0);SD
Port:(400.0, 1549.0)(476.0, 1549.0)(476.0, 1557.0)(491.0, 1557.0)(491.0, 1715.0)(400.0, 1715.0);GATE
Port:(410.0, 1554.0)(461.0, 1554.0)(461.0, 1558.0)(410.0, 1558.0);SD
Module:M27
Boundary:(619.0, 20.0)(619.0, 113.5)(609.0, 113.5)(609.0, 129.0)(476.0, 129.0)(476.0, 20.0);GATE
Port:(476.0, 34.5)(486.0, 34.5)(486.0, 114.5)(476.0, 114.5);SD
Port:(619.0, 20.0)(619.0, 113.5)(609.0, 113.5)(609.0, 129.0)(491.0, 129.0)(491.0, 20.0);GATE
Port:(610.0, 30.0)(614.0, 30.0)(614.0, 99.0)(610.0, 99.0);SD
Module:M24
Boundary:(731.0, 422.0)(824.5, 422.0)(824.5, 456.2)(858.0, 456.2)(858.0, 510.0)(731.0, 510.0);GATE
Port:(745.5, 500.0)(843.5, 500.0)(843.5, 510.0)(745.5, 510.0);SD
Port:(731.0, 422.0)(824.5, 422.0)(824.5, 456.2)(858.0, 456.2)(858.0, 495.0)(731.0, 495.0);GATE
Port:(741.0, 427.0)(810.0, 427.0)(810.0, 431.0)(741.0, 431.0);SD
Module:M19
Boundary:(30.0, 1085.0)(159.5, 1085.0)(159.5, 1099.0)(175.0, 1099.0)(175.0, 1193.0)(30.0, 1193.0);GATE
Port:(44.5, 1183.0)(160.5, 1183.0)(160.5, 1193.0)(44.5, 1193.0);SD
Port:(30.0, 1085.0)(159.5, 1085.0)(159.5, 1099.0)(175.0, 1099.0)(175.0, 1178.0)(30.0, 1178.0);GATE
Port:(40.0, 1090.0)(145.0, 1090.0)(145.0, 1094.0)(40.0, 1094.0);SD
Module:M6
Boundary:(340.0, 1253.0)(340.0, 1364.5)(227.0, 1364.5)(227.0, 1416.0)(147.0, 1416.0)(147.0, 1253.0);GATE
Port:(147.0, 1267.5)(157.0, 1267.5)(157.0, 1401.5)(147.0, 1401.5);SD
Port:(340.0, 1253.0)(340.0, 1364.5)(227.0, 1364.5)(227.0, 1416.0)(162.0, 1416.0)(162.0, 1253.0);GATE
Port:(331.0, 1263.0)(335.0, 1263.0)(335.0, 1350.0)(331.0, 1350.0);SD
Module:M21
Boundary:(107.0, 1243.0)(107.0, 1354.5)(69.8, 1354.5)(69.8, 1442.0)(20.0, 1442.0)(20.0, 1243.0);GATE
Port:(20.0, 1257.5)(30.0, 1257.5)(30.0, 1427.5)(20.0, 1427.5);SD
Port:(107.0, 1243.0)(107.0, 1354.5)(69.8, 1354.5)(69.8, 1442.0)(35.0, 1442.0)(35.0, 1243.0);GATE
Port:(98.0, 1253.0)(102.0, 1253.0)(102.0, 1340.0)(98.0, 1340.0);SD
Module:M2
Boundary:(679.0, 479.0)(679.0, 626.5)(663.0, 626.5)(663.0, 642.0)(584.0, 642.0)(584.0, 479.0);GATE
Port:(584.0, 493.5)(594.0, 493.5)(594.0, 627.5)(584.0, 627.5);SD
Port:(679.0, 479.0)(679.0, 626.5)(663.0, 626.5)(663.0, 642.0)(599.0, 642.0)(599.0, 479.0);GATE
Port:(670.0, 489.0)(674.0, 489.0)(674.0, 612.0)(670.0, 612.0);SD
Module:M16
Boundary:(731.0, 251.0)(806.5, 251.0)(806.5, 288.2)(858.0, 288.2)(858.0, 382.0)(731.0, 382.0);GATE
Port:(745.5, 372.0)(843.5, 372.0)(843.5, 382.0)(745.5, 382.0);SD
Port:(731.0, 251.0)(806.5, 251.0)(806.5, 288.2)(858.0, 288.2)(858.0, 367.0)(731.0, 367.0);GATE
Port:(741.0, 256.0)(792.0, 256.0)(792.0, 260.0)(741.0, 260.0);SD
Module:M13
Boundary:(340.0, 516.0)(416.0, 516.0)(416.0, 524.0)(431.0, 524.0)(431.0, 624.0)(340.0, 624.0);GATE
Port:(354.5, 614.0)(416.5, 614.0)(416.5, 624.0)(354.5, 624.0);SD
Port:(340.0, 516.0)(416.0, 516.0)(416.0, 524.0)(431.0, 524.0)(431.0, 609.0)(340.0, 609.0);GATE
Port:(350.0, 521.0)(401.0, 521.0)(401.0, 525.0)(350.0, 525.0);SD
Module:M45
Boundary:(784.0, 1238.0)(857.0, 1238.0)(857.0, 1406.0)(784.0, 1406.0);GATE
Port:(798.5, 1396.0)(842.5, 1396.0)(842.5, 1406.0)(798.5, 1406.0);SD
Port:(784.0, 1238.0)(857.0, 1238.0)(857.0, 1391.0)(784.0, 1391.0);GATE
Port:(794.0, 1243.0)(847.0, 1243.0)(847.0, 1247.0)(794.0, 1247.0);SD
Module:M10
Boundary:(80.0, 20.0)(80.0, 131.5)(59.0, 131.5)(59.0, 165.0)(20.0, 165.0)(20.0, 20.0);GATE
Port:(20.0, 34.5)(30.0, 34.5)(30.0, 150.5)(20.0, 150.5);SD
Port:(80.0, 20.0)(80.0, 131.5)(59.0, 131.5)(59.0, 165.0)(35.0, 165.0)(35.0, 20.0);GATE
Port:(71.0, 30.0)(75.0, 30.0)(75.0, 117.0)(71.0, 117.0);SD
Module:M42
Boundary:(471.0, 503.0)(544.0, 503.0)(544.0, 634.0)(471.0, 634.0);GATE
Port:(485.5, 624.0)(529.5, 624.0)(529.5, 634.0)(485.5, 634.0);SD
Port:(471.0, 503.0)(544.0, 503.0)(544.0, 619.0)(471.0, 619.0);GATE
Port:(481.0, 508.0)(534.0, 508.0)(534.0, 512.0)(481.0, 512.0);SD
Module:M37
Boundary:(351.0, 879.0)(444.5, 879.0)(444.5, 889.0)(460.0, 889.0)(460.0, 1002.0)(351.0, 1002.0);GATE
Port:(365.5, 992.0)(445.5, 992.0)(445.5, 1002.0)(365.5, 1002.0);SD
Port:(351.0, 879.0)(444.5, 879.0)(444.5, 889.0)(460.0, 889.0)(460.0, 987.0)(351.0, 987.0);GATE
Port:(361.0, 884.0)(430.0, 884.0)(430.0, 888.0)(361.0, 888.0);SD
Module:M34
Boundary:(581.0, 1238.0)(728.5, 1238.0)(728.5, 1254.0)(744.0, 1254.0)(744.0, 1393.0)(581.0, 1393.0);GATE
Port:(595.5, 1383.0)(729.5, 1383.0)(729.5, 1393.0)(595.5, 1393.0);SD
Port:(581.0, 1238.0)(728.5, 1238.0)(728.5, 1254.0)(744.0, 1254.0)(744.0, 1378.0)(581.0, 1378.0);GATE
Port:(591.0, 1243.0)(714.0, 1243.0)(714.0, 1247.0)(591.0, 1247.0);SD
Module:M29
Boundary:(581.0, 1433.0)(692.5, 1433.0)(692.5, 1445.0)(708.0, 1445.0)(708.0, 1528.0)(581.0, 1528.0);GATE
Port:(595.5, 1518.0)(693.5, 1518.0)(693.5, 1528.0)(595.5, 1528.0);SD
Port:(581.0, 1433.0)(692.5, 1433.0)(692.5, 1445.0)(708.0, 1445.0)(708.0, 1513.0)(581.0, 1513.0);GATE
Port:(591.0, 1438.0)(678.0, 1438.0)(678.0, 1442.0)(591.0, 1442.0);SD
Module:M7
Boundary:(301.0, 187.0)(301.0, 262.5)(198.8, 262.5)(198.8, 476.0)(120.0, 476.0)(120.0, 187.0);GATE
Port:(120.0, 201.5)(130.0, 201.5)(130.0, 461.5)(120.0, 461.5);SD
Port:(301.0, 187.0)(301.0, 262.5)(198.8, 262.5)(198.8, 476.0)(135.0, 476.0)(135.0, 187.0);GATE
Port:(292.0, 197.0)(296.0, 197.0)(296.0, 248.0)(292.0, 248.0);SD
Module:M31
Boundary:(844.0, 550.0)(844.0, 623.0)(719.0, 623.0)(719.0, 550.0);GATE
Port:(719.0, 564.5)(729.0, 564.5)(729.0, 608.5)(719.0, 608.5);SD
Port:(844.0, 550.0)(844.0, 623.0)(734.0, 623.0)(734.0, 550.0);GATE
Port:(835.0, 560.0)(839.0, 560.0)(839.0, 613.0)(835.0, 613.0);SD
Module:M3
Boundary:(358.0, 1054.0)(487.5, 1054.0)(487.5, 1100.5)(539.0, 1100.5)(539.0, 1207.0)(358.0, 1207.0);GATE
Port:(372.5, 1197.0)(524.5, 1197.0)(524.5, 1207.0)(372.5, 1207.0);SD
Port:(358.0, 1054.0)(487.5, 1054.0)(487.5, 1100.5)(539.0, 1100.5)(539.0, 1192.0)(358.0, 1192.0);GATE
Port:(368.0, 1059.0)(473.0, 1059.0)(473.0, 1063.0)(368.0, 1063.0);SD
Module:M26
Boundary:(329.0, 693.0)(329.0, 766.0)(130.0, 766.0)(130.0, 693.0);GATE
Port:(130.0, 707.5)(140.0, 707.5)(140.0, 751.5)(130.0, 751.5);SD
Port:(329.0, 693.0)(329.0, 766.0)(145.0, 766.0)(145.0, 693.0);GATE
Port:(320.0, 703.0)(324.0, 703.0)(324.0, 756.0)(320.0, 756.0);SD
Module:M23
Boundary:(555.0, 169.0)(628.0, 169.0)(628.0, 254.0)(555.0, 254.0);GATE
Port:(569.5, 244.0)(613.5, 244.0)(613.5, 254.0)(569.5, 254.0);SD
Port:(555.0, 169.0)(628.0, 169.0)(628.0, 239.0)(555.0, 239.0);GATE
Port:(565.0, 174.0)(618.0, 174.0)(618.0, 178.0)(565.0, 178.0);SD
Module:M18
Boundary:(762.0, 673.0)(835.0, 673.0)(835.0, 853.0)(762.0, 853.0);GATE
Port:(776.5, 843.0)(820.5, 843.0)(820.5, 853.0)(776.5, 853.0);SD
Port:(762.0, 673.0)(835.0, 673.0)(835.0, 838.0)(762.0, 838.0);GATE
Port:(772.0, 678.0)(825.0, 678.0)(825.0, 682.0)(772.0, 682.0);SD
Module:M20
Boundary:(513.0, 682.0)(624.5, 682.0)(624.5, 729.4)(712.0, 729.4)(712.0, 822.0)(513.0, 822.0);GATE
Port:(527.5, 812.0)(697.5, 812.0)(697.5, 822.0)(527.5, 822.0);SD
Port:(513.0, 682.0)(624.5, 682.0)(624.5, 729.4)(712.0, 729.4)(712.0, 807.0)(513.0, 807.0);GATE
Port:(523.0, 687.0)(610.0, 687.0)(610.0, 691.0)(523.0, 691.0);SD
Module:M15
Boundary:(342.0, 1626.0)(342.0, 1719.5)(332.0, 1719.5)(332.0, 1735.0)(187.0, 1735.0)(187.0, 1626.0);GATE
Port:(187.0, 1640.5)(197.0, 1640.5)(197.0, 1720.5)(187.0, 1720.5);SD
Port:(342.0, 1626.0)(342.0, 1719.5)(332.0, 1719.5)(332.0, 1735.0)(202.0, 1735.0)(202.0, 1626.0);GATE
Port:(333.0, 1636.0)(337.0, 1636.0)(337.0, 1705.0)(333.0, 1705.0);SD
Module:M12
Boundary:(579.0, 1054.0)(672.5, 1054.0)(672.5, 1158.0)(850.0, 1158.0)(850.0, 1198.0)(579.0, 1198.0);GATE
Port:(593.5, 1188.0)(835.5, 1188.0)(835.5, 1198.0)(593.5, 1198.0);SD
Port:(579.0, 1054.0)(672.5, 1054.0)(672.5, 1158.0)(850.0, 1158.0)(850.0, 1183.0)(579.0, 1183.0);GATE
Port:(589.0, 1059.0)(658.0, 1059.0)(658.0, 1063.0)(589.0, 1063.0);SD
Module:M44
Boundary:(513.0, 862.0)(588.5, 862.0)(588.5, 946.0)(694.0, 946.0)(694.0, 1014.0)(513.0, 1014.0);GATE
Port:(527.5, 1004.0)(679.5, 1004.0)(679.5, 1014.0)(527.5, 1014.0);SD
Port:(513.0, 862.0)(588.5, 862.0)(588.5, 946.0)(694.0, 946.0)(694.0, 999.0)(513.0, 999.0);GATE
Port:(523.0, 867.0)(574.0, 867.0)(574.0, 871.0)(523.0, 871.0);SD
Module:M39
Boundary:(30.0, 826.0)(141.5, 826.0)(141.5, 959.4)(301.0, 959.4)(301.0, 1025.0)(30.0, 1025.0);GATE
Port:(44.5, 1015.0)(286.5, 1015.0)(286.5, 1025.0)(44.5, 1025.0);SD
Port:(30.0, 826.0)(141.5, 826.0)(141.5, 959.4)(301.0, 959.4)(301.0, 1010.0)(30.0, 1010.0);GATE
Port:(40.0, 831.0)(127.0, 831.0)(127.0, 835.0)(40.0, 835.0);SD
Module:M8
Boundary:(197.0, 516.0)(197.0, 627.5)(185.0, 627.5)(185.0, 643.0)(120.0, 643.0)(120.0, 516.0);GATE
Port:(120.0, 530.5)(130.0, 530.5)(130.0, 628.5)(120.0, 628.5);SD
Port:(197.0, 516.0)(197.0, 627.5)(185.0, 627.5)(185.0, 643.0)(135.0, 643.0)(135.0, 516.0);GATE
Port:(188.0, 526.0)(192.0, 526.0)(192.0, 613.0)(188.0, 613.0);SD
Module:M41
Boundary:(284.0, 20.0)(284.0, 131.5)(272.0, 131.5)(272.0, 147.0)(120.0, 147.0)(120.0, 20.0);GATE
Port:(120.0, 34.5)(130.0, 34.5)(130.0, 132.5)(120.0, 132.5);SD
Port:(284.0, 20.0)(284.0, 131.5)(272.0, 131.5)(272.0, 147.0)(135.0, 147.0)(135.0, 20.0);GATE
Port:(275.0, 30.0)(279.0, 30.0)(279.0, 117.0)(275.0, 117.0);SD
Module:M4
Boundary:(668.0, 20.0)(797.5, 20.0)(797.5, 132.3)(849.0, 132.3)(849.0, 211.0)(668.0, 211.0);GATE
Port:(682.5, 201.0)(834.5, 201.0)(834.5, 211.0)(682.5, 211.0);SD
Port:(668.0, 20.0)(797.5, 20.0)(797.5, 132.3)(849.0, 132.3)(849.0, 196.0)(668.0, 196.0);GATE
Port:(678.0, 25.0)(783.0, 25.0)(783.0, 29.0)(678.0, 29.0);SD
Module:M36
Boundary:(691.0, 294.0)(691.0, 351.5)(658.0, 351.5)(658.0, 439.0)(584.0, 439.0)(584.0, 294.0);GATE
Port:(584.0, 308.5)(594.0, 308.5)(594.0, 424.5)(584.0, 424.5);SD
Port:(691.0, 294.0)(691.0, 351.5)(658.0, 351.5)(658.0, 439.0)(599.0, 439.0)(599.0, 294.0);GATE
Port:(682.0, 304.0)(686.0, 304.0)(686.0, 337.0)(682.0, 337.0);SD
Module:M33
Boundary:(541.0, 1568.0)(652.5, 1568.0)(652.5, 1580.0)(668.0, 1580.0)(668.0, 1735.0)(541.0, 1735.0);GATE
Port:(555.5, 1725.0)(653.5, 1725.0)(653.5, 1735.0)(555.5, 1735.0);SD
Port:(541.0, 1568.0)(652.5, 1568.0)(652.5, 1580.0)(668.0, 1580.0)(668.0, 1720.0)(541.0, 1720.0);GATE
Port:(551.0, 1573.0)(638.0, 1573.0)(638.0, 1577.0)(551.0, 1577.0);SD
Module:M28
Boundary:(541.0, 1247.0)(541.0, 1320.0)(390.0, 1320.0)(390.0, 1247.0);GATE
Port:(390.0, 1261.5)(400.0, 1261.5)(400.0, 1305.5)(390.0, 1305.5);SD
Port:(541.0, 1247.0)(541.0, 1320.0)(405.0, 1320.0)(405.0, 1247.0);GATE
Port:(532.0, 1257.0)(536.0, 1257.0)(536.0, 1310.0)(532.0, 1310.0);SD
Module:M30
Boundary:(390.0, 1360.0)(501.5, 1360.0)(501.5, 1422.0)(535.0, 1422.0)(535.0, 1499.0)(390.0, 1499.0);GATE
Port:(404.5, 1489.0)(520.5, 1489.0)(520.5, 1499.0)(404.5, 1499.0);SD
Port:(390.0, 1360.0)(501.5, 1360.0)(501.5, 1422.0)(535.0, 1422.0)(535.0, 1484.0)(390.0, 1484.0);GATE
Port:(400.0, 1365.0)(487.0, 1365.0)(487.0, 1369.0)(400.0, 1369.0);SD
Module:M25
Boundary:(840.0, 1446.0)(840.0, 1522.0)(832.0, 1522.0)(832.0, 1537.0)(748.0, 1537.0)(748.0, 1446.0);GATE
Port:(748.0, 1460.5)(758.0, 1460.5)(758.0, 1522.5)(748.0, 1522.5);SD
Port:(840.0, 1446.0)(840.0, 1522.0)(832.0, 1522.0)(832.0, 1537.0)(763.0, 1537.0)(763.0, 1446.0);GATE
Port:(831.0, 1456.0)(835.0, 1456.0)(835.0, 1507.0)(831.0, 1507.0);SD
Module:M22
Boundary:(187.0, 1456.0)(316.5, 1456.0)(316.5, 1513.2)(350.0, 1513.2)(350.0, 1586.0)(187.0, 1586.0);GATE
Port:(201.5, 1576.0)(335.5, 1576.0)(335.5, 1586.0)(201.5, 1586.0);SD
Port:(187.0, 1456.0)(316.5, 1456.0)(316.5, 1513.2)(350.0, 1513.2)(350.0, 1571.0)(187.0, 1571.0);GATE
Port:(197.0, 1461.0)(302.0, 1461.0)(302.0, 1465.0)(197.0, 1465.0);SD
Module:M17
Boundary:(235.0, 1085.0)(308.0, 1085.0)(308.0, 1203.0)(235.0, 1203.0);GATE
Port:(249.5, 1193.0)(293.5, 1193.0)(293.5, 1203.0)(249.5, 1203.0);SD
Port:(235.0, 1085.0)(308.0, 1085.0)(308.0, 1188.0)(235.0, 1188.0);GATE
Port:(245.0, 1090.0)(298.0, 1090.0)(298.0, 1094.0)(245.0, 1094.0);SD
