Area:(-20.0, -20.0)(1578.7, -20.0)(1578.7, 869.6)(-20.0, 869.6)
Rule:GATE(5,5);SD(5,5);GATE_SD(0.5);GATE_ITO(0.5);SD_ITO(0.5)
Module:M14
Boundary:(214.1, 729.0)(214.1, 815.7)(145.7, 815.7)(145.7, 828.6)(20.0, 828.6)(20.0, 729.0);GATE
Port:(20.0, 741.0)(25.4, 741.0)(25.4, 816.6)(20.0, 816.6);SD
Port:(214.1, 729.0)(214.1, 815.7)(145.7, 815.7)(145.7, 828.6)(27.7, 828.6)(27.7, 729.0);GATE
Port:(204.2, 734.3)(209.8, 734.3)(209.8, 809.4)(204.2, 809.4);SD
Module:M9
Boundary:(1411.2, 20.0)(1538.7, 20.0)(1538.7, 184.4)(1411.2, 184.4);GATE
Port:(1425.1, 179.2)(1524.8, 179.2)(1524.8, 184.4)(1425.1, 184.4);SD
Port:(1411.2, 20.0)(1538.7, 20.0)(1538.7, 176.2)(1411.2, 176.2);GATE
Port:(1417.1, 24.9)(1532.8, 24.9)(1532.8, 31.0)(1417.1, 31.0);SD
Module:M5
Boundary:(788.3, 410.2)(788.3, 496.6)(787.9, 496.6)(787.9, 513.9)(657.3, 513.9)(657.3, 410.2);GATE
Port:(657.3, 424.2)(663.0, 424.2)(663.0, 499.9)(657.3, 499.9);SD
Port:(788.3, 410.2)(788.3, 496.6)(787.9, 496.6)(787.9, 513.9)(664.1, 513.9)(664.1, 410.2);GATE
Port:(777.8, 415.7)(783.8, 415.7)(783.8, 491.1)(777.8, 491.1);SD
Module:M11
Boundary:(657.3, 553.9)(766.8, 553.9)(766.8, 694.2)(657.3, 694.2);GATE
Port:(670.6, 689.1)(753.5, 689.1)(753.5, 694.2)(670.6, 694.2);SD
Port:(657.3, 553.9)(766.8, 553.9)(766.8, 686.3)(657.3, 686.3);GATE
Port:(663.2, 558.8)(760.9, 558.8)(760.9, 565.1)(663.2, 565.1);SD
Module:M1
Boundary:(369.2, 312.5)(369.2, 404.9)(369.1, 404.9)(369.1, 422.9)(177.0, 422.9)(177.0, 312.5);GATE
Port:(177.0, 328.0)(182.0, 328.0)(182.0, 407.4)(177.0, 407.4);SD
Port:(369.2, 312.5)(369.2, 404.9)(369.1, 404.9)(369.1, 422.9)(184.2, 422.9)(184.2, 312.5);GATE
Port:(356.5, 318.6)(364.1, 318.6)(364.1, 398.8)(356.5, 398.8);SD
Module:M43
Boundary:(1076.3, 750.8)(1076.3, 803.0)(1076.2, 803.0)(1076.2, 820.1)(909.7, 820.1)(909.7, 750.8);GATE
Port:(909.7, 764.8)(914.5, 764.8)(914.5, 806.1)(909.7, 806.1);SD
Port:(1076.3, 750.8)(1076.3, 803.0)(1076.2, 803.0)(1076.2, 820.1)(917.1, 820.1)(917.1, 750.8);GATE
Port:(1064.9, 757.2)(1070.9, 757.2)(1070.9, 796.6)(1064.9, 796.6);SD
Module:M38
Boundary:(979.2, 530.7)(1058.8, 530.7)(1058.8, 608.3)(1072.9, 608.3)(1072.9, 710.8)(979.2, 710.8);GATE
Port:(992.3, 705.0)(1059.8, 705.0)(1059.8, 710.8)(992.3, 710.8);SD
Port:(979.2, 530.7)(1058.8, 530.7)(1058.8, 608.3)(1072.9, 608.3)(1072.9, 702.8)(979.2, 702.8);GATE
Port:(985.4, 535.9)(1051.6, 535.9)(1051.6, 542.2)(985.4, 542.2);SD
Module:M40
Boundary:(989.2, 320.1)(1050.9, 320.1)(1050.9, 402.0)(1064.6, 402.0)(1064.6, 480.7)(989.2, 480.7);GATE
Port:(1001.0, 475.5)(1052.8, 475.5)(1052.8, 480.7)(1001.0, 480.7);SD
Port:(989.2, 320.1)(1050.9, 320.1)(1050.9, 402.0)(1064.6, 402.0)(1064.6, 474.2)(989.2, 474.2);GATE
Port:(995.6, 325.5)(1043.5, 325.5)(1043.5, 330.3)(995.6, 330.3);SD
Module:M35
Boundary:(1319.8, 388.3)(1387.4, 388.3)(1387.4, 388.4)(1404.4, 388.4)(1404.4, 579.1)(1319.8, 579.1);GATE
Port:(1333.6, 574.0)(1390.6, 574.0)(1390.6, 579.1)(1333.6, 579.1);SD
Port:(1319.8, 388.3)(1387.4, 388.3)(1387.4, 388.4)(1404.4, 388.4)(1404.4, 571.2)(1319.8, 571.2);GATE
Port:(1324.9, 392.4)(1382.3, 392.4)(1382.3, 398.9)(1324.9, 398.9);SD
Module:M32
Boundary:(249.4, 472.9)(323.5, 472.9)(323.5, 481.0)(339.7, 481.0)(339.7, 578.8)(249.4, 578.8);GATE
Port:(265.6, 573.7)(323.5, 573.7)(323.5, 578.8)(265.6, 578.8);SD
Port:(249.4, 472.9)(323.5, 472.9)(323.5, 481.0)(339.7, 481.0)(339.7, 572.5)(249.4, 572.5);GATE
Port:(256.2, 478.7)(315.7, 478.7)(315.7, 485.7)(256.2, 485.7);SD
Module:M27
Boundary:(1250.5, 149.3)(1366.2, 149.3)(1366.2, 348.3)(1250.5, 348.3);GATE
Port:(1264.3, 343.6)(1352.4, 343.6)(1352.4, 348.3)(1264.3, 348.3);SD
Port:(1250.5, 149.3)(1366.2, 149.3)(1366.2, 341.9)(1250.5, 341.9);GATE
Port:(1257.1, 154.9)(1359.6, 154.9)(1359.6, 159.6)(1257.1, 159.6);SD
Module:M24
Boundary:(1123.1, 534.7)(1240.2, 534.7)(1240.2, 622.1)(1258.0, 622.1)(1258.0, 734.1)(1123.1, 734.1);GATE
Port:(1139.8, 730.1)(1241.3, 730.1)(1241.3, 734.1)(1139.8, 734.1);SD
Port:(1123.1, 534.7)(1240.2, 534.7)(1240.2, 622.1)(1258.0, 622.1)(1258.0, 727.6)(1123.1, 727.6);GATE
Port:(1129.9, 540.5)(1232.4, 540.5)(1232.4, 548.0)(1129.9, 548.0);SD
Module:M19
Boundary:(1240.2, 30.0)(1361.2, 30.0)(1361.2, 99.3)(1240.2, 99.3);GATE
Port:(1253.2, 94.1)(1348.2, 94.1)(1348.2, 99.3)(1253.2, 99.3);SD
Port:(1240.2, 30.0)(1361.2, 30.0)(1361.2, 92.8)(1240.2, 92.8);GATE
Port:(1245.3, 34.1)(1356.1, 34.1)(1356.1, 40.2)(1245.3, 40.2);SD
Module:M6
Boundary:(1444.4, 344.5)(1500.4, 344.5)(1500.4, 398.2)(1517.0, 398.2)(1517.0, 547.5)(1444.4, 547.5);GATE
Port:(1459.5, 542.3)(1501.9, 542.3)(1501.9, 547.5)(1459.5, 547.5);SD
Port:(1444.4, 344.5)(1500.4, 344.5)(1500.4, 398.2)(1517.0, 398.2)(1517.0, 541.1)(1444.4, 541.1);GATE
Port:(1450.2, 349.3)(1493.6, 349.3)(1493.6, 356.9)(1450.2, 356.9);SD
Module:M21
Boundary:(256.6, 628.8)(326.6, 628.8)(326.6, 629.1)(343.6, 629.1)(343.6, 826.0)(256.6, 826.0);GATE
Port:(271.2, 820.2)(329.0, 820.2)(329.0, 826.0)(271.2, 826.0);SD
Port:(256.6, 628.8)(326.6, 628.8)(326.6, 629.1)(343.6, 629.1)(343.6, 818.8)(256.6, 818.8);GATE
Port:(261.9, 633.1)(321.3, 633.1)(321.3, 640.5)(261.9, 640.5);SD
Module:M2
Boundary:(617.3, 165.4)(617.3, 257.8)(540.8, 257.8)(540.8, 271.5)(401.3, 271.5)(401.3, 165.4);GATE
Port:(401.3, 178.3)(405.9, 178.3)(405.9, 258.6)(401.3, 258.6);SD
Port:(617.3, 165.4)(617.3, 257.8)(540.8, 257.8)(540.8, 271.5)(407.1, 271.5)(407.1, 165.4);GATE
Port:(606.4, 172.1)(611.6, 172.1)(611.6, 250.1)(606.4, 250.1);SD
Module:M16
Boundary:(122.2, 164.6)(122.2, 259.6)(113.7, 259.6)(113.7, 274.3)(20.0, 274.3)(20.0, 164.6);GATE
Port:(20.0, 177.0)(25.0, 177.0)(25.0, 261.9)(20.0, 261.9);SD
Port:(122.2, 164.6)(122.2, 259.6)(113.7, 259.6)(113.7, 274.3)(26.1, 274.3)(26.1, 164.6);GATE
Port:(112.9, 170.7)(117.1, 170.7)(117.1, 252.5)(112.9, 252.5);SD
Module:M13
Boundary:(199.4, 514.3)(199.4, 586.4)(199.2, 586.4)(199.2, 604.0)(20.0, 604.0)(20.0, 514.3);GATE
Port:(20.0, 529.1)(25.1, 529.1)(25.1, 589.2)(20.0, 589.2);SD
Port:(199.4, 514.3)(199.4, 586.4)(199.2, 586.4)(199.2, 604.0)(26.2, 604.0)(26.2, 514.3);GATE
Port:(187.8, 520.6)(194.1, 520.6)(194.1, 580.1)(187.8, 580.1);SD
Module:M45
Boundary:(1124.1, 162.8)(1196.7, 162.8)(1196.7, 163.1)(1210.5, 163.1)(1210.5, 335.0)(1124.1, 335.0);GATE
Port:(1136.5, 329.5)(1198.1, 329.5)(1198.1, 335.0)(1136.5, 335.0);SD
Port:(1124.1, 162.8)(1196.7, 162.8)(1196.7, 163.1)(1210.5, 163.1)(1210.5, 328.4)(1124.1, 328.4);GATE
Port:(1129.3, 167.0)(1191.5, 167.0)(1191.5, 173.5)(1129.3, 173.5);SD
Module:M10
Boundary:(1444.4, 587.5)(1507.9, 587.5)(1507.9, 587.5)(1523.2, 587.5)(1523.2, 691.9)(1444.4, 691.9);GATE
Port:(1457.4, 686.8)(1510.2, 686.8)(1510.2, 691.9)(1457.4, 691.9);SD
Port:(1444.4, 587.5)(1507.9, 587.5)(1507.9, 587.5)(1523.2, 587.5)(1523.2, 685.5)(1444.4, 685.5);GATE
Port:(1450.4, 592.5)(1501.9, 592.5)(1501.9, 598.2)(1450.4, 598.2);SD
Module:M42
Boundary:(361.3, 165.4)(361.3, 258.4)(240.1, 258.4)(240.1, 272.5)(162.2, 272.5)(162.2, 165.4);GATE
Port:(162.2, 178.1)(167.8, 178.1)(167.8, 259.8)(162.2, 259.8);SD
Port:(361.3, 165.4)(361.3, 258.4)(240.1, 258.4)(240.1, 272.5)(170.6, 272.5)(170.6, 165.4);GATE
Port:(350.9, 170.6)(357.1, 170.6)(357.1, 252.2)(350.9, 252.2);SD
Module:M37
Boundary:(1279.8, 388.3)(1279.8, 476.8)(1279.7, 476.8)(1279.7, 494.7)(1123.1, 494.7)(1123.1, 388.3);GATE
Port:(1123.1, 401.9)(1128.1, 401.9)(1128.1, 481.1)(1123.1, 481.1);SD
Port:(1279.8, 388.3)(1279.8, 476.8)(1279.7, 476.8)(1279.7, 494.7)(1129.5, 494.7)(1129.5, 388.3);GATE
Port:(1269.4, 393.9)(1275.2, 393.9)(1275.2, 471.2)(1269.4, 471.2);SD
Module:M34
Boundary:(1536.7, 224.4)(1536.7, 289.7)(1494.5, 289.7)(1494.5, 304.5)(1406.2, 304.5)(1406.2, 224.4);GATE
Port:(1406.2, 237.0)(1412.1, 237.0)(1412.1, 291.9)(1406.2, 291.9);SD
Port:(1536.7, 224.4)(1536.7, 289.7)(1494.5, 289.7)(1494.5, 304.5)(1413.6, 304.5)(1413.6, 224.4);GATE
Port:(1525.9, 230.2)(1531.9, 230.2)(1531.9, 282.9)(1525.9, 282.9);SD
Module:M29
Boundary:(1124.1, 20.0)(1190.2, 20.0)(1190.2, 122.8)(1124.1, 122.8);GATE
Port:(1137.1, 117.8)(1177.2, 117.8)(1177.2, 122.8)(1137.1, 122.8);SD
Port:(1124.1, 20.0)(1190.2, 20.0)(1190.2, 115.7)(1124.1, 115.7);GATE
Port:(1129.4, 24.3)(1184.9, 24.3)(1184.9, 31.3)(1129.4, 31.3);SD
Module:M7
Boundary:(1020.3, 20.0)(1084.1, 20.0)(1084.1, 159.7)(1020.3, 159.7);GATE
Port:(1033.9, 154.2)(1070.5, 154.2)(1070.5, 159.7)(1033.9, 159.7);SD
Port:(1020.3, 20.0)(1084.1, 20.0)(1084.1, 151.5)(1020.3, 151.5);GATE
Port:(1026.8, 25.5)(1077.6, 25.5)(1077.6, 31.6)(1026.8, 31.6);SD
Module:M31
Boundary:(1280.6, 774.1)(1280.6, 829.6)(1123.1, 829.6)(1123.1, 774.1);GATE
Port:(1123.1, 785.8)(1128.4, 785.8)(1128.4, 817.9)(1123.1, 817.9);SD
Port:(1280.6, 774.1)(1280.6, 829.6)(1129.5, 829.6)(1129.5, 774.1);GATE
Port:(1270.7, 779.4)(1276.3, 779.4)(1276.3, 824.3)(1270.7, 824.3);SD
Module:M3
Boundary:(216.6, 644.0)(216.6, 674.1)(216.5, 674.1)(216.5, 689.0)(20.0, 689.0)(20.0, 644.0);GATE
Port:(20.0, 655.1)(24.0, 655.1)(24.0, 677.9)(20.0, 677.9);SD
Port:(216.6, 644.0)(216.6, 674.1)(216.5, 674.1)(216.5, 689.0)(25.9, 689.0)(25.9, 644.0);GATE
Port:(207.3, 649.5)(212.1, 649.5)(212.1, 668.6)(207.3, 668.6);SD
Module:M26
Boundary:(859.7, 747.4)(859.7, 802.2)(793.6, 802.2)(793.6, 817.9)(667.3, 817.9)(667.3, 747.4);GATE
Port:(667.3, 762.4)(672.2, 762.4)(672.2, 802.9)(667.3, 802.9);SD
Port:(859.7, 747.4)(859.7, 802.2)(793.6, 802.2)(793.6, 817.9)(675.1, 817.9)(675.1, 747.4);GATE
Port:(847.4, 753.9)(854.2, 753.9)(854.2, 794.7)(847.4, 794.7);SD
Module:M23
Boundary:(595.9, 723.1)(595.9, 810.3)(595.6, 810.3)(595.6, 827.3)(383.6, 827.3)(383.6, 723.1);GATE
Port:(383.6, 737.6)(388.4, 737.6)(388.4, 812.8)(383.6, 812.8);SD
Port:(595.9, 723.1)(595.9, 810.3)(595.6, 810.3)(595.6, 827.3)(391.1, 827.3)(391.1, 723.1);GATE
Port:(584.0, 728.5)(591.5, 728.5)(591.5, 804.9)(584.0, 804.9);SD
Module:M18
Boundary:(603.8, 448.5)(603.8, 506.8)(508.5, 506.8)(508.5, 524.3)(419.2, 524.3)(419.2, 448.5);GATE
Port:(419.2, 464.4)(423.4, 464.4)(423.4, 508.4)(419.2, 508.4);SD
Port:(603.8, 448.5)(603.8, 506.8)(508.5, 506.8)(508.5, 524.3)(425.2, 524.3)(425.2, 448.5);GATE
Port:(591.2, 455.3)(598.0, 455.3)(598.0, 499.0)(591.2, 499.0);SD
Module:M20
Boundary:(867.2, 20.0)(867.2, 99.2)(857.1, 99.2)(857.1, 113.0)(739.0, 113.0)(739.0, 20.0);GATE
Port:(739.0, 33.3)(743.3, 33.3)(743.3, 99.7)(739.0, 99.7);SD
Port:(867.2, 20.0)(867.2, 99.2)(857.1, 99.2)(857.1, 113.0)(744.9, 113.0)(744.9, 20.0);GATE
Port:(855.9, 26.0)(862.2, 26.0)(862.2, 92.2)(855.9, 92.2);SD
Module:M15
Boundary:(1083.1, 199.7)(1083.1, 252.9)(1083.0, 252.9)(1083.0, 270.1)(910.4, 270.1)(910.4, 199.7);GATE
Port:(910.4, 214.6)(916.1, 214.6)(916.1, 255.2)(910.4, 255.2);SD
Port:(1083.1, 199.7)(1083.1, 252.9)(1083.0, 252.9)(1083.0, 270.1)(918.3, 270.1)(918.3, 199.7);GATE
Port:(1071.2, 205.6)(1078.2, 205.6)(1078.2, 247.0)(1071.2, 247.0);SD
Module:M12
Boundary:(454.3, 20.0)(454.3, 108.8)(349.4, 108.8)(349.4, 125.4)(254.2, 125.4)(254.2, 20.0);GATE
Port:(254.2, 33.5)(259.3, 33.5)(259.3, 111.9)(254.2, 111.9);SD
Port:(454.3, 20.0)(454.3, 108.8)(349.4, 108.8)(349.4, 125.4)(260.9, 125.4)(260.9, 20.0);GATE
Port:(443.2, 25.9)(449.4, 25.9)(449.4, 101.9)(443.2, 101.9);SD
Module:M44
Boundary:(761.4, 153.0)(856.7, 153.0)(856.7, 182.9)(870.4, 182.9)(870.4, 329.8)(761.4, 329.8);GATE
Port:(775.9, 325.1)(855.9, 325.1)(855.9, 329.8)(775.9, 329.8);SD
Port:(761.4, 153.0)(856.7, 153.0)(856.7, 182.9)(870.4, 182.9)(870.4, 323.8)(761.4, 323.8);GATE
Port:(768.4, 159.0)(848.7, 159.0)(848.7, 165.0)(768.4, 165.0);SD
Module:M39
Boundary:(590.2, 321.5)(590.2, 373.3)(589.9, 373.3)(589.9, 388.5)(419.2, 388.5)(419.2, 321.5);GATE
Port:(419.2, 336.5)(423.6, 336.5)(423.6, 373.5)(419.2, 373.5);SD
Port:(590.2, 321.5)(590.2, 373.3)(589.9, 373.3)(589.9, 388.5)(424.9, 388.5)(424.9, 321.5);GATE
Port:(577.2, 328.2)(584.5, 328.2)(584.5, 366.6)(577.2, 366.6);SD
Module:M8
Boundary:(910.4, 20.0)(968.2, 20.0)(968.2, 41.9)(980.3, 41.9)(980.3, 154.1)(910.4, 154.1);GATE
Port:(922.4, 148.2)(968.3, 148.2)(968.3, 154.1)(922.4, 154.1);SD
Port:(910.4, 20.0)(968.2, 20.0)(968.2, 41.9)(980.3, 41.9)(980.3, 145.8)(910.4, 145.8);GATE
Port:(916.0, 24.6)(961.6, 24.6)(961.6, 30.5)(916.0, 30.5);SD
Module:M41
Boundary:(20.0, 314.3)(137.0, 314.3)(137.0, 474.3)(20.0, 474.3);GATE
Port:(34.0, 468.5)(123.0, 468.5)(123.0, 474.3)(34.0, 474.3);SD
Port:(20.0, 314.3)(137.0, 314.3)(137.0, 465.9)(20.0, 465.9);GATE
Port:(25.8, 319.1)(131.2, 319.1)(131.2, 325.2)(25.8, 325.2);SD
Module:M4
Boundary:(1389.7, 619.1)(1389.7, 682.7)(1389.6, 682.7)(1389.6, 697.2)(1298.0, 697.2)(1298.0, 619.1);GATE
Port:(1298.0, 632.9)(1303.7, 632.9)(1303.7, 683.4)(1298.0, 683.4);SD
Port:(1389.7, 619.1)(1389.7, 682.7)(1389.6, 682.7)(1389.6, 697.2)(1306.2, 697.2)(1306.2, 619.1);GATE
Port:(1378.0, 625.7)(1384.1, 625.7)(1384.1, 676.1)(1378.0, 676.1);SD
Module:M36
Boundary:(214.2, 20.0)(214.2, 110.8)(95.8, 110.8)(95.8, 124.6)(20.0, 124.6)(20.0, 20.0);GATE
Port:(20.0, 32.3)(25.9, 32.3)(25.9, 112.3)(20.0, 112.3);SD
Port:(214.2, 20.0)(214.2, 110.8)(95.8, 110.8)(95.8, 124.6)(27.1, 124.6)(27.1, 20.0);GATE
Port:(204.6, 25.2)(210.0, 25.2)(210.0, 104.6)(204.6, 104.6);SD
Module:M33
Boundary:(657.3, 157.4)(721.4, 157.4)(721.4, 370.2)(657.3, 370.2);GATE
Port:(669.7, 364.3)(709.0, 364.3)(709.0, 370.2)(669.7, 370.2);SD
Port:(657.3, 157.4)(721.4, 157.4)(721.4, 361.8)(657.3, 361.8);GATE
Port:(662.6, 161.7)(716.1, 161.7)(716.1, 167.0)(662.6, 167.0);SD
Module:M28
Boundary:(828.3, 369.8)(921.8, 369.8)(921.8, 414.9)(939.2, 414.9)(939.2, 547.7)(828.3, 547.7);GATE
Port:(843.1, 542.3)(924.4, 542.3)(924.4, 547.7)(843.1, 547.7);SD
Port:(828.3, 369.8)(921.8, 369.8)(921.8, 414.9)(939.2, 414.9)(939.2, 540.1)(828.3, 540.1);GATE
Port:(835.1, 375.6)(914.0, 375.6)(914.0, 381.3)(835.1, 381.3);SD
Module:M30
Boundary:(699.0, 20.0)(699.0, 99.5)(663.8, 99.5)(663.8, 117.4)(494.3, 117.4)(494.3, 20.0);GATE
Port:(494.3, 36.7)(499.4, 36.7)(499.4, 100.7)(494.3, 100.7);SD
Port:(699.0, 20.0)(699.0, 99.5)(663.8, 99.5)(663.8, 117.4)(501.6, 117.4)(501.6, 20.0);GATE
Port:(685.7, 26.6)(693.4, 26.6)(693.4, 91.9)(685.7, 91.9);SD
Module:M25
Boundary:(928.7, 587.7)(928.7, 697.4)(806.8, 697.4)(806.8, 587.7);GATE
Port:(806.8, 601.2)(812.2, 601.2)(812.2, 683.9)(806.8, 683.9);SD
Port:(928.7, 587.7)(928.7, 697.4)(814.1, 697.4)(814.1, 587.7);GATE
Port:(916.7, 593.4)(924.0, 593.4)(924.0, 691.7)(916.7, 691.7);SD
Module:M22
Boundary:(1529.9, 737.2)(1529.9, 809.6)(1456.6, 809.6)(1456.6, 826.6)(1320.6, 826.6)(1320.6, 737.2);GATE
Port:(1320.6, 750.9)(1326.1, 750.9)(1326.1, 812.9)(1320.6, 812.9);SD
Port:(1529.9, 737.2)(1529.9, 809.6)(1456.6, 809.6)(1456.6, 826.6)(1328.7, 826.6)(1328.7, 737.2);GATE
Port:(1519.3, 742.3)(1525.8, 742.3)(1525.8, 803.5)(1519.3, 803.5);SD
Module:M17
Boundary:(600.3, 584.3)(600.3, 673.1)(399.7, 673.1)(399.7, 584.3);GATE
Port:(399.7, 596.0)(405.0, 596.0)(405.0, 661.4)(399.7, 661.4);SD
Port:(600.3, 584.3)(600.3, 673.1)(406.1, 673.1)(406.1, 584.3);GATE
Port:(591.3, 589.9)(595.7, 589.9)(595.7, 667.5)(591.3, 667.5);SD
