Area:(-20.0, -20.0)(420.5, -20.0)(420.5, 363.3)(-20.0, 363.3)
Rule:GATE(5,5);SD(5,5);GATE_SD(0.5);GATE_ITO(0.5);SD_ITO(0.5)
Module:M5
Boundary:(20.0, 189.1)(116.0, 189.1)(116.0, 320.8)(20.0, 320.8);GATE
Port:(35.8, 315.7)(100.2, 315.7)(100.2, 320.8)(35.8, 320.8);SD
Port:(20.0, 189.1)(116.0, 189.1)(116.0, 313.6)(20.0, 313.6);GATE
Port:(26.8, 194.9)(109.2, 194.9)(109.2, 201.5)(26.8, 201.5);SD
Module:M1
Boundary:(131.5, 20.0)(131.5, 130.9)(131.0, 130.9)(131.0, 149.1)(20.0, 149.1)(20.0, 20.0);GATE
Port:(20.0, 35.6)(25.5, 35.6)(25.5, 133.5)(20.0, 133.5);SD
Port:(131.5, 20.0)(131.5, 130.9)(131.0, 130.9)(131.0, 149.1)(27.3, 149.1)(27.3, 20.0);GATE
Port:(119.1, 26.7)(125.8, 26.7)(125.8, 124.2)(119.1, 124.2);SD
Module:M2
Boundary:(306.0, 20.0)(355.9, 20.0)(355.9, 58.2)(371.7, 58.2)(371.7, 138.4)(306.0, 138.4);GATE
Port:(318.3, 134.2)(359.4, 134.2)(359.4, 138.4)(318.3, 138.4);SD
Port:(306.0, 20.0)(355.9, 20.0)(355.9, 58.2)(371.7, 58.2)(371.7, 132.4)(306.0, 132.4);GATE
Port:(311.4, 24.4)(349.5, 24.4)(349.5, 29.2)(311.4, 29.2);SD
Module:M3
Boundary:(380.5, 233.4)(380.5, 323.3)(156.0, 323.3)(156.0, 233.4);GATE
Port:(156.0, 245.7)(161.3, 245.7)(161.3, 311.0)(156.0, 311.0);SD
Port:(380.5, 233.4)(380.5, 323.3)(162.4, 323.3)(162.4, 233.4);GATE
Port:(370.2, 238.5)(376.4, 238.5)(376.4, 318.2)(370.2, 318.2);SD
Module:M4
Boundary:(171.5, 20.0)(251.5, 20.0)(251.5, 109.8)(266.0, 109.8)(266.0, 193.4)(171.5, 193.4);GATE
Port:(183.8, 188.8)(253.7, 188.8)(253.7, 193.4)(183.8, 193.4);SD
Port:(171.5, 20.0)(251.5, 20.0)(251.5, 109.8)(266.0, 109.8)(266.0, 187.0)(171.5, 187.0);GATE
Port:(177.5, 25.0)(244.5, 25.0)(244.5, 30.3)(177.5, 30.3);SD
