Area:(-20.0, -20.0)(246.0, -20.0)(246.0, 682.0)(-20.0, 682.0)
Rule:GATE(5,5);SD(5,5);GATE_SD(0.5);GATE_ITO(0.5);SD_ITO(0.5)
Module:M5
Boundary:(20.0, 361.0)(131.5, 361.0)(131.5, 373.0)(147.0, 373.0)(147.0, 474.0)(20.0, 474.0);GATE
Port:(34.5, 464.0)(132.5, 464.0)(132.5, 474.0)(34.5, 474.0);SD
Port:(20.0, 361.0)(131.5, 361.0)(131.5, 373.0)(147.0, 373.0)(147.0, 459.0)(20.0, 459.0);GATE
Port:(30.0, 366.0)(117.0, 366.0)(117.0, 370.0)(30.0, 370.0);SD
Module:M1
Boundary:(20.0, 20.0)(93.0, 20.0)(93.0, 124.0)(20.0, 124.0);GATE
Port:(34.5, 114.0)(78.5, 114.0)(78.5, 124.0)(34.5, 124.0);SD
Port:(20.0, 20.0)(93.0, 20.0)(93.0, 109.0)(20.0, 109.0);GATE
Port:(30.0, 25.0)(83.0, 25.0)(83.0, 29.0)(30.0, 29.0);SD
Module:M2
Boundary:(133.0, 20.0)(206.0, 20.0)(206.0, 154.0)(133.0, 154.0);GATE
Port:(147.5, 144.0)(191.5, 144.0)(191.5, 154.0)(147.5, 154.0);SD
Port:(133.0, 20.0)(206.0, 20.0)(206.0, 139.0)(133.0, 139.0);GATE
Port:(143.0, 25.0)(196.0, 25.0)(196.0, 29.0)(143.0, 29.0);SD
Module:M3
Boundary:(175.0, 194.0)(175.0, 305.5)(163.0, 305.5)(163.0, 321.0)(20.0, 321.0)(20.0, 194.0);GATE
Port:(20.0, 208.5)(30.0, 208.5)(30.0, 306.5)(20.0, 306.5);SD
Port:(175.0, 194.0)(175.0, 305.5)(163.0, 305.5)(163.0, 321.0)(35.0, 321.0)(35.0, 194.0);GATE
Port:(166.0, 204.0)(170.0, 204.0)(170.0, 291.0)(166.0, 291.0);SD
Module:M4
Boundary:(20.0, 514.0)(131.5, 514.0)(131.5, 526.0)(147.0, 526.0)(147.0, 642.0)(20.0, 642.0);GATE
Port:(34.5, 632.0)(132.5, 632.0)(132.5, 642.0)(34.5, 642.0);SD
Port:(20.0, 514.0)(131.5, 514.0)(131.5, 526.0)(147.0, 526.0)(147.0, 627.0)(20.0, 627.0);GATE
Port:(30.0, 519.0)(117.0, 519.0)(117.0, 523.0)(30.0, 523.0);SD
