Area:(-0.6, -20.0)(929.7, -20.0)(929.7, 797.7)(-0.6, 797.7)
Rule:GATE(5,5);SD(5,5);GATE_SD(0.5);GATE_ITO(0.5);SD_ITO(0.5)
Module:M23
Boundary:(522.6, 127.3)(652.1, 127.3)(652.1, 100.3)(721.6, 100.3)(721.6, 52.3)(522.6, 52.3);GATE
Port:(537.1, 52.3)(707.1, 52.3)(707.1, 62.3)(537.1, 62.3);SD
Port:(522.6, 127.3)(652.1, 127.3)(652.1, 100.3)(721.6, 100.3)(721.6, 67.3)(522.6, 67.3);GATE
Port:(532.6, 118.3)(637.6, 118.3)(637.6, 122.3)(532.6, 122.3);SD
Module:M18
Boundary:(433.3, 62.0)(506.3, 62.0)(506.3, 142.0)(433.3, 142.0);GATE
Port:(447.8, 132.0)(491.8, 132.0)(491.8, 142.0)(447.8, 142.0);SD
Port:(433.3, 62.0)(506.3, 62.0)(506.3, 127.0)(433.3, 127.0);GATE
Port:(443.3, 67.0)(496.3, 67.0)(496.3, 71.0)(443.3, 71.0);SD
Module:M16
Boundary:(172.6, 201.6)(79.1, 201.6)(79.1, 191.6)(63.6, 191.6)(63.6, 67.6)(172.6, 67.6);GATE
Port:(78.1, 67.6)(158.1, 67.6)(158.1, 77.6)(78.1, 77.6);SD
Port:(172.6, 201.6)(79.1, 201.6)(79.1, 191.6)(63.6, 191.6)(63.6, 82.6)(172.6, 82.6);GATE
Port:(93.6, 192.6)(162.6, 192.6)(162.6, 196.6)(93.6, 196.6);SD
Module:M15
Boundary:(751.3, 175.0)(844.8, 175.0)(844.8, 107.2)(878.3, 107.2)(878.3, 20.0)(751.3, 20.0);GATE
Port:(765.8, 20.0)(863.8, 20.0)(863.8, 30.0)(765.8, 30.0);SD
Port:(751.3, 175.0)(844.8, 175.0)(844.8, 107.2)(878.3, 107.2)(878.3, 35.0)(751.3, 35.0);GATE
Port:(761.3, 166.0)(830.3, 166.0)(830.3, 170.0)(761.3, 170.0);SD
Module:M17
Boundary:(203.2, 210.1)(332.7, 210.1)(332.7, 98.1)(420.2, 98.1)(420.2, 44.1)(203.2, 44.1);GATE
Port:(217.7, 44.1)(405.7, 44.1)(405.7, 54.1)(217.7, 54.1);SD
Port:(203.2, 210.1)(332.7, 210.1)(332.7, 98.1)(420.2, 98.1)(420.2, 59.1)(203.2, 59.1);GATE
Port:(213.2, 201.1)(318.2, 201.1)(318.2, 205.1)(213.2, 205.1);SD
Module:M5
Boundary:(571.8, 135.0)(665.3, 135.0)(665.3, 191.2)(698.8, 191.2)(698.8, 267.0)(571.8, 267.0);GATE
Port:(586.3, 257.0)(684.3, 257.0)(684.3, 267.0)(586.3, 267.0);SD
Port:(571.8, 135.0)(665.3, 135.0)(665.3, 191.2)(698.8, 191.2)(698.8, 252.0)(571.8, 252.0);GATE
Port:(581.8, 140.0)(650.8, 140.0)(650.8, 144.0)(581.8, 144.0);SD
Module:M8
Boundary:(380.5, 243.2)(380.5, 316.2)(186.5, 316.2)(186.5, 243.2);GATE
Port:(186.5, 257.7)(196.5, 257.7)(196.5, 301.7)(186.5, 301.7);SD
Port:(380.5, 243.2)(380.5, 316.2)(201.5, 316.2)(201.5, 243.2);GATE
Port:(371.5, 253.2)(375.5, 253.2)(375.5, 306.2)(371.5, 306.2);SD
Module:M4
Boundary:(560.3, 313.1)(560.3, 219.6)(505.3, 219.6)(505.3, 150.1)(427.3, 150.1)(427.3, 313.1);GATE
Port:(427.3, 164.6)(437.3, 164.6)(437.3, 298.6)(427.3, 298.6);SD
Port:(560.3, 313.1)(560.3, 219.6)(505.3, 219.6)(505.3, 150.1)(442.3, 150.1)(442.3, 313.1);GATE
Port:(551.3, 234.1)(555.3, 234.1)(555.3, 303.1)(551.3, 303.1);SD
Module:M13
Boundary:(864.1, 249.3)(864.1, 342.8)(803.3, 342.8)(803.3, 376.3)(723.1, 376.3)(723.1, 249.3);GATE
Port:(723.1, 263.8)(733.1, 263.8)(733.1, 361.8)(723.1, 361.8);SD
Port:(864.1, 249.3)(864.1, 342.8)(803.3, 342.8)(803.3, 376.3)(738.1, 376.3)(738.1, 249.3);GATE
Port:(855.1, 259.3)(859.1, 259.3)(859.1, 328.3)(855.1, 328.3);SD
Module:M3
Boundary:(56.0, 211.6)(149.5, 211.6)(149.5, 221.6)(165.0, 221.6)(165.0, 361.6)(56.0, 361.6);GATE
Port:(70.5, 351.6)(150.5, 351.6)(150.5, 361.6)(70.5, 361.6);SD
Port:(56.0, 211.6)(149.5, 211.6)(149.5, 221.6)(165.0, 221.6)(165.0, 346.6)(56.0, 346.6);GATE
Port:(66.0, 216.6)(135.0, 216.6)(135.0, 220.6)(66.0, 220.6);SD
Module:M2
Boundary:(702.8, 450.2)(629.8, 450.2)(629.8, 320.2)(702.8, 320.2);GATE
Port:(644.3, 320.2)(688.3, 320.2)(688.3, 330.2)(644.3, 330.2);SD
Port:(702.8, 450.2)(629.8, 450.2)(629.8, 335.2)(702.8, 335.2);GATE
Port:(639.8, 441.2)(692.8, 441.2)(692.8, 445.2)(639.8, 445.2);SD
Module:M7
Boundary:(553.4, 453.0)(480.4, 453.0)(480.4, 343.0)(553.4, 343.0);GATE
Port:(494.9, 343.0)(538.9, 343.0)(538.9, 353.0)(494.9, 353.0);SD
Port:(553.4, 453.0)(480.4, 453.0)(480.4, 358.0)(553.4, 358.0);GATE
Port:(490.4, 444.0)(543.4, 444.0)(543.4, 448.0)(490.4, 448.0);SD
Module:M21
Boundary:(473.5, 319.8)(473.5, 449.3)(459.5, 449.3)(459.5, 464.8)(399.5, 464.8)(399.5, 319.8);GATE
Port:(399.5, 334.3)(409.5, 334.3)(409.5, 450.3)(399.5, 450.3);SD
Port:(473.5, 319.8)(473.5, 449.3)(459.5, 449.3)(459.5, 464.8)(414.5, 464.8)(414.5, 319.8);GATE
Port:(464.5, 329.8)(468.5, 329.8)(468.5, 434.8)(464.5, 434.8);SD
Module:M19
Boundary:(393.6, 522.2)(336.1, 522.2)(336.1, 457.7)(212.6, 457.7)(212.6, 346.2)(393.6, 346.2);GATE
Port:(227.1, 346.2)(379.1, 346.2)(379.1, 356.2)(227.1, 356.2);SD
Port:(393.6, 522.2)(336.1, 522.2)(336.1, 457.7)(212.6, 457.7)(212.6, 361.2)(393.6, 361.2);GATE
Port:(350.6, 513.2)(383.6, 513.2)(383.6, 517.2)(350.6, 517.2);SD
Module:M22
Boundary:(50.7, 528.9)(126.7, 528.9)(126.7, 520.9)(141.7, 520.9)(141.7, 388.9)(50.7, 388.9);GATE
Port:(65.2, 388.9)(127.2, 388.9)(127.2, 398.9)(65.2, 398.9);SD
Port:(50.7, 528.9)(126.7, 528.9)(126.7, 520.9)(141.7, 520.9)(141.7, 403.9)(50.7, 403.9);GATE
Port:(60.7, 519.9)(111.7, 519.9)(111.7, 523.9)(60.7, 523.9);SD
Module:M20
Boundary:(884.0, 550.3)(736.5, 550.3)(736.5, 534.2)(721.0, 534.2)(721.0, 382.3)(884.0, 382.3);GATE
Port:(735.5, 382.3)(869.5, 382.3)(869.5, 392.3)(735.5, 392.3);SD
Port:(884.0, 550.3)(736.5, 550.3)(736.5, 534.2)(721.0, 534.2)(721.0, 397.3)(884.0, 397.3);GATE
Port:(751.0, 541.3)(874.0, 541.3)(874.0, 545.3)(751.0, 545.3);SD
Module:M11
Boundary:(573.2, 563.2)(500.2, 563.2)(500.2, 491.2)(573.2, 491.2);GATE
Port:(514.7, 491.2)(558.7, 491.2)(558.7, 501.2)(514.7, 501.2);SD
Port:(573.2, 563.2)(500.2, 563.2)(500.2, 506.2)(573.2, 506.2);GATE
Port:(510.2, 554.2)(563.2, 554.2)(563.2, 558.2)(510.2, 558.2);SD
Module:M25
Boundary:(226.7, 553.8)(374.2, 553.8)(374.2, 569.8)(389.7, 569.8)(389.7, 613.8)(226.7, 613.8);GATE
Port:(241.2, 603.8)(375.2, 603.8)(375.2, 613.8)(241.2, 613.8);SD
Port:(226.7, 553.8)(374.2, 553.8)(374.2, 569.8)(389.7, 569.8)(389.7, 598.8)(226.7, 598.8);GATE
Port:(236.7, 558.8)(359.7, 558.8)(359.7, 562.8)(236.7, 562.8);SD
Module:M6
Boundary:(629.3, 476.2)(702.3, 476.2)(702.3, 626.2)(629.3, 626.2);GATE
Port:(643.8, 616.2)(687.8, 616.2)(687.8, 626.2)(643.8, 626.2);SD
Port:(629.3, 476.2)(702.3, 476.2)(702.3, 611.2)(629.3, 611.2);GATE
Port:(639.3, 481.2)(692.3, 481.2)(692.3, 485.2)(639.3, 485.2);SD
Module:M10
Boundary:(476.2, 553.5)(403.2, 553.5)(403.2, 752.5)(476.2, 752.5);GATE
Port:(417.7, 742.5)(461.7, 742.5)(461.7, 752.5)(417.7, 752.5);SD
Port:(476.2, 553.5)(403.2, 553.5)(403.2, 737.5)(476.2, 737.5);GATE
Port:(413.2, 558.5)(466.2, 558.5)(466.2, 562.5)(413.2, 562.5);SD
Module:M14
Boundary:(691.6, 636.5)(691.6, 712.5)(683.6, 712.5)(683.6, 727.5)(623.6, 727.5)(623.6, 636.5);GATE
Port:(623.6, 651.0)(633.6, 651.0)(633.6, 713.0)(623.6, 713.0);SD
Port:(691.6, 636.5)(691.6, 712.5)(683.6, 712.5)(683.6, 727.5)(638.6, 727.5)(638.6, 636.5);GATE
Port:(682.6, 646.5)(686.6, 646.5)(686.6, 697.5)(682.6, 697.5);SD
Module:M1
Boundary:(889.7, 730.4)(742.2, 730.4)(742.2, 714.4)(726.7, 714.4)(726.7, 559.4)(889.7, 559.4);GATE
Port:(741.2, 559.4)(875.2, 559.4)(875.2, 569.4)(741.2, 569.4);SD
Port:(889.7, 730.4)(742.2, 730.4)(742.2, 714.4)(726.7, 714.4)(726.7, 574.4)(889.7, 574.4);GATE
Port:(756.7, 721.4)(879.7, 721.4)(879.7, 725.4)(756.7, 725.4);SD
Module:M12
Boundary:(497.0, 577.1)(573.0, 577.1)(573.0, 585.1)(588.0, 585.1)(588.0, 734.1)(497.0, 734.1);GATE
Port:(511.5, 724.1)(573.5, 724.1)(573.5, 734.1)(511.5, 734.1);SD
Port:(497.0, 577.1)(573.0, 577.1)(573.0, 585.1)(588.0, 585.1)(588.0, 719.1)(497.0, 719.1);GATE
Port:(507.0, 582.1)(558.0, 582.1)(558.0, 586.1)(507.0, 586.1);SD
Module:M24
Boundary:(160.4, 558.7)(160.4, 652.2)(112.3, 652.2)(112.3, 757.7)(39.4, 757.7)(39.4, 558.7);GATE
Port:(39.4, 573.2)(49.4, 573.2)(49.4, 743.2)(39.4, 743.2);SD
Port:(160.4, 558.7)(160.4, 652.2)(112.3, 652.2)(112.3, 757.7)(54.4, 757.7)(54.4, 558.7);GATE
Port:(151.4, 568.7)(155.4, 568.7)(155.4, 637.7)(151.4, 637.7);SD
Module:M9
Boundary:(231.9, 637.7)(325.4, 637.7)(325.4, 679.9)(394.9, 679.9)(394.9, 745.7)(231.9, 745.7);GATE
Port:(246.4, 735.7)(380.4, 735.7)(380.4, 745.7)(246.4, 745.7);SD
Port:(231.9, 637.7)(325.4, 637.7)(325.4, 679.9)(394.9, 679.9)(394.9, 730.7)(231.9, 730.7);GATE
Port:(241.9, 642.7)(310.9, 642.7)(310.9, 646.7)(241.9, 646.7);SD
