Area:(-20.0, -13.4)(470.0, -13.4)(470.0, 1151.0)(-20.0, 1151.0)
Rule:GATE(5,5);SD(5,5);GATE_SD(0.5);GATE_ITO(0.5);SD_ITO(0.5)
Module:M15
Boundary:(20.0, 99.6)(20.0, 26.6)(195.0, 26.6)(195.0, 99.6);GATE
Port:(185.0, 41.1)(195.0, 41.1)(195.0, 85.1)(185.0, 85.1);SD
Port:(20.0, 99.6)(20.0, 26.6)(180.0, 26.6)(180.0, 99.6);GATE
Port:(25.0, 36.6)(29.0, 36.6)(29.0, 89.6)(25.0, 89.6);SD
Module:M14
Boundary:(245.0, 47.2)(245.0, 120.2)(420.0, 120.2)(420.0, 47.2);GATE
Port:(410.0, 61.7)(420.0, 61.7)(420.0, 105.7)(410.0, 105.7);SD
Port:(245.0, 47.2)(245.0, 120.2)(405.0, 120.2)(405.0, 47.2);GATE
Port:(250.0, 57.2)(254.0, 57.2)(254.0, 110.2)(250.0, 110.2);SD
Module:M11
Boundary:(147.0, 282.6)(35.5, 282.6)(35.5, 270.6)(20.0, 270.6)(20.0, 172.6)(147.0, 172.6);GATE
Port:(34.5, 172.6)(132.5, 172.6)(132.5, 182.6)(34.5, 182.6);SD
Port:(147.0, 282.6)(35.5, 282.6)(35.5, 270.6)(20.0, 270.6)(20.0, 187.6)(147.0, 187.6);GATE
Port:(50.0, 273.6)(137.0, 273.6)(137.0, 277.6)(50.0, 277.6);SD
Module:M7
Boundary:(187.0, 155.9)(262.5, 155.9)(262.5, 246.8)(422.0, 246.8)(422.0, 300.9)(187.0, 300.9);GATE
Port:(201.5, 290.9)(407.5, 290.9)(407.5, 300.9)(201.5, 300.9);SD
Port:(187.0, 155.9)(262.5, 155.9)(262.5, 246.8)(422.0, 246.8)(422.0, 285.9)(187.0, 285.9);GATE
Port:(197.0, 160.9)(248.0, 160.9)(248.0, 164.9)(197.0, 164.9);SD
Module:M5
Boundary:(267.6, 373.7)(191.6, 373.7)(191.6, 381.7)(176.6, 381.7)(176.6, 515.7)(267.6, 515.7);GATE
Port:(191.1, 505.7)(253.1, 505.7)(253.1, 515.7)(191.1, 515.7);SD
Port:(267.6, 373.7)(191.6, 373.7)(191.6, 381.7)(176.6, 381.7)(176.6, 500.7)(267.6, 500.7);GATE
Port:(206.6, 378.7)(257.6, 378.7)(257.6, 382.7)(206.6, 382.7);SD
Module:M2
Boundary:(24.3, 295.4)(24.3, 424.9)(67.5, 424.9)(67.5, 494.4)(132.3, 494.4)(132.3, 295.4);GATE
Port:(122.3, 309.9)(132.3, 309.9)(132.3, 479.9)(122.3, 479.9);SD
Port:(24.3, 295.4)(24.3, 424.9)(67.5, 424.9)(67.5, 494.4)(117.3, 494.4)(117.3, 295.4);GATE
Port:(29.3, 305.4)(33.3, 305.4)(33.3, 410.4)(29.3, 410.4);SD
Module:M13
Boundary:(425.4, 373.9)(425.4, 503.4)(411.4, 503.4)(411.4, 518.9)(297.4, 518.9)(297.4, 373.9);GATE
Port:(297.4, 388.4)(307.4, 388.4)(307.4, 504.4)(297.4, 504.4);SD
Port:(425.4, 373.9)(425.4, 503.4)(411.4, 503.4)(411.4, 518.9)(312.4, 518.9)(312.4, 373.9);GATE
Port:(416.4, 383.9)(420.4, 383.9)(420.4, 488.9)(416.4, 488.9);SD
Module:M16
Boundary:(240.2, 529.9)(240.2, 602.9)(424.2, 602.9)(424.2, 529.9);GATE
Port:(414.2, 544.4)(424.2, 544.4)(424.2, 588.4)(414.2, 588.4);SD
Port:(240.2, 529.9)(240.2, 602.9)(409.2, 602.9)(409.2, 529.9);GATE
Port:(245.2, 539.9)(249.2, 539.9)(249.2, 592.9)(245.2, 592.9);SD
Module:M8
Boundary:(28.4, 522.0)(28.4, 597.5)(149.4, 597.5)(149.4, 757.0)(211.4, 757.0)(211.4, 522.0);GATE
Port:(201.4, 536.5)(211.4, 536.5)(211.4, 742.5)(201.4, 742.5);SD
Port:(28.4, 522.0)(28.4, 597.5)(149.4, 597.5)(149.4, 757.0)(196.4, 757.0)(196.4, 522.0);GATE
Port:(33.4, 532.0)(37.4, 532.0)(37.4, 583.0)(33.4, 583.0);SD
Module:M3
Boundary:(430.0, 795.7)(430.0, 702.2)(364.2, 702.2)(364.2, 614.7)(243.0, 614.7)(243.0, 795.7);GATE
Port:(243.0, 629.2)(253.0, 629.2)(253.0, 781.2)(243.0, 781.2);SD
Port:(430.0, 795.7)(430.0, 702.2)(364.2, 702.2)(364.2, 614.7)(258.0, 614.7)(258.0, 795.7);GATE
Port:(421.0, 716.7)(425.0, 716.7)(425.0, 785.7)(421.0, 785.7);SD
Module:M10
Boundary:(170.8, 764.3)(59.3, 764.3)(59.3, 776.3)(43.8, 776.3)(43.8, 888.3)(170.8, 888.3);GATE
Port:(58.3, 878.3)(156.3, 878.3)(156.3, 888.3)(58.3, 888.3);SD
Port:(170.8, 764.3)(59.3, 764.3)(59.3, 776.3)(43.8, 776.3)(43.8, 873.3)(170.8, 873.3);GATE
Port:(73.8, 769.3)(160.8, 769.3)(160.8, 773.3)(73.8, 773.3);SD
Module:M1
Boundary:(208.8, 859.4)(302.3, 859.4)(302.3, 869.4)(317.8, 869.4)(317.8, 921.4)(208.8, 921.4);GATE
Port:(223.3, 911.4)(303.3, 911.4)(303.3, 921.4)(223.3, 921.4);SD
Port:(208.8, 859.4)(302.3, 859.4)(302.3, 869.4)(317.8, 869.4)(317.8, 906.4)(208.8, 906.4);GATE
Port:(218.8, 864.4)(287.8, 864.4)(287.8, 868.4)(218.8, 868.4);SD
Module:M12
Boundary:(423.0, 849.9)(423.0, 922.9)(351.0, 922.9)(351.0, 849.9);GATE
Port:(351.0, 864.4)(361.0, 864.4)(361.0, 908.4)(351.0, 908.4);SD
Port:(423.0, 849.9)(423.0, 922.9)(366.0, 922.9)(366.0, 849.9);GATE
Port:(414.0, 859.9)(418.0, 859.9)(418.0, 912.9)(414.0, 912.9);SD
Module:M6
Boundary:(296.6, 952.9)(296.6, 1082.4)(310.6, 1082.4)(310.6, 1097.9)(406.6, 1097.9)(406.6, 952.9);GATE
Port:(396.6, 967.4)(406.6, 967.4)(406.6, 1083.4)(396.6, 1083.4);SD
Port:(296.6, 952.9)(296.6, 1082.4)(310.6, 1082.4)(310.6, 1097.9)(391.6, 1097.9)(391.6, 952.9);GATE
Port:(301.6, 962.9)(305.6, 962.9)(305.6, 1067.9)(301.6, 1067.9);SD
Module:M9
Boundary:(189.3, 948.0)(265.3, 948.0)(265.3, 956.0)(280.3, 956.0)(280.3, 1111.0)(189.3, 1111.0);GATE
Port:(203.8, 1101.0)(265.8, 1101.0)(265.8, 1111.0)(203.8, 1111.0);SD
Port:(189.3, 948.0)(265.3, 948.0)(265.3, 956.0)(280.3, 956.0)(280.3, 1096.0)(189.3, 1096.0);GATE
Port:(199.3, 953.0)(250.3, 953.0)(250.3, 957.0)(199.3, 957.0);SD
Module:M4
Boundary:(33.6, 1107.9)(127.1, 1107.9)(127.1, 1097.9)(142.6, 1097.9)(142.6, 925.9)(33.6, 925.9);GATE
Port:(48.1, 925.9)(128.1, 925.9)(128.1, 935.9)(48.1, 935.9);SD
Port:(33.6, 1107.9)(127.1, 1107.9)(127.1, 1097.9)(142.6, 1097.9)(142.6, 940.9)(33.6, 940.9);GATE
Port:(43.6, 1098.9)(112.6, 1098.9)(112.6, 1102.9)(43.6, 1102.9);SD
