Area:(-6.4, -20.0)(659.2, -20.0)(659.2, 442.2)(-6.4, 442.2)
Rule:GATE(5,5);SD(5,5);GATE_SD(0.5);GATE_ITO(0.5);SD_ITO(0.5)
Module:M4
Boundary:(410.0, 165.2)(410.0, 74.6)(380.4, 74.6)(380.4, 61.3)(309.4, 61.3)(309.4, 165.2);GATE
Port:(309.4, 74.0)(315.3, 74.0)(315.3, 152.5)(309.4, 152.5);SD
Port:(410.0, 165.2)(410.0, 74.6)(380.4, 74.6)(380.4, 61.3)(316.9, 61.3)(316.9, 165.2);GATE
Port:(398.9, 81.3)(405.3, 81.3)(405.3, 159.5)(398.9, 159.5);SD
Module:M2
Boundary:(207.6, 156.3)(281.2, 156.3)(281.2, 138.5)(293.7, 138.5)(293.7, 42.7)(207.6, 42.7);GATE
Port:(220.3, 42.7)(281.0, 42.7)(281.0, 48.1)(220.3, 48.1);SD
Port:(207.6, 156.3)(281.2, 156.3)(281.2, 138.5)(293.7, 138.5)(293.7, 49.2)(207.6, 49.2);GATE
Port:(213.5, 145.5)(274.3, 145.5)(274.3, 151.4)(213.5, 151.4);SD
Module:M5
Boundary:(155.0, 48.9)(67.8, 48.9)(67.8, 49.4)(50.6, 49.4)(50.6, 165.1)(155.0, 165.1);GATE
Port:(65.3, 160.8)(140.3, 160.8)(140.3, 165.1)(65.3, 165.1);SD
Port:(155.0, 48.9)(67.8, 48.9)(67.8, 49.4)(50.6, 49.4)(50.6, 158.9)(155.0, 158.9);GATE
Port:(74.6, 54.7)(148.2, 54.7)(148.2, 60.2)(74.6, 60.2);SD
Module:M8
Boundary:(606.6, 35.9)(527.0, 35.9)(527.0, 77.6)(513.3, 77.6)(513.3, 165.8)(606.6, 165.8);GATE
Port:(526.8, 160.2)(593.1, 160.2)(593.1, 165.8)(526.8, 165.8);SD
Port:(606.6, 35.9)(527.0, 35.9)(527.0, 77.6)(513.3, 77.6)(513.3, 158.9)(606.6, 158.9);GATE
Port:(534.1, 41.0)(600.5, 41.0)(600.5, 47.7)(534.1, 47.7);SD
Module:M7
Boundary:(510.5, 20.0)(425.8, 20.0)(425.8, 172.9)(510.5, 172.9);GATE
Port:(439.7, 166.9)(496.6, 166.9)(496.6, 172.9)(439.7, 172.9);SD
Port:(510.5, 20.0)(425.8, 20.0)(425.8, 164.5)(510.5, 164.5);GATE
Port:(431.4, 24.6)(504.9, 24.6)(504.9, 31.1)(431.4, 31.1);SD
Module:M1
Boundary:(374.6, 165.6)(374.6, 234.4)(374.5, 234.4)(374.5, 250.7)(180.8, 250.7)(180.8, 165.6);GATE
Port:(180.8, 179.7)(185.1, 179.7)(185.1, 236.6)(180.8, 236.6);SD
Port:(374.6, 165.6)(374.6, 234.4)(374.5, 234.4)(374.5, 250.7)(188.0, 250.7)(188.0, 165.6);GATE
Port:(362.2, 172.2)(369.0, 172.2)(369.0, 227.8)(362.2, 227.8);SD
Module:M10
Boundary:(494.0, 354.5)(406.1, 354.5)(406.1, 325.4)(390.0, 325.4)(390.0, 184.3)(494.0, 184.3);GATE
Port:(404.0, 184.3)(480.0, 184.3)(480.0, 188.3)(404.0, 188.3);SD
Port:(494.0, 354.5)(406.1, 354.5)(406.1, 325.4)(390.0, 325.4)(390.0, 190.0)(494.0, 190.0);GATE
Port:(413.2, 342.9)(487.9, 342.9)(487.9, 349.4)(413.2, 349.4);SD
Module:M3
Boundary:(144.6, 402.2)(33.6, 402.2)(33.6, 196.2)(144.6, 196.2);GATE
Port:(46.8, 196.2)(131.4, 196.2)(131.4, 201.2)(46.8, 201.2);SD
Port:(144.6, 402.2)(33.6, 402.2)(33.6, 202.6)(144.6, 202.6);GATE
Port:(39.0, 391.4)(139.2, 391.4)(139.2, 397.8)(39.0, 397.8);SD
Module:M6
Boundary:(368.3, 356.9)(368.3, 265.0)(312.8, 265.0)(312.8, 251.6)(206.1, 251.6)(206.1, 356.9);GATE
Port:(206.1, 265.1)(210.2, 265.1)(210.2, 343.4)(206.1, 343.4);SD
Port:(368.3, 356.9)(368.3, 265.0)(312.8, 265.0)(312.8, 251.6)(212.0, 251.6)(212.0, 356.9);GATE
Port:(356.9, 272.7)(362.6, 272.7)(362.6, 350.2)(356.9, 350.2);SD
Module:M9
Boundary:(619.2, 172.3)(560.8, 172.3)(560.8, 172.5)(547.0, 172.5)(547.0, 386.6)(619.2, 386.6);GATE
Port:(559.1, 380.9)(607.1, 380.9)(607.1, 386.6)(559.1, 386.6);SD
Port:(619.2, 172.3)(560.8, 172.3)(560.8, 172.5)(547.0, 172.5)(547.0, 378.0)(619.2, 378.0);GATE
Port:(566.2, 176.7)(613.8, 176.7)(613.8, 182.4)(566.2, 182.4);SD
