Area:(-20.0, 17.3)(478.5, 17.3)(478.5, 1417.8)(-20.0, 1417.8)
Rule:GATE(5,5);SD(5,5);GATE_SD(0.5);GATE_ITO(0.5);SD_ITO(0.5)
Module:M16
Boundary:(334.6, 57.3)(241.8, 57.3)(241.8, 104.2)(228.1, 104.2)(228.1, 160.8)(334.6, 160.8);GATE
Port:(240.8, 154.8)(321.9, 154.8)(321.9, 160.8)(240.8, 160.8);SD
Port:(334.6, 57.3)(241.8, 57.3)(241.8, 104.2)(228.1, 104.2)(228.1, 152.5)(334.6, 152.5);GATE
Port:(249.4, 62.9)(328.0, 62.9)(328.0, 68.2)(249.4, 68.2);SD
Module:M5
Boundary:(385.1, 67.1)(421.4, 67.1)(421.4, 67.3)(438.5, 67.3)(438.5, 260.1)(385.1, 260.1);GATE
Port:(400.2, 255.9)(423.4, 255.9)(423.4, 260.1)(400.2, 260.1);SD
Port:(385.1, 67.1)(421.4, 67.1)(421.4, 67.3)(438.5, 67.3)(438.5, 253.4)(385.1, 253.4);GATE
Port:(391.8, 72.8)(414.7, 72.8)(414.7, 79.0)(391.8, 79.0);SD
Module:M10
Boundary:(244.0, 196.7)(244.0, 247.5)(282.7, 247.5)(282.7, 260.9)(348.4, 260.9)(348.4, 196.7);GATE
Port:(342.8, 210.7)(348.4, 210.7)(348.4, 246.9)(342.8, 246.9);SD
Port:(244.0, 196.7)(244.0, 247.5)(282.7, 247.5)(282.7, 260.9)(340.8, 260.9)(340.8, 196.7);GATE
Port:(249.6, 203.3)(256.5, 203.3)(256.5, 239.9)(249.6, 239.9);SD
Module:M6
Boundary:(43.0, 59.6)(93.9, 59.6)(93.9, 172.5)(110.1, 172.5)(110.1, 272.0)(43.0, 272.0);GATE
Port:(55.8, 266.8)(97.3, 266.8)(97.3, 272.0)(55.8, 272.0);SD
Port:(43.0, 59.6)(93.9, 59.6)(93.9, 172.5)(110.1, 172.5)(110.1, 265.5)(43.0, 265.5);GATE
Port:(48.5, 64.1)(87.4, 64.1)(87.4, 69.0)(48.5, 69.0);SD
Module:M17
Boundary:(221.9, 71.7)(153.9, 71.7)(153.9, 71.9)(138.0, 71.9)(138.0, 290.9)(221.9, 290.9);GATE
Port:(153.0, 286.3)(206.9, 286.3)(206.9, 290.9)(153.0, 290.9);SD
Port:(221.9, 71.7)(153.9, 71.7)(153.9, 71.9)(138.0, 71.9)(138.0, 283.8)(221.9, 283.8);GATE
Port:(160.2, 77.0)(215.6, 77.0)(215.6, 84.2)(160.2, 84.2);SD
Module:M23
Boundary:(427.1, 375.9)(427.1, 295.8)(426.9, 295.8)(426.9, 280.8)(243.6, 280.8)(243.6, 375.9);GATE
Port:(243.6, 295.3)(248.3, 295.3)(248.3, 361.4)(243.6, 361.4);SD
Port:(427.1, 375.9)(427.1, 295.8)(426.9, 295.8)(426.9, 280.8)(249.5, 280.8)(249.5, 375.9);GATE
Port:(414.6, 302.0)(421.9, 302.0)(421.9, 369.7)(414.6, 369.7);SD
Module:M24
Boundary:(220.5, 313.0)(220.5, 390.8)(202.7, 390.8)(202.7, 405.0)(20.0, 405.0)(20.0, 313.0);GATE
Port:(20.0, 324.9)(24.3, 324.9)(24.3, 393.1)(20.0, 393.1);SD
Port:(220.5, 313.0)(220.5, 390.8)(202.7, 390.8)(202.7, 405.0)(26.2, 405.0)(26.2, 313.0);GATE
Port:(210.4, 318.8)(215.7, 318.8)(215.7, 384.0)(210.4, 384.0);SD
Module:M12
Boundary:(305.4, 412.3)(305.4, 473.0)(271.2, 473.0)(271.2, 486.4)(165.6, 486.4)(165.6, 412.3);GATE
Port:(165.6, 424.0)(171.1, 424.0)(171.1, 474.7)(165.6, 474.7);SD
Port:(305.4, 412.3)(305.4, 473.0)(271.2, 473.0)(271.2, 486.4)(173.6, 486.4)(173.6, 412.3);GATE
Port:(295.4, 417.5)(301.2, 417.5)(301.2, 466.8)(295.4, 466.8);SD
Module:M7
Boundary:(125.6, 479.5)(20.0, 479.5)(20.0, 664.8)(125.6, 664.8);GATE
Port:(31.2, 660.1)(114.4, 660.1)(114.4, 664.8)(31.2, 664.8);SD
Port:(125.6, 479.5)(20.0, 479.5)(20.0, 657.8)(125.6, 657.8);GATE
Port:(25.1, 483.6)(120.5, 483.6)(120.5, 489.0)(25.1, 489.0);SD
Module:M2
Boundary:(304.5, 574.4)(304.5, 650.0)(304.2, 650.0)(304.2, 664.4)(177.1, 664.4)(177.1, 574.4);GATE
Port:(177.1, 587.5)(181.8, 587.5)(181.8, 651.2)(177.1, 651.2);SD
Port:(304.5, 574.4)(304.5, 650.0)(304.2, 650.0)(304.2, 664.4)(183.4, 664.4)(183.4, 574.4);GATE
Port:(293.5, 580.4)(299.5, 580.4)(299.5, 644.0)(293.5, 644.0);SD
Module:M4
Boundary:(336.0, 424.0)(421.7, 424.0)(421.7, 505.4)(437.3, 505.4)(437.3, 652.9)(336.0, 652.9);GATE
Port:(349.6, 648.8)(423.7, 648.8)(423.7, 652.9)(349.6, 652.9);SD
Port:(336.0, 424.0)(421.7, 424.0)(421.7, 505.4)(437.3, 505.4)(437.3, 645.9)(336.0, 645.9);GATE
Port:(342.4, 429.4)(414.3, 429.4)(414.3, 435.2)(342.4, 435.2);SD
Module:M14
Boundary:(289.6, 786.3)(289.6, 684.1)(253.2, 684.1)(253.2, 668.5)(143.1, 668.5)(143.1, 786.3);GATE
Port:(143.1, 682.1)(148.4, 682.1)(148.4, 772.7)(143.1, 772.7);SD
Port:(289.6, 786.3)(289.6, 684.1)(253.2, 684.1)(253.2, 668.5)(151.1, 668.5)(151.1, 786.3);GATE
Port:(278.7, 691.8)(283.9, 691.8)(283.9, 779.6)(278.7, 779.6);SD
Module:M19
Boundary:(133.9, 674.9)(65.5, 674.9)(65.5, 675.1)(49.7, 675.1)(49.7, 816.5)(133.9, 816.5);GATE
Port:(64.4, 812.1)(119.2, 812.1)(119.2, 816.5)(64.4, 816.5);SD
Port:(133.9, 674.9)(65.5, 674.9)(65.5, 675.1)(49.7, 675.1)(49.7, 810.7)(133.9, 810.7);GATE
Port:(72.1, 680.5)(127.3, 680.5)(127.3, 687.8)(72.1, 687.8);SD
Module:M25
Boundary:(307.3, 692.6)(418.0, 692.6)(418.0, 800.0)(307.3, 800.0);GATE
Port:(320.8, 795.9)(404.5, 795.9)(404.5, 800.0)(320.8, 800.0);SD
Port:(307.3, 692.6)(418.0, 692.6)(418.0, 793.3)(307.3, 793.3);GATE
Port:(313.6, 697.9)(411.7, 697.9)(411.7, 704.2)(313.6, 704.2);SD
Module:M20
Boundary:(270.6, 897.6)(222.0, 897.6)(222.0, 838.4)(207.8, 838.4)(207.8, 789.0)(270.6, 789.0);GATE
Port:(220.8, 789.0)(257.6, 789.0)(257.6, 794.6)(220.8, 794.6);SD
Port:(270.6, 897.6)(222.0, 897.6)(222.0, 838.4)(207.8, 838.4)(207.8, 796.0)(270.6, 796.0);GATE
Port:(228.1, 887.2)(265.5, 887.2)(265.5, 893.5)(228.1, 893.5);SD
Module:M11
Boundary:(195.9, 931.9)(195.9, 833.8)(195.4, 833.8)(195.4, 817.5)(26.7, 817.5)(26.7, 931.9);GATE
Port:(26.7, 831.0)(30.7, 831.0)(30.7, 918.4)(26.7, 918.4);SD
Port:(195.9, 931.9)(195.9, 833.8)(195.4, 833.8)(195.4, 817.5)(32.9, 817.5)(32.9, 931.9);GATE
Port:(185.2, 839.0)(191.7, 839.0)(191.7, 926.6)(185.2, 926.6);SD
Module:M22
Boundary:(423.2, 819.1)(423.2, 923.6)(370.0, 923.6)(370.0, 939.3)(306.8, 939.3)(306.8, 819.1);GATE
Port:(306.8, 834.4)(312.7, 834.4)(312.7, 924.0)(306.8, 924.0);SD
Port:(423.2, 819.1)(423.2, 923.6)(370.0, 923.6)(370.0, 939.3)(314.9, 939.3)(314.9, 819.1);GATE
Port:(410.9, 825.4)(417.9, 825.4)(417.9, 916.3)(410.9, 916.3);SD
Module:M13
Boundary:(409.3, 1038.7)(409.3, 945.7)(221.9, 945.7)(221.9, 1038.7);GATE
Port:(221.9, 960.1)(227.2, 960.1)(227.2, 1024.3)(221.9, 1024.3);SD
Port:(409.3, 1038.7)(409.3, 945.7)(228.6, 945.7)(228.6, 1038.7);GATE
Port:(397.0, 952.7)(403.3, 952.7)(403.3, 1031.7)(397.0, 1031.7);SD
Module:M8
Boundary:(210.8, 939.0)(210.8, 1028.4)(129.2, 1028.4)(129.2, 1044.1)(20.0, 1044.1)(20.0, 939.0);GATE
Port:(20.0, 955.0)(24.9, 955.0)(24.9, 1028.1)(20.0, 1028.1);SD
Port:(210.8, 939.0)(210.8, 1028.4)(129.2, 1028.4)(129.2, 1044.1)(27.2, 1044.1)(27.2, 939.0);GATE
Port:(197.5, 945.5)(205.3, 945.5)(205.3, 1020.9)(197.5, 1020.9);SD
Module:M9
Boundary:(421.1, 1067.1)(421.1, 1172.9)(282.0, 1172.9)(282.0, 1067.1);GATE
Port:(282.0, 1080.9)(287.3, 1080.9)(287.3, 1159.1)(282.0, 1159.1);SD
Port:(421.1, 1067.1)(421.1, 1172.9)(289.1, 1172.9)(289.1, 1067.1);GATE
Port:(409.7, 1072.7)(416.5, 1072.7)(416.5, 1167.3)(409.7, 1167.3);SD
Module:M3
Boundary:(130.7, 1089.3)(130.7, 1184.5)(131.0, 1184.5)(131.0, 1199.7)(262.3, 1199.7)(262.3, 1089.3);GATE
Port:(257.1, 1103.0)(262.3, 1103.0)(262.3, 1186.0)(257.1, 1186.0);SD
Port:(130.7, 1089.3)(130.7, 1184.5)(131.0, 1184.5)(131.0, 1199.7)(254.7, 1199.7)(254.7, 1089.3);GATE
Port:(136.1, 1095.7)(141.9, 1095.7)(141.9, 1178.1)(136.1, 1178.1);SD
Module:M21
Boundary:(26.3, 1063.6)(89.2, 1063.6)(89.2, 1207.5)(26.3, 1207.5);GATE
Port:(39.6, 1201.9)(75.9, 1201.9)(75.9, 1207.5)(39.6, 1207.5);SD
Port:(26.3, 1063.6)(89.2, 1063.6)(89.2, 1200.4)(26.3, 1200.4);GATE
Port:(32.7, 1069.0)(82.8, 1069.0)(82.8, 1075.1)(32.7, 1075.1);SD
Module:M1
Boundary:(133.4, 1377.8)(133.4, 1273.0)(133.5, 1273.0)(133.5, 1256.0)(284.6, 1256.0)(284.6, 1377.8);GATE
Port:(278.9, 1270.5)(284.6, 1270.5)(284.6, 1363.3)(278.9, 1363.3);SD
Port:(133.4, 1377.8)(133.4, 1273.0)(133.5, 1273.0)(133.5, 1256.0)(277.2, 1256.0)(277.2, 1377.8);GATE
Port:(138.6, 1279.2)(145.5, 1279.2)(145.5, 1371.6)(138.6, 1371.6);SD
Module:M18
Boundary:(290.6, 1329.1)(389.5, 1329.1)(389.5, 1306.8)(405.0, 1306.8)(405.0, 1194.4)(290.6, 1194.4);GATE
Port:(302.8, 1194.4)(392.8, 1194.4)(392.8, 1200.0)(302.8, 1200.0);SD
Port:(290.6, 1329.1)(389.5, 1329.1)(389.5, 1306.8)(405.0, 1306.8)(405.0, 1202.0)(290.6, 1202.0);GATE
Port:(295.8, 1319.8)(383.3, 1319.8)(383.3, 1324.9)(295.8, 1324.9);SD
Module:M15
Boundary:(52.8, 1348.4)(107.9, 1348.4)(107.9, 1348.3)(126.2, 1348.3)(126.2, 1253.5)(52.8, 1253.5);GATE
Port:(67.6, 1253.5)(111.4, 1253.5)(111.4, 1258.4)(67.6, 1258.4);SD
Port:(52.8, 1348.4)(107.9, 1348.4)(107.9, 1348.3)(126.2, 1348.3)(126.2, 1261.1)(52.8, 1261.1);GATE
Port:(59.1, 1336.8)(101.6, 1336.8)(101.6, 1343.1)(59.1, 1343.1);SD
