Area:(-20.0, -20.0)(662.5, -20.0)(662.5, 947.8)(-20.0, 947.8)
Rule:GATE(5,5);SD(5,5);GATE_SD(0.5);GATE_ITO(0.5);SD_ITO(0.5)
Module:M14
Boundary:(553.9, 368.5)(606.1, 368.5)(606.1, 429.0)(622.5, 429.0)(622.5, 514.7)(553.9, 514.7);GATE
Port:(566.9, 509.8)(609.5, 509.8)(609.5, 514.7)(566.9, 514.7);SD
Port:(553.9, 368.5)(606.1, 368.5)(606.1, 429.0)(622.5, 429.0)(622.5, 507.0)(553.9, 507.0);GATE
Port:(559.6, 373.2)(599.4, 373.2)(599.4, 378.7)(559.6, 378.7);SD
Module:M9
Boundary:(147.7, 276.8)(236.4, 276.8)(236.4, 417.6)(147.7, 417.6);GATE
Port:(163.2, 412.1)(220.9, 412.1)(220.9, 417.6)(163.2, 417.6);SD
Port:(147.7, 276.8)(236.4, 276.8)(236.4, 409.5)(147.7, 409.5);GATE
Port:(154.4, 282.5)(229.7, 282.5)(229.7, 289.5)(154.4, 289.5);SD
Module:M5
Boundary:(20.0, 630.3)(112.2, 630.3)(112.2, 804.6)(20.0, 804.6);GATE
Port:(35.0, 800.5)(97.2, 800.5)(97.2, 804.6)(35.0, 804.6);SD
Port:(20.0, 630.3)(112.2, 630.3)(112.2, 798.5)(20.0, 798.5);GATE
Port:(26.9, 636.2)(105.3, 636.2)(105.3, 642.0)(26.9, 642.0);SD
Module:M11
Boundary:(287.8, 605.0)(287.8, 658.9)(287.5, 658.9)(287.5, 677.2)(152.2, 677.2)(152.2, 605.0);GATE
Port:(152.2, 619.0)(156.8, 619.0)(156.8, 663.2)(152.2, 663.2);SD
Port:(287.8, 605.0)(287.8, 658.9)(287.5, 658.9)(287.5, 677.2)(158.8, 677.2)(158.8, 605.0);GATE
Port:(277.3, 611.1)(282.7, 611.1)(282.7, 652.8)(277.3, 652.8);SD
Module:M1
Boundary:(276.4, 282.0)(353.4, 282.0)(353.4, 282.3)(367.8, 282.3)(367.8, 403.2)(276.4, 403.2);GATE
Port:(289.9, 399.1)(354.3, 399.1)(354.3, 403.2)(289.9, 403.2);SD
Port:(276.4, 282.0)(353.4, 282.0)(353.4, 282.3)(367.8, 282.3)(367.8, 398.1)(276.4, 398.1);GATE
Port:(282.2, 286.8)(347.6, 286.8)(347.6, 293.8)(282.2, 293.8);SD
Module:M24
Boundary:(20.0, 411.4)(90.7, 411.4)(90.7, 488.0)(107.7, 488.0)(107.7, 590.3)(20.0, 590.3);GATE
Port:(33.3, 585.5)(94.4, 585.5)(94.4, 590.3)(33.3, 590.3);SD
Port:(20.0, 411.4)(90.7, 411.4)(90.7, 488.0)(107.7, 488.0)(107.7, 583.4)(20.0, 583.4);GATE
Port:(25.5, 415.9)(84.2, 415.9)(84.2, 421.5)(25.5, 421.5);SD
Module:M19
Boundary:(387.4, 715.6)(440.3, 715.6)(440.3, 715.7)(456.8, 715.7)(456.8, 904.4)(387.4, 904.4);GATE
Port:(402.3, 900.4)(441.9, 900.4)(441.9, 904.4)(402.3, 904.4);SD
Port:(387.4, 715.6)(440.3, 715.6)(440.3, 715.7)(456.8, 715.7)(456.8, 897.6)(387.4, 897.6);GATE
Port:(394.0, 721.2)(433.7, 721.2)(433.7, 727.8)(394.0, 727.8);SD
Module:M6
Boundary:(347.4, 717.2)(347.4, 781.6)(277.8, 781.6)(277.8, 796.6)(152.2, 796.6)(152.2, 717.2);GATE
Port:(152.2, 729.0)(156.3, 729.0)(156.3, 784.8)(152.2, 784.8);SD
Port:(347.4, 717.2)(347.4, 781.6)(277.8, 781.6)(277.8, 796.6)(157.7, 796.6)(157.7, 717.2);GATE
Port:(338.1, 722.8)(342.8, 722.8)(342.8, 775.0)(338.1, 775.0);SD
Module:M21
Boundary:(301.1, 20.0)(399.1, 20.0)(399.1, 109.3)(301.1, 109.3);GATE
Port:(312.9, 104.6)(387.3, 104.6)(387.3, 109.3)(312.9, 109.3);SD
Port:(301.1, 20.0)(399.1, 20.0)(399.1, 103.2)(301.1, 103.2);GATE
Port:(306.2, 24.1)(394.0, 24.1)(394.0, 28.4)(306.2, 28.4);SD
Module:M2
Boundary:(156.5, 20.0)(156.5, 67.2)(134.1, 67.2)(134.1, 80.1)(20.0, 80.1)(20.0, 20.0);GATE
Port:(20.0, 32.9)(24.8, 32.9)(24.8, 67.2)(20.0, 67.2);SD
Port:(156.5, 20.0)(156.5, 67.2)(134.1, 67.2)(134.1, 80.1)(26.3, 80.1)(26.3, 20.0);GATE
Port:(145.7, 26.1)(151.4, 26.1)(151.4, 60.1)(145.7, 60.1);SD
Module:M16
Boundary:(496.8, 747.9)(587.8, 747.9)(587.8, 787.3)(605.5, 787.3)(605.5, 903.6)(496.8, 903.6);GATE
Port:(509.8, 898.9)(592.5, 898.9)(592.5, 903.6)(509.8, 903.6);SD
Port:(496.8, 747.9)(587.8, 747.9)(587.8, 787.3)(605.5, 787.3)(605.5, 896.1)(496.8, 896.1);GATE
Port:(502.1, 752.2)(581.5, 752.2)(581.5, 757.6)(502.1, 757.6);SD
Module:M13
Boundary:(326.3, 149.3)(326.3, 219.3)(326.1, 219.3)(326.1, 236.8)(196.5, 236.8)(196.5, 149.3);GATE
Port:(196.5, 163.8)(201.3, 163.8)(201.3, 222.3)(196.5, 222.3);SD
Port:(326.3, 149.3)(326.3, 219.3)(326.1, 219.3)(326.1, 236.8)(202.5, 236.8)(202.5, 149.3);GATE
Port:(315.2, 155.4)(321.2, 155.4)(321.2, 213.2)(315.2, 213.2);SD
Module:M10
Boundary:(334.7, 836.6)(334.7, 890.3)(316.4, 890.3)(316.4, 905.4)(261.9, 905.4)(261.9, 836.6);GATE
Port:(261.9, 851.5)(266.5, 851.5)(266.5, 890.5)(261.9, 890.5);SD
Port:(334.7, 836.6)(334.7, 890.3)(316.4, 890.3)(316.4, 905.4)(268.2, 905.4)(268.2, 836.6);GATE
Port:(322.1, 843.1)(329.2, 843.1)(329.2, 882.8)(322.1, 882.8);SD
Module:M7
Boundary:(107.7, 268.8)(107.7, 353.8)(107.6, 353.8)(107.6, 371.4)(20.0, 371.4)(20.0, 268.8);GATE
Port:(20.0, 281.2)(25.4, 281.2)(25.4, 359.0)(20.0, 359.0);SD
Port:(107.7, 268.8)(107.7, 353.8)(107.6, 353.8)(107.6, 371.4)(27.7, 371.4)(27.7, 268.8);GATE
Port:(98.6, 274.2)(103.3, 274.2)(103.3, 348.4)(98.6, 348.4);SD
Module:M3
Boundary:(554.7, 148.5)(604.5, 148.5)(604.5, 148.7)(619.3, 148.7)(619.3, 328.5)(554.7, 328.5);GATE
Port:(568.7, 323.3)(605.3, 323.3)(605.3, 328.5)(568.7, 328.5);SD
Port:(554.7, 148.5)(604.5, 148.5)(604.5, 148.7)(619.3, 148.7)(619.3, 320.4)(554.7, 320.4);GATE
Port:(561.0, 153.8)(598.2, 153.8)(598.2, 160.8)(561.0, 160.8);SD
Module:M23
Boundary:(139.8, 120.1)(139.8, 228.8)(20.0, 228.8)(20.0, 120.1);GATE
Port:(20.0, 135.0)(24.7, 135.0)(24.7, 213.9)(20.0, 213.9);SD
Port:(139.8, 120.1)(139.8, 228.8)(26.8, 228.8)(26.8, 120.1);GATE
Port:(128.4, 126.9)(134.0, 126.9)(134.0, 222.0)(128.4, 222.0);SD
Module:M18
Boundary:(503.4, 478.6)(503.4, 544.6)(489.1, 544.6)(489.1, 559.6)(411.3, 559.6)(411.3, 478.6);GATE
Port:(411.3, 491.8)(415.3, 491.8)(415.3, 546.4)(411.3, 546.4);SD
Port:(503.4, 478.6)(503.4, 544.6)(489.1, 544.6)(489.1, 559.6)(416.4, 559.6)(416.4, 478.6);GATE
Port:(493.4, 485.2)(497.8, 485.2)(497.8, 537.0)(493.4, 537.0);SD
Module:M20
Boundary:(371.3, 457.6)(371.3, 551.2)(272.8, 551.2)(272.8, 565.0)(152.2, 565.0)(152.2, 457.6);GATE
Port:(152.2, 470.4)(156.3, 470.4)(156.3, 552.2)(152.2, 552.2);SD
Port:(371.3, 457.6)(371.3, 551.2)(272.8, 551.2)(272.8, 565.0)(157.9, 565.0)(157.9, 457.6);GATE
Port:(360.3, 464.5)(365.4, 464.5)(365.4, 543.3)(360.3, 543.3);SD
Module:M15
Boundary:(543.4, 554.7)(601.0, 554.7)(601.0, 555.0)(618.8, 555.0)(618.8, 707.9)(543.4, 707.9);GATE
Port:(560.3, 702.7)(601.9, 702.7)(601.9, 707.9)(560.3, 707.9);SD
Port:(543.4, 554.7)(601.0, 554.7)(601.0, 555.0)(618.8, 555.0)(618.8, 700.0)(543.4, 700.0);GATE
Port:(550.0, 560.3)(594.4, 560.3)(594.4, 568.2)(550.0, 568.2);SD
Module:M12
Boundary:(196.5, 20.0)(246.5, 20.0)(246.5, 59.0)(261.1, 59.0)(261.1, 100.2)(196.5, 100.2);GATE
Port:(210.2, 94.6)(247.4, 94.6)(247.4, 100.2)(210.2, 100.2);SD
Port:(196.5, 20.0)(246.5, 20.0)(246.5, 59.0)(261.1, 59.0)(261.1, 93.4)(196.5, 93.4);GATE
Port:(202.8, 25.3)(239.2, 25.3)(239.2, 31.3)(202.8, 31.3);SD
Module:M8
Boundary:(618.8, 20.0)(618.8, 91.7)(510.0, 91.7)(510.0, 108.5)(439.1, 108.5)(439.1, 20.0);GATE
Port:(439.1, 34.1)(443.8, 34.1)(443.8, 94.4)(439.1, 94.4);SD
Port:(618.8, 20.0)(618.8, 91.7)(510.0, 91.7)(510.0, 108.5)(445.9, 108.5)(445.9, 20.0);GATE
Port:(607.7, 25.6)(614.2, 25.6)(614.2, 85.1)(607.7, 85.1);SD
Module:M4
Boundary:(493.6, 605.0)(493.6, 675.6)(327.8, 675.6)(327.8, 605.0);GATE
Port:(327.8, 620.4)(333.5, 620.4)(333.5, 660.2)(327.8, 660.2);SD
Port:(493.6, 605.0)(493.6, 675.6)(335.5, 675.6)(335.5, 605.0);GATE
Port:(480.9, 611.2)(488.4, 611.2)(488.4, 669.4)(480.9, 669.4);SD
Module:M25
Boundary:(514.7, 149.3)(514.7, 242.0)(366.3, 242.0)(366.3, 149.3);GATE
Port:(366.3, 165.0)(371.5, 165.0)(371.5, 226.3)(366.3, 226.3);SD
Port:(514.7, 149.3)(514.7, 242.0)(373.3, 242.0)(373.3, 149.3);GATE
Port:(502.4, 155.9)(509.1, 155.9)(509.1, 235.4)(502.4, 235.4);SD
Module:M22
Boundary:(221.9, 844.6)(221.9, 893.1)(133.7, 893.1)(133.7, 907.8)(20.0, 907.8)(20.0, 844.6);GATE
Port:(20.0, 857.0)(25.5, 857.0)(25.5, 895.4)(20.0, 895.4);SD
Port:(221.9, 844.6)(221.9, 893.1)(133.7, 893.1)(133.7, 907.8)(28.4, 907.8)(28.4, 844.6);GATE
Port:(212.2, 850.6)(216.9, 850.6)(216.9, 886.1)(212.2, 886.1);SD
Module:M17
Boundary:(411.3, 282.0)(497.0, 282.0)(497.0, 282.6)(513.9, 282.6)(513.9, 438.6)(411.3, 438.6);GATE
Port:(425.4, 434.5)(499.8, 434.5)(499.8, 438.6)(425.4, 438.6);SD
Port:(411.3, 282.0)(497.0, 282.0)(497.0, 282.6)(513.9, 282.6)(513.9, 432.8)(411.3, 432.8);GATE
Port:(417.7, 287.4)(490.6, 287.4)(490.6, 292.6)(417.7, 292.6);SD
