Area:(-20.0, -20.0)(1797.0, -20.0)(1797.0, 806.0)(-20.0, 806.0)
Rule:GATE(5,5);SD(5,5);GATE_SD(0.5);GATE_ITO(0.5);SD_ITO(0.5)
Module:M14
Boundary:(194.0, 423.0)(194.0, 516.5)(184.0, 516.5)(184.0, 532.0)(133.0, 532.0)(133.0, 423.0);GATE
Port:(133.0, 437.5)(143.0, 437.5)(143.0, 517.5)(133.0, 517.5);SD
Port:(194.0, 423.0)(194.0, 516.5)(184.0, 516.5)(184.0, 532.0)(148.0, 532.0)(148.0, 423.0);GATE
Port:(185.0, 433.0)(189.0, 433.0)(189.0, 502.0)(185.0, 502.0);SD
Module:M9
Boundary:(1720.0, 603.0)(1720.0, 750.5)(1704.0, 750.5)(1704.0, 766.0)(1536.0, 766.0)(1536.0, 603.0);GATE
Port:(1536.0, 617.5)(1546.0, 617.5)(1546.0, 751.5)(1536.0, 751.5);SD
Port:(1720.0, 603.0)(1720.0, 750.5)(1704.0, 750.5)(1704.0, 766.0)(1551.0, 766.0)(1551.0, 603.0);GATE
Port:(1711.0, 613.0)(1715.0, 613.0)(1715.0, 736.0)(1711.0, 736.0);SD
Module:M5
Boundary:(1135.0, 587.0)(1246.5, 587.0)(1246.5, 599.0)(1262.0, 599.0)(1262.0, 760.0)(1135.0, 760.0);GATE
Port:(1149.5, 750.0)(1247.5, 750.0)(1247.5, 760.0)(1149.5, 760.0);SD
Port:(1135.0, 587.0)(1246.5, 587.0)(1246.5, 599.0)(1262.0, 599.0)(1262.0, 745.0)(1135.0, 745.0);GATE
Port:(1145.0, 592.0)(1232.0, 592.0)(1232.0, 596.0)(1145.0, 596.0);SD
Module:M11
Boundary:(1503.0, 419.0)(1503.0, 530.5)(1491.0, 530.5)(1491.0, 546.0)(1433.0, 546.0)(1433.0, 419.0);GATE
Port:(1433.0, 433.5)(1443.0, 433.5)(1443.0, 531.5)(1433.0, 531.5);SD
Port:(1503.0, 419.0)(1503.0, 530.5)(1491.0, 530.5)(1491.0, 546.0)(1448.0, 546.0)(1448.0, 419.0);GATE
Port:(1494.0, 429.0)(1498.0, 429.0)(1498.0, 516.0)(1494.0, 516.0);SD
Module:M1
Boundary:(657.0, 133.0)(657.0, 208.5)(608.0, 208.5)(608.0, 314.0)(534.0, 314.0)(534.0, 133.0);GATE
Port:(534.0, 147.5)(544.0, 147.5)(544.0, 299.5)(534.0, 299.5);SD
Port:(657.0, 133.0)(657.0, 208.5)(608.0, 208.5)(608.0, 314.0)(549.0, 314.0)(549.0, 133.0);GATE
Port:(648.0, 143.0)(652.0, 143.0)(652.0, 194.0)(648.0, 194.0);SD
Module:M38
Boundary:(673.0, 661.0)(673.0, 737.0)(665.0, 737.0)(665.0, 752.0)(544.0, 752.0)(544.0, 661.0);GATE
Port:(544.0, 675.5)(554.0, 675.5)(554.0, 737.5)(544.0, 737.5);SD
Port:(673.0, 661.0)(673.0, 737.0)(665.0, 737.0)(665.0, 752.0)(559.0, 752.0)(559.0, 661.0);GATE
Port:(664.0, 671.0)(668.0, 671.0)(668.0, 722.0)(664.0, 722.0);SD
Module:M40
Boundary:(775.0, 419.0)(775.0, 548.5)(761.0, 548.5)(761.0, 564.0)(657.0, 564.0)(657.0, 419.0);GATE
Port:(657.0, 433.5)(667.0, 433.5)(667.0, 549.5)(657.0, 549.5);SD
Port:(775.0, 419.0)(775.0, 548.5)(761.0, 548.5)(761.0, 564.0)(672.0, 564.0)(672.0, 419.0);GATE
Port:(766.0, 429.0)(770.0, 429.0)(770.0, 534.0)(766.0, 534.0);SD
Module:M35
Boundary:(1237.0, 446.0)(1237.0, 522.0)(1229.0, 522.0)(1229.0, 537.0)(1128.0, 537.0)(1128.0, 446.0);GATE
Port:(1128.0, 460.5)(1138.0, 460.5)(1138.0, 522.5)(1128.0, 522.5);SD
Port:(1237.0, 446.0)(1237.0, 522.0)(1229.0, 522.0)(1229.0, 537.0)(1143.0, 537.0)(1143.0, 446.0);GATE
Port:(1228.0, 456.0)(1232.0, 456.0)(1232.0, 507.0)(1228.0, 507.0);SD
Module:M32
Boundary:(254.0, 571.0)(383.5, 571.0)(383.5, 677.3)(489.0, 677.3)(489.0, 756.0)(254.0, 756.0);GATE
Port:(268.5, 746.0)(474.5, 746.0)(474.5, 756.0)(268.5, 756.0);SD
Port:(254.0, 571.0)(383.5, 571.0)(383.5, 677.3)(489.0, 677.3)(489.0, 741.0)(254.0, 741.0);GATE
Port:(264.0, 576.0)(369.0, 576.0)(369.0, 580.0)(264.0, 580.0);SD
Module:M27
Boundary:(315.0, 246.0)(315.0, 357.5)(302.0, 357.5)(302.0, 373.0)(254.0, 373.0)(254.0, 246.0);GATE
Port:(254.0, 260.5)(264.0, 260.5)(264.0, 358.5)(254.0, 358.5);SD
Port:(315.0, 246.0)(315.0, 357.5)(302.0, 357.5)(302.0, 373.0)(269.0, 373.0)(269.0, 246.0);GATE
Port:(306.0, 256.0)(310.0, 256.0)(310.0, 343.0)(306.0, 343.0);SD
Module:M24
Boundary:(359.0, 413.0)(359.0, 506.5)(349.0, 506.5)(349.0, 522.0)(254.0, 522.0)(254.0, 413.0);GATE
Port:(254.0, 427.5)(264.0, 427.5)(264.0, 507.5)(254.0, 507.5);SD
Port:(359.0, 413.0)(359.0, 506.5)(349.0, 506.5)(349.0, 522.0)(269.0, 522.0)(269.0, 413.0);GATE
Port:(350.0, 423.0)(354.0, 423.0)(354.0, 492.0)(350.0, 492.0);SD
Module:M19
Boundary:(1302.0, 436.0)(1378.0, 436.0)(1378.0, 444.0)(1393.0, 444.0)(1393.0, 616.0)(1302.0, 616.0);GATE
Port:(1316.5, 606.0)(1378.5, 606.0)(1378.5, 616.0)(1316.5, 616.0);SD
Port:(1302.0, 436.0)(1378.0, 436.0)(1378.0, 444.0)(1393.0, 444.0)(1393.0, 601.0)(1302.0, 601.0);GATE
Port:(1312.0, 441.0)(1363.0, 441.0)(1363.0, 445.0)(1312.0, 445.0);SD
Module:M6
Boundary:(1757.0, 20.0)(1757.0, 149.5)(1743.0, 149.5)(1743.0, 165.0)(1574.0, 165.0)(1574.0, 20.0);GATE
Port:(1574.0, 34.5)(1584.0, 34.5)(1584.0, 150.5)(1574.0, 150.5);SD
Port:(1757.0, 20.0)(1757.0, 149.5)(1743.0, 149.5)(1743.0, 165.0)(1589.0, 165.0)(1589.0, 20.0);GATE
Port:(1748.0, 30.0)(1752.0, 30.0)(1752.0, 135.0)(1748.0, 135.0);SD
Module:M21
Boundary:(331.0, 20.0)(478.5, 20.0)(478.5, 36.0)(494.0, 36.0)(494.0, 206.0)(331.0, 206.0);GATE
Port:(345.5, 196.0)(479.5, 196.0)(479.5, 206.0)(345.5, 206.0);SD
Port:(331.0, 20.0)(478.5, 20.0)(478.5, 36.0)(494.0, 36.0)(494.0, 191.0)(331.0, 191.0);GATE
Port:(341.0, 25.0)(464.0, 25.0)(464.0, 29.0)(341.0, 29.0);SD
Module:M2
Boundary:(870.0, 30.0)(870.0, 103.0)(761.0, 103.0)(761.0, 30.0);GATE
Port:(761.0, 44.5)(771.0, 44.5)(771.0, 88.5)(761.0, 88.5);SD
Port:(870.0, 30.0)(870.0, 103.0)(776.0, 103.0)(776.0, 30.0);GATE
Port:(861.0, 40.0)(865.0, 40.0)(865.0, 93.0)(861.0, 93.0);SD
Module:M16
Boundary:(600.0, 466.0)(600.0, 595.5)(586.0, 595.5)(586.0, 611.0)(534.0, 611.0)(534.0, 466.0);GATE
Port:(534.0, 480.5)(544.0, 480.5)(544.0, 596.5)(534.0, 596.5);SD
Port:(600.0, 466.0)(600.0, 595.5)(586.0, 595.5)(586.0, 611.0)(549.0, 611.0)(549.0, 466.0);GATE
Port:(591.0, 476.0)(595.0, 476.0)(595.0, 581.0)(591.0, 581.0);SD
Module:M13
Boundary:(399.0, 397.0)(475.0, 397.0)(475.0, 405.0)(490.0, 405.0)(490.0, 531.0)(399.0, 531.0);GATE
Port:(413.5, 521.0)(475.5, 521.0)(475.5, 531.0)(413.5, 531.0);SD
Port:(399.0, 397.0)(475.0, 397.0)(475.0, 405.0)(490.0, 405.0)(490.0, 516.0)(399.0, 516.0);GATE
Port:(409.0, 402.0)(460.0, 402.0)(460.0, 406.0)(409.0, 406.0);SD
Module:M10
Boundary:(1543.0, 452.0)(1636.5, 452.0)(1636.5, 503.2)(1724.0, 503.2)(1724.0, 563.0)(1543.0, 563.0);GATE
Port:(1557.5, 553.0)(1709.5, 553.0)(1709.5, 563.0)(1557.5, 563.0);SD
Port:(1543.0, 452.0)(1636.5, 452.0)(1636.5, 503.2)(1724.0, 503.2)(1724.0, 548.0)(1543.0, 548.0);GATE
Port:(1553.0, 457.0)(1622.0, 457.0)(1622.0, 461.0)(1553.0, 461.0);SD
Module:M37
Boundary:(930.0, 153.0)(930.0, 226.0)(856.0, 226.0)(856.0, 153.0);GATE
Port:(856.0, 167.5)(866.0, 167.5)(866.0, 211.5)(856.0, 211.5);SD
Port:(930.0, 153.0)(930.0, 226.0)(871.0, 226.0)(871.0, 153.0);GATE
Port:(921.0, 163.0)(925.0, 163.0)(925.0, 216.0)(921.0, 216.0);SD
Module:M34
Boundary:(1079.0, 20.0)(1079.0, 93.0)(920.0, 93.0)(920.0, 20.0);GATE
Port:(920.0, 34.5)(930.0, 34.5)(930.0, 78.5)(920.0, 78.5);SD
Port:(1079.0, 20.0)(1079.0, 93.0)(935.0, 93.0)(935.0, 20.0);GATE
Port:(1070.0, 30.0)(1074.0, 30.0)(1074.0, 83.0)(1070.0, 83.0);SD
Module:M29
Boundary:(477.0, 256.0)(477.0, 332.0)(469.0, 332.0)(469.0, 347.0)(365.0, 347.0)(365.0, 256.0);GATE
Port:(365.0, 270.5)(375.0, 270.5)(375.0, 332.5)(365.0, 332.5);SD
Port:(477.0, 256.0)(477.0, 332.0)(469.0, 332.0)(469.0, 347.0)(380.0, 347.0)(380.0, 256.0);GATE
Port:(468.0, 266.0)(472.0, 266.0)(472.0, 317.0)(468.0, 317.0);SD
Module:M7
Boundary:(534.0, 354.0)(607.0, 354.0)(607.0, 426.0)(534.0, 426.0);GATE
Port:(548.5, 416.0)(592.5, 416.0)(592.5, 426.0)(548.5, 426.0);SD
Port:(534.0, 354.0)(607.0, 354.0)(607.0, 411.0)(534.0, 411.0);GATE
Port:(544.0, 359.0)(597.0, 359.0)(597.0, 363.0)(544.0, 363.0);SD
Module:M31
Boundary:(1534.0, 234.0)(1534.0, 327.5)(1501.5, 327.5)(1501.5, 379.0)(1419.0, 379.0)(1419.0, 234.0);GATE
Port:(1419.0, 248.5)(1429.0, 248.5)(1429.0, 364.5)(1419.0, 364.5);SD
Port:(1534.0, 234.0)(1534.0, 327.5)(1501.5, 327.5)(1501.5, 379.0)(1434.0, 379.0)(1434.0, 234.0);GATE
Port:(1525.0, 244.0)(1529.0, 244.0)(1529.0, 313.0)(1525.0, 313.0);SD
Module:M3
Boundary:(697.0, 286.0)(844.5, 286.0)(844.5, 302.0)(860.0, 302.0)(860.0, 369.0)(697.0, 369.0);GATE
Port:(711.5, 359.0)(845.5, 359.0)(845.5, 369.0)(711.5, 369.0);SD
Port:(697.0, 286.0)(844.5, 286.0)(844.5, 302.0)(860.0, 302.0)(860.0, 354.0)(697.0, 354.0);GATE
Port:(707.0, 291.0)(830.0, 291.0)(830.0, 295.0)(707.0, 295.0);SD
Module:M26
Boundary:(1584.0, 215.0)(1641.5, 215.0)(1641.5, 270.0)(1747.0, 270.0)(1747.0, 402.0)(1584.0, 402.0);GATE
Port:(1598.5, 392.0)(1732.5, 392.0)(1732.5, 402.0)(1598.5, 402.0);SD
Port:(1584.0, 215.0)(1641.5, 215.0)(1641.5, 270.0)(1747.0, 270.0)(1747.0, 387.0)(1584.0, 387.0);GATE
Port:(1594.0, 220.0)(1627.0, 220.0)(1627.0, 224.0)(1594.0, 224.0);SD
Module:M23
Boundary:(20.0, 20.0)(149.5, 20.0)(149.5, 133.3)(291.0, 133.3)(291.0, 198.0)(20.0, 198.0);GATE
Port:(34.5, 188.0)(276.5, 188.0)(276.5, 198.0)(34.5, 198.0);SD
Port:(20.0, 20.0)(149.5, 20.0)(149.5, 133.3)(291.0, 133.3)(291.0, 183.0)(20.0, 183.0);GATE
Port:(30.0, 25.0)(135.0, 25.0)(135.0, 29.0)(30.0, 29.0);SD
Module:M18
Boundary:(20.0, 572.0)(77.5, 572.0)(77.5, 642.5)(201.0, 642.5)(201.0, 762.0)(20.0, 762.0);GATE
Port:(34.5, 752.0)(186.5, 752.0)(186.5, 762.0)(34.5, 762.0);SD
Port:(20.0, 572.0)(77.5, 572.0)(77.5, 642.5)(201.0, 642.5)(201.0, 747.0)(20.0, 747.0);GATE
Port:(30.0, 577.0)(63.0, 577.0)(63.0, 581.0)(30.0, 581.0);SD
Module:M20
Boundary:(1095.0, 603.0)(1095.0, 750.5)(1079.0, 750.5)(1079.0, 766.0)(926.0, 766.0)(926.0, 603.0);GATE
Port:(926.0, 617.5)(936.0, 617.5)(936.0, 751.5)(926.0, 751.5);SD
Port:(1095.0, 603.0)(1095.0, 750.5)(1079.0, 750.5)(1079.0, 766.0)(941.0, 766.0)(941.0, 603.0);GATE
Port:(1086.0, 613.0)(1090.0, 613.0)(1090.0, 736.0)(1086.0, 736.0);SD
Module:M15
Boundary:(1306.0, 234.0)(1379.0, 234.0)(1379.0, 386.0)(1306.0, 386.0);GATE
Port:(1320.5, 376.0)(1364.5, 376.0)(1364.5, 386.0)(1320.5, 386.0);SD
Port:(1306.0, 234.0)(1379.0, 234.0)(1379.0, 371.0)(1306.0, 371.0);GATE
Port:(1316.0, 239.0)(1369.0, 239.0)(1369.0, 243.0)(1316.0, 243.0);SD
Module:M12
Boundary:(825.0, 412.0)(900.5, 412.0)(900.5, 510.1)(1078.0, 510.1)(1078.0, 563.0)(825.0, 563.0);GATE
Port:(839.5, 553.0)(1063.5, 553.0)(1063.5, 563.0)(839.5, 563.0);SD
Port:(825.0, 412.0)(900.5, 412.0)(900.5, 510.1)(1078.0, 510.1)(1078.0, 548.0)(825.0, 548.0);GATE
Port:(835.0, 417.0)(886.0, 417.0)(886.0, 421.0)(835.0, 421.0);SD
Module:M39
Boundary:(900.0, 266.0)(1047.5, 266.0)(1047.5, 282.0)(1063.0, 282.0)(1063.0, 372.0)(900.0, 372.0);GATE
Port:(914.5, 362.0)(1048.5, 362.0)(1048.5, 372.0)(914.5, 372.0);SD
Port:(900.0, 266.0)(1047.5, 266.0)(1047.5, 282.0)(1063.0, 282.0)(1063.0, 357.0)(900.0, 357.0);GATE
Port:(910.0, 271.0)(1033.0, 271.0)(1033.0, 275.0)(910.0, 275.0);SD
Module:M8
Boundary:(1119.0, 20.0)(1230.5, 20.0)(1230.5, 148.2)(1534.0, 148.2)(1534.0, 194.0)(1119.0, 194.0);GATE
Port:(1133.5, 184.0)(1519.5, 184.0)(1519.5, 194.0)(1133.5, 194.0);SD
Port:(1119.0, 20.0)(1230.5, 20.0)(1230.5, 148.2)(1534.0, 148.2)(1534.0, 179.0)(1119.0, 179.0);GATE
Port:(1129.0, 25.0)(1216.0, 25.0)(1216.0, 29.0)(1129.0, 29.0);SD
Module:M4
Boundary:(711.0, 20.0)(711.0, 93.0)(534.0, 93.0)(534.0, 20.0);GATE
Port:(534.0, 34.5)(544.0, 34.5)(544.0, 78.5)(534.0, 78.5);SD
Port:(711.0, 20.0)(711.0, 93.0)(549.0, 93.0)(549.0, 20.0);GATE
Port:(702.0, 30.0)(706.0, 30.0)(706.0, 83.0)(702.0, 83.0);SD
Module:M36
Boundary:(20.0, 423.0)(93.0, 423.0)(93.0, 522.0)(20.0, 522.0);GATE
Port:(34.5, 512.0)(78.5, 512.0)(78.5, 522.0)(34.5, 522.0);SD
Port:(20.0, 423.0)(93.0, 423.0)(93.0, 507.0)(20.0, 507.0);GATE
Port:(30.0, 428.0)(83.0, 428.0)(83.0, 432.0)(30.0, 432.0);SD
Module:M33
Boundary:(214.0, 238.0)(214.0, 367.5)(200.0, 367.5)(200.0, 383.0)(20.0, 383.0)(20.0, 238.0);GATE
Port:(20.0, 252.5)(30.0, 252.5)(30.0, 368.5)(20.0, 368.5);SD
Port:(214.0, 238.0)(214.0, 367.5)(200.0, 367.5)(200.0, 383.0)(35.0, 383.0)(35.0, 238.0);GATE
Port:(205.0, 248.0)(209.0, 248.0)(209.0, 353.0)(205.0, 353.0);SD
Module:M28
Boundary:(1496.0, 656.0)(1496.0, 749.5)(1486.0, 749.5)(1486.0, 765.0)(1302.0, 765.0)(1302.0, 656.0);GATE
Port:(1302.0, 670.5)(1312.0, 670.5)(1312.0, 750.5)(1302.0, 750.5);SD
Port:(1496.0, 656.0)(1496.0, 749.5)(1486.0, 749.5)(1486.0, 765.0)(1317.0, 765.0)(1317.0, 656.0);GATE
Port:(1487.0, 666.0)(1491.0, 666.0)(1491.0, 735.0)(1487.0, 735.0);SD
Module:M30
Boundary:(1129.0, 244.0)(1240.5, 244.0)(1240.5, 256.0)(1256.0, 256.0)(1256.0, 386.0)(1129.0, 386.0);GATE
Port:(1143.5, 376.0)(1241.5, 376.0)(1241.5, 386.0)(1143.5, 386.0);SD
Port:(1129.0, 244.0)(1240.5, 244.0)(1240.5, 256.0)(1256.0, 256.0)(1256.0, 371.0)(1129.0, 371.0);GATE
Port:(1139.0, 249.0)(1226.0, 249.0)(1226.0, 253.0)(1139.0, 253.0);SD
Module:M25
Boundary:(970.0, 133.0)(1046.0, 133.0)(1046.0, 141.0)(1061.0, 141.0)(1061.0, 221.0)(970.0, 221.0);GATE
Port:(984.5, 211.0)(1046.5, 211.0)(1046.5, 221.0)(984.5, 221.0);SD
Port:(970.0, 133.0)(1046.0, 133.0)(1046.0, 141.0)(1061.0, 141.0)(1061.0, 206.0)(970.0, 206.0);GATE
Port:(980.0, 138.0)(1031.0, 138.0)(1031.0, 142.0)(980.0, 142.0);SD
Module:M22
Boundary:(806.0, 163.0)(806.0, 236.0)(707.0, 236.0)(707.0, 163.0);GATE
Port:(707.0, 177.5)(717.0, 177.5)(717.0, 221.5)(707.0, 221.5);SD
Port:(806.0, 163.0)(806.0, 236.0)(722.0, 236.0)(722.0, 163.0);GATE
Port:(797.0, 173.0)(801.0, 173.0)(801.0, 226.0)(797.0, 226.0);SD
Module:M17
Boundary:(886.0, 614.0)(886.0, 743.5)(872.0, 743.5)(872.0, 759.0)(723.0, 759.0)(723.0, 614.0);GATE
Port:(723.0, 628.5)(733.0, 628.5)(733.0, 744.5)(723.0, 744.5);SD
Port:(886.0, 614.0)(886.0, 743.5)(872.0, 743.5)(872.0, 759.0)(738.0, 759.0)(738.0, 614.0);GATE
Port:(877.0, 624.0)(881.0, 624.0)(881.0, 729.0)(877.0, 729.0);SD
