Area:(-20.0, -20.0)(631.0, -20.0)(631.0, 1230.0)(-20.0, 1230.0)
Rule:GATE(5,5);SD(5,5);GATE_SD(0.5);GATE_ITO(0.5);SD_ITO(0.5)
Module:M14
Boundary:(480.0, 851.0)(573.5, 851.0)(573.5, 861.0)(589.0, 861.0)(589.0, 1041.0)(480.0, 1041.0);GATE
Port:(494.5, 1031.0)(574.5, 1031.0)(574.5, 1041.0)(494.5, 1041.0);SD
Port:(480.0, 851.0)(573.5, 851.0)(573.5, 861.0)(589.0, 861.0)(589.0, 1026.0)(480.0, 1026.0);GATE
Port:(490.0, 856.0)(559.0, 856.0)(559.0, 860.0)(490.0, 860.0);SD
Module:M9
Boundary:(184.0, 20.0)(184.0, 113.5)(174.0, 113.5)(174.0, 129.0)(20.0, 129.0)(20.0, 20.0);GATE
Port:(20.0, 34.5)(30.0, 34.5)(30.0, 114.5)(20.0, 114.5);SD
Port:(184.0, 20.0)(184.0, 113.5)(174.0, 113.5)(174.0, 129.0)(35.0, 129.0)(35.0, 20.0);GATE
Port:(175.0, 30.0)(179.0, 30.0)(179.0, 99.0)(175.0, 99.0);SD
Module:M5
Boundary:(113.0, 1117.0)(113.0, 1190.0)(20.0, 1190.0)(20.0, 1117.0);GATE
Port:(20.0, 1131.5)(30.0, 1131.5)(30.0, 1175.5)(20.0, 1175.5);SD
Port:(113.0, 1117.0)(113.0, 1190.0)(35.0, 1190.0)(35.0, 1117.0);GATE
Port:(104.0, 1127.0)(108.0, 1127.0)(108.0, 1180.0)(104.0, 1180.0);SD
Module:M11
Boundary:(20.0, 327.0)(149.5, 327.0)(149.5, 341.0)(165.0, 341.0)(165.0, 437.0)(20.0, 437.0);GATE
Port:(34.5, 427.0)(150.5, 427.0)(150.5, 437.0)(34.5, 437.0);SD
Port:(20.0, 327.0)(149.5, 327.0)(149.5, 341.0)(165.0, 341.0)(165.0, 422.0)(20.0, 422.0);GATE
Port:(30.0, 332.0)(135.0, 332.0)(135.0, 336.0)(30.0, 336.0);SD
Module:M1
Boundary:(446.0, 20.0)(446.0, 95.5)(391.0, 95.5)(391.0, 201.0)(337.0, 201.0)(337.0, 20.0);GATE
Port:(337.0, 34.5)(347.0, 34.5)(347.0, 186.5)(337.0, 186.5);SD
Port:(446.0, 20.0)(446.0, 95.5)(391.0, 95.5)(391.0, 201.0)(352.0, 201.0)(352.0, 20.0);GATE
Port:(437.0, 30.0)(441.0, 30.0)(441.0, 81.0)(437.0, 81.0);SD
Module:M24
Boundary:(355.0, 1038.0)(355.0, 1149.5)(325.4, 1149.5)(325.4, 1183.0)(278.0, 1183.0)(278.0, 1038.0);GATE
Port:(278.0, 1052.5)(288.0, 1052.5)(288.0, 1168.5)(278.0, 1168.5);SD
Port:(355.0, 1038.0)(355.0, 1149.5)(325.4, 1149.5)(325.4, 1183.0)(293.0, 1183.0)(293.0, 1038.0);GATE
Port:(346.0, 1048.0)(350.0, 1048.0)(350.0, 1135.0)(346.0, 1135.0);SD
Module:M19
Boundary:(445.0, 503.0)(574.5, 503.0)(574.5, 517.0)(590.0, 517.0)(590.0, 595.0)(445.0, 595.0);GATE
Port:(459.5, 585.0)(575.5, 585.0)(575.5, 595.0)(459.5, 595.0);SD
Port:(445.0, 503.0)(574.5, 503.0)(574.5, 517.0)(590.0, 517.0)(590.0, 580.0)(445.0, 580.0);GATE
Port:(455.0, 508.0)(560.0, 508.0)(560.0, 512.0)(455.0, 512.0);SD
Module:M6
Boundary:(445.0, 635.0)(574.5, 635.0)(574.5, 649.0)(590.0, 649.0)(590.0, 811.0)(445.0, 811.0);GATE
Port:(459.5, 801.0)(575.5, 801.0)(575.5, 811.0)(459.5, 811.0);SD
Port:(445.0, 635.0)(574.5, 635.0)(574.5, 649.0)(590.0, 649.0)(590.0, 796.0)(445.0, 796.0);GATE
Port:(455.0, 640.0)(560.0, 640.0)(560.0, 644.0)(455.0, 644.0);SD
Module:M21
Boundary:(20.0, 901.0)(131.5, 901.0)(131.5, 1001.0)(237.0, 1001.0)(237.0, 1077.0)(20.0, 1077.0);GATE
Port:(34.5, 1067.0)(222.5, 1067.0)(222.5, 1077.0)(34.5, 1077.0);SD
Port:(20.0, 901.0)(131.5, 901.0)(131.5, 1001.0)(237.0, 1001.0)(237.0, 1062.0)(20.0, 1062.0);GATE
Port:(30.0, 906.0)(117.0, 906.0)(117.0, 910.0)(30.0, 910.0);SD
Module:M2
Boundary:(582.0, 1081.0)(582.0, 1174.5)(572.0, 1174.5)(572.0, 1190.0)(395.0, 1190.0)(395.0, 1081.0);GATE
Port:(395.0, 1095.5)(405.0, 1095.5)(405.0, 1175.5)(395.0, 1175.5);SD
Port:(582.0, 1081.0)(582.0, 1174.5)(572.0, 1174.5)(572.0, 1190.0)(410.0, 1190.0)(410.0, 1081.0);GATE
Port:(573.0, 1091.0)(577.0, 1091.0)(577.0, 1160.0)(573.0, 1160.0);SD
Module:M16
Boundary:(591.0, 169.0)(591.0, 245.0)(583.0, 245.0)(583.0, 260.0)(486.0, 260.0)(486.0, 169.0);GATE
Port:(486.0, 183.5)(496.0, 183.5)(496.0, 245.5)(486.0, 245.5);SD
Port:(591.0, 169.0)(591.0, 245.0)(583.0, 245.0)(583.0, 260.0)(501.0, 260.0)(501.0, 169.0);GATE
Port:(582.0, 179.0)(586.0, 179.0)(586.0, 230.0)(582.0, 230.0);SD
Module:M13
Boundary:(238.0, 1117.0)(238.0, 1190.0)(153.0, 1190.0)(153.0, 1117.0);GATE
Port:(153.0, 1131.5)(163.0, 1131.5)(163.0, 1175.5)(153.0, 1175.5);SD
Port:(238.0, 1117.0)(238.0, 1190.0)(168.0, 1190.0)(168.0, 1117.0);GATE
Port:(229.0, 1127.0)(233.0, 1127.0)(233.0, 1180.0)(229.0, 1180.0);SD
Module:M10
Boundary:(242.0, 587.0)(389.5, 587.0)(389.5, 603.0)(405.0, 603.0)(405.0, 670.0)(242.0, 670.0);GATE
Port:(256.5, 660.0)(390.5, 660.0)(390.5, 670.0)(256.5, 670.0);SD
Port:(242.0, 587.0)(389.5, 587.0)(389.5, 603.0)(405.0, 603.0)(405.0, 655.0)(242.0, 655.0);GATE
Port:(252.0, 592.0)(375.0, 592.0)(375.0, 596.0)(252.0, 596.0);SD
Module:M7
Boundary:(224.0, 20.0)(297.0, 20.0)(297.0, 81.0)(224.0, 81.0);GATE
Port:(238.5, 71.0)(282.5, 71.0)(282.5, 81.0)(238.5, 81.0);SD
Port:(224.0, 20.0)(297.0, 20.0)(297.0, 66.0)(224.0, 66.0);GATE
Port:(234.0, 25.0)(287.0, 25.0)(287.0, 29.0)(234.0, 29.0);SD
Module:M3
Boundary:(430.0, 241.0)(430.0, 388.5)(395.0, 388.5)(395.0, 422.0)(353.0, 422.0)(353.0, 241.0);GATE
Port:(353.0, 255.5)(363.0, 255.5)(363.0, 407.5)(353.0, 407.5);SD
Port:(430.0, 241.0)(430.0, 388.5)(395.0, 388.5)(395.0, 422.0)(368.0, 422.0)(368.0, 241.0);GATE
Port:(421.0, 251.0)(425.0, 251.0)(425.0, 374.0)(421.0, 374.0);SD
Module:M23
Boundary:(585.0, 300.0)(585.0, 447.5)(569.0, 447.5)(569.0, 463.0)(470.0, 463.0)(470.0, 300.0);GATE
Port:(470.0, 314.5)(480.0, 314.5)(480.0, 448.5)(470.0, 448.5);SD
Port:(585.0, 300.0)(585.0, 447.5)(569.0, 447.5)(569.0, 463.0)(485.0, 463.0)(485.0, 300.0);GATE
Port:(576.0, 310.0)(580.0, 310.0)(580.0, 433.0)(576.0, 433.0);SD
Module:M18
Boundary:(181.0, 680.0)(181.0, 737.5)(122.0, 737.5)(122.0, 861.0)(20.0, 861.0)(20.0, 680.0);GATE
Port:(20.0, 694.5)(30.0, 694.5)(30.0, 846.5)(20.0, 846.5);SD
Port:(181.0, 680.0)(181.0, 737.5)(122.0, 737.5)(122.0, 861.0)(35.0, 861.0)(35.0, 680.0);GATE
Port:(172.0, 690.0)(176.0, 690.0)(176.0, 723.0)(172.0, 723.0);SD
Module:M20
Boundary:(277.0, 895.0)(388.5, 895.0)(388.5, 924.1)(440.0, 924.1)(440.0, 998.0)(277.0, 998.0);GATE
Port:(291.5, 988.0)(425.5, 988.0)(425.5, 998.0)(291.5, 998.0);SD
Port:(277.0, 895.0)(388.5, 895.0)(388.5, 924.1)(440.0, 924.1)(440.0, 983.0)(277.0, 983.0);GATE
Port:(287.0, 900.0)(374.0, 900.0)(374.0, 904.0)(287.0, 904.0);SD
Module:M15
Boundary:(388.0, 710.0)(388.0, 839.5)(374.0, 839.5)(374.0, 855.0)(221.0, 855.0)(221.0, 710.0);GATE
Port:(221.0, 724.5)(231.0, 724.5)(231.0, 840.5)(221.0, 840.5);SD
Port:(388.0, 710.0)(388.0, 839.5)(374.0, 839.5)(374.0, 855.0)(236.0, 855.0)(236.0, 710.0);GATE
Port:(379.0, 720.0)(383.0, 720.0)(383.0, 825.0)(379.0, 825.0);SD
Module:M12
Boundary:(20.0, 169.0)(167.5, 169.0)(167.5, 185.0)(183.0, 185.0)(183.0, 287.0)(20.0, 287.0);GATE
Port:(34.5, 277.0)(168.5, 277.0)(168.5, 287.0)(34.5, 287.0);SD
Port:(20.0, 169.0)(167.5, 169.0)(167.5, 185.0)(183.0, 185.0)(183.0, 272.0)(20.0, 272.0);GATE
Port:(30.0, 174.0)(153.0, 174.0)(153.0, 178.0)(30.0, 178.0);SD
Module:M8
Boundary:(224.0, 121.0)(297.0, 121.0)(297.0, 196.0)(224.0, 196.0);GATE
Port:(238.5, 186.0)(282.5, 186.0)(282.5, 196.0)(238.5, 196.0);SD
Port:(224.0, 121.0)(297.0, 121.0)(297.0, 181.0)(224.0, 181.0);GATE
Port:(234.0, 126.0)(287.0, 126.0)(287.0, 130.0)(234.0, 130.0);SD
Module:M4
Boundary:(588.0, 20.0)(588.0, 113.5)(578.0, 113.5)(578.0, 129.0)(486.0, 129.0)(486.0, 20.0);GATE
Port:(486.0, 34.5)(496.0, 34.5)(496.0, 114.5)(486.0, 114.5);SD
Port:(588.0, 20.0)(588.0, 113.5)(578.0, 113.5)(578.0, 129.0)(501.0, 129.0)(501.0, 20.0);GATE
Port:(579.0, 30.0)(583.0, 30.0)(583.0, 99.0)(579.0, 99.0);SD
Module:M25
Boundary:(313.0, 241.0)(313.0, 388.5)(297.0, 388.5)(297.0, 404.0)(224.0, 404.0)(224.0, 241.0);GATE
Port:(224.0, 255.5)(234.0, 255.5)(234.0, 389.5)(224.0, 389.5);SD
Port:(313.0, 241.0)(313.0, 388.5)(297.0, 388.5)(297.0, 404.0)(239.0, 404.0)(239.0, 241.0);GATE
Port:(304.0, 251.0)(308.0, 251.0)(308.0, 374.0)(304.0, 374.0);SD
Module:M22
Boundary:(202.0, 477.0)(202.0, 624.5)(183.0, 624.5)(183.0, 640.0)(20.0, 640.0)(20.0, 477.0);GATE
Port:(20.0, 491.5)(30.0, 491.5)(30.0, 625.5)(20.0, 625.5);SD
Port:(202.0, 477.0)(202.0, 624.5)(183.0, 624.5)(183.0, 640.0)(35.0, 640.0)(35.0, 477.0);GATE
Port:(193.0, 487.0)(197.0, 487.0)(197.0, 610.0)(193.0, 610.0);SD
Module:M17
Boundary:(242.0, 462.0)(389.5, 462.0)(389.5, 478.0)(405.0, 478.0)(405.0, 547.0)(242.0, 547.0);GATE
Port:(256.5, 537.0)(390.5, 537.0)(390.5, 547.0)(256.5, 547.0);SD
Port:(242.0, 462.0)(389.5, 462.0)(389.5, 478.0)(405.0, 478.0)(405.0, 532.0)(242.0, 532.0);GATE
Port:(252.0, 467.0)(375.0, 467.0)(375.0, 471.0)(252.0, 471.0);SD
