Area:(-20.0, -20.0)(354.0, -20.0)(354.0, 1065.0)(-20.0, 1065.0)
Rule:GATE(5,5);SD(5,5);GATE_SD(0.5);GATE_ITO(0.5);SD_ITO(0.5)
Module:M9
Boundary:(310.0, 20.0)(310.0, 113.5)(204.0, 113.5)(204.0, 201.0)(151.0, 201.0)(151.0, 20.0);GATE
Port:(151.0, 34.5)(161.0, 34.5)(161.0, 186.5)(151.0, 186.5);SD
Port:(310.0, 20.0)(310.0, 113.5)(204.0, 113.5)(204.0, 201.0)(166.0, 201.0)(166.0, 20.0);GATE
Port:(301.0, 30.0)(305.0, 30.0)(305.0, 99.0)(301.0, 99.0);SD
Module:M5
Boundary:(30.0, 623.0)(123.5, 623.0)(123.5, 633.0)(139.0, 633.0)(139.0, 786.0)(30.0, 786.0);GATE
Port:(44.5, 776.0)(124.5, 776.0)(124.5, 786.0)(44.5, 786.0);SD
Port:(30.0, 623.0)(123.5, 623.0)(123.5, 633.0)(139.0, 633.0)(139.0, 771.0)(30.0, 771.0);GATE
Port:(40.0, 628.0)(109.0, 628.0)(109.0, 632.0)(40.0, 632.0);SD
Module:M1
Boundary:(151.0, 441.0)(280.5, 441.0)(280.5, 455.0)(296.0, 455.0)(296.0, 512.0)(151.0, 512.0);GATE
Port:(165.5, 502.0)(281.5, 502.0)(281.5, 512.0)(165.5, 512.0);SD
Port:(151.0, 441.0)(280.5, 441.0)(280.5, 455.0)(296.0, 455.0)(296.0, 497.0)(151.0, 497.0);GATE
Port:(161.0, 446.0)(266.0, 446.0)(266.0, 450.0)(161.0, 450.0);SD
Module:M6
Boundary:(20.0, 257.0)(96.0, 257.0)(96.0, 265.0)(111.0, 265.0)(111.0, 442.0)(20.0, 442.0);GATE
Port:(34.5, 432.0)(96.5, 432.0)(96.5, 442.0)(34.5, 442.0);SD
Port:(20.0, 257.0)(96.0, 257.0)(96.0, 265.0)(111.0, 265.0)(111.0, 427.0)(20.0, 427.0);GATE
Port:(30.0, 262.0)(81.0, 262.0)(81.0, 266.0)(30.0, 266.0);SD
Module:M2
Boundary:(20.0, 20.0)(96.0, 20.0)(96.0, 28.0)(111.0, 28.0)(111.0, 217.0)(20.0, 217.0);GATE
Port:(34.5, 207.0)(96.5, 207.0)(96.5, 217.0)(34.5, 217.0);SD
Port:(20.0, 20.0)(96.0, 20.0)(96.0, 28.0)(111.0, 28.0)(111.0, 202.0)(20.0, 202.0);GATE
Port:(30.0, 25.0)(81.0, 25.0)(81.0, 29.0)(30.0, 29.0);SD
Module:M10
Boundary:(30.0, 878.0)(177.5, 878.0)(177.5, 944.7)(211.0, 944.7)(211.0, 1025.0)(30.0, 1025.0);GATE
Port:(44.5, 1015.0)(196.5, 1015.0)(196.5, 1025.0)(44.5, 1025.0);SD
Port:(30.0, 878.0)(177.5, 878.0)(177.5, 944.7)(211.0, 944.7)(211.0, 1010.0)(30.0, 1010.0);GATE
Port:(40.0, 883.0)(163.0, 883.0)(163.0, 887.0)(40.0, 887.0);SD
Module:M7
Boundary:(271.0, 552.0)(271.0, 699.5)(255.0, 699.5)(255.0, 715.0)(189.0, 715.0)(189.0, 552.0);GATE
Port:(189.0, 566.5)(199.0, 566.5)(199.0, 700.5)(189.0, 700.5);SD
Port:(271.0, 552.0)(271.0, 699.5)(255.0, 699.5)(255.0, 715.0)(204.0, 715.0)(204.0, 552.0);GATE
Port:(262.0, 562.0)(266.0, 562.0)(266.0, 685.0)(262.0, 685.0);SD
Module:M3
Boundary:(189.0, 755.0)(265.0, 755.0)(265.0, 763.0)(280.0, 763.0)(280.0, 828.0)(189.0, 828.0);GATE
Port:(203.5, 818.0)(265.5, 818.0)(265.5, 828.0)(203.5, 828.0);SD
Port:(189.0, 755.0)(265.0, 755.0)(265.0, 763.0)(280.0, 763.0)(280.0, 813.0)(189.0, 813.0);GATE
Port:(199.0, 760.0)(250.0, 760.0)(250.0, 764.0)(199.0, 764.0);SD
Module:M8
Boundary:(151.0, 241.0)(298.5, 241.0)(298.5, 257.0)(314.0, 257.0)(314.0, 401.0)(151.0, 401.0);GATE
Port:(165.5, 391.0)(299.5, 391.0)(299.5, 401.0)(165.5, 401.0);SD
Port:(151.0, 241.0)(298.5, 241.0)(298.5, 257.0)(314.0, 257.0)(314.0, 386.0)(151.0, 386.0);GATE
Port:(161.0, 246.0)(284.0, 246.0)(284.0, 250.0)(161.0, 250.0);SD
Module:M4
Boundary:(110.0, 482.0)(110.0, 558.0)(102.0, 558.0)(102.0, 573.0)(20.0, 573.0)(20.0, 482.0);GATE
Port:(20.0, 496.5)(30.0, 496.5)(30.0, 558.5)(20.0, 558.5);SD
Port:(110.0, 482.0)(110.0, 558.0)(102.0, 558.0)(102.0, 573.0)(35.0, 573.0)(35.0, 482.0);GATE
Port:(101.0, 492.0)(105.0, 492.0)(105.0, 543.0)(101.0, 543.0);SD
