Area:(-20.0, -20.0)(1572.0, -20.0)(1572.0, 887.0)(-20.0, 887.0)
Rule:GATE(5,5);SD(5,5);GATE_SD(0.5);GATE_ITO(0.5);SD_ITO(0.5)
Module:M14
Boundary:(1251.0, 623.0)(1251.0, 696.0)(1091.0, 696.0)(1091.0, 623.0);GATE
Port:(1091.0, 637.5)(1101.0, 637.5)(1101.0, 681.5)(1091.0, 681.5);SD
Port:(1251.0, 623.0)(1251.0, 696.0)(1106.0, 696.0)(1106.0, 623.0);GATE
Port:(1242.0, 633.0)(1246.0, 633.0)(1246.0, 686.0)(1242.0, 686.0);SD
Module:M9
Boundary:(667.0, 20.0)(667.0, 113.5)(551.3, 113.5)(551.3, 237.0)(504.0, 237.0)(504.0, 20.0);GATE
Port:(504.0, 34.5)(514.0, 34.5)(514.0, 222.5)(504.0, 222.5);SD
Port:(667.0, 20.0)(667.0, 113.5)(551.3, 113.5)(551.3, 237.0)(519.0, 237.0)(519.0, 20.0);GATE
Port:(658.0, 30.0)(662.0, 30.0)(662.0, 99.0)(658.0, 99.0);SD
Module:M5
Boundary:(946.0, 20.0)(1039.5, 20.0)(1039.5, 30.0)(1055.0, 30.0)(1055.0, 118.0)(946.0, 118.0);GATE
Port:(960.5, 108.0)(1040.5, 108.0)(1040.5, 118.0)(960.5, 118.0);SD
Port:(946.0, 20.0)(1039.5, 20.0)(1039.5, 30.0)(1055.0, 30.0)(1055.0, 103.0)(946.0, 103.0);GATE
Port:(956.0, 25.0)(1025.0, 25.0)(1025.0, 29.0)(956.0, 29.0);SD
Module:M11
Boundary:(1222.0, 20.0)(1222.0, 167.5)(1206.0, 167.5)(1206.0, 183.0)(1095.0, 183.0)(1095.0, 20.0);GATE
Port:(1095.0, 34.5)(1105.0, 34.5)(1105.0, 168.5)(1095.0, 168.5);SD
Port:(1222.0, 20.0)(1222.0, 167.5)(1206.0, 167.5)(1206.0, 183.0)(1110.0, 183.0)(1110.0, 20.0);GATE
Port:(1213.0, 30.0)(1217.0, 30.0)(1217.0, 153.0)(1213.0, 153.0);SD
Module:M1
Boundary:(896.0, 192.0)(896.0, 265.0)(707.0, 265.0)(707.0, 192.0);GATE
Port:(707.0, 206.5)(717.0, 206.5)(717.0, 250.5)(707.0, 250.5);SD
Port:(896.0, 192.0)(896.0, 265.0)(722.0, 265.0)(722.0, 192.0);GATE
Port:(887.0, 202.0)(891.0, 202.0)(891.0, 255.0)(887.0, 255.0);SD
Module:M43
Boundary:(1245.0, 261.0)(1392.5, 261.0)(1392.5, 277.0)(1408.0, 277.0)(1408.0, 338.0)(1245.0, 338.0);GATE
Port:(1259.5, 328.0)(1393.5, 328.0)(1393.5, 338.0)(1259.5, 338.0);SD
Port:(1245.0, 261.0)(1392.5, 261.0)(1392.5, 277.0)(1408.0, 277.0)(1408.0, 323.0)(1245.0, 323.0);GATE
Port:(1255.0, 266.0)(1378.0, 266.0)(1378.0, 270.0)(1255.0, 270.0);SD
Module:M38
Boundary:(20.0, 505.0)(167.5, 505.0)(167.5, 521.0)(183.0, 521.0)(183.0, 583.0)(20.0, 583.0);GATE
Port:(34.5, 573.0)(168.5, 573.0)(168.5, 583.0)(34.5, 583.0);SD
Port:(20.0, 505.0)(167.5, 505.0)(167.5, 521.0)(183.0, 521.0)(183.0, 568.0)(20.0, 568.0);GATE
Port:(30.0, 510.0)(153.0, 510.0)(153.0, 514.0)(30.0, 514.0);SD
Module:M40
Boundary:(1395.0, 30.0)(1506.5, 30.0)(1506.5, 42.0)(1522.0, 42.0)(1522.0, 185.0)(1395.0, 185.0);GATE
Port:(1409.5, 175.0)(1507.5, 175.0)(1507.5, 185.0)(1409.5, 185.0);SD
Port:(1395.0, 30.0)(1506.5, 30.0)(1506.5, 42.0)(1522.0, 42.0)(1522.0, 170.0)(1395.0, 170.0);GATE
Port:(1405.0, 35.0)(1492.0, 35.0)(1492.0, 39.0)(1405.0, 39.0);SD
Module:M35
Boundary:(588.0, 277.0)(661.0, 277.0)(661.0, 463.0)(588.0, 463.0);GATE
Port:(602.5, 453.0)(646.5, 453.0)(646.5, 463.0)(602.5, 463.0);SD
Port:(588.0, 277.0)(661.0, 277.0)(661.0, 448.0)(588.0, 448.0);GATE
Port:(598.0, 282.0)(651.0, 282.0)(651.0, 286.0)(598.0, 286.0);SD
Module:M32
Boundary:(1522.0, 746.0)(1522.0, 819.0)(1409.0, 819.0)(1409.0, 746.0);GATE
Port:(1409.0, 760.5)(1419.0, 760.5)(1419.0, 804.5)(1409.0, 804.5);SD
Port:(1522.0, 746.0)(1522.0, 819.0)(1424.0, 819.0)(1424.0, 746.0);GATE
Port:(1513.0, 756.0)(1517.0, 756.0)(1517.0, 809.0)(1513.0, 809.0);SD
Module:M27
Boundary:(457.0, 277.0)(533.0, 277.0)(533.0, 285.0)(548.0, 285.0)(548.0, 474.0)(457.0, 474.0);GATE
Port:(471.5, 464.0)(533.5, 464.0)(533.5, 474.0)(471.5, 474.0);SD
Port:(457.0, 277.0)(533.0, 277.0)(533.0, 285.0)(548.0, 285.0)(548.0, 459.0)(457.0, 459.0);GATE
Port:(467.0, 282.0)(518.0, 282.0)(518.0, 286.0)(467.0, 286.0);SD
Module:M24
Boundary:(20.0, 360.0)(93.0, 360.0)(93.0, 458.0)(20.0, 458.0);GATE
Port:(34.5, 448.0)(78.5, 448.0)(78.5, 458.0)(34.5, 458.0);SD
Port:(20.0, 360.0)(93.0, 360.0)(93.0, 443.0)(20.0, 443.0);GATE
Port:(30.0, 365.0)(83.0, 365.0)(83.0, 369.0)(30.0, 369.0);SD
Module:M19
Boundary:(1203.0, 746.0)(1203.0, 822.0)(1195.0, 822.0)(1195.0, 837.0)(1094.0, 837.0)(1094.0, 746.0);GATE
Port:(1094.0, 760.5)(1104.0, 760.5)(1104.0, 822.5)(1094.0, 822.5);SD
Port:(1203.0, 746.0)(1203.0, 822.0)(1195.0, 822.0)(1195.0, 837.0)(1109.0, 837.0)(1109.0, 746.0);GATE
Port:(1194.0, 756.0)(1198.0, 756.0)(1198.0, 807.0)(1194.0, 807.0);SD
Module:M6
Boundary:(455.0, 681.0)(566.5, 681.0)(566.5, 769.6)(672.0, 769.6)(672.0, 840.0)(455.0, 840.0);GATE
Port:(469.5, 830.0)(657.5, 830.0)(657.5, 840.0)(469.5, 840.0);SD
Port:(455.0, 681.0)(566.5, 681.0)(566.5, 769.6)(672.0, 769.6)(672.0, 825.0)(455.0, 825.0);GATE
Port:(465.0, 686.0)(552.0, 686.0)(552.0, 690.0)(465.0, 690.0);SD
Module:M21
Boundary:(701.0, 305.0)(848.5, 305.0)(848.5, 342.7)(882.0, 342.7)(882.0, 394.0)(701.0, 394.0);GATE
Port:(715.5, 384.0)(867.5, 384.0)(867.5, 394.0)(715.5, 394.0);SD
Port:(701.0, 305.0)(848.5, 305.0)(848.5, 342.7)(882.0, 342.7)(882.0, 379.0)(701.0, 379.0);GATE
Port:(711.0, 310.0)(834.0, 310.0)(834.0, 314.0)(711.0, 314.0);SD
Module:M2
Boundary:(1051.0, 443.0)(1051.0, 536.5)(942.0, 536.5)(942.0, 678.0)(899.0, 678.0)(899.0, 443.0);GATE
Port:(899.0, 457.5)(909.0, 457.5)(909.0, 663.5)(899.0, 663.5);SD
Port:(1051.0, 443.0)(1051.0, 536.5)(942.0, 536.5)(942.0, 678.0)(914.0, 678.0)(914.0, 443.0);GATE
Port:(1042.0, 453.0)(1046.0, 453.0)(1046.0, 522.0)(1042.0, 522.0);SD
Module:M16
Boundary:(946.0, 158.0)(1019.0, 158.0)(1019.0, 218.0)(946.0, 218.0);GATE
Port:(960.5, 208.0)(1004.5, 208.0)(1004.5, 218.0)(960.5, 218.0);SD
Port:(946.0, 158.0)(1019.0, 158.0)(1019.0, 203.0)(946.0, 203.0);GATE
Port:(956.0, 163.0)(1009.0, 163.0)(1009.0, 167.0)(956.0, 167.0);SD
Module:M13
Boundary:(414.0, 505.0)(414.0, 598.5)(404.0, 598.5)(404.0, 614.0)(223.0, 614.0)(223.0, 505.0);GATE
Port:(223.0, 519.5)(233.0, 519.5)(233.0, 599.5)(223.0, 599.5);SD
Port:(414.0, 505.0)(414.0, 598.5)(404.0, 598.5)(404.0, 614.0)(238.0, 614.0)(238.0, 505.0);GATE
Port:(405.0, 515.0)(409.0, 515.0)(409.0, 584.0)(405.0, 584.0);SD
Module:M45
Boundary:(1312.0, 603.0)(1405.5, 603.0)(1405.5, 613.0)(1421.0, 613.0)(1421.0, 693.0)(1312.0, 693.0);GATE
Port:(1326.5, 683.0)(1406.5, 683.0)(1406.5, 693.0)(1326.5, 693.0);SD
Port:(1312.0, 603.0)(1405.5, 603.0)(1405.5, 613.0)(1421.0, 613.0)(1421.0, 678.0)(1312.0, 678.0);GATE
Port:(1322.0, 608.0)(1391.0, 608.0)(1391.0, 612.0)(1322.0, 612.0);SD
Module:M10
Boundary:(178.0, 623.0)(178.0, 699.0)(170.0, 699.0)(170.0, 714.0)(20.0, 714.0)(20.0, 623.0);GATE
Port:(20.0, 637.5)(30.0, 637.5)(30.0, 699.5)(20.0, 699.5);SD
Port:(178.0, 623.0)(178.0, 699.0)(170.0, 699.0)(170.0, 714.0)(35.0, 714.0)(35.0, 623.0);GATE
Port:(169.0, 633.0)(173.0, 633.0)(173.0, 684.0)(169.0, 684.0);SD
Module:M42
Boundary:(304.0, 374.0)(304.0, 450.0)(296.0, 450.0)(296.0, 465.0)(133.0, 465.0)(133.0, 374.0);GATE
Port:(133.0, 388.5)(143.0, 388.5)(143.0, 450.5)(133.0, 450.5);SD
Port:(304.0, 374.0)(304.0, 450.0)(296.0, 450.0)(296.0, 465.0)(148.0, 465.0)(148.0, 374.0);GATE
Port:(295.0, 384.0)(299.0, 384.0)(299.0, 435.0)(295.0, 435.0);SD
Module:M37
Boundary:(1528.0, 402.0)(1528.0, 478.0)(1520.0, 478.0)(1520.0, 493.0)(1445.0, 493.0)(1445.0, 402.0);GATE
Port:(1445.0, 416.5)(1455.0, 416.5)(1455.0, 478.5)(1445.0, 478.5);SD
Port:(1528.0, 402.0)(1528.0, 478.0)(1520.0, 478.0)(1520.0, 493.0)(1460.0, 493.0)(1460.0, 402.0);GATE
Port:(1519.0, 412.0)(1523.0, 412.0)(1523.0, 463.0)(1519.0, 463.0);SD
Module:M34
Boundary:(20.0, 254.0)(96.0, 254.0)(96.0, 262.0)(111.0, 262.0)(111.0, 320.0)(20.0, 320.0);GATE
Port:(34.5, 310.0)(96.5, 310.0)(96.5, 320.0)(34.5, 320.0);SD
Port:(20.0, 254.0)(96.0, 254.0)(96.0, 262.0)(111.0, 262.0)(111.0, 305.0)(20.0, 305.0);GATE
Port:(30.0, 259.0)(81.0, 259.0)(81.0, 263.0)(30.0, 263.0);SD
Module:M29
Boundary:(299.0, 261.0)(299.0, 334.0)(151.0, 334.0)(151.0, 261.0);GATE
Port:(151.0, 275.5)(161.0, 275.5)(161.0, 319.5)(151.0, 319.5);SD
Port:(299.0, 261.0)(299.0, 334.0)(166.0, 334.0)(166.0, 261.0);GATE
Port:(290.0, 271.0)(294.0, 271.0)(294.0, 324.0)(290.0, 324.0);SD
Module:M7
Boundary:(1359.0, 736.0)(1359.0, 829.5)(1349.0, 829.5)(1349.0, 845.0)(1253.0, 845.0)(1253.0, 736.0);GATE
Port:(1253.0, 750.5)(1263.0, 750.5)(1263.0, 830.5)(1253.0, 830.5);SD
Port:(1359.0, 736.0)(1359.0, 829.5)(1349.0, 829.5)(1349.0, 845.0)(1268.0, 845.0)(1268.0, 736.0);GATE
Port:(1350.0, 746.0)(1354.0, 746.0)(1354.0, 815.0)(1350.0, 815.0);SD
Module:M31
Boundary:(899.0, 718.0)(1028.5, 718.0)(1028.5, 732.0)(1044.0, 732.0)(1044.0, 846.0)(899.0, 846.0);GATE
Port:(913.5, 836.0)(1029.5, 836.0)(1029.5, 846.0)(913.5, 846.0);SD
Port:(899.0, 718.0)(1028.5, 718.0)(1028.5, 732.0)(1044.0, 732.0)(1044.0, 831.0)(899.0, 831.0);GATE
Port:(909.0, 723.0)(1014.0, 723.0)(1014.0, 727.0)(909.0, 727.0);SD
Module:M3
Boundary:(559.0, 514.0)(559.0, 625.5)(547.0, 625.5)(547.0, 641.0)(454.0, 641.0)(454.0, 514.0);GATE
Port:(454.0, 528.5)(464.0, 528.5)(464.0, 626.5)(454.0, 626.5);SD
Port:(559.0, 514.0)(559.0, 625.5)(547.0, 625.5)(547.0, 641.0)(469.0, 641.0)(469.0, 514.0);GATE
Port:(550.0, 524.0)(554.0, 524.0)(554.0, 611.0)(550.0, 611.0);SD
Module:M26
Boundary:(1335.0, 30.0)(1335.0, 177.5)(1310.0, 177.5)(1310.0, 211.0)(1272.0, 211.0)(1272.0, 30.0);GATE
Port:(1272.0, 44.5)(1282.0, 44.5)(1282.0, 196.5)(1272.0, 196.5);SD
Port:(1335.0, 30.0)(1335.0, 177.5)(1310.0, 177.5)(1310.0, 211.0)(1287.0, 211.0)(1287.0, 30.0);GATE
Port:(1326.0, 40.0)(1330.0, 40.0)(1330.0, 163.0)(1326.0, 163.0);SD
Module:M23
Boundary:(178.0, 754.0)(178.0, 830.0)(170.0, 830.0)(170.0, 845.0)(20.0, 845.0)(20.0, 754.0);GATE
Port:(20.0, 768.5)(30.0, 768.5)(30.0, 830.5)(20.0, 830.5);SD
Port:(178.0, 754.0)(178.0, 830.0)(170.0, 830.0)(170.0, 845.0)(35.0, 845.0)(35.0, 754.0);GATE
Port:(169.0, 764.0)(173.0, 764.0)(173.0, 815.0)(169.0, 815.0);SD
Module:M18
Boundary:(454.0, 30.0)(454.0, 141.5)(376.8, 141.5)(376.8, 211.0)(277.0, 211.0)(277.0, 30.0);GATE
Port:(277.0, 44.5)(287.0, 44.5)(287.0, 196.5)(277.0, 196.5);SD
Port:(454.0, 30.0)(454.0, 141.5)(376.8, 141.5)(376.8, 211.0)(292.0, 211.0)(292.0, 30.0);GATE
Port:(445.0, 40.0)(449.0, 40.0)(449.0, 127.0)(445.0, 127.0);SD
Module:M20
Boundary:(1531.0, 533.0)(1531.0, 680.5)(1515.0, 680.5)(1515.0, 696.0)(1461.0, 696.0)(1461.0, 533.0);GATE
Port:(1461.0, 547.5)(1471.0, 547.5)(1471.0, 681.5)(1461.0, 681.5);SD
Port:(1531.0, 533.0)(1531.0, 680.5)(1515.0, 680.5)(1515.0, 696.0)(1476.0, 696.0)(1476.0, 533.0);GATE
Port:(1522.0, 543.0)(1526.0, 543.0)(1526.0, 666.0)(1522.0, 666.0);SD
Module:M15
Boundary:(344.0, 373.0)(417.0, 373.0)(417.0, 464.0)(344.0, 464.0);GATE
Port:(358.5, 454.0)(402.5, 454.0)(402.5, 464.0)(358.5, 464.0);SD
Port:(344.0, 373.0)(417.0, 373.0)(417.0, 449.0)(344.0, 449.0);GATE
Port:(354.0, 378.0)(407.0, 378.0)(407.0, 382.0)(354.0, 382.0);SD
Module:M12
Boundary:(344.0, 261.0)(417.0, 261.0)(417.0, 333.0)(344.0, 333.0);GATE
Port:(358.5, 323.0)(402.5, 323.0)(402.5, 333.0)(358.5, 333.0);SD
Port:(344.0, 261.0)(417.0, 261.0)(417.0, 318.0)(344.0, 318.0);GATE
Port:(354.0, 266.0)(407.0, 266.0)(407.0, 270.0)(354.0, 270.0);SD
Module:M44
Boundary:(1038.0, 258.0)(1038.0, 387.5)(1024.0, 387.5)(1024.0, 403.0)(936.0, 403.0)(936.0, 258.0);GATE
Port:(936.0, 272.5)(946.0, 272.5)(946.0, 388.5)(936.0, 388.5);SD
Port:(1038.0, 258.0)(1038.0, 387.5)(1024.0, 387.5)(1024.0, 403.0)(951.0, 403.0)(951.0, 258.0);GATE
Port:(1029.0, 268.0)(1033.0, 268.0)(1033.0, 373.0)(1029.0, 373.0);SD
Module:M39
Boundary:(740.0, 444.0)(833.5, 444.0)(833.5, 454.0)(849.0, 454.0)(849.0, 630.0)(740.0, 630.0);GATE
Port:(754.5, 620.0)(834.5, 620.0)(834.5, 630.0)(754.5, 630.0);SD
Port:(740.0, 444.0)(833.5, 444.0)(833.5, 454.0)(849.0, 454.0)(849.0, 615.0)(740.0, 615.0);GATE
Port:(750.0, 449.0)(819.0, 449.0)(819.0, 453.0)(750.0, 453.0);SD
Module:M8
Boundary:(712.0, 680.0)(841.5, 680.0)(841.5, 694.0)(857.0, 694.0)(857.0, 847.0)(712.0, 847.0);GATE
Port:(726.5, 837.0)(842.5, 837.0)(842.5, 847.0)(726.5, 847.0);SD
Port:(712.0, 680.0)(841.5, 680.0)(841.5, 694.0)(857.0, 694.0)(857.0, 832.0)(712.0, 832.0);GATE
Port:(722.0, 685.0)(827.0, 685.0)(827.0, 689.0)(722.0, 689.0);SD
Module:M41
Boundary:(1078.0, 223.0)(1189.5, 223.0)(1189.5, 235.0)(1205.0, 235.0)(1205.0, 372.0)(1078.0, 372.0);GATE
Port:(1092.5, 362.0)(1190.5, 362.0)(1190.5, 372.0)(1092.5, 372.0);SD
Port:(1078.0, 223.0)(1189.5, 223.0)(1189.5, 235.0)(1205.0, 235.0)(1205.0, 357.0)(1078.0, 357.0);GATE
Port:(1088.0, 228.0)(1175.0, 228.0)(1175.0, 232.0)(1088.0, 232.0);SD
Module:M4
Boundary:(1532.0, 235.0)(1532.0, 346.5)(1520.0, 346.5)(1520.0, 362.0)(1448.0, 362.0)(1448.0, 235.0);GATE
Port:(1448.0, 249.5)(1458.0, 249.5)(1458.0, 347.5)(1448.0, 347.5);SD
Port:(1532.0, 235.0)(1532.0, 346.5)(1520.0, 346.5)(1520.0, 362.0)(1463.0, 362.0)(1463.0, 235.0);GATE
Port:(1523.0, 245.0)(1527.0, 245.0)(1527.0, 332.0)(1523.0, 332.0);SD
Module:M36
Boundary:(20.0, 20.0)(96.0, 20.0)(96.0, 28.0)(111.0, 28.0)(111.0, 214.0)(20.0, 214.0);GATE
Port:(34.5, 204.0)(96.5, 204.0)(96.5, 214.0)(34.5, 214.0);SD
Port:(20.0, 20.0)(96.0, 20.0)(96.0, 28.0)(111.0, 28.0)(111.0, 199.0)(20.0, 199.0);GATE
Port:(30.0, 25.0)(81.0, 25.0)(81.0, 29.0)(30.0, 29.0);SD
Module:M33
Boundary:(227.0, 20.0)(227.0, 167.5)(190.9, 167.5)(190.9, 219.0)(151.0, 219.0)(151.0, 20.0);GATE
Port:(151.0, 34.5)(161.0, 34.5)(161.0, 204.5)(151.0, 204.5);SD
Port:(227.0, 20.0)(227.0, 167.5)(190.9, 167.5)(190.9, 219.0)(166.0, 219.0)(166.0, 20.0);GATE
Port:(218.0, 30.0)(222.0, 30.0)(222.0, 153.0)(218.0, 153.0);SD
Module:M28
Boundary:(599.0, 503.0)(675.0, 503.0)(675.0, 511.0)(690.0, 511.0)(690.0, 639.0)(599.0, 639.0);GATE
Port:(613.5, 629.0)(675.5, 629.0)(675.5, 639.0)(613.5, 639.0);SD
Port:(599.0, 503.0)(675.0, 503.0)(675.0, 511.0)(690.0, 511.0)(690.0, 624.0)(599.0, 624.0);GATE
Port:(609.0, 508.0)(660.0, 508.0)(660.0, 512.0)(609.0, 512.0);SD
Module:M30
Boundary:(1091.0, 412.0)(1238.5, 412.0)(1238.5, 490.8)(1272.0, 490.8)(1272.0, 583.0)(1091.0, 583.0);GATE
Port:(1105.5, 573.0)(1257.5, 573.0)(1257.5, 583.0)(1105.5, 583.0);SD
Port:(1091.0, 412.0)(1238.5, 412.0)(1238.5, 490.8)(1272.0, 490.8)(1272.0, 568.0)(1091.0, 568.0);GATE
Port:(1101.0, 417.0)(1224.0, 417.0)(1224.0, 421.0)(1101.0, 421.0);SD
Module:M25
Boundary:(707.0, 20.0)(782.5, 20.0)(782.5, 94.6)(906.0, 94.6)(906.0, 152.0)(707.0, 152.0);GATE
Port:(721.5, 142.0)(891.5, 142.0)(891.5, 152.0)(721.5, 152.0);SD
Port:(707.0, 20.0)(782.5, 20.0)(782.5, 94.6)(906.0, 94.6)(906.0, 137.0)(707.0, 137.0);GATE
Port:(717.0, 25.0)(768.0, 25.0)(768.0, 29.0)(717.0, 29.0);SD
Module:M22
Boundary:(415.0, 681.0)(415.0, 738.5)(357.2, 738.5)(357.2, 844.0)(218.0, 844.0)(218.0, 681.0);GATE
Port:(218.0, 695.5)(228.0, 695.5)(228.0, 829.5)(218.0, 829.5);SD
Port:(415.0, 681.0)(415.0, 738.5)(357.2, 738.5)(357.2, 844.0)(233.0, 844.0)(233.0, 681.0);GATE
Port:(406.0, 691.0)(410.0, 691.0)(410.0, 724.0)(406.0, 724.0);SD
Module:M17
Boundary:(1322.0, 388.0)(1395.0, 388.0)(1395.0, 553.0)(1322.0, 553.0);GATE
Port:(1336.5, 543.0)(1380.5, 543.0)(1380.5, 553.0)(1336.5, 553.0);SD
Port:(1322.0, 388.0)(1395.0, 388.0)(1395.0, 538.0)(1322.0, 538.0);GATE
Port:(1332.0, 393.0)(1385.0, 393.0)(1385.0, 397.0)(1332.0, 397.0);SD
