Area:(-20.0, -20.0)(1093.0, -20.0)(1093.0, 824.0)(-20.0, 824.0)
Rule:GATE(5,5);SD(5,5);GATE_SD(0.5);GATE_ITO(0.5);SD_ITO(0.5)
Module:M14
Boundary:(369.0, 205.0)(442.0, 205.0)(442.0, 357.0)(369.0, 357.0);GATE
Port:(383.5, 347.0)(427.5, 347.0)(427.5, 357.0)(383.5, 357.0);SD
Port:(369.0, 205.0)(442.0, 205.0)(442.0, 342.0)(369.0, 342.0);GATE
Port:(379.0, 210.0)(432.0, 210.0)(432.0, 214.0)(379.0, 214.0);SD
Module:M9
Boundary:(92.0, 134.0)(92.0, 227.5)(82.0, 227.5)(82.0, 243.0)(20.0, 243.0)(20.0, 134.0);GATE
Port:(20.0, 148.5)(30.0, 148.5)(30.0, 228.5)(20.0, 228.5);SD
Port:(92.0, 134.0)(92.0, 227.5)(82.0, 227.5)(82.0, 243.0)(35.0, 243.0)(35.0, 134.0);GATE
Port:(83.0, 144.0)(87.0, 144.0)(87.0, 213.0)(83.0, 213.0);SD
Module:M5
Boundary:(878.0, 706.0)(1025.5, 706.0)(1025.5, 722.0)(1041.0, 722.0)(1041.0, 784.0)(878.0, 784.0);GATE
Port:(892.5, 774.0)(1026.5, 774.0)(1026.5, 784.0)(892.5, 784.0);SD
Port:(878.0, 706.0)(1025.5, 706.0)(1025.5, 722.0)(1041.0, 722.0)(1041.0, 769.0)(878.0, 769.0);GATE
Port:(888.0, 711.0)(1011.0, 711.0)(1011.0, 715.0)(888.0, 715.0);SD
Module:M11
Boundary:(413.0, 426.0)(413.0, 555.5)(337.2, 555.5)(337.2, 589.0)(246.0, 589.0)(246.0, 426.0);GATE
Port:(246.0, 440.5)(256.0, 440.5)(256.0, 574.5)(246.0, 574.5);SD
Port:(413.0, 426.0)(413.0, 555.5)(337.2, 555.5)(337.2, 589.0)(261.0, 589.0)(261.0, 426.0);GATE
Port:(404.0, 436.0)(408.0, 436.0)(408.0, 541.0)(404.0, 541.0);SD
Module:M1
Boundary:(848.0, 253.0)(848.0, 328.5)(781.4, 328.5)(781.4, 452.0)(705.0, 452.0)(705.0, 253.0);GATE
Port:(705.0, 267.5)(715.0, 267.5)(715.0, 437.5)(705.0, 437.5);SD
Port:(848.0, 253.0)(848.0, 328.5)(781.4, 328.5)(781.4, 452.0)(720.0, 452.0)(720.0, 253.0);GATE
Port:(839.0, 263.0)(843.0, 263.0)(843.0, 314.0)(839.0, 314.0);SD
Module:M24
Boundary:(534.0, 648.0)(681.5, 648.0)(681.5, 664.0)(697.0, 664.0)(697.0, 780.0)(534.0, 780.0);GATE
Port:(548.5, 770.0)(682.5, 770.0)(682.5, 780.0)(548.5, 780.0);SD
Port:(534.0, 648.0)(681.5, 648.0)(681.5, 664.0)(697.0, 664.0)(697.0, 765.0)(534.0, 765.0);GATE
Port:(544.0, 653.0)(667.0, 653.0)(667.0, 657.0)(544.0, 657.0);SD
Module:M19
Boundary:(502.0, 253.0)(649.5, 253.0)(649.5, 269.0)(665.0, 269.0)(665.0, 423.0)(502.0, 423.0);GATE
Port:(516.5, 413.0)(650.5, 413.0)(650.5, 423.0)(516.5, 423.0);SD
Port:(502.0, 253.0)(649.5, 253.0)(649.5, 269.0)(665.0, 269.0)(665.0, 408.0)(502.0, 408.0);GATE
Port:(512.0, 258.0)(635.0, 258.0)(635.0, 262.0)(512.0, 262.0);SD
Module:M6
Boundary:(1048.0, 593.0)(1048.0, 666.0)(900.0, 666.0)(900.0, 593.0);GATE
Port:(900.0, 607.5)(910.0, 607.5)(910.0, 651.5)(900.0, 651.5);SD
Port:(1048.0, 593.0)(1048.0, 666.0)(915.0, 666.0)(915.0, 593.0);GATE
Port:(1039.0, 603.0)(1043.0, 603.0)(1043.0, 656.0)(1039.0, 656.0);SD
Module:M21
Boundary:(888.0, 337.0)(1035.5, 337.0)(1035.5, 353.0)(1051.0, 353.0)(1051.0, 414.0)(888.0, 414.0);GATE
Port:(902.5, 404.0)(1036.5, 404.0)(1036.5, 414.0)(902.5, 414.0);SD
Port:(888.0, 337.0)(1035.5, 337.0)(1035.5, 353.0)(1051.0, 353.0)(1051.0, 399.0)(888.0, 399.0);GATE
Port:(898.0, 342.0)(1021.0, 342.0)(1021.0, 346.0)(898.0, 346.0);SD
Module:M2
Boundary:(322.0, 259.0)(322.0, 370.5)(310.0, 370.5)(310.0, 386.0)(246.0, 386.0)(246.0, 259.0);GATE
Port:(246.0, 273.5)(256.0, 273.5)(256.0, 371.5)(246.0, 371.5);SD
Port:(322.0, 259.0)(322.0, 370.5)(310.0, 370.5)(310.0, 386.0)(261.0, 386.0)(261.0, 259.0);GATE
Port:(313.0, 269.0)(317.0, 269.0)(317.0, 356.0)(313.0, 356.0);SD
Module:M16
Boundary:(20.0, 629.0)(113.5, 629.0)(113.5, 741.0)(309.0, 741.0)(309.0, 781.0)(20.0, 781.0);GATE
Port:(34.5, 771.0)(294.5, 771.0)(294.5, 781.0)(34.5, 781.0);SD
Port:(20.0, 629.0)(113.5, 629.0)(113.5, 741.0)(309.0, 741.0)(309.0, 766.0)(20.0, 766.0);GATE
Port:(30.0, 634.0)(99.0, 634.0)(99.0, 638.0)(30.0, 638.0);SD
Module:M13
Boundary:(1053.0, 206.0)(1053.0, 282.0)(1045.0, 282.0)(1045.0, 297.0)(921.0, 297.0)(921.0, 206.0);GATE
Port:(921.0, 220.5)(931.0, 220.5)(931.0, 282.5)(921.0, 282.5);SD
Port:(1053.0, 206.0)(1053.0, 282.0)(1045.0, 282.0)(1045.0, 297.0)(936.0, 297.0)(936.0, 206.0);GATE
Port:(1044.0, 216.0)(1048.0, 216.0)(1048.0, 267.0)(1044.0, 267.0);SD
Module:M10
Boundary:(502.0, 20.0)(613.5, 20.0)(613.5, 163.0)(881.0, 163.0)(881.0, 213.0)(502.0, 213.0);GATE
Port:(516.5, 203.0)(866.5, 203.0)(866.5, 213.0)(516.5, 213.0);SD
Port:(502.0, 20.0)(613.5, 20.0)(613.5, 163.0)(881.0, 163.0)(881.0, 198.0)(502.0, 198.0);GATE
Port:(512.0, 25.0)(599.0, 25.0)(599.0, 29.0)(512.0, 29.0);SD
Module:M7
Boundary:(329.0, 20.0)(329.0, 77.5)(244.2, 77.5)(244.2, 219.0)(133.0, 219.0)(133.0, 20.0);GATE
Port:(133.0, 34.5)(143.0, 34.5)(143.0, 204.5)(133.0, 204.5);SD
Port:(329.0, 20.0)(329.0, 77.5)(244.2, 77.5)(244.2, 219.0)(148.0, 219.0)(148.0, 20.0);GATE
Port:(320.0, 30.0)(324.0, 30.0)(324.0, 63.0)(320.0, 63.0);SD
Module:M3
Boundary:(20.0, 20.0)(93.0, 20.0)(93.0, 94.0)(20.0, 94.0);GATE
Port:(34.5, 84.0)(78.5, 84.0)(78.5, 94.0)(34.5, 94.0);SD
Port:(20.0, 20.0)(93.0, 20.0)(93.0, 79.0)(20.0, 79.0);GATE
Port:(30.0, 25.0)(83.0, 25.0)(83.0, 29.0)(30.0, 29.0);SD
Module:M23
Boundary:(349.0, 648.0)(478.5, 648.0)(478.5, 662.0)(494.0, 662.0)(494.0, 784.0)(349.0, 784.0);GATE
Port:(363.5, 774.0)(479.5, 774.0)(479.5, 784.0)(363.5, 784.0);SD
Port:(349.0, 648.0)(478.5, 648.0)(478.5, 662.0)(494.0, 662.0)(494.0, 769.0)(349.0, 769.0);GATE
Port:(359.0, 653.0)(464.0, 653.0)(464.0, 657.0)(359.0, 657.0);SD
Module:M18
Boundary:(204.0, 442.0)(204.0, 571.5)(184.0, 571.5)(184.0, 587.0)(20.0, 587.0)(20.0, 442.0);GATE
Port:(20.0, 456.5)(30.0, 456.5)(30.0, 572.5)(20.0, 572.5);SD
Port:(204.0, 442.0)(204.0, 571.5)(184.0, 571.5)(184.0, 587.0)(35.0, 587.0)(35.0, 442.0);GATE
Port:(195.0, 452.0)(199.0, 452.0)(199.0, 557.0)(195.0, 557.0);SD
Module:M20
Boundary:(900.0, 454.0)(1029.5, 454.0)(1029.5, 468.0)(1045.0, 468.0)(1045.0, 553.0)(900.0, 553.0);GATE
Port:(914.5, 543.0)(1030.5, 543.0)(1030.5, 553.0)(914.5, 553.0);SD
Port:(900.0, 454.0)(1029.5, 454.0)(1029.5, 468.0)(1045.0, 468.0)(1045.0, 538.0)(900.0, 538.0);GATE
Port:(910.0, 459.0)(1015.0, 459.0)(1015.0, 463.0)(910.0, 463.0);SD
Module:M15
Boundary:(921.0, 20.0)(1032.5, 20.0)(1032.5, 32.0)(1048.0, 32.0)(1048.0, 166.0)(921.0, 166.0);GATE
Port:(935.5, 156.0)(1033.5, 156.0)(1033.5, 166.0)(935.5, 166.0);SD
Port:(921.0, 20.0)(1032.5, 20.0)(1032.5, 32.0)(1048.0, 32.0)(1048.0, 151.0)(921.0, 151.0);GATE
Port:(931.0, 25.0)(1018.0, 25.0)(1018.0, 29.0)(931.0, 29.0);SD
Module:M12
Boundary:(20.0, 283.0)(93.0, 283.0)(93.0, 400.0)(20.0, 400.0);GATE
Port:(34.5, 390.0)(78.5, 390.0)(78.5, 400.0)(34.5, 400.0);SD
Port:(20.0, 283.0)(93.0, 283.0)(93.0, 385.0)(20.0, 385.0);GATE
Port:(30.0, 288.0)(83.0, 288.0)(83.0, 292.0)(30.0, 292.0);SD
Module:M8
Boundary:(133.0, 259.0)(206.0, 259.0)(206.0, 402.0)(133.0, 402.0);GATE
Port:(147.5, 392.0)(191.5, 392.0)(191.5, 402.0)(147.5, 402.0);SD
Port:(133.0, 259.0)(206.0, 259.0)(206.0, 387.0)(133.0, 387.0);GATE
Port:(143.0, 264.0)(196.0, 264.0)(196.0, 268.0)(143.0, 268.0);SD
Module:M4
Boundary:(603.0, 463.0)(603.0, 592.5)(589.0, 592.5)(589.0, 608.0)(502.0, 608.0)(502.0, 463.0);GATE
Port:(502.0, 477.5)(512.0, 477.5)(512.0, 593.5)(502.0, 593.5);SD
Port:(603.0, 463.0)(603.0, 592.5)(589.0, 592.5)(589.0, 608.0)(517.0, 608.0)(517.0, 463.0);GATE
Port:(594.0, 473.0)(598.0, 473.0)(598.0, 578.0)(594.0, 578.0);SD
Module:M25
Boundary:(838.0, 645.0)(838.0, 738.5)(797.3, 738.5)(797.3, 772.0)(737.0, 772.0)(737.0, 645.0);GATE
Port:(737.0, 659.5)(747.0, 659.5)(747.0, 757.5)(737.0, 757.5);SD
Port:(838.0, 645.0)(838.0, 738.5)(797.3, 738.5)(797.3, 772.0)(752.0, 772.0)(752.0, 645.0);GATE
Port:(829.0, 655.0)(833.0, 655.0)(833.0, 724.0)(829.0, 724.0);SD
Module:M22
Boundary:(643.0, 492.0)(736.5, 492.0)(736.5, 553.3)(860.0, 553.3)(860.0, 605.0)(643.0, 605.0);GATE
Port:(657.5, 595.0)(845.5, 595.0)(845.5, 605.0)(657.5, 605.0);SD
Port:(643.0, 492.0)(736.5, 492.0)(736.5, 553.3)(860.0, 553.3)(860.0, 590.0)(643.0, 590.0);GATE
Port:(653.0, 497.0)(722.0, 497.0)(722.0, 501.0)(653.0, 501.0);SD
Module:M17
Boundary:(462.0, 20.0)(462.0, 95.5)(427.8, 95.5)(427.8, 165.0)(369.0, 165.0)(369.0, 20.0);GATE
Port:(369.0, 34.5)(379.0, 34.5)(379.0, 150.5)(369.0, 150.5);SD
Port:(462.0, 20.0)(462.0, 95.5)(427.8, 95.5)(427.8, 165.0)(384.0, 165.0)(384.0, 20.0);GATE
Port:(453.0, 30.0)(457.0, 30.0)(457.0, 81.0)(453.0, 81.0);SD
