Area:(-20.0, -20.0)(789.7, -20.0)(789.7, 624.5)(-20.0, 624.5)
Rule:GATE(5,5);SD(5,5);GATE_SD(0.5);GATE_ITO(0.5);SD_ITO(0.5)
Module:M14
Boundary:(30.0, 273.0)(91.6, 273.0)(91.6, 336.9)(104.8, 336.9)(104.8, 390.1)(30.0, 390.1);GATE
Port:(42.6, 385.2)(92.2, 385.2)(92.2, 390.1)(42.6, 390.1);SD
Port:(30.0, 273.0)(91.6, 273.0)(91.6, 336.9)(104.8, 336.9)(104.8, 382.2)(30.0, 382.2);GATE
Port:(37.0, 279.0)(83.6, 279.0)(83.6, 283.9)(37.0, 283.9);SD
Module:M9
Boundary:(20.0, 20.0)(123.0, 20.0)(123.0, 223.0)(20.0, 223.0);GATE
Port:(35.1, 218.7)(107.9, 218.7)(107.9, 223.0)(35.1, 223.0);SD
Port:(20.0, 20.0)(123.0, 20.0)(123.0, 216.4)(20.0, 216.4);GATE
Port:(26.5, 25.5)(116.5, 25.5)(116.5, 32.1)(26.5, 32.1);SD
Module:M5
Boundary:(338.7, 191.5)(338.7, 295.5)(338.2, 295.5)(338.2, 312.1)(163.0, 312.1)(163.0, 191.5);GATE
Port:(163.0, 206.7)(168.6, 206.7)(168.6, 296.9)(163.0, 296.9);SD
Port:(338.7, 191.5)(338.7, 295.5)(338.2, 295.5)(338.2, 312.1)(170.3, 312.1)(170.3, 191.5);GATE
Port:(326.4, 198.2)(333.0, 198.2)(333.0, 288.8)(326.4, 288.8);SD
Module:M11
Boundary:(724.7, 179.1)(724.7, 224.1)(551.2, 224.1)(551.2, 179.1);GATE
Port:(551.2, 191.5)(555.6, 191.5)(555.6, 211.7)(551.2, 211.7);SD
Port:(724.7, 179.1)(724.7, 224.1)(557.6, 224.1)(557.6, 179.1);GATE
Port:(714.4, 184.7)(720.1, 184.7)(720.1, 218.5)(714.4, 218.5);SD
Module:M1
Boundary:(656.9, 274.1)(727.1, 274.1)(727.1, 467.5)(656.9, 467.5);GATE
Port:(671.7, 463.4)(712.3, 463.4)(712.3, 467.5)(671.7, 467.5);SD
Port:(656.9, 274.1)(727.1, 274.1)(727.1, 462.1)(656.9, 462.1);GATE
Port:(662.7, 278.9)(721.3, 278.9)(721.3, 285.8)(662.7, 285.8);SD
Module:M6
Boundary:(551.2, 20.0)(633.5, 20.0)(633.5, 47.4)(647.5, 47.4)(647.5, 139.1)(551.2, 139.1);GATE
Port:(565.8, 134.0)(632.9, 134.0)(632.9, 139.1)(565.8, 139.1);SD
Port:(551.2, 20.0)(633.5, 20.0)(633.5, 47.4)(647.5, 47.4)(647.5, 131.3)(551.2, 131.3);GATE
Port:(557.9, 25.7)(625.8, 25.7)(625.8, 32.9)(557.9, 32.9);SD
Module:M2
Boundary:(472.2, 253.5)(472.2, 332.1)(451.1, 332.1)(451.1, 345.8)(378.7, 345.8)(378.7, 253.5);GATE
Port:(378.7, 267.1)(382.7, 267.1)(382.7, 332.2)(378.7, 332.2);SD
Port:(472.2, 253.5)(472.2, 332.1)(451.1, 332.1)(451.1, 345.8)(384.3, 345.8)(384.3, 253.5);GATE
Port:(460.8, 259.8)(466.9, 259.8)(466.9, 324.8)(460.8, 324.8);SD
Module:M16
Boundary:(118.9, 440.1)(118.9, 547.6)(74.7, 547.6)(74.7, 564.3)(20.0, 564.3)(20.0, 440.1);GATE
Port:(20.0, 454.6)(26.0, 454.6)(26.0, 549.8)(20.0, 549.8);SD
Port:(118.9, 440.1)(118.9, 547.6)(74.7, 547.6)(74.7, 564.3)(27.3, 564.3)(27.3, 440.1);GATE
Port:(107.8, 446.6)(113.4, 446.6)(113.4, 540.1)(107.8, 540.1);SD
Module:M13
Boundary:(520.1, 264.1)(606.9, 264.1)(606.9, 461.0)(520.1, 461.0);GATE
Port:(533.2, 455.7)(593.8, 455.7)(593.8, 461.0)(533.2, 461.0);SD
Port:(520.1, 264.1)(606.9, 264.1)(606.9, 453.3)(520.1, 453.3);GATE
Port:(525.8, 268.8)(601.2, 268.8)(601.2, 274.1)(525.8, 274.1);SD
Module:M10
Boundary:(432.4, 20.0)(496.4, 20.0)(496.4, 20.2)(511.2, 20.2)(511.2, 213.5)(432.4, 213.5);GATE
Port:(446.1, 207.8)(497.5, 207.8)(497.5, 213.5)(446.1, 213.5);SD
Port:(432.4, 20.0)(496.4, 20.0)(496.4, 20.2)(511.2, 20.2)(511.2, 206.3)(432.4, 206.3);GATE
Port:(439.1, 25.7)(489.7, 25.7)(489.7, 31.8)(439.1, 31.8);SD
Module:M7
Boundary:(163.0, 352.1)(271.2, 352.1)(271.2, 576.3)(163.0, 576.3);GATE
Port:(176.8, 572.3)(257.4, 572.3)(257.4, 576.3)(176.8, 576.3);SD
Port:(163.0, 352.1)(271.2, 352.1)(271.2, 570.4)(163.0, 570.4);GATE
Port:(169.8, 357.9)(264.4, 357.9)(264.4, 362.4)(169.8, 362.4);SD
Module:M3
Boundary:(747.2, 517.5)(747.2, 580.3)(560.8, 580.3)(560.8, 517.5);GATE
Port:(560.8, 530.1)(565.6, 530.1)(565.6, 567.7)(560.8, 567.7);SD
Port:(747.2, 517.5)(747.2, 580.3)(568.4, 580.3)(568.4, 517.5);GATE
Port:(737.1, 524.3)(741.4, 524.3)(741.4, 573.5)(737.1, 573.5);SD
Module:M15
Boundary:(520.8, 501.0)(520.8, 584.5)(311.2, 584.5)(311.2, 501.0);GATE
Port:(311.2, 516.1)(316.8, 516.1)(316.8, 569.4)(311.2, 569.4);SD
Port:(520.8, 501.0)(520.8, 584.5)(319.1, 584.5)(319.1, 501.0);GATE
Port:(507.9, 507.8)(515.0, 507.8)(515.0, 577.7)(507.9, 577.7);SD
Module:M12
Boundary:(480.1, 385.8)(480.1, 437.7)(408.4, 437.7)(408.4, 453.3)(311.2, 453.3)(311.2, 385.8);GATE
Port:(311.2, 399.6)(316.1, 399.6)(316.1, 439.5)(311.2, 439.5);SD
Port:(480.1, 385.8)(480.1, 437.7)(408.4, 437.7)(408.4, 453.3)(318.9, 453.3)(318.9, 385.8);GATE
Port:(469.4, 391.4)(475.5, 391.4)(475.5, 431.1)(469.4, 431.1);SD
Module:M8
Boundary:(687.5, 20.0)(733.7, 20.0)(733.7, 20.1)(749.7, 20.1)(749.7, 137.8)(687.5, 137.8);GATE
Port:(699.6, 133.4)(737.6, 133.4)(737.6, 137.8)(699.6, 137.8);SD
Port:(687.5, 20.0)(733.7, 20.0)(733.7, 20.1)(749.7, 20.1)(749.7, 132.2)(687.5, 132.2);GATE
Port:(692.6, 24.1)(728.6, 24.1)(728.6, 28.7)(692.6, 28.7);SD
Module:M4
Boundary:(392.4, 20.0)(392.4, 134.3)(372.9, 134.3)(372.9, 151.5)(163.0, 151.5)(163.0, 20.0);GATE
Port:(163.0, 36.3)(168.3, 36.3)(168.3, 135.2)(163.0, 135.2);SD
Port:(392.4, 20.0)(392.4, 134.3)(372.9, 134.3)(372.9, 151.5)(170.9, 151.5)(170.9, 20.0);GATE
Port:(379.0, 27.0)(386.4, 27.0)(386.4, 126.3)(379.0, 126.3);SD
