Area:(-20.0, -20.0)(414.8, -20.0)(414.8, 996.3)(-20.0, 996.3)
Rule:GATE(5,5);SD(5,5);GATE_SD(0.5);GATE_ITO(0.5);SD_ITO(0.5)
Module:M14
Boundary:(30.0, 30.0)(77.4, 30.0)(77.4, 56.7)(91.3, 56.7)(91.3, 186.6)(30.0, 186.6);GATE
Port:(41.9, 181.4)(79.4, 181.4)(79.4, 186.6)(41.9, 186.6);SD
Port:(30.0, 30.0)(77.4, 30.0)(77.4, 56.7)(91.3, 56.7)(91.3, 180.1)(30.0, 180.1);GATE
Port:(35.6, 34.6)(70.8, 34.6)(70.8, 40.2)(35.6, 40.2);SD
Module:M9
Boundary:(358.5, 720.4)(358.5, 795.1)(358.3, 795.1)(358.3, 808.7)(149.0, 808.7)(149.0, 720.4);GATE
Port:(149.0, 733.6)(154.1, 733.6)(154.1, 795.5)(149.0, 795.5);SD
Port:(358.5, 720.4)(358.5, 795.1)(358.3, 795.1)(358.3, 808.7)(156.8, 808.7)(156.8, 720.4);GATE
Port:(346.8, 727.3)(352.6, 727.3)(352.6, 788.2)(346.8, 788.2);SD
Module:M5
Boundary:(366.0, 631.3)(366.0, 680.4)(189.6, 680.4)(189.6, 631.3);GATE
Port:(189.6, 645.0)(194.5, 645.0)(194.5, 666.7)(189.6, 666.7);SD
Port:(366.0, 631.3)(366.0, 680.4)(196.5, 680.4)(196.5, 631.3);GATE
Port:(355.1, 638.0)(360.3, 638.0)(360.3, 673.7)(355.1, 673.7);SD
Module:M11
Boundary:(156.1, 861.1)(156.1, 940.7)(156.0, 940.7)(156.0, 956.3)(20.0, 956.3)(20.0, 861.1);GATE
Port:(20.0, 873.6)(24.6, 873.6)(24.6, 943.8)(20.0, 943.8);SD
Port:(156.1, 861.1)(156.1, 940.7)(156.0, 940.7)(156.0, 956.3)(26.6, 956.3)(26.6, 861.1);GATE
Port:(145.8, 866.5)(151.7, 866.5)(151.7, 935.3)(145.8, 935.3);SD
Module:M1
Boundary:(30.0, 691.5)(99.0, 691.5)(99.0, 811.1)(30.0, 811.1);GATE
Port:(44.0, 806.5)(85.0, 806.5)(85.0, 811.1)(44.0, 811.1);SD
Port:(30.0, 691.5)(99.0, 691.5)(99.0, 804.3)(30.0, 804.3);GATE
Port:(35.1, 695.6)(93.9, 695.6)(93.9, 702.6)(35.1, 702.6);SD
Module:M6
Boundary:(364.8, 184.1)(364.8, 230.0)(284.3, 230.0)(284.3, 243.0)(141.3, 243.0)(141.3, 184.1);GATE
Port:(141.3, 196.1)(146.1, 196.1)(146.1, 231.0)(141.3, 231.0);SD
Port:(364.8, 184.1)(364.8, 230.0)(284.3, 230.0)(284.3, 243.0)(147.4, 243.0)(147.4, 184.1);GATE
Port:(354.4, 189.3)(360.6, 189.3)(360.6, 223.8)(354.4, 223.8);SD
Module:M2
Boundary:(141.3, 20.0)(249.9, 20.0)(249.9, 29.8)(266.7, 29.8)(266.7, 144.1)(141.3, 144.1);GATE
Port:(155.6, 139.8)(252.4, 139.8)(252.4, 144.1)(155.6, 144.1);SD
Port:(141.3, 20.0)(249.9, 20.0)(249.9, 29.8)(266.7, 29.8)(266.7, 137.6)(141.3, 137.6);GATE
Port:(147.9, 25.6)(242.3, 25.6)(242.3, 31.2)(147.9, 31.2);SD
Module:M16
Boundary:(20.0, 518.5)(132.6, 518.5)(132.6, 566.2)(149.6, 566.2)(149.6, 641.5)(20.0, 641.5);GATE
Port:(35.9, 636.8)(133.7, 636.8)(133.7, 641.5)(35.9, 641.5);SD
Port:(20.0, 518.5)(132.6, 518.5)(132.6, 566.2)(149.6, 566.2)(149.6, 634.7)(20.0, 634.7);GATE
Port:(26.9, 524.4)(124.7, 524.4)(124.7, 531.5)(26.9, 531.5);SD
Module:M13
Boundary:(20.0, 236.6)(54.6, 236.6)(54.6, 236.7)(70.5, 236.7)(70.5, 353.8)(20.0, 353.8);GATE
Port:(33.6, 348.7)(56.9, 348.7)(56.9, 353.8)(33.6, 353.8);SD
Port:(20.0, 236.6)(54.6, 236.6)(54.6, 236.7)(70.5, 236.7)(70.5, 347.6)(20.0, 347.6);GATE
Port:(26.7, 242.3)(47.9, 242.3)(47.9, 248.1)(26.7, 248.1);SD
Module:M10
Boundary:(186.8, 407.8)(186.8, 461.3)(101.2, 461.3)(101.2, 478.5)(20.0, 478.5)(20.0, 407.8);GATE
Port:(20.0, 421.0)(25.4, 421.0)(25.4, 465.3)(20.0, 465.3);SD
Port:(186.8, 407.8)(186.8, 461.3)(101.2, 461.3)(101.2, 478.5)(27.6, 478.5)(27.6, 407.8);GATE
Port:(176.6, 413.3)(182.3, 413.3)(182.3, 454.8)(176.6, 454.8);SD
Module:M7
Boundary:(374.8, 283.0)(374.8, 347.4)(246.4, 347.4)(246.4, 283.0);GATE
Port:(246.4, 296.1)(251.1, 296.1)(251.1, 334.3)(246.4, 334.3);SD
Port:(374.8, 283.0)(374.8, 347.4)(253.8, 347.4)(253.8, 283.0);GATE
Port:(363.8, 290.0)(368.8, 290.0)(368.8, 340.4)(363.8, 340.4);SD
Module:M3
Boundary:(206.4, 283.0)(206.4, 367.8)(110.5, 367.8)(110.5, 283.0);GATE
Port:(110.5, 296.4)(115.7, 296.4)(115.7, 354.4)(110.5, 354.4);SD
Port:(206.4, 283.0)(206.4, 367.8)(117.4, 367.8)(117.4, 283.0);GATE
Port:(196.2, 288.3)(202.1, 288.3)(202.1, 362.5)(196.2, 362.5);SD
Module:M15
Boundary:(358.8, 848.7)(358.8, 948.8)(196.1, 948.8)(196.1, 848.7);GATE
Port:(196.1, 861.6)(201.1, 861.6)(201.1, 935.9)(196.1, 935.9);SD
Port:(358.8, 848.7)(358.8, 948.8)(202.8, 948.8)(202.8, 848.7);GATE
Port:(348.7, 855.0)(353.5, 855.0)(353.5, 942.5)(348.7, 942.5);SD
Module:M12
Boundary:(364.2, 387.4)(364.2, 436.8)(307.9, 436.8)(307.9, 450.3)(246.4, 450.3)(246.4, 387.4);GATE
Port:(246.4, 400.9)(250.5, 400.9)(250.5, 436.8)(246.4, 436.8);SD
Port:(364.2, 387.4)(364.2, 436.8)(307.9, 436.8)(307.9, 450.3)(251.9, 450.3)(251.9, 387.4);GATE
Port:(352.8, 393.8)(358.8, 393.8)(358.8, 429.4)(352.8, 429.4);SD
Module:M8
Boundary:(306.7, 20.0)(358.8, 20.0)(358.8, 62.9)(373.9, 62.9)(373.9, 117.1)(306.7, 117.1);GATE
Port:(320.9, 111.5)(359.7, 111.5)(359.7, 117.1)(320.9, 117.1);SD
Port:(306.7, 20.0)(358.8, 20.0)(358.8, 62.9)(373.9, 62.9)(373.9, 109.1)(306.7, 109.1);GATE
Port:(312.7, 25.0)(351.8, 25.0)(351.8, 31.1)(312.7, 31.1);SD
Module:M4
Boundary:(367.4, 490.3)(367.4, 575.5)(310.0, 575.5)(310.0, 591.3)(226.8, 591.3)(226.8, 490.3);GATE
Port:(226.8, 503.9)(232.5, 503.9)(232.5, 577.7)(226.8, 577.7);SD
Port:(367.4, 490.3)(367.4, 575.5)(310.0, 575.5)(310.0, 591.3)(234.2, 591.3)(234.2, 490.3);GATE
Port:(357.2, 496.1)(362.6, 496.1)(362.6, 568.7)(357.2, 568.7);SD
