Area:(-20.0, -20.0)(983.6, -20.0)(983.6, 285.8)(-20.0, 285.8)
Rule:GATE(5,5);SD(5,5);GATE_SD(0.5);GATE_ITO(0.5);SD_ITO(0.5)
Module:M9
Boundary:(375.0, 20.0)(375.0, 93.5)(374.7, 93.5)(374.7, 108.1)(279.8, 108.1)(279.8, 20.0);GATE
Port:(279.8, 31.3)(285.1, 31.3)(285.1, 96.8)(279.8, 96.8);SD
Port:(375.0, 20.0)(375.0, 93.5)(374.7, 93.5)(374.7, 108.1)(287.4, 108.1)(287.4, 20.0);GATE
Port:(365.6, 25.0)(371.0, 25.0)(371.0, 88.5)(365.6, 88.5);SD
Module:M5
Boundary:(424.5, 158.1)(424.5, 221.7)(424.5, 221.7)(424.5, 237.1)(289.8, 237.1)(289.8, 158.1);GATE
Port:(289.8, 170.5)(294.0, 170.5)(294.0, 224.7)(289.8, 224.7);SD
Port:(424.5, 158.1)(424.5, 221.7)(424.5, 221.7)(424.5, 237.1)(296.8, 237.1)(296.8, 158.1);GATE
Port:(414.0, 163.1)(420.5, 163.1)(420.5, 216.7)(414.0, 216.7);SD
Module:M1
Boundary:(568.2, 127.3)(568.2, 224.2)(567.7, 224.2)(567.7, 243.2)(474.5, 243.2)(474.5, 127.3);GATE
Port:(474.5, 143.4)(480.4, 143.4)(480.4, 227.1)(474.5, 227.1);SD
Port:(568.2, 127.3)(568.2, 224.2)(567.7, 224.2)(567.7, 243.2)(481.7, 243.2)(481.7, 127.3);GATE
Port:(555.5, 133.8)(562.7, 133.8)(562.7, 217.7)(555.5, 217.7);SD
Module:M6
Boundary:(239.8, 20.0)(239.8, 103.9)(142.5, 103.9)(142.5, 119.8)(20.0, 119.8)(20.0, 20.0);GATE
Port:(20.0, 32.2)(25.5, 32.2)(25.5, 107.6)(20.0, 107.6);SD
Port:(239.8, 20.0)(239.8, 103.9)(142.5, 103.9)(142.5, 119.8)(28.4, 119.8)(28.4, 20.0);GATE
Port:(230.3, 25.4)(235.4, 25.4)(235.4, 97.5)(230.3, 97.5);SD
Module:M2
Boundary:(943.6, 180.8)(943.6, 229.7)(902.4, 229.7)(902.4, 245.3)(785.1, 245.3)(785.1, 180.8);GATE
Port:(785.1, 192.9)(790.1, 192.9)(790.1, 233.2)(785.1, 233.2);SD
Port:(943.6, 180.8)(943.6, 229.7)(902.4, 229.7)(902.4, 245.3)(791.2, 245.3)(791.2, 180.8);GATE
Port:(934.4, 186.1)(939.3, 186.1)(939.3, 223.4)(934.4, 223.4);SD
Module:M10
Boundary:(214.6, 169.8)(214.6, 220.1)(182.8, 220.1)(182.8, 235.2)(30.0, 235.2)(30.0, 169.8);GATE
Port:(30.0, 182.4)(35.2, 182.4)(35.2, 222.6)(30.0, 222.6);SD
Port:(214.6, 169.8)(214.6, 220.1)(182.8, 220.1)(182.8, 235.2)(37.7, 235.2)(37.7, 169.8);GATE
Port:(204.0, 175.7)(209.7, 175.7)(209.7, 213.2)(204.0, 213.2);SD
Module:M7
Boundary:(643.3, 20.0)(643.3, 87.3)(415.0, 87.3)(415.0, 20.0);GATE
Port:(415.0, 32.9)(419.9, 32.9)(419.9, 74.4)(415.0, 74.4);SD
Port:(643.3, 20.0)(643.3, 87.3)(421.3, 87.3)(421.3, 20.0);GATE
Port:(632.8, 25.2)(639.1, 25.2)(639.1, 82.1)(632.8, 82.1);SD
Module:M3
Boundary:(745.1, 150.9)(745.1, 245.8)(608.2, 245.8)(608.2, 150.9);GATE
Port:(608.2, 164.1)(613.7, 164.1)(613.7, 232.6)(608.2, 232.6);SD
Port:(745.1, 150.9)(745.1, 245.8)(615.3, 245.8)(615.3, 150.9);GATE
Port:(734.0, 156.7)(740.3, 156.7)(740.3, 240.0)(734.0, 240.0);SD
Module:M8
Boundary:(785.6, 20.0)(785.6, 93.7)(762.5, 93.7)(762.5, 110.9)(683.3, 110.9)(683.3, 20.0);GATE
Port:(683.3, 34.2)(688.8, 34.2)(688.8, 96.7)(683.3, 96.7);SD
Port:(785.6, 20.0)(785.6, 93.7)(762.5, 93.7)(762.5, 110.9)(690.6, 110.9)(690.6, 20.0);GATE
Port:(774.3, 26.2)(780.4, 26.2)(780.4, 86.5)(774.3, 86.5);SD
Module:M4
Boundary:(825.6, 20.0)(919.7, 20.0)(919.7, 29.0)(936.9, 29.0)(936.9, 140.8)(825.6, 140.8);GATE
Port:(841.2, 136.5)(921.3, 136.5)(921.3, 140.8)(841.2, 140.8);SD
Port:(825.6, 20.0)(919.7, 20.0)(919.7, 29.0)(936.9, 29.0)(936.9, 133.6)(825.6, 133.6);GATE
Port:(831.9, 25.3)(912.4, 25.3)(912.4, 32.4)(831.9, 32.4);SD
