Area:(-20.0, 9.7)(837.5, 9.7)(837.5, 661.1)(-20.0, 661.1)
Rule:GATE(5,5);SD(5,5);GATE_SD(0.5);GATE_ITO(0.5);SD_ITO(0.5)
Module:M16
Boundary:(403.6, 51.8)(403.6, 163.3)(391.6, 163.3)(391.6, 178.8)(220.6, 178.8)(220.6, 51.8);GATE
Port:(220.6, 66.3)(230.6, 66.3)(230.6, 164.3)(220.6, 164.3);SD
Port:(403.6, 51.8)(403.6, 163.3)(391.6, 163.3)(391.6, 178.8)(235.6, 178.8)(235.6, 51.8);GATE
Port:(394.6, 61.8)(398.6, 61.8)(398.6, 148.8)(394.6, 148.8);SD
Module:M12
Boundary:(516.3, 203.2)(516.3, 91.7)(528.3, 91.7)(528.3, 76.2)(680.3, 76.2)(680.3, 203.2);GATE
Port:(670.3, 90.7)(680.3, 90.7)(680.3, 188.7)(670.3, 188.7);SD
Port:(516.3, 203.2)(516.3, 91.7)(528.3, 91.7)(528.3, 76.2)(665.3, 76.2)(665.3, 203.2);GATE
Port:(521.3, 106.2)(525.3, 106.2)(525.3, 193.2)(521.3, 193.2);SD
Module:M6
Boundary:(404.9, 51.7)(480.9, 51.7)(480.9, 59.7)(495.9, 59.7)(495.9, 179.7)(404.9, 179.7);GATE
Port:(419.4, 169.7)(481.4, 169.7)(481.4, 179.7)(419.4, 179.7);SD
Port:(404.9, 51.7)(480.9, 51.7)(480.9, 59.7)(495.9, 59.7)(495.9, 164.7)(404.9, 164.7);GATE
Port:(414.9, 56.7)(465.9, 56.7)(465.9, 60.7)(414.9, 60.7);SD
Module:M4
Boundary:(171.9, 62.6)(171.9, 192.1)(157.9, 192.1)(157.9, 207.6)(28.9, 207.6)(28.9, 62.6);GATE
Port:(28.9, 77.1)(38.9, 77.1)(38.9, 193.1)(28.9, 193.1);SD
Port:(171.9, 62.6)(171.9, 192.1)(157.9, 192.1)(157.9, 207.6)(43.9, 207.6)(43.9, 62.6);GATE
Port:(162.9, 72.6)(166.9, 72.6)(166.9, 177.6)(162.9, 177.6);SD
Module:M9
Boundary:(779.8, 49.7)(779.8, 197.2)(763.8, 197.2)(763.8, 212.7)(712.8, 212.7)(712.8, 49.7);GATE
Port:(712.8, 64.2)(722.8, 64.2)(722.8, 198.2)(712.8, 198.2);SD
Port:(779.8, 49.7)(779.8, 197.2)(763.8, 197.2)(763.8, 212.7)(727.8, 212.7)(727.8, 49.7);GATE
Port:(770.8, 59.7)(774.8, 59.7)(774.8, 182.7)(770.8, 182.7);SD
Module:M2
Boundary:(351.2, 189.7)(239.7, 189.7)(239.7, 201.7)(224.2, 201.7)(224.2, 278.7)(351.2, 278.7);GATE
Port:(238.7, 268.7)(336.7, 268.7)(336.7, 278.7)(238.7, 278.7);SD
Port:(351.2, 189.7)(239.7, 189.7)(239.7, 201.7)(224.2, 201.7)(224.2, 263.7)(351.2, 263.7);GATE
Port:(254.2, 194.7)(341.2, 194.7)(341.2, 198.7)(254.2, 198.7);SD
Module:M15
Boundary:(20.0, 213.9)(20.0, 289.9)(28.0, 289.9)(28.0, 304.9)(176.0, 304.9)(176.0, 213.9);GATE
Port:(166.0, 228.4)(176.0, 228.4)(176.0, 290.4)(166.0, 290.4);SD
Port:(20.0, 213.9)(20.0, 289.9)(28.0, 289.9)(28.0, 304.9)(161.0, 304.9)(161.0, 213.9);GATE
Port:(25.0, 223.9)(29.0, 223.9)(29.0, 274.9)(25.0, 274.9);SD
Module:M5
Boundary:(483.8, 187.3)(390.3, 187.3)(390.3, 197.3)(374.8, 197.3)(374.8, 341.3)(483.8, 341.3);GATE
Port:(389.3, 331.3)(469.3, 331.3)(469.3, 341.3)(389.3, 341.3);SD
Port:(483.8, 187.3)(390.3, 187.3)(390.3, 197.3)(374.8, 197.3)(374.8, 326.3)(483.8, 326.3);GATE
Port:(404.8, 192.3)(473.8, 192.3)(473.8, 196.3)(404.8, 196.3);SD
Module:M14
Boundary:(646.7, 234.7)(553.2, 234.7)(553.2, 349.3)(483.7, 349.3)(483.7, 413.7)(646.7, 413.7);GATE
Port:(498.2, 403.7)(632.2, 403.7)(632.2, 413.7)(498.2, 413.7);SD
Port:(646.7, 234.7)(553.2, 234.7)(553.2, 349.3)(483.7, 349.3)(483.7, 398.7)(646.7, 398.7);GATE
Port:(567.7, 239.7)(636.7, 239.7)(636.7, 243.7)(567.7, 243.7);SD
Module:M7
Boundary:(797.5, 404.0)(724.5, 404.0)(724.5, 235.0)(797.5, 235.0);GATE
Port:(739.0, 235.0)(783.0, 235.0)(783.0, 245.0)(739.0, 245.0);SD
Port:(797.5, 404.0)(724.5, 404.0)(724.5, 250.0)(797.5, 250.0);GATE
Port:(734.5, 395.0)(787.5, 395.0)(787.5, 399.0)(734.5, 399.0);SD
Module:M3
Boundary:(93.0, 446.0)(20.0, 446.0)(20.0, 322.0)(93.0, 322.0);GATE
Port:(34.5, 322.0)(78.5, 322.0)(78.5, 332.0)(34.5, 332.0);SD
Port:(93.0, 446.0)(20.0, 446.0)(20.0, 337.0)(93.0, 337.0);GATE
Port:(30.0, 437.0)(83.0, 437.0)(83.0, 441.0)(30.0, 441.0);SD
Module:M11
Boundary:(465.8, 470.9)(465.8, 377.4)(414.0, 377.4)(414.0, 343.9)(342.8, 343.9)(342.8, 470.9);GATE
Port:(342.8, 358.4)(352.8, 358.4)(352.8, 456.4)(342.8, 456.4);SD
Port:(465.8, 470.9)(465.8, 377.4)(414.0, 377.4)(414.0, 343.9)(357.8, 343.9)(357.8, 470.9);GATE
Port:(456.8, 391.9)(460.8, 391.9)(460.8, 460.9)(456.8, 460.9);SD
Module:M1
Boundary:(311.8, 346.0)(311.8, 475.5)(224.0, 475.5)(224.0, 617.0)(167.8, 617.0)(167.8, 346.0);GATE
Port:(167.8, 360.5)(177.8, 360.5)(177.8, 602.5)(167.8, 602.5);SD
Port:(311.8, 346.0)(311.8, 475.5)(224.0, 475.5)(224.0, 617.0)(182.8, 617.0)(182.8, 346.0);GATE
Port:(302.8, 356.0)(306.8, 356.0)(306.8, 461.0)(302.8, 461.0);SD
Module:M8
Boundary:(20.0, 582.2)(93.0, 582.2)(93.0, 462.2)(20.0, 462.2);GATE
Port:(34.5, 462.2)(78.5, 462.2)(78.5, 472.2)(34.5, 472.2);SD
Port:(20.0, 582.2)(93.0, 582.2)(93.0, 477.2)(20.0, 477.2);GATE
Port:(30.0, 573.2)(83.0, 573.2)(83.0, 577.2)(30.0, 577.2);SD
Module:M13
Boundary:(340.1, 604.8)(340.1, 531.8)(454.1, 531.8)(454.1, 604.8);GATE
Port:(444.1, 546.3)(454.1, 546.3)(454.1, 590.3)(444.1, 590.3);SD
Port:(340.1, 604.8)(340.1, 531.8)(439.1, 531.8)(439.1, 604.8);GATE
Port:(345.1, 541.8)(349.1, 541.8)(349.1, 594.8)(345.1, 594.8);SD
Module:M10
Boundary:(791.7, 427.1)(680.2, 427.1)(680.2, 565.3)(466.7, 565.3)(466.7, 621.1)(791.7, 621.1);GATE
Port:(481.2, 611.1)(777.2, 611.1)(777.2, 621.1)(481.2, 621.1);SD
Port:(791.7, 427.1)(680.2, 427.1)(680.2, 565.3)(466.7, 565.3)(466.7, 606.1)(791.7, 606.1);GATE
Port:(694.7, 432.1)(781.7, 432.1)(781.7, 436.1)(694.7, 436.1);SD
