Area:(-20.0, 21.6)(464.6, 21.6)(464.6, 1401.7)(-20.0, 1401.7)
Rule:GATE(5,5);SD(5,5);GATE_SD(0.5);GATE_ITO(0.5);SD_ITO(0.5)
Module:M4
Boundary:(146.0, 141.9)(52.8, 141.9)(52.8, 110.2)(39.0, 110.2)(39.0, 63.1)(146.0, 63.1);GATE
Port:(52.0, 63.1)(133.0, 63.1)(133.0, 69.1)(52.0, 69.1);SD
Port:(146.0, 141.9)(52.8, 141.9)(52.8, 110.2)(39.0, 110.2)(39.0, 71.3)(146.0, 71.3);GATE
Port:(60.7, 130.6)(139.1, 130.6)(139.1, 136.0)(60.7, 136.0);SD
Module:M6
Boundary:(267.9, 151.4)(267.9, 75.8)(236.8, 75.8)(236.8, 62.4)(167.5, 62.4)(167.5, 151.4);GATE
Port:(167.5, 74.1)(172.1, 74.1)(172.1, 139.7)(167.5, 139.7);SD
Port:(267.9, 151.4)(267.9, 75.8)(236.8, 75.8)(236.8, 62.4)(173.3, 62.4)(173.3, 151.4);GATE
Port:(257.9, 83.5)(262.2, 83.5)(262.2, 144.7)(257.9, 144.7);SD
Module:M17
Boundary:(390.6, 151.5)(390.6, 76.1)(390.4, 76.1)(390.4, 61.6)(279.6, 61.6)(279.6, 151.5);GATE
Port:(279.6, 73.9)(284.2, 73.9)(284.2, 139.2)(279.6, 139.2);SD
Port:(390.6, 151.5)(390.6, 76.1)(390.4, 76.1)(390.4, 61.6)(285.5, 61.6)(285.5, 151.5);GATE
Port:(380.1, 81.9)(385.8, 81.9)(385.8, 145.7)(380.1, 145.7);SD
Module:M11
Boundary:(350.7, 169.3)(350.7, 218.8)(350.5, 218.8)(350.5, 234.0)(139.9, 234.0)(139.9, 169.3);GATE
Port:(139.9, 183.2)(144.4, 183.2)(144.4, 220.1)(139.9, 220.1);SD
Port:(350.7, 169.3)(350.7, 218.8)(350.5, 218.8)(350.5, 234.0)(147.3, 234.0)(147.3, 169.3);GATE
Port:(339.6, 175.4)(345.6, 175.4)(345.6, 212.7)(339.6, 212.7);SD
Module:M20
Boundary:(55.5, 188.6)(129.5, 188.6)(129.5, 250.4)(142.5, 250.4)(142.5, 317.9)(55.5, 317.9);GATE
Port:(67.9, 312.5)(130.1, 312.5)(130.1, 317.9)(67.9, 317.9);SD
Port:(55.5, 188.6)(129.5, 188.6)(129.5, 250.4)(142.5, 250.4)(142.5, 309.7)(55.5, 309.7);GATE
Port:(61.4, 193.5)(122.6, 193.5)(122.6, 199.4)(61.4, 199.4);SD
Module:M18
Boundary:(262.7, 318.3)(262.7, 273.8)(223.3, 273.8)(223.3, 261.2)(162.7, 261.2)(162.7, 318.3);GATE
Port:(162.7, 272.7)(167.1, 272.7)(167.1, 306.8)(162.7, 306.8);SD
Port:(262.7, 318.3)(262.7, 273.8)(223.3, 273.8)(223.3, 261.2)(168.5, 261.2)(168.5, 318.3);GATE
Port:(253.0, 280.3)(258.2, 280.3)(258.2, 312.8)(253.0, 312.8);SD
Module:M1
Boundary:(270.4, 285.4)(270.4, 406.0)(413.3, 406.0)(413.3, 285.4);GATE
Port:(409.0, 298.3)(413.3, 298.3)(413.3, 393.1)(409.0, 393.1);SD
Port:(270.4, 285.4)(270.4, 406.0)(406.9, 406.0)(406.9, 285.4);GATE
Port:(274.6, 290.6)(280.8, 290.6)(280.8, 400.8)(274.6, 400.8);SD
Module:M15
Boundary:(145.9, 341.0)(145.9, 399.7)(145.9, 399.7)(145.9, 413.7)(54.2, 413.7)(54.2, 341.0);GATE
Port:(54.2, 353.2)(60.1, 353.2)(60.1, 401.5)(54.2, 401.5);SD
Port:(145.9, 341.0)(145.9, 399.7)(145.9, 399.7)(145.9, 413.7)(61.2, 413.7)(61.2, 341.0);GATE
Port:(135.8, 346.8)(141.1, 346.8)(141.1, 393.9)(135.8, 393.9);SD
Module:M2
Boundary:(229.3, 357.3)(166.1, 357.3)(166.1, 398.8)(151.7, 398.8)(151.7, 450.9)(229.3, 450.9);GATE
Port:(164.1, 445.2)(216.9, 445.2)(216.9, 450.9)(164.1, 450.9);SD
Port:(229.3, 357.3)(166.1, 357.3)(166.1, 398.8)(151.7, 398.8)(151.7, 443.1)(229.3, 443.1);GATE
Port:(172.6, 361.8)(223.8, 361.8)(223.8, 367.2)(172.6, 367.2);SD
Module:M10
Boundary:(405.7, 559.8)(405.7, 460.4)(377.0, 460.4)(377.0, 445.4)(239.2, 445.4)(239.2, 559.8);GATE
Port:(239.2, 458.9)(244.6, 458.9)(244.6, 546.3)(239.2, 546.3);SD
Port:(405.7, 559.8)(405.7, 460.4)(377.0, 460.4)(377.0, 445.4)(246.8, 445.4)(246.8, 559.8);GATE
Port:(394.2, 467.2)(400.9, 467.2)(400.9, 554.0)(394.2, 554.0);SD
Module:M7
Boundary:(229.7, 625.9)(229.7, 576.1)(424.6, 576.1)(424.6, 625.9);GATE
Port:(419.1, 590.2)(424.6, 590.2)(424.6, 611.8)(419.1, 611.8);SD
Port:(229.7, 625.9)(229.7, 576.1)(417.7, 576.1)(417.7, 625.9);GATE
Port:(235.5, 582.9)(242.0, 582.9)(242.0, 619.1)(235.5, 619.1);SD
Module:M5
Boundary:(62.4, 420.8)(114.5, 420.8)(114.5, 421.1)(132.2, 421.1)(132.2, 622.6)(62.4, 622.6);GATE
Port:(76.0, 618.4)(118.6, 618.4)(118.6, 622.6)(76.0, 622.6);SD
Port:(62.4, 420.8)(114.5, 420.8)(114.5, 421.1)(132.2, 421.1)(132.2, 615.7)(62.4, 615.7);GATE
Port:(68.0, 425.4)(108.9, 425.4)(108.9, 431.1)(68.0, 431.1);SD
Module:M24
Boundary:(144.9, 511.5)(208.0, 511.5)(208.0, 581.7)(221.4, 581.7)(221.4, 653.0)(144.9, 653.0);GATE
Port:(158.2, 647.5)(208.1, 647.5)(208.1, 653.0)(158.2, 653.0);SD
Port:(144.9, 511.5)(208.0, 511.5)(208.0, 581.7)(221.4, 581.7)(221.4, 646.2)(144.9, 646.2);GATE
Port:(150.7, 516.3)(201.2, 516.3)(201.2, 523.0)(150.7, 523.0);SD
Module:M25
Boundary:(320.1, 780.3)(320.1, 705.2)(319.9, 705.2)(319.9, 686.4)(171.4, 686.4)(171.4, 780.3);GATE
Port:(171.4, 701.2)(176.8, 701.2)(176.8, 765.5)(171.4, 765.5);SD
Port:(320.1, 780.3)(320.1, 705.2)(319.9, 705.2)(319.9, 686.4)(179.0, 686.4)(179.0, 780.3);GATE
Port:(308.7, 711.7)(314.6, 711.7)(314.6, 773.8)(308.7, 773.8);SD
Module:M8
Boundary:(20.0, 670.0)(127.5, 670.0)(127.5, 724.5)(143.8, 724.5)(143.8, 787.7)(20.0, 787.7);GATE
Port:(35.3, 782.3)(128.5, 782.3)(128.5, 787.7)(35.3, 787.7);SD
Port:(20.0, 670.0)(127.5, 670.0)(127.5, 724.5)(143.8, 724.5)(143.8, 780.8)(20.0, 780.8);GATE
Port:(26.5, 675.5)(120.0, 675.5)(120.0, 682.4)(26.5, 682.4);SD
Module:M9
Boundary:(411.9, 855.9)(348.6, 855.9)(348.6, 668.7)(411.9, 668.7);GATE
Port:(362.5, 668.7)(398.0, 668.7)(398.0, 673.9)(362.5, 673.9);SD
Port:(411.9, 855.9)(348.6, 855.9)(348.6, 675.7)(411.9, 675.7);GATE
Port:(354.3, 843.8)(406.2, 843.8)(406.2, 851.2)(354.3, 851.2);SD
Module:M23
Boundary:(168.0, 887.8)(168.0, 826.5)(167.8, 826.5)(167.8, 811.3)(46.5, 811.3)(46.5, 887.8);GATE
Port:(46.5, 823.3)(51.7, 823.3)(51.7, 875.8)(46.5, 875.8);SD
Port:(168.0, 887.8)(168.0, 826.5)(167.8, 826.5)(167.8, 811.3)(53.1, 811.3)(53.1, 887.8);GATE
Port:(157.8, 831.8)(163.7, 831.8)(163.7, 882.5)(157.8, 882.5);SD
Module:M12
Boundary:(413.9, 884.4)(316.2, 884.4)(316.2, 903.5)(301.4, 903.5)(301.4, 972.4)(413.9, 972.4);GATE
Port:(314.8, 968.2)(400.5, 968.2)(400.5, 972.4)(314.8, 972.4);SD
Port:(413.9, 884.4)(316.2, 884.4)(316.2, 903.5)(301.4, 903.5)(301.4, 967.1)(413.9, 967.1);GATE
Port:(322.4, 888.6)(408.7, 888.6)(408.7, 895.3)(322.4, 895.3);SD
Module:M3
Boundary:(285.8, 789.6)(190.3, 789.6)(190.3, 1013.7)(285.8, 1013.7);GATE
Port:(204.2, 1009.2)(271.9, 1009.2)(271.9, 1013.7)(204.2, 1013.7);SD
Port:(285.8, 789.6)(190.3, 789.6)(190.3, 1007.8)(285.8, 1007.8);GATE
Port:(196.1, 794.4)(280.0, 794.4)(280.0, 801.0)(196.1, 801.0);SD
Module:M13
Boundary:(408.7, 1097.4)(408.7, 1008.6)(408.5, 1008.6)(408.5, 990.6)(293.7, 990.6)(293.7, 1097.4);GATE
Port:(293.7, 1004.1)(298.3, 1004.1)(298.3, 1083.9)(293.7, 1083.9);SD
Port:(408.7, 1097.4)(408.7, 1008.6)(408.5, 1008.6)(408.5, 990.6)(300.5, 990.6)(300.5, 1097.4);GATE
Port:(398.0, 1013.8)(404.5, 1013.8)(404.5, 1092.2)(398.0, 1092.2);SD
Module:M22
Boundary:(37.4, 902.4)(129.5, 902.4)(129.5, 934.7)(146.0, 934.7)(146.0, 1088.3)(37.4, 1088.3);GATE
Port:(53.2, 1083.3)(130.2, 1083.3)(130.2, 1088.3)(53.2, 1088.3);SD
Port:(37.4, 902.4)(129.5, 902.4)(129.5, 934.7)(146.0, 934.7)(146.0, 1080.4)(37.4, 1080.4);GATE
Port:(43.9, 907.9)(122.0, 907.9)(122.0, 915.4)(43.9, 915.4);SD
Module:M14
Boundary:(187.7, 1046.0)(275.0, 1046.0)(275.0, 1107.6)(291.2, 1107.6)(291.2, 1225.1)(187.7, 1225.1);GATE
Port:(201.9, 1219.8)(277.0, 1219.8)(277.0, 1225.1)(201.9, 1225.1);SD
Port:(187.7, 1046.0)(275.0, 1046.0)(275.0, 1107.6)(291.2, 1107.6)(291.2, 1218.6)(187.7, 1218.6);GATE
Port:(193.2, 1050.5)(268.5, 1050.5)(268.5, 1057.0)(193.2, 1057.0);SD
Module:M19
Boundary:(407.9, 1219.3)(407.9, 1150.3)(407.7, 1150.3)(407.7, 1133.2)(301.3, 1133.2)(301.3, 1219.3);GATE
Port:(301.3, 1147.0)(306.4, 1147.0)(306.4, 1205.5)(301.3, 1205.5);SD
Port:(407.9, 1219.3)(407.9, 1150.3)(407.7, 1150.3)(407.7, 1133.2)(309.3, 1133.2)(309.3, 1219.3);GATE
Port:(397.5, 1155.7)(403.5, 1155.7)(403.5, 1213.9)(397.5, 1213.9);SD
Module:M16
Boundary:(151.4, 1166.9)(60.8, 1166.9)(60.8, 1253.0)(47.2, 1253.0)(47.2, 1361.7)(151.4, 1361.7);GATE
Port:(59.4, 1357.0)(139.2, 1357.0)(139.2, 1361.7)(59.4, 1361.7);SD
Port:(151.4, 1166.9)(60.8, 1166.9)(60.8, 1253.0)(47.2, 1253.0)(47.2, 1355.7)(151.4, 1355.7);GATE
Port:(67.1, 1171.2)(146.1, 1171.2)(146.1, 1176.8)(67.1, 1176.8);SD
Module:M21
Boundary:(178.2, 1349.0)(178.2, 1274.5)(389.4, 1274.5)(389.4, 1349.0);GATE
Port:(385.1, 1286.5)(389.4, 1286.5)(389.4, 1337.0)(385.1, 1337.0);SD
Port:(178.2, 1349.0)(178.2, 1274.5)(383.3, 1274.5)(383.3, 1349.0);GATE
Port:(182.7, 1280.0)(187.9, 1280.0)(187.9, 1343.5)(182.7, 1343.5);SD
