Area:(-18.2, -20.0)(854.7, -20.0)(854.7, 683.0)(-18.2, 683.0)
Rule:GATE(5,5);SD(5,5);GATE_SD(0.5);GATE_ITO(0.5);SD_ITO(0.5)
Module:M13
Boundary:(637.0, 174.3)(637.0, 62.8)(625.0, 62.8)(625.0, 47.3)(521.0, 47.3)(521.0, 174.3);GATE
Port:(521.0, 61.8)(531.0, 61.8)(531.0, 159.8)(521.0, 159.8);SD
Port:(637.0, 174.3)(637.0, 62.8)(625.0, 62.8)(625.0, 47.3)(536.0, 47.3)(536.0, 174.3);GATE
Port:(628.0, 77.3)(632.0, 77.3)(632.0, 164.3)(628.0, 164.3);SD
Module:M15
Boundary:(643.7, 186.7)(643.7, 57.2)(657.7, 57.2)(657.7, 41.7)(784.7, 41.7)(784.7, 186.7);GATE
Port:(774.7, 56.2)(784.7, 56.2)(784.7, 172.2)(774.7, 172.2);SD
Port:(643.7, 186.7)(643.7, 57.2)(657.7, 57.2)(657.7, 41.7)(769.7, 41.7)(769.7, 186.7);GATE
Port:(648.7, 71.7)(652.7, 71.7)(652.7, 176.7)(648.7, 176.7);SD
Module:M6
Boundary:(73.7, 218.6)(149.2, 218.6)(149.2, 133.8)(272.7, 133.8)(272.7, 43.6)(73.7, 43.6);GATE
Port:(88.2, 43.6)(258.2, 43.6)(258.2, 53.6)(88.2, 53.6);SD
Port:(73.7, 218.6)(149.2, 218.6)(149.2, 133.8)(272.7, 133.8)(272.7, 58.6)(73.7, 58.6);GATE
Port:(83.7, 209.6)(134.7, 209.6)(134.7, 213.6)(83.7, 213.6);SD
Module:M8
Boundary:(475.7, 227.8)(402.7, 227.8)(402.7, 50.8)(475.7, 50.8);GATE
Port:(417.2, 50.8)(461.2, 50.8)(461.2, 60.8)(417.2, 60.8);SD
Port:(475.7, 227.8)(402.7, 227.8)(402.7, 65.8)(475.7, 65.8);GATE
Port:(412.7, 218.8)(465.7, 218.8)(465.7, 222.8)(412.7, 222.8);SD
Module:M17
Boundary:(394.4, 20.0)(394.4, 149.5)(362.6, 149.5)(362.6, 201.0)(285.4, 201.0)(285.4, 20.0);GATE
Port:(285.4, 34.5)(295.4, 34.5)(295.4, 186.5)(285.4, 186.5);SD
Port:(394.4, 20.0)(394.4, 149.5)(362.6, 149.5)(362.6, 201.0)(300.4, 201.0)(300.4, 20.0);GATE
Port:(385.4, 30.0)(389.4, 30.0)(389.4, 135.0)(385.4, 135.0);SD
Module:M14
Boundary:(539.0, 202.0)(539.0, 295.5)(549.0, 295.5)(549.0, 311.0)(635.0, 311.0)(635.0, 202.0);GATE
Port:(625.0, 216.5)(635.0, 216.5)(635.0, 296.5)(625.0, 296.5);SD
Port:(539.0, 202.0)(539.0, 295.5)(549.0, 295.5)(549.0, 311.0)(620.0, 311.0)(620.0, 202.0);GATE
Port:(544.0, 212.0)(548.0, 212.0)(548.0, 281.0)(544.0, 281.0);SD
Module:M19
Boundary:(26.4, 316.2)(26.4, 243.2)(209.4, 243.2)(209.4, 316.2);GATE
Port:(199.4, 257.7)(209.4, 257.7)(209.4, 301.7)(199.4, 301.7);SD
Port:(26.4, 316.2)(26.4, 243.2)(194.4, 243.2)(194.4, 316.2);GATE
Port:(31.4, 253.2)(35.4, 253.2)(35.4, 306.2)(31.4, 306.2);SD
Module:M7
Boundary:(271.6, 263.4)(271.6, 336.4)(390.6, 336.4)(390.6, 263.4);GATE
Port:(380.6, 277.9)(390.6, 277.9)(390.6, 321.9)(380.6, 321.9);SD
Port:(271.6, 263.4)(271.6, 336.4)(375.6, 336.4)(375.6, 263.4);GATE
Port:(276.6, 273.4)(280.6, 273.4)(280.6, 326.4)(276.6, 326.4);SD
Module:M3
Boundary:(814.7, 205.0)(814.7, 352.5)(798.7, 352.5)(798.7, 368.0)(658.7, 368.0)(658.7, 205.0);GATE
Port:(658.7, 219.5)(668.7, 219.5)(668.7, 353.5)(658.7, 353.5);SD
Port:(814.7, 205.0)(814.7, 352.5)(798.7, 352.5)(798.7, 368.0)(673.7, 368.0)(673.7, 205.0);GATE
Port:(805.7, 215.0)(809.7, 215.0)(809.7, 338.0)(805.7, 338.0);SD
Module:M11
Boundary:(40.1, 348.0)(40.1, 421.0)(186.1, 421.0)(186.1, 348.0);GATE
Port:(176.1, 362.5)(186.1, 362.5)(186.1, 406.5)(176.1, 406.5);SD
Port:(40.1, 348.0)(40.1, 421.0)(171.1, 421.0)(171.1, 348.0);GATE
Port:(45.1, 358.0)(49.1, 358.0)(49.1, 411.0)(45.1, 411.0);SD
Module:M1
Boundary:(408.9, 344.8)(279.4, 344.8)(279.4, 370.9)(245.9, 370.9)(245.9, 412.8)(408.9, 412.8);GATE
Port:(260.4, 402.8)(394.4, 402.8)(394.4, 412.8)(260.4, 412.8);SD
Port:(408.9, 344.8)(279.4, 344.8)(279.4, 370.9)(245.9, 370.9)(245.9, 397.8)(408.9, 397.8);GATE
Port:(293.9, 349.8)(398.9, 349.8)(398.9, 353.8)(293.9, 353.8);SD
Module:M5
Boundary:(409.0, 234.1)(485.0, 234.1)(485.0, 242.1)(500.0, 242.1)(500.0, 424.1)(409.0, 424.1);GATE
Port:(423.5, 414.1)(485.5, 414.1)(485.5, 424.1)(423.5, 424.1);SD
Port:(409.0, 234.1)(485.0, 234.1)(485.0, 242.1)(500.0, 242.1)(500.0, 409.1)(409.0, 409.1);GATE
Port:(419.0, 239.1)(470.0, 239.1)(470.0, 243.1)(419.0, 243.1);SD
Module:M9
Boundary:(616.4, 335.8)(540.4, 335.8)(540.4, 343.8)(525.4, 343.8)(525.4, 430.8)(616.4, 430.8);GATE
Port:(539.9, 420.8)(601.9, 420.8)(601.9, 430.8)(539.9, 430.8);SD
Port:(616.4, 335.8)(540.4, 335.8)(540.4, 343.8)(525.4, 343.8)(525.4, 415.8)(616.4, 415.8);GATE
Port:(555.4, 340.8)(606.4, 340.8)(606.4, 344.8)(555.4, 344.8);SD
Module:M4
Boundary:(623.2, 379.6)(770.7, 379.6)(770.7, 395.6)(786.2, 395.6)(786.2, 459.6)(623.2, 459.6);GATE
Port:(637.7, 449.6)(771.7, 449.6)(771.7, 459.6)(637.7, 459.6);SD
Port:(623.2, 379.6)(770.7, 379.6)(770.7, 395.6)(786.2, 395.6)(786.2, 444.6)(623.2, 444.6);GATE
Port:(633.2, 384.6)(756.2, 384.6)(756.2, 388.6)(633.2, 388.6);SD
Module:M12
Boundary:(122.8, 437.5)(122.8, 510.5)(21.8, 510.5)(21.8, 437.5);GATE
Port:(21.8, 452.0)(31.8, 452.0)(31.8, 496.0)(21.8, 496.0);SD
Port:(122.8, 437.5)(122.8, 510.5)(36.8, 510.5)(36.8, 437.5);GATE
Port:(113.8, 447.5)(117.8, 447.5)(117.8, 500.5)(113.8, 500.5);SD
Module:M10
Boundary:(609.4, 471.0)(609.4, 564.5)(527.9, 564.5)(527.9, 634.0)(474.4, 634.0)(474.4, 471.0);GATE
Port:(474.4, 485.5)(484.4, 485.5)(484.4, 619.5)(474.4, 619.5);SD
Port:(609.4, 471.0)(609.4, 564.5)(527.9, 564.5)(527.9, 634.0)(489.4, 634.0)(489.4, 471.0);GATE
Port:(600.4, 481.0)(604.4, 481.0)(604.4, 550.0)(600.4, 550.0);SD
Module:M18
Boundary:(792.4, 526.3)(644.9, 526.3)(644.9, 542.3)(629.4, 542.3)(629.4, 639.3)(792.4, 639.3);GATE
Port:(643.9, 629.3)(777.9, 629.3)(777.9, 639.3)(643.9, 639.3);SD
Port:(792.4, 526.3)(644.9, 526.3)(644.9, 542.3)(629.4, 542.3)(629.4, 624.3)(792.4, 624.3);GATE
Port:(659.4, 531.3)(782.4, 531.3)(782.4, 535.3)(659.4, 535.3);SD
Module:M16
Boundary:(393.4, 626.7)(466.4, 626.7)(466.4, 451.7)(393.4, 451.7);GATE
Port:(407.9, 451.7)(451.9, 451.7)(451.9, 461.7)(407.9, 461.7);SD
Port:(393.4, 626.7)(466.4, 626.7)(466.4, 466.7)(393.4, 466.7);GATE
Port:(403.4, 617.7)(456.4, 617.7)(456.4, 621.7)(403.4, 621.7);SD
Module:M20
Boundary:(368.9, 643.0)(368.9, 531.5)(289.2, 531.5)(289.2, 462.0)(186.9, 462.0)(186.9, 643.0);GATE
Port:(186.9, 476.5)(196.9, 476.5)(196.9, 628.5)(186.9, 628.5);SD
Port:(368.9, 643.0)(368.9, 531.5)(289.2, 531.5)(289.2, 462.0)(201.9, 462.0)(201.9, 643.0);GATE
Port:(359.9, 546.0)(363.9, 546.0)(363.9, 633.0)(359.9, 633.0);SD
Module:M2
Boundary:(177.6, 567.6)(177.6, 640.6)(87.6, 640.6)(87.6, 567.6);GATE
Port:(87.6, 582.1)(97.6, 582.1)(97.6, 626.1)(87.6, 626.1);SD
Port:(177.6, 567.6)(177.6, 640.6)(102.6, 640.6)(102.6, 567.6);GATE
Port:(168.6, 577.6)(172.6, 577.6)(172.6, 630.6)(168.6, 630.6);SD
