Area:(-15.0, 0.2)(635.0, 0.2)(635.0, 935.0)(-15.0, 935.0)
Rule:GATE(5,5);SD(5,5);GATE_SD(0.5);GATE_ITO(0.5);SD_ITO(0.5)
Module:M3
Boundary:(417.0, 60.3)(417.0, 153.8)(407.0, 153.8)(407.0, 169.3)(357.0, 169.3)(357.0, 60.3);GATE
Port:(357.0, 74.8)(367.0, 74.8)(367.0, 154.8)(357.0, 154.8);SD
Port:(417.0, 60.3)(417.0, 153.8)(407.0, 153.8)(407.0, 169.3)(372.0, 169.3)(372.0, 60.3);GATE
Port:(408.0, 70.3)(412.0, 70.3)(412.0, 139.3)(408.0, 139.3);SD
Module:M14
Boundary:(423.5, 152.2)(535.0, 152.2)(535.0, 140.2)(550.5, 140.2)(550.5, 40.2)(423.5, 40.2);GATE
Port:(438.0, 40.2)(536.0, 40.2)(536.0, 50.2)(438.0, 50.2);SD
Port:(423.5, 152.2)(535.0, 152.2)(535.0, 140.2)(550.5, 140.2)(550.5, 55.2)(423.5, 55.2);GATE
Port:(433.5, 143.2)(520.5, 143.2)(520.5, 147.2)(433.5, 147.2);SD
Module:M6
Boundary:(220.8, 178.7)(296.8, 178.7)(296.8, 170.7)(311.8, 170.7)(311.8, 59.7)(220.8, 59.7);GATE
Port:(235.3, 59.7)(297.3, 59.7)(297.3, 69.7)(235.3, 69.7);SD
Port:(220.8, 178.7)(296.8, 178.7)(296.8, 170.7)(311.8, 170.7)(311.8, 74.7)(220.8, 74.7);GATE
Port:(230.8, 169.7)(281.8, 169.7)(281.8, 173.7)(230.8, 173.7);SD
Module:M9
Boundary:(206.0, 48.2)(130.5, 48.2)(130.5, 114.0)(25.0, 114.0)(25.0, 205.2)(206.0, 205.2);GATE
Port:(39.5, 195.2)(191.5, 195.2)(191.5, 205.2)(39.5, 205.2);SD
Port:(206.0, 48.2)(130.5, 48.2)(130.5, 114.0)(25.0, 114.0)(25.0, 190.2)(206.0, 190.2);GATE
Port:(145.0, 53.2)(196.0, 53.2)(196.0, 57.2)(145.0, 57.2);SD
Module:M7
Boundary:(383.6, 252.0)(383.6, 179.0)(214.6, 179.0)(214.6, 252.0);GATE
Port:(214.6, 193.5)(224.6, 193.5)(224.6, 237.5)(214.6, 237.5);SD
Port:(383.6, 252.0)(383.6, 179.0)(229.6, 179.0)(229.6, 252.0);GATE
Port:(374.6, 189.0)(378.6, 189.0)(378.6, 242.0)(374.6, 242.0);SD
Module:M16
Boundary:(28.1, 232.3)(139.7, 232.3)(139.7, 286.3)(191.2, 286.3)(191.2, 335.3)(28.1, 335.3);GATE
Port:(42.6, 325.3)(176.7, 325.3)(176.7, 335.3)(42.6, 335.3);SD
Port:(28.1, 232.3)(139.7, 232.3)(139.7, 286.3)(191.2, 286.3)(191.2, 320.3)(28.1, 320.3);GATE
Port:(38.1, 237.3)(125.2, 237.3)(125.2, 241.3)(38.1, 241.3);SD
Module:M2
Boundary:(385.1, 406.8)(237.6, 406.8)(237.6, 387.8)(222.1, 387.8)(222.1, 309.8)(385.1, 309.8);GATE
Port:(236.6, 309.8)(370.6, 309.8)(370.6, 319.8)(236.6, 319.8);SD
Port:(385.1, 406.8)(237.6, 406.8)(237.6, 387.8)(222.1, 387.8)(222.1, 324.8)(385.1, 324.8);GATE
Port:(252.1, 397.8)(375.1, 397.8)(375.1, 401.8)(252.1, 401.8);SD
Module:M18
Boundary:(157.5, 447.6)(230.5, 447.6)(230.5, 335.6)(157.5, 335.6);GATE
Port:(172.0, 335.6)(216.0, 335.6)(216.0, 345.6)(172.0, 345.6);SD
Port:(157.5, 447.6)(230.5, 447.6)(230.5, 350.6)(157.5, 350.6);GATE
Port:(167.5, 438.6)(220.5, 438.6)(220.5, 442.6)(167.5, 442.6);SD
Module:M13
Boundary:(595.0, 172.0)(595.0, 265.5)(507.3, 265.5)(507.3, 479.0)(450.0, 479.0)(450.0, 172.0);GATE
Port:(450.0, 186.5)(460.0, 186.5)(460.0, 464.5)(450.0, 464.5);SD
Port:(595.0, 172.0)(595.0, 265.5)(507.3, 265.5)(507.3, 479.0)(465.0, 479.0)(465.0, 172.0);GATE
Port:(586.0, 182.0)(590.0, 182.0)(590.0, 251.0)(586.0, 251.0);SD
Module:M5
Boundary:(259.9, 425.2)(389.4, 425.2)(389.4, 448.7)(422.9, 448.7)(422.9, 488.2)(259.9, 488.2);GATE
Port:(274.4, 478.2)(408.4, 478.2)(408.4, 488.2)(274.4, 488.2);SD
Port:(259.9, 425.2)(389.4, 425.2)(389.4, 448.7)(422.9, 448.7)(422.9, 473.2)(259.9, 473.2);GATE
Port:(269.9, 430.2)(374.9, 430.2)(374.9, 434.2)(269.9, 434.2);SD
Module:M1
Boundary:(156.4, 348.0)(83.4, 348.0)(83.4, 501.0)(156.4, 501.0);GATE
Port:(97.9, 491.0)(141.9, 491.0)(141.9, 501.0)(97.9, 501.0);SD
Port:(156.4, 348.0)(83.4, 348.0)(83.4, 486.0)(156.4, 486.0);GATE
Port:(93.4, 353.0)(146.4, 353.0)(146.4, 357.0)(93.4, 357.0);SD
Module:M10
Boundary:(356.5, 504.8)(356.5, 598.3)(346.5, 598.3)(346.5, 613.8)(223.5, 613.8)(223.5, 504.8);GATE
Port:(223.5, 519.3)(233.5, 519.3)(233.5, 599.3)(223.5, 599.3);SD
Port:(356.5, 504.8)(356.5, 598.3)(346.5, 598.3)(346.5, 613.8)(238.5, 613.8)(238.5, 504.8);GATE
Port:(347.5, 514.8)(351.5, 514.8)(351.5, 583.8)(347.5, 583.8);SD
Module:M4
Boundary:(536.7, 501.5)(536.7, 613.0)(524.7, 613.0)(524.7, 628.5)(356.7, 628.5)(356.7, 501.5);GATE
Port:(356.7, 516.0)(366.7, 516.0)(366.7, 614.0)(356.7, 614.0);SD
Port:(536.7, 501.5)(536.7, 613.0)(524.7, 613.0)(524.7, 628.5)(371.7, 628.5)(371.7, 501.5);GATE
Port:(527.7, 511.5)(531.7, 511.5)(531.7, 598.5)(527.7, 598.5);SD
Module:M11
Boundary:(223.0, 710.0)(75.5, 710.0)(75.5, 694.0)(60.0, 694.0)(60.0, 521.0)(223.0, 521.0);GATE
Port:(74.5, 521.0)(208.5, 521.0)(208.5, 531.0)(74.5, 531.0);SD
Port:(223.0, 710.0)(75.5, 710.0)(75.5, 694.0)(60.0, 694.0)(60.0, 536.0)(223.0, 536.0);GATE
Port:(90.0, 701.0)(213.0, 701.0)(213.0, 705.0)(90.0, 705.0);SD
Module:M20
Boundary:(321.9, 620.3)(321.9, 696.3)(313.9, 696.3)(313.9, 711.3)(251.9, 711.3)(251.9, 620.3);GATE
Port:(251.9, 634.8)(261.9, 634.8)(261.9, 696.8)(251.9, 696.8);SD
Port:(321.9, 620.3)(321.9, 696.3)(313.9, 696.3)(313.9, 711.3)(266.9, 711.3)(266.9, 620.3);GATE
Port:(312.9, 630.3)(316.9, 630.3)(316.9, 681.3)(312.9, 681.3);SD
Module:M17
Boundary:(425.2, 702.1)(425.2, 629.1)(322.2, 629.1)(322.2, 702.1);GATE
Port:(322.2, 643.6)(332.2, 643.6)(332.2, 687.6)(322.2, 687.6);SD
Port:(425.2, 702.1)(425.2, 629.1)(337.2, 629.1)(337.2, 702.1);GATE
Port:(416.2, 639.1)(420.2, 639.1)(420.2, 692.1)(416.2, 692.1);SD
Module:M19
Boundary:(205.1, 794.5)(281.1, 794.5)(281.1, 802.5)(296.1, 802.5)(296.1, 871.5)(205.1, 871.5);GATE
Port:(219.6, 861.5)(281.6, 861.5)(281.6, 871.5)(219.6, 871.5);SD
Port:(205.1, 794.5)(281.1, 794.5)(281.1, 802.5)(296.1, 802.5)(296.1, 856.5)(205.1, 856.5);GATE
Port:(215.1, 799.5)(266.1, 799.5)(266.1, 803.5)(215.1, 803.5);SD
Module:M8
Boundary:(189.5, 722.3)(189.5, 815.8)(179.5, 815.8)(179.5, 831.3)(53.5, 831.3)(53.5, 722.3);GATE
Port:(53.5, 736.8)(63.5, 736.8)(63.5, 816.8)(53.5, 816.8);SD
Port:(189.5, 722.3)(189.5, 815.8)(179.5, 815.8)(179.5, 831.3)(68.5, 831.3)(68.5, 722.3);GATE
Port:(180.5, 732.3)(184.5, 732.3)(184.5, 801.3)(180.5, 801.3);SD
Module:M12
Boundary:(567.4, 651.7)(567.4, 781.2)(493.9, 781.2)(493.9, 850.7)(444.4, 850.7)(444.4, 651.7);GATE
Port:(444.4, 666.2)(454.4, 666.2)(454.4, 836.2)(444.4, 836.2);SD
Port:(567.4, 651.7)(567.4, 781.2)(493.9, 781.2)(493.9, 850.7)(459.4, 850.7)(459.4, 651.7);GATE
Port:(558.4, 661.7)(562.4, 661.7)(562.4, 766.7)(558.4, 766.7);SD
Module:M15
Boundary:(402.3, 804.0)(402.3, 880.0)(394.3, 880.0)(394.3, 895.0)(296.3, 895.0)(296.3, 804.0);GATE
Port:(296.3, 818.5)(306.3, 818.5)(306.3, 880.5)(296.3, 880.5);SD
Port:(402.3, 804.0)(402.3, 880.0)(394.3, 880.0)(394.3, 895.0)(311.3, 895.0)(311.3, 804.0);GATE
Port:(393.3, 814.0)(397.3, 814.0)(397.3, 865.0)(393.3, 865.0);SD
