Area:(-20.0, -20.0)(723.0, -20.0)(723.0, 1056.0)(-20.0, 1056.0)
Rule:GATE(5,5);SD(5,5);GATE_SD(0.5);GATE_ITO(0.5);SD_ITO(0.5)
Module:M14
Boundary:(680.0, 650.0)(680.0, 779.5)(597.7, 779.5)(597.7, 831.0)(534.0, 831.0)(534.0, 650.0);GATE
Port:(534.0, 664.5)(544.0, 664.5)(544.0, 816.5)(534.0, 816.5);SD
Port:(680.0, 650.0)(680.0, 779.5)(597.7, 779.5)(597.7, 831.0)(549.0, 831.0)(549.0, 650.0);GATE
Port:(671.0, 660.0)(675.0, 660.0)(675.0, 765.0)(671.0, 765.0);SD
Module:M9
Boundary:(20.0, 857.0)(167.5, 857.0)(167.5, 873.0)(183.0, 873.0)(183.0, 1005.0)(20.0, 1005.0);GATE
Port:(34.5, 995.0)(168.5, 995.0)(168.5, 1005.0)(34.5, 1005.0);SD
Port:(20.0, 857.0)(167.5, 857.0)(167.5, 873.0)(183.0, 873.0)(183.0, 990.0)(20.0, 990.0);GATE
Port:(30.0, 862.0)(153.0, 862.0)(153.0, 866.0)(30.0, 866.0);SD
Module:M5
Boundary:(549.0, 349.0)(642.5, 349.0)(642.5, 402.7)(676.0, 402.7)(676.0, 476.0)(549.0, 476.0);GATE
Port:(563.5, 466.0)(661.5, 466.0)(661.5, 476.0)(563.5, 476.0);SD
Port:(549.0, 349.0)(642.5, 349.0)(642.5, 402.7)(676.0, 402.7)(676.0, 461.0)(549.0, 461.0);GATE
Port:(559.0, 354.0)(628.0, 354.0)(628.0, 358.0)(559.0, 358.0);SD
Module:M11
Boundary:(675.0, 871.0)(675.0, 1000.5)(661.0, 1000.5)(661.0, 1016.0)(521.0, 1016.0)(521.0, 871.0);GATE
Port:(521.0, 885.5)(531.0, 885.5)(531.0, 1001.5)(521.0, 1001.5);SD
Port:(675.0, 871.0)(675.0, 1000.5)(661.0, 1000.5)(661.0, 1016.0)(536.0, 1016.0)(536.0, 871.0);GATE
Port:(666.0, 881.0)(670.0, 881.0)(670.0, 986.0)(666.0, 986.0);SD
Module:M1
Boundary:(292.0, 380.0)(292.0, 456.0)(284.0, 456.0)(284.0, 471.0)(169.0, 471.0)(169.0, 380.0);GATE
Port:(169.0, 394.5)(179.0, 394.5)(179.0, 456.5)(169.0, 456.5);SD
Port:(292.0, 380.0)(292.0, 456.0)(284.0, 456.0)(284.0, 471.0)(184.0, 471.0)(184.0, 380.0);GATE
Port:(283.0, 390.0)(287.0, 390.0)(287.0, 441.0)(283.0, 441.0);SD
Module:M24
Boundary:(683.0, 20.0)(683.0, 167.5)(569.0, 167.5)(569.0, 309.0)(526.0, 309.0)(526.0, 20.0);GATE
Port:(526.0, 34.5)(536.0, 34.5)(536.0, 294.5)(526.0, 294.5);SD
Port:(683.0, 20.0)(683.0, 167.5)(569.0, 167.5)(569.0, 309.0)(541.0, 309.0)(541.0, 20.0);GATE
Port:(674.0, 30.0)(678.0, 30.0)(678.0, 153.0)(674.0, 153.0);SD
Module:M19
Boundary:(259.0, 720.0)(370.5, 720.0)(370.5, 772.0)(494.0, 772.0)(494.0, 819.0)(259.0, 819.0);GATE
Port:(273.5, 809.0)(479.5, 809.0)(479.5, 819.0)(273.5, 819.0);SD
Port:(259.0, 720.0)(370.5, 720.0)(370.5, 772.0)(494.0, 772.0)(494.0, 804.0)(259.0, 804.0);GATE
Port:(269.0, 725.0)(356.0, 725.0)(356.0, 729.0)(269.0, 729.0);SD
Module:M6
Boundary:(371.0, 20.0)(371.0, 131.5)(341.9, 131.5)(341.9, 165.0)(295.0, 165.0)(295.0, 20.0);GATE
Port:(295.0, 34.5)(305.0, 34.5)(305.0, 150.5)(295.0, 150.5);SD
Port:(371.0, 20.0)(371.0, 131.5)(341.9, 131.5)(341.9, 165.0)(310.0, 165.0)(310.0, 20.0);GATE
Port:(362.0, 30.0)(366.0, 30.0)(366.0, 117.0)(362.0, 117.0);SD
Module:M21
Boundary:(223.0, 859.0)(299.0, 859.0)(299.0, 867.0)(314.0, 867.0)(314.0, 1012.0)(223.0, 1012.0);GATE
Port:(237.5, 1002.0)(299.5, 1002.0)(299.5, 1012.0)(237.5, 1012.0);SD
Port:(223.0, 859.0)(299.0, 859.0)(299.0, 867.0)(314.0, 867.0)(314.0, 997.0)(223.0, 997.0);GATE
Port:(233.0, 864.0)(284.0, 864.0)(284.0, 868.0)(233.0, 868.0);SD
Module:M2
Boundary:(376.0, 511.0)(376.0, 604.5)(329.3, 604.5)(329.3, 674.0)(259.0, 674.0)(259.0, 511.0);GATE
Port:(259.0, 525.5)(269.0, 525.5)(269.0, 659.5)(259.0, 659.5);SD
Port:(376.0, 511.0)(376.0, 604.5)(329.3, 604.5)(329.3, 674.0)(274.0, 674.0)(274.0, 511.0);GATE
Port:(367.0, 521.0)(371.0, 521.0)(371.0, 590.0)(367.0, 590.0);SD
Module:M16
Boundary:(413.0, 20.0)(486.0, 20.0)(486.0, 213.0)(413.0, 213.0);GATE
Port:(427.5, 203.0)(471.5, 203.0)(471.5, 213.0)(427.5, 213.0);SD
Port:(413.0, 20.0)(486.0, 20.0)(486.0, 198.0)(413.0, 198.0);GATE
Port:(423.0, 25.0)(476.0, 25.0)(476.0, 29.0)(423.0, 29.0);SD
Module:M13
Boundary:(416.0, 501.0)(489.0, 501.0)(489.0, 680.0)(416.0, 680.0);GATE
Port:(430.5, 670.0)(474.5, 670.0)(474.5, 680.0)(430.5, 680.0);SD
Port:(416.0, 501.0)(489.0, 501.0)(489.0, 665.0)(416.0, 665.0);GATE
Port:(426.0, 506.0)(479.0, 506.0)(479.0, 510.0)(426.0, 510.0);SD
Module:M10
Boundary:(20.0, 202.0)(113.5, 202.0)(113.5, 212.0)(129.0, 212.0)(129.0, 299.0)(20.0, 299.0);GATE
Port:(34.5, 289.0)(114.5, 289.0)(114.5, 299.0)(34.5, 299.0);SD
Port:(20.0, 202.0)(113.5, 202.0)(113.5, 212.0)(129.0, 212.0)(129.0, 284.0)(20.0, 284.0);GATE
Port:(30.0, 207.0)(99.0, 207.0)(99.0, 211.0)(30.0, 211.0);SD
Module:M7
Boundary:(20.0, 339.0)(113.5, 339.0)(113.5, 349.0)(129.0, 349.0)(129.0, 475.0)(20.0, 475.0);GATE
Port:(34.5, 465.0)(114.5, 465.0)(114.5, 475.0)(34.5, 475.0);SD
Port:(20.0, 339.0)(113.5, 339.0)(113.5, 349.0)(129.0, 349.0)(129.0, 460.0)(20.0, 460.0);GATE
Port:(30.0, 344.0)(99.0, 344.0)(99.0, 348.0)(30.0, 348.0);SD
Module:M3
Boundary:(146.0, 515.0)(219.0, 515.0)(219.0, 632.0)(146.0, 632.0);GATE
Port:(160.5, 622.0)(204.5, 622.0)(204.5, 632.0)(160.5, 632.0);SD
Port:(146.0, 515.0)(219.0, 515.0)(219.0, 617.0)(146.0, 617.0);GATE
Port:(156.0, 520.0)(209.0, 520.0)(209.0, 524.0)(156.0, 524.0);SD
Module:M23
Boundary:(509.0, 388.0)(509.0, 461.0)(332.0, 461.0)(332.0, 388.0);GATE
Port:(332.0, 402.5)(342.0, 402.5)(342.0, 446.5)(332.0, 446.5);SD
Port:(509.0, 388.0)(509.0, 461.0)(347.0, 461.0)(347.0, 388.0);GATE
Port:(500.0, 398.0)(504.0, 398.0)(504.0, 451.0)(500.0, 451.0);SD
Module:M18
Boundary:(529.0, 516.0)(658.5, 516.0)(658.5, 530.0)(674.0, 530.0)(674.0, 610.0)(529.0, 610.0);GATE
Port:(543.5, 600.0)(659.5, 600.0)(659.5, 610.0)(543.5, 610.0);SD
Port:(529.0, 516.0)(658.5, 516.0)(658.5, 530.0)(674.0, 530.0)(674.0, 595.0)(529.0, 595.0);GATE
Port:(539.0, 521.0)(644.0, 521.0)(644.0, 525.0)(539.0, 525.0);SD
Module:M20
Boundary:(354.0, 859.0)(447.5, 859.0)(447.5, 920.2)(481.0, 920.2)(481.0, 1001.0)(354.0, 1001.0);GATE
Port:(368.5, 991.0)(466.5, 991.0)(466.5, 1001.0)(368.5, 1001.0);SD
Port:(354.0, 859.0)(447.5, 859.0)(447.5, 920.2)(481.0, 920.2)(481.0, 986.0)(354.0, 986.0);GATE
Port:(364.0, 864.0)(433.0, 864.0)(433.0, 868.0)(364.0, 868.0);SD
Module:M15
Boundary:(300.0, 205.0)(373.0, 205.0)(373.0, 336.0)(300.0, 336.0);GATE
Port:(314.5, 326.0)(358.5, 326.0)(358.5, 336.0)(314.5, 336.0);SD
Port:(300.0, 205.0)(373.0, 205.0)(373.0, 321.0)(300.0, 321.0);GATE
Port:(310.0, 210.0)(363.0, 210.0)(363.0, 214.0)(310.0, 214.0);SD
Module:M12
Boundary:(106.0, 515.0)(106.0, 591.0)(98.0, 591.0)(98.0, 606.0)(20.0, 606.0)(20.0, 515.0);GATE
Port:(20.0, 529.5)(30.0, 529.5)(30.0, 591.5)(20.0, 591.5);SD
Port:(106.0, 515.0)(106.0, 591.0)(98.0, 591.0)(98.0, 606.0)(35.0, 606.0)(35.0, 515.0);GATE
Port:(97.0, 525.0)(101.0, 525.0)(101.0, 576.0)(97.0, 576.0);SD
Module:M8
Boundary:(20.0, 20.0)(167.5, 20.0)(167.5, 113.1)(255.0, 113.1)(255.0, 162.0)(20.0, 162.0);GATE
Port:(34.5, 152.0)(240.5, 152.0)(240.5, 162.0)(34.5, 162.0);SD
Port:(20.0, 20.0)(167.5, 20.0)(167.5, 113.1)(255.0, 113.1)(255.0, 147.0)(20.0, 147.0);GATE
Port:(30.0, 25.0)(153.0, 25.0)(153.0, 29.0)(30.0, 29.0);SD
Module:M4
Boundary:(105.0, 646.0)(105.0, 775.5)(95.0, 775.5)(95.0, 809.0)(20.0, 809.0)(20.0, 646.0);GATE
Port:(20.0, 660.5)(30.0, 660.5)(30.0, 794.5)(20.0, 794.5);SD
Port:(105.0, 646.0)(105.0, 775.5)(95.0, 775.5)(95.0, 809.0)(35.0, 809.0)(35.0, 646.0);GATE
Port:(96.0, 656.0)(100.0, 656.0)(100.0, 761.0)(96.0, 761.0);SD
Module:M25
Boundary:(169.0, 205.0)(245.0, 205.0)(245.0, 213.0)(260.0, 213.0)(260.0, 340.0)(169.0, 340.0);GATE
Port:(183.5, 330.0)(245.5, 330.0)(245.5, 340.0)(183.5, 340.0);SD
Port:(169.0, 205.0)(245.0, 205.0)(245.0, 213.0)(260.0, 213.0)(260.0, 325.0)(169.0, 325.0);GATE
Port:(179.0, 210.0)(230.0, 210.0)(230.0, 214.0)(179.0, 214.0);SD
Module:M22
Boundary:(210.0, 672.0)(210.0, 765.5)(182.0, 765.5)(182.0, 817.0)(145.0, 817.0)(145.0, 672.0);GATE
Port:(145.0, 686.5)(155.0, 686.5)(155.0, 802.5)(145.0, 802.5);SD
Port:(210.0, 672.0)(210.0, 765.5)(182.0, 765.5)(182.0, 817.0)(160.0, 817.0)(160.0, 672.0);GATE
Port:(201.0, 682.0)(205.0, 682.0)(205.0, 751.0)(201.0, 751.0);SD
Module:M17
Boundary:(413.0, 253.0)(486.0, 253.0)(486.0, 348.0)(413.0, 348.0);GATE
Port:(427.5, 338.0)(471.5, 338.0)(471.5, 348.0)(427.5, 348.0);SD
Port:(413.0, 253.0)(486.0, 253.0)(486.0, 333.0)(413.0, 333.0);GATE
Port:(423.0, 258.0)(476.0, 258.0)(476.0, 262.0)(423.0, 262.0);SD
