Area:(-20.0, -20.0)(323.8, -20.0)(323.8, 394.8)(-20.0, 394.8)
Rule:GATE(5,5);SD(5,5);GATE_SD(0.5);GATE_ITO(0.5);SD_ITO(0.5)
Module:M5
Boundary:(20.0, 176.1)(139.7, 176.1)(139.7, 350.4)(20.0, 350.4);GATE
Port:(34.2, 345.0)(125.5, 345.0)(125.5, 350.4)(34.2, 350.4);SD
Port:(20.0, 176.1)(139.7, 176.1)(139.7, 342.4)(20.0, 342.4);GATE
Port:(26.1, 181.2)(133.6, 181.2)(133.6, 187.6)(26.1, 187.6);SD
Module:M1
Boundary:(161.3, 20.0)(225.9, 20.0)(225.9, 20.4)(241.8, 20.4)(241.8, 94.2)(161.3, 94.2);GATE
Port:(174.5, 88.8)(228.6, 88.8)(228.6, 94.2)(174.5, 94.2);SD
Port:(161.3, 20.0)(225.9, 20.0)(225.9, 20.4)(241.8, 20.4)(241.8, 87.5)(161.3, 87.5);GATE
Port:(167.1, 24.8)(220.1, 24.8)(220.1, 30.2)(167.1, 30.2);SD
Module:M2
Boundary:(179.7, 134.2)(266.4, 134.2)(266.4, 176.3)(281.4, 176.3)(281.4, 231.0)(179.7, 231.0);GATE
Port:(195.2, 226.9)(265.9, 226.9)(265.9, 231.0)(195.2, 231.0);SD
Port:(179.7, 134.2)(266.4, 134.2)(266.4, 176.3)(281.4, 176.3)(281.4, 224.8)(179.7, 224.8);GATE
Port:(186.7, 140.2)(258.4, 140.2)(258.4, 147.3)(186.7, 147.3);SD
Module:M3
Boundary:(20.0, 20.0)(121.3, 20.0)(121.3, 136.1)(20.0, 136.1);GATE
Port:(34.6, 132.1)(106.7, 132.1)(106.7, 136.1)(34.6, 136.1);SD
Port:(20.0, 20.0)(121.3, 20.0)(121.3, 129.8)(20.0, 129.8);GATE
Port:(26.9, 25.9)(114.4, 25.9)(114.4, 32.0)(26.9, 32.0);SD
Module:M4
Boundary:(283.8, 271.0)(283.8, 339.1)(229.0, 339.1)(229.0, 354.8)(179.7, 354.8)(179.7, 271.0);GATE
Port:(179.7, 284.0)(185.3, 284.0)(185.3, 341.8)(179.7, 341.8);SD
Port:(283.8, 271.0)(283.8, 339.1)(229.0, 339.1)(229.0, 354.8)(187.6, 354.8)(187.6, 271.0);GATE
Port:(273.3, 276.6)(279.2, 276.6)(279.2, 332.5)(273.3, 332.5);SD
