Area:(-20.0, -20.0)(481.5, -20.0)(481.5, 336.8)(-20.0, 336.8)
Rule:GATE(5,5);SD(5,5);GATE_SD(0.5);GATE_ITO(0.5);SD_ITO(0.5)
Module:M5
Boundary:(440.7, 207.4)(440.7, 275.8)(440.5, 275.8)(440.5, 288.7)(281.2, 288.7)(281.2, 207.4);GATE
Port:(281.2, 218.9)(285.8, 218.9)(285.8, 277.2)(281.2, 277.2);SD
Port:(440.7, 207.4)(440.7, 275.8)(440.5, 275.8)(440.5, 288.7)(288.6, 288.7)(288.6, 207.4);GATE
Port:(430.7, 213.6)(435.5, 213.6)(435.5, 269.6)(430.7, 269.6);SD
Module:M1
Boundary:(241.2, 194.6)(241.2, 280.3)(240.8, 280.3)(240.8, 296.8)(20.0, 296.8)(20.0, 194.6);GATE
Port:(20.0, 209.2)(25.0, 209.2)(25.0, 282.2)(20.0, 282.2);SD
Port:(241.2, 194.6)(241.2, 280.3)(240.8, 280.3)(240.8, 296.8)(27.7, 296.8)(27.7, 194.6);GATE
Port:(229.0, 201.5)(235.3, 201.5)(235.3, 273.4)(229.0, 273.4);SD
Module:M2
Boundary:(330.4, 20.0)(330.4, 136.6)(228.2, 136.6)(228.2, 154.6)(158.6, 154.6)(158.6, 20.0);GATE
Port:(158.6, 35.8)(163.7, 35.8)(163.7, 138.8)(158.6, 138.8);SD
Port:(330.4, 20.0)(330.4, 136.6)(228.2, 136.6)(228.2, 154.6)(165.9, 154.6)(165.9, 20.0);GATE
Port:(317.6, 25.8)(325.6, 25.8)(325.6, 129.8)(317.6, 129.8);SD
Module:M3
Boundary:(118.6, 20.0)(118.6, 123.6)(20.0, 123.6)(20.0, 20.0);GATE
Port:(20.0, 34.6)(25.6, 34.6)(25.6, 109.0)(20.0, 109.0);SD
Port:(118.6, 20.0)(118.6, 123.6)(27.4, 123.6)(27.4, 20.0);GATE
Port:(107.4, 25.8)(113.8, 25.8)(113.8, 117.8)(107.4, 117.8);SD
Module:M4
Boundary:(370.4, 20.0)(425.5, 20.0)(425.5, 43.8)(441.5, 43.8)(441.5, 167.4)(370.4, 167.4);GATE
Port:(385.3, 161.9)(426.6, 161.9)(426.6, 167.4)(385.3, 167.4);SD
Port:(370.4, 20.0)(425.5, 20.0)(425.5, 43.8)(441.5, 43.8)(441.5, 159.0)(370.4, 159.0);GATE
Port:(376.5, 25.1)(418.4, 25.1)(418.4, 32.3)(376.5, 32.3);SD
