Area:(-20.0, -30.0)(900.7, -30.0)(900.7, 1119.0)(-20.0, 1119.0)
Rule:GATE(5,5);SD(5,5);GATE_SD(0.5);GATE_ITO(0.5);SD_ITO(0.5)
Module:M14
Boundary:(647.2, 720.7)(647.2, 787.0)(599.1, 787.0)(599.1, 801.6)(461.7, 801.6)(461.7, 720.7);GATE
Port:(461.7, 734.2)(465.7, 734.2)(465.7, 788.1)(461.7, 788.1);SD
Port:(647.2, 720.7)(647.2, 787.0)(599.1, 787.0)(599.1, 801.6)(467.6, 801.6)(467.6, 720.7);GATE
Port:(636.2, 726.5)(642.4, 726.5)(642.4, 780.2)(636.2, 780.2);SD
Module:M9
Boundary:(737.4, 593.4)(737.4, 644.4)(737.2, 644.4)(737.2, 661.3)(595.2, 661.3)(595.2, 593.4);GATE
Port:(595.2, 607.1)(600.7, 607.1)(600.7, 647.6)(595.2, 647.6);SD
Port:(737.4, 593.4)(737.4, 644.4)(737.2, 644.4)(737.2, 661.3)(603.3, 661.3)(603.3, 593.4);GATE
Port:(726.4, 599.3)(732.5, 599.3)(732.5, 638.5)(726.4, 638.5);SD
Module:M5
Boundary:(124.9, 507.9)(124.9, 575.7)(124.5, 575.7)(124.5, 592.0)(20.0, 592.0)(20.0, 507.9);GATE
Port:(20.0, 521.6)(24.3, 521.6)(24.3, 578.3)(20.0, 578.3);SD
Port:(124.9, 507.9)(124.9, 575.7)(124.5, 575.7)(124.5, 592.0)(25.7, 592.0)(25.7, 507.9);GATE
Port:(113.9, 514.2)(119.6, 514.2)(119.6, 569.4)(113.9, 569.4);SD
Module:M11
Boundary:(164.9, 506.2)(267.9, 506.2)(267.9, 614.0)(164.9, 614.0);GATE
Port:(179.7, 609.7)(253.1, 609.7)(253.1, 614.0)(179.7, 614.0);SD
Port:(164.9, 506.2)(267.9, 506.2)(267.9, 607.8)(164.9, 607.8);GATE
Port:(171.7, 512.0)(261.1, 512.0)(261.1, 518.7)(171.7, 518.7);SD
Module:M1
Boundary:(30.0, 30.0)(137.9, 30.0)(137.9, 242.9)(30.0, 242.9);GATE
Port:(43.8, 237.1)(124.1, 237.1)(124.1, 242.9)(43.8, 242.9);SD
Port:(30.0, 30.0)(137.9, 30.0)(137.9, 235.8)(30.0, 235.8);GATE
Port:(36.2, 35.2)(131.7, 35.2)(131.7, 40.8)(36.2, 40.8);SD
Module:M38
Boundary:(687.2, 691.3)(740.2, 691.3)(740.2, 730.2)(756.2, 730.2)(756.2, 795.2)(687.2, 795.2);GATE
Port:(701.3, 789.3)(742.1, 789.3)(742.1, 795.2)(701.3, 795.2);SD
Port:(687.2, 691.3)(740.2, 691.3)(740.2, 730.2)(756.2, 730.2)(756.2, 787.6)(687.2, 787.6);GATE
Port:(693.1, 696.2)(733.3, 696.2)(733.3, 702.1)(693.1, 702.1);SD
Module:M40
Boundary:(275.1, 259.4)(275.1, 315.3)(238.7, 315.3)(238.7, 331.8)(177.9, 331.8)(177.9, 259.4);GATE
Port:(177.9, 274.2)(182.3, 274.2)(182.3, 317.0)(177.9, 317.0);SD
Port:(275.1, 259.4)(275.1, 315.3)(238.7, 315.3)(238.7, 331.8)(183.9, 331.8)(183.9, 259.4);GATE
Port:(263.4, 265.9)(269.6, 265.9)(269.6, 307.8)(263.4, 307.8);SD
Module:M35
Boundary:(261.3, 361.8)(261.3, 451.4)(261.0, 451.4)(261.0, 466.2)(155.6, 466.2)(155.6, 361.8);GATE
Port:(155.6, 373.6)(159.8, 373.6)(159.8, 454.4)(155.6, 454.4);SD
Port:(261.3, 361.8)(261.3, 451.4)(261.0, 451.4)(261.0, 466.2)(161.5, 466.2)(161.5, 361.8);GATE
Port:(251.1, 367.1)(257.0, 367.1)(257.0, 446.1)(251.1, 446.1);SD
Module:M32
Boundary:(481.0, 30.0)(529.8, 30.0)(529.8, 106.9)(545.8, 106.9)(545.8, 179.6)(481.0, 179.6);GATE
Port:(493.2, 174.9)(533.6, 174.9)(533.6, 179.6)(493.2, 179.6);SD
Port:(481.0, 30.0)(529.8, 30.0)(529.8, 106.9)(545.8, 106.9)(545.8, 173.1)(481.0, 173.1);GATE
Port:(486.0, 34.0)(523.8, 34.0)(523.8, 38.8)(486.0, 38.8);SD
Module:M27
Boundary:(601.4, 344.6)(601.4, 407.8)(601.1, 407.8)(601.1, 422.6)(466.1, 422.6)(466.1, 344.6);GATE
Port:(466.1, 358.3)(472.0, 358.3)(472.0, 408.9)(466.1, 408.9);SD
Port:(601.4, 344.6)(601.4, 407.8)(601.1, 407.8)(601.1, 422.6)(473.5, 422.6)(473.5, 344.6);GATE
Port:(590.1, 350.6)(596.4, 350.6)(596.4, 401.8)(590.1, 401.8);SD
Module:M24
Boundary:(305.1, 338.0)(409.5, 338.0)(409.5, 351.6)(426.1, 351.6)(426.1, 409.5)(305.1, 409.5);GATE
Port:(317.9, 404.1)(413.3, 404.1)(413.3, 409.5)(317.9, 409.5);SD
Port:(305.1, 338.0)(409.5, 338.0)(409.5, 351.6)(426.1, 351.6)(426.1, 402.0)(305.1, 402.0);GATE
Port:(310.2, 342.1)(403.4, 342.1)(403.4, 347.6)(310.2, 347.6);SD
Module:M19
Boundary:(156.2, 783.8)(240.0, 783.8)(240.0, 973.5)(156.2, 973.5);GATE
Port:(168.6, 969.5)(227.6, 969.5)(227.6, 973.5)(168.6, 973.5);SD
Port:(156.2, 783.8)(240.0, 783.8)(240.0, 967.3)(156.2, 967.3);GATE
Port:(161.9, 788.5)(234.3, 788.5)(234.3, 793.3)(161.9, 793.3);SD
Module:M6
Boundary:(555.2, 614.1)(555.2, 658.9)(508.7, 658.9)(508.7, 670.7)(451.7, 670.7)(451.7, 614.1);GATE
Port:(451.7, 626.4)(457.1, 626.4)(457.1, 658.4)(451.7, 658.4);SD
Port:(555.2, 614.1)(555.2, 658.9)(508.7, 658.9)(508.7, 670.7)(459.6, 670.7)(459.6, 614.1);GATE
Port:(544.4, 620.8)(549.5, 620.8)(549.5, 651.2)(544.4, 651.2);SD
Module:M21
Boundary:(319.0, 20.0)(412.6, 20.0)(412.6, 20.2)(431.0, 20.2)(431.0, 99.8)(319.0, 99.8);GATE
Port:(334.3, 95.8)(415.7, 95.8)(415.7, 99.8)(334.3, 99.8);SD
Port:(319.0, 20.0)(412.6, 20.0)(412.6, 20.2)(431.0, 20.2)(431.0, 93.4)(319.0, 93.4);GATE
Port:(324.7, 24.7)(406.9, 24.7)(406.9, 32.5)(324.7, 32.5);SD
Module:M2
Boundary:(645.5, 238.5)(729.7, 238.5)(729.7, 269.1)(744.4, 269.1)(744.4, 416.6)(645.5, 416.6);GATE
Port:(659.7, 411.5)(730.2, 411.5)(730.2, 416.6)(659.7, 416.6);SD
Port:(645.5, 238.5)(729.7, 238.5)(729.7, 269.1)(744.4, 269.1)(744.4, 410.1)(645.5, 410.1);GATE
Port:(652.3, 244.3)(721.9, 244.3)(721.9, 250.5)(652.3, 250.5);SD
Module:M16
Boundary:(20.0, 981.6)(101.2, 981.6)(101.2, 994.4)(116.2, 994.4)(116.2, 1072.7)(20.0, 1072.7);GATE
Port:(32.9, 1067.1)(103.3, 1067.1)(103.3, 1072.7)(32.9, 1072.7);SD
Port:(20.0, 981.6)(101.2, 981.6)(101.2, 994.4)(116.2, 994.4)(116.2, 1065.8)(20.0, 1065.8);GATE
Port:(26.0, 986.6)(94.2, 986.6)(94.2, 991.3)(26.0, 991.3);SD
Module:M13
Boundary:(457.4, 1002.3)(457.4, 1067.4)(297.2, 1067.4)(297.2, 1002.3);GATE
Port:(297.2, 1016.0)(303.2, 1016.0)(303.2, 1053.7)(297.2, 1053.7);SD
Port:(457.4, 1002.3)(457.4, 1067.4)(306.1, 1067.4)(306.1, 1002.3);GATE
Port:(445.7, 1009.1)(451.6, 1009.1)(451.6, 1060.6)(445.7, 1060.6);SD
Module:M10
Boundary:(399.7, 719.0)(399.7, 818.3)(357.6, 818.3)(357.6, 833.4)(290.0, 833.4)(290.0, 719.0);GATE
Port:(290.0, 732.3)(295.5, 732.3)(295.5, 820.1)(290.0, 820.1);SD
Port:(399.7, 719.0)(399.7, 818.3)(357.6, 818.3)(357.6, 833.4)(296.8, 833.4)(296.8, 719.0);GATE
Port:(388.9, 724.3)(395.4, 724.3)(395.4, 812.0)(388.9, 812.0);SD
Module:M37
Boundary:(289.0, 10.0)(289.0, 116.9)(177.9, 116.9)(177.9, 10.0);GATE
Port:(177.9, 22.8)(183.3, 22.8)(183.3, 104.1)(177.9, 104.1);SD
Port:(289.0, 10.0)(289.0, 116.9)(185.8, 116.9)(185.8, 10.0);GATE
Port:(278.2, 15.6)(284.4, 15.6)(284.4, 111.3)(278.2, 111.3);SD
Module:M34
Boundary:(115.0, 856.0)(115.0, 925.9)(101.2, 925.9)(101.2, 941.6)(20.0, 941.6)(20.0, 856.0);GATE
Port:(20.0, 870.7)(25.3, 870.7)(25.3, 926.9)(20.0, 926.9);SD
Port:(115.0, 856.0)(115.0, 925.9)(101.2, 925.9)(101.2, 941.6)(27.8, 941.6)(27.8, 856.0);GATE
Port:(103.2, 862.9)(109.1, 862.9)(109.1, 918.0)(103.2, 918.0);SD
Module:M29
Boundary:(848.2, 969.3)(848.2, 1057.1)(848.0, 1057.1)(848.0, 1074.6)(742.5, 1074.6)(742.5, 969.3);GATE
Port:(742.5, 983.9)(748.4, 983.9)(748.4, 1060.0)(742.5, 1060.0);SD
Port:(848.2, 969.3)(848.2, 1057.1)(848.0, 1057.1)(848.0, 1074.6)(751.2, 1074.6)(751.2, 969.3);GATE
Port:(836.9, 975.0)(843.5, 975.0)(843.5, 1051.4)(836.9, 1051.4);SD
Module:M7
Boundary:(784.4, 186.6)(834.3, 186.6)(834.3, 186.6)(848.7, 186.6)(848.7, 383.1)(784.4, 383.1);GATE
Port:(798.8, 378.6)(834.3, 378.6)(834.3, 383.1)(798.8, 383.1);SD
Port:(784.4, 186.6)(834.3, 186.6)(834.3, 186.6)(848.7, 186.6)(848.7, 375.8)(784.4, 375.8);GATE
Port:(791.1, 192.3)(827.6, 192.3)(827.6, 199.2)(791.1, 199.2);SD
Module:M31
Boundary:(451.7, 462.6)(500.8, 462.6)(500.8, 462.8)(516.7, 462.8)(516.7, 574.1)(451.7, 574.1);GATE
Port:(465.2, 568.2)(503.2, 568.2)(503.2, 574.1)(465.2, 574.1);SD
Port:(451.7, 462.6)(500.8, 462.6)(500.8, 462.8)(516.7, 462.8)(516.7, 567.1)(451.7, 567.1);GATE
Port:(457.6, 467.5)(494.9, 467.5)(494.9, 473.1)(457.6, 473.1);SD
Module:M3
Boundary:(20.0, 632.0)(86.4, 632.0)(86.4, 816.0)(20.0, 816.0);GATE
Port:(34.4, 811.2)(72.0, 811.2)(72.0, 816.0)(34.4, 816.0);SD
Port:(20.0, 632.0)(86.4, 632.0)(86.4, 808.6)(20.0, 808.6);GATE
Port:(26.7, 637.7)(79.7, 637.7)(79.7, 643.7)(26.7, 643.7);SD
Module:M26
Boundary:(834.8, 825.2)(834.8, 913.3)(789.6, 913.3)(789.6, 929.3)(697.2, 929.3)(697.2, 825.2);GATE
Port:(697.2, 840.2)(701.5, 840.2)(701.5, 914.3)(697.2, 914.3);SD
Port:(834.8, 825.2)(834.8, 913.3)(789.6, 913.3)(789.6, 929.3)(702.6, 929.3)(702.6, 825.2);GATE
Port:(823.2, 832.1)(828.9, 832.1)(828.9, 905.4)(823.2, 905.4);SD
Module:M23
Boundary:(605.8, 30.0)(716.5, 30.0)(716.5, 188.5)(605.8, 188.5);GATE
Port:(619.9, 183.4)(702.4, 183.4)(702.4, 188.5)(619.9, 188.5);SD
Port:(605.8, 30.0)(716.5, 30.0)(716.5, 181.2)(605.8, 181.2);GATE
Port:(612.3, 35.5)(710.0, 35.5)(710.0, 41.9)(612.3, 41.9);SD
Module:M18
Boundary:(749.3, 472.6)(749.3, 530.7)(716.9, 530.7)(716.9, 543.4)(566.7, 543.4)(566.7, 472.6);GATE
Port:(566.7, 484.0)(571.1, 484.0)(571.1, 532.0)(566.7, 532.0);SD
Port:(749.3, 472.6)(749.3, 530.7)(716.9, 530.7)(716.9, 543.4)(573.3, 543.4)(573.3, 472.6);GATE
Port:(739.6, 477.8)(745.1, 477.8)(745.1, 524.5)(739.6, 524.5);SD
Module:M20
Boundary:(283.0, 156.9)(283.0, 205.0)(258.4, 205.0)(258.4, 219.4)(197.9, 219.4)(197.9, 156.9);GATE
Port:(197.9, 168.9)(202.4, 168.9)(202.4, 207.4)(197.9, 207.4);SD
Port:(283.0, 156.9)(283.0, 205.0)(258.4, 205.0)(258.4, 219.4)(203.8, 219.4)(203.8, 156.9);GATE
Port:(272.6, 162.6)(278.3, 162.6)(278.3, 198.3)(272.6, 198.3);SD
Module:M15
Boundary:(396.7, 893.4)(396.7, 925.0)(396.6, 925.0)(396.6, 942.3)(290.0, 942.3)(290.0, 893.4);GATE
Port:(290.0, 905.6)(295.8, 905.6)(295.8, 930.1)(290.0, 930.1);SD
Port:(396.7, 893.4)(396.7, 925.0)(396.6, 925.0)(396.6, 942.3)(297.4, 942.3)(297.4, 893.4);GATE
Port:(387.8, 898.6)(392.5, 898.6)(392.5, 919.8)(387.8, 919.8);SD
Module:M12
Boundary:(307.9, 449.5)(395.7, 449.5)(395.7, 508.0)(411.7, 508.0)(411.7, 669.0)(307.9, 669.0);GATE
Port:(322.7, 664.7)(396.9, 664.7)(396.9, 669.0)(322.7, 669.0);SD
Port:(307.9, 449.5)(395.7, 449.5)(395.7, 508.0)(411.7, 508.0)(411.7, 662.5)(307.9, 662.5);GATE
Port:(313.3, 453.9)(389.3, 453.9)(389.3, 461.4)(313.3, 461.4);SD
Module:M39
Boundary:(776.2, 654.2)(847.2, 654.2)(847.2, 654.3)(860.7, 654.3)(860.7, 793.3)(776.2, 793.3);GATE
Port:(788.1, 789.0)(848.8, 789.0)(848.8, 793.3)(788.1, 793.3);SD
Port:(776.2, 654.2)(847.2, 654.2)(847.2, 654.3)(860.7, 654.3)(860.7, 787.0)(776.2, 787.0);GATE
Port:(781.9, 658.9)(841.5, 658.9)(841.5, 664.5)(781.9, 664.5);SD
Module:M8
Boundary:(20.0, 292.9)(100.6, 292.9)(100.6, 399.9)(115.6, 399.9)(115.6, 467.9)(20.0, 467.9);GATE
Port:(32.3, 462.4)(103.3, 462.4)(103.3, 467.9)(32.3, 467.9);SD
Port:(20.0, 292.9)(100.6, 292.9)(100.6, 399.9)(115.6, 399.9)(115.6, 461.2)(20.0, 461.2);GATE
Port:(25.5, 297.4)(94.1, 297.4)(94.1, 302.7)(25.5, 302.7);SD
Module:M4
Boundary:(247.2, 1013.5)(247.2, 1079.0)(156.2, 1079.0)(156.2, 1013.5);GATE
Port:(156.2, 1028.0)(161.3, 1028.0)(161.3, 1064.5)(156.2, 1064.5);SD
Port:(247.2, 1013.5)(247.2, 1079.0)(162.4, 1079.0)(162.4, 1013.5);GATE
Port:(235.1, 1020.2)(241.5, 1020.2)(241.5, 1072.3)(235.1, 1072.3);SD
Module:M36
Boundary:(756.5, 10.0)(840.9, 10.0)(840.9, 34.5)(856.0, 34.5)(856.0, 156.6)(756.5, 156.6);GATE
Port:(770.5, 151.0)(842.0, 151.0)(842.0, 156.6)(770.5, 156.6);SD
Port:(756.5, 10.0)(840.9, 10.0)(840.9, 34.5)(856.0, 34.5)(856.0, 149.1)(756.5, 149.1);GATE
Port:(761.9, 14.4)(834.5, 14.4)(834.5, 21.9)(761.9, 21.9);SD
Module:M33
Boundary:(799.3, 423.1)(832.3, 423.1)(832.3, 423.2)(847.4, 423.2)(847.4, 624.2)(799.3, 624.2);GATE
Port:(812.0, 619.7)(834.7, 619.7)(834.7, 624.2)(812.0, 624.2);SD
Port:(799.3, 423.1)(832.3, 423.1)(832.3, 423.2)(847.4, 423.2)(847.4, 617.9)(799.3, 617.9);GATE
Port:(804.4, 427.2)(827.2, 427.2)(827.2, 434.2)(804.4, 434.2);SD
Module:M28
Boundary:(702.5, 980.7)(702.5, 1056.0)(702.2, 1056.0)(702.2, 1070.8)(507.4, 1070.8)(507.4, 980.7);GATE
Port:(507.4, 992.5)(511.8, 992.5)(511.8, 1059.0)(507.4, 1059.0);SD
Port:(702.5, 980.7)(702.5, 1056.0)(702.2, 1056.0)(702.2, 1070.8)(513.3, 1070.8)(513.3, 980.7);GATE
Port:(692.4, 986.7)(697.5, 986.7)(697.5, 1050.0)(692.4, 1050.0);SD
Module:M30
Boundary:(657.0, 851.6)(657.0, 923.7)(638.3, 923.7)(638.3, 940.7)(449.7, 940.7)(449.7, 851.6);GATE
Port:(449.7, 865.4)(454.7, 865.4)(454.7, 926.9)(449.7, 926.9);SD
Port:(657.0, 851.6)(657.0, 923.7)(638.3, 923.7)(638.3, 940.7)(455.8, 940.7)(455.8, 851.6);GATE
Port:(646.2, 857.5)(652.1, 857.5)(652.1, 916.8)(646.2, 916.8);SD
Module:M25
Boundary:(605.5, 238.5)(605.5, 287.6)(605.4, 287.6)(605.4, 304.6)(471.0, 304.6)(471.0, 238.5);GATE
Port:(471.0, 251.4)(476.6, 251.4)(476.6, 291.7)(471.0, 291.7);SD
Port:(605.5, 238.5)(605.5, 287.6)(605.4, 287.6)(605.4, 304.6)(478.5, 304.6)(478.5, 238.5);GATE
Port:(596.1, 243.8)(601.2, 243.8)(601.2, 282.3)(596.1, 282.3);SD
Module:M22
Boundary:(237.5, 654.0)(237.5, 730.0)(184.7, 730.0)(184.7, 743.8)(126.4, 743.8)(126.4, 654.0);GATE
Port:(126.4, 665.4)(130.9, 665.4)(130.9, 732.4)(126.4, 732.4);SD
Port:(237.5, 654.0)(237.5, 730.0)(184.7, 730.0)(184.7, 743.8)(132.6, 743.8)(132.6, 654.0);GATE
Port:(227.9, 660.2)(232.3, 660.2)(232.3, 722.8)(227.9, 722.8);SD
Module:M17
Boundary:(333.0, 139.8)(409.6, 139.8)(409.6, 140.0)(424.2, 140.0)(424.2, 298.0)(333.0, 298.0);GATE
Port:(346.1, 292.3)(411.1, 292.3)(411.1, 298.0)(346.1, 298.0);SD
Port:(333.0, 139.8)(409.6, 139.8)(409.6, 140.0)(424.2, 140.0)(424.2, 290.5)(333.0, 290.5);GATE
Port:(339.3, 145.1)(403.3, 145.1)(403.3, 150.4)(339.3, 150.4);SD
