Area:(-20.0, -20.0)(593.0, -20.0)(593.0, 322.0)(-20.0, 322.0)
Rule:GATE(5,5);SD(5,5);GATE_SD(0.5);GATE_ITO(0.5);SD_ITO(0.5)
Module:M5
Boundary:(263.0, 20.0)(263.0, 93.0)(166.0, 93.0)(166.0, 20.0);GATE
Port:(166.0, 34.5)(176.0, 34.5)(176.0, 78.5)(166.0, 78.5);SD
Port:(263.0, 20.0)(263.0, 93.0)(181.0, 93.0)(181.0, 20.0);GATE
Port:(254.0, 30.0)(258.0, 30.0)(258.0, 83.0)(254.0, 83.0);SD
Module:M1
Boundary:(174.0, 133.0)(285.5, 133.0)(285.5, 245.0)(553.0, 245.0)(553.0, 282.0)(174.0, 282.0);GATE
Port:(188.5, 272.0)(538.5, 272.0)(538.5, 282.0)(188.5, 282.0);SD
Port:(174.0, 133.0)(285.5, 133.0)(285.5, 245.0)(553.0, 245.0)(553.0, 267.0)(174.0, 267.0);GATE
Port:(184.0, 138.0)(271.0, 138.0)(271.0, 142.0)(184.0, 142.0);SD
Module:M2
Boundary:(134.0, 151.0)(134.0, 262.5)(122.0, 262.5)(122.0, 278.0)(20.0, 278.0)(20.0, 151.0);GATE
Port:(20.0, 165.5)(30.0, 165.5)(30.0, 263.5)(20.0, 263.5);SD
Port:(134.0, 151.0)(134.0, 262.5)(122.0, 262.5)(122.0, 278.0)(35.0, 278.0)(35.0, 151.0);GATE
Port:(125.0, 161.0)(129.0, 161.0)(129.0, 248.0)(125.0, 248.0);SD
Module:M3
Boundary:(443.0, 20.0)(443.0, 93.0)(303.0, 93.0)(303.0, 20.0);GATE
Port:(303.0, 34.5)(313.0, 34.5)(313.0, 78.5)(303.0, 78.5);SD
Port:(443.0, 20.0)(443.0, 93.0)(318.0, 93.0)(318.0, 20.0);GATE
Port:(434.0, 30.0)(438.0, 30.0)(438.0, 83.0)(434.0, 83.0);SD
Module:M4
Boundary:(126.0, 20.0)(126.0, 96.0)(118.0, 96.0)(118.0, 111.0)(20.0, 111.0)(20.0, 20.0);GATE
Port:(20.0, 34.5)(30.0, 34.5)(30.0, 96.5)(20.0, 96.5);SD
Port:(126.0, 20.0)(126.0, 96.0)(118.0, 96.0)(118.0, 111.0)(35.0, 111.0)(35.0, 20.0);GATE
Port:(117.0, 30.0)(121.0, 30.0)(121.0, 81.0)(117.0, 81.0);SD
