Area:(-0.3, -12.3)(432.8, -12.3)(432.8, 927.0)(-0.3, 927.0)
Rule:GATE(5,5);SD(5,5);GATE_SD(0.5);GATE_ITO(0.5);SD_ITO(0.5)
Module:M15
Boundary:(269.1, 100.7)(269.1, 27.7)(127.1, 27.7)(127.1, 100.7);GATE
Port:(127.1, 42.2)(137.1, 42.2)(137.1, 86.2)(127.1, 86.2);SD
Port:(269.1, 100.7)(269.1, 27.7)(142.1, 27.7)(142.1, 100.7);GATE
Port:(260.1, 37.7)(264.1, 37.7)(264.1, 90.7)(260.1, 90.7);SD
Module:M16
Boundary:(296.3, 97.2)(372.4, 97.2)(372.4, 105.2)(387.3, 105.2)(387.3, 188.2)(296.3, 188.2);GATE
Port:(310.8, 178.2)(372.8, 178.2)(372.8, 188.2)(310.8, 188.2);SD
Port:(296.3, 97.2)(372.4, 97.2)(372.4, 105.2)(387.3, 105.2)(387.3, 173.2)(296.3, 173.2);GATE
Port:(306.3, 102.2)(357.3, 102.2)(357.3, 106.2)(306.3, 106.2);SD
Module:M12
Boundary:(112.7, 49.1)(39.7, 49.1)(39.7, 246.1)(112.7, 246.1);GATE
Port:(54.2, 236.1)(98.2, 236.1)(98.2, 246.1)(54.2, 246.1);SD
Port:(112.7, 49.1)(39.7, 49.1)(39.7, 231.1)(112.7, 231.1);GATE
Port:(49.7, 54.1)(102.7, 54.1)(102.7, 58.1)(49.7, 58.1);SD
Module:M2
Boundary:(387.4, 190.9)(387.4, 263.9)(284.4, 263.9)(284.4, 190.9);GATE
Port:(284.4, 205.4)(294.4, 205.4)(294.4, 249.4)(284.4, 249.4);SD
Port:(387.4, 190.9)(387.4, 263.9)(299.4, 263.9)(299.4, 190.9);GATE
Port:(378.4, 200.9)(382.4, 200.9)(382.4, 253.9)(378.4, 253.9);SD
Module:M9
Boundary:(133.4, 254.4)(244.9, 254.4)(244.9, 242.4)(260.4, 242.4)(260.4, 161.4)(133.4, 161.4);GATE
Port:(147.9, 161.4)(245.9, 161.4)(245.9, 171.4)(147.9, 171.4);SD
Port:(133.4, 254.4)(244.9, 254.4)(244.9, 242.4)(260.4, 242.4)(260.4, 176.4)(133.4, 176.4);GATE
Port:(143.4, 245.4)(230.4, 245.4)(230.4, 249.4)(143.4, 249.4);SD
Module:M6
Boundary:(116.7, 278.0)(116.7, 389.5)(104.7, 389.5)(104.7, 405.0)(43.7, 405.0)(43.7, 278.0);GATE
Port:(43.7, 292.5)(53.7, 292.5)(53.7, 390.5)(43.7, 390.5);SD
Port:(116.7, 278.0)(116.7, 389.5)(104.7, 389.5)(104.7, 405.0)(58.7, 405.0)(58.7, 278.0);GATE
Port:(107.7, 288.0)(111.7, 288.0)(111.7, 375.0)(107.7, 375.0);SD
Module:M3
Boundary:(128.2, 404.3)(257.7, 404.3)(257.7, 390.3)(273.2, 390.3)(273.2, 272.3)(128.2, 272.3);GATE
Port:(142.7, 272.3)(258.7, 272.3)(258.7, 282.3)(142.7, 282.3);SD
Port:(128.2, 404.3)(257.7, 404.3)(257.7, 390.3)(273.2, 390.3)(273.2, 287.3)(128.2, 287.3);GATE
Port:(138.2, 395.3)(243.2, 395.3)(243.2, 399.3)(138.2, 399.3);SD
Module:M4
Boundary:(376.7, 270.6)(300.7, 270.6)(300.7, 278.6)(285.7, 278.6)(285.7, 439.6)(376.7, 439.6);GATE
Port:(300.2, 429.6)(362.2, 429.6)(362.2, 439.6)(300.2, 439.6);SD
Port:(376.7, 270.6)(300.7, 270.6)(300.7, 278.6)(285.7, 278.6)(285.7, 424.6)(376.7, 424.6);GATE
Port:(315.7, 275.6)(366.7, 275.6)(366.7, 279.6)(315.7, 279.6);SD
Module:M7
Boundary:(155.6, 417.4)(79.6, 417.4)(79.6, 425.5)(64.6, 425.5)(64.6, 554.5)(155.6, 554.5);GATE
Port:(79.1, 544.5)(141.1, 544.5)(141.1, 554.5)(79.1, 554.5);SD
Port:(155.6, 417.4)(79.6, 417.4)(79.6, 425.5)(64.6, 425.5)(64.6, 539.5)(155.6, 539.5);GATE
Port:(94.6, 422.4)(145.6, 422.4)(145.6, 426.4)(94.6, 426.4);SD
Module:M8
Boundary:(257.9, 424.8)(181.9, 424.8)(181.9, 432.8)(166.9, 432.8)(166.9, 571.8)(257.9, 571.8);GATE
Port:(181.4, 561.8)(243.4, 561.8)(243.4, 571.8)(181.4, 571.8);SD
Port:(257.9, 424.8)(181.9, 424.8)(181.9, 432.8)(166.9, 432.8)(166.9, 556.8)(257.9, 556.8);GATE
Port:(196.9, 429.8)(247.9, 429.8)(247.9, 433.8)(196.9, 433.8);SD
Module:M10
Boundary:(265.8, 451.2)(377.3, 451.2)(377.3, 463.2)(392.8, 463.2)(392.8, 585.2)(265.8, 585.2);GATE
Port:(280.3, 575.2)(378.3, 575.2)(378.3, 585.2)(280.3, 585.2);SD
Port:(265.8, 451.2)(377.3, 451.2)(377.3, 463.2)(392.8, 463.2)(392.8, 570.2)(265.8, 570.2);GATE
Port:(275.8, 456.2)(362.8, 456.2)(362.8, 460.2)(275.8, 460.2);SD
Module:M1
Boundary:(102.5, 578.0)(214.0, 578.0)(214.0, 592.0)(229.5, 592.0)(229.5, 671.0)(102.5, 671.0);GATE
Port:(117.0, 661.0)(215.0, 661.0)(215.0, 671.0)(117.0, 671.0);SD
Port:(102.5, 578.0)(214.0, 578.0)(214.0, 592.0)(229.5, 592.0)(229.5, 656.0)(102.5, 656.0);GATE
Port:(112.5, 583.0)(199.5, 583.0)(199.5, 587.0)(112.5, 587.0);SD
Module:M13
Boundary:(216.6, 676.8)(216.6, 600.8)(224.6, 600.8)(224.6, 585.8)(279.6, 585.8)(279.6, 676.8);GATE
Port:(269.6, 600.3)(279.6, 600.3)(279.6, 662.3)(269.6, 662.3);SD
Port:(216.6, 676.8)(216.6, 600.8)(224.6, 600.8)(224.6, 585.8)(264.6, 585.8)(264.6, 676.8);GATE
Port:(221.6, 615.8)(225.6, 615.8)(225.6, 666.8)(221.6, 666.8);SD
Module:M11
Boundary:(376.5, 600.6)(376.5, 712.1)(362.5, 712.1)(362.5, 727.6)(281.5, 727.6)(281.5, 600.6);GATE
Port:(281.5, 615.1)(291.5, 615.1)(291.5, 713.1)(281.5, 713.1);SD
Port:(376.5, 600.6)(376.5, 712.1)(362.5, 712.1)(362.5, 727.6)(296.5, 727.6)(296.5, 600.6);GATE
Port:(367.5, 610.6)(371.5, 610.6)(371.5, 697.6)(367.5, 697.6);SD
Module:M14
Boundary:(47.1, 862.2)(140.6, 862.2)(140.6, 827.1)(174.1, 827.1)(174.1, 772.2)(47.1, 772.2);GATE
Port:(61.6, 772.2)(159.6, 772.2)(159.6, 782.2)(61.6, 782.2);SD
Port:(47.1, 862.2)(140.6, 862.2)(140.6, 827.1)(174.1, 827.1)(174.1, 787.2)(47.1, 787.2);GATE
Port:(57.1, 853.2)(126.1, 853.2)(126.1, 857.2)(57.1, 857.2);SD
Module:M5
Boundary:(357.3, 814.0)(357.3, 887.0)(177.3, 887.0)(177.3, 814.0);GATE
Port:(177.3, 828.5)(187.3, 828.5)(187.3, 872.5)(177.3, 872.5);SD
Port:(357.3, 814.0)(357.3, 887.0)(192.3, 887.0)(192.3, 814.0);GATE
Port:(348.3, 824.0)(352.3, 824.0)(352.3, 877.0)(348.3, 877.0);SD
