Area:(-20.0, -30.0)(1327.6, -30.0)(1327.6, 770.7)(-20.0, 770.7)
Rule:GATE(5,5);SD(5,5);GATE_SD(0.5);GATE_ITO(0.5);SD_ITO(0.5)
Module:M14
Boundary:(156.7, 159.5)(222.8, 159.5)(222.8, 165.9)(237.1, 165.9)(237.1, 248.8)(156.7, 248.8);GATE
Port:(170.9, 244.3)(222.9, 244.3)(222.9, 248.8)(170.9, 248.8);SD
Port:(156.7, 159.5)(222.8, 159.5)(222.8, 165.9)(237.1, 165.9)(237.1, 243.2)(156.7, 243.2);GATE
Port:(163.1, 164.9)(215.4, 164.9)(215.4, 171.2)(163.1, 171.2);SD
Module:M9
Boundary:(251.4, 20.0)(251.4, 95.5)(251.1, 95.5)(251.1, 109.5)(138.1, 109.5)(138.1, 20.0);GATE
Port:(138.1, 33.7)(143.8, 33.7)(143.8, 95.8)(138.1, 95.8);SD
Port:(251.4, 20.0)(251.4, 95.5)(251.1, 95.5)(251.1, 109.5)(145.7, 109.5)(145.7, 20.0);GATE
Port:(239.3, 25.5)(246.9, 25.5)(246.9, 90.0)(239.3, 90.0);SD
Module:M5
Boundary:(1140.4, 609.6)(1140.4, 729.0)(971.1, 729.0)(971.1, 609.6);GATE
Port:(971.1, 624.4)(977.1, 624.4)(977.1, 714.2)(971.1, 714.2);SD
Port:(1140.4, 609.6)(1140.4, 729.0)(978.2, 729.0)(978.2, 609.6);GATE
Port:(1128.5, 615.0)(1136.0, 615.0)(1136.0, 723.6)(1128.5, 723.6);SD
Module:M11
Boundary:(563.4, 663.9)(563.4, 720.4)(379.7, 720.4)(379.7, 663.9);GATE
Port:(379.7, 678.8)(384.2, 678.8)(384.2, 705.5)(379.7, 705.5);SD
Port:(563.4, 663.9)(563.4, 720.4)(386.5, 720.4)(386.5, 663.9);GATE
Port:(551.4, 669.3)(559.0, 669.3)(559.0, 715.0)(551.4, 715.0);SD
Module:M1
Boundary:(473.2, 30.0)(473.2, 135.3)(301.4, 135.3)(301.4, 30.0);GATE
Port:(301.4, 44.9)(305.7, 44.9)(305.7, 120.4)(301.4, 120.4);SD
Port:(473.2, 30.0)(473.2, 135.3)(306.8, 135.3)(306.8, 30.0);GATE
Port:(461.2, 36.8)(467.4, 36.8)(467.4, 128.5)(461.2, 128.5);SD
Module:M38
Boundary:(557.5, 427.1)(641.6, 427.1)(641.6, 497.1)(654.0, 497.1)(654.0, 588.8)(557.5, 588.8);GATE
Port:(569.0, 584.6)(642.5, 584.6)(642.5, 588.8)(569.0, 588.8);SD
Port:(557.5, 427.1)(641.6, 427.1)(641.6, 497.1)(654.0, 497.1)(654.0, 583.4)(557.5, 583.4);GATE
Port:(562.5, 431.1)(635.6, 431.1)(635.6, 436.8)(562.5, 436.8);SD
Module:M40
Boundary:(721.6, 615.6)(775.9, 615.6)(775.9, 678.2)(790.2, 678.2)(790.2, 730.7)(721.6, 730.7);GATE
Port:(737.3, 726.5)(774.5, 726.5)(774.5, 730.7)(737.3, 730.7);SD
Port:(721.6, 615.6)(775.9, 615.6)(775.9, 678.2)(790.2, 678.2)(790.2, 725.0)(721.6, 725.0);GATE
Port:(728.5, 621.5)(768.0, 621.5)(768.0, 629.4)(728.5, 629.4);SD
Module:M35
Boundary:(685.1, 376.9)(735.0, 376.9)(735.0, 377.2)(751.5, 377.2)(751.5, 466.6)(685.1, 466.6);GATE
Port:(698.6, 461.2)(738.0, 461.2)(738.0, 466.6)(698.6, 466.6);SD
Port:(685.1, 376.9)(735.0, 376.9)(735.0, 377.2)(751.5, 377.2)(751.5, 459.5)(685.1, 459.5);GATE
Port:(691.1, 381.9)(729.0, 381.9)(729.0, 387.7)(691.1, 387.7);SD
Module:M32
Boundary:(921.1, 619.6)(921.1, 701.7)(888.1, 701.7)(888.1, 716.5)(830.2, 716.5)(830.2, 619.6);GATE
Port:(830.2, 633.2)(835.5, 633.2)(835.5, 702.9)(830.2, 702.9);SD
Port:(921.1, 619.6)(921.1, 701.7)(888.1, 701.7)(888.1, 716.5)(837.9, 716.5)(837.9, 619.6);GATE
Port:(910.3, 625.3)(916.4, 625.3)(916.4, 695.0)(910.3, 695.0);SD
Module:M27
Boundary:(603.4, 625.6)(691.6, 625.6)(691.6, 728.8)(603.4, 728.8);GATE
Port:(614.8, 723.1)(680.2, 723.1)(680.2, 728.8)(614.8, 728.8);SD
Port:(603.4, 625.6)(691.6, 625.6)(691.6, 721.1)(603.4, 721.1);GATE
Port:(608.9, 630.1)(686.1, 630.1)(686.1, 635.5)(608.9, 635.5);SD
Module:M24
Boundary:(625.1, 20.0)(684.2, 20.0)(684.2, 42.6)(696.8, 42.6)(696.8, 154.2)(625.1, 154.2);GATE
Port:(637.3, 149.7)(684.6, 149.7)(684.6, 154.2)(637.3, 154.2);SD
Port:(625.1, 20.0)(684.2, 20.0)(684.2, 42.6)(696.8, 42.6)(696.8, 148.4)(625.1, 148.4);GATE
Port:(630.8, 24.7)(677.5, 24.7)(677.5, 30.3)(630.8, 30.3);SD
Module:M19
Boundary:(467.3, 185.3)(467.3, 248.4)(291.4, 248.4)(291.4, 185.3);GATE
Port:(291.4, 198.8)(296.7, 198.8)(296.7, 234.9)(291.4, 234.9);SD
Port:(467.3, 185.3)(467.3, 248.4)(298.2, 248.4)(298.2, 185.3);GATE
Port:(456.1, 191.1)(462.5, 191.1)(462.5, 242.6)(456.1, 242.6);SD
Module:M6
Boundary:(1154.1, 164.4)(1154.1, 265.8)(939.2, 265.8)(939.2, 164.4);GATE
Port:(939.2, 179.0)(943.6, 179.0)(943.6, 251.2)(939.2, 251.2);SD
Port:(1154.1, 164.4)(1154.1, 265.8)(946.0, 265.8)(946.0, 164.4);GATE
Port:(1142.8, 170.1)(1149.4, 170.1)(1149.4, 260.1)(1142.8, 260.1);SD
Module:M21
Boundary:(146.7, 415.2)(243.4, 415.2)(243.4, 512.7)(146.7, 512.7);GATE
Port:(158.9, 507.1)(231.2, 507.1)(231.2, 512.7)(158.9, 512.7);SD
Port:(146.7, 415.2)(243.4, 415.2)(243.4, 504.6)(146.7, 504.6);GATE
Port:(152.6, 420.1)(237.5, 420.1)(237.5, 425.7)(152.6, 425.7);SD
Module:M2
Boundary:(1180.4, 527.7)(1270.7, 527.7)(1270.7, 543.9)(1287.6, 543.9)(1287.6, 718.1)(1180.4, 718.1);GATE
Port:(1194.4, 713.2)(1273.6, 713.2)(1273.6, 718.1)(1194.4, 718.1);SD
Port:(1180.4, 527.7)(1270.7, 527.7)(1270.7, 543.9)(1287.6, 543.9)(1287.6, 710.8)(1180.4, 710.8);GATE
Port:(1186.2, 532.5)(1263.9, 532.5)(1263.9, 538.9)(1186.2, 538.9);SD
Module:M16
Boundary:(1146.3, 305.8)(1146.3, 395.6)(1127.8, 395.6)(1127.8, 408.8)(939.2, 408.8)(939.2, 305.8);GATE
Port:(939.2, 318.7)(943.5, 318.7)(943.5, 395.9)(939.2, 395.9);SD
Port:(1146.3, 305.8)(1146.3, 395.6)(1127.8, 395.6)(1127.8, 408.8)(946.0, 408.8)(946.0, 305.8);GATE
Port:(1135.9, 311.7)(1141.4, 311.7)(1141.4, 388.7)(1135.9, 388.7);SD
Module:M13
Boundary:(1163.7, 30.0)(1163.7, 114.3)(1091.5, 114.3)(1091.5, 30.0);GATE
Port:(1091.5, 44.0)(1096.5, 44.0)(1096.5, 100.3)(1091.5, 100.3);SD
Port:(1163.7, 30.0)(1163.7, 114.3)(1098.8, 114.3)(1098.8, 30.0);GATE
Port:(1152.6, 36.5)(1158.2, 36.5)(1158.2, 107.8)(1152.6, 107.8);SD
Module:M10
Boundary:(1204.1, 215.5)(1265.6, 215.5)(1265.6, 241.7)(1279.5, 241.7)(1279.5, 306.7)(1204.1, 306.7);GATE
Port:(1216.4, 301.9)(1267.2, 301.9)(1267.2, 306.7)(1216.4, 306.7);SD
Port:(1204.1, 215.5)(1265.6, 215.5)(1265.6, 241.7)(1279.5, 241.7)(1279.5, 298.9)(1204.1, 298.9);GATE
Port:(1209.8, 220.2)(1258.9, 220.2)(1258.9, 225.4)(1209.8, 225.4);SD
Module:M37
Boundary:(513.2, 10.0)(595.1, 10.0)(595.1, 158.7)(513.2, 158.7);GATE
Port:(527.1, 153.1)(581.2, 153.1)(581.2, 158.7)(527.1, 158.7);SD
Port:(513.2, 10.0)(595.1, 10.0)(595.1, 150.9)(513.2, 150.9);GATE
Port:(519.7, 15.5)(588.6, 15.5)(588.6, 21.7)(519.7, 21.7);SD
Module:M34
Boundary:(1123.2, 448.8)(1123.2, 553.1)(1027.0, 553.1)(1027.0, 569.6)(939.2, 569.6)(939.2, 448.8);GATE
Port:(939.2, 461.6)(944.2, 461.6)(944.2, 556.8)(939.2, 556.8);SD
Port:(1123.2, 448.8)(1123.2, 553.1)(1027.0, 553.1)(1027.0, 569.6)(945.6, 569.6)(945.6, 448.8);GATE
Port:(1113.0, 453.9)(1119.1, 453.9)(1119.1, 547.0)(1113.0, 547.0);SD
Module:M29
Boundary:(259.8, 552.7)(259.8, 605.4)(259.7, 605.4)(259.7, 623.5)(173.5, 623.5)(173.5, 552.7);GATE
Port:(173.5, 566.5)(179.1, 566.5)(179.1, 609.7)(173.5, 609.7);SD
Port:(259.8, 552.7)(259.8, 605.4)(259.7, 605.4)(259.7, 623.5)(181.9, 623.5)(181.9, 552.7);GATE
Port:(249.4, 558.3)(255.2, 558.3)(255.2, 599.8)(249.4, 599.8);SD
Module:M7
Boundary:(339.7, 663.9)(339.7, 728.0)(173.5, 728.0)(173.5, 663.9);GATE
Port:(173.5, 677.1)(177.8, 677.1)(177.8, 714.8)(173.5, 714.8);SD
Port:(339.7, 663.9)(339.7, 728.0)(180.0, 728.0)(180.0, 663.9);GATE
Port:(328.9, 669.5)(335.1, 669.5)(335.1, 722.4)(328.9, 722.4);SD
Module:M31
Boundary:(645.1, 194.2)(645.1, 277.9)(644.9, 277.9)(644.9, 291.1)(523.2, 291.1)(523.2, 194.2);GATE
Port:(523.2, 206.5)(529.0, 206.5)(529.0, 278.8)(523.2, 278.8);SD
Port:(645.1, 194.2)(645.1, 277.9)(644.9, 277.9)(644.9, 291.1)(530.2, 291.1)(530.2, 194.2);GATE
Port:(634.4, 199.4)(640.9, 199.4)(640.9, 272.7)(634.4, 272.7);SD
Module:M3
Boundary:(818.3, 206.2)(883.2, 206.2)(883.2, 206.5)(899.2, 206.5)(899.2, 371.8)(818.3, 371.8);GATE
Port:(831.3, 366.1)(886.2, 366.1)(886.2, 371.8)(831.3, 371.8);SD
Port:(818.3, 206.2)(883.2, 206.2)(883.2, 206.5)(899.2, 206.5)(899.2, 363.7)(818.3, 363.7);GATE
Port:(824.4, 211.3)(877.1, 211.3)(877.1, 216.6)(824.4, 216.6);SD
Module:M26
Boundary:(1041.5, 20.0)(1041.5, 108.3)(948.8, 108.3)(948.8, 124.4)(860.3, 124.4)(860.3, 20.0);GATE
Port:(860.3, 34.0)(865.8, 34.0)(865.8, 110.4)(860.3, 110.4);SD
Port:(1041.5, 20.0)(1041.5, 108.3)(948.8, 108.3)(948.8, 124.4)(868.1, 124.4)(868.1, 20.0);GATE
Port:(1029.7, 26.6)(1035.9, 26.6)(1035.9, 100.7)(1029.7, 100.7);SD
Module:M23
Boundary:(1223.7, 30.0)(1281.8, 30.0)(1281.8, 155.5)(1223.7, 155.5);GATE
Port:(1235.9, 151.3)(1269.6, 151.3)(1269.6, 155.5)(1235.9, 155.5);SD
Port:(1223.7, 30.0)(1281.8, 30.0)(1281.8, 149.3)(1223.7, 149.3);GATE
Port:(1229.7, 35.0)(1275.8, 35.0)(1275.8, 40.4)(1229.7, 40.4);SD
Module:M18
Boundary:(746.8, 30.0)(796.5, 30.0)(796.5, 80.4)(810.3, 80.4)(810.3, 156.2)(746.8, 156.2);GATE
Port:(760.3, 150.9)(796.8, 150.9)(796.8, 156.2)(760.3, 156.2);SD
Port:(746.8, 30.0)(796.5, 30.0)(796.5, 80.4)(810.3, 80.4)(810.3, 148.6)(746.8, 148.6);GATE
Port:(753.6, 35.8)(788.7, 35.8)(788.7, 41.3)(753.6, 41.3);SD
Module:M20
Boundary:(30.0, 398.7)(82.0, 398.7)(82.0, 431.4)(96.7, 431.4)(96.7, 533.1)(30.0, 533.1);GATE
Port:(44.0, 528.0)(82.7, 528.0)(82.7, 533.1)(44.0, 533.1);SD
Port:(30.0, 398.7)(82.0, 398.7)(82.0, 431.4)(96.7, 431.4)(96.7, 526.4)(30.0, 526.4);GATE
Port:(36.1, 403.8)(74.9, 403.8)(74.9, 410.9)(36.1, 410.9);SD
Module:M15
Boundary:(695.1, 216.2)(768.3, 216.2)(768.3, 326.9)(695.1, 326.9);GATE
Port:(706.2, 322.3)(757.2, 322.3)(757.2, 326.9)(706.2, 326.9);SD
Port:(695.1, 216.2)(768.3, 216.2)(768.3, 320.3)(695.1, 320.3);GATE
Port:(700.4, 220.5)(763.0, 220.5)(763.0, 225.2)(700.4, 225.2);SD
Module:M12
Boundary:(20.0, 583.1)(118.5, 583.1)(118.5, 627.9)(133.5, 627.9)(133.5, 719.6)(20.0, 719.6);GATE
Port:(33.1, 715.1)(120.4, 715.1)(120.4, 719.6)(33.1, 719.6);SD
Port:(20.0, 583.1)(118.5, 583.1)(118.5, 627.9)(133.5, 627.9)(133.5, 713.6)(20.0, 713.6);GATE
Port:(25.2, 587.3)(112.3, 587.3)(112.3, 594.0)(25.2, 594.0);SD
Module:M39
Boundary:(743.8, 496.6)(743.8, 595.6)(675.1, 595.6)(675.1, 496.6);GATE
Port:(675.1, 510.2)(679.6, 510.2)(679.6, 582.0)(675.1, 582.0);SD
Port:(743.8, 496.6)(743.8, 595.6)(682.4, 595.6)(682.4, 496.6);GATE
Port:(732.5, 503.1)(738.3, 503.1)(738.3, 589.1)(732.5, 589.1);SD
Module:M8
Boundary:(1186.3, 356.7)(1272.5, 356.7)(1272.5, 399.4)(1287.3, 399.4)(1287.3, 487.7)(1186.3, 487.7);GATE
Port:(1199.6, 482.4)(1274.0, 482.4)(1274.0, 487.7)(1199.6, 487.7);SD
Port:(1186.3, 356.7)(1272.5, 356.7)(1272.5, 399.4)(1287.3, 399.4)(1287.3, 480.1)(1186.3, 480.1);GATE
Port:(1191.8, 361.2)(1265.0, 361.2)(1265.0, 367.6)(1191.8, 367.6);SD
Module:M4
Boundary:(406.7, 438.6)(511.1, 438.6)(511.1, 527.7)(527.5, 527.7)(527.5, 611.3)(406.7, 611.3);GATE
Port:(419.9, 606.4)(514.3, 606.4)(514.3, 611.3)(419.9, 611.3);SD
Port:(406.7, 438.6)(511.1, 438.6)(511.1, 527.7)(527.5, 527.7)(527.5, 604.6)(406.7, 604.6);GATE
Port:(412.3, 443.2)(504.5, 443.2)(504.5, 449.1)(412.3, 449.1);SD
Module:M36
Boundary:(653.0, 321.1)(653.0, 391.3)(571.7, 391.3)(571.7, 407.1)(463.5, 407.1)(463.5, 321.1);GATE
Port:(463.5, 335.3)(469.1, 335.3)(469.1, 392.9)(463.5, 392.9);SD
Port:(653.0, 321.1)(653.0, 391.3)(571.7, 391.3)(571.7, 407.1)(471.8, 407.1)(471.8, 321.1);GATE
Port:(641.1, 327.2)(647.9, 327.2)(647.9, 384.2)(641.1, 384.2);SD
Module:M33
Boundary:(20.0, 20.0)(82.9, 20.0)(82.9, 20.2)(98.1, 20.2)(98.1, 223.1)(20.0, 223.1);GATE
Port:(32.5, 217.7)(85.6, 217.7)(85.6, 223.1)(32.5, 223.1);SD
Port:(20.0, 20.0)(82.9, 20.0)(82.9, 20.2)(98.1, 20.2)(98.1, 215.8)(20.0, 215.8);GATE
Port:(25.4, 24.4)(77.5, 24.4)(77.5, 30.6)(25.4, 30.6);SD
Module:M28
Boundary:(235.9, 298.8)(235.9, 357.8)(198.6, 357.8)(198.6, 375.2)(146.7, 375.2)(146.7, 298.8);GATE
Port:(146.7, 315.1)(152.1, 315.1)(152.1, 358.9)(146.7, 358.9);SD
Port:(235.9, 298.8)(235.9, 357.8)(198.6, 357.8)(198.6, 375.2)(153.3, 375.2)(153.3, 298.8);GATE
Port:(223.1, 305.4)(230.3, 305.4)(230.3, 350.2)(223.1, 350.2);SD
Module:M30
Boundary:(20.0, 263.1)(86.1, 263.1)(86.1, 263.4)(102.2, 263.4)(102.2, 348.7)(20.0, 348.7);GATE
Port:(33.2, 343.7)(89.0, 343.7)(89.0, 348.7)(33.2, 348.7);SD
Port:(20.0, 263.1)(86.1, 263.1)(86.1, 263.4)(102.2, 263.4)(102.2, 341.5)(20.0, 341.5);GATE
Port:(26.7, 268.8)(79.4, 268.8)(79.4, 273.6)(26.7, 273.6);SD
Module:M25
Boundary:(791.5, 411.8)(883.8, 411.8)(883.8, 412.2)(898.9, 412.2)(898.9, 565.9)(791.5, 565.9);GATE
Port:(803.7, 561.4)(886.7, 561.4)(886.7, 565.9)(803.7, 565.9);SD
Port:(791.5, 411.8)(883.8, 411.8)(883.8, 412.2)(898.9, 412.2)(898.9, 559.8)(791.5, 559.8);GATE
Port:(797.1, 416.4)(878.2, 416.4)(878.2, 421.8)(797.1, 421.8);SD
Module:M22
Boundary:(299.8, 438.6)(350.1, 438.6)(350.1, 486.6)(366.7, 486.6)(366.7, 623.9)(299.8, 623.9);GATE
Port:(312.2, 618.3)(354.3, 618.3)(354.3, 623.9)(312.2, 623.9);SD
Port:(299.8, 438.6)(350.1, 438.6)(350.1, 486.6)(366.7, 486.6)(366.7, 616.9)(299.8, 616.9);GATE
Port:(304.9, 442.7)(344.0, 442.7)(344.0, 447.5)(304.9, 447.5);SD
Module:M17
Boundary:(433.5, 288.4)(433.5, 383.2)(433.0, 383.2)(433.0, 398.6)(287.1, 398.6)(287.1, 288.4);GATE
Port:(287.1, 301.9)(291.7, 301.9)(291.7, 385.1)(287.1, 385.1);SD
Port:(433.5, 288.4)(433.5, 383.2)(433.0, 383.2)(433.0, 398.6)(294.2, 398.6)(294.2, 288.4);GATE
Port:(422.9, 294.9)(428.0, 294.9)(428.0, 376.7)(422.9, 376.7);SD
