Area:(-20.0, -20.0)(1034.0, -20.0)(1034.0, 553.0)(-20.0, 553.0)
Rule:GATE(5,5);SD(5,5);GATE_SD(0.5);GATE_ITO(0.5);SD_ITO(0.5)
Module:M14
Boundary:(420.0, 151.0)(513.5, 151.0)(513.5, 165.0)(529.0, 165.0)(529.0, 212.0)(420.0, 212.0);GATE
Port:(434.5, 202.0)(514.5, 202.0)(514.5, 212.0)(434.5, 212.0);SD
Port:(420.0, 151.0)(513.5, 151.0)(513.5, 165.0)(529.0, 165.0)(529.0, 197.0)(420.0, 197.0);GATE
Port:(430.0, 156.0)(499.0, 156.0)(499.0, 160.0)(430.0, 160.0);SD
Module:M9
Boundary:(380.0, 20.0)(380.0, 167.5)(364.0, 167.5)(364.0, 183.0)(187.0, 183.0)(187.0, 20.0);GATE
Port:(187.0, 34.5)(197.0, 34.5)(197.0, 168.5)(187.0, 168.5);SD
Port:(380.0, 20.0)(380.0, 167.5)(364.0, 167.5)(364.0, 183.0)(202.0, 183.0)(202.0, 20.0);GATE
Port:(371.0, 30.0)(375.0, 30.0)(375.0, 153.0)(371.0, 153.0);SD
Module:M5
Boundary:(370.0, 223.0)(370.0, 299.0)(362.0, 299.0)(362.0, 314.0)(235.0, 314.0)(235.0, 223.0);GATE
Port:(235.0, 237.5)(245.0, 237.5)(245.0, 299.5)(235.0, 299.5);SD
Port:(370.0, 223.0)(370.0, 299.0)(362.0, 299.0)(362.0, 314.0)(250.0, 314.0)(250.0, 223.0);GATE
Port:(361.0, 233.0)(365.0, 233.0)(365.0, 284.0)(361.0, 284.0);SD
Module:M11
Boundary:(533.0, 20.0)(533.0, 96.0)(525.0, 96.0)(525.0, 111.0)(420.0, 111.0)(420.0, 20.0);GATE
Port:(420.0, 34.5)(430.0, 34.5)(430.0, 96.5)(420.0, 96.5);SD
Port:(533.0, 20.0)(533.0, 96.0)(525.0, 96.0)(525.0, 111.0)(435.0, 111.0)(435.0, 20.0);GATE
Port:(524.0, 30.0)(528.0, 30.0)(528.0, 81.0)(524.0, 81.0);SD
Module:M1
Boundary:(20.0, 20.0)(131.5, 20.0)(131.5, 32.0)(147.0, 32.0)(147.0, 174.0)(20.0, 174.0);GATE
Port:(34.5, 164.0)(132.5, 164.0)(132.5, 174.0)(34.5, 174.0);SD
Port:(20.0, 20.0)(131.5, 20.0)(131.5, 32.0)(147.0, 32.0)(147.0, 159.0)(20.0, 159.0);GATE
Port:(30.0, 25.0)(117.0, 25.0)(117.0, 29.0)(30.0, 29.0);SD
Module:M19
Boundary:(638.0, 243.0)(638.0, 316.0)(573.0, 316.0)(573.0, 243.0);GATE
Port:(573.0, 257.5)(583.0, 257.5)(583.0, 301.5)(573.0, 301.5);SD
Port:(638.0, 243.0)(638.0, 316.0)(588.0, 316.0)(588.0, 243.0);GATE
Port:(629.0, 253.0)(633.0, 253.0)(633.0, 306.0)(629.0, 306.0);SD
Module:M6
Boundary:(881.0, 366.0)(974.5, 366.0)(974.5, 376.0)(990.0, 376.0)(990.0, 512.0)(881.0, 512.0);GATE
Port:(895.5, 502.0)(975.5, 502.0)(975.5, 512.0)(895.5, 512.0);SD
Port:(881.0, 366.0)(974.5, 366.0)(974.5, 376.0)(990.0, 376.0)(990.0, 497.0)(881.0, 497.0);GATE
Port:(891.0, 371.0)(960.0, 371.0)(960.0, 375.0)(891.0, 375.0);SD
Module:M2
Boundary:(667.0, 130.0)(667.0, 203.0)(573.0, 203.0)(573.0, 130.0);GATE
Port:(573.0, 144.5)(583.0, 144.5)(583.0, 188.5)(573.0, 188.5);SD
Port:(667.0, 130.0)(667.0, 203.0)(588.0, 203.0)(588.0, 130.0);GATE
Port:(658.0, 140.0)(662.0, 140.0)(662.0, 193.0)(658.0, 193.0);SD
Module:M16
Boundary:(722.0, 20.0)(795.0, 20.0)(795.0, 207.0)(722.0, 207.0);GATE
Port:(736.5, 197.0)(780.5, 197.0)(780.5, 207.0)(736.5, 207.0);SD
Port:(722.0, 20.0)(795.0, 20.0)(795.0, 192.0)(722.0, 192.0);GATE
Port:(732.0, 25.0)(785.0, 25.0)(785.0, 29.0)(732.0, 29.0);SD
Module:M13
Boundary:(671.0, 391.0)(818.5, 391.0)(818.5, 407.0)(834.0, 407.0)(834.0, 513.0)(671.0, 513.0);GATE
Port:(685.5, 503.0)(819.5, 503.0)(819.5, 513.0)(685.5, 513.0);SD
Port:(671.0, 391.0)(818.5, 391.0)(818.5, 407.0)(834.0, 407.0)(834.0, 498.0)(671.0, 498.0);GATE
Port:(681.0, 396.0)(804.0, 396.0)(804.0, 400.0)(681.0, 400.0);SD
Module:M10
Boundary:(450.0, 365.0)(579.5, 365.0)(579.5, 404.5)(631.0, 404.5)(631.0, 497.0)(450.0, 497.0);GATE
Port:(464.5, 487.0)(616.5, 487.0)(616.5, 497.0)(464.5, 497.0);SD
Port:(450.0, 365.0)(579.5, 365.0)(579.5, 404.5)(631.0, 404.5)(631.0, 482.0)(450.0, 482.0);GATE
Port:(460.0, 370.0)(565.0, 370.0)(565.0, 374.0)(460.0, 374.0);SD
Module:M7
Boundary:(122.0, 223.0)(195.0, 223.0)(195.0, 293.0)(122.0, 293.0);GATE
Port:(136.5, 283.0)(180.5, 283.0)(180.5, 293.0)(136.5, 293.0);SD
Port:(122.0, 223.0)(195.0, 223.0)(195.0, 278.0)(122.0, 278.0);GATE
Port:(132.0, 228.0)(185.0, 228.0)(185.0, 232.0)(132.0, 232.0);SD
Module:M3
Boundary:(881.0, 187.0)(974.5, 187.0)(974.5, 197.0)(990.0, 197.0)(990.0, 326.0)(881.0, 326.0);GATE
Port:(895.5, 316.0)(975.5, 316.0)(975.5, 326.0)(895.5, 326.0);SD
Port:(881.0, 187.0)(974.5, 187.0)(974.5, 197.0)(990.0, 197.0)(990.0, 311.0)(881.0, 311.0);GATE
Port:(891.0, 192.0)(960.0, 192.0)(960.0, 196.0)(891.0, 196.0);SD
Module:M18
Boundary:(410.0, 365.0)(410.0, 494.5)(396.0, 494.5)(396.0, 510.0)(234.0, 510.0)(234.0, 365.0);GATE
Port:(234.0, 379.5)(244.0, 379.5)(244.0, 495.5)(234.0, 495.5);SD
Port:(410.0, 365.0)(410.0, 494.5)(396.0, 494.5)(396.0, 510.0)(249.0, 510.0)(249.0, 365.0);GATE
Port:(401.0, 375.0)(405.0, 375.0)(405.0, 480.0)(401.0, 480.0);SD
Module:M20
Boundary:(194.0, 345.0)(194.0, 492.5)(178.0, 492.5)(178.0, 508.0)(20.0, 508.0)(20.0, 345.0);GATE
Port:(20.0, 359.5)(30.0, 359.5)(30.0, 493.5)(20.0, 493.5);SD
Port:(194.0, 345.0)(194.0, 492.5)(178.0, 492.5)(178.0, 508.0)(35.0, 508.0)(35.0, 345.0);GATE
Port:(185.0, 355.0)(189.0, 355.0)(189.0, 478.0)(185.0, 478.0);SD
Module:M15
Boundary:(82.0, 214.0)(82.0, 290.0)(74.0, 290.0)(74.0, 305.0)(20.0, 305.0)(20.0, 214.0);GATE
Port:(20.0, 228.5)(30.0, 228.5)(30.0, 290.5)(20.0, 290.5);SD
Port:(82.0, 214.0)(82.0, 290.0)(74.0, 290.0)(74.0, 305.0)(35.0, 305.0)(35.0, 214.0);GATE
Port:(73.0, 224.0)(77.0, 224.0)(77.0, 275.0)(73.0, 275.0);SD
Module:M12
Boundary:(532.0, 252.0)(532.0, 325.0)(410.0, 325.0)(410.0, 252.0);GATE
Port:(410.0, 266.5)(420.0, 266.5)(420.0, 310.5)(410.0, 310.5);SD
Port:(532.0, 252.0)(532.0, 325.0)(425.0, 325.0)(425.0, 252.0);GATE
Port:(523.0, 262.0)(527.0, 262.0)(527.0, 315.0)(523.0, 315.0);SD
Module:M8
Boundary:(994.0, 20.0)(994.0, 131.5)(978.0, 131.5)(978.0, 147.0)(835.0, 147.0)(835.0, 20.0);GATE
Port:(835.0, 34.5)(845.0, 34.5)(845.0, 132.5)(835.0, 132.5);SD
Port:(994.0, 20.0)(994.0, 131.5)(978.0, 131.5)(978.0, 147.0)(850.0, 147.0)(850.0, 20.0);GATE
Port:(985.0, 30.0)(989.0, 30.0)(989.0, 117.0)(985.0, 117.0);SD
Module:M4
Boundary:(678.0, 247.0)(807.5, 247.0)(807.5, 291.2)(841.0, 291.2)(841.0, 351.0)(678.0, 351.0);GATE
Port:(692.5, 341.0)(826.5, 341.0)(826.5, 351.0)(692.5, 351.0);SD
Port:(678.0, 247.0)(807.5, 247.0)(807.5, 291.2)(841.0, 291.2)(841.0, 336.0)(678.0, 336.0);GATE
Port:(688.0, 252.0)(793.0, 252.0)(793.0, 256.0)(688.0, 256.0);SD
Module:M17
Boundary:(573.0, 20.0)(666.5, 20.0)(666.5, 30.0)(682.0, 30.0)(682.0, 90.0)(573.0, 90.0);GATE
Port:(587.5, 80.0)(667.5, 80.0)(667.5, 90.0)(587.5, 90.0);SD
Port:(573.0, 20.0)(666.5, 20.0)(666.5, 30.0)(682.0, 30.0)(682.0, 75.0)(573.0, 75.0);GATE
Port:(583.0, 25.0)(652.0, 25.0)(652.0, 29.0)(583.0, 29.0);SD
