Area:(-20.0, -20.0)(1274.6, -20.0)(1274.6, 907.1)(-20.0, 907.1)
Rule:GATE(5,5);SD(5,5);GATE_SD(0.5);GATE_ITO(0.5);SD_ITO(0.5)
Module:M14
Boundary:(1234.6, 633.9)(1234.6, 727.1)(1144.6, 727.1)(1144.6, 740.6)(1079.6, 740.6)(1079.6, 633.9);GATE
Port:(1079.6, 647.7)(1085.0, 647.7)(1085.0, 726.8)(1079.6, 726.8);SD
Port:(1234.6, 633.9)(1234.6, 727.1)(1144.6, 727.1)(1144.6, 740.6)(1087.5, 740.6)(1087.5, 633.9);GATE
Port:(1222.9, 640.4)(1229.1, 640.4)(1229.1, 719.6)(1222.9, 719.6);SD
Module:M9
Boundary:(1050.5, 263.0)(1098.6, 263.0)(1098.6, 263.0)(1112.6, 263.0)(1112.6, 387.1)(1050.5, 387.1);GATE
Port:(1064.4, 382.8)(1098.7, 382.8)(1098.7, 387.1)(1064.4, 387.1);SD
Port:(1050.5, 263.0)(1098.6, 263.0)(1098.6, 263.0)(1112.6, 263.0)(1112.6, 381.8)(1050.5, 381.8);GATE
Port:(1057.2, 268.7)(1091.9, 268.7)(1091.9, 275.1)(1057.2, 275.1);SD
Module:M5
Boundary:(486.6, 805.5)(486.6, 852.5)(486.5, 852.5)(486.5, 867.1)(306.1, 867.1)(306.1, 805.5);GATE
Port:(306.1, 818.3)(310.4, 818.3)(310.4, 854.3)(306.1, 854.3);SD
Port:(486.6, 805.5)(486.6, 852.5)(486.5, 852.5)(486.5, 867.1)(311.4, 867.1)(311.4, 805.5);GATE
Port:(476.1, 811.6)(481.5, 811.6)(481.5, 846.4)(476.1, 846.4);SD
Module:M11
Boundary:(494.7, 700.2)(494.7, 765.5)(317.2, 765.5)(317.2, 700.2);GATE
Port:(317.2, 714.7)(322.6, 714.7)(322.6, 751.0)(317.2, 751.0);SD
Port:(494.7, 700.2)(494.7, 765.5)(324.6, 765.5)(324.6, 700.2);GATE
Port:(482.8, 706.8)(489.1, 706.8)(489.1, 758.9)(482.8, 758.9);SD
Module:M1
Boundary:(317.2, 481.7)(424.4, 481.7)(424.4, 660.2)(317.2, 660.2);GATE
Port:(328.3, 654.3)(413.3, 654.3)(413.3, 660.2)(328.3, 660.2);SD
Port:(317.2, 481.7)(424.4, 481.7)(424.4, 651.8)(317.2, 651.8);GATE
Port:(322.3, 485.8)(419.3, 485.8)(419.3, 490.5)(322.3, 490.5);SD
Module:M43
Boundary:(1152.6, 263.0)(1214.2, 263.0)(1214.2, 263.2)(1229.3, 263.2)(1229.3, 384.2)(1152.6, 384.2);GATE
Port:(1165.1, 380.0)(1216.8, 380.0)(1216.8, 384.2)(1165.1, 384.2);SD
Port:(1152.6, 263.0)(1214.2, 263.0)(1214.2, 263.2)(1229.3, 263.2)(1229.3, 377.8)(1152.6, 377.8);GATE
Port:(1158.3, 267.7)(1208.5, 267.7)(1208.5, 273.4)(1158.3, 273.4);SD
Module:M38
Boundary:(632.3, 142.2)(730.0, 142.2)(730.0, 206.9)(744.6, 206.9)(744.6, 273.8)(632.3, 273.8);GATE
Port:(645.5, 269.1)(731.4, 269.1)(731.4, 273.8)(645.5, 273.8);SD
Port:(632.3, 142.2)(730.0, 142.2)(730.0, 206.9)(744.6, 206.9)(744.6, 267.5)(632.3, 267.5);GATE
Port:(639.3, 148.2)(722.0, 148.2)(722.0, 153.5)(639.3, 153.5);SD
Module:M40
Boundary:(632.8, 442.7)(727.1, 442.7)(727.1, 461.0)(744.8, 461.0)(744.8, 515.4)(632.8, 515.4);GATE
Port:(647.6, 509.5)(730.0, 509.5)(730.0, 515.4)(647.6, 515.4);SD
Port:(632.8, 442.7)(727.1, 442.7)(727.1, 461.0)(744.8, 461.0)(744.8, 506.6)(632.8, 506.6);GATE
Port:(639.8, 448.7)(719.1, 448.7)(719.1, 454.1)(639.8, 454.1);SD
Module:M35
Boundary:(329.5, 20.0)(434.5, 20.0)(434.5, 218.9)(329.5, 218.9);GATE
Port:(343.5, 214.5)(420.5, 214.5)(420.5, 218.9)(343.5, 218.9);SD
Port:(329.5, 20.0)(434.5, 20.0)(434.5, 212.4)(329.5, 212.4);GATE
Port:(336.0, 25.5)(428.0, 25.5)(428.0, 31.6)(336.0, 31.6);SD
Module:M32
Boundary:(249.8, 796.3)(249.8, 842.2)(199.9, 842.2)(199.9, 855.6)(141.6, 855.6)(141.6, 796.3);GATE
Port:(141.6, 807.8)(146.5, 807.8)(146.5, 844.1)(141.6, 844.1);SD
Port:(249.8, 796.3)(249.8, 842.2)(199.9, 842.2)(199.9, 855.6)(149.1, 855.6)(149.1, 796.3);GATE
Port:(239.9, 801.9)(245.2, 801.9)(245.2, 835.6)(239.9, 835.6);SD
Module:M27
Boundary:(219.6, 20.0)(271.4, 20.0)(271.4, 20.3)(289.5, 20.3)(289.5, 203.1)(219.6, 203.1);GATE
Port:(232.5, 197.3)(276.6, 197.3)(276.6, 203.1)(232.5, 203.1);SD
Port:(219.6, 20.0)(271.4, 20.0)(271.4, 20.3)(289.5, 20.3)(289.5, 194.8)(219.6, 194.8);GATE
Port:(224.6, 24.0)(266.4, 24.0)(266.4, 29.4)(224.6, 29.4);SD
Module:M24
Boundary:(1081.9, 486.1)(1081.9, 569.6)(1011.1, 569.6)(1011.1, 584.7)(956.8, 584.7)(956.8, 486.1);GATE
Port:(956.8, 499.4)(961.6, 499.4)(961.6, 571.4)(956.8, 571.4);SD
Port:(1081.9, 486.1)(1081.9, 569.6)(1011.1, 569.6)(1011.1, 584.7)(963.6, 584.7)(963.6, 486.1);GATE
Port:(1070.8, 491.8)(1077.2, 491.8)(1077.2, 562.9)(1070.8, 562.9);SD
Module:M19
Boundary:(1213.7, 155.2)(1213.7, 213.0)(1065.1, 213.0)(1065.1, 155.2);GATE
Port:(1065.1, 167.0)(1069.8, 167.0)(1069.8, 201.2)(1065.1, 201.2);SD
Port:(1213.7, 155.2)(1213.7, 213.0)(1071.7, 213.0)(1071.7, 155.2);GATE
Port:(1203.6, 161.5)(1208.4, 161.5)(1208.4, 206.7)(1203.6, 206.7);SD
Module:M6
Boundary:(20.0, 239.1)(68.6, 239.1)(68.6, 344.1)(82.9, 344.1)(82.9, 439.4)(20.0, 439.4);GATE
Port:(32.8, 433.8)(70.1, 433.8)(70.1, 439.4)(32.8, 439.4);SD
Port:(20.0, 239.1)(68.6, 239.1)(68.6, 344.1)(82.9, 344.1)(82.9, 432.5)(20.0, 432.5);GATE
Port:(26.9, 245.0)(60.7, 245.0)(60.7, 249.2)(26.9, 249.2);SD
Module:M21
Boundary:(901.7, 610.6)(901.7, 705.6)(811.2, 705.6)(811.2, 610.6);GATE
Port:(811.2, 622.5)(815.4, 622.5)(815.4, 693.7)(811.2, 693.7);SD
Port:(901.7, 610.6)(901.7, 705.6)(816.8, 705.6)(816.8, 610.6);GATE
Port:(891.5, 615.8)(897.5, 615.8)(897.5, 700.4)(891.5, 700.4);SD
Module:M2
Boundary:(179.6, 20.0)(179.6, 70.9)(112.1, 70.9)(112.1, 87.0)(20.0, 87.0)(20.0, 20.0);GATE
Port:(20.0, 32.4)(25.8, 32.4)(25.8, 74.6)(20.0, 74.6);SD
Port:(179.6, 20.0)(179.6, 70.9)(112.1, 70.9)(112.1, 87.0)(27.5, 87.0)(27.5, 20.0);GATE
Port:(169.6, 25.6)(175.0, 25.6)(175.0, 64.3)(169.6, 64.3);SD
Module:M16
Boundary:(1121.9, 427.1)(1209.8, 427.1)(1209.8, 525.6)(1225.3, 525.6)(1225.3, 593.9)(1121.9, 593.9);GATE
Port:(1137.0, 589.3)(1210.2, 589.3)(1210.2, 593.9)(1137.0, 593.9);SD
Port:(1121.9, 427.1)(1209.8, 427.1)(1209.8, 525.6)(1225.3, 525.6)(1225.3, 587.7)(1121.9, 587.7);GATE
Port:(1128.8, 433.0)(1201.9, 433.0)(1201.9, 439.5)(1128.8, 439.5);SD
Module:M13
Boundary:(244.1, 542.3)(244.1, 638.6)(20.0, 638.6)(20.0, 542.3);GATE
Port:(20.0, 556.0)(25.4, 556.0)(25.4, 624.9)(20.0, 624.9);SD
Port:(244.1, 542.3)(244.1, 638.6)(27.0, 638.6)(27.0, 542.3);GATE
Port:(232.2, 548.6)(238.8, 548.6)(238.8, 632.3)(232.2, 632.3);SD
Module:M45
Boundary:(956.8, 259.7)(1010.5, 259.7)(1010.5, 446.1)(956.8, 446.1);GATE
Port:(971.5, 440.9)(995.8, 440.9)(995.8, 446.1)(971.5, 446.1);SD
Port:(956.8, 259.7)(1010.5, 259.7)(1010.5, 438.4)(956.8, 438.4);GATE
Port:(963.3, 265.2)(1004.0, 265.2)(1004.0, 271.0)(963.3, 271.0);SD
Module:M10
Boundary:(696.0, 754.1)(769.3, 754.1)(769.3, 812.3)(781.6, 812.3)(781.6, 861.8)(696.0, 861.8);GATE
Port:(709.1, 856.4)(768.5, 856.4)(768.5, 861.8)(709.1, 861.8);SD
Port:(696.0, 754.1)(769.3, 754.1)(769.3, 812.3)(781.6, 812.3)(781.6, 854.7)(696.0, 854.7);GATE
Port:(702.9, 760.0)(761.4, 760.0)(761.4, 765.2)(702.9, 765.2);SD
Module:M42
Boundary:(277.2, 378.8)(277.2, 485.3)(212.1, 485.3)(212.1, 502.3)(122.9, 502.3)(122.9, 378.8);GATE
Port:(122.9, 391.7)(127.5, 391.7)(127.5, 489.4)(122.9, 489.4);SD
Port:(277.2, 378.8)(277.2, 485.3)(212.1, 485.3)(212.1, 502.3)(129.6, 502.3)(129.6, 378.8);GATE
Port:(267.7, 383.9)(273.1, 383.9)(273.1, 479.2)(267.7, 479.2);SD
Module:M37
Boundary:(950.9, 131.7)(1015.1, 131.7)(1015.1, 219.7)(950.9, 219.7);GATE
Port:(963.5, 215.7)(1002.5, 215.7)(1002.5, 219.7)(963.5, 219.7);SD
Port:(950.9, 131.7)(1015.1, 131.7)(1015.1, 213.9)(950.9, 213.9);GATE
Port:(956.4, 136.2)(1009.6, 136.2)(1009.6, 141.5)(956.4, 141.5);SD
Module:M34
Boundary:(1018.7, 762.2)(1018.7, 850.3)(933.0, 850.3)(933.0, 866.1)(821.6, 866.1)(821.6, 762.2);GATE
Port:(821.6, 776.9)(826.3, 776.9)(826.3, 851.4)(821.6, 851.4);SD
Port:(1018.7, 762.2)(1018.7, 850.3)(933.0, 850.3)(933.0, 866.1)(829.1, 866.1)(829.1, 762.2);GATE
Port:(1006.3, 768.3)(1013.6, 768.3)(1013.6, 843.2)(1006.3, 843.2);SD
Module:M29
Boundary:(1233.5, 20.0)(1233.5, 88.6)(1233.3, 88.6)(1233.3, 105.2)(1070.7, 105.2)(1070.7, 20.0);GATE
Port:(1070.7, 34.6)(1075.1, 34.6)(1075.1, 90.6)(1070.7, 90.6);SD
Port:(1233.5, 20.0)(1233.5, 88.6)(1233.3, 88.6)(1233.3, 105.2)(1076.2, 105.2)(1076.2, 20.0);GATE
Port:(1222.0, 25.7)(1228.8, 25.7)(1228.8, 82.9)(1222.0, 82.9);SD
Module:M7
Boundary:(794.1, 20.0)(794.1, 85.7)(794.1, 85.7)(794.1, 102.2)(632.3, 102.2)(632.3, 20.0);GATE
Port:(632.3, 32.5)(636.8, 32.5)(636.8, 89.7)(632.3, 89.7);SD
Port:(794.1, 20.0)(794.1, 85.7)(794.1, 85.7)(794.1, 102.2)(638.5, 102.2)(638.5, 20.0);GATE
Port:(784.5, 25.0)(790.1, 25.0)(790.1, 80.7)(784.5, 80.7);SD
Module:M31
Boundary:(20.0, 678.6)(77.5, 678.6)(77.5, 678.7)(91.6, 678.7)(91.6, 840.7)(20.0, 840.7);GATE
Port:(31.6, 835.1)(80.0, 835.1)(80.0, 840.7)(31.6, 840.7);SD
Port:(20.0, 678.6)(77.5, 678.6)(77.5, 678.7)(91.6, 678.7)(91.6, 832.4)(20.0, 832.4);GATE
Port:(25.1, 682.7)(72.4, 682.7)(72.4, 688.1)(25.1, 688.1);SD
Module:M3
Boundary:(569.7, 670.4)(639.3, 670.4)(639.3, 670.6)(656.0, 670.6)(656.0, 855.0)(569.7, 855.0);GATE
Port:(583.9, 850.0)(641.8, 850.0)(641.8, 855.0)(583.9, 855.0);SD
Port:(569.7, 670.4)(639.3, 670.4)(639.3, 670.6)(656.0, 670.6)(656.0, 848.1)(569.7, 848.1);GATE
Port:(575.8, 675.5)(633.2, 675.5)(633.2, 682.2)(575.8, 682.2);SD
Module:M26
Boundary:(493.2, 238.4)(565.9, 238.4)(565.9, 264.8)(582.3, 264.8)(582.3, 332.2)(493.2, 332.2);GATE
Port:(507.8, 327.4)(567.7, 327.4)(567.7, 332.2)(507.8, 332.2);SD
Port:(493.2, 238.4)(565.9, 238.4)(565.9, 264.8)(582.3, 264.8)(582.3, 325.4)(493.2, 325.4);GATE
Port:(499.3, 243.5)(558.8, 243.5)(558.8, 250.5)(499.3, 250.5);SD
Module:M23
Boundary:(161.2, 127.0)(161.2, 199.1)(20.0, 199.1)(20.0, 127.0);GATE
Port:(20.0, 141.0)(24.8, 141.0)(24.8, 185.1)(20.0, 185.1);SD
Port:(161.2, 127.0)(161.2, 199.1)(26.8, 199.1)(26.8, 127.0);GATE
Port:(150.1, 133.0)(156.2, 133.0)(156.2, 193.1)(150.1, 193.1);SD
Module:M18
Boundary:(414.3, 374.8)(414.3, 431.7)(333.7, 431.7)(333.7, 374.8);GATE
Port:(333.7, 385.9)(339.0, 385.9)(339.0, 420.6)(333.7, 420.6);SD
Port:(414.3, 374.8)(414.3, 431.7)(340.1, 431.7)(340.1, 374.8);GATE
Port:(404.8, 379.8)(410.3, 379.8)(410.3, 426.7)(404.8, 426.7);SD
Module:M20
Boundary:(443.2, 258.9)(443.2, 310.0)(386.7, 310.0)(386.7, 324.8)(323.7, 324.8)(323.7, 258.9);GATE
Port:(323.7, 272.9)(328.6, 272.9)(328.6, 310.8)(323.7, 310.8);SD
Port:(443.2, 258.9)(443.2, 310.0)(386.7, 310.0)(386.7, 324.8)(331.1, 324.8)(331.1, 258.9);GATE
Port:(431.8, 264.4)(438.7, 264.4)(438.7, 303.5)(431.8, 303.5);SD
Module:M15
Boundary:(464.4, 500.4)(529.7, 500.4)(529.7, 658.6)(464.4, 658.6);GATE
Port:(477.0, 654.2)(517.1, 654.2)(517.1, 658.6)(477.0, 658.6);SD
Port:(464.4, 500.4)(529.7, 500.4)(529.7, 651.6)(464.4, 651.6);GATE
Port:(470.8, 505.8)(523.3, 505.8)(523.3, 511.0)(470.8, 511.0);SD
Module:M12
Boundary:(664.1, 565.4)(664.1, 615.3)(643.2, 615.3)(643.2, 630.4)(569.7, 630.4)(569.7, 565.4);GATE
Port:(569.7, 578.3)(574.2, 578.3)(574.2, 617.5)(569.7, 617.5);SD
Port:(664.1, 565.4)(664.1, 615.3)(643.2, 615.3)(643.2, 630.4)(575.6, 630.4)(575.6, 565.4);GATE
Port:(654.0, 570.6)(659.9, 570.6)(659.9, 609.1)(654.0, 609.1);SD
Module:M44
Boundary:(266.1, 678.6)(266.1, 730.7)(189.8, 730.7)(189.8, 746.3)(131.6, 746.3)(131.6, 678.6);GATE
Port:(131.6, 692.0)(135.8, 692.0)(135.8, 732.9)(131.6, 732.9);SD
Port:(266.1, 678.6)(266.1, 730.7)(189.8, 730.7)(189.8, 746.3)(138.6, 746.3)(138.6, 678.6);GATE
Port:(255.0, 684.8)(260.9, 684.8)(260.9, 723.5)(255.0, 723.5);SD
Module:M39
Boundary:(1225.3, 790.6)(1225.3, 853.2)(1068.7, 853.2)(1068.7, 790.6);GATE
Port:(1068.7, 803.3)(1074.2, 803.3)(1074.2, 840.5)(1068.7, 840.5);SD
Port:(1225.3, 790.6)(1225.3, 853.2)(1075.2, 853.2)(1075.2, 790.6);GATE
Port:(1214.2, 796.4)(1220.5, 796.4)(1220.5, 847.4)(1214.2, 847.4);SD
Module:M8
Boundary:(913.0, 301.2)(913.0, 389.1)(857.7, 389.1)(857.7, 405.5)(794.8, 405.5)(794.8, 301.2);GATE
Port:(794.8, 315.1)(800.3, 315.1)(800.3, 391.6)(794.8, 391.6);SD
Port:(913.0, 301.2)(913.0, 389.1)(857.7, 389.1)(857.7, 405.5)(801.5, 405.5)(801.5, 301.2);GATE
Port:(902.5, 307.9)(907.3, 307.9)(907.3, 381.4)(902.5, 381.4);SD
Module:M41
Boundary:(941.7, 624.7)(1023.0, 624.7)(1023.0, 625.0)(1039.6, 625.0)(1039.6, 722.2)(941.7, 722.2);GATE
Port:(954.0, 717.4)(1027.3, 717.4)(1027.3, 722.2)(954.0, 722.2);SD
Port:(941.7, 624.7)(1023.0, 624.7)(1023.0, 625.0)(1039.6, 625.0)(1039.6, 714.5)(941.7, 714.5);GATE
Port:(946.9, 628.9)(1017.8, 628.9)(1017.8, 633.9)(946.9, 633.9);SD
Module:M4
Boundary:(704.1, 565.4)(757.6, 565.4)(757.6, 650.0)(771.2, 650.0)(771.2, 714.1)(704.1, 714.1);GATE
Port:(718.7, 708.6)(756.6, 708.6)(756.6, 714.1)(718.7, 714.1);SD
Port:(704.1, 565.4)(757.6, 565.4)(757.6, 650.0)(771.2, 650.0)(771.2, 706.6)(704.1, 706.6);GATE
Port:(710.7, 571.0)(749.0, 571.0)(749.0, 577.7)(710.7, 577.7);SD
Module:M36
Boundary:(582.8, 382.2)(582.8, 446.4)(545.2, 446.4)(545.2, 460.4)(464.4, 460.4)(464.4, 382.2);GATE
Port:(464.4, 395.0)(469.3, 395.0)(469.3, 447.6)(464.4, 447.6);SD
Port:(582.8, 382.2)(582.8, 446.4)(545.2, 446.4)(545.2, 460.4)(471.6, 460.4)(471.6, 382.2);GATE
Port:(572.2, 388.9)(577.1, 388.9)(577.1, 438.7)(572.2, 438.7);SD
Module:M33
Boundary:(474.5, 20.0)(574.2, 20.0)(574.2, 20.0)(590.4, 20.0)(590.4, 188.4)(474.5, 188.4);GATE
Port:(488.6, 183.2)(576.3, 183.2)(576.3, 188.4)(488.6, 188.4);SD
Port:(474.5, 20.0)(574.2, 20.0)(574.2, 20.0)(590.4, 20.0)(590.4, 180.6)(474.5, 180.6);GATE
Port:(480.1, 24.6)(568.6, 24.6)(568.6, 31.5)(480.1, 31.5);SD
Module:M28
Boundary:(751.9, 313.8)(751.9, 378.3)(705.7, 378.3)(705.7, 392.7)(632.3, 392.7)(632.3, 313.8);GATE
Port:(632.3, 326.2)(638.3, 326.2)(638.3, 380.3)(632.3, 380.3);SD
Port:(751.9, 313.8)(751.9, 378.3)(705.7, 378.3)(705.7, 392.7)(641.0, 392.7)(641.0, 313.8);GATE
Port:(741.0, 319.2)(747.5, 319.2)(747.5, 371.9)(741.0, 371.9);SD
Module:M30
Boundary:(784.6, 142.2)(893.2, 142.2)(893.2, 142.7)(910.9, 142.7)(910.9, 261.2)(784.6, 261.2);GATE
Port:(799.9, 257.2)(895.6, 257.2)(895.6, 261.2)(799.9, 261.2);SD
Port:(784.6, 142.2)(893.2, 142.2)(893.2, 142.7)(910.9, 142.7)(910.9, 254.3)(784.6, 254.3);GATE
Port:(791.2, 147.8)(886.6, 147.8)(886.6, 154.1)(791.2, 154.1);SD
Module:M25
Boundary:(1030.7, 20.0)(1030.7, 91.7)(834.1, 91.7)(834.1, 20.0);GATE
Port:(834.1, 35.6)(838.8, 35.6)(838.8, 76.1)(834.1, 76.1);SD
Port:(1030.7, 20.0)(1030.7, 91.7)(840.7, 91.7)(840.7, 20.0);GATE
Port:(1017.9, 26.8)(1024.9, 26.8)(1024.9, 84.9)(1017.9, 84.9);SD
Module:M22
Boundary:(283.7, 243.1)(283.7, 324.0)(270.0, 324.0)(270.0, 338.8)(122.9, 338.8)(122.9, 243.1);GATE
Port:(122.9, 255.5)(127.3, 255.5)(127.3, 326.4)(122.9, 326.4);SD
Port:(283.7, 243.1)(283.7, 324.0)(270.0, 324.0)(270.0, 338.8)(130.0, 338.8)(130.0, 243.1);GATE
Port:(273.2, 248.8)(279.0, 248.8)(279.0, 317.3)(273.2, 317.3);SD
Module:M17
Boundary:(821.2, 455.5)(893.4, 455.5)(893.4, 455.6)(906.8, 455.6)(906.8, 560.6)(821.2, 560.6);GATE
Port:(834.1, 554.9)(893.9, 554.9)(893.9, 560.6)(834.1, 560.6);SD
Port:(821.2, 455.5)(893.4, 455.5)(893.4, 455.6)(906.8, 455.6)(906.8, 552.5)(821.2, 552.5);GATE
Port:(827.0, 460.3)(887.6, 460.3)(887.6, 466.8)(827.0, 466.8);SD
