Area:(-20.0, -16.0)(765.0, -16.0)(765.0, 2244.0)(-20.0, 2244.0)
Rule:GATE(5,5);SD(5,5);GATE_SD(0.5);GATE_ITO(0.5);SD_ITO(0.5)
Module:M46
Boundary:(230.5, 264.3)(324.0, 264.3)(324.0, 211.3)(411.5, 211.3)(411.5, 112.3)(230.5, 112.3);GATE
Port:(245.0, 112.3)(397.0, 112.3)(397.0, 122.3)(245.0, 122.3);SD
Port:(230.5, 264.3)(324.0, 264.3)(324.0, 211.3)(411.5, 211.3)(411.5, 127.3)(230.5, 127.3);GATE
Port:(240.5, 255.3)(309.5, 255.3)(309.5, 259.3)(240.5, 259.3);SD
Module:M37
Boundary:(473.4, 24.0)(566.9, 24.0)(566.9, 96.8)(708.4, 96.8)(708.4, 195.0)(473.4, 195.0);GATE
Port:(487.9, 185.0)(693.9, 185.0)(693.9, 195.0)(487.9, 195.0);SD
Port:(473.4, 24.0)(566.9, 24.0)(566.9, 96.8)(708.4, 96.8)(708.4, 180.0)(473.4, 180.0);GATE
Port:(483.4, 29.0)(552.4, 29.0)(552.4, 33.0)(483.4, 33.0);SD
Module:M45
Boundary:(280.3, 372.2)(356.3, 372.2)(356.3, 364.2)(371.3, 364.2)(371.3, 274.2)(280.3, 274.2);GATE
Port:(294.8, 274.2)(356.8, 274.2)(356.8, 284.2)(294.8, 284.2);SD
Port:(280.3, 372.2)(356.3, 372.2)(356.3, 364.2)(371.3, 364.2)(371.3, 289.2)(280.3, 289.2);GATE
Port:(290.3, 363.2)(341.3, 363.2)(341.3, 367.2)(290.3, 367.2);SD
Module:M30
Boundary:(416.0, 340.0)(545.5, 340.0)(545.5, 290.0)(579.0, 290.0)(579.0, 231.0)(416.0, 231.0);GATE
Port:(430.5, 231.0)(564.5, 231.0)(564.5, 241.0)(430.5, 241.0);SD
Port:(416.0, 340.0)(545.5, 340.0)(545.5, 290.0)(579.0, 290.0)(579.0, 246.0)(416.0, 246.0);GATE
Port:(426.0, 331.0)(531.0, 331.0)(531.0, 335.0)(426.0, 335.0);SD
Module:M40
Boundary:(20.0, 421.6)(20.0, 274.1)(173.0, 274.1)(173.0, 78.6)(216.0, 78.6)(216.0, 421.6);GATE
Port:(206.0, 93.1)(216.0, 93.1)(216.0, 407.1)(206.0, 407.1);SD
Port:(20.0, 421.6)(20.0, 274.1)(173.0, 274.1)(173.0, 78.6)(201.0, 78.6)(201.0, 421.6);GATE
Port:(25.0, 288.6)(29.0, 288.6)(29.0, 411.6)(25.0, 411.6);SD
Module:M8
Boundary:(606.1, 474.2)(606.1, 344.7)(646.4, 344.7)(646.4, 275.2)(685.1, 275.2)(685.1, 474.2);GATE
Port:(675.1, 289.7)(685.1, 289.7)(685.1, 459.7)(675.1, 459.7);SD
Port:(606.1, 474.2)(606.1, 344.7)(646.4, 344.7)(646.4, 275.2)(670.1, 275.2)(670.1, 474.2);GATE
Port:(611.1, 359.2)(615.1, 359.2)(615.1, 464.2)(611.1, 464.2);SD
Module:M6
Boundary:(377.4, 383.6)(377.4, 477.1)(367.4, 477.1)(367.4, 492.6)(257.4, 492.6)(257.4, 383.6);GATE
Port:(257.4, 398.1)(267.4, 398.1)(267.4, 478.1)(257.4, 478.1);SD
Port:(377.4, 383.6)(377.4, 477.1)(367.4, 477.1)(367.4, 492.6)(272.4, 492.6)(272.4, 383.6);GATE
Port:(368.4, 393.6)(372.4, 393.6)(372.4, 462.6)(368.4, 462.6);SD
Module:M24
Boundary:(558.4, 494.4)(558.4, 418.4)(550.4, 418.4)(550.4, 403.4)(421.4, 403.4)(421.4, 494.4);GATE
Port:(421.4, 417.9)(431.4, 417.9)(431.4, 479.9)(421.4, 479.9);SD
Port:(558.4, 494.4)(558.4, 418.4)(550.4, 418.4)(550.4, 403.4)(436.4, 403.4)(436.4, 494.4);GATE
Port:(549.4, 433.4)(553.4, 433.4)(553.4, 484.4)(549.4, 484.4);SD
Module:M41
Boundary:(30.0, 587.3)(177.5, 587.3)(177.5, 571.3)(193.0, 571.3)(193.0, 460.3)(30.0, 460.3);GATE
Port:(44.5, 460.3)(178.5, 460.3)(178.5, 470.3)(44.5, 470.3);SD
Port:(30.0, 587.3)(177.5, 587.3)(177.5, 571.3)(193.0, 571.3)(193.0, 475.3)(30.0, 475.3);GATE
Port:(40.0, 578.3)(163.0, 578.3)(163.0, 582.3)(40.0, 582.3);SD
Module:M29
Boundary:(413.2, 676.5)(488.7, 676.5)(488.7, 642.7)(540.2, 642.7)(540.2, 555.5)(413.2, 555.5);GATE
Port:(427.7, 555.5)(525.7, 555.5)(525.7, 565.5)(427.7, 565.5);SD
Port:(413.2, 676.5)(488.7, 676.5)(488.7, 642.7)(540.2, 642.7)(540.2, 570.5)(413.2, 570.5);GATE
Port:(423.2, 667.5)(474.2, 667.5)(474.2, 671.5)(423.2, 671.5);SD
Module:M12
Boundary:(707.6, 513.5)(707.6, 643.0)(651.4, 643.0)(651.4, 694.5)(600.6, 694.5)(600.6, 513.5);GATE
Port:(600.6, 528.0)(610.6, 528.0)(610.6, 680.0)(600.6, 680.0);SD
Port:(707.6, 513.5)(707.6, 643.0)(651.4, 643.0)(651.4, 694.5)(615.6, 694.5)(615.6, 513.5);GATE
Port:(698.6, 523.5)(702.6, 523.5)(702.6, 628.5)(698.6, 628.5);SD
Module:M34
Boundary:(49.4, 720.5)(49.4, 644.5)(57.4, 644.5)(57.4, 629.5)(243.4, 629.5)(243.4, 720.5);GATE
Port:(233.4, 644.0)(243.4, 644.0)(243.4, 706.0)(233.4, 706.0);SD
Port:(49.4, 720.5)(49.4, 644.5)(57.4, 644.5)(57.4, 629.5)(228.4, 629.5)(228.4, 720.5);GATE
Port:(54.4, 659.5)(58.4, 659.5)(58.4, 710.5)(54.4, 710.5);SD
Module:M31
Boundary:(276.0, 700.0)(387.5, 700.0)(387.5, 688.0)(403.0, 688.0)(403.0, 528.0)(276.0, 528.0);GATE
Port:(290.5, 528.0)(388.5, 528.0)(388.5, 538.0)(290.5, 538.0);SD
Port:(276.0, 700.0)(387.5, 700.0)(387.5, 688.0)(403.0, 688.0)(403.0, 543.0)(276.0, 543.0);GATE
Port:(286.0, 691.0)(373.0, 691.0)(373.0, 695.0)(286.0, 695.0);SD
Module:M43
Boundary:(479.0, 922.0)(331.5, 922.0)(331.5, 784.0)(226.0, 784.0)(226.0, 731.0)(479.0, 731.0);GATE
Port:(240.5, 731.0)(464.5, 731.0)(464.5, 741.0)(240.5, 741.0);SD
Port:(479.0, 922.0)(331.5, 922.0)(331.5, 784.0)(226.0, 784.0)(226.0, 746.0)(479.0, 746.0);GATE
Port:(346.0, 913.0)(469.0, 913.0)(469.0, 917.0)(346.0, 917.0);SD
Module:M26
Boundary:(712.0, 730.4)(712.0, 877.9)(585.4, 877.9)(585.4, 947.4)(519.0, 947.4)(519.0, 730.4);GATE
Port:(519.0, 744.9)(529.0, 744.9)(529.0, 932.9)(519.0, 932.9);SD
Port:(712.0, 730.4)(712.0, 877.9)(585.4, 877.9)(585.4, 947.4)(534.0, 947.4)(534.0, 730.4);GATE
Port:(703.0, 740.4)(707.0, 740.4)(707.0, 863.4)(703.0, 863.4);SD
Module:M7
Boundary:(215.9, 721.0)(215.9, 796.5)(109.9, 796.5)(109.9, 1028.0)(49.9, 1028.0)(49.9, 721.0);GATE
Port:(49.9, 735.5)(59.9, 735.5)(59.9, 1013.5)(49.9, 1013.5);SD
Port:(215.9, 721.0)(215.9, 796.5)(109.9, 796.5)(109.9, 1028.0)(64.9, 1028.0)(64.9, 721.0);GATE
Port:(206.9, 731.0)(210.9, 731.0)(210.9, 782.0)(206.9, 782.0);SD
Module:M11
Boundary:(716.0, 994.2)(716.0, 1067.2)(597.0, 1067.2)(597.0, 994.2);GATE
Port:(597.0, 1008.7)(607.0, 1008.7)(607.0, 1052.7)(597.0, 1052.7);SD
Port:(716.0, 994.2)(716.0, 1067.2)(612.0, 1067.2)(612.0, 994.2);GATE
Port:(707.0, 1004.2)(711.0, 1004.2)(711.0, 1057.2)(707.0, 1057.2);SD
Module:M19
Boundary:(351.8, 1132.1)(351.8, 1020.6)(298.3, 1020.6)(298.3, 969.1)(247.8, 969.1)(247.8, 1132.1);GATE
Port:(247.8, 983.6)(257.8, 983.6)(257.8, 1117.6)(247.8, 1117.6);SD
Port:(351.8, 1132.1)(351.8, 1020.6)(298.3, 1020.6)(298.3, 969.1)(262.8, 969.1)(262.8, 1132.1);GATE
Port:(342.8, 1035.1)(346.8, 1035.1)(346.8, 1122.1)(342.8, 1122.1);SD
Module:M17
Boundary:(51.4, 1053.5)(198.9, 1053.5)(198.9, 1069.5)(214.4, 1069.5)(214.4, 1119.5)(51.4, 1119.5);GATE
Port:(65.9, 1109.5)(199.9, 1109.5)(199.9, 1119.5)(65.9, 1119.5);SD
Port:(51.4, 1053.5)(198.9, 1053.5)(198.9, 1069.5)(214.4, 1069.5)(214.4, 1104.5)(51.4, 1104.5);GATE
Port:(61.4, 1058.5)(184.4, 1058.5)(184.4, 1062.5)(61.4, 1062.5);SD
Module:M36
Boundary:(553.0, 1121.0)(553.0, 1027.5)(497.3, 1027.5)(497.3, 958.0)(418.0, 958.0)(418.0, 1121.0);GATE
Port:(418.0, 972.5)(428.0, 972.5)(428.0, 1106.5)(418.0, 1106.5);SD
Port:(553.0, 1121.0)(553.0, 1027.5)(497.3, 1027.5)(497.3, 958.0)(433.0, 958.0)(433.0, 1121.0);GATE
Port:(544.0, 1042.0)(548.0, 1042.0)(548.0, 1111.0)(544.0, 1111.0);SD
Module:M14
Boundary:(700.6, 1176.0)(607.1, 1176.0)(607.1, 1166.0)(591.6, 1166.0)(591.6, 1081.0)(700.6, 1081.0);GATE
Port:(606.1, 1081.0)(686.1, 1081.0)(686.1, 1091.0)(606.1, 1091.0);SD
Port:(700.6, 1176.0)(607.1, 1176.0)(607.1, 1166.0)(591.6, 1166.0)(591.6, 1096.0)(700.6, 1096.0);GATE
Port:(621.6, 1167.0)(690.6, 1167.0)(690.6, 1171.0)(621.6, 1171.0);SD
Module:M4
Boundary:(377.8, 1151.5)(284.3, 1151.5)(284.3, 1161.5)(268.8, 1161.5)(268.8, 1274.5)(377.8, 1274.5);GATE
Port:(283.3, 1264.5)(363.3, 1264.5)(363.3, 1274.5)(283.3, 1274.5);SD
Port:(377.8, 1151.5)(284.3, 1151.5)(284.3, 1161.5)(268.8, 1161.5)(268.8, 1259.5)(377.8, 1259.5);GATE
Port:(298.8, 1156.5)(367.8, 1156.5)(367.8, 1160.5)(298.8, 1160.5);SD
Module:M48
Boundary:(709.1, 1286.0)(633.6, 1286.0)(633.6, 1264.9)(582.1, 1264.9)(582.1, 1203.0)(709.1, 1203.0);GATE
Port:(596.6, 1203.0)(694.6, 1203.0)(694.6, 1213.0)(596.6, 1213.0);SD
Port:(709.1, 1286.0)(633.6, 1286.0)(633.6, 1264.9)(582.1, 1264.9)(582.1, 1218.0)(709.1, 1218.0);GATE
Port:(648.1, 1277.0)(699.1, 1277.0)(699.1, 1281.0)(648.1, 1281.0);SD
Module:M3
Boundary:(408.0, 1126.1)(408.0, 1219.6)(418.0, 1219.6)(418.0, 1235.1)(558.0, 1235.1)(558.0, 1126.1);GATE
Port:(548.0, 1140.6)(558.0, 1140.6)(558.0, 1220.6)(548.0, 1220.6);SD
Port:(408.0, 1126.1)(408.0, 1219.6)(418.0, 1219.6)(418.0, 1235.1)(543.0, 1235.1)(543.0, 1126.1);GATE
Port:(413.0, 1136.1)(417.0, 1136.1)(417.0, 1205.1)(413.0, 1205.1);SD
Module:M18
Boundary:(20.5, 1140.0)(132.0, 1140.0)(132.0, 1192.0)(219.5, 1192.0)(219.5, 1288.0)(20.5, 1288.0);GATE
Port:(35.0, 1278.0)(205.0, 1278.0)(205.0, 1288.0)(35.0, 1288.0);SD
Port:(20.5, 1140.0)(132.0, 1140.0)(132.0, 1192.0)(219.5, 1192.0)(219.5, 1273.0)(20.5, 1273.0);GATE
Port:(30.5, 1145.0)(117.5, 1145.0)(117.5, 1149.0)(30.5, 1149.0);SD
Module:M28
Boundary:(279.7, 1285.1)(279.7, 1358.1)(366.7, 1358.1)(366.7, 1285.1);GATE
Port:(356.7, 1299.6)(366.7, 1299.6)(366.7, 1343.6)(356.7, 1343.6);SD
Port:(279.7, 1285.1)(279.7, 1358.1)(351.7, 1358.1)(351.7, 1285.1);GATE
Port:(284.7, 1295.1)(288.7, 1295.1)(288.7, 1348.1)(284.7, 1348.1);SD
Module:M25
Boundary:(92.0, 1321.3)(92.0, 1397.3)(84.0, 1397.3)(84.0, 1412.3)(20.0, 1412.3)(20.0, 1321.3);GATE
Port:(20.0, 1335.8)(30.0, 1335.8)(30.0, 1397.8)(20.0, 1397.8);SD
Port:(92.0, 1321.3)(92.0, 1397.3)(84.0, 1397.3)(84.0, 1412.3)(35.0, 1412.3)(35.0, 1321.3);GATE
Port:(83.0, 1331.3)(87.0, 1331.3)(87.0, 1382.3)(83.0, 1382.3);SD
Module:M27
Boundary:(150.7, 1435.9)(150.7, 1359.9)(158.7, 1359.9)(158.7, 1344.9)(234.7, 1344.9)(234.7, 1435.9);GATE
Port:(224.7, 1359.4)(234.7, 1359.4)(234.7, 1421.4)(224.7, 1421.4);SD
Port:(150.7, 1435.9)(150.7, 1359.9)(158.7, 1359.9)(158.7, 1344.9)(219.7, 1344.9)(219.7, 1435.9);GATE
Port:(155.7, 1374.9)(159.7, 1374.9)(159.7, 1425.9)(155.7, 1425.9);SD
Module:M50
Boundary:(256.0, 1498.0)(349.5, 1498.0)(349.5, 1488.0)(365.0, 1488.0)(365.0, 1437.0)(256.0, 1437.0);GATE
Port:(270.5, 1437.0)(350.5, 1437.0)(350.5, 1447.0)(270.5, 1447.0);SD
Port:(256.0, 1498.0)(349.5, 1498.0)(349.5, 1488.0)(365.0, 1488.0)(365.0, 1452.0)(256.0, 1452.0);GATE
Port:(266.0, 1489.0)(335.0, 1489.0)(335.0, 1493.0)(266.0, 1493.0);SD
Module:M39
Boundary:(725.0, 1479.8)(595.5, 1479.8)(595.5, 1374.7)(418.0, 1374.7)(418.0, 1320.8)(725.0, 1320.8);GATE
Port:(432.5, 1320.8)(710.5, 1320.8)(710.5, 1330.8)(432.5, 1330.8);SD
Port:(725.0, 1479.8)(595.5, 1479.8)(595.5, 1374.7)(418.0, 1374.7)(418.0, 1335.8)(725.0, 1335.8);GATE
Port:(610.0, 1470.8)(715.0, 1470.8)(715.0, 1474.8)(610.0, 1474.8);SD
Module:M47
Boundary:(533.4, 1613.6)(644.9, 1613.6)(644.9, 1573.9)(678.4, 1573.9)(678.4, 1516.6)(533.4, 1516.6);GATE
Port:(547.9, 1516.6)(663.9, 1516.6)(663.9, 1526.6)(547.9, 1526.6);SD
Port:(533.4, 1613.6)(644.9, 1613.6)(644.9, 1573.9)(678.4, 1573.9)(678.4, 1531.6)(533.4, 1531.6);GATE
Port:(543.4, 1604.6)(630.4, 1604.6)(630.4, 1608.6)(543.4, 1608.6);SD
Module:M22
Boundary:(523.0, 1570.0)(523.0, 1646.0)(515.0, 1646.0)(515.0, 1661.0)(380.0, 1661.0)(380.0, 1570.0);GATE
Port:(380.0, 1584.5)(390.0, 1584.5)(390.0, 1646.5)(380.0, 1646.5);SD
Port:(523.0, 1570.0)(523.0, 1646.0)(515.0, 1646.0)(515.0, 1661.0)(395.0, 1661.0)(395.0, 1570.0);GATE
Port:(514.0, 1580.0)(518.0, 1580.0)(518.0, 1631.0)(514.0, 1631.0);SD
Module:M35
Boundary:(255.1, 1626.6)(255.1, 1515.1)(267.1, 1515.1)(267.1, 1499.6)(344.1, 1499.6)(344.1, 1626.6);GATE
Port:(334.1, 1514.1)(344.1, 1514.1)(344.1, 1612.1)(334.1, 1612.1);SD
Port:(255.1, 1626.6)(255.1, 1515.1)(267.1, 1515.1)(267.1, 1499.6)(329.1, 1499.6)(329.1, 1626.6);GATE
Port:(260.1, 1529.6)(264.1, 1529.6)(264.1, 1616.6)(260.1, 1616.6);SD
Module:M9
Boundary:(133.0, 1472.2)(206.0, 1472.2)(206.0, 1653.2)(133.0, 1653.2);GATE
Port:(147.5, 1643.2)(191.5, 1643.2)(191.5, 1653.2)(147.5, 1653.2);SD
Port:(133.0, 1472.2)(206.0, 1472.2)(206.0, 1638.2)(133.0, 1638.2);GATE
Port:(143.0, 1477.2)(196.0, 1477.2)(196.0, 1481.2)(143.0, 1481.2);SD
Module:M21
Boundary:(20.0, 1643.4)(93.0, 1643.4)(93.0, 1450.4)(20.0, 1450.4);GATE
Port:(34.5, 1450.4)(78.5, 1450.4)(78.5, 1460.4)(34.5, 1460.4);SD
Port:(20.0, 1643.4)(93.0, 1643.4)(93.0, 1465.4)(20.0, 1465.4);GATE
Port:(30.0, 1634.4)(83.0, 1634.4)(83.0, 1638.4)(30.0, 1638.4);SD
Module:M1
Boundary:(194.5, 1703.1)(194.5, 1776.1)(384.5, 1776.1)(384.5, 1703.1);GATE
Port:(374.5, 1717.6)(384.5, 1717.6)(384.5, 1761.6)(374.5, 1761.6);SD
Port:(194.5, 1703.1)(194.5, 1776.1)(369.5, 1776.1)(369.5, 1703.1);GATE
Port:(199.5, 1713.1)(203.5, 1713.1)(203.5, 1766.1)(199.5, 1766.1);SD
Module:M33
Boundary:(166.4, 1793.0)(55.0, 1793.0)(55.0, 1748.0)(21.4, 1748.0)(21.4, 1690.0)(166.4, 1690.0);GATE
Port:(36.0, 1690.0)(151.9, 1690.0)(151.9, 1700.0)(36.0, 1700.0);SD
Port:(166.4, 1793.0)(55.0, 1793.0)(55.0, 1748.0)(21.4, 1748.0)(21.4, 1705.0)(166.4, 1705.0);GATE
Port:(69.5, 1784.0)(156.4, 1784.0)(156.4, 1788.0)(69.5, 1788.0);SD
Module:M15
Boundary:(677.3, 1690.3)(677.3, 1819.8)(663.3, 1819.8)(663.3, 1835.3)(574.3, 1835.3)(574.3, 1690.3);GATE
Port:(574.3, 1704.8)(584.3, 1704.8)(584.3, 1820.8)(574.3, 1820.8);SD
Port:(677.3, 1690.3)(677.3, 1819.8)(663.3, 1819.8)(663.3, 1835.3)(589.3, 1835.3)(589.3, 1690.3);GATE
Port:(668.3, 1700.3)(672.3, 1700.3)(672.3, 1805.3)(668.3, 1805.3);SD
Module:M16
Boundary:(444.2, 1721.0)(444.2, 1868.5)(460.2, 1868.5)(460.2, 1884.0)(549.2, 1884.0)(549.2, 1721.0);GATE
Port:(539.2, 1735.5)(549.2, 1735.5)(549.2, 1869.5)(539.2, 1869.5);SD
Port:(444.2, 1721.0)(444.2, 1868.5)(460.2, 1868.5)(460.2, 1884.0)(534.2, 1884.0)(534.2, 1721.0);GATE
Port:(449.2, 1731.0)(453.2, 1731.0)(453.2, 1854.0)(449.2, 1854.0);SD
Module:M5
Boundary:(262.0, 1891.2)(262.0, 1815.1)(270.0, 1815.1)(270.0, 1800.2)(406.0, 1800.2)(406.0, 1891.2);GATE
Port:(396.0, 1814.7)(406.0, 1814.7)(406.0, 1876.7)(396.0, 1876.7);SD
Port:(262.0, 1891.2)(262.0, 1815.1)(270.0, 1815.1)(270.0, 1800.2)(391.0, 1800.2)(391.0, 1891.2);GATE
Port:(267.0, 1830.2)(271.0, 1830.2)(271.0, 1881.2)(267.0, 1881.2);SD
Module:M38
Boundary:(223.0, 1928.1)(223.0, 1855.1)(159.0, 1855.1)(159.0, 1928.1);GATE
Port:(159.0, 1869.6)(169.0, 1869.6)(169.0, 1913.6)(159.0, 1913.6);SD
Port:(223.0, 1928.1)(223.0, 1855.1)(174.0, 1855.1)(174.0, 1928.1);GATE
Port:(214.0, 1865.1)(218.0, 1865.1)(218.0, 1918.1)(214.0, 1918.1);SD
Module:M13
Boundary:(158.4, 1931.9)(85.4, 1931.9)(85.4, 1830.9)(158.4, 1830.9);GATE
Port:(99.9, 1830.9)(143.9, 1830.9)(143.9, 1840.9)(99.9, 1840.9);SD
Port:(158.4, 1931.9)(85.4, 1931.9)(85.4, 1845.9)(158.4, 1845.9);GATE
Port:(95.4, 1922.9)(148.4, 1922.9)(148.4, 1926.9)(95.4, 1926.9);SD
Module:M2
Boundary:(720.3, 1972.0)(626.8, 1972.0)(626.8, 1962.0)(611.3, 1962.0)(611.3, 1902.0)(720.3, 1902.0);GATE
Port:(625.8, 1902.0)(705.8, 1902.0)(705.8, 1912.0)(625.8, 1912.0);SD
Port:(720.3, 1972.0)(626.8, 1972.0)(626.8, 1962.0)(611.3, 1962.0)(611.3, 1917.0)(720.3, 1917.0);GATE
Port:(641.3, 1963.0)(710.3, 1963.0)(710.3, 1967.0)(641.3, 1967.0);SD
Module:M44
Boundary:(420.1, 1943.8)(290.6, 1943.8)(290.6, 1957.8)(275.1, 1957.8)(275.1, 2016.8)(420.1, 2016.8);GATE
Port:(289.6, 2006.8)(405.6, 2006.8)(405.6, 2016.8)(289.6, 2016.8);SD
Port:(420.1, 1943.8)(290.6, 1943.8)(290.6, 1957.8)(275.1, 1957.8)(275.1, 2001.8)(420.1, 2001.8);GATE
Port:(305.1, 1948.8)(410.1, 1948.8)(410.1, 1952.8)(305.1, 1952.8);SD
Module:M10
Boundary:(434.6, 1926.7)(434.6, 2038.2)(446.6, 2038.2)(446.6, 2053.7)(575.6, 2053.7)(575.6, 1926.7);GATE
Port:(565.6, 1941.2)(575.6, 1941.2)(575.6, 2039.2)(565.6, 2039.2);SD
Port:(434.6, 1926.7)(434.6, 2038.2)(446.6, 2038.2)(446.6, 2053.7)(560.6, 2053.7)(560.6, 1926.7);GATE
Port:(439.6, 1936.7)(443.6, 1936.7)(443.6, 2023.7)(439.6, 2023.7);SD
Module:M23
Boundary:(605.7, 1994.3)(681.7, 1994.3)(681.7, 2002.3)(696.7, 2002.3)(696.7, 2067.3)(605.7, 2067.3);GATE
Port:(620.2, 2057.3)(682.2, 2057.3)(682.2, 2067.3)(620.2, 2067.3);SD
Port:(605.7, 1994.3)(681.7, 1994.3)(681.7, 2002.3)(696.7, 2002.3)(696.7, 2052.3)(605.7, 2052.3);GATE
Port:(615.7, 1999.3)(666.7, 1999.3)(666.7, 2003.3)(615.7, 2003.3);SD
Module:M49
Boundary:(697.9, 2119.7)(697.9, 2192.7)(604.9, 2192.7)(604.9, 2119.7);GATE
Port:(604.9, 2134.2)(614.9, 2134.2)(614.9, 2178.2)(604.9, 2178.2);SD
Port:(697.9, 2119.7)(697.9, 2192.7)(619.9, 2192.7)(619.9, 2119.7);GATE
Port:(688.9, 2129.7)(692.9, 2129.7)(692.9, 2182.7)(688.9, 2182.7);SD
Module:M32
Boundary:(86.2, 1977.9)(161.7, 1977.9)(161.7, 2020.3)(231.2, 2020.3)(231.2, 2164.9)(86.2, 2164.9);GATE
Port:(100.7, 2154.9)(216.7, 2154.9)(216.7, 2164.9)(100.7, 2164.9);SD
Port:(86.2, 1977.9)(161.7, 1977.9)(161.7, 2020.3)(231.2, 2020.3)(231.2, 2149.9)(86.2, 2149.9);GATE
Port:(96.2, 1982.9)(147.2, 1982.9)(147.2, 1986.9)(96.2, 1986.9);SD
Module:M20
Boundary:(442.0, 2083.0)(442.0, 2176.5)(452.0, 2176.5)(452.0, 2192.0)(593.0, 2192.0)(593.0, 2083.0);GATE
Port:(583.0, 2097.5)(593.0, 2097.5)(593.0, 2177.5)(583.0, 2177.5);SD
Port:(442.0, 2083.0)(442.0, 2176.5)(452.0, 2176.5)(452.0, 2192.0)(578.0, 2192.0)(578.0, 2083.0);GATE
Port:(447.0, 2093.0)(451.0, 2093.0)(451.0, 2162.0)(447.0, 2162.0);SD
Module:M42
Boundary:(417.0, 2059.0)(417.0, 2188.5)(403.0, 2188.5)(403.0, 2204.0)(240.0, 2204.0)(240.0, 2059.0);GATE
Port:(240.0, 2073.5)(250.0, 2073.5)(250.0, 2189.5)(240.0, 2189.5);SD
Port:(417.0, 2059.0)(417.0, 2188.5)(403.0, 2188.5)(403.0, 2204.0)(255.0, 2204.0)(255.0, 2059.0);GATE
Port:(408.0, 2069.0)(412.0, 2069.0)(412.0, 2174.0)(408.0, 2174.0);SD
