Area:(-20.0, -20.0)(772.0, -20.0)(772.0, 2256.0)(-20.0, 2256.0)
Rule:GATE(5,5);SD(5,5);GATE_SD(0.5);GATE_ITO(0.5);SD_ITO(0.5)
Module:M49
Boundary:(726.0, 2125.0)(726.0, 2198.0)(633.0, 2198.0)(633.0, 2125.0);GATE
Port:(633.0, 2139.5)(643.0, 2139.5)(643.0, 2183.5)(633.0, 2183.5);SD
Port:(726.0, 2125.0)(726.0, 2198.0)(648.0, 2198.0)(648.0, 2125.0);GATE
Port:(717.0, 2135.0)(721.0, 2135.0)(721.0, 2188.0)(717.0, 2188.0);SD
Module:M14
Boundary:(603.0, 1082.0)(696.5, 1082.0)(696.5, 1092.0)(712.0, 1092.0)(712.0, 1177.0)(603.0, 1177.0);GATE
Port:(617.5, 1167.0)(697.5, 1167.0)(697.5, 1177.0)(617.5, 1177.0);SD
Port:(603.0, 1082.0)(696.5, 1082.0)(696.5, 1092.0)(712.0, 1092.0)(712.0, 1162.0)(603.0, 1162.0);GATE
Port:(613.0, 1087.0)(682.0, 1087.0)(682.0, 1091.0)(613.0, 1091.0);SD
Module:M9
Boundary:(133.0, 1493.0)(206.0, 1493.0)(206.0, 1674.0)(133.0, 1674.0);GATE
Port:(147.5, 1664.0)(191.5, 1664.0)(191.5, 1674.0)(147.5, 1674.0);SD
Port:(133.0, 1493.0)(206.0, 1493.0)(206.0, 1659.0)(133.0, 1659.0);GATE
Port:(143.0, 1498.0)(196.0, 1498.0)(196.0, 1502.0)(143.0, 1502.0);SD
Module:M5
Boundary:(401.0, 1827.0)(401.0, 1903.0)(393.0, 1903.0)(393.0, 1918.0)(257.0, 1918.0)(257.0, 1827.0);GATE
Port:(257.0, 1841.5)(267.0, 1841.5)(267.0, 1903.5)(257.0, 1903.5);SD
Port:(401.0, 1827.0)(401.0, 1903.0)(393.0, 1903.0)(393.0, 1918.0)(272.0, 1918.0)(272.0, 1827.0);GATE
Port:(392.0, 1837.0)(396.0, 1837.0)(396.0, 1888.0)(392.0, 1888.0);SD
Module:M46
Boundary:(256.0, 20.0)(349.5, 20.0)(349.5, 73.0)(437.0, 73.0)(437.0, 172.0)(256.0, 172.0);GATE
Port:(270.5, 162.0)(422.5, 162.0)(422.5, 172.0)(270.5, 172.0);SD
Port:(256.0, 20.0)(349.5, 20.0)(349.5, 73.0)(437.0, 73.0)(437.0, 157.0)(256.0, 157.0);GATE
Port:(266.0, 25.0)(335.0, 25.0)(335.0, 29.0)(266.0, 29.0);SD
Module:M11
Boundary:(722.0, 969.0)(722.0, 1042.0)(603.0, 1042.0)(603.0, 969.0);GATE
Port:(603.0, 983.5)(613.0, 983.5)(613.0, 1027.5)(603.0, 1027.5);SD
Port:(722.0, 969.0)(722.0, 1042.0)(618.0, 1042.0)(618.0, 969.0);GATE
Port:(713.0, 979.0)(717.0, 979.0)(717.0, 1032.0)(713.0, 1032.0);SD
Module:M1
Boundary:(395.0, 1714.0)(395.0, 1787.0)(205.0, 1787.0)(205.0, 1714.0);GATE
Port:(205.0, 1728.5)(215.0, 1728.5)(215.0, 1772.5)(205.0, 1772.5);SD
Port:(395.0, 1714.0)(395.0, 1787.0)(220.0, 1787.0)(220.0, 1714.0);GATE
Port:(386.0, 1724.0)(390.0, 1724.0)(390.0, 1777.0)(386.0, 1777.0);SD
Module:M43
Boundary:(226.0, 731.0)(373.5, 731.0)(373.5, 869.0)(479.0, 869.0)(479.0, 922.0)(226.0, 922.0);GATE
Port:(240.5, 912.0)(464.5, 912.0)(464.5, 922.0)(240.5, 922.0);SD
Port:(226.0, 731.0)(373.5, 731.0)(373.5, 869.0)(479.0, 869.0)(479.0, 907.0)(226.0, 907.0);GATE
Port:(236.0, 736.0)(359.0, 736.0)(359.0, 740.0)(236.0, 740.0);SD
Module:M38
Boundary:(207.0, 1879.0)(207.0, 1952.0)(143.0, 1952.0)(143.0, 1879.0);GATE
Port:(143.0, 1893.5)(153.0, 1893.5)(153.0, 1937.5)(143.0, 1937.5);SD
Port:(207.0, 1879.0)(207.0, 1952.0)(158.0, 1952.0)(158.0, 1879.0);GATE
Port:(198.0, 1889.0)(202.0, 1889.0)(202.0, 1942.0)(198.0, 1942.0);SD
Module:M40
Boundary:(216.0, 20.0)(216.0, 167.5)(63.0, 167.5)(63.0, 363.0)(20.0, 363.0)(20.0, 20.0);GATE
Port:(20.0, 34.5)(30.0, 34.5)(30.0, 348.5)(20.0, 348.5);SD
Port:(216.0, 20.0)(216.0, 167.5)(63.0, 167.5)(63.0, 363.0)(35.0, 363.0)(35.0, 20.0);GATE
Port:(207.0, 30.0)(211.0, 30.0)(211.0, 153.0)(207.0, 153.0);SD
Module:M35
Boundary:(335.0, 1542.0)(335.0, 1653.5)(323.0, 1653.5)(323.0, 1669.0)(246.0, 1669.0)(246.0, 1542.0);GATE
Port:(246.0, 1556.5)(256.0, 1556.5)(256.0, 1654.5)(246.0, 1654.5);SD
Port:(335.0, 1542.0)(335.0, 1653.5)(323.0, 1653.5)(323.0, 1669.0)(261.0, 1669.0)(261.0, 1542.0);GATE
Port:(326.0, 1552.0)(330.0, 1552.0)(330.0, 1639.0)(326.0, 1639.0);SD
Module:M32
Boundary:(30.0, 2020.0)(105.5, 2020.0)(105.5, 2062.4)(175.0, 2062.4)(175.0, 2207.0)(30.0, 2207.0);GATE
Port:(44.5, 2197.0)(160.5, 2197.0)(160.5, 2207.0)(44.5, 2207.0);SD
Port:(30.0, 2020.0)(105.5, 2020.0)(105.5, 2062.4)(175.0, 2062.4)(175.0, 2192.0)(30.0, 2192.0);GATE
Port:(40.0, 2025.0)(91.0, 2025.0)(91.0, 2029.0)(40.0, 2029.0);SD
Module:M27
Boundary:(216.0, 1362.0)(216.0, 1438.0)(208.0, 1438.0)(208.0, 1453.0)(132.0, 1453.0)(132.0, 1362.0);GATE
Port:(132.0, 1376.5)(142.0, 1376.5)(142.0, 1438.5)(132.0, 1438.5);SD
Port:(216.0, 1362.0)(216.0, 1438.0)(208.0, 1438.0)(208.0, 1453.0)(147.0, 1453.0)(147.0, 1362.0);GATE
Port:(207.0, 1372.0)(211.0, 1372.0)(211.0, 1423.0)(207.0, 1423.0);SD
Module:M24
Boundary:(568.0, 390.0)(568.0, 466.0)(560.0, 466.0)(560.0, 481.0)(431.0, 481.0)(431.0, 390.0);GATE
Port:(431.0, 404.5)(441.0, 404.5)(441.0, 466.5)(431.0, 466.5);SD
Port:(568.0, 390.0)(568.0, 466.0)(560.0, 466.0)(560.0, 481.0)(446.0, 481.0)(446.0, 390.0);GATE
Port:(559.0, 400.0)(563.0, 400.0)(563.0, 451.0)(559.0, 451.0);SD
Module:M19
Boundary:(330.0, 962.0)(330.0, 1073.5)(276.4, 1073.5)(276.4, 1125.0)(226.0, 1125.0)(226.0, 962.0);GATE
Port:(226.0, 976.5)(236.0, 976.5)(236.0, 1110.5)(226.0, 1110.5);SD
Port:(330.0, 962.0)(330.0, 1073.5)(276.4, 1073.5)(276.4, 1125.0)(241.0, 1125.0)(241.0, 962.0);GATE
Port:(321.0, 972.0)(325.0, 972.0)(325.0, 1059.0)(321.0, 1059.0);SD
Module:M6
Boundary:(376.0, 370.0)(376.0, 463.5)(366.0, 463.5)(366.0, 479.0)(256.0, 479.0)(256.0, 370.0);GATE
Port:(256.0, 384.5)(266.0, 384.5)(266.0, 464.5)(256.0, 464.5);SD
Port:(376.0, 370.0)(376.0, 463.5)(366.0, 463.5)(366.0, 479.0)(271.0, 479.0)(271.0, 370.0);GATE
Port:(367.0, 380.0)(371.0, 380.0)(371.0, 449.0)(367.0, 449.0);SD
Module:M21
Boundary:(20.0, 1493.0)(93.0, 1493.0)(93.0, 1686.0)(20.0, 1686.0);GATE
Port:(34.5, 1676.0)(78.5, 1676.0)(78.5, 1686.0)(34.5, 1686.0);SD
Port:(20.0, 1493.0)(93.0, 1493.0)(93.0, 1671.0)(20.0, 1671.0);GATE
Port:(30.0, 1498.0)(83.0, 1498.0)(83.0, 1502.0)(30.0, 1502.0);SD
Module:M2
Boundary:(623.0, 1902.0)(716.5, 1902.0)(716.5, 1912.0)(732.0, 1912.0)(732.0, 1972.0)(623.0, 1972.0);GATE
Port:(637.5, 1962.0)(717.5, 1962.0)(717.5, 1972.0)(637.5, 1972.0);SD
Port:(623.0, 1902.0)(716.5, 1902.0)(716.5, 1912.0)(732.0, 1912.0)(732.0, 1957.0)(623.0, 1957.0);GATE
Port:(633.0, 1907.0)(702.0, 1907.0)(702.0, 1911.0)(633.0, 1911.0);SD
Module:M16
Boundary:(556.0, 1721.0)(556.0, 1868.5)(540.0, 1868.5)(540.0, 1884.0)(451.0, 1884.0)(451.0, 1721.0);GATE
Port:(451.0, 1735.5)(461.0, 1735.5)(461.0, 1869.5)(451.0, 1869.5);SD
Port:(556.0, 1721.0)(556.0, 1868.5)(540.0, 1868.5)(540.0, 1884.0)(466.0, 1884.0)(466.0, 1721.0);GATE
Port:(547.0, 1731.0)(551.0, 1731.0)(551.0, 1854.0)(547.0, 1854.0);SD
Module:M48
Boundary:(598.0, 1217.0)(673.5, 1217.0)(673.5, 1238.1)(725.0, 1238.1)(725.0, 1300.0)(598.0, 1300.0);GATE
Port:(612.5, 1290.0)(710.5, 1290.0)(710.5, 1300.0)(612.5, 1300.0);SD
Port:(598.0, 1217.0)(673.5, 1217.0)(673.5, 1238.1)(725.0, 1238.1)(725.0, 1285.0)(598.0, 1285.0);GATE
Port:(608.0, 1222.0)(659.0, 1222.0)(659.0, 1226.0)(608.0, 1226.0);SD
Module:M13
Boundary:(20.0, 1869.0)(93.0, 1869.0)(93.0, 1970.0)(20.0, 1970.0);GATE
Port:(34.5, 1960.0)(78.5, 1960.0)(78.5, 1970.0)(34.5, 1970.0);SD
Port:(20.0, 1869.0)(93.0, 1869.0)(93.0, 1955.0)(20.0, 1955.0);GATE
Port:(30.0, 1874.0)(83.0, 1874.0)(83.0, 1878.0)(30.0, 1878.0);SD
Module:M50
Boundary:(256.0, 1441.0)(349.5, 1441.0)(349.5, 1451.0)(365.0, 1451.0)(365.0, 1502.0)(256.0, 1502.0);GATE
Port:(270.5, 1492.0)(350.5, 1492.0)(350.5, 1502.0)(270.5, 1502.0);SD
Port:(256.0, 1441.0)(349.5, 1441.0)(349.5, 1451.0)(365.0, 1451.0)(365.0, 1487.0)(256.0, 1487.0);GATE
Port:(266.0, 1446.0)(335.0, 1446.0)(335.0, 1450.0)(266.0, 1450.0);SD
Module:M45
Boundary:(266.0, 222.0)(342.0, 222.0)(342.0, 230.0)(357.0, 230.0)(357.0, 320.0)(266.0, 320.0);GATE
Port:(280.5, 310.0)(342.5, 310.0)(342.5, 320.0)(280.5, 320.0);SD
Port:(266.0, 222.0)(342.0, 222.0)(342.0, 230.0)(357.0, 230.0)(357.0, 305.0)(266.0, 305.0);GATE
Port:(276.0, 227.0)(327.0, 227.0)(327.0, 231.0)(276.0, 231.0);SD
Module:M10
Boundary:(583.0, 1934.0)(583.0, 2045.5)(571.0, 2045.5)(571.0, 2061.0)(442.0, 2061.0)(442.0, 1934.0);GATE
Port:(442.0, 1948.5)(452.0, 1948.5)(452.0, 2046.5)(442.0, 2046.5);SD
Port:(583.0, 1934.0)(583.0, 2045.5)(571.0, 2045.5)(571.0, 2061.0)(457.0, 2061.0)(457.0, 1934.0);GATE
Port:(574.0, 1944.0)(578.0, 1944.0)(578.0, 2031.0)(574.0, 2031.0);SD
Module:M42
Boundary:(402.0, 2071.0)(402.0, 2200.5)(388.0, 2200.5)(388.0, 2216.0)(225.0, 2216.0)(225.0, 2071.0);GATE
Port:(225.0, 2085.5)(235.0, 2085.5)(235.0, 2201.5)(225.0, 2201.5);SD
Port:(402.0, 2071.0)(402.0, 2200.5)(388.0, 2200.5)(388.0, 2216.0)(240.0, 2216.0)(240.0, 2071.0);GATE
Port:(393.0, 2081.0)(397.0, 2081.0)(397.0, 2186.0)(393.0, 2186.0);SD
Module:M37
Boundary:(477.0, 20.0)(570.5, 20.0)(570.5, 92.8)(712.0, 92.8)(712.0, 191.0)(477.0, 191.0);GATE
Port:(491.5, 181.0)(697.5, 181.0)(697.5, 191.0)(491.5, 191.0);SD
Port:(477.0, 20.0)(570.5, 20.0)(570.5, 92.8)(712.0, 92.8)(712.0, 176.0)(477.0, 176.0);GATE
Port:(487.0, 25.0)(556.0, 25.0)(556.0, 29.0)(487.0, 29.0);SD
Module:M34
Boundary:(214.0, 590.0)(214.0, 666.0)(206.0, 666.0)(206.0, 681.0)(20.0, 681.0)(20.0, 590.0);GATE
Port:(20.0, 604.5)(30.0, 604.5)(30.0, 666.5)(20.0, 666.5);SD
Port:(214.0, 590.0)(214.0, 666.0)(206.0, 666.0)(206.0, 681.0)(35.0, 681.0)(35.0, 590.0);GATE
Port:(205.0, 600.0)(209.0, 600.0)(209.0, 651.0)(205.0, 651.0);SD
Module:M29
Boundary:(431.0, 541.0)(506.5, 541.0)(506.5, 574.8)(558.0, 574.8)(558.0, 662.0)(431.0, 662.0);GATE
Port:(445.5, 652.0)(543.5, 652.0)(543.5, 662.0)(445.5, 662.0);SD
Port:(431.0, 541.0)(506.5, 541.0)(506.5, 574.8)(558.0, 574.8)(558.0, 647.0)(431.0, 647.0);GATE
Port:(441.0, 546.0)(492.0, 546.0)(492.0, 550.0)(441.0, 550.0);SD
Module:M7
Boundary:(186.0, 721.0)(186.0, 796.5)(80.0, 796.5)(80.0, 1028.0)(20.0, 1028.0)(20.0, 721.0);GATE
Port:(20.0, 735.5)(30.0, 735.5)(30.0, 1013.5)(20.0, 1013.5);SD
Port:(186.0, 721.0)(186.0, 796.5)(80.0, 796.5)(80.0, 1028.0)(35.0, 1028.0)(35.0, 721.0);GATE
Port:(177.0, 731.0)(181.0, 731.0)(181.0, 782.0)(177.0, 782.0);SD
Module:M31
Boundary:(254.0, 519.0)(365.5, 519.0)(365.5, 531.0)(381.0, 531.0)(381.0, 691.0)(254.0, 691.0);GATE
Port:(268.5, 681.0)(366.5, 681.0)(366.5, 691.0)(268.5, 691.0);SD
Port:(254.0, 519.0)(365.5, 519.0)(365.5, 531.0)(381.0, 531.0)(381.0, 676.0)(254.0, 676.0);GATE
Port:(264.0, 524.0)(351.0, 524.0)(351.0, 528.0)(264.0, 528.0);SD
Module:M3
Boundary:(558.0, 1192.0)(558.0, 1285.5)(548.0, 1285.5)(548.0, 1301.0)(408.0, 1301.0)(408.0, 1192.0);GATE
Port:(408.0, 1206.5)(418.0, 1206.5)(418.0, 1286.5)(408.0, 1286.5);SD
Port:(558.0, 1192.0)(558.0, 1285.5)(548.0, 1285.5)(548.0, 1301.0)(423.0, 1301.0)(423.0, 1192.0);GATE
Port:(549.0, 1202.0)(553.0, 1202.0)(553.0, 1271.0)(549.0, 1271.0);SD
Module:M26
Boundary:(712.0, 712.0)(712.0, 859.5)(585.4, 859.5)(585.4, 929.0)(519.0, 929.0)(519.0, 712.0);GATE
Port:(519.0, 726.5)(529.0, 726.5)(529.0, 914.5)(519.0, 914.5);SD
Port:(712.0, 712.0)(712.0, 859.5)(585.4, 859.5)(585.4, 929.0)(534.0, 929.0)(534.0, 712.0);GATE
Port:(703.0, 722.0)(707.0, 722.0)(707.0, 845.0)(703.0, 845.0);SD
Module:M23
Boundary:(633.0, 2012.0)(709.0, 2012.0)(709.0, 2020.0)(724.0, 2020.0)(724.0, 2085.0)(633.0, 2085.0);GATE
Port:(647.5, 2075.0)(709.5, 2075.0)(709.5, 2085.0)(647.5, 2085.0);SD
Port:(633.0, 2012.0)(709.0, 2012.0)(709.0, 2020.0)(724.0, 2020.0)(724.0, 2070.0)(633.0, 2070.0);GATE
Port:(643.0, 2017.0)(694.0, 2017.0)(694.0, 2021.0)(643.0, 2021.0);SD
Module:M18
Boundary:(20.0, 1174.0)(131.5, 1174.0)(131.5, 1226.0)(219.0, 1226.0)(219.0, 1322.0)(20.0, 1322.0);GATE
Port:(34.5, 1312.0)(204.5, 1312.0)(204.5, 1322.0)(34.5, 1322.0);SD
Port:(20.0, 1174.0)(131.5, 1174.0)(131.5, 1226.0)(219.0, 1226.0)(219.0, 1307.0)(20.0, 1307.0);GATE
Port:(30.0, 1179.0)(117.0, 1179.0)(117.0, 1183.0)(30.0, 1183.0);SD
Module:M20
Boundary:(593.0, 2101.0)(593.0, 2194.5)(583.0, 2194.5)(583.0, 2210.0)(442.0, 2210.0)(442.0, 2101.0);GATE
Port:(442.0, 2115.5)(452.0, 2115.5)(452.0, 2195.5)(442.0, 2195.5);SD
Port:(593.0, 2101.0)(593.0, 2194.5)(583.0, 2194.5)(583.0, 2210.0)(457.0, 2210.0)(457.0, 2101.0);GATE
Port:(584.0, 2111.0)(588.0, 2111.0)(588.0, 2180.0)(584.0, 2180.0);SD
Module:M15
Boundary:(719.0, 1707.0)(719.0, 1836.5)(705.0, 1836.5)(705.0, 1852.0)(616.0, 1852.0)(616.0, 1707.0);GATE
Port:(616.0, 1721.5)(626.0, 1721.5)(626.0, 1837.5)(616.0, 1837.5);SD
Port:(719.0, 1707.0)(719.0, 1836.5)(705.0, 1836.5)(705.0, 1852.0)(631.0, 1852.0)(631.0, 1707.0);GATE
Port:(710.0, 1717.0)(714.0, 1717.0)(714.0, 1822.0)(710.0, 1822.0);SD
Module:M47
Boundary:(578.0, 1560.0)(689.5, 1560.0)(689.5, 1599.7)(723.0, 1599.7)(723.0, 1657.0)(578.0, 1657.0);GATE
Port:(592.5, 1647.0)(708.5, 1647.0)(708.5, 1657.0)(592.5, 1657.0);SD
Port:(578.0, 1560.0)(689.5, 1560.0)(689.5, 1599.7)(723.0, 1599.7)(723.0, 1642.0)(578.0, 1642.0);GATE
Port:(588.0, 1565.0)(675.0, 1565.0)(675.0, 1569.0)(588.0, 1569.0);SD
Module:M12
Boundary:(725.0, 490.0)(725.0, 619.5)(668.8, 619.5)(668.8, 671.0)(618.0, 671.0)(618.0, 490.0);GATE
Port:(618.0, 504.5)(628.0, 504.5)(628.0, 656.5)(618.0, 656.5);SD
Port:(725.0, 490.0)(725.0, 619.5)(668.8, 619.5)(668.8, 671.0)(633.0, 671.0)(633.0, 490.0);GATE
Port:(716.0, 500.0)(720.0, 500.0)(720.0, 605.0)(716.0, 605.0);SD
Module:M44
Boundary:(257.0, 1958.0)(386.5, 1958.0)(386.5, 1972.0)(402.0, 1972.0)(402.0, 2031.0)(257.0, 2031.0);GATE
Port:(271.5, 2021.0)(387.5, 2021.0)(387.5, 2031.0)(271.5, 2031.0);SD
Port:(257.0, 1958.0)(386.5, 1958.0)(386.5, 1972.0)(402.0, 1972.0)(402.0, 2016.0)(257.0, 2016.0);GATE
Port:(267.0, 1963.0)(372.0, 1963.0)(372.0, 1967.0)(267.0, 1967.0);SD
Module:M39
Boundary:(418.0, 1351.0)(547.5, 1351.0)(547.5, 1456.1)(725.0, 1456.1)(725.0, 1510.0)(418.0, 1510.0);GATE
Port:(432.5, 1500.0)(710.5, 1500.0)(710.5, 1510.0)(432.5, 1510.0);SD
Port:(418.0, 1351.0)(547.5, 1351.0)(547.5, 1456.1)(725.0, 1456.1)(725.0, 1495.0)(418.0, 1495.0);GATE
Port:(428.0, 1356.0)(533.0, 1356.0)(533.0, 1360.0)(428.0, 1360.0);SD
Module:M8
Boundary:(708.0, 241.0)(708.0, 370.5)(667.7, 370.5)(667.7, 440.0)(629.0, 440.0)(629.0, 241.0);GATE
Port:(629.0, 255.5)(639.0, 255.5)(639.0, 425.5)(629.0, 425.5);SD
Port:(708.0, 241.0)(708.0, 370.5)(667.7, 370.5)(667.7, 440.0)(644.0, 440.0)(644.0, 241.0);GATE
Port:(699.0, 251.0)(703.0, 251.0)(703.0, 356.0)(699.0, 356.0);SD
Module:M41
Boundary:(30.0, 413.0)(177.5, 413.0)(177.5, 429.0)(193.0, 429.0)(193.0, 540.0)(30.0, 540.0);GATE
Port:(44.5, 530.0)(178.5, 530.0)(178.5, 540.0)(44.5, 540.0);SD
Port:(30.0, 413.0)(177.5, 413.0)(177.5, 429.0)(193.0, 429.0)(193.0, 525.0)(30.0, 525.0);GATE
Port:(40.0, 418.0)(163.0, 418.0)(163.0, 422.0)(40.0, 422.0);SD
Module:M4
Boundary:(259.0, 1165.0)(352.5, 1165.0)(352.5, 1175.0)(368.0, 1175.0)(368.0, 1288.0)(259.0, 1288.0);GATE
Port:(273.5, 1278.0)(353.5, 1278.0)(353.5, 1288.0)(273.5, 1288.0);SD
Port:(259.0, 1165.0)(352.5, 1165.0)(352.5, 1175.0)(368.0, 1175.0)(368.0, 1273.0)(259.0, 1273.0);GATE
Port:(269.0, 1170.0)(338.0, 1170.0)(338.0, 1174.0)(269.0, 1174.0);SD
Module:M36
Boundary:(553.0, 979.0)(553.0, 1072.5)(497.3, 1072.5)(497.3, 1142.0)(418.0, 1142.0)(418.0, 979.0);GATE
Port:(418.0, 993.5)(428.0, 993.5)(428.0, 1127.5)(418.0, 1127.5);SD
Port:(553.0, 979.0)(553.0, 1072.5)(497.3, 1072.5)(497.3, 1142.0)(433.0, 1142.0)(433.0, 979.0);GATE
Port:(544.0, 989.0)(548.0, 989.0)(548.0, 1058.0)(544.0, 1058.0);SD
Module:M33
Boundary:(20.0, 1726.0)(131.5, 1726.0)(131.5, 1771.0)(165.0, 1771.0)(165.0, 1829.0)(20.0, 1829.0);GATE
Port:(34.5, 1819.0)(150.5, 1819.0)(150.5, 1829.0)(34.5, 1829.0);SD
Port:(20.0, 1726.0)(131.5, 1726.0)(131.5, 1771.0)(165.0, 1771.0)(165.0, 1814.0)(20.0, 1814.0);GATE
Port:(30.0, 1731.0)(117.0, 1731.0)(117.0, 1735.0)(30.0, 1735.0);SD
Module:M28
Boundary:(346.0, 1328.0)(346.0, 1401.0)(259.0, 1401.0)(259.0, 1328.0);GATE
Port:(259.0, 1342.5)(269.0, 1342.5)(269.0, 1386.5)(259.0, 1386.5);SD
Port:(346.0, 1328.0)(346.0, 1401.0)(274.0, 1401.0)(274.0, 1328.0);GATE
Port:(337.0, 1338.0)(341.0, 1338.0)(341.0, 1391.0)(337.0, 1391.0);SD
Module:M30
Boundary:(416.0, 231.0)(545.5, 231.0)(545.5, 281.0)(579.0, 281.0)(579.0, 340.0)(416.0, 340.0);GATE
Port:(430.5, 330.0)(564.5, 330.0)(564.5, 340.0)(430.5, 340.0);SD
Port:(416.0, 231.0)(545.5, 231.0)(545.5, 281.0)(579.0, 281.0)(579.0, 325.0)(416.0, 325.0);GATE
Port:(426.0, 236.0)(531.0, 236.0)(531.0, 240.0)(426.0, 240.0);SD
Module:M25
Boundary:(92.0, 1362.0)(92.0, 1438.0)(84.0, 1438.0)(84.0, 1453.0)(20.0, 1453.0)(20.0, 1362.0);GATE
Port:(20.0, 1376.5)(30.0, 1376.5)(30.0, 1438.5)(20.0, 1438.5);SD
Port:(92.0, 1362.0)(92.0, 1438.0)(84.0, 1438.0)(84.0, 1453.0)(35.0, 1453.0)(35.0, 1362.0);GATE
Port:(83.0, 1372.0)(87.0, 1372.0)(87.0, 1423.0)(83.0, 1423.0);SD
Module:M22
Boundary:(528.0, 1570.0)(528.0, 1646.0)(520.0, 1646.0)(520.0, 1661.0)(385.0, 1661.0)(385.0, 1570.0);GATE
Port:(385.0, 1584.5)(395.0, 1584.5)(395.0, 1646.5)(385.0, 1646.5);SD
Port:(528.0, 1570.0)(528.0, 1646.0)(520.0, 1646.0)(520.0, 1661.0)(400.0, 1661.0)(400.0, 1570.0);GATE
Port:(519.0, 1580.0)(523.0, 1580.0)(523.0, 1631.0)(519.0, 1631.0);SD
Module:M17
Boundary:(20.0, 1068.0)(167.5, 1068.0)(167.5, 1084.0)(183.0, 1084.0)(183.0, 1134.0)(20.0, 1134.0);GATE
Port:(34.5, 1124.0)(168.5, 1124.0)(168.5, 1134.0)(34.5, 1134.0);SD
Port:(20.0, 1068.0)(167.5, 1068.0)(167.5, 1084.0)(183.0, 1084.0)(183.0, 1119.0)(20.0, 1119.0);GATE
Port:(30.0, 1073.0)(153.0, 1073.0)(153.0, 1077.0)(30.0, 1077.0);SD
