Area:(-13.8, 3.2)(690.6, 3.2)(690.6, 686.8)(-13.8, 686.8)
Rule:GATE(5,5);SD(5,5);GATE_SD(0.5);GATE_ITO(0.5);SD_ITO(0.5)
Module:M20
Boundary:(380.8, 120.4)(380.8, 56.5)(423.1, 56.5)(423.1, 43.2)(512.8, 43.2)(512.8, 120.4);GATE
Port:(508.2, 57.1)(512.8, 57.1)(512.8, 106.5)(508.2, 106.5);SD
Port:(380.8, 120.4)(380.8, 56.5)(423.1, 56.5)(423.1, 43.2)(505.3, 43.2)(505.3, 120.4);GATE
Port:(385.8, 63.5)(393.1, 63.5)(393.1, 114.4)(385.8, 114.4);SD
Module:M19
Boundary:(172.2, 163.7)(172.2, 90.2)(172.2, 90.2)(172.2, 76.0)(372.5, 76.0)(372.5, 163.7);GATE
Port:(367.3, 87.8)(372.5, 87.8)(372.5, 151.9)(367.3, 151.9);SD
Port:(172.2, 163.7)(172.2, 90.2)(172.2, 90.2)(172.2, 76.0)(365.7, 76.0)(365.7, 163.7);GATE
Port:(176.6, 95.6)(182.3, 95.6)(182.3, 158.3)(176.6, 158.3);SD
Module:M1
Boundary:(532.2, 65.6)(611.0, 65.6)(611.0, 175.1)(532.2, 175.1);GATE
Port:(544.7, 170.5)(598.5, 170.5)(598.5, 175.1)(544.7, 175.1);SD
Port:(532.2, 65.6)(611.0, 65.6)(611.0, 167.6)(532.2, 167.6);GATE
Port:(537.9, 70.3)(605.3, 70.3)(605.3, 75.3)(537.9, 75.3);SD
Module:M12
Boundary:(138.4, 248.2)(41.2, 248.2)(41.2, 171.4)(26.2, 171.4)(26.2, 72.0)(138.4, 72.0);GATE
Port:(39.0, 72.0)(125.6, 72.0)(125.6, 76.4)(39.0, 76.4);SD
Port:(138.4, 248.2)(41.2, 248.2)(41.2, 171.4)(26.2, 171.4)(26.2, 78.3)(138.4, 78.3);GATE
Port:(48.1, 237.9)(132.5, 237.9)(132.5, 243.3)(48.1, 243.3);SD
Module:M11
Boundary:(408.3, 247.9)(408.3, 185.2)(408.0, 185.2)(408.0, 170.4)(206.2, 170.4)(206.2, 247.9);GATE
Port:(206.2, 183.4)(210.7, 183.4)(210.7, 234.9)(206.2, 234.9);SD
Port:(408.3, 247.9)(408.3, 185.2)(408.0, 185.2)(408.0, 170.4)(212.6, 170.4)(212.6, 247.9);GATE
Port:(397.3, 190.9)(403.6, 190.9)(403.6, 242.2)(397.3, 242.2);SD
Module:M2
Boundary:(650.6, 256.1)(650.6, 202.8)(621.1, 202.8)(621.1, 185.9)(528.4, 185.9)(528.4, 256.1);GATE
Port:(528.4, 199.2)(533.6, 199.2)(533.6, 242.8)(528.4, 242.8);SD
Port:(650.6, 256.1)(650.6, 202.8)(621.1, 202.8)(621.1, 185.9)(535.9, 185.9)(535.9, 256.1);GATE
Port:(640.0, 209.5)(645.9, 209.5)(645.9, 250.4)(640.0, 250.4);SD
Module:M4
Boundary:(414.3, 166.9)(414.3, 272.1)(437.9, 272.1)(437.9, 288.3)(497.0, 288.3)(497.0, 166.9);GATE
Port:(492.5, 180.8)(497.0, 180.8)(497.0, 274.4)(492.5, 274.4);SD
Port:(414.3, 166.9)(414.3, 272.1)(437.9, 272.1)(437.9, 288.3)(490.6, 288.3)(490.6, 166.9);GATE
Port:(419.7, 173.3)(425.4, 173.3)(425.4, 264.7)(419.7, 264.7);SD
Module:M9
Boundary:(34.0, 267.2)(127.3, 267.2)(127.3, 368.9)(34.0, 368.9);GATE
Port:(46.7, 363.3)(114.6, 363.3)(114.6, 368.9)(46.7, 368.9);SD
Port:(34.0, 267.2)(127.3, 267.2)(127.3, 361.5)(34.0, 361.5);GATE
Port:(40.5, 272.7)(120.8, 272.7)(120.8, 277.5)(40.5, 277.5);SD
Module:M7
Boundary:(383.0, 337.2)(383.0, 272.9)(382.8, 272.9)(382.8, 258.1)(162.6, 258.1)(162.6, 337.2);GATE
Port:(162.6, 272.1)(167.3, 272.1)(167.3, 323.2)(162.6, 323.2);SD
Port:(383.0, 337.2)(383.0, 272.9)(382.8, 272.9)(382.8, 258.1)(169.0, 258.1)(169.0, 337.2);GATE
Port:(370.7, 279.9)(377.0, 279.9)(377.0, 330.2)(370.7, 330.2);SD
Module:M8
Boundary:(620.9, 275.3)(620.9, 366.8)(560.5, 366.8)(560.5, 380.6)(512.7, 380.6)(512.7, 275.3);GATE
Port:(512.7, 287.7)(517.5, 287.7)(517.5, 368.2)(512.7, 368.2);SD
Port:(620.9, 275.3)(620.9, 366.8)(560.5, 366.8)(560.5, 380.6)(518.5, 380.6)(518.5, 275.3);GATE
Port:(611.1, 280.6)(616.6, 280.6)(616.6, 360.5)(611.1, 360.5);SD
Module:M10
Boundary:(396.5, 410.4)(396.5, 329.5)(422.2, 329.5)(422.2, 314.6)(485.6, 314.6)(485.6, 410.4);GATE
Port:(480.8, 327.2)(485.6, 327.2)(485.6, 397.8)(480.8, 397.8);SD
Port:(396.5, 410.4)(396.5, 329.5)(422.2, 329.5)(422.2, 314.6)(478.7, 314.6)(478.7, 410.4);GATE
Port:(401.0, 336.0)(406.8, 336.0)(406.8, 404.9)(401.0, 404.9);SD
Module:M18
Boundary:(226.7, 438.8)(226.7, 389.7)(136.4, 389.7)(136.4, 375.2)(51.9, 375.2)(51.9, 438.8);GATE
Port:(51.9, 387.6)(57.5, 387.6)(57.5, 426.4)(51.9, 426.4);SD
Port:(226.7, 438.8)(226.7, 389.7)(136.4, 389.7)(136.4, 375.2)(59.3, 375.2)(59.3, 438.8);GATE
Port:(216.4, 397.4)(221.0, 397.4)(221.0, 432.1)(216.4, 432.1);SD
Module:M17
Boundary:(614.7, 506.4)(614.7, 427.9)(614.6, 427.9)(614.6, 412.9)(405.3, 412.9)(405.3, 506.4);GATE
Port:(405.3, 426.2)(411.0, 426.2)(411.0, 493.1)(405.3, 493.1);SD
Port:(614.7, 506.4)(614.7, 427.9)(614.6, 427.9)(614.6, 412.9)(413.6, 412.9)(413.6, 506.4);GATE
Port:(603.0, 433.2)(610.4, 433.2)(610.4, 501.1)(603.0, 501.1);SD
Module:M6
Boundary:(328.3, 431.3)(380.1, 431.3)(380.1, 474.4)(395.3, 474.4)(395.3, 527.2)(328.3, 527.2);GATE
Port:(342.5, 522.9)(381.1, 522.9)(381.1, 527.2)(342.5, 527.2);SD
Port:(328.3, 431.3)(380.1, 431.3)(380.1, 474.4)(395.3, 474.4)(395.3, 521.8)(328.3, 521.8);GATE
Port:(334.3, 436.3)(373.1, 436.3)(373.1, 442.3)(334.3, 442.3);SD
Module:M15
Boundary:(321.8, 525.4)(256.3, 525.4)(256.3, 369.1)(321.8, 369.1);GATE
Port:(269.3, 369.1)(308.8, 369.1)(308.8, 374.8)(269.3, 374.8);SD
Port:(321.8, 525.4)(256.3, 525.4)(256.3, 377.2)(321.8, 377.2);GATE
Port:(261.3, 514.3)(316.8, 514.3)(316.8, 521.4)(261.3, 521.4);SD
Module:M14
Boundary:(212.7, 500.0)(212.7, 453.2)(110.5, 453.2)(110.5, 439.6)(43.3, 439.6)(43.3, 500.0);GATE
Port:(43.3, 451.3)(47.9, 451.3)(47.9, 488.3)(43.3, 488.3);SD
Port:(212.7, 500.0)(212.7, 453.2)(110.5, 453.2)(110.5, 439.6)(50.4, 439.6)(50.4, 500.0);GATE
Port:(202.5, 460.5)(207.4, 460.5)(207.4, 493.7)(202.5, 493.7);SD
Module:M5
Boundary:(265.6, 573.6)(311.7, 573.6)(311.7, 573.7)(326.8, 573.7)(326.8, 646.8)(265.6, 646.8);GATE
Port:(277.5, 641.7)(314.9, 641.7)(314.9, 646.8)(277.5, 646.8);SD
Port:(265.6, 573.6)(311.7, 573.6)(311.7, 573.7)(326.8, 573.7)(326.8, 638.9)(265.6, 638.9);GATE
Port:(270.9, 577.9)(306.4, 577.9)(306.4, 583.5)(270.9, 583.5);SD
Module:M16
Boundary:(333.7, 638.2)(383.6, 638.2)(383.6, 619.7)(397.3, 619.7)(397.3, 551.1)(333.7, 551.1);GATE
Port:(346.8, 551.1)(384.2, 551.1)(384.2, 555.8)(346.8, 555.8);SD
Port:(333.7, 638.2)(383.6, 638.2)(383.6, 619.7)(397.3, 619.7)(397.3, 558.3)(333.7, 558.3);GATE
Port:(340.3, 626.6)(376.0, 626.6)(376.0, 632.6)(340.3, 632.6);SD
Module:M3
Boundary:(619.1, 530.1)(619.1, 618.0)(408.4, 618.0)(408.4, 530.1);GATE
Port:(408.4, 541.9)(412.9, 541.9)(412.9, 606.2)(408.4, 606.2);SD
Port:(619.1, 530.1)(619.1, 618.0)(415.0, 618.0)(415.0, 530.1);GATE
Port:(608.8, 536.4)(613.8, 536.4)(613.8, 611.7)(608.8, 611.7);SD
Module:M13
Boundary:(246.9, 622.5)(246.9, 570.0)(246.7, 570.0)(246.7, 551.9)(63.2, 551.9)(63.2, 622.5);GATE
Port:(63.2, 565.7)(67.8, 565.7)(67.8, 608.7)(63.2, 608.7);SD
Port:(246.9, 622.5)(246.9, 570.0)(246.7, 570.0)(246.7, 551.9)(69.5, 551.9)(69.5, 622.5);GATE
Port:(236.4, 575.1)(242.8, 575.1)(242.8, 617.4)(236.4, 617.4);SD
