Area:(-20.0, -20.0)(1474.0, -20.0)(1474.0, 1134.0)(-20.0, 1134.0)
Rule:GATE(5,5);SD(5,5);GATE_SD(0.5);GATE_ITO(0.5);SD_ITO(0.5)
Module:M49
Boundary:(1179.0, 876.0)(1255.0, 876.0)(1255.0, 884.0)(1270.0, 884.0)(1270.0, 975.0)(1179.0, 975.0);GATE
Port:(1193.5, 965.0)(1255.5, 965.0)(1255.5, 975.0)(1193.5, 975.0);SD
Port:(1179.0, 876.0)(1255.0, 876.0)(1255.0, 884.0)(1270.0, 884.0)(1270.0, 960.0)(1179.0, 960.0);GATE
Port:(1189.0, 881.0)(1240.0, 881.0)(1240.0, 885.0)(1189.0, 885.0);SD
Module:M14
Boundary:(827.0, 574.0)(827.0, 647.0)(704.0, 647.0)(704.0, 574.0);GATE
Port:(704.0, 588.5)(714.0, 588.5)(714.0, 632.5)(704.0, 632.5);SD
Port:(827.0, 574.0)(827.0, 647.0)(719.0, 647.0)(719.0, 574.0);GATE
Port:(818.0, 584.0)(822.0, 584.0)(822.0, 637.0)(818.0, 637.0);SD
Module:M9
Boundary:(748.0, 20.0)(748.0, 149.5)(679.3, 149.5)(679.3, 183.0)(595.0, 183.0)(595.0, 20.0);GATE
Port:(595.0, 34.5)(605.0, 34.5)(605.0, 168.5)(595.0, 168.5);SD
Port:(748.0, 20.0)(748.0, 149.5)(679.3, 149.5)(679.3, 183.0)(610.0, 183.0)(610.0, 20.0);GATE
Port:(739.0, 30.0)(743.0, 30.0)(743.0, 135.0)(739.0, 135.0);SD
Module:M5
Boundary:(1114.0, 343.0)(1190.0, 343.0)(1190.0, 351.0)(1205.0, 351.0)(1205.0, 441.0)(1114.0, 441.0);GATE
Port:(1128.5, 431.0)(1190.5, 431.0)(1190.5, 441.0)(1128.5, 441.0);SD
Port:(1114.0, 343.0)(1190.0, 343.0)(1190.0, 351.0)(1205.0, 351.0)(1205.0, 426.0)(1114.0, 426.0);GATE
Port:(1124.0, 348.0)(1175.0, 348.0)(1175.0, 352.0)(1124.0, 352.0);SD
Module:M46
Boundary:(1067.0, 225.0)(1160.5, 225.0)(1160.5, 235.0)(1176.0, 235.0)(1176.0, 303.0)(1067.0, 303.0);GATE
Port:(1081.5, 293.0)(1161.5, 293.0)(1161.5, 303.0)(1081.5, 303.0);SD
Port:(1067.0, 225.0)(1160.5, 225.0)(1160.5, 235.0)(1176.0, 235.0)(1176.0, 288.0)(1067.0, 288.0);GATE
Port:(1077.0, 230.0)(1146.0, 230.0)(1146.0, 234.0)(1077.0, 234.0);SD
Module:M11
Boundary:(1074.0, 587.0)(1074.0, 680.5)(1015.3, 680.5)(1015.3, 750.0)(933.0, 750.0)(933.0, 587.0);GATE
Port:(933.0, 601.5)(943.0, 601.5)(943.0, 735.5)(933.0, 735.5);SD
Port:(1074.0, 587.0)(1074.0, 680.5)(1015.3, 680.5)(1015.3, 750.0)(948.0, 750.0)(948.0, 587.0);GATE
Port:(1065.0, 597.0)(1069.0, 597.0)(1069.0, 666.0)(1065.0, 666.0);SD
Module:M1
Boundary:(355.0, 789.0)(502.5, 789.0)(502.5, 842.2)(536.0, 842.2)(536.0, 909.0)(355.0, 909.0);GATE
Port:(369.5, 899.0)(521.5, 899.0)(521.5, 909.0)(369.5, 909.0);SD
Port:(355.0, 789.0)(502.5, 789.0)(502.5, 842.2)(536.0, 842.2)(536.0, 894.0)(355.0, 894.0);GATE
Port:(365.0, 794.0)(488.0, 794.0)(488.0, 798.0)(365.0, 798.0);SD
Module:M43
Boundary:(208.0, 20.0)(208.0, 131.5)(196.0, 131.5)(196.0, 147.0)(133.0, 147.0)(133.0, 20.0);GATE
Port:(133.0, 34.5)(143.0, 34.5)(143.0, 132.5)(133.0, 132.5);SD
Port:(208.0, 20.0)(208.0, 131.5)(196.0, 131.5)(196.0, 147.0)(148.0, 147.0)(148.0, 20.0);GATE
Port:(199.0, 30.0)(203.0, 30.0)(203.0, 117.0)(199.0, 117.0);SD
Module:M38
Boundary:(30.0, 779.0)(103.0, 779.0)(103.0, 923.0)(30.0, 923.0);GATE
Port:(44.5, 913.0)(88.5, 913.0)(88.5, 923.0)(44.5, 923.0);SD
Port:(30.0, 779.0)(103.0, 779.0)(103.0, 908.0)(30.0, 908.0);GATE
Port:(40.0, 784.0)(93.0, 784.0)(93.0, 788.0)(40.0, 788.0);SD
Module:M40
Boundary:(947.0, 395.0)(1040.5, 395.0)(1040.5, 461.2)(1074.0, 461.2)(1074.0, 547.0)(947.0, 547.0);GATE
Port:(961.5, 537.0)(1059.5, 537.0)(1059.5, 547.0)(961.5, 547.0);SD
Port:(947.0, 395.0)(1040.5, 395.0)(1040.5, 461.2)(1074.0, 461.2)(1074.0, 532.0)(947.0, 532.0);GATE
Port:(957.0, 400.0)(1026.0, 400.0)(1026.0, 404.0)(957.0, 404.0);SD
Module:M35
Boundary:(130.0, 427.0)(130.0, 520.5)(63.0, 520.5)(63.0, 608.0)(20.0, 608.0)(20.0, 427.0);GATE
Port:(20.0, 441.5)(30.0, 441.5)(30.0, 593.5)(20.0, 593.5);SD
Port:(130.0, 427.0)(130.0, 520.5)(63.0, 520.5)(63.0, 608.0)(35.0, 608.0)(35.0, 427.0);GATE
Port:(121.0, 437.0)(125.0, 437.0)(125.0, 506.0)(121.0, 506.0);SD
Module:M32
Boundary:(571.0, 366.0)(644.0, 366.0)(644.0, 478.0)(571.0, 478.0);GATE
Port:(585.5, 468.0)(629.5, 468.0)(629.5, 478.0)(585.5, 478.0);SD
Port:(571.0, 366.0)(644.0, 366.0)(644.0, 463.0)(571.0, 463.0);GATE
Port:(581.0, 371.0)(634.0, 371.0)(634.0, 375.0)(581.0, 375.0);SD
Module:M27
Boundary:(966.0, 983.0)(966.0, 1076.5)(956.0, 1076.5)(956.0, 1092.0)(791.0, 1092.0)(791.0, 983.0);GATE
Port:(791.0, 997.5)(801.0, 997.5)(801.0, 1077.5)(791.0, 1077.5);SD
Port:(966.0, 983.0)(966.0, 1076.5)(956.0, 1076.5)(956.0, 1092.0)(806.0, 1092.0)(806.0, 983.0);GATE
Port:(957.0, 993.0)(961.0, 993.0)(961.0, 1062.0)(957.0, 1062.0);SD
Module:M24
Boundary:(1421.0, 699.0)(1421.0, 810.5)(1409.0, 810.5)(1409.0, 826.0)(1327.0, 826.0)(1327.0, 699.0);GATE
Port:(1327.0, 713.5)(1337.0, 713.5)(1337.0, 811.5)(1327.0, 811.5);SD
Port:(1421.0, 699.0)(1421.0, 810.5)(1409.0, 810.5)(1409.0, 826.0)(1342.0, 826.0)(1342.0, 699.0);GATE
Port:(1412.0, 709.0)(1416.0, 709.0)(1416.0, 796.0)(1412.0, 796.0);SD
Module:M19
Boundary:(1244.0, 20.0)(1391.5, 20.0)(1391.5, 100.2)(1425.0, 100.2)(1425.0, 194.0)(1244.0, 194.0);GATE
Port:(1258.5, 184.0)(1410.5, 184.0)(1410.5, 194.0)(1258.5, 194.0);SD
Port:(1244.0, 20.0)(1391.5, 20.0)(1391.5, 100.2)(1425.0, 100.2)(1425.0, 179.0)(1244.0, 179.0);GATE
Port:(1254.0, 25.0)(1377.0, 25.0)(1377.0, 29.0)(1254.0, 29.0);SD
Module:M6
Boundary:(92.0, 242.0)(92.0, 371.5)(71.0, 371.5)(71.0, 387.0)(20.0, 387.0)(20.0, 242.0);GATE
Port:(20.0, 256.5)(30.0, 256.5)(30.0, 372.5)(20.0, 372.5);SD
Port:(92.0, 242.0)(92.0, 371.5)(71.0, 371.5)(71.0, 387.0)(35.0, 387.0)(35.0, 242.0);GATE
Port:(83.0, 252.0)(87.0, 252.0)(87.0, 357.0)(83.0, 357.0);SD
Module:M21
Boundary:(771.0, 800.0)(846.5, 800.0)(846.5, 877.0)(1006.0, 877.0)(1006.0, 943.0)(771.0, 943.0);GATE
Port:(785.5, 933.0)(991.5, 933.0)(991.5, 943.0)(785.5, 943.0);SD
Port:(771.0, 800.0)(846.5, 800.0)(846.5, 877.0)(1006.0, 877.0)(1006.0, 928.0)(771.0, 928.0);GATE
Port:(781.0, 805.0)(832.0, 805.0)(832.0, 809.0)(781.0, 809.0);SD
Module:M2
Boundary:(20.0, 20.0)(93.0, 20.0)(93.0, 202.0)(20.0, 202.0);GATE
Port:(34.5, 192.0)(78.5, 192.0)(78.5, 202.0)(34.5, 202.0);SD
Port:(20.0, 20.0)(93.0, 20.0)(93.0, 187.0)(20.0, 187.0);GATE
Port:(30.0, 25.0)(83.0, 25.0)(83.0, 29.0)(30.0, 29.0);SD
Module:M16
Boundary:(1193.0, 491.0)(1193.0, 620.5)(1166.4, 620.5)(1166.4, 654.0)(1124.0, 654.0)(1124.0, 491.0);GATE
Port:(1124.0, 505.5)(1134.0, 505.5)(1134.0, 639.5)(1124.0, 639.5);SD
Port:(1193.0, 491.0)(1193.0, 620.5)(1166.4, 620.5)(1166.4, 654.0)(1139.0, 654.0)(1139.0, 491.0);GATE
Port:(1184.0, 501.0)(1188.0, 501.0)(1188.0, 606.0)(1184.0, 606.0);SD
Module:M48
Boundary:(1140.0, 1015.0)(1251.5, 1015.0)(1251.5, 1027.0)(1267.0, 1027.0)(1267.0, 1076.0)(1140.0, 1076.0);GATE
Port:(1154.5, 1066.0)(1252.5, 1066.0)(1252.5, 1076.0)(1154.5, 1076.0);SD
Port:(1140.0, 1015.0)(1251.5, 1015.0)(1251.5, 1027.0)(1267.0, 1027.0)(1267.0, 1061.0)(1140.0, 1061.0);GATE
Port:(1150.0, 1020.0)(1237.0, 1020.0)(1237.0, 1024.0)(1150.0, 1024.0);SD
Module:M13
Boundary:(531.0, 604.0)(531.0, 733.5)(517.0, 733.5)(517.0, 749.0)(355.0, 749.0)(355.0, 604.0);GATE
Port:(355.0, 618.5)(365.0, 618.5)(365.0, 734.5)(355.0, 734.5);SD
Port:(531.0, 604.0)(531.0, 733.5)(517.0, 733.5)(517.0, 749.0)(370.0, 749.0)(370.0, 604.0);GATE
Port:(522.0, 614.0)(526.0, 614.0)(526.0, 719.0)(522.0, 719.0);SD
Module:M50
Boundary:(20.0, 973.0)(93.0, 973.0)(93.0, 1087.0)(20.0, 1087.0);GATE
Port:(34.5, 1077.0)(78.5, 1077.0)(78.5, 1087.0)(34.5, 1087.0);SD
Port:(20.0, 973.0)(93.0, 973.0)(93.0, 1072.0)(20.0, 1072.0);GATE
Port:(30.0, 978.0)(83.0, 978.0)(83.0, 982.0)(30.0, 982.0);SD
Module:M45
Boundary:(897.0, 397.0)(897.0, 508.5)(885.0, 508.5)(885.0, 524.0)(714.0, 524.0)(714.0, 397.0);GATE
Port:(714.0, 411.5)(724.0, 411.5)(724.0, 509.5)(714.0, 509.5);SD
Port:(897.0, 397.0)(897.0, 508.5)(885.0, 508.5)(885.0, 524.0)(729.0, 524.0)(729.0, 397.0);GATE
Port:(888.0, 407.0)(892.0, 407.0)(892.0, 494.0)(888.0, 494.0);SD
Module:M10
Boundary:(320.0, 20.0)(320.0, 149.5)(306.0, 149.5)(306.0, 165.0)(248.0, 165.0)(248.0, 20.0);GATE
Port:(248.0, 34.5)(258.0, 34.5)(258.0, 150.5)(248.0, 150.5);SD
Port:(320.0, 20.0)(320.0, 149.5)(306.0, 149.5)(306.0, 165.0)(263.0, 165.0)(263.0, 20.0);GATE
Port:(311.0, 30.0)(315.0, 30.0)(315.0, 135.0)(311.0, 135.0);SD
Module:M42
Boundary:(170.0, 376.0)(227.5, 376.0)(227.5, 487.9)(405.0, 487.9)(405.0, 564.0)(170.0, 564.0);GATE
Port:(184.5, 554.0)(390.5, 554.0)(390.5, 564.0)(184.5, 564.0);SD
Port:(170.0, 376.0)(227.5, 376.0)(227.5, 487.9)(405.0, 487.9)(405.0, 549.0)(170.0, 549.0);GATE
Port:(180.0, 381.0)(213.0, 381.0)(213.0, 385.0)(180.0, 385.0);SD
Module:M37
Boundary:(731.0, 800.0)(731.0, 929.5)(717.0, 929.5)(717.0, 945.0)(576.0, 945.0)(576.0, 800.0);GATE
Port:(576.0, 814.5)(586.0, 814.5)(586.0, 930.5)(576.0, 930.5);SD
Port:(731.0, 800.0)(731.0, 929.5)(717.0, 929.5)(717.0, 945.0)(591.0, 945.0)(591.0, 800.0);GATE
Port:(722.0, 810.0)(726.0, 810.0)(726.0, 915.0)(722.0, 915.0);SD
Module:M34
Boundary:(506.0, 467.0)(506.0, 543.0)(498.0, 543.0)(498.0, 558.0)(445.0, 558.0)(445.0, 467.0);GATE
Port:(445.0, 481.5)(455.0, 481.5)(455.0, 543.5)(445.0, 543.5);SD
Port:(506.0, 467.0)(506.0, 543.0)(498.0, 543.0)(498.0, 558.0)(460.0, 558.0)(460.0, 467.0);GATE
Port:(497.0, 477.0)(501.0, 477.0)(501.0, 528.0)(497.0, 528.0);SD
Module:M29
Boundary:(1056.0, 886.0)(1129.0, 886.0)(1129.0, 952.0)(1056.0, 952.0);GATE
Port:(1070.5, 942.0)(1114.5, 942.0)(1114.5, 952.0)(1070.5, 952.0);SD
Port:(1056.0, 886.0)(1129.0, 886.0)(1129.0, 937.0)(1056.0, 937.0);GATE
Port:(1066.0, 891.0)(1119.0, 891.0)(1119.0, 895.0)(1066.0, 895.0);SD
Module:M7
Boundary:(893.0, 687.0)(893.0, 760.0)(704.0, 760.0)(704.0, 687.0);GATE
Port:(704.0, 701.5)(714.0, 701.5)(714.0, 745.5)(704.0, 745.5);SD
Port:(893.0, 687.0)(893.0, 760.0)(719.0, 760.0)(719.0, 687.0);GATE
Port:(884.0, 697.0)(888.0, 697.0)(888.0, 750.0)(884.0, 750.0);SD
Module:M31
Boundary:(195.0, 187.0)(195.0, 298.5)(173.0, 298.5)(173.0, 332.0)(133.0, 332.0)(133.0, 187.0);GATE
Port:(133.0, 201.5)(143.0, 201.5)(143.0, 317.5)(133.0, 317.5);SD
Port:(195.0, 187.0)(195.0, 298.5)(173.0, 298.5)(173.0, 332.0)(148.0, 332.0)(148.0, 187.0);GATE
Port:(186.0, 197.0)(190.0, 197.0)(190.0, 284.0)(186.0, 284.0);SD
Module:M3
Boundary:(1100.0, 1002.0)(1100.0, 1078.0)(1092.0, 1078.0)(1092.0, 1093.0)(1006.0, 1093.0)(1006.0, 1002.0);GATE
Port:(1006.0, 1016.5)(1016.0, 1016.5)(1016.0, 1078.5)(1006.0, 1078.5);SD
Port:(1100.0, 1002.0)(1100.0, 1078.0)(1092.0, 1078.0)(1092.0, 1093.0)(1021.0, 1093.0)(1021.0, 1002.0);GATE
Port:(1091.0, 1012.0)(1095.0, 1012.0)(1095.0, 1063.0)(1091.0, 1063.0);SD
Module:M26
Boundary:(1027.0, 228.0)(1027.0, 339.5)(1013.0, 339.5)(1013.0, 355.0)(947.0, 355.0)(947.0, 228.0);GATE
Port:(947.0, 242.5)(957.0, 242.5)(957.0, 340.5)(947.0, 340.5);SD
Port:(1027.0, 228.0)(1027.0, 339.5)(1013.0, 339.5)(1013.0, 355.0)(962.0, 355.0)(962.0, 228.0);GATE
Port:(1018.0, 238.0)(1022.0, 238.0)(1022.0, 325.0)(1018.0, 325.0);SD
Module:M23
Boundary:(1434.0, 234.0)(1434.0, 345.5)(1301.8, 345.5)(1301.8, 649.0)(1245.0, 649.0)(1245.0, 234.0);GATE
Port:(1245.0, 248.5)(1255.0, 248.5)(1255.0, 634.5)(1245.0, 634.5);SD
Port:(1434.0, 234.0)(1434.0, 345.5)(1301.8, 345.5)(1301.8, 649.0)(1260.0, 649.0)(1260.0, 234.0);GATE
Port:(1425.0, 244.0)(1429.0, 244.0)(1429.0, 331.0)(1425.0, 331.0);SD
Module:M18
Boundary:(552.0, 985.0)(627.5, 985.0)(627.5, 1030.4)(751.0, 1030.4)(751.0, 1091.0)(552.0, 1091.0);GATE
Port:(566.5, 1081.0)(736.5, 1081.0)(736.5, 1091.0)(566.5, 1091.0);SD
Port:(552.0, 985.0)(627.5, 985.0)(627.5, 1030.4)(751.0, 1030.4)(751.0, 1076.0)(552.0, 1076.0);GATE
Port:(562.0, 990.0)(613.0, 990.0)(613.0, 994.0)(562.0, 994.0);SD
Module:M20
Boundary:(153.0, 956.0)(264.5, 956.0)(264.5, 996.5)(316.0, 996.5)(316.0, 1093.0)(153.0, 1093.0);GATE
Port:(167.5, 1083.0)(301.5, 1083.0)(301.5, 1093.0)(167.5, 1093.0);SD
Port:(153.0, 956.0)(264.5, 956.0)(264.5, 996.5)(316.0, 996.5)(316.0, 1078.0)(153.0, 1078.0);GATE
Port:(163.0, 961.0)(250.0, 961.0)(250.0, 965.0)(163.0, 965.0);SD
Module:M15
Boundary:(1194.0, 30.0)(1194.0, 123.5)(1153.0, 123.5)(1153.0, 175.0)(1057.0, 175.0)(1057.0, 30.0);GATE
Port:(1057.0, 44.5)(1067.0, 44.5)(1067.0, 160.5)(1057.0, 160.5);SD
Port:(1194.0, 30.0)(1194.0, 123.5)(1153.0, 123.5)(1153.0, 175.0)(1072.0, 175.0)(1072.0, 30.0);GATE
Port:(1185.0, 40.0)(1189.0, 40.0)(1189.0, 109.0)(1185.0, 109.0);SD
Module:M47
Boundary:(555.0, 20.0)(555.0, 131.5)(543.0, 131.5)(543.0, 147.0)(360.0, 147.0)(360.0, 20.0);GATE
Port:(360.0, 34.5)(370.0, 34.5)(370.0, 132.5)(360.0, 132.5);SD
Port:(555.0, 20.0)(555.0, 131.5)(543.0, 131.5)(543.0, 147.0)(375.0, 147.0)(375.0, 20.0);GATE
Port:(546.0, 30.0)(550.0, 30.0)(550.0, 117.0)(546.0, 117.0);SD
Module:M12
Boundary:(512.0, 949.0)(512.0, 1078.5)(498.0, 1078.5)(498.0, 1094.0)(356.0, 1094.0)(356.0, 949.0);GATE
Port:(356.0, 963.5)(366.0, 963.5)(366.0, 1079.5)(356.0, 1079.5);SD
Port:(512.0, 949.0)(512.0, 1078.5)(498.0, 1078.5)(498.0, 1094.0)(371.0, 1094.0)(371.0, 949.0);GATE
Port:(503.0, 959.0)(507.0, 959.0)(507.0, 1064.0)(503.0, 1064.0);SD
Module:M44
Boundary:(20.0, 648.0)(113.5, 648.0)(113.5, 662.0)(129.0, 662.0)(129.0, 729.0)(20.0, 729.0);GATE
Port:(34.5, 719.0)(114.5, 719.0)(114.5, 729.0)(34.5, 729.0);SD
Port:(20.0, 648.0)(113.5, 648.0)(113.5, 662.0)(129.0, 662.0)(129.0, 714.0)(20.0, 714.0);GATE
Port:(30.0, 653.0)(99.0, 653.0)(99.0, 657.0)(30.0, 657.0);SD
Module:M39
Boundary:(581.0, 538.0)(654.0, 538.0)(654.0, 735.0)(581.0, 735.0);GATE
Port:(595.5, 725.0)(639.5, 725.0)(639.5, 735.0)(595.5, 735.0);SD
Port:(581.0, 538.0)(654.0, 538.0)(654.0, 720.0)(581.0, 720.0);GATE
Port:(591.0, 543.0)(644.0, 543.0)(644.0, 547.0)(591.0, 547.0);SD
Module:M8
Boundary:(684.0, 233.0)(684.0, 306.0)(592.0, 306.0)(592.0, 233.0);GATE
Port:(592.0, 247.5)(602.0, 247.5)(602.0, 291.5)(592.0, 291.5);SD
Port:(684.0, 233.0)(684.0, 306.0)(607.0, 306.0)(607.0, 233.0);GATE
Port:(675.0, 243.0)(679.0, 243.0)(679.0, 296.0)(675.0, 296.0);SD
Module:M41
Boundary:(798.0, 30.0)(927.5, 30.0)(927.5, 93.2)(997.0, 93.2)(997.0, 178.0)(798.0, 178.0);GATE
Port:(812.5, 168.0)(982.5, 168.0)(982.5, 178.0)(812.5, 178.0);SD
Port:(798.0, 30.0)(927.5, 30.0)(927.5, 93.2)(997.0, 93.2)(997.0, 163.0)(798.0, 163.0);GATE
Port:(808.0, 35.0)(913.0, 35.0)(913.0, 39.0)(808.0, 39.0);SD
Module:M4
Boundary:(521.0, 318.0)(521.0, 411.5)(511.0, 411.5)(511.0, 427.0)(445.0, 427.0)(445.0, 318.0);GATE
Port:(445.0, 332.5)(455.0, 332.5)(455.0, 412.5)(445.0, 412.5);SD
Port:(521.0, 318.0)(521.0, 411.5)(511.0, 411.5)(511.0, 427.0)(460.0, 427.0)(460.0, 318.0);GATE
Port:(512.0, 328.0)(516.0, 328.0)(516.0, 397.0)(512.0, 397.0);SD
Module:M36
Boundary:(1422.0, 886.0)(1422.0, 1015.5)(1381.8, 1015.5)(1381.8, 1085.0)(1320.0, 1085.0)(1320.0, 886.0);GATE
Port:(1320.0, 900.5)(1330.0, 900.5)(1330.0, 1070.5)(1320.0, 1070.5);SD
Port:(1422.0, 886.0)(1422.0, 1015.5)(1381.8, 1015.5)(1381.8, 1085.0)(1335.0, 1085.0)(1335.0, 886.0);GATE
Port:(1413.0, 896.0)(1417.0, 896.0)(1417.0, 1001.0)(1413.0, 1001.0);SD
Module:M33
Boundary:(542.0, 187.0)(542.0, 263.0)(534.0, 263.0)(534.0, 278.0)(435.0, 278.0)(435.0, 187.0);GATE
Port:(435.0, 201.5)(445.0, 201.5)(445.0, 263.5)(435.0, 263.5);SD
Port:(542.0, 187.0)(542.0, 263.0)(534.0, 263.0)(534.0, 278.0)(450.0, 278.0)(450.0, 187.0);GATE
Port:(533.0, 197.0)(537.0, 197.0)(537.0, 248.0)(533.0, 248.0);SD
Module:M28
Boundary:(734.0, 228.0)(881.5, 228.0)(881.5, 244.0)(897.0, 244.0)(897.0, 347.0)(734.0, 347.0);GATE
Port:(748.5, 337.0)(882.5, 337.0)(882.5, 347.0)(748.5, 347.0);SD
Port:(734.0, 228.0)(881.5, 228.0)(881.5, 244.0)(897.0, 244.0)(897.0, 332.0)(734.0, 332.0);GATE
Port:(744.0, 233.0)(867.0, 233.0)(867.0, 237.0)(744.0, 237.0);SD
Module:M30
Boundary:(1114.0, 704.0)(1261.5, 704.0)(1261.5, 722.0)(1277.0, 722.0)(1277.0, 836.0)(1114.0, 836.0);GATE
Port:(1128.5, 826.0)(1262.5, 826.0)(1262.5, 836.0)(1128.5, 836.0);SD
Port:(1114.0, 704.0)(1261.5, 704.0)(1261.5, 722.0)(1277.0, 722.0)(1277.0, 821.0)(1114.0, 821.0);GATE
Port:(1124.0, 709.0)(1247.0, 709.0)(1247.0, 713.0)(1124.0, 713.0);SD
Module:M25
Boundary:(169.0, 807.0)(262.5, 807.0)(262.5, 863.3)(314.0, 863.3)(314.0, 916.0)(169.0, 916.0);GATE
Port:(183.5, 906.0)(299.5, 906.0)(299.5, 916.0)(183.5, 916.0);SD
Port:(169.0, 807.0)(262.5, 807.0)(262.5, 863.3)(314.0, 863.3)(314.0, 901.0)(169.0, 901.0);GATE
Port:(179.0, 812.0)(248.0, 812.0)(248.0, 816.0)(179.0, 816.0);SD
Module:M22
Boundary:(258.0, 215.0)(351.5, 215.0)(351.5, 260.7)(385.0, 260.7)(385.0, 326.0)(258.0, 326.0);GATE
Port:(272.5, 316.0)(370.5, 316.0)(370.5, 326.0)(272.5, 326.0);SD
Port:(258.0, 215.0)(351.5, 215.0)(351.5, 260.7)(385.0, 260.7)(385.0, 311.0)(258.0, 311.0);GATE
Port:(268.0, 220.0)(337.0, 220.0)(337.0, 224.0)(268.0, 224.0);SD
Module:M17
Boundary:(170.0, 604.0)(299.5, 604.0)(299.5, 618.0)(315.0, 618.0)(315.0, 767.0)(170.0, 767.0);GATE
Port:(184.5, 757.0)(300.5, 757.0)(300.5, 767.0)(184.5, 767.0);SD
Port:(170.0, 604.0)(299.5, 604.0)(299.5, 618.0)(315.0, 618.0)(315.0, 752.0)(170.0, 752.0);GATE
Port:(180.0, 609.0)(285.0, 609.0)(285.0, 613.0)(180.0, 613.0);SD
