Area:(-8.9, -20.0)(816.2, -20.0)(816.2, 625.7)(-8.9, 625.7)
Rule:GATE(5,5);SD(5,5);GATE_SD(0.5);GATE_ITO(0.5);SD_ITO(0.5)
Module:M6
Boundary:(345.9, 39.8)(269.9, 39.8)(269.9, 47.8)(254.9, 47.8)(254.9, 120.8)(345.9, 120.8);GATE
Port:(269.4, 110.8)(331.4, 110.8)(331.4, 120.8)(269.4, 120.8);SD
Port:(345.9, 39.8)(269.9, 39.8)(269.9, 47.8)(254.9, 47.8)(254.9, 105.8)(345.9, 105.8);GATE
Port:(284.9, 44.8)(335.9, 44.8)(335.9, 48.8)(284.9, 48.8);SD
Module:M14
Boundary:(733.2, 45.0)(733.2, 121.0)(725.2, 121.0)(725.2, 136.0)(536.2, 136.0)(536.2, 45.0);GATE
Port:(536.2, 59.5)(546.2, 59.5)(546.2, 121.5)(536.2, 121.5);SD
Port:(733.2, 45.0)(733.2, 121.0)(725.2, 121.0)(725.2, 136.0)(551.2, 136.0)(551.2, 45.0);GATE
Port:(724.2, 55.0)(728.2, 55.0)(728.2, 106.0)(724.2, 106.0);SD
Module:M7
Boundary:(202.3, 41.6)(202.3, 153.1)(190.3, 153.1)(190.3, 168.6)(34.3, 168.6)(34.3, 41.6);GATE
Port:(34.3, 56.1)(44.3, 56.1)(44.3, 154.1)(34.3, 154.1);SD
Port:(202.3, 41.6)(202.3, 153.1)(190.3, 153.1)(190.3, 168.6)(49.3, 168.6)(49.3, 41.6);GATE
Port:(193.3, 51.6)(197.3, 51.6)(197.3, 138.6)(193.3, 138.6);SD
Module:M15
Boundary:(511.1, 20.0)(438.1, 20.0)(438.1, 183.0)(511.1, 183.0);GATE
Port:(452.6, 173.0)(496.6, 173.0)(496.6, 183.0)(452.6, 183.0);SD
Port:(511.1, 20.0)(438.1, 20.0)(438.1, 168.0)(511.1, 168.0);GATE
Port:(448.1, 25.0)(501.1, 25.0)(501.1, 29.0)(448.1, 29.0);SD
Module:M10
Boundary:(425.6, 42.7)(352.6, 42.7)(352.6, 228.7)(425.6, 228.7);GATE
Port:(367.1, 218.7)(411.1, 218.7)(411.1, 228.7)(367.1, 228.7);SD
Port:(425.6, 42.7)(352.6, 42.7)(352.6, 213.7)(425.6, 213.7);GATE
Port:(362.6, 47.7)(415.6, 47.7)(415.6, 51.7)(362.6, 51.7);SD
Module:M16
Boundary:(65.6, 318.5)(195.1, 318.5)(195.1, 255.3)(228.6, 255.3)(228.6, 176.5)(65.6, 176.5);GATE
Port:(80.1, 176.5)(214.1, 176.5)(214.1, 186.5)(80.1, 186.5);SD
Port:(65.6, 318.5)(195.1, 318.5)(195.1, 255.3)(228.6, 255.3)(228.6, 191.5)(65.6, 191.5);GATE
Port:(75.6, 309.5)(180.6, 309.5)(180.6, 313.5)(75.6, 313.5);SD
Module:M8
Boundary:(231.5, 144.4)(304.5, 144.4)(304.5, 336.4)(231.5, 336.4);GATE
Port:(246.0, 326.4)(290.0, 326.4)(290.0, 336.4)(246.0, 336.4);SD
Port:(231.5, 144.4)(304.5, 144.4)(304.5, 321.4)(231.5, 321.4);GATE
Port:(241.5, 149.4)(294.5, 149.4)(294.5, 153.4)(241.5, 153.4);SD
Module:M2
Boundary:(355.4, 247.0)(431.4, 247.0)(431.4, 255.0)(446.4, 255.0)(446.4, 348.0)(355.4, 348.0);GATE
Port:(369.9, 338.0)(431.9, 338.0)(431.9, 348.0)(369.9, 348.0);SD
Port:(355.4, 247.0)(431.4, 247.0)(431.4, 255.0)(446.4, 255.0)(446.4, 333.0)(355.4, 333.0);GATE
Port:(365.4, 252.0)(416.4, 252.0)(416.4, 256.0)(365.4, 256.0);SD
Module:M4
Boundary:(700.3, 179.5)(570.8, 179.5)(570.8, 308.5)(375.3, 308.5)(375.3, 349.5)(700.3, 349.5);GATE
Port:(389.8, 339.5)(685.8, 339.5)(685.8, 349.5)(389.8, 349.5);SD
Port:(700.3, 179.5)(570.8, 179.5)(570.8, 308.5)(375.3, 308.5)(375.3, 334.5)(700.3, 334.5);GATE
Port:(585.3, 184.5)(690.3, 184.5)(690.3, 188.5)(585.3, 188.5);SD
Module:M11
Boundary:(134.4, 343.3)(134.4, 416.3)(41.4, 416.3)(41.4, 343.3);GATE
Port:(41.4, 357.8)(51.4, 357.8)(51.4, 401.8)(41.4, 401.8);SD
Port:(134.4, 343.3)(134.4, 416.3)(56.4, 416.3)(56.4, 343.3);GATE
Port:(125.4, 353.3)(129.4, 353.3)(129.4, 406.3)(125.4, 406.3);SD
Module:M5
Boundary:(408.9, 367.2)(315.4, 367.2)(315.4, 377.2)(299.9, 377.2)(299.9, 434.2)(408.9, 434.2);GATE
Port:(314.4, 424.2)(394.4, 424.2)(394.4, 434.2)(314.4, 434.2);SD
Port:(408.9, 367.2)(315.4, 367.2)(315.4, 377.2)(299.9, 377.2)(299.9, 419.2)(408.9, 419.2);GATE
Port:(329.9, 372.2)(398.9, 372.2)(398.9, 376.2)(329.9, 376.2);SD
Module:M3
Boundary:(280.5, 350.2)(280.5, 426.3)(272.5, 426.3)(272.5, 441.2)(185.5, 441.2)(185.5, 350.2);GATE
Port:(185.5, 364.8)(195.5, 364.8)(195.5, 426.8)(185.5, 426.8);SD
Port:(280.5, 350.2)(280.5, 426.3)(272.5, 426.3)(272.5, 441.2)(200.5, 441.2)(200.5, 350.2);GATE
Port:(271.5, 360.2)(275.5, 360.2)(275.5, 411.2)(271.5, 411.2);SD
Module:M1
Boundary:(400.6, 570.2)(400.6, 497.2)(320.6, 497.2)(320.6, 570.2);GATE
Port:(320.6, 511.7)(330.6, 511.7)(330.6, 555.7)(320.6, 555.7);SD
Port:(400.6, 570.2)(400.6, 497.2)(335.6, 497.2)(335.6, 570.2);GATE
Port:(391.6, 507.2)(395.6, 507.2)(395.6, 560.2)(391.6, 560.2);SD
Module:M9
Boundary:(151.0, 501.7)(244.5, 501.7)(244.5, 511.7)(260.0, 511.7)(260.0, 585.7)(151.0, 585.7);GATE
Port:(165.5, 575.7)(245.5, 575.7)(245.5, 585.7)(165.5, 585.7);SD
Port:(151.0, 501.7)(244.5, 501.7)(244.5, 511.7)(260.0, 511.7)(260.0, 570.7)(151.0, 570.7);GATE
Port:(161.0, 506.7)(230.0, 506.7)(230.0, 510.7)(161.0, 510.7);SD
Module:M13
Boundary:(31.1, 566.5)(107.2, 566.5)(107.2, 558.5)(122.1, 558.5)(122.1, 459.5)(31.1, 459.5);GATE
Port:(45.6, 459.5)(107.6, 459.5)(107.6, 469.5)(45.6, 469.5);SD
Port:(31.1, 566.5)(107.2, 566.5)(107.2, 558.5)(122.1, 558.5)(122.1, 474.5)(31.1, 474.5);GATE
Port:(41.1, 557.5)(92.1, 557.5)(92.1, 561.5)(41.1, 561.5);SD
Module:M12
Boundary:(415.2, 378.9)(508.7, 378.9)(508.7, 491.9)(776.2, 491.9)(776.2, 537.9)(415.2, 537.9);GATE
Port:(429.7, 527.9)(761.7, 527.9)(761.7, 537.9)(429.7, 537.9);SD
Port:(415.2, 378.9)(508.7, 378.9)(508.7, 491.9)(776.2, 491.9)(776.2, 522.9)(415.2, 522.9);GATE
Port:(425.2, 383.9)(494.2, 383.9)(494.2, 387.9)(425.2, 387.9);SD
