Area:(5.7, -20.0)(512.5, -20.0)(512.5, 259.7)(5.7, 259.7)
Rule:GATE(5,5);SD(5,5);GATE_SD(0.5);GATE_ITO(0.5);SD_ITO(0.5)
Module:M4
Boundary:(350.3, 121.1)(426.3, 121.1)(426.3, 113.1)(441.3, 113.1)(441.3, 48.1)(350.3, 48.1);GATE
Port:(364.8, 48.1)(426.8, 48.1)(426.8, 58.1)(364.8, 58.1);SD
Port:(350.3, 121.1)(426.3, 121.1)(426.3, 113.1)(441.3, 113.1)(441.3, 63.1)(350.3, 63.1);GATE
Port:(360.3, 112.1)(411.3, 112.1)(411.3, 116.1)(360.3, 116.1);SD
Module:M5
Boundary:(349.2, 114.1)(349.2, 38.1)(341.2, 38.1)(341.2, 23.1)(222.2, 23.1)(222.2, 114.1);GATE
Port:(222.2, 37.6)(232.2, 37.6)(232.2, 99.6)(222.2, 99.6);SD
Port:(349.2, 114.1)(349.2, 38.1)(341.2, 38.1)(341.2, 23.1)(237.2, 23.1)(237.2, 114.1);GATE
Port:(340.2, 53.1)(344.2, 53.1)(344.2, 104.1)(340.2, 104.1);SD
Module:M1
Boundary:(45.7, 20.0)(193.2, 20.0)(193.2, 36.0)(208.7, 36.0)(208.7, 207.0)(45.7, 207.0);GATE
Port:(60.2, 197.0)(194.2, 197.0)(194.2, 207.0)(60.2, 207.0);SD
Port:(45.7, 20.0)(193.2, 20.0)(193.2, 36.0)(208.7, 36.0)(208.7, 192.0)(45.7, 192.0);GATE
Port:(55.7, 25.0)(178.7, 25.0)(178.7, 29.0)(55.7, 29.0);SD
Module:M3
Boundary:(334.3, 194.7)(334.3, 121.7)(215.3, 121.7)(215.3, 194.7);GATE
Port:(215.3, 136.2)(225.3, 136.2)(225.3, 180.2)(215.3, 180.2);SD
Port:(334.3, 194.7)(334.3, 121.7)(230.3, 121.7)(230.3, 194.7);GATE
Port:(325.3, 131.7)(329.3, 131.7)(329.3, 184.7)(325.3, 184.7);SD
Module:M2
Boundary:(472.5, 219.7)(472.5, 143.7)(464.5, 143.7)(464.5, 128.7)(337.5, 128.7)(337.5, 219.7);GATE
Port:(337.5, 143.2)(347.5, 143.2)(347.5, 205.2)(337.5, 205.2);SD
Port:(472.5, 219.7)(472.5, 143.7)(464.5, 143.7)(464.5, 128.7)(352.5, 128.7)(352.5, 219.7);GATE
Port:(463.5, 158.7)(467.5, 158.7)(467.5, 209.7)(463.5, 209.7);SD
