Area:(22.9, -4.5)(595.3, -4.5)(595.3, 540.0)(22.9, 540.0)
Rule:GATE(5,5);SD(5,5);GATE_SD(0.5);GATE_ITO(0.5);SD_ITO(0.5)
Module:M6
Boundary:(500.5, 132.7)(500.5, 81.0)(450.6, 81.0)(450.6, 65.6)(350.6, 65.6)(350.6, 132.7);GATE
Port:(350.6, 79.1)(355.8, 79.1)(355.8, 119.2)(350.6, 119.2);SD
Port:(500.5, 132.7)(500.5, 81.0)(450.6, 81.0)(450.6, 65.6)(358.5, 65.6)(358.5, 132.7);GATE
Port:(489.2, 87.3)(496.2, 87.3)(496.2, 127.4)(489.2, 127.4);SD
Module:M4
Boundary:(285.4, 35.5)(334.3, 35.5)(334.3, 102.1)(350.0, 102.1)(350.0, 167.8)(285.4, 167.8);GATE
Port:(297.4, 163.2)(338.0, 163.2)(338.0, 167.8)(297.4, 167.8);SD
Port:(285.4, 35.5)(334.3, 35.5)(334.3, 102.1)(350.0, 102.1)(350.0, 161.4)(285.4, 161.4);GATE
Port:(290.7, 39.8)(328.0, 39.8)(328.0, 44.6)(290.7, 44.6);SD
Module:M1
Boundary:(178.5, 83.4)(258.7, 83.4)(258.7, 83.7)(274.5, 83.7)(274.5, 253.8)(178.5, 253.8);GATE
Port:(191.2, 248.6)(261.8, 248.6)(261.8, 253.8)(191.2, 253.8);SD
Port:(178.5, 83.4)(258.7, 83.4)(258.7, 83.7)(274.5, 83.7)(274.5, 246.6)(178.5, 246.6);GATE
Port:(183.6, 87.5)(253.6, 87.5)(253.6, 94.3)(183.6, 94.3);SD
Module:M8
Boundary:(71.9, 41.4)(162.8, 41.4)(162.8, 58.4)(176.2, 58.4)(176.2, 235.5)(71.9, 235.5);GATE
Port:(84.8, 230.9)(163.3, 230.9)(163.3, 235.5)(84.8, 235.5);SD
Port:(71.9, 41.4)(162.8, 41.4)(162.8, 58.4)(176.2, 58.4)(176.2, 229.4)(71.9, 229.4);GATE
Port:(78.8, 47.3)(154.9, 47.3)(154.9, 52.0)(78.8, 52.0);SD
Module:M7
Boundary:(555.3, 159.3)(555.3, 269.3)(411.9, 269.3)(411.9, 159.3);GATE
Port:(411.9, 173.7)(417.6, 173.7)(417.6, 254.9)(411.9, 254.9);SD
Port:(555.3, 159.3)(555.3, 269.3)(419.9, 269.3)(419.9, 159.3);GATE
Port:(543.7, 165.1)(550.5, 165.1)(550.5, 263.5)(543.7, 263.5);SD
Module:M3
Boundary:(303.6, 192.3)(395.4, 192.3)(395.4, 329.7)(303.6, 329.7);GATE
Port:(317.3, 324.8)(381.7, 324.8)(381.7, 329.7)(317.3, 329.7);SD
Port:(303.6, 192.3)(395.4, 192.3)(395.4, 322.0)(303.6, 322.0);GATE
Port:(309.7, 197.4)(389.3, 197.4)(389.3, 203.6)(309.7, 203.6);SD
Module:M5
Boundary:(296.3, 253.9)(296.3, 320.6)(69.0, 320.6)(69.0, 253.9);GATE
Port:(69.0, 268.4)(74.3, 268.4)(74.3, 306.1)(69.0, 306.1);SD
Port:(296.3, 253.9)(296.3, 320.6)(76.0, 320.6)(76.0, 253.9);GATE
Port:(284.1, 260.9)(290.3, 260.9)(290.3, 313.6)(284.1, 313.6);SD
Module:M9
Boundary:(280.6, 342.3)(280.6, 425.6)(280.3, 425.6)(280.3, 443.0)(62.9, 443.0)(62.9, 342.3);GATE
Port:(62.9, 354.1)(67.4, 354.1)(67.4, 431.2)(62.9, 431.2);SD
Port:(280.6, 342.3)(280.6, 425.6)(280.3, 425.6)(280.3, 443.0)(69.2, 443.0)(69.2, 342.3);GATE
Port:(272.2, 347.4)(276.5, 347.4)(276.5, 420.5)(272.2, 420.5);SD
Module:M10
Boundary:(431.0, 337.7)(431.0, 423.7)(348.4, 423.7)(348.4, 438.9)(287.7, 438.9)(287.7, 337.7);GATE
Port:(287.7, 352.5)(292.9, 352.5)(292.9, 424.1)(287.7, 424.1);SD
Port:(431.0, 337.7)(431.0, 423.7)(348.4, 423.7)(348.4, 438.9)(295.4, 438.9)(295.4, 337.7);GATE
Port:(418.5, 344.0)(425.7, 344.0)(425.7, 416.4)(418.5, 416.4);SD
Module:M2
Boundary:(547.1, 277.1)(451.3, 277.1)(451.3, 297.1)(436.9, 297.1)(436.9, 500.0)(547.1, 500.0);GATE
Port:(449.6, 494.8)(534.4, 494.8)(534.4, 500.0)(449.6, 500.0);SD
Port:(547.1, 277.1)(451.3, 277.1)(451.3, 297.1)(436.9, 297.1)(436.9, 492.7)(547.1, 492.7);GATE
Port:(458.2, 282.0)(541.2, 282.0)(541.2, 287.6)(458.2, 287.6);SD
