Area:(-20.0, -20.0)(1748.0, -20.0)(1748.0, 846.0)(-20.0, 846.0)
Rule:GATE(5,5);SD(5,5);GATE_SD(0.5);GATE_ITO(0.5);SD_ITO(0.5)
Module:M39
Boundary:(1550.4, 62.7)(1661.9, 62.7)(1661.9, 74.7)(1677.4, 74.7)(1677.4, 136.7)(1550.4, 136.7);GATE
Port:(1564.9, 126.7)(1662.9, 126.7)(1662.9, 136.7)(1564.9, 136.7);SD
Port:(1550.4, 62.7)(1661.9, 62.7)(1661.9, 74.7)(1677.4, 74.7)(1677.4, 121.7)(1550.4, 121.7);GATE
Port:(1560.4, 67.7)(1647.4, 67.7)(1647.4, 71.7)(1560.4, 71.7);SD
Module:M31
Boundary:(761.5, 145.7)(855.0, 145.7)(855.0, 117.9)(906.5, 117.9)(906.5, 44.7)(761.5, 44.7);GATE
Port:(776.0, 44.7)(892.0, 44.7)(892.0, 54.7)(776.0, 54.7);SD
Port:(761.5, 145.7)(855.0, 145.7)(855.0, 117.9)(906.5, 117.9)(906.5, 59.7)(761.5, 59.7);GATE
Port:(771.5, 136.7)(840.5, 136.7)(840.5, 140.7)(771.5, 140.7);SD
Module:M11
Boundary:(906.6, 142.4)(1054.1, 142.4)(1054.1, 126.4)(1069.6, 126.4)(1069.6, 31.4)(906.6, 31.4);GATE
Port:(921.1, 31.4)(1055.1, 31.4)(1055.1, 41.4)(921.1, 41.4);SD
Port:(906.6, 142.4)(1054.1, 142.4)(1054.1, 126.4)(1069.6, 126.4)(1069.6, 46.4)(906.6, 46.4);GATE
Port:(916.6, 133.4)(1039.6, 133.4)(1039.6, 137.4)(916.6, 137.4);SD
Module:M16
Boundary:(1259.0, 48.9)(1259.0, 160.4)(1247.0, 160.4)(1247.0, 175.9)(1112.0, 175.9)(1112.0, 48.9);GATE
Port:(1112.0, 63.4)(1122.0, 63.4)(1122.0, 161.4)(1112.0, 161.4);SD
Port:(1259.0, 48.9)(1259.0, 160.4)(1247.0, 160.4)(1247.0, 175.9)(1127.0, 175.9)(1127.0, 48.9);GATE
Port:(1250.0, 58.9)(1254.0, 58.9)(1254.0, 145.9)(1250.0, 145.9);SD
Module:M40
Boundary:(209.0, 40.1)(209.0, 169.7)(195.0, 169.7)(195.0, 185.2)(56.0, 185.2)(56.0, 40.1);GATE
Port:(56.0, 54.6)(66.0, 54.6)(66.0, 170.7)(56.0, 170.7);SD
Port:(209.0, 40.1)(209.0, 169.7)(195.0, 169.7)(195.0, 185.2)(71.0, 185.2)(71.0, 40.1);GATE
Port:(200.0, 50.1)(204.0, 50.1)(204.0, 155.2)(200.0, 155.2);SD
Module:M27
Boundary:(513.5, 53.2)(643.0, 53.2)(643.0, 67.2)(658.5, 67.2)(658.5, 233.2)(513.5, 233.2);GATE
Port:(528.0, 223.2)(644.0, 223.2)(644.0, 233.2)(528.0, 233.2);SD
Port:(513.5, 53.2)(643.0, 53.2)(643.0, 67.2)(658.5, 67.2)(658.5, 218.2)(513.5, 218.2);GATE
Port:(523.5, 58.2)(628.5, 58.2)(628.5, 62.2)(523.5, 62.2);SD
Module:M22
Boundary:(757.7, 20.0)(757.7, 149.5)(730.7, 149.5)(730.7, 201.0)(668.7, 201.0)(668.7, 20.0);GATE
Port:(668.7, 34.5)(678.7, 34.5)(678.7, 186.5)(668.7, 186.5);SD
Port:(757.7, 20.0)(757.7, 149.5)(730.7, 149.5)(730.7, 201.0)(683.7, 201.0)(683.7, 20.0);GATE
Port:(748.7, 30.0)(752.7, 30.0)(752.7, 135.0)(748.7, 135.0);SD
Module:M9
Boundary:(1343.5, 41.7)(1343.5, 171.2)(1392.7, 171.2)(1392.7, 222.7)(1504.5, 222.7)(1504.5, 41.7);GATE
Port:(1494.5, 56.2)(1504.5, 56.2)(1504.5, 208.2)(1494.5, 208.2);SD
Port:(1343.5, 41.7)(1343.5, 171.2)(1392.7, 171.2)(1392.7, 222.7)(1489.5, 222.7)(1489.5, 41.7);GATE
Port:(1348.5, 51.7)(1352.5, 51.7)(1352.5, 156.7)(1348.5, 156.7);SD
Module:M1
Boundary:(268.6, 286.4)(268.6, 174.9)(383.6, 174.9)(383.6, 69.4)(466.6, 69.4)(466.6, 286.4);GATE
Port:(456.6, 83.9)(466.6, 83.9)(466.6, 271.9)(456.6, 271.9);SD
Port:(268.6, 286.4)(268.6, 174.9)(383.6, 174.9)(383.6, 69.4)(451.6, 69.4)(451.6, 286.4);GATE
Port:(273.6, 189.4)(277.6, 189.4)(277.6, 276.4)(273.6, 276.4);SD
Module:M41
Boundary:(25.3, 245.5)(172.8, 245.5)(172.8, 261.5)(188.3, 261.5)(188.3, 305.5)(25.3, 305.5);GATE
Port:(39.8, 295.5)(173.8, 295.5)(173.8, 305.5)(39.8, 305.5);SD
Port:(25.3, 245.5)(172.8, 245.5)(172.8, 261.5)(188.3, 261.5)(188.3, 290.5)(25.3, 290.5);GATE
Port:(35.3, 250.5)(158.3, 250.5)(158.3, 254.5)(35.3, 254.5);SD
Module:M20
Boundary:(486.2, 240.0)(597.7, 240.0)(597.7, 264.0)(631.2, 264.0)(631.2, 303.0)(486.2, 303.0);GATE
Port:(500.7, 293.0)(616.7, 293.0)(616.7, 303.0)(500.7, 303.0);SD
Port:(486.2, 240.0)(597.7, 240.0)(597.7, 264.0)(631.2, 264.0)(631.2, 288.0)(486.2, 288.0);GATE
Port:(496.2, 245.0)(583.2, 245.0)(583.2, 249.0)(496.2, 249.0);SD
Module:M43
Boundary:(1706.0, 167.4)(1706.0, 314.9)(1690.0, 314.9)(1690.0, 330.4)(1561.0, 330.4)(1561.0, 167.4);GATE
Port:(1561.0, 181.9)(1571.0, 181.9)(1571.0, 315.9)(1561.0, 315.9);SD
Port:(1706.0, 167.4)(1706.0, 314.9)(1690.0, 314.9)(1690.0, 330.4)(1576.0, 330.4)(1576.0, 167.4);GATE
Port:(1697.0, 177.4)(1701.0, 177.4)(1701.0, 300.4)(1697.0, 300.4);SD
Module:M21
Boundary:(1137.7, 225.4)(1231.2, 225.4)(1231.2, 235.4)(1246.7, 235.4)(1246.7, 356.4)(1137.7, 356.4);GATE
Port:(1152.2, 346.4)(1232.2, 346.4)(1232.2, 356.4)(1152.2, 356.4);SD
Port:(1137.7, 225.4)(1231.2, 225.4)(1231.2, 235.4)(1246.7, 235.4)(1246.7, 341.4)(1137.7, 341.4);GATE
Port:(1147.7, 230.4)(1216.7, 230.4)(1216.7, 234.4)(1147.7, 234.4);SD
Module:M37
Boundary:(1095.7, 171.0)(1095.7, 318.5)(1079.7, 318.5)(1079.7, 334.0)(946.7, 334.0)(946.7, 171.0);GATE
Port:(946.7, 185.5)(956.7, 185.5)(956.7, 319.5)(946.7, 319.5);SD
Port:(1095.7, 171.0)(1095.7, 318.5)(1079.7, 318.5)(1079.7, 334.0)(961.7, 334.0)(961.7, 171.0);GATE
Port:(1086.7, 181.0)(1090.7, 181.0)(1090.7, 304.0)(1086.7, 304.0);SD
Module:M14
Boundary:(938.5, 340.0)(809.0, 340.0)(809.0, 326.0)(793.5, 326.0)(793.5, 161.0)(938.5, 161.0);GATE
Port:(808.0, 161.0)(924.0, 161.0)(924.0, 171.0)(808.0, 171.0);SD
Port:(938.5, 340.0)(809.0, 340.0)(809.0, 326.0)(793.5, 326.0)(793.5, 176.0)(938.5, 176.0);GATE
Port:(823.5, 331.0)(928.5, 331.0)(928.5, 335.0)(823.5, 335.0);SD
Module:M3
Boundary:(1471.2, 386.0)(1471.2, 256.5)(1457.1, 256.5)(1457.1, 241.0)(1275.2, 241.0)(1275.2, 386.0);GATE
Port:(1275.2, 255.5)(1285.2, 255.5)(1285.2, 371.5)(1275.2, 371.5);SD
Port:(1471.2, 386.0)(1471.2, 256.5)(1457.1, 256.5)(1457.1, 241.0)(1290.2, 241.0)(1290.2, 386.0);GATE
Port:(1462.2, 271.0)(1466.2, 271.0)(1466.2, 376.0)(1462.2, 376.0);SD
Module:M6
Boundary:(671.0, 253.2)(671.0, 382.7)(706.2, 382.7)(706.2, 416.2)(757.0, 416.2)(757.0, 253.2);GATE
Port:(747.0, 267.7)(757.0, 267.7)(757.0, 401.7)(747.0, 401.7);SD
Port:(671.0, 253.2)(671.0, 382.7)(706.2, 382.7)(706.2, 416.2)(742.0, 416.2)(742.0, 253.2);GATE
Port:(676.0, 263.2)(680.0, 263.2)(680.0, 368.2)(676.0, 368.2);SD
Module:M24
Boundary:(622.2, 433.3)(622.2, 360.3)(479.2, 360.3)(479.2, 433.3);GATE
Port:(479.2, 374.8)(489.2, 374.8)(489.2, 418.8)(479.2, 418.8);SD
Port:(622.2, 433.3)(622.2, 360.3)(494.2, 360.3)(494.2, 433.3);GATE
Port:(613.2, 370.3)(617.2, 370.3)(617.2, 423.3)(613.2, 423.3);SD
Module:M29
Boundary:(1545.0, 448.7)(1545.0, 375.7)(1708.0, 375.7)(1708.0, 448.7);GATE
Port:(1698.0, 390.2)(1708.0, 390.2)(1708.0, 434.2)(1698.0, 434.2);SD
Port:(1545.0, 448.7)(1545.0, 375.7)(1693.0, 375.7)(1693.0, 448.7);GATE
Port:(1550.0, 385.7)(1554.0, 385.7)(1554.0, 438.7)(1550.0, 438.7);SD
Module:M19
Boundary:(284.8, 298.6)(284.8, 410.1)(368.1, 410.1)(368.1, 443.6)(468.8, 443.6)(468.8, 298.6);GATE
Port:(458.8, 313.1)(468.8, 313.1)(468.8, 429.1)(458.8, 429.1);SD
Port:(284.8, 298.6)(284.8, 410.1)(368.1, 410.1)(368.1, 443.6)(453.8, 443.6)(453.8, 298.6);GATE
Port:(289.8, 308.6)(293.8, 308.6)(293.8, 395.6)(289.8, 395.6);SD
Module:M38
Boundary:(1237.8, 371.6)(1161.8, 371.6)(1161.8, 379.6)(1146.8, 379.6)(1146.8, 448.6)(1237.8, 448.6);GATE
Port:(1161.3, 438.6)(1223.3, 438.6)(1223.3, 448.6)(1161.3, 448.6);SD
Port:(1237.8, 371.6)(1161.8, 371.6)(1161.8, 379.6)(1146.8, 379.6)(1146.8, 433.6)(1237.8, 433.6);GATE
Port:(1176.8, 376.6)(1227.8, 376.6)(1227.8, 380.6)(1176.8, 380.6);SD
Module:M7
Boundary:(1091.9, 404.8)(1091.9, 477.8)(899.9, 477.8)(899.9, 404.8);GATE
Port:(899.9, 419.3)(909.9, 419.3)(909.9, 463.3)(899.9, 463.3);SD
Port:(1091.9, 404.8)(1091.9, 477.8)(914.9, 477.8)(914.9, 404.8);GATE
Port:(1082.9, 414.8)(1086.9, 414.8)(1086.9, 467.8)(1082.9, 467.8);SD
Module:M10
Boundary:(40.0, 473.8)(151.5, 473.8)(151.5, 461.8)(167.0, 461.8)(167.0, 309.8)(40.0, 309.8);GATE
Port:(54.5, 309.8)(152.5, 309.8)(152.5, 319.8)(54.5, 319.8);SD
Port:(40.0, 473.8)(151.5, 473.8)(151.5, 461.8)(167.0, 461.8)(167.0, 324.8)(40.0, 324.8);GATE
Port:(50.0, 464.8)(137.0, 464.8)(137.0, 468.8)(50.0, 468.8);SD
Module:M32
Boundary:(760.7, 454.0)(760.7, 530.0)(752.7, 530.0)(752.7, 545.0)(691.7, 545.0)(691.7, 454.0);GATE
Port:(691.7, 468.5)(701.7, 468.5)(701.7, 530.5)(691.7, 530.5);SD
Port:(760.7, 454.0)(760.7, 530.0)(752.7, 530.0)(752.7, 545.0)(706.7, 545.0)(706.7, 454.0);GATE
Port:(751.7, 464.0)(755.7, 464.0)(755.7, 515.0)(751.7, 515.0);SD
Module:M30
Boundary:(660.9, 535.6)(660.9, 459.6)(652.9, 459.6)(652.9, 444.6)(588.9, 444.6)(588.9, 535.6);GATE
Port:(588.9, 459.1)(598.9, 459.1)(598.9, 521.1)(588.9, 521.1);SD
Port:(660.9, 535.6)(660.9, 459.6)(652.9, 459.6)(652.9, 444.6)(603.9, 444.6)(603.9, 535.6);GATE
Port:(651.9, 474.6)(655.9, 474.6)(655.9, 525.6)(651.9, 525.6);SD
Module:M42
Boundary:(259.8, 452.9)(371.3, 452.9)(371.3, 464.9)(386.8, 464.9)(386.8, 523.9)(259.8, 523.9);GATE
Port:(274.3, 513.9)(372.3, 513.9)(372.3, 523.9)(274.3, 523.9);SD
Port:(259.8, 452.9)(371.3, 452.9)(371.3, 464.9)(386.8, 464.9)(386.8, 508.9)(259.8, 508.9);GATE
Port:(269.8, 457.9)(356.8, 457.9)(356.8, 461.9)(269.8, 461.9);SD
Module:M35
Boundary:(1124.1, 544.6)(1200.1, 544.6)(1200.1, 536.6)(1215.1, 536.6)(1215.1, 451.6)(1124.1, 451.6);GATE
Port:(1138.6, 451.6)(1200.6, 451.6)(1200.6, 461.6)(1138.6, 461.6);SD
Port:(1124.1, 544.6)(1200.1, 544.6)(1200.1, 536.6)(1215.1, 536.6)(1215.1, 466.6)(1124.1, 466.6);GATE
Port:(1134.1, 535.6)(1185.1, 535.6)(1185.1, 539.6)(1134.1, 539.6);SD
Module:M4
Boundary:(414.3, 482.0)(414.3, 558.0)(422.3, 558.0)(422.3, 573.0)(527.3, 573.0)(527.3, 482.0);GATE
Port:(517.3, 496.5)(527.3, 496.5)(527.3, 558.5)(517.3, 558.5);SD
Port:(414.3, 482.0)(414.3, 558.0)(422.3, 558.0)(422.3, 573.0)(512.3, 573.0)(512.3, 482.0);GATE
Port:(419.3, 492.0)(423.3, 492.0)(423.3, 543.0)(419.3, 543.0);SD
Module:M18
Boundary:(1088.1, 480.6)(1088.1, 553.6)(898.1, 553.6)(898.1, 480.6);GATE
Port:(898.1, 495.1)(908.1, 495.1)(908.1, 539.1)(898.1, 539.1);SD
Port:(1088.1, 480.6)(1088.1, 553.6)(913.1, 553.6)(913.1, 480.6);GATE
Port:(1079.1, 490.6)(1083.1, 490.6)(1083.1, 543.6)(1079.1, 543.6);SD
Module:M34
Boundary:(1248.9, 417.0)(1378.4, 417.0)(1378.4, 431.0)(1393.9, 431.0)(1393.9, 567.0)(1248.9, 567.0);GATE
Port:(1263.4, 557.0)(1379.4, 557.0)(1379.4, 567.0)(1263.4, 567.0);SD
Port:(1248.9, 417.0)(1378.4, 417.0)(1378.4, 431.0)(1393.9, 431.0)(1393.9, 552.0)(1248.9, 552.0);GATE
Port:(1258.9, 422.0)(1363.9, 422.0)(1363.9, 426.0)(1258.9, 426.0);SD
Module:M45
Boundary:(881.8, 378.2)(881.8, 471.7)(830.8, 471.7)(830.8, 577.2)(778.8, 577.2)(778.8, 378.2);GATE
Port:(778.8, 392.7)(788.8, 392.7)(788.8, 562.7)(778.8, 562.7);SD
Port:(881.8, 378.2)(881.8, 471.7)(830.8, 471.7)(830.8, 577.2)(793.8, 577.2)(793.8, 378.2);GATE
Port:(872.8, 388.2)(876.8, 388.2)(876.8, 457.2)(872.8, 457.2);SD
Module:M33
Boundary:(1661.7, 580.6)(1514.2, 580.6)(1514.2, 509.0)(1462.7, 509.0)(1462.7, 451.6)(1661.7, 451.6);GATE
Port:(1477.2, 451.6)(1647.2, 451.6)(1647.2, 461.6)(1477.2, 461.6);SD
Port:(1661.7, 580.6)(1514.2, 580.6)(1514.2, 509.0)(1462.7, 509.0)(1462.7, 466.6)(1661.7, 466.6);GATE
Port:(1528.7, 571.6)(1651.7, 571.6)(1651.7, 575.6)(1528.7, 575.6);SD
Module:M23
Boundary:(242.7, 568.1)(354.2, 568.1)(354.2, 580.1)(369.7, 580.1)(369.7, 647.1)(242.7, 647.1);GATE
Port:(257.2, 637.1)(355.2, 637.1)(355.2, 647.1)(257.2, 647.1);SD
Port:(242.7, 568.1)(354.2, 568.1)(354.2, 580.1)(369.7, 580.1)(369.7, 632.1)(242.7, 632.1);GATE
Port:(252.7, 573.1)(339.7, 573.1)(339.7, 577.1)(252.7, 577.1);SD
Module:M5
Boundary:(1407.1, 658.5)(1407.1, 585.5)(1308.1, 585.5)(1308.1, 658.5);GATE
Port:(1308.1, 600.0)(1318.1, 600.0)(1318.1, 644.0)(1308.1, 644.0);SD
Port:(1407.1, 658.5)(1407.1, 585.5)(1323.1, 585.5)(1323.1, 658.5);GATE
Port:(1398.1, 595.5)(1402.1, 595.5)(1402.1, 648.5)(1398.1, 648.5);SD
Module:M28
Boundary:(183.0, 655.2)(71.5, 655.2)(71.5, 551.6)(20.0, 551.6)(20.0, 476.2)(183.0, 476.2);GATE
Port:(34.5, 476.2)(168.5, 476.2)(168.5, 486.2)(34.5, 486.2);SD
Port:(183.0, 655.2)(71.5, 655.2)(71.5, 551.6)(20.0, 551.6)(20.0, 491.2)(183.0, 491.2);GATE
Port:(86.0, 646.2)(173.0, 646.2)(173.0, 650.2)(86.0, 650.2);SD
Module:M44
Boundary:(1671.7, 605.2)(1671.7, 698.7)(1661.7, 698.7)(1661.7, 714.2)(1604.7, 714.2)(1604.7, 605.2);GATE
Port:(1604.7, 619.7)(1614.7, 619.7)(1614.7, 699.7)(1604.7, 699.7);SD
Port:(1671.7, 605.2)(1671.7, 698.7)(1661.7, 698.7)(1661.7, 714.2)(1619.7, 714.2)(1619.7, 605.2);GATE
Port:(1662.7, 615.2)(1666.7, 615.2)(1666.7, 684.2)(1662.7, 684.2);SD
Module:M17
Boundary:(1544.4, 592.0)(1544.4, 721.5)(1530.4, 721.5)(1530.4, 737.0)(1446.4, 737.0)(1446.4, 592.0);GATE
Port:(1446.4, 606.5)(1456.4, 606.5)(1456.4, 722.5)(1446.4, 722.5);SD
Port:(1544.4, 592.0)(1544.4, 721.5)(1530.4, 721.5)(1530.4, 737.0)(1461.4, 737.0)(1461.4, 592.0);GATE
Port:(1535.4, 602.0)(1539.4, 602.0)(1539.4, 707.0)(1535.4, 707.0);SD
Module:M26
Boundary:(656.6, 596.0)(750.1, 596.0)(750.1, 606.1)(765.6, 606.1)(765.6, 795.0)(656.6, 795.0);GATE
Port:(671.1, 785.0)(751.1, 785.0)(751.1, 795.0)(671.1, 795.0);SD
Port:(656.6, 596.0)(750.1, 596.0)(750.1, 606.1)(765.6, 606.1)(765.6, 780.0)(656.6, 780.0);GATE
Port:(666.6, 601.0)(735.6, 601.0)(735.6, 605.0)(666.6, 605.0);SD
Module:M8
Boundary:(1187.0, 752.7)(1111.5, 752.7)(1111.5, 642.7)(916.0, 642.7)(916.0, 573.7)(1187.0, 573.7);GATE
Port:(930.5, 573.7)(1172.5, 573.7)(1172.5, 583.7)(930.5, 583.7);SD
Port:(1187.0, 752.7)(1111.5, 752.7)(1111.5, 642.7)(916.0, 642.7)(916.0, 588.7)(1187.0, 588.7);GATE
Port:(1126.0, 743.7)(1177.0, 743.7)(1177.0, 747.7)(1126.0, 747.7);SD
Module:M15
Boundary:(1399.1, 749.5)(1326.1, 749.5)(1326.1, 672.5)(1399.1, 672.5);GATE
Port:(1340.6, 672.5)(1384.6, 672.5)(1384.6, 682.5)(1340.6, 682.5);SD
Port:(1399.1, 749.5)(1326.1, 749.5)(1326.1, 687.5)(1399.1, 687.5);GATE
Port:(1336.1, 740.5)(1389.1, 740.5)(1389.1, 744.5)(1336.1, 744.5);SD
Module:M13
Boundary:(1260.3, 783.4)(1187.3, 783.4)(1187.3, 590.4)(1260.3, 590.4);GATE
Port:(1201.8, 590.4)(1245.8, 590.4)(1245.8, 600.4)(1201.8, 600.4);SD
Port:(1260.3, 783.4)(1187.3, 783.4)(1187.3, 605.4)(1260.3, 605.4);GATE
Port:(1197.3, 774.4)(1250.3, 774.4)(1250.3, 778.4)(1197.3, 778.4);SD
Module:M2
Boundary:(604.3, 806.0)(604.3, 694.5)(542.5, 694.5)(542.5, 607.0)(428.3, 607.0)(428.3, 806.0);GATE
Port:(428.3, 621.5)(438.3, 621.5)(438.3, 791.5)(428.3, 791.5);SD
Port:(604.3, 806.0)(604.3, 694.5)(542.5, 694.5)(542.5, 607.0)(443.3, 607.0)(443.3, 806.0);GATE
Port:(595.3, 709.0)(599.3, 709.0)(599.3, 796.0)(595.3, 796.0);SD
Module:M12
Boundary:(819.1, 592.4)(895.1, 592.4)(895.1, 600.4)(910.1, 600.4)(910.1, 785.4)(819.1, 785.4);GATE
Port:(833.6, 775.4)(895.6, 775.4)(895.6, 785.4)(833.6, 785.4);SD
Port:(819.1, 592.4)(895.1, 592.4)(895.1, 600.4)(910.1, 600.4)(910.1, 770.4)(819.1, 770.4);GATE
Port:(829.1, 597.4)(880.1, 597.4)(880.1, 601.4)(829.1, 601.4);SD
Module:M25
Boundary:(55.9, 701.0)(203.4, 701.0)(203.4, 717.0)(218.9, 717.0)(218.9, 767.0)(55.9, 767.0);GATE
Port:(70.4, 757.0)(204.4, 757.0)(204.4, 767.0)(70.4, 767.0);SD
Port:(55.9, 701.0)(203.4, 701.0)(203.4, 717.0)(218.9, 717.0)(218.9, 752.0)(55.9, 752.0);GATE
Port:(65.9, 706.0)(188.9, 706.0)(188.9, 710.0)(65.9, 710.0);SD
Module:M36
Boundary:(296.8, 793.3)(390.3, 793.3)(390.3, 783.3)(405.8, 783.3)(405.8, 691.3)(296.8, 691.3);GATE
Port:(311.3, 691.3)(391.3, 691.3)(391.3, 701.3)(311.3, 701.3);SD
Port:(296.8, 793.3)(390.3, 793.3)(390.3, 783.3)(405.8, 783.3)(405.8, 706.3)(296.8, 706.3);GATE
Port:(306.8, 784.3)(375.8, 784.3)(375.8, 788.3)(306.8, 788.3);SD
