Area:(-20.0, -20.0)(1141.0, -20.0)(1141.0, 1119.0)(-20.0, 1119.0)
Rule:GATE(5,5);SD(5,5);GATE_SD(0.5);GATE_ITO(0.5);SD_ITO(0.5)
Module:M14
Boundary:(20.0, 736.0)(96.0, 736.0)(96.0, 744.0)(111.0, 744.0)(111.0, 932.0)(20.0, 932.0);GATE
Port:(34.5, 922.0)(96.5, 922.0)(96.5, 932.0)(34.5, 932.0);SD
Port:(20.0, 736.0)(96.0, 736.0)(96.0, 744.0)(111.0, 744.0)(111.0, 917.0)(20.0, 917.0);GATE
Port:(30.0, 741.0)(81.0, 741.0)(81.0, 745.0)(30.0, 745.0);SD
Module:M9
Boundary:(224.0, 20.0)(224.0, 167.5)(208.0, 167.5)(208.0, 183.0)(151.0, 183.0)(151.0, 20.0);GATE
Port:(151.0, 34.5)(161.0, 34.5)(161.0, 168.5)(151.0, 168.5);SD
Port:(224.0, 20.0)(224.0, 167.5)(208.0, 167.5)(208.0, 183.0)(166.0, 183.0)(166.0, 20.0);GATE
Port:(215.0, 30.0)(219.0, 30.0)(219.0, 153.0)(215.0, 153.0);SD
Module:M5
Boundary:(552.0, 782.0)(552.0, 855.0)(439.0, 855.0)(439.0, 782.0);GATE
Port:(439.0, 796.5)(449.0, 796.5)(449.0, 840.5)(439.0, 840.5);SD
Port:(552.0, 782.0)(552.0, 855.0)(454.0, 855.0)(454.0, 782.0);GATE
Port:(543.0, 792.0)(547.0, 792.0)(547.0, 845.0)(543.0, 845.0);SD
Module:M11
Boundary:(1099.0, 20.0)(1099.0, 113.5)(1089.0, 113.5)(1089.0, 129.0)(973.0, 129.0)(973.0, 20.0);GATE
Port:(973.0, 34.5)(983.0, 34.5)(983.0, 114.5)(973.0, 114.5);SD
Port:(1099.0, 20.0)(1099.0, 113.5)(1089.0, 113.5)(1089.0, 129.0)(988.0, 129.0)(988.0, 20.0);GATE
Port:(1090.0, 30.0)(1094.0, 30.0)(1094.0, 99.0)(1090.0, 99.0);SD
Module:M1
Boundary:(20.0, 20.0)(96.0, 20.0)(96.0, 28.0)(111.0, 28.0)(111.0, 188.0)(20.0, 188.0);GATE
Port:(34.5, 178.0)(96.5, 178.0)(96.5, 188.0)(34.5, 188.0);SD
Port:(20.0, 20.0)(96.0, 20.0)(96.0, 28.0)(111.0, 28.0)(111.0, 173.0)(20.0, 173.0);GATE
Port:(30.0, 25.0)(81.0, 25.0)(81.0, 29.0)(30.0, 29.0);SD
Module:M38
Boundary:(679.0, 30.0)(679.0, 177.5)(663.0, 177.5)(663.0, 193.0)(610.0, 193.0)(610.0, 30.0);GATE
Port:(610.0, 44.5)(620.0, 44.5)(620.0, 178.5)(610.0, 178.5);SD
Port:(679.0, 30.0)(679.0, 177.5)(663.0, 177.5)(663.0, 193.0)(625.0, 193.0)(625.0, 30.0);GATE
Port:(670.0, 40.0)(674.0, 40.0)(674.0, 163.0)(670.0, 163.0);SD
Module:M40
Boundary:(628.0, 914.0)(703.5, 914.0)(703.5, 963.0)(791.0, 963.0)(791.0, 1059.0)(628.0, 1059.0);GATE
Port:(642.5, 1049.0)(776.5, 1049.0)(776.5, 1059.0)(642.5, 1059.0);SD
Port:(628.0, 914.0)(703.5, 914.0)(703.5, 963.0)(791.0, 963.0)(791.0, 1044.0)(628.0, 1044.0);GATE
Port:(638.0, 919.0)(689.0, 919.0)(689.0, 923.0)(638.0, 923.0);SD
Module:M35
Boundary:(208.0, 413.0)(208.0, 524.5)(196.0, 524.5)(196.0, 540.0)(30.0, 540.0)(30.0, 413.0);GATE
Port:(30.0, 427.5)(40.0, 427.5)(40.0, 525.5)(30.0, 525.5);SD
Port:(208.0, 413.0)(208.0, 524.5)(196.0, 524.5)(196.0, 540.0)(45.0, 540.0)(45.0, 413.0);GATE
Port:(199.0, 423.0)(203.0, 423.0)(203.0, 510.0)(199.0, 510.0);SD
Module:M32
Boundary:(415.0, 392.0)(562.5, 392.0)(562.5, 408.0)(578.0, 408.0)(578.0, 573.0)(415.0, 573.0);GATE
Port:(429.5, 563.0)(563.5, 563.0)(563.5, 573.0)(429.5, 573.0);SD
Port:(415.0, 392.0)(562.5, 392.0)(562.5, 408.0)(578.0, 408.0)(578.0, 558.0)(415.0, 558.0);GATE
Port:(425.0, 397.0)(548.0, 397.0)(548.0, 401.0)(425.0, 401.0);SD
Module:M27
Boundary:(369.0, 582.0)(369.0, 729.5)(336.4, 729.5)(336.4, 763.0)(290.0, 763.0)(290.0, 582.0);GATE
Port:(290.0, 596.5)(300.0, 596.5)(300.0, 748.5)(290.0, 748.5);SD
Port:(369.0, 582.0)(369.0, 729.5)(336.4, 729.5)(336.4, 763.0)(305.0, 763.0)(305.0, 582.0);GATE
Port:(360.0, 592.0)(364.0, 592.0)(364.0, 715.0)(360.0, 715.0);SD
Module:M24
Boundary:(20.0, 972.0)(149.5, 972.0)(149.5, 986.0)(165.0, 986.0)(165.0, 1079.0)(20.0, 1079.0);GATE
Port:(34.5, 1069.0)(150.5, 1069.0)(150.5, 1079.0)(34.5, 1079.0);SD
Port:(20.0, 972.0)(149.5, 972.0)(149.5, 986.0)(165.0, 986.0)(165.0, 1064.0)(20.0, 1064.0);GATE
Port:(30.0, 977.0)(135.0, 977.0)(135.0, 981.0)(30.0, 981.0);SD
Module:M19
Boundary:(993.0, 372.0)(1069.0, 372.0)(1069.0, 380.0)(1084.0, 380.0)(1084.0, 470.0)(993.0, 470.0);GATE
Port:(1007.5, 460.0)(1069.5, 460.0)(1069.5, 470.0)(1007.5, 470.0);SD
Port:(993.0, 372.0)(1069.0, 372.0)(1069.0, 380.0)(1084.0, 380.0)(1084.0, 455.0)(993.0, 455.0);GATE
Port:(1003.0, 377.0)(1054.0, 377.0)(1054.0, 381.0)(1003.0, 381.0);SD
Module:M6
Boundary:(992.0, 887.0)(1085.5, 887.0)(1085.5, 897.0)(1101.0, 897.0)(1101.0, 1073.0)(992.0, 1073.0);GATE
Port:(1006.5, 1063.0)(1086.5, 1063.0)(1086.5, 1073.0)(1006.5, 1073.0);SD
Port:(992.0, 887.0)(1085.5, 887.0)(1085.5, 897.0)(1101.0, 897.0)(1101.0, 1058.0)(992.0, 1058.0);GATE
Port:(1002.0, 892.0)(1071.0, 892.0)(1071.0, 896.0)(1002.0, 896.0);SD
Module:M21
Boundary:(250.0, 590.0)(250.0, 663.0)(151.0, 663.0)(151.0, 590.0);GATE
Port:(151.0, 604.5)(161.0, 604.5)(161.0, 648.5)(151.0, 648.5);SD
Port:(250.0, 590.0)(250.0, 663.0)(166.0, 663.0)(166.0, 590.0);GATE
Port:(241.0, 600.0)(245.0, 600.0)(245.0, 653.0)(241.0, 653.0);SD
Module:M2
Boundary:(851.0, 879.0)(927.0, 879.0)(927.0, 887.0)(942.0, 887.0)(942.0, 1069.0)(851.0, 1069.0);GATE
Port:(865.5, 1059.0)(927.5, 1059.0)(927.5, 1069.0)(865.5, 1069.0);SD
Port:(851.0, 879.0)(927.0, 879.0)(927.0, 887.0)(942.0, 887.0)(942.0, 1054.0)(851.0, 1054.0);GATE
Port:(861.0, 884.0)(912.0, 884.0)(912.0, 888.0)(861.0, 888.0);SD
Module:M16
Boundary:(1101.0, 169.0)(1101.0, 316.5)(1085.0, 316.5)(1085.0, 332.0)(973.0, 332.0)(973.0, 169.0);GATE
Port:(973.0, 183.5)(983.0, 183.5)(983.0, 317.5)(973.0, 317.5);SD
Port:(1101.0, 169.0)(1101.0, 316.5)(1085.0, 316.5)(1085.0, 332.0)(988.0, 332.0)(988.0, 169.0);GATE
Port:(1092.0, 179.0)(1096.0, 179.0)(1096.0, 302.0)(1092.0, 302.0);SD
Module:M13
Boundary:(409.0, 613.0)(520.5, 613.0)(520.5, 683.3)(572.0, 683.3)(572.0, 742.0)(409.0, 742.0);GATE
Port:(423.5, 732.0)(557.5, 732.0)(557.5, 742.0)(423.5, 742.0);SD
Port:(409.0, 613.0)(520.5, 613.0)(520.5, 683.3)(572.0, 683.3)(572.0, 727.0)(409.0, 727.0);GATE
Port:(419.0, 618.0)(506.0, 618.0)(506.0, 622.0)(419.0, 622.0);SD
Module:M10
Boundary:(249.0, 703.0)(249.0, 814.5)(200.0, 814.5)(200.0, 920.0)(151.0, 920.0)(151.0, 703.0);GATE
Port:(151.0, 717.5)(161.0, 717.5)(161.0, 905.5)(151.0, 905.5);SD
Port:(249.0, 703.0)(249.0, 814.5)(200.0, 814.5)(200.0, 920.0)(166.0, 920.0)(166.0, 703.0);GATE
Port:(240.0, 713.0)(244.0, 713.0)(244.0, 800.0)(240.0, 800.0);SD
Module:M37
Boundary:(953.0, 386.0)(953.0, 462.0)(945.0, 462.0)(945.0, 477.0)(788.0, 477.0)(788.0, 386.0);GATE
Port:(788.0, 400.5)(798.0, 400.5)(798.0, 462.5)(788.0, 462.5);SD
Port:(953.0, 386.0)(953.0, 462.0)(945.0, 462.0)(945.0, 477.0)(803.0, 477.0)(803.0, 386.0);GATE
Port:(944.0, 396.0)(948.0, 396.0)(948.0, 447.0)(944.0, 447.0);SD
Module:M34
Boundary:(20.0, 590.0)(96.0, 590.0)(96.0, 598.0)(111.0, 598.0)(111.0, 696.0)(20.0, 696.0);GATE
Port:(34.5, 686.0)(96.5, 686.0)(96.5, 696.0)(34.5, 696.0);SD
Port:(20.0, 590.0)(96.0, 590.0)(96.0, 598.0)(111.0, 598.0)(111.0, 681.0)(20.0, 681.0);GATE
Port:(30.0, 595.0)(81.0, 595.0)(81.0, 599.0)(30.0, 599.0);SD
Module:M29
Boundary:(274.0, 30.0)(350.0, 30.0)(350.0, 38.0)(365.0, 38.0)(365.0, 196.0)(274.0, 196.0);GATE
Port:(288.5, 186.0)(350.5, 186.0)(350.5, 196.0)(288.5, 196.0);SD
Port:(274.0, 30.0)(350.0, 30.0)(350.0, 38.0)(365.0, 38.0)(365.0, 181.0)(274.0, 181.0);GATE
Port:(284.0, 35.0)(335.0, 35.0)(335.0, 39.0)(284.0, 39.0);SD
Module:M7
Boundary:(543.0, 148.0)(543.0, 224.0)(535.0, 224.0)(535.0, 239.0)(415.0, 239.0)(415.0, 148.0);GATE
Port:(415.0, 162.5)(425.0, 162.5)(425.0, 224.5)(415.0, 224.5);SD
Port:(543.0, 148.0)(543.0, 224.0)(535.0, 224.0)(535.0, 239.0)(430.0, 239.0)(430.0, 148.0);GATE
Port:(534.0, 158.0)(538.0, 158.0)(538.0, 209.0)(534.0, 209.0);SD
Module:M31
Boundary:(758.0, 755.0)(758.0, 848.5)(748.0, 848.5)(748.0, 864.0)(618.0, 864.0)(618.0, 755.0);GATE
Port:(618.0, 769.5)(628.0, 769.5)(628.0, 849.5)(618.0, 849.5);SD
Port:(758.0, 755.0)(758.0, 848.5)(748.0, 848.5)(748.0, 864.0)(633.0, 864.0)(633.0, 755.0);GATE
Port:(749.0, 765.0)(753.0, 765.0)(753.0, 834.0)(749.0, 834.0);SD
Module:M3
Boundary:(598.0, 279.0)(598.0, 352.0)(415.0, 352.0)(415.0, 279.0);GATE
Port:(415.0, 293.5)(425.0, 293.5)(425.0, 337.5)(415.0, 337.5);SD
Port:(598.0, 279.0)(598.0, 352.0)(430.0, 352.0)(430.0, 279.0);GATE
Port:(589.0, 289.0)(593.0, 289.0)(593.0, 342.0)(589.0, 342.0);SD
Module:M26
Boundary:(364.0, 387.0)(364.0, 480.5)(337.0, 480.5)(337.0, 532.0)(268.0, 532.0)(268.0, 387.0);GATE
Port:(268.0, 401.5)(278.0, 401.5)(278.0, 517.5)(268.0, 517.5);SD
Port:(364.0, 387.0)(364.0, 480.5)(337.0, 480.5)(337.0, 532.0)(283.0, 532.0)(283.0, 387.0);GATE
Port:(355.0, 397.0)(359.0, 397.0)(359.0, 466.0)(355.0, 466.0);SD
Module:M23
Boundary:(290.0, 803.0)(383.5, 803.0)(383.5, 813.0)(399.0, 813.0)(399.0, 914.0)(290.0, 914.0);GATE
Port:(304.5, 904.0)(384.5, 904.0)(384.5, 914.0)(304.5, 914.0);SD
Port:(290.0, 803.0)(383.5, 803.0)(383.5, 813.0)(399.0, 813.0)(399.0, 899.0)(290.0, 899.0);GATE
Port:(300.0, 808.0)(369.0, 808.0)(369.0, 812.0)(300.0, 812.0);SD
Module:M18
Boundary:(1099.0, 510.0)(1099.0, 621.5)(1060.8, 621.5)(1060.8, 655.0)(1005.0, 655.0)(1005.0, 510.0);GATE
Port:(1005.0, 524.5)(1015.0, 524.5)(1015.0, 640.5)(1005.0, 640.5);SD
Port:(1099.0, 510.0)(1099.0, 621.5)(1060.8, 621.5)(1060.8, 655.0)(1020.0, 655.0)(1020.0, 510.0);GATE
Port:(1090.0, 520.0)(1094.0, 520.0)(1094.0, 607.0)(1090.0, 607.0);SD
Module:M20
Boundary:(965.0, 517.0)(965.0, 664.5)(930.3, 664.5)(930.3, 698.0)(882.0, 698.0)(882.0, 517.0);GATE
Port:(882.0, 531.5)(892.0, 531.5)(892.0, 683.5)(882.0, 683.5);SD
Port:(965.0, 517.0)(965.0, 664.5)(930.3, 664.5)(930.3, 698.0)(897.0, 698.0)(897.0, 517.0);GATE
Port:(956.0, 527.0)(960.0, 527.0)(960.0, 650.0)(956.0, 650.0);SD
Module:M15
Boundary:(575.0, 895.0)(575.0, 988.5)(508.7, 988.5)(508.7, 1076.0)(439.0, 1076.0)(439.0, 895.0);GATE
Port:(439.0, 909.5)(449.0, 909.5)(449.0, 1061.5)(439.0, 1061.5);SD
Port:(575.0, 895.0)(575.0, 988.5)(508.7, 988.5)(508.7, 1076.0)(454.0, 1076.0)(454.0, 895.0);GATE
Port:(566.0, 905.0)(570.0, 905.0)(570.0, 974.0)(566.0, 974.0);SD
Module:M12
Boundary:(370.0, 246.0)(370.0, 322.0)(362.0, 322.0)(362.0, 337.0)(243.0, 337.0)(243.0, 246.0);GATE
Port:(243.0, 260.5)(253.0, 260.5)(253.0, 322.5)(243.0, 322.5);SD
Port:(370.0, 246.0)(370.0, 322.0)(362.0, 322.0)(362.0, 337.0)(258.0, 337.0)(258.0, 246.0);GATE
Port:(361.0, 256.0)(365.0, 256.0)(365.0, 307.0)(361.0, 307.0);SD
Module:M39
Boundary:(769.0, 517.0)(842.0, 517.0)(842.0, 691.0)(769.0, 691.0);GATE
Port:(783.5, 681.0)(827.5, 681.0)(827.5, 691.0)(783.5, 691.0);SD
Port:(769.0, 517.0)(842.0, 517.0)(842.0, 676.0)(769.0, 676.0);GATE
Port:(779.0, 522.0)(832.0, 522.0)(832.0, 526.0)(779.0, 526.0);SD
Module:M8
Boundary:(925.0, 20.0)(925.0, 113.5)(810.7, 113.5)(810.7, 165.0)(729.0, 165.0)(729.0, 20.0);GATE
Port:(729.0, 34.5)(739.0, 34.5)(739.0, 150.5)(729.0, 150.5);SD
Port:(925.0, 20.0)(925.0, 113.5)(810.7, 113.5)(810.7, 165.0)(744.0, 165.0)(744.0, 20.0);GATE
Port:(916.0, 30.0)(920.0, 30.0)(920.0, 99.0)(916.0, 99.0);SD
Module:M4
Boundary:(415.0, 20.0)(490.5, 20.0)(490.5, 51.7)(560.0, 51.7)(560.0, 108.0)(415.0, 108.0);GATE
Port:(429.5, 98.0)(545.5, 98.0)(545.5, 108.0)(429.5, 108.0);SD
Port:(415.0, 20.0)(490.5, 20.0)(490.5, 51.7)(560.0, 51.7)(560.0, 93.0)(415.0, 93.0);GATE
Port:(425.0, 25.0)(476.0, 25.0)(476.0, 29.0)(425.0, 29.0);SD
Module:M36
Boundary:(988.0, 738.0)(988.0, 814.0)(980.0, 814.0)(980.0, 829.0)(798.0, 829.0)(798.0, 738.0);GATE
Port:(798.0, 752.5)(808.0, 752.5)(808.0, 814.5)(798.0, 814.5);SD
Port:(988.0, 738.0)(988.0, 814.0)(980.0, 814.0)(980.0, 829.0)(813.0, 829.0)(813.0, 738.0);GATE
Port:(979.0, 748.0)(983.0, 748.0)(983.0, 799.0)(979.0, 799.0);SD
Module:M33
Boundary:(748.0, 243.0)(748.0, 390.5)(683.8, 390.5)(683.8, 460.0)(638.0, 460.0)(638.0, 243.0);GATE
Port:(638.0, 257.5)(648.0, 257.5)(648.0, 445.5)(638.0, 445.5);SD
Port:(748.0, 243.0)(748.0, 390.5)(683.8, 390.5)(683.8, 460.0)(653.0, 460.0)(653.0, 243.0);GATE
Port:(739.0, 253.0)(743.0, 253.0)(743.0, 376.0)(739.0, 376.0);SD
Module:M28
Boundary:(788.0, 205.0)(881.5, 205.0)(881.5, 246.2)(933.0, 246.2)(933.0, 346.0)(788.0, 346.0);GATE
Port:(802.5, 336.0)(918.5, 336.0)(918.5, 346.0)(802.5, 346.0);SD
Port:(788.0, 205.0)(881.5, 205.0)(881.5, 246.2)(933.0, 246.2)(933.0, 331.0)(788.0, 331.0);GATE
Port:(798.0, 210.0)(867.0, 210.0)(867.0, 214.0)(798.0, 214.0);SD
Module:M30
Boundary:(628.0, 510.0)(704.0, 510.0)(704.0, 518.0)(719.0, 518.0)(719.0, 705.0)(628.0, 705.0);GATE
Port:(642.5, 695.0)(704.5, 695.0)(704.5, 705.0)(642.5, 705.0);SD
Port:(628.0, 510.0)(704.0, 510.0)(704.0, 518.0)(719.0, 518.0)(719.0, 690.0)(628.0, 690.0);GATE
Port:(638.0, 515.0)(689.0, 515.0)(689.0, 519.0)(638.0, 519.0);SD
Module:M25
Boundary:(399.0, 960.0)(399.0, 1053.5)(389.0, 1053.5)(389.0, 1069.0)(205.0, 1069.0)(205.0, 960.0);GATE
Port:(205.0, 974.5)(215.0, 974.5)(215.0, 1054.5)(205.0, 1054.5);SD
Port:(399.0, 960.0)(399.0, 1053.5)(389.0, 1053.5)(389.0, 1069.0)(220.0, 1069.0)(220.0, 960.0);GATE
Port:(390.0, 970.0)(394.0, 970.0)(394.0, 1039.0)(390.0, 1039.0);SD
Module:M22
Boundary:(30.0, 238.0)(177.5, 238.0)(177.5, 254.0)(193.0, 254.0)(193.0, 353.0)(30.0, 353.0);GATE
Port:(44.5, 343.0)(178.5, 343.0)(178.5, 353.0)(44.5, 353.0);SD
Port:(30.0, 238.0)(177.5, 238.0)(177.5, 254.0)(193.0, 254.0)(193.0, 338.0)(30.0, 338.0);GATE
Port:(40.0, 243.0)(163.0, 243.0)(163.0, 247.0)(40.0, 247.0);SD
Module:M17
Boundary:(1028.0, 695.0)(1101.0, 695.0)(1101.0, 847.0)(1028.0, 847.0);GATE
Port:(1042.5, 837.0)(1086.5, 837.0)(1086.5, 847.0)(1042.5, 847.0);SD
Port:(1028.0, 695.0)(1101.0, 695.0)(1101.0, 832.0)(1028.0, 832.0);GATE
Port:(1038.0, 700.0)(1091.0, 700.0)(1091.0, 704.0)(1038.0, 704.0);SD
