Area:(-20.0, 51.9)(216.1, 51.9)(216.1, 626.1)(-20.0, 626.1)
Rule:GATE(5,5);SD(5,5);GATE_SD(0.5);GATE_ITO(0.5);SD_ITO(0.5)
Module:M2
Boundary:(176.1, 91.9)(176.1, 177.6)(163.3, 177.6)(163.3, 193.5)(20.0, 193.5)(20.0, 91.9);GATE
Port:(20.0, 105.2)(24.0, 105.2)(24.0, 180.2)(20.0, 180.2);SD
Port:(176.1, 91.9)(176.1, 177.6)(163.3, 177.6)(163.3, 193.5)(26.3, 193.5)(26.3, 91.9);GATE
Port:(165.7, 97.2)(171.8, 97.2)(171.8, 171.3)(165.7, 171.3);SD
Module:M4
Boundary:(159.8, 200.4)(159.8, 289.5)(116.8, 289.5)(116.8, 302.5)(27.2, 302.5)(27.2, 200.4);GATE
Port:(27.2, 213.4)(33.0, 213.4)(33.0, 289.5)(27.2, 289.5);SD
Port:(159.8, 200.4)(159.8, 289.5)(116.8, 289.5)(116.8, 302.5)(35.0, 302.5)(35.0, 200.4);GATE
Port:(148.8, 206.3)(154.9, 206.3)(154.9, 282.6)(148.8, 282.6);SD
Module:M3
Boundary:(152.0, 313.2)(152.0, 385.2)(151.6, 385.2)(151.6, 403.6)(20.0, 403.6)(20.0, 313.2);GATE
Port:(20.0, 327.0)(24.7, 327.0)(24.7, 389.8)(20.0, 389.8);SD
Port:(152.0, 313.2)(152.0, 385.2)(151.6, 385.2)(151.6, 403.6)(26.4, 403.6)(26.4, 313.2);GATE
Port:(141.2, 318.5)(147.7, 318.5)(147.7, 379.9)(141.2, 379.9);SD
Module:M5
Boundary:(111.5, 584.4)(158.0, 584.4)(158.0, 420.0)(111.5, 420.0);GATE
Port:(124.4, 420.0)(145.1, 420.0)(145.1, 424.6)(124.4, 424.6);SD
Port:(111.5, 584.4)(158.0, 584.4)(158.0, 426.8)(111.5, 426.8);GATE
Port:(117.2, 573.2)(152.3, 573.2)(152.3, 579.7)(117.2, 579.7);SD
Module:M1
Boundary:(28.5, 413.3)(88.8, 413.3)(88.8, 413.4)(103.7, 413.4)(103.7, 586.1)(28.5, 586.1);GATE
Port:(40.3, 581.1)(91.9, 581.1)(91.9, 586.1)(40.3, 586.1);SD
Port:(28.5, 413.3)(88.8, 413.3)(88.8, 413.4)(103.7, 413.4)(103.7, 580.1)(28.5, 580.1);GATE
Port:(34.1, 417.9)(83.2, 417.9)(83.2, 422.6)(34.1, 422.6);SD
