Area:(-20.0, -20.0)(604.8, -20.0)(604.8, 845.2)(-20.0, 845.2)
Rule:GATE(5,5);SD(5,5);GATE_SD(0.5);GATE_ITO(0.5);SD_ITO(0.5)
Module:M14
Boundary:(228.3, 738.2)(228.3, 786.8)(119.0, 786.8)(119.0, 801.2)(20.0, 801.2)(20.0, 738.2);GATE
Port:(20.0, 750.7)(25.3, 750.7)(25.3, 788.7)(20.0, 788.7);SD
Port:(228.3, 738.2)(228.3, 786.8)(119.0, 786.8)(119.0, 801.2)(27.9, 801.2)(27.9, 738.2);GATE
Port:(218.1, 744.7)(222.8, 744.7)(222.8, 779.3)(218.1, 779.3);SD
Module:M9
Boundary:(339.8, 20.0)(407.0, 20.0)(407.0, 20.3)(423.0, 20.3)(423.0, 161.2)(339.8, 161.2);GATE
Port:(353.6, 157.0)(409.2, 157.0)(409.2, 161.2)(353.6, 161.2);SD
Port:(339.8, 20.0)(407.0, 20.0)(407.0, 20.3)(423.0, 20.3)(423.0, 155.6)(339.8, 155.6);GATE
Port:(346.3, 25.5)(400.5, 25.5)(400.5, 31.6)(346.3, 31.6);SD
Module:M5
Boundary:(299.8, 20.0)(299.8, 51.4)(299.7, 51.4)(299.7, 65.2)(145.2, 65.2)(145.2, 20.0);GATE
Port:(145.2, 32.5)(150.8, 32.5)(150.8, 52.7)(145.2, 52.7);SD
Port:(299.8, 20.0)(299.8, 51.4)(299.7, 51.4)(299.7, 65.2)(151.9, 65.2)(151.9, 20.0);GATE
Port:(289.2, 26.6)(294.2, 26.6)(294.2, 44.8)(289.2, 44.8);SD
Module:M11
Boundary:(352.8, 679.3)(352.8, 785.8)(352.5, 785.8)(352.5, 802.7)(268.3, 802.7)(268.3, 679.3);GATE
Port:(268.3, 694.8)(272.5, 694.8)(272.5, 787.2)(268.3, 787.2);SD
Port:(352.8, 679.3)(352.8, 785.8)(352.5, 785.8)(352.5, 802.7)(274.1, 802.7)(274.1, 679.3);GATE
Port:(339.6, 686.3)(346.8, 686.3)(346.8, 778.8)(339.6, 778.8);SD
Module:M1
Boundary:(20.0, 136.8)(77.1, 136.8)(77.1, 137.1)(95.7, 137.1)(95.7, 232.7)(20.0, 232.7);GATE
Port:(35.4, 227.5)(80.3, 227.5)(80.3, 232.7)(35.4, 232.7);SD
Port:(20.0, 136.8)(77.1, 136.8)(77.1, 137.1)(95.7, 137.1)(95.7, 226.0)(20.0, 226.0);GATE
Port:(26.3, 142.1)(70.8, 142.1)(70.8, 149.0)(26.3, 149.0);SD
Module:M19
Boundary:(439.8, 500.0)(564.8, 500.0)(564.8, 668.9)(439.8, 668.9);GATE
Port:(454.8, 663.6)(549.8, 663.6)(549.8, 668.9)(454.8, 668.9);SD
Port:(439.8, 500.0)(564.8, 500.0)(564.8, 660.8)(439.8, 660.8);GATE
Port:(446.3, 505.5)(558.3, 505.5)(558.3, 511.6)(446.3, 511.6);SD
Module:M6
Boundary:(105.2, 20.0)(105.2, 82.9)(99.3, 82.9)(99.3, 96.8)(20.0, 96.8)(20.0, 20.0);GATE
Port:(20.0, 32.4)(24.7, 32.4)(24.7, 84.4)(20.0, 84.4);SD
Port:(105.2, 20.0)(105.2, 82.9)(99.3, 82.9)(99.3, 96.8)(27.1, 96.8)(27.1, 20.0);GATE
Port:(95.0, 25.1)(101.1, 25.1)(101.1, 76.8)(95.0, 76.8);SD
Module:M2
Boundary:(563.9, 201.2)(563.9, 296.8)(444.8, 296.8)(444.8, 314.5)(339.0, 314.5)(339.0, 201.2);GATE
Port:(339.0, 216.9)(344.1, 216.9)(344.1, 298.8)(339.0, 298.8);SD
Port:(563.9, 201.2)(563.9, 296.8)(444.8, 296.8)(444.8, 314.5)(345.2, 314.5)(345.2, 201.2);GATE
Port:(551.5, 208.1)(558.0, 208.1)(558.0, 288.9)(551.5, 288.9);SD
Module:M16
Boundary:(295.8, 354.5)(362.4, 354.5)(362.4, 365.6)(376.1, 365.6)(376.1, 486.6)(295.8, 486.6);GATE
Port:(309.3, 481.5)(362.6, 481.5)(362.6, 486.6)(309.3, 486.6);SD
Port:(295.8, 354.5)(362.4, 354.5)(362.4, 365.6)(376.1, 365.6)(376.1, 479.4)(295.8, 479.4);GATE
Port:(301.4, 359.1)(354.8, 359.1)(354.8, 365.4)(301.4, 365.4);SD
Module:M13
Boundary:(255.8, 324.5)(255.8, 406.9)(255.6, 406.9)(255.6, 422.4)(160.1, 422.4)(160.1, 324.5);GATE
Port:(160.1, 338.7)(165.5, 338.7)(165.5, 408.2)(160.1, 408.2);SD
Port:(255.8, 324.5)(255.8, 406.9)(255.6, 406.9)(255.6, 422.4)(167.3, 422.4)(167.3, 324.5);GATE
Port:(243.5, 331.1)(250.2, 331.1)(250.2, 400.3)(243.5, 400.3);SD
Module:M10
Boundary:(283.8, 526.6)(384.9, 526.6)(384.9, 570.5)(399.8, 570.5)(399.8, 639.3)(283.8, 639.3);GATE
Port:(298.9, 634.2)(384.7, 634.2)(384.7, 639.3)(298.9, 639.3);SD
Port:(283.8, 526.6)(384.9, 526.6)(384.9, 570.5)(399.8, 570.5)(399.8, 632.9)(283.8, 632.9);GATE
Port:(290.7, 532.5)(377.0, 532.5)(377.0, 539.2)(290.7, 539.2);SD
Module:M7
Boundary:(463.0, 20.0)(551.2, 20.0)(551.2, 20.5)(564.8, 20.5)(564.8, 156.1)(463.0, 156.1);GATE
Port:(476.7, 150.5)(551.1, 150.5)(551.1, 156.1)(476.7, 156.1);SD
Port:(463.0, 20.0)(551.2, 20.0)(551.2, 20.5)(564.8, 20.5)(564.8, 147.7)(463.0, 147.7);GATE
Port:(469.7, 25.7)(544.5, 25.7)(544.5, 31.9)(469.7, 31.9);SD
Module:M3
Boundary:(199.0, 620.7)(199.0, 698.2)(20.0, 698.2)(20.0, 620.7);GATE
Port:(20.0, 633.6)(25.1, 633.6)(25.1, 685.3)(20.0, 685.3);SD
Port:(199.0, 620.7)(199.0, 698.2)(27.0, 698.2)(27.0, 620.7);GATE
Port:(187.6, 626.7)(194.0, 626.7)(194.0, 692.2)(187.6, 692.2);SD
Module:M18
Boundary:(233.2, 105.2)(283.5, 105.2)(283.5, 181.7)(299.0, 181.7)(299.0, 284.5)(233.2, 284.5);GATE
Port:(245.9, 278.6)(286.3, 278.6)(286.3, 284.5)(245.9, 284.5);SD
Port:(233.2, 105.2)(283.5, 105.2)(283.5, 181.7)(299.0, 181.7)(299.0, 276.4)(233.2, 276.4);GATE
Port:(238.4, 109.4)(277.3, 109.4)(277.3, 115.8)(238.4, 115.8);SD
Module:M20
Boundary:(555.9, 354.5)(555.9, 443.6)(477.0, 443.6)(477.0, 460.0)(416.1, 460.0)(416.1, 354.5);GATE
Port:(416.1, 368.7)(422.0, 368.7)(422.0, 445.8)(416.1, 445.8);SD
Port:(555.9, 354.5)(555.9, 443.6)(477.0, 443.6)(477.0, 460.0)(424.6, 460.0)(424.6, 354.5);GATE
Port:(544.5, 361.3)(550.1, 361.3)(550.1, 435.8)(544.5, 435.8);SD
Module:M15
Boundary:(20.0, 272.7)(104.1, 272.7)(104.1, 272.8)(120.1, 272.8)(120.1, 449.5)(20.0, 449.5);GATE
Port:(34.8, 444.9)(105.3, 444.9)(105.3, 449.5)(34.8, 449.5);SD
Port:(20.0, 272.7)(104.1, 272.7)(104.1, 272.8)(120.1, 272.8)(120.1, 442.9)(20.0, 442.9);GATE
Port:(26.7, 278.4)(97.4, 278.4)(97.4, 285.0)(26.7, 285.0);SD
Module:M12
Boundary:(161.8, 462.4)(228.9, 462.4)(228.9, 485.5)(243.8, 485.5)(243.8, 566.8)(161.8, 566.8);GATE
Port:(175.2, 561.2)(230.4, 561.2)(230.4, 566.8)(175.2, 566.8);SD
Port:(161.8, 462.4)(228.9, 462.4)(228.9, 485.5)(243.8, 485.5)(243.8, 558.5)(161.8, 558.5);GATE
Port:(168.2, 467.8)(221.5, 467.8)(221.5, 473.5)(168.2, 473.5);SD
Module:M8
Boundary:(531.5, 708.9)(531.5, 790.9)(497.5, 790.9)(497.5, 805.2)(392.8, 805.2)(392.8, 708.9);GATE
Port:(392.8, 722.9)(397.4, 722.9)(397.4, 791.2)(392.8, 791.2);SD
Port:(531.5, 708.9)(531.5, 790.9)(497.5, 790.9)(497.5, 805.2)(398.7, 805.2)(398.7, 708.9);GATE
Port:(519.8, 715.2)(526.2, 715.2)(526.2, 783.6)(519.8, 783.6);SD
Module:M4
Boundary:(20.0, 489.5)(108.6, 489.5)(108.6, 523.7)(121.8, 523.7)(121.8, 580.7)(20.0, 580.7);GATE
Port:(32.1, 574.8)(109.7, 574.8)(109.7, 580.7)(32.1, 580.7);SD
Port:(20.0, 489.5)(108.6, 489.5)(108.6, 523.7)(121.8, 523.7)(121.8, 572.5)(20.0, 572.5);GATE
Port:(26.5, 495.0)(101.1, 495.0)(101.1, 499.5)(26.5, 499.5);SD
Module:M17
Boundary:(135.7, 136.8)(178.5, 136.8)(178.5, 136.9)(193.2, 136.9)(193.2, 226.5)(135.7, 226.5);GATE
Port:(146.2, 220.5)(182.7, 220.5)(182.7, 226.5)(146.2, 226.5);SD
Port:(135.7, 136.8)(178.5, 136.8)(178.5, 136.9)(193.2, 136.9)(193.2, 219.2)(135.7, 219.2);GATE
Port:(140.7, 140.8)(173.5, 140.8)(173.5, 145.2)(140.7, 145.2);SD
