Area:(-20.0, -10.4)(489.9, -10.4)(489.9, 366.0)(-20.0, 366.0)
Rule:GATE(5,5);SD(5,5);GATE_SD(0.5);GATE_ITO(0.5);SD_ITO(0.5)
Module:M1
Boundary:(259.9, 59.1)(259.9, 132.1)(449.9, 132.1)(449.9, 59.1);GATE
Port:(439.9, 73.6)(449.9, 73.6)(449.9, 117.6)(439.9, 117.6);SD
Port:(259.9, 59.1)(259.9, 132.1)(434.9, 132.1)(434.9, 59.1);GATE
Port:(264.9, 69.1)(268.9, 69.1)(268.9, 122.1)(264.9, 122.1);SD
Module:M5
Boundary:(244.3, 67.0)(171.3, 67.0)(171.3, 193.0)(244.3, 193.0);GATE
Port:(185.8, 183.0)(229.8, 183.0)(229.8, 193.0)(185.8, 193.0);SD
Port:(244.3, 67.0)(171.3, 67.0)(171.3, 178.0)(244.3, 178.0);GATE
Port:(181.3, 72.0)(234.3, 72.0)(234.3, 76.0)(181.3, 76.0);SD
Module:M3
Boundary:(158.3, 29.6)(158.3, 159.1)(106.6, 159.1)(106.6, 192.6)(39.3, 192.6)(39.3, 29.6);GATE
Port:(39.3, 44.1)(49.3, 44.1)(49.3, 178.1)(39.3, 178.1);SD
Port:(158.3, 29.6)(158.3, 159.1)(106.6, 159.1)(106.6, 192.6)(54.3, 192.6)(54.3, 29.6);GATE
Port:(149.3, 39.6)(153.3, 39.6)(153.3, 144.6)(149.3, 144.6);SD
Module:M4
Boundary:(274.0, 326.0)(421.5, 326.0)(421.5, 310.0)(437.0, 310.0)(437.0, 133.0)(274.0, 133.0);GATE
Port:(288.5, 133.0)(422.5, 133.0)(422.5, 143.0)(288.5, 143.0);SD
Port:(274.0, 326.0)(421.5, 326.0)(421.5, 310.0)(437.0, 310.0)(437.0, 148.0)(274.0, 148.0);GATE
Port:(284.0, 317.0)(407.0, 317.0)(407.0, 321.0)(284.0, 321.0);SD
Module:M2
Boundary:(255.0, 209.2)(125.5, 209.2)(125.5, 276.8)(20.0, 276.8)(20.0, 317.2)(255.0, 317.2);GATE
Port:(34.5, 307.2)(240.5, 307.2)(240.5, 317.2)(34.5, 317.2);SD
Port:(255.0, 209.2)(125.5, 209.2)(125.5, 276.8)(20.0, 276.8)(20.0, 302.2)(255.0, 302.2);GATE
Port:(140.0, 214.2)(245.0, 214.2)(245.0, 218.2)(140.0, 218.2);SD
