Area:(-20.0, -20.0)(685.0, -20.0)(685.0, 660.0)(-20.0, 660.0)
Rule:GATE(5,5);SD(5,5);GATE_SD(0.5);GATE_ITO(0.5);SD_ITO(0.5)
Module:M14
Boundary:(246.0, 378.0)(339.5, 378.0)(339.5, 388.0)(355.0, 388.0)(355.0, 474.0)(246.0, 474.0);GATE
Port:(260.5, 464.0)(340.5, 464.0)(340.5, 474.0)(260.5, 474.0);SD
Port:(246.0, 378.0)(339.5, 378.0)(339.5, 388.0)(355.0, 388.0)(355.0, 459.0)(246.0, 459.0);GATE
Port:(256.0, 383.0)(325.0, 383.0)(325.0, 387.0)(256.0, 387.0);SD
Module:M9
Boundary:(642.0, 256.0)(642.0, 331.5)(614.0, 331.5)(614.0, 401.0)(562.0, 401.0)(562.0, 256.0);GATE
Port:(562.0, 270.5)(572.0, 270.5)(572.0, 386.5)(562.0, 386.5);SD
Port:(642.0, 256.0)(642.0, 331.5)(614.0, 331.5)(614.0, 401.0)(577.0, 401.0)(577.0, 256.0);GATE
Port:(633.0, 266.0)(637.0, 266.0)(637.0, 317.0)(633.0, 317.0);SD
Module:M5
Boundary:(20.0, 522.0)(149.5, 522.0)(149.5, 536.0)(165.0, 536.0)(165.0, 615.0)(20.0, 615.0);GATE
Port:(34.5, 605.0)(150.5, 605.0)(150.5, 615.0)(34.5, 615.0);SD
Port:(20.0, 522.0)(149.5, 522.0)(149.5, 536.0)(165.0, 536.0)(165.0, 600.0)(20.0, 600.0);GATE
Port:(30.0, 527.0)(135.0, 527.0)(135.0, 531.0)(30.0, 531.0);SD
Module:M11
Boundary:(494.0, 544.0)(494.0, 617.0)(405.0, 617.0)(405.0, 544.0);GATE
Port:(405.0, 558.5)(415.0, 558.5)(415.0, 602.5)(405.0, 602.5);SD
Port:(494.0, 544.0)(494.0, 617.0)(420.0, 617.0)(420.0, 544.0);GATE
Port:(485.0, 554.0)(489.0, 554.0)(489.0, 607.0)(485.0, 607.0);SD
Module:M1
Boundary:(30.0, 179.0)(123.5, 179.0)(123.5, 189.0)(139.0, 189.0)(139.0, 305.0)(30.0, 305.0);GATE
Port:(44.5, 295.0)(124.5, 295.0)(124.5, 305.0)(44.5, 305.0);SD
Port:(30.0, 179.0)(123.5, 179.0)(123.5, 189.0)(139.0, 189.0)(139.0, 290.0)(30.0, 290.0);GATE
Port:(40.0, 184.0)(109.0, 184.0)(109.0, 188.0)(40.0, 188.0);SD
Module:M6
Boundary:(155.0, 20.0)(155.0, 113.5)(145.0, 113.5)(145.0, 129.0)(20.0, 129.0)(20.0, 20.0);GATE
Port:(20.0, 34.5)(30.0, 34.5)(30.0, 114.5)(20.0, 114.5);SD
Port:(155.0, 20.0)(155.0, 113.5)(145.0, 113.5)(145.0, 129.0)(35.0, 129.0)(35.0, 20.0);GATE
Port:(146.0, 30.0)(150.0, 30.0)(150.0, 99.0)(146.0, 99.0);SD
Module:M2
Boundary:(205.0, 524.0)(316.5, 524.0)(316.5, 560.2)(350.0, 560.2)(350.0, 614.0)(205.0, 614.0);GATE
Port:(219.5, 604.0)(335.5, 604.0)(335.5, 614.0)(219.5, 614.0);SD
Port:(205.0, 524.0)(316.5, 524.0)(316.5, 560.2)(350.0, 560.2)(350.0, 599.0)(205.0, 599.0);GATE
Port:(215.0, 529.0)(302.0, 529.0)(302.0, 533.0)(215.0, 533.0);SD
Module:M16
Boundary:(236.0, 262.0)(365.5, 262.0)(365.5, 276.0)(381.0, 276.0)(381.0, 328.0)(236.0, 328.0);GATE
Port:(250.5, 318.0)(366.5, 318.0)(366.5, 328.0)(250.5, 328.0);SD
Port:(236.0, 262.0)(365.5, 262.0)(365.5, 276.0)(381.0, 276.0)(381.0, 313.0)(236.0, 313.0);GATE
Port:(246.0, 267.0)(351.0, 267.0)(351.0, 271.0)(246.0, 271.0);SD
Module:M13
Boundary:(522.0, 256.0)(522.0, 332.0)(514.0, 332.0)(514.0, 347.0)(421.0, 347.0)(421.0, 256.0);GATE
Port:(421.0, 270.5)(431.0, 270.5)(431.0, 332.5)(421.0, 332.5);SD
Port:(522.0, 256.0)(522.0, 332.0)(514.0, 332.0)(514.0, 347.0)(436.0, 347.0)(436.0, 256.0);GATE
Port:(513.0, 266.0)(517.0, 266.0)(517.0, 317.0)(513.0, 317.0);SD
Module:M10
Boundary:(195.0, 133.0)(342.5, 133.0)(342.5, 149.0)(358.0, 149.0)(358.0, 222.0)(195.0, 222.0);GATE
Port:(209.5, 212.0)(343.5, 212.0)(343.5, 222.0)(209.5, 222.0);SD
Port:(195.0, 133.0)(342.5, 133.0)(342.5, 149.0)(358.0, 149.0)(358.0, 207.0)(195.0, 207.0);GATE
Port:(205.0, 138.0)(328.0, 138.0)(328.0, 142.0)(205.0, 142.0);SD
Module:M7
Boundary:(399.0, 20.0)(528.5, 20.0)(528.5, 156.0)(616.0, 156.0)(616.0, 216.0)(399.0, 216.0);GATE
Port:(413.5, 206.0)(601.5, 206.0)(601.5, 216.0)(413.5, 216.0);SD
Port:(399.0, 20.0)(528.5, 20.0)(528.5, 156.0)(616.0, 156.0)(616.0, 201.0)(399.0, 201.0);GATE
Port:(409.0, 25.0)(514.0, 25.0)(514.0, 29.0)(409.0, 29.0);SD
Module:M3
Boundary:(196.0, 355.0)(196.0, 466.5)(184.0, 466.5)(184.0, 482.0)(20.0, 482.0)(20.0, 355.0);GATE
Port:(20.0, 369.5)(30.0, 369.5)(30.0, 467.5)(20.0, 467.5);SD
Port:(196.0, 355.0)(196.0, 466.5)(184.0, 466.5)(184.0, 482.0)(35.0, 482.0)(35.0, 355.0);GATE
Port:(187.0, 365.0)(191.0, 365.0)(191.0, 452.0)(187.0, 452.0);SD
Module:M15
Boundary:(405.0, 387.0)(481.0, 387.0)(481.0, 395.0)(496.0, 395.0)(496.0, 504.0)(405.0, 504.0);GATE
Port:(419.5, 494.0)(481.5, 494.0)(481.5, 504.0)(419.5, 504.0);SD
Port:(405.0, 387.0)(481.0, 387.0)(481.0, 395.0)(496.0, 395.0)(496.0, 489.0)(405.0, 489.0);GATE
Port:(415.0, 392.0)(466.0, 392.0)(466.0, 396.0)(415.0, 396.0);SD
Module:M12
Boundary:(359.0, 20.0)(359.0, 93.0)(296.0, 93.0)(296.0, 20.0);GATE
Port:(296.0, 34.5)(306.0, 34.5)(306.0, 78.5)(296.0, 78.5);SD
Port:(359.0, 20.0)(359.0, 93.0)(311.0, 93.0)(311.0, 20.0);GATE
Port:(350.0, 30.0)(354.0, 30.0)(354.0, 83.0)(350.0, 83.0);SD
Module:M8
Boundary:(256.0, 20.0)(256.0, 93.0)(195.0, 93.0)(195.0, 20.0);GATE
Port:(195.0, 34.5)(205.0, 34.5)(205.0, 78.5)(195.0, 78.5);SD
Port:(256.0, 20.0)(256.0, 93.0)(210.0, 93.0)(210.0, 20.0);GATE
Port:(247.0, 30.0)(251.0, 30.0)(251.0, 83.0)(247.0, 83.0);SD
Module:M4
Boundary:(536.0, 441.0)(629.5, 441.0)(629.5, 451.0)(645.0, 451.0)(645.0, 620.0)(536.0, 620.0);GATE
Port:(550.5, 610.0)(630.5, 610.0)(630.5, 620.0)(550.5, 620.0);SD
Port:(536.0, 441.0)(629.5, 441.0)(629.5, 451.0)(645.0, 451.0)(645.0, 605.0)(536.0, 605.0);GATE
Port:(546.0, 446.0)(615.0, 446.0)(615.0, 450.0)(546.0, 450.0);SD
