Area:(-8.1, -5.8)(656.0, -5.8)(656.0, 637.8)(-8.1, 637.8)
Rule:GATE(5,5);SD(5,5);GATE_SD(0.5);GATE_ITO(0.5);SD_ITO(0.5)
Module:M8
Boundary:(272.1, 39.0)(272.1, 112.0)(211.1, 112.0)(211.1, 39.0);GATE
Port:(211.1, 53.5)(221.1, 53.5)(221.1, 97.5)(211.1, 97.5);SD
Port:(272.1, 39.0)(272.1, 112.0)(226.1, 112.0)(226.1, 39.0);GATE
Port:(263.1, 49.0)(267.1, 49.0)(267.1, 102.0)(263.1, 102.0);SD
Module:M12
Boundary:(356.7, 129.1)(356.7, 56.1)(293.7, 56.1)(293.7, 129.1);GATE
Port:(293.7, 70.6)(303.7, 70.6)(303.7, 114.6)(293.7, 114.6);SD
Port:(356.7, 129.1)(356.7, 56.1)(308.7, 56.1)(308.7, 129.1);GATE
Port:(347.7, 66.1)(351.7, 66.1)(351.7, 119.1)(347.7, 119.1);SD
Module:M6
Boundary:(190.5, 34.2)(190.5, 127.7)(180.5, 127.7)(180.5, 143.2)(55.5, 143.2)(55.5, 34.2);GATE
Port:(55.5, 48.7)(65.5, 48.7)(65.5, 128.7)(55.5, 128.7);SD
Port:(190.5, 34.2)(190.5, 127.7)(180.5, 127.7)(180.5, 143.2)(70.5, 143.2)(70.5, 34.2);GATE
Port:(181.5, 44.2)(185.5, 44.2)(185.5, 113.2)(181.5, 113.2);SD
Module:M7
Boundary:(358.6, 44.1)(488.1, 44.1)(488.1, 180.1)(575.6, 180.1)(575.6, 240.1)(358.6, 240.1);GATE
Port:(373.1, 230.1)(561.1, 230.1)(561.1, 240.1)(373.1, 240.1);SD
Port:(358.6, 44.1)(488.1, 44.1)(488.1, 180.1)(575.6, 180.1)(575.6, 225.1)(358.6, 225.1);GATE
Port:(368.6, 49.1)(473.6, 49.1)(473.6, 53.1)(368.6, 53.1);SD
Module:M10
Boundary:(195.0, 137.9)(342.5, 137.9)(342.5, 153.9)(358.0, 153.9)(358.0, 226.9)(195.0, 226.9);GATE
Port:(209.5, 216.9)(343.5, 216.9)(343.5, 226.9)(209.5, 226.9);SD
Port:(195.0, 137.9)(342.5, 137.9)(342.5, 153.9)(358.0, 153.9)(358.0, 211.9)(195.0, 211.9);GATE
Port:(205.0, 142.9)(328.0, 142.9)(328.0, 146.9)(205.0, 146.9);SD
Module:M1
Boundary:(153.7, 179.0)(60.2, 179.0)(60.2, 189.0)(44.7, 189.0)(44.7, 305.0)(153.7, 305.0);GATE
Port:(59.2, 295.0)(139.2, 295.0)(139.2, 305.0)(59.2, 305.0);SD
Port:(153.7, 179.0)(60.2, 179.0)(60.2, 189.0)(44.7, 189.0)(44.7, 290.0)(153.7, 290.0);GATE
Port:(74.7, 184.0)(143.7, 184.0)(143.7, 188.0)(74.7, 188.0);SD
Module:M16
Boundary:(262.1, 330.6)(391.6, 330.6)(391.6, 316.6)(407.1, 316.6)(407.1, 264.6)(262.1, 264.6);GATE
Port:(276.6, 264.6)(392.6, 264.6)(392.6, 274.6)(276.6, 274.6);SD
Port:(262.1, 330.6)(391.6, 330.6)(391.6, 316.6)(407.1, 316.6)(407.1, 279.6)(262.1, 279.6);GATE
Port:(272.1, 321.6)(377.1, 321.6)(377.1, 325.6)(272.1, 325.6);SD
Module:M13
Boundary:(411.5, 351.4)(411.5, 275.4)(419.5, 275.4)(419.5, 260.4)(512.5, 260.4)(512.5, 351.4);GATE
Port:(502.5, 274.9)(512.5, 274.9)(512.5, 336.9)(502.5, 336.9);SD
Port:(411.5, 351.4)(411.5, 275.4)(419.5, 275.4)(419.5, 260.4)(497.5, 260.4)(497.5, 351.4);GATE
Port:(416.5, 290.4)(420.5, 290.4)(420.5, 341.4)(416.5, 341.4);SD
Module:M9
Boundary:(536.0, 401.9)(536.0, 326.4)(564.0, 326.4)(564.0, 256.9)(616.0, 256.9)(616.0, 401.9);GATE
Port:(606.0, 271.4)(616.0, 271.4)(616.0, 387.4)(606.0, 387.4);SD
Port:(536.0, 401.9)(536.0, 326.4)(564.0, 326.4)(564.0, 256.9)(601.0, 256.9)(601.0, 401.9);GATE
Port:(541.0, 340.9)(545.0, 340.9)(545.0, 391.9)(541.0, 391.9);SD
Module:M14
Boundary:(237.8, 463.2)(331.3, 463.2)(331.3, 453.2)(346.8, 453.2)(346.8, 367.2)(237.8, 367.2);GATE
Port:(252.3, 367.2)(332.3, 367.2)(332.3, 377.2)(252.3, 377.2);SD
Port:(237.8, 463.2)(331.3, 463.2)(331.3, 453.2)(346.8, 453.2)(346.8, 382.2)(237.8, 382.2);GATE
Port:(247.8, 454.2)(316.8, 454.2)(316.8, 458.2)(247.8, 458.2);SD
Module:M3
Boundary:(207.9, 309.6)(207.9, 421.1)(195.9, 421.1)(195.9, 436.6)(31.9, 436.6)(31.9, 309.6);GATE
Port:(31.9, 324.1)(41.9, 324.1)(41.9, 422.1)(31.9, 422.1);SD
Port:(207.9, 309.6)(207.9, 421.1)(195.9, 421.1)(195.9, 436.6)(46.9, 436.6)(46.9, 309.6);GATE
Port:(198.9, 319.6)(202.9, 319.6)(202.9, 406.6)(198.9, 406.6);SD
Module:M15
Boundary:(371.5, 468.5)(447.5, 468.5)(447.5, 460.5)(462.5, 460.5)(462.5, 351.5)(371.5, 351.5);GATE
Port:(386.0, 351.5)(448.0, 351.5)(448.0, 361.5)(386.0, 361.5);SD
Port:(371.5, 468.5)(447.5, 468.5)(447.5, 460.5)(462.5, 460.5)(462.5, 366.5)(371.5, 366.5);GATE
Port:(381.5, 459.5)(432.5, 459.5)(432.5, 463.5)(381.5, 463.5);SD
Module:M2
Boundary:(178.2, 475.2)(289.7, 475.2)(289.7, 511.4)(323.2, 511.4)(323.2, 565.2)(178.2, 565.2);GATE
Port:(192.7, 555.2)(308.7, 555.2)(308.7, 565.2)(192.7, 565.2);SD
Port:(178.2, 475.2)(289.7, 475.2)(289.7, 511.4)(323.2, 511.4)(323.2, 550.2)(178.2, 550.2);GATE
Port:(188.2, 480.2)(275.2, 480.2)(275.2, 484.2)(188.2, 484.2);SD
Module:M5
Boundary:(177.0, 597.8)(47.5, 597.8)(47.5, 583.8)(32.0, 583.8)(32.0, 504.8)(177.0, 504.8);GATE
Port:(46.5, 504.8)(162.5, 504.8)(162.5, 514.8)(46.5, 514.8);SD
Port:(177.0, 597.8)(47.5, 597.8)(47.5, 583.8)(32.0, 583.8)(32.0, 519.8)(177.0, 519.8);GATE
Port:(62.0, 588.8)(167.0, 588.8)(167.0, 592.8)(62.0, 592.8);SD
Module:M11
Boundary:(354.0, 591.1)(354.0, 518.1)(443.0, 518.1)(443.0, 591.1);GATE
Port:(433.0, 532.6)(443.0, 532.6)(443.0, 576.6)(433.0, 576.6);SD
Port:(354.0, 591.1)(354.0, 518.1)(428.0, 518.1)(428.0, 591.1);GATE
Port:(359.0, 528.1)(363.0, 528.1)(363.0, 581.1)(359.0, 581.1);SD
Module:M4
Boundary:(599.5, 582.0)(506.0, 582.0)(506.0, 572.0)(490.5, 572.0)(490.5, 403.0)(599.5, 403.0);GATE
Port:(505.0, 403.0)(585.0, 403.0)(585.0, 413.0)(505.0, 413.0);SD
Port:(599.5, 582.0)(506.0, 582.0)(506.0, 572.0)(490.5, 572.0)(490.5, 418.0)(599.5, 418.0);GATE
Port:(520.5, 573.0)(589.5, 573.0)(589.5, 577.0)(520.5, 577.0);SD
