Area:(-20.0, -20.0)(405.0, -20.0)(405.0, 986.0)(-20.0, 986.0)
Rule:GATE(5,5);SD(5,5);GATE_SD(0.5);GATE_ITO(0.5);SD_ITO(0.5)
Module:M9
Boundary:(357.0, 20.0)(357.0, 113.5)(347.0, 113.5)(347.0, 129.0)(269.0, 129.0)(269.0, 20.0);GATE
Port:(269.0, 34.5)(279.0, 34.5)(279.0, 114.5)(269.0, 114.5);SD
Port:(357.0, 20.0)(357.0, 113.5)(347.0, 113.5)(347.0, 129.0)(284.0, 129.0)(284.0, 20.0);GATE
Port:(348.0, 30.0)(352.0, 30.0)(352.0, 99.0)(348.0, 99.0);SD
Module:M5
Boundary:(355.0, 251.0)(355.0, 362.5)(343.0, 362.5)(343.0, 378.0)(156.0, 378.0)(156.0, 251.0);GATE
Port:(156.0, 265.5)(166.0, 265.5)(166.0, 363.5)(156.0, 363.5);SD
Port:(355.0, 251.0)(355.0, 362.5)(343.0, 362.5)(343.0, 378.0)(171.0, 378.0)(171.0, 251.0);GATE
Port:(346.0, 261.0)(350.0, 261.0)(350.0, 348.0)(346.0, 348.0);SD
Module:M1
Boundary:(106.0, 337.0)(106.0, 413.0)(98.0, 413.0)(98.0, 428.0)(20.0, 428.0)(20.0, 337.0);GATE
Port:(20.0, 351.5)(30.0, 351.5)(30.0, 413.5)(20.0, 413.5);SD
Port:(106.0, 337.0)(106.0, 413.0)(98.0, 413.0)(98.0, 428.0)(35.0, 428.0)(35.0, 337.0);GATE
Port:(97.0, 347.0)(101.0, 347.0)(101.0, 398.0)(97.0, 398.0);SD
Module:M6
Boundary:(156.0, 20.0)(229.0, 20.0)(229.0, 201.0)(156.0, 201.0);GATE
Port:(170.5, 191.0)(214.5, 191.0)(214.5, 201.0)(170.5, 201.0);SD
Port:(156.0, 20.0)(229.0, 20.0)(229.0, 186.0)(156.0, 186.0);GATE
Port:(166.0, 25.0)(219.0, 25.0)(219.0, 29.0)(166.0, 29.0);SD
Module:M2
Boundary:(365.0, 428.0)(365.0, 521.5)(227.8, 521.5)(227.8, 735.0)(172.0, 735.0)(172.0, 428.0);GATE
Port:(172.0, 442.5)(182.0, 442.5)(182.0, 720.5)(172.0, 720.5);SD
Port:(365.0, 428.0)(365.0, 521.5)(227.8, 521.5)(227.8, 735.0)(187.0, 735.0)(187.0, 428.0);GATE
Port:(356.0, 438.0)(360.0, 438.0)(360.0, 507.0)(356.0, 507.0);SD
Module:M10
Boundary:(104.0, 478.0)(104.0, 551.0)(30.0, 551.0)(30.0, 478.0);GATE
Port:(30.0, 492.5)(40.0, 492.5)(40.0, 536.5)(30.0, 536.5);SD
Port:(104.0, 478.0)(104.0, 551.0)(45.0, 551.0)(45.0, 478.0);GATE
Port:(95.0, 488.0)(99.0, 488.0)(99.0, 541.0)(95.0, 541.0);SD
Module:M7
Boundary:(132.0, 601.0)(132.0, 694.5)(100.5, 694.5)(100.5, 746.0)(20.0, 746.0)(20.0, 601.0);GATE
Port:(20.0, 615.5)(30.0, 615.5)(30.0, 731.5)(20.0, 731.5);SD
Port:(132.0, 601.0)(132.0, 694.5)(100.5, 694.5)(100.5, 746.0)(35.0, 746.0)(35.0, 601.0);GATE
Port:(123.0, 611.0)(127.0, 611.0)(127.0, 680.0)(123.0, 680.0);SD
Module:M3
Boundary:(20.0, 786.0)(113.5, 786.0)(113.5, 906.2)(327.0, 906.2)(327.0, 946.0)(20.0, 946.0);GATE
Port:(34.5, 936.0)(312.5, 936.0)(312.5, 946.0)(34.5, 946.0);SD
Port:(20.0, 786.0)(113.5, 786.0)(113.5, 906.2)(327.0, 906.2)(327.0, 931.0)(20.0, 931.0);GATE
Port:(30.0, 791.0)(99.0, 791.0)(99.0, 795.0)(30.0, 795.0);SD
Module:M8
Boundary:(116.0, 20.0)(116.0, 93.0)(20.0, 93.0)(20.0, 20.0);GATE
Port:(20.0, 34.5)(30.0, 34.5)(30.0, 78.5)(20.0, 78.5);SD
Port:(116.0, 20.0)(116.0, 93.0)(35.0, 93.0)(35.0, 20.0);GATE
Port:(107.0, 30.0)(111.0, 30.0)(111.0, 83.0)(107.0, 83.0);SD
Module:M4
Boundary:(20.0, 133.0)(93.0, 133.0)(93.0, 297.0)(20.0, 297.0);GATE
Port:(34.5, 287.0)(78.5, 287.0)(78.5, 297.0)(34.5, 297.0);SD
Port:(20.0, 133.0)(93.0, 133.0)(93.0, 282.0)(20.0, 282.0);GATE
Port:(30.0, 138.0)(83.0, 138.0)(83.0, 142.0)(30.0, 142.0);SD
