Area:(-20.0, -20.0)(675.4, -20.0)(675.4, 1671.2)(-20.0, 1671.2)
Rule:GATE(5,5);SD(5,5);GATE_SD(0.5);GATE_ITO(0.5);SD_ITO(0.5)
Module:M14
Boundary:(307.8, 1382.0)(360.1, 1382.0)(360.1, 1400.1)(375.3, 1400.1)(375.3, 1497.4)(307.8, 1497.4);GATE
Port:(321.8, 1492.0)(361.3, 1492.0)(361.3, 1497.4)(321.8, 1497.4);SD
Port:(307.8, 1382.0)(360.1, 1382.0)(360.1, 1400.1)(375.3, 1400.1)(375.3, 1489.8)(307.8, 1489.8);GATE
Port:(314.0, 1387.2)(352.9, 1387.2)(352.9, 1393.3)(314.0, 1393.3);SD
Module:M9
Boundary:(436.5, 1269.6)(500.4, 1269.6)(500.4, 1270.0)(517.0, 1270.0)(517.0, 1444.6)(436.5, 1444.6);GATE
Port:(447.9, 1439.3)(505.6, 1439.3)(505.6, 1444.6)(447.9, 1444.6);SD
Port:(436.5, 1269.6)(500.4, 1269.6)(500.4, 1270.0)(517.0, 1270.0)(517.0, 1437.5)(436.5, 1437.5);GATE
Port:(441.7, 1273.8)(495.2, 1273.8)(495.2, 1278.4)(441.7, 1278.4);SD
Module:M5
Boundary:(159.2, 1539.5)(159.2, 1627.1)(20.0, 1627.1)(20.0, 1539.5);GATE
Port:(20.0, 1553.9)(24.6, 1553.9)(24.6, 1612.7)(20.0, 1612.7);SD
Port:(159.2, 1539.5)(159.2, 1627.1)(26.7, 1627.1)(26.7, 1539.5);GATE
Port:(148.1, 1545.2)(154.5, 1545.2)(154.5, 1621.4)(148.1, 1621.4);SD
Module:M11
Boundary:(459.4, 881.8)(459.4, 977.4)(369.9, 977.4)(369.9, 881.8);GATE
Port:(369.9, 895.0)(375.5, 895.0)(375.5, 964.2)(369.9, 964.2);SD
Port:(459.4, 881.8)(459.4, 977.4)(377.3, 977.4)(377.3, 881.8);GATE
Port:(448.9, 888.5)(453.7, 888.5)(453.7, 970.7)(448.9, 970.7);SD
Module:M1
Boundary:(371.0, 1537.4)(371.0, 1615.1)(370.9, 1615.1)(370.9, 1630.4)(199.2, 1630.4)(199.2, 1537.4);GATE
Port:(199.2, 1549.5)(203.4, 1549.5)(203.4, 1618.3)(199.2, 1618.3);SD
Port:(371.0, 1537.4)(371.0, 1615.1)(370.9, 1615.1)(370.9, 1630.4)(205.3, 1630.4)(205.3, 1537.4);GATE
Port:(360.7, 1542.5)(366.9, 1542.5)(366.9, 1610.0)(360.7, 1610.0);SD
Module:M38
Boundary:(364.9, 30.0)(364.9, 129.8)(274.5, 129.8)(274.5, 144.8)(158.1, 144.8)(158.1, 30.0);GATE
Port:(158.1, 44.0)(163.6, 44.0)(163.6, 130.8)(158.1, 130.8);SD
Port:(364.9, 30.0)(364.9, 129.8)(274.5, 129.8)(274.5, 144.8)(166.1, 144.8)(166.1, 30.0);GATE
Port:(353.1, 36.7)(359.2, 36.7)(359.2, 122.1)(353.1, 122.1);SD
Module:M40
Boundary:(387.6, 464.4)(445.1, 464.4)(445.1, 509.7)(462.5, 509.7)(462.5, 578.9)(387.6, 578.9);GATE
Port:(402.9, 573.6)(447.2, 573.6)(447.2, 578.9)(402.9, 578.9);SD
Port:(387.6, 464.4)(445.1, 464.4)(445.1, 509.7)(462.5, 509.7)(462.5, 572.4)(387.6, 572.4);GATE
Port:(394.3, 470.1)(437.4, 470.1)(437.4, 476.6)(394.3, 476.6);SD
Module:M35
Boundary:(517.9, 853.8)(626.4, 853.8)(626.4, 1030.1)(517.9, 1030.1);GATE
Port:(531.0, 1026.0)(613.3, 1026.0)(613.3, 1030.1)(531.0, 1030.1);SD
Port:(517.9, 853.8)(626.4, 853.8)(626.4, 1023.3)(517.9, 1023.3);GATE
Port:(524.3, 859.2)(620.0, 859.2)(620.0, 865.0)(524.3, 865.0);SD
Module:M32
Boundary:(195.1, 1382.0)(267.8, 1382.0)(267.8, 1495.6)(195.1, 1495.6);GATE
Port:(209.3, 1491.3)(253.6, 1491.3)(253.6, 1495.6)(209.3, 1495.6);SD
Port:(195.1, 1382.0)(267.8, 1382.0)(267.8, 1490.0)(195.1, 1490.0);GATE
Port:(200.6, 1386.5)(262.3, 1386.5)(262.3, 1392.7)(200.6, 1392.7);SD
Module:M27
Boundary:(557.0, 1269.6)(608.1, 1269.6)(608.1, 1269.9)(623.2, 1269.9)(623.2, 1463.7)(557.0, 1463.7);GATE
Port:(571.3, 1458.9)(608.9, 1458.9)(608.9, 1463.7)(571.3, 1463.7);SD
Port:(557.0, 1269.6)(608.1, 1269.6)(608.1, 1269.9)(623.2, 1269.9)(623.2, 1456.1)(557.0, 1456.1);GATE
Port:(564.0, 1275.6)(601.1, 1275.6)(601.1, 1281.7)(564.0, 1281.7);SD
Module:M24
Boundary:(155.1, 1104.4)(155.1, 1207.3)(132.7, 1207.3)(132.7, 1223.2)(20.0, 1223.2)(20.0, 1104.4);GATE
Port:(20.0, 1118.0)(25.3, 1118.0)(25.3, 1209.6)(20.0, 1209.6);SD
Port:(155.1, 1104.4)(155.1, 1207.3)(132.7, 1207.3)(132.7, 1223.2)(26.7, 1223.2)(26.7, 1104.4);GATE
Port:(144.1, 1110.8)(149.7, 1110.8)(149.7, 1199.9)(144.1, 1199.9);SD
Module:M19
Boundary:(488.1, 340.2)(488.1, 400.4)(487.9, 400.4)(487.9, 414.4)(377.6, 414.4)(377.6, 340.2);GATE
Port:(377.6, 353.1)(382.3, 353.1)(382.3, 401.5)(377.6, 401.5);SD
Port:(488.1, 340.2)(488.1, 400.4)(487.9, 400.4)(487.9, 414.4)(385.2, 414.4)(385.2, 340.2);GATE
Port:(477.0, 346.6)(482.7, 346.6)(482.7, 394.0)(477.0, 394.0);SD
Module:M6
Boundary:(635.4, 1503.7)(635.4, 1614.6)(578.2, 1614.6)(578.2, 1631.2)(415.3, 1631.2)(415.3, 1503.7);GATE
Port:(415.3, 1520.4)(420.5, 1520.4)(420.5, 1614.5)(415.3, 1614.5);SD
Port:(635.4, 1503.7)(635.4, 1614.6)(578.2, 1614.6)(578.2, 1631.2)(422.2, 1631.2)(422.2, 1503.7);GATE
Port:(622.0, 1510.6)(629.5, 1510.6)(629.5, 1606.7)(622.0, 1606.7);SD
Module:M21
Boundary:(575.4, 20.0)(609.1, 20.0)(609.1, 20.2)(625.4, 20.2)(625.4, 170.3)(575.4, 170.3);GATE
Port:(588.7, 165.8)(612.1, 165.8)(612.1, 170.3)(588.7, 170.3);SD
Port:(575.4, 20.0)(609.1, 20.0)(609.1, 20.2)(625.4, 20.2)(625.4, 164.1)(575.4, 164.1);GATE
Port:(581.4, 25.0)(603.1, 25.0)(603.1, 30.6)(581.4, 30.6);SD
Module:M2
Boundary:(253.0, 610.1)(305.2, 610.1)(305.2, 641.8)(319.9, 641.8)(319.9, 793.4)(253.0, 793.4);GATE
Port:(267.2, 788.5)(305.7, 788.5)(305.7, 793.4)(267.2, 793.4);SD
Port:(253.0, 610.1)(305.2, 610.1)(305.2, 641.8)(319.9, 641.8)(319.9, 786.0)(253.0, 786.0);GATE
Port:(259.3, 615.4)(297.9, 615.4)(297.9, 621.9)(259.3, 621.9);SD
Module:M16
Boundary:(429.3, 20.0)(518.5, 20.0)(518.5, 95.2)(535.4, 95.2)(535.4, 169.7)(429.3, 169.7);GATE
Port:(442.6, 164.2)(522.1, 164.2)(522.1, 169.7)(442.6, 169.7);SD
Port:(429.3, 20.0)(518.5, 20.0)(518.5, 95.2)(535.4, 95.2)(535.4, 162.1)(429.3, 162.1);GATE
Port:(434.6, 24.3)(512.2, 24.3)(512.2, 30.6)(434.6, 30.6);SD
Module:M13
Boundary:(20.0, 369.7)(70.8, 369.7)(70.8, 369.8)(87.8, 369.8)(87.8, 598.2)(20.0, 598.2);GATE
Port:(33.3, 593.4)(74.5, 593.4)(74.5, 598.2)(33.3, 598.2);SD
Port:(20.0, 369.7)(70.8, 369.7)(70.8, 369.8)(87.8, 369.8)(87.8, 591.0)(20.0, 591.0);GATE
Port:(25.0, 373.7)(65.8, 373.7)(65.8, 379.7)(25.0, 379.7);SD
Module:M10
Boundary:(129.6, 241.3)(177.1, 241.3)(177.1, 295.0)(189.4, 295.0)(189.4, 399.5)(129.6, 399.5);GATE
Port:(143.2, 394.7)(175.8, 394.7)(175.8, 399.5)(143.2, 399.5);SD
Port:(129.6, 241.3)(177.1, 241.3)(177.1, 295.0)(189.4, 295.0)(189.4, 393.4)(129.6, 393.4);GATE
Port:(136.4, 247.1)(169.3, 247.1)(169.3, 253.0)(136.4, 253.0);SD
Module:M37
Boundary:(20.0, 1378.8)(151.0, 1378.8)(151.0, 1499.5)(20.0, 1499.5);GATE
Port:(36.7, 1494.0)(134.3, 1494.0)(134.3, 1499.5)(36.7, 1499.5);SD
Port:(20.0, 1378.8)(151.0, 1378.8)(151.0, 1491.8)(20.0, 1491.8);GATE
Port:(26.7, 1384.5)(144.3, 1384.5)(144.3, 1392.0)(26.7, 1392.0);SD
Module:M34
Boundary:(535.5, 210.3)(609.1, 210.3)(609.1, 229.2)(622.3, 229.2)(622.3, 424.6)(535.5, 424.6);GATE
Port:(546.9, 419.6)(610.9, 419.6)(610.9, 424.6)(546.9, 424.6);SD
Port:(535.5, 210.3)(609.1, 210.3)(609.1, 229.2)(622.3, 229.2)(622.3, 418.0)(535.5, 418.0);GATE
Port:(540.7, 214.5)(602.9, 214.5)(602.9, 220.2)(540.7, 220.2);SD
Module:M29
Boundary:(626.2, 1090.1)(626.2, 1201.3)(625.8, 1201.3)(625.8, 1219.6)(461.7, 1219.6)(461.7, 1090.1);GATE
Port:(461.7, 1105.2)(467.5, 1105.2)(467.5, 1204.5)(461.7, 1204.5);SD
Port:(626.2, 1090.1)(626.2, 1201.3)(625.8, 1201.3)(625.8, 1219.6)(468.8, 1219.6)(468.8, 1090.1);GATE
Port:(614.5, 1096.4)(620.9, 1096.4)(620.9, 1195.0)(614.5, 1195.0);SD
Module:M7
Boundary:(20.0, 20.0)(108.1, 20.0)(108.1, 201.3)(20.0, 201.3);GATE
Port:(33.4, 197.1)(94.7, 197.1)(94.7, 201.3)(33.4, 201.3);SD
Port:(20.0, 20.0)(108.1, 20.0)(108.1, 195.0)(20.0, 195.0);GATE
Port:(25.2, 24.2)(102.9, 24.2)(102.9, 29.9)(25.2, 29.9);SD
Module:M31
Boundary:(333.7, 1017.4)(411.7, 1017.4)(411.7, 1197.6)(333.7, 1197.6);GATE
Port:(346.9, 1193.5)(398.5, 1193.5)(398.5, 1197.6)(346.9, 1197.6);SD
Port:(333.7, 1017.4)(411.7, 1017.4)(411.7, 1190.6)(333.7, 1190.6);GATE
Port:(339.2, 1021.9)(406.2, 1021.9)(406.2, 1028.4)(339.2, 1028.4);SD
Module:M3
Boundary:(328.7, 843.4)(328.7, 923.7)(328.6, 923.7)(328.6, 938.7)(186.5, 938.7)(186.5, 843.4);GATE
Port:(186.5, 858.0)(191.7, 858.0)(191.7, 924.1)(186.5, 924.1);SD
Port:(328.7, 843.4)(328.7, 923.7)(328.6, 923.7)(328.6, 938.7)(194.3, 938.7)(194.3, 843.4);GATE
Port:(316.1, 849.7)(323.4, 849.7)(323.4, 917.4)(316.1, 917.4);SD
Module:M26
Boundary:(30.0, 810.3)(118.0, 810.3)(118.0, 822.6)(134.2, 822.6)(134.2, 895.7)(30.0, 895.7);GATE
Port:(44.7, 891.3)(119.5, 891.3)(119.5, 895.7)(44.7, 895.7);SD
Port:(30.0, 810.3)(118.0, 810.3)(118.0, 822.6)(134.2, 822.6)(134.2, 889.6)(30.0, 889.6);GATE
Port:(36.4, 815.7)(110.6, 815.7)(110.6, 821.7)(36.4, 821.7);SD
Module:M23
Boundary:(127.8, 439.5)(178.0, 439.5)(178.0, 439.7)(192.7, 439.7)(192.7, 600.5)(127.8, 600.5);GATE
Port:(142.1, 595.2)(178.4, 595.2)(178.4, 600.5)(142.1, 600.5);SD
Port:(127.8, 439.5)(178.0, 439.5)(178.0, 439.7)(192.7, 439.7)(192.7, 593.7)(127.8, 593.7);GATE
Port:(134.1, 444.8)(171.7, 444.8)(171.7, 452.2)(134.1, 452.2);SD
Module:M18
Boundary:(20.0, 241.3)(73.8, 241.3)(73.8, 254.6)(89.6, 254.6)(89.6, 329.7)(20.0, 329.7);GATE
Port:(34.4, 325.0)(75.2, 325.0)(75.2, 329.7)(34.4, 329.7);SD
Port:(20.0, 241.3)(73.8, 241.3)(73.8, 254.6)(89.6, 254.6)(89.6, 323.7)(20.0, 323.7);GATE
Port:(26.4, 246.7)(66.4, 246.7)(66.4, 253.1)(26.4, 253.1);SD
Module:M20
Boundary:(322.4, 194.8)(373.5, 194.8)(373.5, 223.1)(389.3, 223.1)(389.3, 288.7)(322.4, 288.7);GATE
Port:(335.4, 283.8)(376.3, 283.8)(376.3, 288.7)(335.4, 288.7);SD
Port:(322.4, 194.8)(373.5, 194.8)(373.5, 223.1)(389.3, 223.1)(389.3, 282.7)(322.4, 282.7);GATE
Port:(327.9, 199.3)(367.0, 199.3)(367.0, 205.5)(327.9, 205.5);SD
Module:M15
Boundary:(369.9, 628.9)(452.0, 628.9)(452.0, 629.0)(467.9, 629.0)(467.9, 841.8)(369.9, 841.8);GATE
Port:(383.4, 836.4)(454.4, 836.4)(454.4, 841.8)(383.4, 841.8);SD
Port:(369.9, 628.9)(452.0, 628.9)(452.0, 629.0)(467.9, 629.0)(467.9, 835.1)(369.9, 835.1);GATE
Port:(375.7, 633.7)(446.2, 633.7)(446.2, 640.2)(375.7, 640.2);SD
Module:M12
Boundary:(146.5, 945.7)(146.5, 1047.9)(85.0, 1047.9)(85.0, 1064.4)(20.0, 1064.4)(20.0, 945.7);GATE
Port:(20.0, 957.6)(25.6, 957.6)(25.6, 1052.5)(20.0, 1052.5);SD
Port:(146.5, 945.7)(146.5, 1047.9)(85.0, 1047.9)(85.0, 1064.4)(26.8, 1064.4)(26.8, 945.7);GATE
Port:(138.0, 950.8)(142.4, 950.8)(142.4, 1041.8)(138.0, 1041.8);SD
Module:M39
Boundary:(429.3, 209.7)(479.3, 209.7)(479.3, 209.9)(495.5, 209.9)(495.5, 300.2)(429.3, 300.2);GATE
Port:(442.6, 294.5)(482.2, 294.5)(482.2, 300.2)(442.6, 300.2);SD
Port:(429.3, 209.7)(479.3, 209.7)(479.3, 209.9)(495.5, 209.9)(495.5, 292.0)(429.3, 292.0);GATE
Port:(435.3, 214.7)(473.3, 214.7)(473.3, 220.8)(435.3, 220.8);SD
Module:M8
Boundary:(20.0, 1263.2)(100.3, 1263.2)(100.3, 1283.5)(114.4, 1283.5)(114.4, 1338.8)(20.0, 1338.8);GATE
Port:(33.8, 1334.2)(100.6, 1334.2)(100.6, 1338.8)(33.8, 1338.8);SD
Port:(20.0, 1263.2)(100.3, 1263.2)(100.3, 1283.5)(114.4, 1283.5)(114.4, 1331.8)(20.0, 1331.8);GATE
Port:(26.7, 1268.9)(92.6, 1268.9)(92.6, 1274.8)(26.7, 1274.8);SD
Module:M4
Boundary:(396.5, 1244.0)(396.5, 1326.9)(273.3, 1326.9)(273.3, 1342.0)(195.1, 1342.0)(195.1, 1244.0);GATE
Port:(195.1, 1256.9)(200.2, 1256.9)(200.2, 1329.1)(195.1, 1329.1);SD
Port:(396.5, 1244.0)(396.5, 1326.9)(273.3, 1326.9)(273.3, 1342.0)(202.8, 1342.0)(202.8, 1244.0);GATE
Port:(385.9, 1249.5)(392.0, 1249.5)(392.0, 1320.4)(385.9, 1320.4);SD
Module:M36
Boundary:(337.6, 330.7)(337.6, 394.1)(321.9, 394.1)(321.9, 407.4)(232.7, 407.4)(232.7, 330.7);GATE
Port:(232.7, 344.5)(236.8, 344.5)(236.8, 393.6)(232.7, 393.6);SD
Port:(337.6, 330.7)(337.6, 394.1)(321.9, 394.1)(321.9, 407.4)(239.5, 407.4)(239.5, 330.7);GATE
Port:(325.8, 337.0)(332.3, 337.0)(332.3, 386.8)(325.8, 386.8);SD
Module:M33
Boundary:(232.7, 194.8)(282.4, 194.8)(282.4, 290.7)(232.7, 290.7);GATE
Port:(246.7, 285.8)(268.4, 285.8)(268.4, 290.7)(246.7, 290.7);SD
Port:(232.7, 194.8)(282.4, 194.8)(282.4, 284.0)(232.7, 284.0);GATE
Port:(238.9, 200.0)(276.2, 200.0)(276.2, 206.2)(238.9, 206.2);SD
Module:M28
Boundary:(329.9, 447.4)(329.9, 545.3)(286.4, 545.3)(286.4, 560.1)(232.7, 560.1)(232.7, 447.4);GATE
Port:(232.7, 460.4)(238.7, 460.4)(238.7, 547.1)(232.7, 547.1);SD
Port:(329.9, 447.4)(329.9, 545.3)(286.4, 545.3)(286.4, 560.1)(240.7, 560.1)(240.7, 447.4);GATE
Port:(319.4, 453.8)(324.5, 453.8)(324.5, 537.9)(319.4, 537.9);SD
Module:M30
Boundary:(522.5, 625.7)(610.6, 625.7)(610.6, 669.4)(623.4, 669.4)(623.4, 793.8)(522.5, 793.8);GATE
Port:(535.2, 789.1)(610.7, 789.1)(610.7, 793.8)(535.2, 793.8);SD
Port:(522.5, 625.7)(610.6, 625.7)(610.6, 669.4)(623.4, 669.4)(623.4, 787.9)(522.5, 787.9);GATE
Port:(528.0, 630.2)(604.1, 630.2)(604.1, 636.7)(528.0, 636.7);SD
Module:M25
Boundary:(195.1, 978.7)(277.3, 978.7)(277.3, 979.1)(293.7, 979.1)(293.7, 1204.0)(195.1, 1204.0);GATE
Port:(208.4, 1198.9)(280.4, 1198.9)(280.4, 1204.0)(208.4, 1204.0);SD
Port:(195.1, 978.7)(277.3, 978.7)(277.3, 979.1)(293.7, 979.1)(293.7, 1197.9)(195.1, 1197.9);GATE
Port:(201.8, 984.4)(270.6, 984.4)(270.6, 988.5)(201.8, 988.5);SD
Module:M22
Boundary:(193.0, 650.5)(193.0, 735.2)(165.0, 735.2)(165.0, 750.3)(30.0, 750.3)(30.0, 650.5);GATE
Port:(30.0, 664.5)(34.7, 664.5)(34.7, 736.3)(30.0, 736.3);SD
Port:(193.0, 650.5)(193.0, 735.2)(165.0, 735.2)(165.0, 750.3)(37.2, 750.3)(37.2, 650.5);GATE
Port:(181.0, 656.6)(187.9, 656.6)(187.9, 728.1)(181.0, 728.1);SD
Module:M17
Boundary:(528.1, 464.6)(617.0, 464.6)(617.0, 465.0)(635.0, 465.0)(635.0, 575.7)(528.1, 575.7);GATE
Port:(541.7, 569.8)(621.4, 569.8)(621.4, 575.7)(541.7, 575.7);SD
Port:(528.1, 464.6)(617.0, 464.6)(617.0, 465.0)(635.0, 465.0)(635.0, 567.9)(528.1, 567.9);GATE
Port:(533.4, 468.9)(611.7, 468.9)(611.7, 475.1)(533.4, 475.1);SD
