Area:(-20.0, -20.0)(664.0, -20.0)(664.0, 579.0)(-20.0, 579.0)
Rule:GATE(5,5);SD(5,5);GATE_SD(0.5);GATE_ITO(0.5);SD_ITO(0.5)
Module:M9
Boundary:(20.0, 260.0)(167.5, 260.0)(167.5, 276.0)(183.0, 276.0)(183.0, 397.0)(20.0, 397.0);GATE
Port:(34.5, 387.0)(168.5, 387.0)(168.5, 397.0)(34.5, 397.0);SD
Port:(20.0, 260.0)(167.5, 260.0)(167.5, 276.0)(183.0, 276.0)(183.0, 382.0)(20.0, 382.0);GATE
Port:(30.0, 265.0)(153.0, 265.0)(153.0, 269.0)(30.0, 269.0);SD
Module:M5
Boundary:(603.0, 233.0)(603.0, 306.0)(447.0, 306.0)(447.0, 233.0);GATE
Port:(447.0, 247.5)(457.0, 247.5)(457.0, 291.5)(447.0, 291.5);SD
Port:(603.0, 233.0)(603.0, 306.0)(462.0, 306.0)(462.0, 233.0);GATE
Port:(594.0, 243.0)(598.0, 243.0)(598.0, 296.0)(594.0, 296.0);SD
Module:M1
Boundary:(616.0, 20.0)(616.0, 149.5)(546.8, 149.5)(546.8, 183.0)(462.0, 183.0)(462.0, 20.0);GATE
Port:(462.0, 34.5)(472.0, 34.5)(472.0, 168.5)(462.0, 168.5);SD
Port:(616.0, 20.0)(616.0, 149.5)(546.8, 149.5)(546.8, 183.0)(477.0, 183.0)(477.0, 20.0);GATE
Port:(607.0, 30.0)(611.0, 30.0)(611.0, 135.0)(607.0, 135.0);SD
Module:M6
Boundary:(20.0, 437.0)(167.5, 437.0)(167.5, 492.0)(219.0, 492.0)(219.0, 539.0)(20.0, 539.0);GATE
Port:(34.5, 529.0)(204.5, 529.0)(204.5, 539.0)(34.5, 539.0);SD
Port:(20.0, 437.0)(167.5, 437.0)(167.5, 492.0)(219.0, 492.0)(219.0, 524.0)(20.0, 524.0);GATE
Port:(30.0, 442.0)(153.0, 442.0)(153.0, 446.0)(30.0, 446.0);SD
Module:M2
Boundary:(397.0, 262.0)(397.0, 338.0)(389.0, 338.0)(389.0, 353.0)(223.0, 353.0)(223.0, 262.0);GATE
Port:(223.0, 276.5)(233.0, 276.5)(233.0, 338.5)(223.0, 338.5);SD
Port:(397.0, 262.0)(397.0, 338.0)(389.0, 338.0)(389.0, 353.0)(238.0, 353.0)(238.0, 262.0);GATE
Port:(388.0, 272.0)(392.0, 272.0)(392.0, 323.0)(388.0, 323.0);SD
Module:M10
Boundary:(305.0, 139.0)(378.0, 139.0)(378.0, 212.0)(305.0, 212.0);GATE
Port:(319.5, 202.0)(363.5, 202.0)(363.5, 212.0)(319.5, 212.0);SD
Port:(305.0, 139.0)(378.0, 139.0)(378.0, 197.0)(305.0, 197.0);GATE
Port:(315.0, 144.0)(368.0, 144.0)(368.0, 148.0)(315.0, 148.0);SD
Module:M7
Boundary:(497.0, 356.0)(608.5, 356.0)(608.5, 368.0)(624.0, 368.0)(624.0, 508.0)(497.0, 508.0);GATE
Port:(511.5, 498.0)(609.5, 498.0)(609.5, 508.0)(511.5, 508.0);SD
Port:(497.0, 356.0)(608.5, 356.0)(608.5, 368.0)(624.0, 368.0)(624.0, 493.0)(497.0, 493.0);GATE
Port:(507.0, 361.0)(594.0, 361.0)(594.0, 365.0)(507.0, 365.0);SD
Module:M3
Boundary:(20.0, 20.0)(113.5, 20.0)(113.5, 108.0)(255.0, 108.0)(255.0, 220.0)(20.0, 220.0);GATE
Port:(34.5, 210.0)(240.5, 210.0)(240.5, 220.0)(34.5, 220.0);SD
Port:(20.0, 20.0)(113.5, 20.0)(113.5, 108.0)(255.0, 108.0)(255.0, 205.0)(20.0, 205.0);GATE
Port:(30.0, 25.0)(99.0, 25.0)(99.0, 29.0)(30.0, 29.0);SD
Module:M8
Boundary:(457.0, 393.0)(457.0, 522.5)(443.0, 522.5)(443.0, 538.0)(259.0, 538.0)(259.0, 393.0);GATE
Port:(259.0, 407.5)(269.0, 407.5)(269.0, 523.5)(259.0, 523.5);SD
Port:(457.0, 393.0)(457.0, 522.5)(443.0, 522.5)(443.0, 538.0)(274.0, 538.0)(274.0, 393.0);GATE
Port:(448.0, 403.0)(452.0, 403.0)(452.0, 508.0)(448.0, 508.0);SD
Module:M4
Boundary:(295.0, 20.0)(406.5, 20.0)(406.5, 34.0)(422.0, 34.0)(422.0, 89.0)(295.0, 89.0);GATE
Port:(309.5, 79.0)(407.5, 79.0)(407.5, 89.0)(309.5, 89.0);SD
Port:(295.0, 20.0)(406.5, 20.0)(406.5, 34.0)(422.0, 34.0)(422.0, 74.0)(295.0, 74.0);GATE
Port:(305.0, 25.0)(392.0, 25.0)(392.0, 29.0)(305.0, 29.0);SD
