Area:(-20.0, -20.0)(250.5, -20.0)(250.5, 555.7)(-20.0, 555.7)
Rule:GATE(5,5);SD(5,5);GATE_SD(0.5);GATE_ITO(0.5);SD_ITO(0.5)
Module:M5
Boundary:(127.4, 20.0)(176.4, 20.0)(176.4, 20.0)(192.3, 20.0)(192.3, 107.9)(127.4, 107.9);GATE
Port:(140.2, 103.2)(179.5, 103.2)(179.5, 107.9)(140.2, 107.9);SD
Port:(127.4, 20.0)(176.4, 20.0)(176.4, 20.0)(192.3, 20.0)(192.3, 100.7)(127.4, 100.7);GATE
Port:(133.0, 24.6)(170.8, 24.6)(170.8, 30.7)(133.0, 30.7);SD
Module:M1
Boundary:(20.0, 20.0)(87.4, 20.0)(87.4, 113.4)(20.0, 113.4);GATE
Port:(33.9, 107.9)(73.5, 107.9)(73.5, 113.4)(33.9, 113.4);SD
Port:(20.0, 20.0)(87.4, 20.0)(87.4, 105.3)(20.0, 105.3);GATE
Port:(25.9, 24.9)(81.5, 24.9)(81.5, 31.8)(25.9, 31.8);SD
Module:M2
Boundary:(160.4, 153.4)(160.4, 251.6)(79.3, 251.6)(79.3, 266.4)(20.0, 266.4)(20.0, 153.4);GATE
Port:(20.0, 166.5)(24.8, 166.5)(24.8, 253.3)(20.0, 253.3);SD
Port:(160.4, 153.4)(160.4, 251.6)(79.3, 251.6)(79.3, 266.4)(27.8, 266.4)(27.8, 153.4);GATE
Port:(149.6, 159.7)(155.1, 159.7)(155.1, 244.3)(149.6, 244.3);SD
Module:M3
Boundary:(20.0, 306.4)(74.1, 306.4)(74.1, 455.6)(20.0, 455.6);GATE
Port:(34.4, 450.0)(59.7, 450.0)(59.7, 455.6)(34.4, 455.6);SD
Port:(20.0, 306.4)(74.1, 306.4)(74.1, 448.6)(20.0, 448.6);GATE
Port:(26.0, 311.4)(68.1, 311.4)(68.1, 317.8)(26.0, 317.8);SD
Module:M4
Boundary:(114.1, 306.4)(197.0, 306.4)(197.0, 397.9)(210.5, 397.9)(210.5, 515.7)(114.1, 515.7);GATE
Port:(128.0, 509.7)(196.6, 509.7)(196.6, 515.7)(128.0, 515.7);SD
Port:(114.1, 306.4)(197.0, 306.4)(197.0, 397.9)(210.5, 397.9)(210.5, 507.8)(114.1, 507.8);GATE
Port:(120.6, 311.9)(188.5, 311.9)(188.5, 318.0)(120.6, 318.0);SD
