Area:(-20.0, -20.0)(785.0, -20.0)(785.0, 1548.0)(-20.0, 1548.0)
Rule:GATE(5,5);SD(5,5);GATE_SD(0.5);GATE_ITO(0.5);SD_ITO(0.5)
Module:M14
Boundary:(97.0, 1119.0)(97.0, 1195.0)(89.0, 1195.0)(89.0, 1210.0)(20.0, 1210.0)(20.0, 1119.0);GATE
Port:(20.0, 1133.5)(30.0, 1133.5)(30.0, 1195.5)(20.0, 1195.5);SD
Port:(97.0, 1119.0)(97.0, 1195.0)(89.0, 1195.0)(89.0, 1210.0)(35.0, 1210.0)(35.0, 1119.0);GATE
Port:(88.0, 1129.0)(92.0, 1129.0)(92.0, 1180.0)(88.0, 1180.0);SD
Module:M9
Boundary:(654.0, 223.0)(730.0, 223.0)(730.0, 231.0)(745.0, 231.0)(745.0, 318.0)(654.0, 318.0);GATE
Port:(668.5, 308.0)(730.5, 308.0)(730.5, 318.0)(668.5, 318.0);SD
Port:(654.0, 223.0)(730.0, 223.0)(730.0, 231.0)(745.0, 231.0)(745.0, 303.0)(654.0, 303.0);GATE
Port:(664.0, 228.0)(715.0, 228.0)(715.0, 232.0)(664.0, 232.0);SD
Module:M5
Boundary:(745.0, 692.0)(745.0, 785.5)(735.0, 785.5)(735.0, 801.0)(638.0, 801.0)(638.0, 692.0);GATE
Port:(638.0, 706.5)(648.0, 706.5)(648.0, 786.5)(638.0, 786.5);SD
Port:(745.0, 692.0)(745.0, 785.5)(735.0, 785.5)(735.0, 801.0)(653.0, 801.0)(653.0, 692.0);GATE
Port:(736.0, 702.0)(740.0, 702.0)(740.0, 771.0)(736.0, 771.0);SD
Module:M11
Boundary:(598.0, 740.0)(598.0, 833.5)(588.0, 833.5)(588.0, 849.0)(440.0, 849.0)(440.0, 740.0);GATE
Port:(440.0, 754.5)(450.0, 754.5)(450.0, 834.5)(440.0, 834.5);SD
Port:(598.0, 740.0)(598.0, 833.5)(588.0, 833.5)(588.0, 849.0)(455.0, 849.0)(455.0, 740.0);GATE
Port:(589.0, 750.0)(593.0, 750.0)(593.0, 819.0)(589.0, 819.0);SD
Module:M1
Boundary:(153.0, 952.0)(153.0, 1063.5)(138.0, 1063.5)(138.0, 1079.0)(20.0, 1079.0)(20.0, 952.0);GATE
Port:(20.0, 966.5)(30.0, 966.5)(30.0, 1064.5)(20.0, 1064.5);SD
Port:(153.0, 952.0)(153.0, 1063.5)(138.0, 1063.5)(138.0, 1079.0)(35.0, 1079.0)(35.0, 952.0);GATE
Port:(144.0, 962.0)(148.0, 962.0)(148.0, 1049.0)(144.0, 1049.0);SD
Module:M38
Boundary:(356.0, 1390.0)(485.5, 1390.0)(485.5, 1435.7)(519.0, 1435.7)(519.0, 1497.0)(356.0, 1497.0);GATE
Port:(370.5, 1487.0)(504.5, 1487.0)(504.5, 1497.0)(370.5, 1497.0);SD
Port:(356.0, 1390.0)(485.5, 1390.0)(485.5, 1435.7)(519.0, 1435.7)(519.0, 1482.0)(356.0, 1482.0);GATE
Port:(366.0, 1395.0)(471.0, 1395.0)(471.0, 1399.0)(366.0, 1399.0);SD
Module:M40
Boundary:(382.0, 30.0)(493.5, 30.0)(493.5, 42.0)(509.0, 42.0)(509.0, 97.0)(382.0, 97.0);GATE
Port:(396.5, 87.0)(494.5, 87.0)(494.5, 97.0)(396.5, 97.0);SD
Port:(382.0, 30.0)(493.5, 30.0)(493.5, 42.0)(509.0, 42.0)(509.0, 82.0)(382.0, 82.0);GATE
Port:(392.0, 35.0)(479.0, 35.0)(479.0, 39.0)(392.0, 39.0);SD
Module:M35
Boundary:(312.0, 1136.0)(312.0, 1229.5)(302.0, 1229.5)(302.0, 1245.0)(153.0, 1245.0)(153.0, 1136.0);GATE
Port:(153.0, 1150.5)(163.0, 1150.5)(163.0, 1230.5)(153.0, 1230.5);SD
Port:(312.0, 1136.0)(312.0, 1229.5)(302.0, 1229.5)(302.0, 1245.0)(168.0, 1245.0)(168.0, 1136.0);GATE
Port:(303.0, 1146.0)(307.0, 1146.0)(307.0, 1215.0)(303.0, 1215.0);SD
Module:M32
Boundary:(161.0, 1295.0)(290.5, 1295.0)(290.5, 1309.0)(306.0, 1309.0)(306.0, 1400.0)(161.0, 1400.0);GATE
Port:(175.5, 1390.0)(291.5, 1390.0)(291.5, 1400.0)(175.5, 1400.0);SD
Port:(161.0, 1295.0)(290.5, 1295.0)(290.5, 1309.0)(306.0, 1309.0)(306.0, 1385.0)(161.0, 1385.0);GATE
Port:(171.0, 1300.0)(276.0, 1300.0)(276.0, 1304.0)(171.0, 1304.0);SD
Module:M27
Boundary:(225.0, 215.0)(336.5, 215.0)(336.5, 253.0)(370.0, 253.0)(370.0, 306.0)(225.0, 306.0);GATE
Port:(239.5, 296.0)(355.5, 296.0)(355.5, 306.0)(239.5, 306.0);SD
Port:(225.0, 215.0)(336.5, 215.0)(336.5, 253.0)(370.0, 253.0)(370.0, 291.0)(225.0, 291.0);GATE
Port:(235.0, 220.0)(322.0, 220.0)(322.0, 224.0)(235.0, 224.0);SD
Module:M24
Boundary:(121.0, 1399.0)(121.0, 1492.5)(111.0, 1492.5)(111.0, 1508.0)(20.0, 1508.0)(20.0, 1399.0);GATE
Port:(20.0, 1413.5)(30.0, 1413.5)(30.0, 1493.5)(20.0, 1493.5);SD
Port:(121.0, 1399.0)(121.0, 1492.5)(111.0, 1492.5)(111.0, 1508.0)(35.0, 1508.0)(35.0, 1399.0);GATE
Port:(112.0, 1409.0)(116.0, 1409.0)(116.0, 1478.0)(112.0, 1478.0);SD
Module:M19
Boundary:(205.0, 20.0)(298.5, 20.0)(298.5, 87.8)(332.0, 87.8)(332.0, 175.0)(205.0, 175.0);GATE
Port:(219.5, 165.0)(317.5, 165.0)(317.5, 175.0)(219.5, 175.0);SD
Port:(205.0, 20.0)(298.5, 20.0)(298.5, 87.8)(332.0, 87.8)(332.0, 160.0)(205.0, 160.0);GATE
Port:(215.0, 25.0)(284.0, 25.0)(284.0, 29.0)(215.0, 29.0);SD
Module:M6
Boundary:(20.0, 313.0)(167.5, 313.0)(167.5, 329.0)(183.0, 329.0)(183.0, 407.0)(20.0, 407.0);GATE
Port:(34.5, 397.0)(168.5, 397.0)(168.5, 407.0)(34.5, 407.0);SD
Port:(20.0, 313.0)(167.5, 313.0)(167.5, 329.0)(183.0, 329.0)(183.0, 392.0)(20.0, 392.0);GATE
Port:(30.0, 318.0)(153.0, 318.0)(153.0, 322.0)(30.0, 322.0);SD
Module:M21
Boundary:(217.0, 821.0)(217.0, 897.0)(209.0, 897.0)(209.0, 912.0)(20.0, 912.0)(20.0, 821.0);GATE
Port:(20.0, 835.5)(30.0, 835.5)(30.0, 897.5)(20.0, 897.5);SD
Port:(217.0, 821.0)(217.0, 897.0)(209.0, 897.0)(209.0, 912.0)(35.0, 912.0)(35.0, 821.0);GATE
Port:(208.0, 831.0)(212.0, 831.0)(212.0, 882.0)(208.0, 882.0);SD
Module:M2
Boundary:(729.0, 1335.0)(729.0, 1482.5)(713.0, 1482.5)(713.0, 1498.0)(579.0, 1498.0)(579.0, 1335.0);GATE
Port:(579.0, 1349.5)(589.0, 1349.5)(589.0, 1483.5)(579.0, 1483.5);SD
Port:(729.0, 1335.0)(729.0, 1482.5)(713.0, 1482.5)(713.0, 1498.0)(594.0, 1498.0)(594.0, 1335.0);GATE
Port:(720.0, 1345.0)(724.0, 1345.0)(724.0, 1468.0)(720.0, 1468.0);SD
Module:M16
Boundary:(193.0, 984.0)(340.5, 984.0)(340.5, 1037.6)(392.0, 1037.6)(392.0, 1086.0)(193.0, 1086.0);GATE
Port:(207.5, 1076.0)(377.5, 1076.0)(377.5, 1086.0)(207.5, 1086.0);SD
Port:(193.0, 984.0)(340.5, 984.0)(340.5, 1037.6)(392.0, 1037.6)(392.0, 1071.0)(193.0, 1071.0);GATE
Port:(203.0, 989.0)(326.0, 989.0)(326.0, 993.0)(203.0, 993.0);SD
Module:M13
Boundary:(432.0, 1022.0)(508.0, 1022.0)(508.0, 1030.0)(523.0, 1030.0)(523.0, 1094.0)(432.0, 1094.0);GATE
Port:(446.5, 1084.0)(508.5, 1084.0)(508.5, 1094.0)(446.5, 1094.0);SD
Port:(432.0, 1022.0)(508.0, 1022.0)(508.0, 1030.0)(523.0, 1030.0)(523.0, 1079.0)(432.0, 1079.0);GATE
Port:(442.0, 1027.0)(493.0, 1027.0)(493.0, 1031.0)(442.0, 1031.0);SD
Module:M10
Boundary:(165.0, 20.0)(165.0, 113.5)(86.5, 113.5)(86.5, 273.0)(20.0, 273.0)(20.0, 20.0);GATE
Port:(20.0, 34.5)(30.0, 34.5)(30.0, 258.5)(20.0, 258.5);SD
Port:(165.0, 20.0)(165.0, 113.5)(86.5, 113.5)(86.5, 273.0)(35.0, 273.0)(35.0, 20.0);GATE
Port:(156.0, 30.0)(160.0, 30.0)(160.0, 99.0)(156.0, 99.0);SD
Module:M37
Boundary:(444.0, 562.0)(520.0, 562.0)(520.0, 570.0)(535.0, 570.0)(535.0, 700.0)(444.0, 700.0);GATE
Port:(458.5, 690.0)(520.5, 690.0)(520.5, 700.0)(458.5, 700.0);SD
Port:(444.0, 562.0)(520.0, 562.0)(520.0, 570.0)(535.0, 570.0)(535.0, 685.0)(444.0, 685.0);GATE
Port:(454.0, 567.0)(505.0, 567.0)(505.0, 571.0)(454.0, 571.0);SD
Module:M34
Boundary:(410.0, 252.0)(483.0, 252.0)(483.0, 338.0)(410.0, 338.0);GATE
Port:(424.5, 328.0)(468.5, 328.0)(468.5, 338.0)(424.5, 338.0);SD
Port:(410.0, 252.0)(483.0, 252.0)(483.0, 323.0)(410.0, 323.0);GATE
Port:(420.0, 257.0)(473.0, 257.0)(473.0, 261.0)(420.0, 261.0);SD
Module:M29
Boundary:(732.0, 851.0)(732.0, 944.5)(722.0, 944.5)(722.0, 960.0)(648.0, 960.0)(648.0, 851.0);GATE
Port:(648.0, 865.5)(658.0, 865.5)(658.0, 945.5)(648.0, 945.5);SD
Port:(732.0, 851.0)(732.0, 944.5)(722.0, 944.5)(722.0, 960.0)(663.0, 960.0)(663.0, 851.0);GATE
Port:(723.0, 861.0)(727.0, 861.0)(727.0, 930.0)(723.0, 930.0);SD
Module:M7
Boundary:(400.0, 691.0)(400.0, 802.5)(327.1, 802.5)(327.1, 944.0)(257.0, 944.0)(257.0, 691.0);GATE
Port:(257.0, 705.5)(267.0, 705.5)(267.0, 929.5)(257.0, 929.5);SD
Port:(400.0, 691.0)(400.0, 802.5)(327.1, 802.5)(327.1, 944.0)(272.0, 944.0)(272.0, 691.0);GATE
Port:(391.0, 701.0)(395.0, 701.0)(395.0, 788.0)(391.0, 788.0);SD
Module:M31
Boundary:(161.0, 1440.0)(290.5, 1440.0)(290.5, 1454.0)(306.0, 1454.0)(306.0, 1502.0)(161.0, 1502.0);GATE
Port:(175.5, 1492.0)(291.5, 1492.0)(291.5, 1502.0)(175.5, 1502.0);SD
Port:(161.0, 1440.0)(290.5, 1440.0)(290.5, 1454.0)(306.0, 1454.0)(306.0, 1487.0)(161.0, 1487.0);GATE
Port:(171.0, 1445.0)(276.0, 1445.0)(276.0, 1449.0)(171.0, 1449.0);SD
Module:M3
Boundary:(103.0, 1250.0)(103.0, 1343.5)(93.0, 1343.5)(93.0, 1359.0)(20.0, 1359.0)(20.0, 1250.0);GATE
Port:(20.0, 1264.5)(30.0, 1264.5)(30.0, 1344.5)(20.0, 1344.5);SD
Port:(103.0, 1250.0)(103.0, 1343.5)(93.0, 1343.5)(93.0, 1359.0)(35.0, 1359.0)(35.0, 1250.0);GATE
Port:(94.0, 1260.0)(98.0, 1260.0)(98.0, 1329.0)(94.0, 1329.0);SD
Module:M26
Boundary:(585.0, 899.0)(585.0, 972.0)(450.0, 972.0)(450.0, 899.0);GATE
Port:(450.0, 913.5)(460.0, 913.5)(460.0, 957.5)(450.0, 957.5);SD
Port:(585.0, 899.0)(585.0, 972.0)(465.0, 972.0)(465.0, 899.0);GATE
Port:(576.0, 909.0)(580.0, 909.0)(580.0, 962.0)(576.0, 962.0);SD
Module:M23
Boundary:(523.0, 189.0)(599.0, 189.0)(599.0, 197.0)(614.0, 197.0)(614.0, 317.0)(523.0, 317.0);GATE
Port:(537.5, 307.0)(599.5, 307.0)(599.5, 317.0)(537.5, 317.0);SD
Port:(523.0, 189.0)(599.0, 189.0)(599.0, 197.0)(614.0, 197.0)(614.0, 302.0)(523.0, 302.0);GATE
Port:(533.0, 194.0)(584.0, 194.0)(584.0, 198.0)(533.0, 198.0);SD
Module:M18
Boundary:(729.0, 358.0)(729.0, 433.5)(663.2, 433.5)(663.2, 521.0)(541.0, 521.0)(541.0, 358.0);GATE
Port:(541.0, 372.5)(551.0, 372.5)(551.0, 506.5)(541.0, 506.5);SD
Port:(729.0, 358.0)(729.0, 433.5)(663.2, 433.5)(663.2, 521.0)(556.0, 521.0)(556.0, 358.0);GATE
Port:(720.0, 368.0)(724.0, 368.0)(724.0, 419.0)(720.0, 419.0);SD
Module:M20
Boundary:(744.0, 1158.0)(744.0, 1233.5)(692.2, 1233.5)(692.2, 1285.0)(569.0, 1285.0)(569.0, 1158.0);GATE
Port:(569.0, 1172.5)(579.0, 1172.5)(579.0, 1270.5)(569.0, 1270.5);SD
Port:(744.0, 1158.0)(744.0, 1233.5)(692.2, 1233.5)(692.2, 1285.0)(584.0, 1285.0)(584.0, 1158.0);GATE
Port:(735.0, 1168.0)(739.0, 1168.0)(739.0, 1219.0)(735.0, 1219.0);SD
Module:M15
Boundary:(20.0, 634.0)(149.5, 634.0)(149.5, 679.0)(201.0, 679.0)(201.0, 781.0)(20.0, 781.0);GATE
Port:(34.5, 771.0)(186.5, 771.0)(186.5, 781.0)(34.5, 781.0);SD
Port:(20.0, 634.0)(149.5, 634.0)(149.5, 679.0)(201.0, 679.0)(201.0, 766.0)(20.0, 766.0);GATE
Port:(30.0, 639.0)(135.0, 639.0)(135.0, 643.0)(30.0, 643.0);SD
Module:M12
Boundary:(338.0, 378.0)(431.5, 378.0)(431.5, 410.1)(501.0, 410.1)(501.0, 522.0)(338.0, 522.0);GATE
Port:(352.5, 512.0)(486.5, 512.0)(486.5, 522.0)(352.5, 522.0);SD
Port:(338.0, 378.0)(431.5, 378.0)(431.5, 410.1)(501.0, 410.1)(501.0, 507.0)(338.0, 507.0);GATE
Port:(348.0, 383.0)(417.0, 383.0)(417.0, 387.0)(348.0, 387.0);SD
Module:M39
Boundary:(744.0, 561.0)(744.0, 637.0)(736.0, 637.0)(736.0, 652.0)(575.0, 652.0)(575.0, 561.0);GATE
Port:(575.0, 575.5)(585.0, 575.5)(585.0, 637.5)(575.0, 637.5);SD
Port:(744.0, 561.0)(744.0, 637.0)(736.0, 637.0)(736.0, 652.0)(590.0, 652.0)(590.0, 561.0);GATE
Port:(735.0, 571.0)(739.0, 571.0)(739.0, 622.0)(735.0, 622.0);SD
Module:M8
Boundary:(410.0, 147.0)(483.0, 147.0)(483.0, 212.0)(410.0, 212.0);GATE
Port:(424.5, 202.0)(468.5, 202.0)(468.5, 212.0)(424.5, 212.0);SD
Port:(410.0, 147.0)(483.0, 147.0)(483.0, 197.0)(410.0, 197.0);GATE
Port:(420.0, 152.0)(473.0, 152.0)(473.0, 156.0)(420.0, 156.0);SD
Module:M4
Boundary:(362.0, 1134.0)(509.5, 1134.0)(509.5, 1150.0)(525.0, 1150.0)(525.0, 1220.0)(362.0, 1220.0);GATE
Port:(376.5, 1210.0)(510.5, 1210.0)(510.5, 1220.0)(376.5, 1220.0);SD
Port:(362.0, 1134.0)(509.5, 1134.0)(509.5, 1150.0)(525.0, 1150.0)(525.0, 1205.0)(362.0, 1205.0);GATE
Port:(372.0, 1139.0)(495.0, 1139.0)(495.0, 1143.0)(372.0, 1143.0);SD
Module:M36
Boundary:(225.0, 346.0)(298.0, 346.0)(298.0, 526.0)(225.0, 526.0);GATE
Port:(239.5, 516.0)(283.5, 516.0)(283.5, 526.0)(239.5, 526.0);SD
Port:(225.0, 346.0)(298.0, 346.0)(298.0, 511.0)(225.0, 511.0);GATE
Port:(235.0, 351.0)(288.0, 351.0)(288.0, 355.0)(235.0, 355.0);SD
Module:M33
Boundary:(741.0, 20.0)(741.0, 149.5)(731.0, 149.5)(731.0, 183.0)(679.0, 183.0)(679.0, 20.0);GATE
Port:(679.0, 34.5)(689.0, 34.5)(689.0, 168.5)(679.0, 168.5);SD
Port:(741.0, 20.0)(741.0, 149.5)(731.0, 149.5)(731.0, 183.0)(694.0, 183.0)(694.0, 20.0);GATE
Port:(732.0, 30.0)(736.0, 30.0)(736.0, 135.0)(732.0, 135.0);SD
Module:M28
Boundary:(241.0, 566.0)(370.5, 566.0)(370.5, 576.0)(404.0, 576.0)(404.0, 651.0)(241.0, 651.0);GATE
Port:(255.5, 641.0)(389.5, 641.0)(389.5, 651.0)(255.5, 651.0);SD
Port:(241.0, 566.0)(370.5, 566.0)(370.5, 576.0)(404.0, 576.0)(404.0, 636.0)(241.0, 636.0);GATE
Port:(251.0, 571.0)(356.0, 571.0)(356.0, 575.0)(251.0, 575.0);SD
Module:M30
Boundary:(629.0, 30.0)(629.0, 123.5)(616.0, 123.5)(616.0, 139.0)(569.0, 139.0)(569.0, 30.0);GATE
Port:(569.0, 44.5)(579.0, 44.5)(579.0, 124.5)(569.0, 124.5);SD
Port:(629.0, 30.0)(629.0, 123.5)(616.0, 123.5)(616.0, 139.0)(584.0, 139.0)(584.0, 30.0);GATE
Port:(620.0, 40.0)(624.0, 40.0)(624.0, 109.0)(620.0, 109.0);SD
Module:M25
Boundary:(565.0, 1022.0)(676.5, 1022.0)(676.5, 1061.2)(710.0, 1061.2)(710.0, 1118.0)(565.0, 1118.0);GATE
Port:(579.5, 1108.0)(695.5, 1108.0)(695.5, 1118.0)(579.5, 1118.0);SD
Port:(565.0, 1022.0)(676.5, 1022.0)(676.5, 1061.2)(710.0, 1061.2)(710.0, 1103.0)(565.0, 1103.0);GATE
Port:(575.0, 1027.0)(662.0, 1027.0)(662.0, 1031.0)(575.0, 1031.0);SD
Module:M22
Boundary:(30.0, 457.0)(159.5, 457.0)(159.5, 471.0)(175.0, 471.0)(175.0, 584.0)(30.0, 584.0);GATE
Port:(44.5, 574.0)(160.5, 574.0)(160.5, 584.0)(44.5, 584.0);SD
Port:(30.0, 457.0)(159.5, 457.0)(159.5, 471.0)(175.0, 471.0)(175.0, 569.0)(30.0, 569.0);GATE
Port:(40.0, 462.0)(145.0, 462.0)(145.0, 466.0)(40.0, 466.0);SD
Module:M17
Boundary:(362.0, 1260.0)(491.5, 1260.0)(491.5, 1294.0)(525.0, 1294.0)(525.0, 1340.0)(362.0, 1340.0);GATE
Port:(376.5, 1330.0)(510.5, 1330.0)(510.5, 1340.0)(376.5, 1340.0);SD
Port:(362.0, 1260.0)(491.5, 1260.0)(491.5, 1294.0)(525.0, 1294.0)(525.0, 1325.0)(362.0, 1325.0);GATE
Port:(372.0, 1265.0)(477.0, 1265.0)(477.0, 1269.0)(372.0, 1269.0);SD
