Area:(-20.0, -20.0)(692.4, -20.0)(692.4, 1709.2)(-20.0, 1709.2)
Rule:GATE(5,5);SD(5,5);GATE_SD(0.5);GATE_ITO(0.5);SD_ITO(0.5)
Module:M14
Boundary:(389.4, 1107.7)(389.4, 1169.8)(361.3, 1169.8)(361.3, 1183.9)(269.6, 1183.9)(269.6, 1107.7);GATE
Port:(269.6, 1119.9)(275.0, 1119.9)(275.0, 1171.7)(269.6, 1171.7);SD
Port:(389.4, 1107.7)(389.4, 1169.8)(361.3, 1169.8)(361.3, 1183.9)(277.4, 1183.9)(277.4, 1107.7);GATE
Port:(379.9, 1113.8)(384.3, 1113.8)(384.3, 1162.7)(379.9, 1162.7);SD
Module:M9
Boundary:(544.5, 923.8)(544.5, 998.1)(430.2, 998.1)(430.2, 923.8);GATE
Port:(430.2, 940.4)(434.4, 940.4)(434.4, 981.5)(430.2, 981.5);SD
Port:(544.5, 923.8)(544.5, 998.1)(435.6, 998.1)(435.6, 923.8);GATE
Port:(530.8, 930.8)(538.5, 930.8)(538.5, 991.1)(530.8, 991.1);SD
Module:M5
Boundary:(521.5, 794.9)(521.5, 866.1)(521.2, 866.1)(521.2, 883.8)(330.1, 883.8)(330.1, 794.9);GATE
Port:(330.1, 809.1)(335.7, 809.1)(335.7, 869.6)(330.1, 869.6);SD
Port:(521.5, 794.9)(521.5, 866.1)(521.2, 866.1)(521.2, 883.8)(336.8, 883.8)(336.8, 794.9);GATE
Port:(510.7, 801.6)(515.8, 801.6)(515.8, 859.4)(510.7, 859.4);SD
Module:M11
Boundary:(229.6, 1117.1)(229.6, 1164.9)(229.5, 1164.9)(229.5, 1181.0)(127.0, 1181.0)(127.0, 1117.1);GATE
Port:(127.0, 1129.3)(131.5, 1129.3)(131.5, 1168.8)(127.0, 1168.8);SD
Port:(229.6, 1117.1)(229.6, 1164.9)(229.5, 1164.9)(229.5, 1181.0)(134.2, 1181.0)(134.2, 1117.1);GATE
Port:(219.9, 1123.0)(224.7, 1123.0)(224.7, 1159.0)(219.9, 1159.0);SD
Module:M1
Boundary:(127.0, 929.5)(226.0, 929.5)(226.0, 1077.1)(127.0, 1077.1);GATE
Port:(141.7, 1072.7)(211.3, 1072.7)(211.3, 1077.1)(141.7, 1077.1);SD
Port:(127.0, 929.5)(226.0, 929.5)(226.0, 1070.1)(127.0, 1070.1);GATE
Port:(133.5, 935.0)(219.5, 935.0)(219.5, 941.4)(133.5, 941.4);SD
Module:M43
Boundary:(20.0, 737.2)(106.4, 737.2)(106.4, 737.2)(123.4, 737.2)(123.4, 874.7)(20.0, 874.7);GATE
Port:(34.3, 869.9)(109.1, 869.9)(109.1, 874.7)(34.3, 874.7);SD
Port:(20.0, 737.2)(106.4, 737.2)(106.4, 737.2)(123.4, 737.2)(123.4, 868.7)(20.0, 868.7);GATE
Port:(25.3, 741.5)(101.1, 741.5)(101.1, 748.5)(25.3, 748.5);SD
Module:M38
Boundary:(20.0, 20.0)(85.0, 20.0)(85.0, 132.6)(98.5, 132.6)(98.5, 231.8)(20.0, 231.8);GATE
Port:(34.2, 227.5)(84.3, 227.5)(84.3, 231.8)(34.2, 231.8);SD
Port:(20.0, 20.0)(85.0, 20.0)(85.0, 132.6)(98.5, 132.6)(98.5, 226.3)(20.0, 226.3);GATE
Port:(26.7, 25.7)(77.3, 25.7)(77.3, 32.6)(26.7, 32.6);SD
Module:M40
Boundary:(383.6, 253.6)(488.6, 253.6)(488.6, 283.6)(504.4, 283.6)(504.4, 328.6)(383.6, 328.6);GATE
Port:(398.4, 323.8)(489.6, 323.8)(489.6, 328.6)(398.4, 328.6);SD
Port:(383.6, 253.6)(488.6, 253.6)(488.6, 283.6)(504.4, 283.6)(504.4, 322.0)(383.6, 322.0);GATE
Port:(390.1, 259.1)(481.1, 259.1)(481.1, 265.5)(390.1, 265.5);SD
Module:M35
Boundary:(454.2, 618.5)(515.2, 618.5)(515.2, 618.5)(530.1, 618.5)(530.1, 754.9)(454.2, 754.9);GATE
Port:(466.1, 748.9)(518.2, 748.9)(518.2, 754.9)(466.1, 754.9);SD
Port:(454.2, 618.5)(515.2, 618.5)(515.2, 618.5)(530.1, 618.5)(530.1, 747.2)(454.2, 747.2);GATE
Port:(459.5, 622.8)(509.9, 622.8)(509.9, 628.6)(459.5, 628.6);SD
Module:M32
Boundary:(415.6, 30.0)(479.7, 30.0)(479.7, 71.6)(493.8, 71.6)(493.8, 193.6)(415.6, 193.6);GATE
Port:(428.8, 188.1)(480.6, 188.1)(480.6, 193.6)(428.8, 193.6);SD
Port:(415.6, 30.0)(479.7, 30.0)(479.7, 71.6)(493.8, 71.6)(493.8, 185.9)(415.6, 185.9);GATE
Port:(422.1, 35.5)(472.2, 35.5)(472.2, 40.8)(422.1, 40.8);SD
Module:M27
Boundary:(330.1, 618.5)(414.2, 618.5)(414.2, 753.7)(330.1, 753.7);GATE
Port:(341.5, 748.9)(402.8, 748.9)(402.8, 753.7)(341.5, 753.7);SD
Port:(330.1, 618.5)(414.2, 618.5)(414.2, 747.3)(330.1, 747.3);GATE
Port:(335.2, 622.6)(409.1, 622.6)(409.1, 628.4)(335.2, 628.4);SD
Module:M24
Boundary:(554.4, 201.9)(632.5, 201.9)(632.5, 247.2)(646.0, 247.2)(646.0, 340.4)(554.4, 340.4);GATE
Port:(568.1, 335.2)(632.3, 335.2)(632.3, 340.4)(568.1, 340.4);SD
Port:(554.4, 201.9)(632.5, 201.9)(632.5, 247.2)(646.0, 247.2)(646.0, 333.4)(554.4, 333.4);GATE
Port:(561.0, 207.5)(624.9, 207.5)(624.9, 213.2)(561.0, 213.2);SD
Module:M19
Boundary:(469.7, 1581.5)(469.7, 1655.3)(328.9, 1655.3)(328.9, 1581.5);GATE
Port:(328.9, 1596.2)(334.3, 1596.2)(334.3, 1640.6)(328.9, 1640.6);SD
Port:(469.7, 1581.5)(469.7, 1655.3)(336.1, 1655.3)(336.1, 1581.5);GATE
Port:(457.7, 1588.4)(463.8, 1588.4)(463.8, 1648.4)(457.7, 1648.4);SD
Module:M6
Boundary:(574.9, 1055.8)(636.1, 1055.8)(636.1, 1159.2)(649.7, 1159.2)(649.7, 1225.8)(574.9, 1225.8);GATE
Port:(587.3, 1220.9)(637.3, 1220.9)(637.3, 1225.8)(587.3, 1225.8);SD
Port:(574.9, 1055.8)(636.1, 1055.8)(636.1, 1159.2)(649.7, 1159.2)(649.7, 1219.5)(574.9, 1219.5);GATE
Port:(580.1, 1060.0)(629.9, 1060.0)(629.9, 1065.8)(580.1, 1065.8);SD
Module:M21
Boundary:(430.2, 1147.4)(517.6, 1147.4)(517.6, 1147.5)(534.5, 1147.5)(534.5, 1223.9)(430.2, 1223.9);GATE
Port:(445.4, 1219.2)(519.3, 1219.2)(519.3, 1223.9)(445.4, 1223.9);SD
Port:(430.2, 1147.4)(517.6, 1147.4)(517.6, 1147.5)(534.5, 1147.5)(534.5, 1217.9)(430.2, 1217.9);GATE
Port:(436.7, 1152.9)(511.1, 1152.9)(511.1, 1159.1)(436.7, 1159.1);SD
Module:M2
Boundary:(163.4, 723.9)(272.1, 723.9)(272.1, 807.7)(289.0, 807.7)(289.0, 889.5)(163.4, 889.5);GATE
Port:(177.8, 883.6)(274.6, 883.6)(274.6, 889.5)(177.8, 889.5);SD
Port:(163.4, 723.9)(272.1, 723.9)(272.1, 807.7)(289.0, 807.7)(289.0, 881.0)(163.4, 881.0);GATE
Port:(170.0, 729.5)(264.5, 729.5)(264.5, 735.1)(170.0, 735.1);SD
Module:M16
Boundary:(573.0, 488.0)(652.4, 488.0)(652.4, 685.4)(573.0, 685.4);GATE
Port:(586.6, 680.6)(638.8, 680.6)(638.8, 685.4)(586.6, 685.4);SD
Port:(573.0, 488.0)(652.4, 488.0)(652.4, 679.4)(573.0, 679.4);GATE
Port:(579.7, 493.7)(645.7, 493.7)(645.7, 499.3)(579.7, 499.3);SD
Module:M13
Boundary:(649.7, 1572.4)(649.7, 1653.3)(649.2, 1653.3)(649.2, 1669.2)(519.7, 1669.2)(519.7, 1572.4);GATE
Port:(519.7, 1585.8)(524.3, 1585.8)(524.3, 1655.8)(519.7, 1655.8);SD
Port:(649.7, 1572.4)(649.7, 1653.3)(649.2, 1653.3)(649.2, 1669.2)(525.7, 1669.2)(525.7, 1572.4);GATE
Port:(639.0, 1577.8)(645.3, 1577.8)(645.3, 1647.9)(639.0, 1647.9);SD
Module:M45
Boundary:(533.0, 497.5)(533.0, 561.7)(532.9, 561.7)(532.9, 578.5)(373.6, 578.5)(373.6, 497.5);GATE
Port:(373.6, 508.9)(377.7, 508.9)(377.7, 567.1)(373.6, 567.1);SD
Port:(533.0, 497.5)(533.0, 561.7)(532.9, 561.7)(532.9, 578.5)(379.7, 578.5)(379.7, 497.5);GATE
Port:(524.5, 502.6)(528.9, 502.6)(528.9, 556.6)(524.5, 556.6);SD
Module:M10
Boundary:(333.6, 426.1)(333.6, 511.2)(230.2, 511.2)(230.2, 526.5)(161.9, 526.5)(161.9, 426.1);GATE
Port:(161.9, 439.8)(166.4, 439.8)(166.4, 512.8)(161.9, 512.8);SD
Port:(333.6, 426.1)(333.6, 511.2)(230.2, 511.2)(230.2, 526.5)(168.5, 526.5)(168.5, 426.1);GATE
Port:(321.7, 432.2)(328.5, 432.2)(328.5, 504.1)(321.7, 504.1);SD
Module:M42
Boundary:(20.0, 914.7)(71.6, 914.7)(71.6, 958.1)(87.0, 958.1)(87.0, 1084.7)(20.0, 1084.7);GATE
Port:(33.7, 1079.7)(73.3, 1079.7)(73.3, 1084.7)(33.7, 1084.7);SD
Port:(20.0, 914.7)(71.6, 914.7)(71.6, 958.1)(87.0, 958.1)(87.0, 1077.7)(20.0, 1077.7);GATE
Port:(25.9, 919.6)(64.7, 919.6)(64.7, 925.3)(25.9, 925.3);SD
Module:M37
Boundary:(584.5, 894.1)(648.8, 894.1)(648.8, 1015.8)(584.5, 1015.8);GATE
Port:(597.6, 1010.4)(635.7, 1010.4)(635.7, 1015.8)(597.6, 1015.8);SD
Port:(584.5, 894.1)(648.8, 894.1)(648.8, 1008.3)(584.5, 1008.3);GATE
Port:(589.9, 898.5)(643.4, 898.5)(643.4, 904.6)(589.9, 904.6);SD
Module:M34
Boundary:(269.4, 1223.9)(269.4, 1276.5)(222.2, 1276.5)(222.2, 1292.4)(127.0, 1292.4)(127.0, 1223.9);GATE
Port:(127.0, 1237.6)(132.5, 1237.6)(132.5, 1278.7)(127.0, 1278.7);SD
Port:(269.4, 1223.9)(269.4, 1276.5)(222.2, 1276.5)(222.2, 1292.4)(134.3, 1292.4)(134.3, 1223.9);GATE
Port:(258.9, 1229.8)(264.5, 1229.8)(264.5, 1269.6)(258.9, 1269.6);SD
Module:M29
Boundary:(638.4, 380.4)(638.4, 430.4)(638.4, 430.4)(638.4, 448.0)(535.9, 448.0)(535.9, 380.4);GATE
Port:(535.9, 393.2)(541.0, 393.2)(541.0, 435.2)(535.9, 435.2);SD
Port:(638.4, 380.4)(638.4, 430.4)(638.4, 430.4)(638.4, 448.0)(543.3, 448.0)(543.3, 380.4);GATE
Port:(629.0, 385.4)(634.4, 385.4)(634.4, 425.4)(629.0, 425.4);SD
Module:M7
Boundary:(365.6, 20.0)(365.6, 111.7)(138.5, 111.7)(138.5, 20.0);GATE
Port:(138.5, 33.4)(143.9, 33.4)(143.9, 98.3)(138.5, 98.3);SD
Port:(365.6, 20.0)(365.6, 111.7)(145.5, 111.7)(145.5, 20.0);GATE
Port:(354.3, 25.1)(361.5, 25.1)(361.5, 106.6)(354.3, 106.6);SD
Module:M31
Boundary:(642.9, 1265.8)(642.9, 1397.3)(491.0, 1397.3)(491.0, 1265.8);GATE
Port:(491.0, 1281.1)(496.8, 1281.1)(496.8, 1382.0)(491.0, 1382.0);SD
Port:(642.9, 1265.8)(642.9, 1397.3)(499.5, 1397.3)(499.5, 1265.8);GATE
Port:(630.5, 1272.2)(637.5, 1272.2)(637.5, 1390.9)(630.5, 1390.9);SD
Module:M3
Boundary:(261.9, 269.9)(312.9, 269.9)(312.9, 270.1)(329.3, 270.1)(329.3, 378.0)(261.9, 378.0);GATE
Port:(275.8, 372.6)(315.4, 372.6)(315.4, 378.0)(275.8, 378.0);SD
Port:(261.9, 269.9)(312.9, 269.9)(312.9, 270.1)(329.3, 270.1)(329.3, 370.6)(261.9, 370.6);GATE
Port:(268.9, 275.9)(305.9, 275.9)(305.9, 281.0)(268.9, 281.0);SD
Module:M26
Boundary:(30.0, 547.5)(97.3, 547.5)(97.3, 604.0)(111.9, 604.0)(111.9, 687.2)(30.0, 687.2);GATE
Port:(44.4, 682.3)(97.5, 682.3)(97.5, 687.2)(44.4, 687.2);SD
Port:(30.0, 547.5)(97.3, 547.5)(97.3, 604.0)(111.9, 604.0)(111.9, 679.5)(30.0, 679.5);GATE
Port:(35.4, 551.9)(90.9, 551.9)(90.9, 559.7)(35.4, 559.7);SD
Module:M23
Boundary:(543.8, 20.0)(632.7, 20.0)(632.7, 20.1)(650.7, 20.1)(650.7, 161.9)(543.8, 161.9);GATE
Port:(557.3, 156.9)(637.2, 156.9)(637.2, 161.9)(557.3, 161.9);SD
Port:(543.8, 20.0)(632.7, 20.0)(632.7, 20.1)(650.7, 20.1)(650.7, 154.0)(543.8, 154.0);GATE
Port:(549.4, 24.6)(627.1, 24.6)(627.1, 30.4)(549.4, 30.4);SD
Module:M18
Boundary:(580.1, 735.4)(627.8, 735.4)(627.8, 743.9)(642.0, 743.9)(642.0, 844.1)(580.1, 844.1);GATE
Port:(592.6, 839.7)(629.5, 839.7)(629.5, 844.1)(592.6, 844.1);SD
Port:(580.1, 735.4)(627.8, 735.4)(627.8, 743.9)(642.0, 743.9)(642.0, 837.6)(580.1, 837.6);GATE
Port:(585.3, 739.6)(621.6, 739.6)(621.6, 745.8)(585.3, 745.8);SD
Module:M20
Boundary:(495.1, 1437.3)(495.1, 1514.1)(418.9, 1514.1)(418.9, 1531.5)(318.9, 1531.5)(318.9, 1437.3);GATE
Port:(318.9, 1452.8)(323.4, 1452.8)(323.4, 1516.0)(318.9, 1516.0);SD
Port:(495.1, 1437.3)(495.1, 1514.1)(418.9, 1514.1)(418.9, 1531.5)(325.5, 1531.5)(325.5, 1437.3);GATE
Port:(482.9, 1444.1)(489.3, 1444.1)(489.3, 1506.3)(482.9, 1506.3);SD
Module:M15
Boundary:(534.9, 1038.1)(534.9, 1093.6)(534.7, 1093.6)(534.7, 1107.4)(430.2, 1107.4)(430.2, 1038.1);GATE
Port:(430.2, 1048.5)(434.4, 1048.5)(434.4, 1097.0)(430.2, 1097.0);SD
Port:(534.9, 1038.1)(534.9, 1093.6)(534.7, 1093.6)(534.7, 1107.4)(436.0, 1107.4)(436.0, 1038.1);GATE
Port:(526.2, 1043.3)(530.7, 1043.3)(530.7, 1088.4)(526.2, 1088.4);SD
Module:M12
Boundary:(134.7, 1348.0)(134.7, 1400.6)(99.6, 1400.6)(99.6, 1416.1)(20.0, 1416.1)(20.0, 1348.0);GATE
Port:(20.0, 1362.4)(24.9, 1362.4)(24.9, 1401.7)(20.0, 1401.7);SD
Port:(134.7, 1348.0)(134.7, 1400.6)(99.6, 1400.6)(99.6, 1416.1)(27.1, 1416.1)(27.1, 1348.0);GATE
Port:(123.2, 1354.8)(128.9, 1354.8)(128.9, 1392.8)(123.2, 1392.8);SD
Module:M44
Boundary:(166.6, 1485.8)(259.6, 1485.8)(259.6, 1563.0)(276.3, 1563.0)(276.3, 1669.2)(166.6, 1669.2);GATE
Port:(182.7, 1663.4)(260.2, 1663.4)(260.2, 1669.2)(182.7, 1669.2);SD
Port:(166.6, 1485.8)(259.6, 1485.8)(259.6, 1563.0)(276.3, 1563.0)(276.3, 1660.8)(166.6, 1660.8);GATE
Port:(173.5, 1491.7)(251.7, 1491.7)(251.7, 1498.7)(173.5, 1498.7);SD
Module:M39
Boundary:(30.0, 1466.1)(99.7, 1466.1)(99.7, 1466.3)(116.6, 1466.3)(116.6, 1664.7)(30.0, 1664.7);GATE
Port:(44.8, 1658.9)(101.8, 1658.9)(101.8, 1664.7)(44.8, 1664.7);SD
Port:(30.0, 1466.1)(99.7, 1466.1)(99.7, 1466.3)(116.6, 1466.3)(116.6, 1657.2)(30.0, 1657.2);GATE
Port:(37.0, 1472.1)(92.7, 1472.1)(92.7, 1477.6)(37.0, 1477.6);SD
Module:M8
Boundary:(495.9, 378.6)(495.9, 443.6)(477.0, 443.6)(477.0, 457.5)(373.6, 457.5)(373.6, 378.6);GATE
Port:(373.6, 392.3)(378.5, 392.3)(378.5, 443.8)(373.6, 443.8);SD
Port:(495.9, 378.6)(495.9, 443.6)(477.0, 443.6)(477.0, 457.5)(381.0, 457.5)(381.0, 378.6);GATE
Port:(483.9, 384.7)(490.8, 384.7)(490.8, 436.5)(483.9, 436.5);SD
Module:M41
Boundary:(535.1, 1437.3)(623.2, 1437.3)(623.2, 1437.4)(640.6, 1437.4)(640.6, 1532.4)(535.1, 1532.4);GATE
Port:(549.4, 1526.9)(626.3, 1526.9)(626.3, 1532.4)(549.4, 1532.4);SD
Port:(535.1, 1437.3)(623.2, 1437.3)(623.2, 1437.4)(640.6, 1437.4)(640.6, 1524.4)(535.1, 1524.4);GATE
Port:(541.7, 1442.9)(616.6, 1442.9)(616.6, 1448.6)(541.7, 1448.6);SD
Module:M4
Boundary:(138.4, 271.8)(206.9, 271.8)(206.9, 324.7)(221.9, 324.7)(221.9, 386.1)(138.4, 386.1);GATE
Port:(152.7, 381.1)(207.6, 381.1)(207.6, 386.1)(152.7, 386.1);SD
Port:(138.4, 271.8)(206.9, 271.8)(206.9, 324.7)(221.9, 324.7)(221.9, 379.2)(138.4, 379.2);GATE
Port:(145.1, 277.5)(199.2, 277.5)(199.2, 283.1)(145.1, 283.1);SD
Module:M36
Boundary:(20.0, 271.8)(83.9, 271.8)(83.9, 373.0)(98.4, 373.0)(98.4, 497.5)(20.0, 497.5);GATE
Port:(32.8, 492.3)(85.6, 492.3)(85.6, 497.5)(32.8, 497.5);SD
Port:(20.0, 271.8)(83.9, 271.8)(83.9, 373.0)(98.4, 373.0)(98.4, 490.7)(20.0, 490.7);GATE
Port:(25.1, 275.9)(77.8, 275.9)(77.8, 282.2)(25.1, 282.2);SD
Module:M33
Boundary:(290.1, 566.5)(290.1, 683.9)(161.9, 683.9)(161.9, 566.5);GATE
Port:(161.9, 580.1)(166.4, 580.1)(166.4, 670.3)(161.9, 670.3);SD
Port:(290.1, 566.5)(290.1, 683.9)(169.1, 683.9)(169.1, 566.5);GATE
Port:(279.5, 572.8)(284.8, 572.8)(284.8, 677.6)(279.5, 677.6);SD
Module:M28
Boundary:(20.0, 1124.7)(69.4, 1124.7)(69.4, 1171.6)(83.8, 1171.6)(83.8, 1308.0)(20.0, 1308.0);GATE
Port:(32.8, 1302.1)(71.0, 1302.1)(71.0, 1308.0)(32.8, 1308.0);SD
Port:(20.0, 1124.7)(69.4, 1124.7)(69.4, 1171.6)(83.8, 1171.6)(83.8, 1299.6)(20.0, 1299.6);GATE
Port:(26.5, 1130.2)(61.9, 1130.2)(61.9, 1135.6)(26.5, 1135.6);SD
Module:M30
Boundary:(324.8, 151.7)(324.8, 215.8)(243.2, 215.8)(243.2, 229.9)(138.5, 229.9)(138.5, 151.7);GATE
Port:(138.5, 165.1)(142.6, 165.1)(142.6, 216.5)(138.5, 216.5);SD
Port:(324.8, 151.7)(324.8, 215.8)(243.2, 215.8)(243.2, 229.9)(144.2, 229.9)(144.2, 151.7);GATE
Port:(313.8, 157.2)(320.3, 157.2)(320.3, 209.3)(313.8, 209.3);SD
Module:M25
Boundary:(451.0, 1263.9)(451.0, 1373.8)(450.8, 1373.8)(450.8, 1392.1)(318.9, 1392.1)(318.9, 1263.9);GATE
Port:(318.9, 1278.6)(324.0, 1278.6)(324.0, 1377.4)(318.9, 1377.4);SD
Port:(451.0, 1263.9)(451.0, 1373.8)(450.8, 1373.8)(450.8, 1392.1)(325.5, 1392.1)(325.5, 1263.9);GATE
Port:(439.7, 1270.1)(445.8, 1270.1)(445.8, 1367.6)(439.7, 1367.6);SD
Module:M22
Boundary:(174.7, 1332.4)(263.0, 1332.4)(263.0, 1367.1)(278.9, 1367.1)(278.9, 1445.8)(174.7, 1445.8);GATE
Port:(189.2, 1440.8)(264.4, 1440.8)(264.4, 1445.8)(189.2, 1445.8);SD
Port:(174.7, 1332.4)(263.0, 1332.4)(263.0, 1367.1)(278.9, 1367.1)(278.9, 1438.6)(174.7, 1438.6);GATE
Port:(181.7, 1338.4)(255.0, 1338.4)(255.0, 1344.1)(181.7, 1344.1);SD
Module:M17
Boundary:(276.0, 939.5)(365.6, 939.5)(365.6, 940.0)(380.2, 940.0)(380.2, 1057.7)(276.0, 1057.7);GATE
Port:(288.5, 1053.2)(367.7, 1053.2)(367.7, 1057.7)(288.5, 1057.7);SD
Port:(276.0, 939.5)(365.6, 939.5)(365.6, 940.0)(380.2, 940.0)(380.2, 1052.2)(276.0, 1052.2);GATE
Port:(281.3, 943.8)(360.3, 943.8)(360.3, 949.6)(281.3, 949.6);SD
