Area:(-17.8, -3.2)(423.9, -3.2)(423.9, 1076.6)(-17.8, 1076.6)
Rule:GATE(5,5);SD(5,5);GATE_SD(0.5);GATE_ITO(0.5);SD_ITO(0.5)
Module:M10
Boundary:(332.9, 37.4)(264.1, 37.4)(264.1, 49.0)(248.4, 49.0)(248.4, 120.2)(332.9, 120.2);GATE
Port:(262.6, 114.9)(318.7, 114.9)(318.7, 120.2)(262.6, 120.2);SD
Port:(332.9, 37.4)(264.1, 37.4)(264.1, 49.0)(248.4, 49.0)(248.4, 111.9)(332.9, 111.9);GATE
Port:(270.1, 41.4)(327.9, 41.4)(327.9, 48.7)(270.1, 48.7);SD
Module:M6
Boundary:(237.8, 36.8)(156.7, 36.8)(156.7, 54.6)(141.6, 54.6)(141.6, 239.9)(237.8, 239.9);GATE
Port:(154.0, 234.1)(225.4, 234.1)(225.4, 239.9)(154.0, 239.9);SD
Port:(237.8, 36.8)(156.7, 36.8)(156.7, 54.6)(141.6, 54.6)(141.6, 232.9)(237.8, 232.9);GATE
Port:(162.8, 40.9)(232.7, 40.9)(232.7, 46.8)(162.8, 46.8);SD
Module:M14
Boundary:(109.8, 104.3)(61.3, 104.3)(61.3, 191.0)(47.2, 191.0)(47.2, 302.1)(109.8, 302.1);GATE
Port:(59.5, 296.6)(97.5, 296.6)(97.5, 302.1)(59.5, 302.1);SD
Port:(109.8, 104.3)(61.3, 104.3)(61.3, 191.0)(47.2, 191.0)(47.2, 294.4)(109.8, 294.4);GATE
Port:(68.9, 109.9)(103.2, 109.9)(103.2, 114.7)(68.9, 114.7);SD
Module:M9
Boundary:(370.7, 254.5)(246.3, 254.5)(246.3, 161.4)(370.7, 161.4);GATE
Port:(261.5, 161.4)(355.5, 161.4)(355.5, 167.3)(261.5, 167.3);SD
Port:(370.7, 254.5)(246.3, 254.5)(246.3, 169.8)(370.7, 169.8);GATE
Port:(252.4, 242.3)(364.6, 242.3)(364.6, 249.4)(252.4, 249.4);SD
Module:M8
Boundary:(237.9, 275.9)(237.9, 373.5)(248.2, 373.5)(248.2, 388.3)(365.9, 388.3)(365.9, 275.9);GATE
Port:(361.4, 289.5)(365.9, 289.5)(365.9, 374.7)(361.4, 374.7);SD
Port:(237.9, 275.9)(237.9, 373.5)(248.2, 373.5)(248.2, 388.3)(359.5, 388.3)(359.5, 275.9);GATE
Port:(242.9, 281.9)(249.2, 281.9)(249.2, 366.5)(242.9, 366.5);SD
Module:M1
Boundary:(158.7, 336.8)(232.7, 336.8)(232.7, 518.9)(158.7, 518.9);GATE
Port:(172.1, 513.5)(219.3, 513.5)(219.3, 518.9)(172.1, 518.9);SD
Port:(158.7, 336.8)(232.7, 336.8)(232.7, 512.2)(158.7, 512.2);GATE
Port:(165.6, 342.7)(225.8, 342.7)(225.8, 348.6)(165.6, 348.6);SD
Module:M3
Boundary:(22.2, 491.6)(103.5, 491.6)(103.5, 302.2)(22.2, 302.2);GATE
Port:(35.7, 302.2)(90.0, 302.2)(90.0, 307.7)(35.7, 307.7);SD
Port:(22.2, 491.6)(103.5, 491.6)(103.5, 309.6)(22.2, 309.6);GATE
Port:(27.8, 480.5)(97.9, 480.5)(97.9, 487.0)(27.8, 487.0);SD
Module:M12
Boundary:(277.2, 596.1)(277.2, 548.3)(252.2, 548.3)(252.2, 535.2)(129.5, 535.2)(129.5, 596.1);GATE
Port:(129.5, 548.3)(134.0, 548.3)(134.0, 583.0)(129.5, 583.0);SD
Port:(277.2, 596.1)(277.2, 548.3)(252.2, 548.3)(252.2, 535.2)(135.6, 535.2)(135.6, 596.1);GATE
Port:(266.1, 555.0)(272.5, 555.0)(272.5, 590.4)(266.1, 590.4);SD
Module:M15
Boundary:(379.6, 428.0)(321.5, 428.0)(321.5, 428.3)(303.3, 428.3)(303.3, 588.0)(379.6, 588.0);GATE
Port:(319.3, 582.1)(363.6, 582.1)(363.6, 588.0)(319.3, 588.0);SD
Port:(379.6, 428.0)(321.5, 428.0)(321.5, 428.3)(303.3, 428.3)(303.3, 580.1)(379.6, 580.1);GATE
Port:(328.5, 434.0)(372.6, 434.0)(372.6, 441.2)(328.5, 441.2);SD
Module:M2
Boundary:(24.1, 600.0)(77.0, 600.0)(77.0, 578.2)(92.9, 578.2)(92.9, 504.1)(24.1, 504.1);GATE
Port:(37.8, 504.1)(79.2, 504.1)(79.2, 509.9)(37.8, 509.9);SD
Port:(24.1, 600.0)(77.0, 600.0)(77.0, 578.2)(92.9, 578.2)(92.9, 511.3)(24.1, 511.3);GATE
Port:(29.9, 589.3)(70.2, 589.3)(70.2, 595.2)(29.9, 595.2);SD
Module:M16
Boundary:(250.5, 599.9)(353.5, 599.9)(353.5, 696.9)(369.5, 696.9)(369.5, 762.0)(250.5, 762.0);GATE
Port:(263.6, 757.5)(356.4, 757.5)(356.4, 762.0)(263.6, 762.0);SD
Port:(250.5, 599.9)(353.5, 599.9)(353.5, 696.9)(369.5, 696.9)(369.5, 754.5)(250.5, 754.5);GATE
Port:(255.5, 603.9)(347.5, 603.9)(347.5, 610.1)(255.5, 610.1);SD
Module:M4
Boundary:(242.5, 608.1)(145.5, 608.1)(145.5, 727.1)(130.2, 727.1)(130.2, 829.9)(242.5, 829.9);GATE
Port:(142.1, 825.2)(230.6, 825.2)(230.6, 829.9)(142.1, 829.9);SD
Port:(242.5, 608.1)(145.5, 608.1)(145.5, 727.1)(130.2, 727.1)(130.2, 823.3)(242.5, 823.3);GATE
Port:(151.7, 612.3)(237.3, 612.3)(237.3, 617.0)(151.7, 617.0);SD
Module:M7
Boundary:(99.4, 643.1)(42.7, 643.1)(42.7, 643.4)(29.9, 643.4)(29.9, 850.8)(99.4, 850.8);GATE
Port:(42.2, 845.1)(87.1, 845.1)(87.1, 850.8)(42.2, 850.8);SD
Port:(99.4, 643.1)(42.7, 643.1)(42.7, 643.4)(29.9, 643.4)(29.9, 842.6)(99.4, 842.6);GATE
Port:(48.8, 648.2)(93.3, 648.2)(93.3, 653.8)(48.8, 653.8);SD
Module:M13
Boundary:(130.3, 1012.5)(228.3, 1012.5)(228.3, 844.1)(130.3, 844.1);GATE
Port:(143.9, 844.1)(214.7, 844.1)(214.7, 848.3)(143.9, 848.3);SD
Port:(130.3, 1012.5)(228.3, 1012.5)(228.3, 850.2)(130.3, 850.2);GATE
Port:(136.9, 1001.3)(221.7, 1001.3)(221.7, 1006.9)(136.9, 1006.9);SD
Module:M5
Boundary:(129.8, 879.6)(60.7, 879.6)(60.7, 880.0)(44.0, 880.0)(44.0, 1028.7)(129.8, 1028.7);GATE
Port:(58.4, 1023.7)(115.4, 1023.7)(115.4, 1028.7)(58.4, 1028.7);SD
Port:(129.8, 879.6)(60.7, 879.6)(60.7, 880.0)(44.0, 880.0)(44.0, 1021.2)(129.8, 1021.2);GATE
Port:(66.7, 884.6)(123.8, 884.6)(123.8, 891.3)(66.7, 891.3);SD
Module:M11
Boundary:(383.9, 826.7)(281.9, 826.7)(281.9, 826.9)(265.4, 826.9)(265.4, 1036.6)(383.9, 1036.6);GATE
Port:(279.6, 1032.3)(369.7, 1032.3)(369.7, 1036.6)(279.6, 1036.6);SD
Port:(383.9, 826.7)(281.9, 826.7)(281.9, 826.9)(265.4, 826.9)(265.4, 1029.4)(383.9, 1029.4);GATE
Port:(288.5, 832.3)(377.3, 832.3)(377.3, 838.4)(288.5, 838.4);SD
