Area:(-20.0, -10.4)(557.0, -10.4)(557.0, 1323.4)(-20.0, 1323.4)
Rule:GATE(5,5);SD(5,5);GATE_SD(0.5);GATE_ITO(0.5);SD_ITO(0.5)
Module:M4
Boundary:(385.0, 59.1)(385.0, 132.1)(281.0, 132.1)(281.0, 59.1);GATE
Port:(281.0, 73.6)(291.0, 73.6)(291.0, 117.6)(281.0, 117.6);SD
Port:(385.0, 59.1)(385.0, 132.1)(296.0, 132.1)(296.0, 59.1);GATE
Port:(376.0, 69.1)(380.0, 69.1)(380.0, 122.1)(376.0, 122.1);SD
Module:M19
Boundary:(402.1, 63.4)(478.1, 63.4)(478.1, 71.4)(493.1, 71.4)(493.1, 136.4)(402.1, 136.4);GATE
Port:(416.6, 126.4)(478.6, 126.4)(478.6, 136.4)(416.6, 136.4);SD
Port:(402.1, 63.4)(478.1, 63.4)(478.1, 71.4)(493.1, 71.4)(493.1, 121.4)(402.1, 121.4);GATE
Port:(412.1, 68.4)(463.1, 68.4)(463.1, 72.4)(412.1, 72.4);SD
Module:M11
Boundary:(189.9, 29.6)(265.9, 29.6)(265.9, 37.6)(280.9, 37.6)(280.9, 116.6)(189.9, 116.6);GATE
Port:(204.4, 106.6)(266.4, 106.6)(266.4, 116.6)(204.4, 116.6);SD
Port:(189.9, 29.6)(265.9, 29.6)(265.9, 37.6)(280.9, 37.6)(280.9, 101.6)(189.9, 101.6);GATE
Port:(199.9, 34.6)(250.9, 34.6)(250.9, 38.6)(199.9, 38.6);SD
Module:M2
Boundary:(42.1, 222.1)(118.1, 222.1)(118.1, 214.0)(133.1, 214.0)(133.1, 42.0)(42.1, 42.0);GATE
Port:(56.6, 42.0)(118.6, 42.0)(118.6, 52.0)(56.6, 52.0);SD
Port:(42.1, 222.1)(118.1, 222.1)(118.1, 214.0)(133.1, 214.0)(133.1, 57.0)(42.1, 57.0);GATE
Port:(52.1, 213.1)(103.1, 213.1)(103.1, 217.1)(52.1, 217.1);SD
Module:M17
Boundary:(342.9, 240.4)(342.9, 167.4)(158.9, 167.4)(158.9, 240.4);GATE
Port:(158.9, 181.9)(168.9, 181.9)(168.9, 225.9)(158.9, 225.9);SD
Port:(342.9, 240.4)(342.9, 167.4)(173.9, 167.4)(173.9, 240.4);GATE
Port:(333.9, 177.4)(337.9, 177.4)(337.9, 230.4)(333.9, 230.4);SD
Module:M16
Boundary:(368.2, 183.7)(368.2, 259.7)(376.2, 259.7)(376.2, 274.7)(504.2, 274.7)(504.2, 183.7);GATE
Port:(494.2, 198.2)(504.2, 198.2)(504.2, 260.2)(494.2, 260.2);SD
Port:(368.2, 183.7)(368.2, 259.7)(376.2, 259.7)(376.2, 274.7)(489.2, 274.7)(489.2, 183.7);GATE
Port:(373.2, 193.7)(377.2, 193.7)(377.2, 244.7)(373.2, 244.7);SD
Module:M13
Boundary:(153.0, 268.0)(300.5, 268.0)(300.5, 284.0)(316.0, 284.0)(316.0, 331.0)(153.0, 331.0);GATE
Port:(167.5, 321.0)(301.5, 321.0)(301.5, 331.0)(167.5, 331.0);SD
Port:(153.0, 268.0)(300.5, 268.0)(300.5, 284.0)(316.0, 284.0)(316.0, 316.0)(153.0, 316.0);GATE
Port:(163.0, 273.0)(286.0, 273.0)(286.0, 277.0)(163.0, 277.0);SD
Module:M6
Boundary:(483.2, 416.3)(483.2, 340.3)(475.2, 340.3)(475.2, 325.3)(331.2, 325.3)(331.2, 416.3);GATE
Port:(331.2, 339.8)(341.2, 339.8)(341.2, 401.8)(331.2, 401.8);SD
Port:(483.2, 416.3)(483.2, 340.3)(475.2, 340.3)(475.2, 325.3)(346.2, 325.3)(346.2, 416.3);GATE
Port:(474.2, 355.3)(478.2, 355.3)(478.2, 406.3)(474.2, 406.3);SD
Module:M23
Boundary:(111.0, 252.4)(35.0, 252.4)(35.0, 260.4)(20.0, 260.4)(20.0, 416.4)(111.0, 416.4);GATE
Port:(34.5, 406.4)(96.5, 406.4)(96.5, 416.4)(34.5, 416.4);SD
Port:(111.0, 252.4)(35.0, 252.4)(35.0, 260.4)(20.0, 260.4)(20.0, 401.4)(111.0, 401.4);GATE
Port:(50.0, 257.4)(101.0, 257.4)(101.0, 261.4)(50.0, 261.4);SD
Module:M15
Boundary:(492.2, 423.6)(492.2, 535.1)(421.0, 535.1)(421.0, 568.6)(332.2, 568.6)(332.2, 423.6);GATE
Port:(332.2, 438.1)(342.2, 438.1)(342.2, 554.1)(332.2, 554.1);SD
Port:(492.2, 423.6)(492.2, 535.1)(421.0, 535.1)(421.0, 568.6)(347.2, 568.6)(347.2, 423.6);GATE
Port:(483.2, 433.6)(487.2, 433.6)(487.2, 520.6)(483.2, 520.6);SD
Module:M14
Boundary:(309.0, 363.0)(309.0, 492.5)(218.7, 492.5)(218.7, 544.0)(151.0, 544.0)(151.0, 363.0);GATE
Port:(151.0, 377.5)(161.0, 377.5)(161.0, 529.5)(151.0, 529.5);SD
Port:(309.0, 363.0)(309.0, 492.5)(218.7, 492.5)(218.7, 544.0)(166.0, 544.0)(166.0, 363.0);GATE
Port:(300.0, 373.0)(304.0, 373.0)(304.0, 478.0)(300.0, 478.0);SD
Module:M24
Boundary:(93.0, 444.0)(20.0, 444.0)(20.0, 564.0)(93.0, 564.0);GATE
Port:(34.5, 554.0)(78.5, 554.0)(78.5, 564.0)(34.5, 564.0);SD
Port:(93.0, 444.0)(20.0, 444.0)(20.0, 549.0)(93.0, 549.0);GATE
Port:(30.0, 449.0)(83.0, 449.0)(83.0, 453.0)(30.0, 453.0);SD
Module:M18
Boundary:(332.0, 728.4)(220.5, 728.4)(220.5, 716.4)(205.0, 716.4)(205.0, 560.4)(332.0, 560.4);GATE
Port:(219.5, 560.4)(317.5, 560.4)(317.5, 570.4)(219.5, 570.4);SD
Port:(332.0, 728.4)(220.5, 728.4)(220.5, 716.4)(205.0, 716.4)(205.0, 575.4)(332.0, 575.4);GATE
Port:(235.0, 719.4)(322.0, 719.4)(322.0, 723.4)(235.0, 723.4);SD
Module:M20
Boundary:(336.4, 757.4)(447.9, 757.4)(447.9, 745.4)(463.4, 745.4)(463.4, 572.4)(336.4, 572.4);GATE
Port:(350.9, 572.4)(448.9, 572.4)(448.9, 582.4)(350.9, 582.4);SD
Port:(336.4, 757.4)(447.9, 757.4)(447.9, 745.4)(463.4, 745.4)(463.4, 587.4)(336.4, 587.4);GATE
Port:(346.4, 748.4)(433.4, 748.4)(433.4, 752.4)(346.4, 752.4);SD
Module:M22
Boundary:(20.0, 774.0)(149.5, 774.0)(149.5, 760.0)(165.0, 760.0)(165.0, 607.0)(20.0, 607.0);GATE
Port:(34.5, 607.0)(150.5, 607.0)(150.5, 617.0)(34.5, 617.0);SD
Port:(20.0, 774.0)(149.5, 774.0)(149.5, 760.0)(165.0, 760.0)(165.0, 622.0)(20.0, 622.0);GATE
Port:(30.0, 765.0)(135.0, 765.0)(135.0, 769.0)(30.0, 769.0);SD
Module:M9
Boundary:(296.0, 786.8)(220.0, 786.8)(220.0, 794.8)(205.0, 794.8)(205.0, 853.8)(296.0, 853.8);GATE
Port:(219.5, 843.8)(281.5, 843.8)(281.5, 853.8)(219.5, 853.8);SD
Port:(296.0, 786.8)(220.0, 786.8)(220.0, 794.8)(205.0, 794.8)(205.0, 838.8)(296.0, 838.8);GATE
Port:(235.0, 791.8)(286.0, 791.8)(286.0, 795.8)(235.0, 795.8);SD
Module:M7
Boundary:(178.1, 922.2)(84.6, 922.2)(84.6, 878.7)(33.1, 878.7)(33.1, 774.2)(178.1, 774.2);GATE
Port:(47.6, 774.2)(163.6, 774.2)(163.6, 784.2)(47.6, 784.2);SD
Port:(178.1, 922.2)(84.6, 922.2)(84.6, 878.7)(33.1, 878.7)(33.1, 789.2)(178.1, 789.2);GATE
Port:(99.1, 913.2)(168.1, 913.2)(168.1, 917.2)(99.1, 917.2);SD
Module:M3
Boundary:(517.0, 805.0)(459.5, 805.0)(459.5, 871.6)(336.0, 871.6)(336.0, 986.0)(517.0, 986.0);GATE
Port:(350.5, 976.0)(502.5, 976.0)(502.5, 986.0)(350.5, 986.0);SD
Port:(517.0, 805.0)(459.5, 805.0)(459.5, 871.6)(336.0, 871.6)(336.0, 971.0)(517.0, 971.0);GATE
Port:(474.0, 810.0)(507.0, 810.0)(507.0, 814.0)(474.0, 814.0);SD
Module:M5
Boundary:(292.4, 899.0)(216.3, 899.0)(216.3, 907.0)(201.4, 907.0)(201.4, 990.0)(292.4, 990.0);GATE
Port:(215.9, 980.0)(277.9, 980.0)(277.9, 990.0)(215.9, 990.0);SD
Port:(292.4, 899.0)(216.3, 899.0)(216.3, 907.0)(201.4, 907.0)(201.4, 975.0)(292.4, 975.0);GATE
Port:(231.4, 904.0)(282.4, 904.0)(282.4, 908.0)(231.4, 908.0);SD
Module:M1
Boundary:(50.9, 986.9)(50.9, 1063.0)(58.9, 1063.0)(58.9, 1077.9)(172.9, 1077.9)(172.9, 986.9);GATE
Port:(162.9, 1001.4)(172.9, 1001.4)(172.9, 1063.4)(162.9, 1063.4);SD
Port:(50.9, 986.9)(50.9, 1063.0)(58.9, 1063.0)(58.9, 1077.9)(157.9, 1077.9)(157.9, 986.9);GATE
Port:(55.9, 996.9)(59.9, 996.9)(59.9, 1047.9)(55.9, 1047.9);SD
Module:M25
Boundary:(345.0, 1030.0)(197.5, 1030.0)(197.5, 1050.0)(182.0, 1050.0)(182.0, 1124.0)(345.0, 1124.0);GATE
Port:(196.5, 1114.0)(330.5, 1114.0)(330.5, 1124.0)(196.5, 1124.0);SD
Port:(345.0, 1030.0)(197.5, 1030.0)(197.5, 1050.0)(182.0, 1050.0)(182.0, 1109.0)(345.0, 1109.0);GATE
Port:(212.0, 1035.0)(335.0, 1035.0)(335.0, 1039.0)(212.0, 1039.0);SD
Module:M21
Boundary:(488.5, 994.0)(377.0, 994.0)(377.0, 1006.1)(361.5, 1006.1)(361.5, 1148.0)(488.5, 1148.0);GATE
Port:(376.0, 1138.0)(474.0, 1138.0)(474.0, 1148.0)(376.0, 1148.0);SD
Port:(488.5, 994.0)(377.0, 994.0)(377.0, 1006.1)(361.5, 1006.1)(361.5, 1133.0)(488.5, 1133.0);GATE
Port:(391.5, 999.0)(478.5, 999.0)(478.5, 1003.0)(391.5, 1003.0);SD
Module:M10
Boundary:(332.8, 1283.4)(332.8, 1207.9)(289.7, 1207.9)(289.7, 1156.4)(183.8, 1156.4)(183.8, 1283.4);GATE
Port:(183.8, 1170.9)(193.8, 1170.9)(193.8, 1268.9)(183.8, 1268.9);SD
Port:(332.8, 1283.4)(332.8, 1207.9)(289.7, 1207.9)(289.7, 1156.4)(198.8, 1156.4)(198.8, 1283.4);GATE
Port:(323.8, 1222.4)(327.8, 1222.4)(327.8, 1273.4)(323.8, 1273.4);SD
Module:M12
Boundary:(161.2, 1091.5)(161.2, 1221.0)(108.0, 1221.0)(108.0, 1254.5)(39.2, 1254.5)(39.2, 1091.5);GATE
Port:(39.2, 1106.0)(49.2, 1106.0)(49.2, 1240.0)(39.2, 1240.0);SD
Port:(161.2, 1091.5)(161.2, 1221.0)(108.0, 1221.0)(108.0, 1254.5)(54.2, 1254.5)(54.2, 1091.5);GATE
Port:(152.2, 1101.5)(156.2, 1101.5)(156.2, 1206.5)(152.2, 1206.5);SD
Module:M8
Boundary:(504.4, 1195.8)(374.9, 1195.8)(374.9, 1209.8)(359.4, 1209.8)(359.4, 1269.8)(504.4, 1269.8);GATE
Port:(373.9, 1259.8)(489.9, 1259.8)(489.9, 1269.8)(373.9, 1269.8);SD
Port:(504.4, 1195.8)(374.9, 1195.8)(374.9, 1209.8)(359.4, 1209.8)(359.4, 1254.8)(504.4, 1254.8);GATE
Port:(389.4, 1200.8)(494.4, 1200.8)(494.4, 1204.8)(389.4, 1204.8);SD
