Area:(5.6, -9.7)(1215.6, -9.7)(1215.6, 1091.6)(5.6, 1091.6)
Rule:GATE(5,5);SD(5,5);GATE_SD(0.5);GATE_ITO(0.5);SD_ITO(0.5)
Module:M10
Boundary:(881.4, 55.1)(881.4, 106.4)(836.0, 106.4)(836.0, 122.3)(706.2, 122.3)(706.2, 55.1);GATE
Port:(706.2, 68.8)(710.8, 68.8)(710.8, 108.6)(706.2, 108.6);SD
Port:(881.4, 55.1)(881.4, 106.4)(836.0, 106.4)(836.0, 122.3)(712.7, 122.3)(712.7, 55.1);GATE
Port:(871.0, 60.4)(877.1, 60.4)(877.1, 100.1)(871.0, 100.1);SD
Module:M43
Boundary:(166.4, 121.1)(166.4, 226.2)(60.6, 226.2)(60.6, 121.1);GATE
Port:(60.6, 134.7)(66.1, 134.7)(66.1, 212.6)(60.6, 212.6);SD
Port:(166.4, 121.1)(166.4, 226.2)(67.6, 226.2)(67.6, 121.1);GATE
Port:(155.8, 127.1)(161.4, 127.1)(161.4, 220.2)(155.8, 220.2);SD
Module:M42
Boundary:(595.3, 45.3)(682.3, 45.3)(682.3, 131.7)(698.0, 131.7)(698.0, 196.6)(595.3, 196.6);GATE
Port:(610.1, 190.7)(683.2, 190.7)(683.2, 196.6)(610.1, 196.6);SD
Port:(595.3, 45.3)(682.3, 45.3)(682.3, 131.7)(698.0, 131.7)(698.0, 188.4)(595.3, 188.4);GATE
Port:(601.3, 50.3)(675.3, 50.3)(675.3, 57.2)(601.3, 57.2);SD
Module:M9
Boundary:(926.5, 47.2)(1041.5, 47.2)(1041.5, 202.9)(926.5, 202.9);GATE
Port:(939.9, 198.5)(1028.1, 198.5)(1028.1, 202.9)(939.9, 202.9);SD
Port:(926.5, 47.2)(1041.5, 47.2)(1041.5, 196.8)(926.5, 196.8);GATE
Port:(931.9, 51.6)(1036.1, 51.6)(1036.1, 58.5)(931.9, 58.5);SD
Module:M34
Boundary:(1078.0, 70.6)(1142.8, 70.6)(1142.8, 138.6)(1156.9, 138.6)(1156.9, 230.4)(1078.0, 230.4);GATE
Port:(1091.8, 226.3)(1143.1, 226.3)(1143.1, 230.4)(1091.8, 230.4);SD
Port:(1078.0, 70.6)(1142.8, 70.6)(1142.8, 138.6)(1156.9, 138.6)(1156.9, 225.2)(1078.0, 225.2);GATE
Port:(1083.6, 75.2)(1136.2, 75.2)(1136.2, 81.6)(1083.6, 81.6);SD
Module:M2
Boundary:(403.3, 72.7)(456.5, 72.7)(456.5, 125.8)(472.5, 125.8)(472.5, 232.8)(403.3, 232.8);GATE
Port:(417.2, 228.2)(458.6, 228.2)(458.6, 232.8)(417.2, 232.8);SD
Port:(403.3, 72.7)(456.5, 72.7)(456.5, 125.8)(472.5, 125.8)(472.5, 225.5)(403.3, 225.5);GATE
Port:(409.9, 78.3)(448.9, 78.3)(448.9, 83.4)(409.9, 83.4);SD
Module:M7
Boundary:(502.0, 30.3)(600.5, 30.3)(600.5, 30.4)(620.1, 30.4)(620.1, 208.6)(502.0, 208.6);GATE
Port:(517.9, 204.0)(604.2, 204.0)(604.2, 208.6)(517.9, 208.6);SD
Port:(502.0, 30.3)(600.5, 30.3)(600.5, 30.4)(620.1, 30.4)(620.1, 201.8)(502.0, 201.8);GATE
Port:(508.5, 35.8)(594.0, 35.8)(594.0, 42.8)(508.5, 42.8);SD
Module:M14
Boundary:(191.1, 133.1)(255.9, 133.1)(255.9, 223.2)(270.7, 223.2)(270.7, 335.7)(191.1, 335.7);GATE
Port:(203.6, 330.8)(258.2, 330.8)(258.2, 335.7)(203.6, 335.7);SD
Port:(191.1, 133.1)(255.9, 133.1)(255.9, 223.2)(270.7, 223.2)(270.7, 329.6)(191.1, 329.6);GATE
Port:(197.3, 138.3)(248.7, 138.3)(248.7, 143.0)(197.3, 143.0);SD
Module:M15
Boundary:(879.7, 209.7)(879.7, 286.3)(879.5, 286.3)(879.5, 301.2)(735.4, 301.2)(735.4, 209.7);GATE
Port:(735.4, 221.8)(740.6, 221.8)(740.6, 289.1)(735.4, 289.1);SD
Port:(879.7, 209.7)(879.7, 286.3)(879.5, 286.3)(879.5, 301.2)(741.7, 301.2)(741.7, 209.7);GATE
Port:(869.1, 215.9)(874.5, 215.9)(874.5, 280.1)(869.1, 280.1);SD
Module:M13
Boundary:(302.3, 112.2)(346.3, 112.2)(346.3, 333.1)(302.3, 333.1);GATE
Port:(314.2, 327.5)(334.4, 327.5)(334.4, 333.1)(314.2, 333.1);SD
Port:(302.3, 112.2)(346.3, 112.2)(346.3, 324.7)(302.3, 324.7);GATE
Port:(308.3, 117.2)(340.3, 117.2)(340.3, 122.6)(308.3, 122.6);SD
Module:M4
Boundary:(704.1, 244.8)(704.1, 292.3)(634.6, 292.3)(634.6, 305.6)(507.5, 305.6)(507.5, 244.8);GATE
Port:(507.5, 257.7)(512.9, 257.7)(512.9, 292.7)(507.5, 292.7);SD
Port:(704.1, 244.8)(704.1, 292.3)(634.6, 292.3)(634.6, 305.6)(514.5, 305.6)(514.5, 244.8);GATE
Port:(693.2, 250.3)(699.6, 250.3)(699.6, 285.8)(693.2, 285.8);SD
Module:M16
Boundary:(1122.5, 230.5)(1122.5, 324.5)(922.8, 324.5)(922.8, 230.5);GATE
Port:(922.8, 241.7)(927.2, 241.7)(927.2, 313.3)(922.8, 313.3);SD
Port:(1122.5, 230.5)(1122.5, 324.5)(928.5, 324.5)(928.5, 230.5);GATE
Port:(1112.8, 236.8)(1117.2, 236.8)(1117.2, 318.2)(1112.8, 318.2);SD
Module:M24
Boundary:(334.6, 344.3)(334.6, 405.4)(290.5, 405.4)(290.5, 418.4)(245.0, 418.4)(245.0, 344.3);GATE
Port:(245.0, 356.9)(250.9, 356.9)(250.9, 405.8)(245.0, 405.8);SD
Port:(334.6, 344.3)(334.6, 405.4)(290.5, 405.4)(290.5, 418.4)(253.3, 418.4)(253.3, 344.3);GATE
Port:(323.8, 350.1)(329.8, 350.1)(329.8, 398.6)(323.8, 398.6);SD
Module:M8
Boundary:(45.6, 228.3)(115.4, 228.3)(115.4, 244.8)(131.2, 244.8)(131.2, 419.5)(45.6, 419.5);GATE
Port:(59.4, 415.2)(117.4, 415.2)(117.4, 419.5)(59.4, 419.5);SD
Port:(45.6, 228.3)(115.4, 228.3)(115.4, 244.8)(131.2, 244.8)(131.2, 413.3)(45.6, 413.3);GATE
Port:(52.2, 233.9)(107.8, 233.9)(107.8, 239.6)(52.2, 239.6);SD
Module:M40
Boundary:(636.7, 245.3)(729.5, 245.3)(729.5, 294.8)(743.6, 294.8)(743.6, 434.8)(636.7, 434.8);GATE
Port:(649.1, 429.2)(731.2, 429.2)(731.2, 434.8)(649.1, 434.8);SD
Port:(636.7, 245.3)(729.5, 245.3)(729.5, 294.8)(743.6, 294.8)(743.6, 426.5)(636.7, 426.5);GATE
Port:(642.1, 249.7)(723.1, 249.7)(723.1, 255.6)(642.1, 255.6);SD
Module:M29
Boundary:(1080.0, 416.9)(1080.0, 460.2)(1080.0, 460.2)(1080.0, 474.4)(950.6, 474.4)(950.6, 416.9);GATE
Port:(950.6, 428.3)(954.7, 428.3)(954.7, 463.0)(950.6, 463.0);SD
Port:(1080.0, 416.9)(1080.0, 460.2)(1080.0, 460.2)(1080.0, 474.4)(956.7, 474.4)(956.7, 416.9);GATE
Port:(1070.5, 422.2)(1075.7, 422.2)(1075.7, 454.9)(1070.5, 454.9);SD
Module:M38
Boundary:(766.0, 340.4)(852.4, 340.4)(852.4, 407.1)(865.6, 407.1)(865.6, 497.6)(766.0, 497.6);GATE
Port:(776.9, 492.2)(854.7, 492.2)(854.7, 497.6)(776.9, 497.6);SD
Port:(766.0, 340.4)(852.4, 340.4)(852.4, 407.1)(865.6, 407.1)(865.6, 489.6)(766.0, 489.6);GATE
Port:(771.4, 344.8)(846.0, 344.8)(846.0, 349.3)(771.4, 349.3);SD
Module:M11
Boundary:(1087.0, 402.7)(1150.8, 402.7)(1150.8, 402.9)(1165.5, 402.9)(1165.5, 510.9)(1087.0, 510.9);GATE
Port:(1100.3, 506.2)(1152.2, 506.2)(1152.2, 510.9)(1100.3, 510.9);SD
Port:(1087.0, 402.7)(1150.8, 402.7)(1150.8, 402.9)(1165.5, 402.9)(1165.5, 503.4)(1087.0, 503.4);GATE
Port:(1093.3, 408.0)(1144.5, 408.0)(1144.5, 414.3)(1093.3, 414.3);SD
Module:M3
Boundary:(387.4, 386.9)(474.7, 386.9)(474.7, 387.3)(491.6, 387.3)(491.6, 560.6)(387.4, 560.6);GATE
Port:(402.5, 555.3)(476.5, 555.3)(476.5, 560.6)(402.5, 560.6);SD
Port:(387.4, 386.9)(474.7, 386.9)(474.7, 387.3)(491.6, 387.3)(491.6, 552.7)(387.4, 552.7);GATE
Port:(393.4, 391.9)(468.7, 391.9)(468.7, 398.6)(393.4, 398.6);SD
Module:M41
Boundary:(296.7, 467.7)(296.7, 548.0)(296.4, 548.0)(296.4, 563.4)(214.5, 563.4)(214.5, 467.7);GATE
Port:(214.5, 480.9)(219.1, 480.9)(219.1, 550.2)(214.5, 550.2);SD
Port:(296.7, 467.7)(296.7, 548.0)(296.4, 548.0)(296.4, 563.4)(220.2, 563.4)(220.2, 467.7);GATE
Port:(285.3, 474.2)(291.2, 474.2)(291.2, 541.5)(285.3, 541.5);SD
Module:M18
Boundary:(490.6, 344.5)(607.0, 344.5)(607.0, 424.2)(625.7, 424.2)(625.7, 527.0)(490.6, 527.0);GATE
Port:(504.9, 523.0)(611.4, 523.0)(611.4, 527.0)(504.9, 527.0);SD
Port:(490.6, 344.5)(607.0, 344.5)(607.0, 424.2)(625.7, 424.2)(625.7, 521.5)(490.6, 521.5);GATE
Port:(496.4, 349.3)(600.2, 349.3)(600.2, 355.4)(496.4, 355.4);SD
Module:M19
Boundary:(611.3, 454.5)(703.9, 454.5)(703.9, 454.6)(718.5, 454.6)(718.5, 562.9)(611.3, 562.9);GATE
Port:(625.2, 558.5)(704.6, 558.5)(704.6, 562.9)(625.2, 562.9);SD
Port:(611.3, 454.5)(703.9, 454.5)(703.9, 454.6)(718.5, 454.6)(718.5, 556.0)(611.3, 556.0);GATE
Port:(617.9, 460.1)(697.3, 460.1)(697.3, 466.0)(617.9, 466.0);SD
Module:M25
Boundary:(822.9, 498.4)(822.9, 550.1)(822.8, 550.1)(822.8, 567.5)(720.4, 567.5)(720.4, 498.4);GATE
Port:(720.4, 512.1)(726.3, 512.1)(726.3, 553.8)(720.4, 553.8);SD
Port:(822.9, 498.4)(822.9, 550.1)(822.8, 550.1)(822.8, 567.5)(729.1, 567.5)(729.1, 498.4);GATE
Port:(812.0, 503.7)(818.6, 503.7)(818.6, 544.8)(812.0, 544.8);SD
Module:M17
Boundary:(1017.6, 498.6)(1017.6, 569.8)(852.6, 569.8)(852.6, 498.6);GATE
Port:(852.6, 510.7)(857.7, 510.7)(857.7, 557.7)(852.6, 557.7);SD
Port:(1017.6, 498.6)(1017.6, 569.8)(860.2, 569.8)(860.2, 498.6);GATE
Port:(1007.6, 503.7)(1013.5, 503.7)(1013.5, 564.7)(1007.6, 564.7);SD
Module:M22
Boundary:(122.0, 386.9)(204.9, 386.9)(204.9, 456.7)(217.1, 456.7)(217.1, 551.9)(122.0, 551.9);GATE
Port:(133.2, 546.7)(205.9, 546.7)(205.9, 551.9)(133.2, 551.9);SD
Port:(122.0, 386.9)(204.9, 386.9)(204.9, 456.7)(217.1, 456.7)(217.1, 544.1)(122.0, 544.1);GATE
Port:(127.3, 391.2)(198.6, 391.2)(198.6, 396.4)(127.3, 396.4);SD
Module:M23
Boundary:(700.3, 564.2)(700.3, 644.5)(599.4, 644.5)(599.4, 564.2);GATE
Port:(599.4, 577.7)(605.0, 577.7)(605.0, 631.0)(599.4, 631.0);SD
Port:(700.3, 564.2)(700.3, 644.5)(607.2, 644.5)(607.2, 564.2);GATE
Port:(689.1, 569.5)(696.0, 569.5)(696.0, 639.2)(689.1, 639.2);SD
Module:M1
Boundary:(495.5, 526.9)(577.2, 526.9)(577.2, 527.4)(593.3, 527.4)(593.3, 644.8)(495.5, 644.8);GATE
Port:(509.1, 639.2)(579.7, 639.2)(579.7, 644.8)(509.1, 644.8);SD
Port:(495.5, 526.9)(577.2, 526.9)(577.2, 527.4)(593.3, 527.4)(593.3, 637.8)(495.5, 637.8);GATE
Port:(501.6, 532.0)(571.1, 532.0)(571.1, 537.6)(501.6, 537.6);SD
Module:M5
Boundary:(377.1, 561.6)(469.1, 561.6)(469.1, 561.7)(484.7, 561.7)(484.7, 682.1)(377.1, 682.1);GATE
Port:(388.1, 676.6)(473.7, 676.6)(473.7, 682.1)(388.1, 682.1);SD
Port:(377.1, 561.6)(469.1, 561.6)(469.1, 561.7)(484.7, 561.7)(484.7, 674.4)(377.1, 674.4);GATE
Port:(382.6, 566.1)(463.6, 566.1)(463.6, 570.1)(382.6, 570.1);SD
Module:M45
Boundary:(924.7, 589.1)(924.7, 672.5)(924.6, 672.5)(924.6, 686.0)(742.4, 686.0)(742.4, 589.1);GATE
Port:(742.4, 600.3)(746.9, 600.3)(746.9, 674.8)(742.4, 674.8);SD
Port:(924.7, 589.1)(924.7, 672.5)(924.6, 672.5)(924.6, 686.0)(749.8, 686.0)(749.8, 589.1);GATE
Port:(915.1, 594.2)(920.6, 594.2)(920.6, 667.4)(915.1, 667.4);SD
Module:M12
Boundary:(994.1, 570.6)(1050.6, 570.6)(1050.6, 616.4)(1063.1, 616.4)(1063.1, 683.0)(994.1, 683.0);GATE
Port:(1005.2, 678.2)(1052.0, 678.2)(1052.0, 683.0)(1005.2, 683.0);SD
Port:(994.1, 570.6)(1050.6, 570.6)(1050.6, 616.4)(1063.1, 616.4)(1063.1, 676.9)(994.1, 676.9);GATE
Port:(999.1, 574.6)(1044.6, 574.6)(1044.6, 579.6)(999.1, 579.6);SD
Module:M50
Boundary:(214.9, 598.9)(214.9, 673.6)(205.2, 673.6)(205.2, 686.3)(95.7, 686.3)(95.7, 598.9);GATE
Port:(95.7, 612.0)(99.9, 612.0)(99.9, 673.2)(95.7, 673.2);SD
Port:(214.9, 598.9)(214.9, 673.6)(205.2, 673.6)(205.2, 686.3)(101.7, 686.3)(101.7, 598.9);GATE
Port:(203.5, 605.5)(209.3, 605.5)(209.3, 666.0)(203.5, 666.0);SD
Module:M33
Boundary:(1085.3, 518.2)(1157.8, 518.2)(1157.8, 518.5)(1175.6, 518.5)(1175.6, 737.9)(1085.3, 737.9);GATE
Port:(1100.2, 732.3)(1160.7, 732.3)(1160.7, 737.9)(1100.2, 737.9);SD
Port:(1085.3, 518.2)(1157.8, 518.2)(1157.8, 518.5)(1175.6, 518.5)(1175.6, 729.9)(1085.3, 729.9);GATE
Port:(1092.1, 524.0)(1151.0, 524.0)(1151.0, 530.2)(1092.1, 530.2);SD
Module:M30
Boundary:(216.1, 470.8)(321.5, 470.8)(321.5, 551.6)(338.0, 551.6)(338.0, 696.5)(216.1, 696.5);GATE
Port:(229.8, 691.9)(324.3, 691.9)(324.3, 696.5)(229.8, 696.5);SD
Port:(216.1, 470.8)(321.5, 470.8)(321.5, 551.6)(338.0, 551.6)(338.0, 690.2)(216.1, 690.2);GATE
Port:(221.6, 475.3)(315.0, 475.3)(315.0, 481.5)(221.6, 481.5);SD
Module:M36
Boundary:(592.9, 715.5)(592.9, 765.6)(575.4, 765.6)(575.4, 780.1)(393.8, 780.1)(393.8, 715.5);GATE
Port:(393.8, 729.2)(399.1, 729.2)(399.1, 766.4)(393.8, 766.4);SD
Port:(592.9, 715.5)(592.9, 765.6)(575.4, 765.6)(575.4, 780.1)(400.1, 780.1)(400.1, 715.5);GATE
Port:(581.7, 721.9)(587.5, 721.9)(587.5, 758.2)(581.7, 758.2);SD
Module:M44
Boundary:(851.3, 710.9)(851.3, 759.7)(851.3, 759.7)(851.3, 774.5)(703.4, 774.5)(703.4, 710.9);GATE
Port:(703.4, 724.8)(708.7, 724.8)(708.7, 760.6)(703.4, 760.6);SD
Port:(851.3, 710.9)(851.3, 759.7)(851.3, 759.7)(851.3, 774.5)(710.9, 774.5)(710.9, 710.9);GATE
Port:(839.8, 717.8)(845.4, 717.8)(845.4, 752.8)(839.8, 752.8);SD
Module:M47
Boundary:(699.3, 654.2)(699.3, 757.9)(699.0, 757.9)(699.0, 774.8)(593.0, 774.8)(593.0, 654.2);GATE
Port:(593.0, 669.1)(597.7, 669.1)(597.7, 759.9)(593.0, 759.9);SD
Port:(699.3, 654.2)(699.3, 757.9)(699.0, 757.9)(699.0, 774.8)(599.8, 774.8)(599.8, 654.2);GATE
Port:(687.5, 660.1)(694.4, 660.1)(694.4, 752.0)(687.5, 752.0);SD
Module:M28
Boundary:(945.1, 691.4)(1034.1, 691.4)(1034.1, 717.9)(1047.5, 717.9)(1047.5, 845.1)(945.1, 845.1);GATE
Port:(956.5, 840.3)(1036.1, 840.3)(1036.1, 845.1)(956.5, 845.1);SD
Port:(945.1, 691.4)(1034.1, 691.4)(1034.1, 717.9)(1047.5, 717.9)(1047.5, 838.0)(945.1, 838.0);GATE
Port:(951.1, 696.4)(1027.1, 696.4)(1027.1, 700.9)(951.1, 700.9);SD
Module:M32
Boundary:(1168.5, 750.8)(1168.5, 860.5)(1124.7, 860.5)(1124.7, 877.5)(1081.6, 877.5)(1081.6, 750.8);GATE
Port:(1081.6, 765.3)(1086.5, 765.3)(1086.5, 863.0)(1081.6, 863.0);SD
Port:(1168.5, 750.8)(1168.5, 860.5)(1124.7, 860.5)(1124.7, 877.5)(1088.5, 877.5)(1088.5, 750.8);GATE
Port:(1157.1, 757.1)(1163.2, 757.1)(1163.2, 853.2)(1157.1, 853.2);SD
Module:M27
Boundary:(480.0, 845.9)(588.7, 845.9)(588.7, 846.1)(607.2, 846.1)(607.2, 926.6)(480.0, 926.6);GATE
Port:(493.4, 920.9)(593.8, 920.9)(593.8, 926.6)(493.4, 926.6);SD
Port:(480.0, 845.9)(588.7, 845.9)(588.7, 846.1)(607.2, 846.1)(607.2, 919.8)(480.0, 919.8);GATE
Port:(485.4, 850.3)(583.3, 850.3)(583.3, 856.0)(485.4, 856.0);SD
Module:M37
Boundary:(465.6, 791.1)(465.6, 872.4)(344.7, 872.4)(344.7, 791.1);GATE
Port:(344.7, 805.1)(349.8, 805.1)(349.8, 858.4)(344.7, 858.4);SD
Port:(465.6, 791.1)(465.6, 872.4)(350.9, 872.4)(350.9, 791.1);GATE
Port:(454.0, 797.7)(460.0, 797.7)(460.0, 865.8)(454.0, 865.8);SD
Module:M20
Boundary:(657.9, 860.2)(657.9, 906.2)(597.2, 906.2)(597.2, 919.5)(547.0, 919.5)(547.0, 860.2);GATE
Port:(547.0, 871.7)(551.8, 871.7)(551.8, 908.0)(547.0, 908.0);SD
Port:(657.9, 860.2)(657.9, 906.2)(597.2, 906.2)(597.2, 919.5)(553.5, 919.5)(553.5, 860.2);GATE
Port:(647.9, 866.0)(653.1, 866.0)(653.1, 899.4)(647.9, 899.4);SD
Module:M26
Boundary:(80.0, 739.7)(176.0, 739.7)(176.0, 739.8)(191.4, 739.8)(191.4, 913.1)(80.0, 913.1);GATE
Port:(93.5, 908.9)(177.9, 908.9)(177.9, 913.1)(93.5, 913.1);SD
Port:(80.0, 739.7)(176.0, 739.7)(176.0, 739.8)(191.4, 739.8)(191.4, 906.1)(80.0, 906.1);GATE
Port:(87.0, 745.7)(169.0, 745.7)(169.0, 751.1)(87.0, 751.1);SD
Module:M6
Boundary:(870.6, 852.3)(870.6, 917.5)(783.3, 917.5)(783.3, 932.6)(723.3, 932.6)(723.3, 852.3);GATE
Port:(723.3, 864.5)(728.6, 864.5)(728.6, 920.4)(723.3, 920.4);SD
Port:(870.6, 852.3)(870.6, 917.5)(783.3, 917.5)(783.3, 932.6)(730.0, 932.6)(730.0, 852.3);GATE
Port:(860.8, 857.6)(866.3, 857.6)(866.3, 911.2)(860.8, 911.2);SD
Module:M39
Boundary:(710.1, 922.6)(710.1, 993.6)(607.4, 993.6)(607.4, 922.6);GATE
Port:(607.4, 937.8)(613.0, 937.8)(613.0, 978.4)(607.4, 978.4);SD
Port:(710.1, 922.6)(710.1, 993.6)(614.2, 993.6)(614.2, 922.6);GATE
Port:(697.9, 929.6)(704.1, 929.6)(704.1, 986.6)(697.9, 986.6);SD
Module:M46
Boundary:(1156.5, 946.1)(1156.5, 1014.2)(1077.9, 1014.2)(1077.9, 1029.3)(973.1, 1029.3)(973.1, 946.1);GATE
Port:(973.1, 960.5)(978.6, 960.5)(978.6, 1014.9)(973.1, 1014.9);SD
Port:(1156.5, 946.1)(1156.5, 1014.2)(1077.9, 1014.2)(1077.9, 1029.3)(981.1, 1029.3)(981.1, 946.1);GATE
Port:(1145.0, 952.1)(1151.5, 952.1)(1151.5, 1007.2)(1145.0, 1007.2);SD
Module:M21
Boundary:(930.4, 980.6)(930.4, 1034.6)(930.3, 1034.6)(930.3, 1051.6)(722.2, 1051.6)(722.2, 980.6);GATE
Port:(722.2, 995.7)(726.8, 995.7)(726.8, 1036.5)(722.2, 1036.5);SD
Port:(930.4, 980.6)(930.4, 1034.6)(930.3, 1034.6)(930.3, 1051.6)(728.7, 1051.6)(728.7, 980.6);GATE
Port:(918.3, 987.0)(925.0, 987.0)(925.0, 1028.2)(918.3, 1028.2);SD
Module:M48
Boundary:(353.2, 923.3)(444.6, 923.3)(444.6, 957.4)(461.3, 957.4)(461.3, 1017.5)(353.2, 1017.5);GATE
Port:(368.2, 1012.5)(446.3, 1012.5)(446.3, 1017.5)(368.2, 1017.5);SD
Port:(353.2, 923.3)(444.6, 923.3)(444.6, 957.4)(461.3, 957.4)(461.3, 1010.1)(353.2, 1010.1);GATE
Port:(359.9, 929.0)(436.9, 929.0)(436.9, 935.5)(359.9, 935.5);SD
Module:M31
Boundary:(195.9, 785.8)(272.3, 785.8)(272.3, 1013.3)(195.9, 1013.3);GATE
Port:(211.9, 1007.8)(256.3, 1007.8)(256.3, 1013.3)(211.9, 1013.3);SD
Port:(195.9, 785.8)(272.3, 785.8)(272.3, 1005.7)(195.9, 1005.7);GATE
Port:(202.6, 791.5)(265.6, 791.5)(265.6, 798.5)(202.6, 798.5);SD
Module:M49
Boundary:(170.0, 950.5)(170.0, 1016.7)(169.8, 1016.7)(169.8, 1032.6)(51.1, 1032.6)(51.1, 950.5);GATE
Port:(51.1, 964.6)(55.4, 964.6)(55.4, 1018.5)(51.1, 1018.5);SD
Port:(170.0, 950.5)(170.0, 1016.7)(169.8, 1016.7)(169.8, 1032.6)(57.2, 1032.6)(57.2, 950.5);GATE
Port:(158.7, 957.2)(164.3, 957.2)(164.3, 1010.0)(158.7, 1010.0);SD
Module:M35
Boundary:(594.9, 926.6)(594.9, 1010.4)(594.8, 1010.4)(594.8, 1024.5)(456.8, 1024.5)(456.8, 926.6);GATE
Port:(456.8, 936.3)(462.0, 936.3)(462.0, 1014.8)(456.8, 1014.8);SD
Port:(594.9, 926.6)(594.9, 1010.4)(594.8, 1010.4)(594.8, 1024.5)(463.6, 1024.5)(463.6, 926.6);GATE
Port:(586.7, 931.7)(590.8, 931.7)(590.8, 1005.3)(586.7, 1005.3);SD
