Area:(-27.1, 17.1)(429.1, 17.1)(429.1, 1278.0)(-27.1, 1278.0)
Rule:GATE(5,5);SD(5,5);GATE_SD(0.5);GATE_ITO(0.5);SD_ITO(0.5)
Module:M20
Boundary:(59.3, 57.1)(59.3, 147.5)(121.6, 147.5)(121.6, 163.8)(188.3, 163.8)(188.3, 57.1);GATE
Port:(183.6, 72.2)(188.3, 72.2)(188.3, 148.7)(183.6, 148.7);SD
Port:(59.3, 57.1)(59.3, 147.5)(121.6, 147.5)(121.6, 163.8)(181.8, 163.8)(181.8, 57.1);GATE
Port:(65.2, 64.0)(71.0, 64.0)(71.0, 139.6)(65.2, 139.6);SD
Module:M3
Boundary:(207.1, 209.0)(207.1, 95.0)(304.5, 95.0)(304.5, 209.0);GATE
Port:(300.0, 108.2)(304.5, 108.2)(304.5, 195.8)(300.0, 195.8);SD
Port:(207.1, 209.0)(207.1, 95.0)(298.2, 95.0)(298.2, 209.0);GATE
Port:(213.0, 101.9)(217.4, 101.9)(217.4, 202.1)(213.0, 202.1);SD
Module:M12
Boundary:(311.9, 227.1)(365.6, 227.1)(365.6, 184.3)(381.7, 184.3)(381.7, 60.1)(311.9, 60.1);GATE
Port:(326.2, 60.1)(367.4, 60.1)(367.4, 64.5)(326.2, 64.5);SD
Port:(311.9, 227.1)(365.6, 227.1)(365.6, 184.3)(381.7, 184.3)(381.7, 65.6)(311.9, 65.6);GATE
Port:(318.6, 215.8)(357.9, 215.8)(357.9, 221.4)(318.6, 221.4);SD
Module:M10
Boundary:(112.5, 360.5)(63.4, 360.5)(63.4, 348.6)(48.2, 348.6)(48.2, 215.3)(112.5, 215.3);GATE
Port:(60.2, 215.3)(100.5, 215.3)(100.5, 221.1)(60.2, 221.1);SD
Port:(112.5, 360.5)(63.4, 360.5)(63.4, 348.6)(48.2, 348.6)(48.2, 223.5)(112.5, 223.5);GATE
Port:(69.8, 350.3)(107.0, 350.3)(107.0, 356.0)(69.8, 356.0);SD
Module:M8
Boundary:(361.5, 243.3)(361.5, 316.6)(282.6, 316.6)(282.6, 328.9)(205.2, 328.9)(205.2, 243.3);GATE
Port:(205.2, 256.5)(210.3, 256.5)(210.3, 315.7)(205.2, 315.7);SD
Port:(361.5, 243.3)(361.5, 316.6)(282.6, 316.6)(282.6, 328.9)(212.2, 328.9)(212.2, 243.3);GATE
Port:(350.4, 250.0)(355.8, 250.0)(355.8, 308.9)(350.4, 308.9);SD
Module:M15
Boundary:(185.1, 175.8)(132.0, 175.8)(132.0, 320.0)(185.1, 320.0);GATE
Port:(147.3, 315.5)(169.8, 315.5)(169.8, 320.0)(147.3, 320.0);SD
Port:(185.1, 175.8)(132.0, 175.8)(132.0, 313.8)(185.1, 313.8);GATE
Port:(138.8, 181.6)(178.3, 181.6)(178.3, 188.0)(138.8, 188.0);SD
Module:M18
Boundary:(218.9, 388.7)(218.9, 482.1)(114.3, 482.1)(114.3, 495.9)(20.0, 495.9)(20.0, 388.7);GATE
Port:(20.0, 402.2)(24.6, 402.2)(24.6, 482.4)(20.0, 482.4);SD
Port:(218.9, 388.7)(218.9, 482.1)(114.3, 482.1)(114.3, 495.9)(27.1, 495.9)(27.1, 388.7);GATE
Port:(207.3, 395.5)(213.1, 395.5)(213.1, 474.3)(207.3, 474.3);SD
Module:M14
Boundary:(228.2, 397.5)(346.3, 397.5)(346.3, 410.9)(364.6, 410.9)(364.6, 561.5)(228.2, 561.5);GATE
Port:(244.2, 556.0)(348.6, 556.0)(348.6, 561.5)(244.2, 561.5);SD
Port:(228.2, 397.5)(346.3, 397.5)(346.3, 410.9)(364.6, 410.9)(364.6, 554.2)(228.2, 554.2);GATE
Port:(235.0, 403.3)(338.5, 403.3)(338.5, 410.1)(235.0, 410.1);SD
Module:M4
Boundary:(164.7, 488.3)(209.9, 488.3)(209.9, 570.6)(222.9, 570.6)(222.9, 674.6)(164.7, 674.6);GATE
Port:(176.7, 669.6)(210.9, 669.6)(210.9, 674.6)(176.7, 674.6);SD
Port:(164.7, 488.3)(209.9, 488.3)(209.9, 570.6)(222.9, 570.6)(222.9, 668.4)(164.7, 668.4);GATE
Port:(170.0, 492.6)(203.6, 492.6)(203.6, 498.2)(170.0, 498.2);SD
Module:M16
Boundary:(47.2, 505.7)(135.9, 505.7)(135.9, 538.0)(151.0, 538.0)(151.0, 694.3)(47.2, 694.3);GATE
Port:(61.2, 688.4)(137.0, 688.4)(137.0, 694.3)(61.2, 694.3);SD
Port:(47.2, 505.7)(135.9, 505.7)(135.9, 538.0)(151.0, 538.0)(151.0, 686.0)(47.2, 686.0);GATE
Port:(52.9, 510.4)(128.2, 510.4)(128.2, 517.3)(52.9, 517.3);SD
Module:M13
Boundary:(257.0, 576.6)(389.1, 576.6)(389.1, 748.7)(257.0, 748.7);GATE
Port:(272.0, 742.8)(374.1, 742.8)(374.1, 748.7)(272.0, 748.7);SD
Port:(257.0, 576.6)(389.1, 576.6)(389.1, 741.6)(257.0, 741.6);GATE
Port:(263.1, 581.7)(383.0, 581.7)(383.0, 588.3)(263.1, 588.3);SD
Module:M9
Boundary:(376.2, 813.4)(376.2, 764.7)(376.1, 764.7)(376.1, 750.0)(228.8, 750.0)(228.8, 813.4);GATE
Port:(228.8, 763.9)(234.1, 763.9)(234.1, 799.5)(228.8, 799.5);SD
Port:(376.2, 813.4)(376.2, 764.7)(376.1, 764.7)(376.1, 750.0)(236.2, 750.0)(236.2, 813.4);GATE
Port:(364.6, 771.2)(370.7, 771.2)(370.7, 806.9)(364.6, 806.9);SD
Module:M17
Boundary:(202.8, 700.1)(202.8, 802.0)(12.9, 802.0)(12.9, 700.1);GATE
Port:(12.9, 712.4)(17.3, 712.4)(17.3, 789.7)(12.9, 789.7);SD
Port:(202.8, 700.1)(202.8, 802.0)(19.3, 802.0)(19.3, 700.1);GATE
Port:(192.2, 705.7)(198.2, 705.7)(198.2, 796.4)(192.2, 796.4);SD
Module:M6
Boundary:(212.4, 852.5)(212.4, 951.5)(178.6, 951.5)(178.6, 966.6)(20.0, 966.6)(20.0, 852.5);GATE
Port:(20.0, 866.1)(24.4, 866.1)(24.4, 953.0)(20.0, 953.0);SD
Port:(212.4, 852.5)(212.4, 951.5)(178.6, 951.5)(178.6, 966.6)(26.1, 966.6)(26.1, 852.5);GATE
Port:(201.9, 857.7)(208.2, 857.7)(208.2, 945.3)(201.9, 945.3);SD
Module:M7
Boundary:(381.7, 830.0)(381.7, 932.1)(381.6, 932.1)(381.6, 948.6)(240.0, 948.6)(240.0, 830.0);GATE
Port:(240.0, 844.3)(244.0, 844.3)(244.0, 934.3)(240.0, 934.3);SD
Port:(381.7, 830.0)(381.7, 932.1)(381.6, 932.1)(381.6, 948.6)(245.3, 948.6)(245.3, 830.0);GATE
Port:(369.7, 835.9)(376.8, 835.9)(376.8, 926.2)(369.7, 926.2);SD
Module:M2
Boundary:(233.6, 1092.5)(233.6, 1023.1)(139.1, 1023.1)(139.1, 1008.1)(18.9, 1008.1)(18.9, 1092.5);GATE
Port:(18.9, 1022.5)(23.7, 1022.5)(23.7, 1078.0)(18.9, 1078.0);SD
Port:(233.6, 1092.5)(233.6, 1023.1)(139.1, 1023.1)(139.1, 1008.1)(26.0, 1008.1)(26.0, 1092.5);GATE
Port:(221.5, 1030.5)(228.3, 1030.5)(228.3, 1086.2)(221.5, 1086.2);SD
Module:M11
Boundary:(366.5, 976.6)(253.5, 976.6)(253.5, 1064.5)(366.5, 1064.5);GATE
Port:(269.2, 1058.6)(350.8, 1058.6)(350.8, 1064.5)(269.2, 1064.5);SD
Port:(366.5, 976.6)(253.5, 976.6)(253.5, 1055.9)(366.5, 1055.9);GATE
Port:(260.2, 982.3)(359.8, 982.3)(359.8, 989.2)(260.2, 989.2);SD
Module:M19
Boundary:(334.9, 1112.6)(334.9, 1160.5)(334.8, 1160.5)(334.8, 1176.9)(250.1, 1176.9)(250.1, 1112.6);GATE
Port:(250.1, 1124.4)(254.4, 1124.4)(254.4, 1165.1)(250.1, 1165.1);SD
Port:(334.9, 1112.6)(334.9, 1160.5)(334.8, 1160.5)(334.8, 1176.9)(255.8, 1176.9)(255.8, 1112.6);GATE
Port:(325.7, 1117.8)(330.7, 1117.8)(330.7, 1155.3)(325.7, 1155.3);SD
Module:M1
Boundary:(247.9, 1150.6)(195.6, 1150.6)(195.6, 1150.7)(176.9, 1150.7)(176.9, 1228.6)(247.9, 1228.6);GATE
Port:(189.8, 1223.8)(235.0, 1223.8)(235.0, 1228.6)(189.8, 1228.6);SD
Port:(247.9, 1150.6)(195.6, 1150.6)(195.6, 1150.7)(176.9, 1150.7)(176.9, 1222.0)(247.9, 1222.0);GATE
Port:(200.9, 1154.9)(242.6, 1154.9)(242.6, 1160.2)(200.9, 1160.2);SD
Module:M5
Boundary:(39.2, 1154.0)(39.2, 1238.0)(165.3, 1238.0)(165.3, 1154.0);GATE
Port:(160.5, 1166.8)(165.3, 1166.8)(165.3, 1225.0)(160.5, 1225.0);SD
Port:(39.2, 1154.0)(39.2, 1238.0)(159.2, 1238.0)(159.2, 1154.0);GATE
Port:(44.3, 1160.0)(49.2, 1160.0)(49.2, 1231.8)(44.3, 1231.8);SD
