Area:(-11.1, -20.0)(1087.9, -20.0)(1087.9, 555.0)(-11.1, 555.0)
Rule:GATE(5,5);SD(5,5);GATE_SD(0.5);GATE_ITO(0.5);SD_ITO(0.5)
Module:M8
Boundary:(819.0, 33.7)(819.0, 106.7)(890.0, 106.7)(890.0, 33.7);GATE
Port:(880.0, 48.2)(890.0, 48.2)(890.0, 92.2)(880.0, 92.2);SD
Port:(819.0, 33.7)(819.0, 106.7)(875.0, 106.7)(875.0, 33.7);GATE
Port:(824.0, 43.7)(828.0, 43.7)(828.0, 96.7)(824.0, 96.7);SD
Module:M3
Boundary:(1047.9, 103.8)(1047.9, 30.8)(913.9, 30.8)(913.9, 103.8);GATE
Port:(913.9, 45.3)(923.9, 45.3)(923.9, 89.3)(913.9, 89.3);SD
Port:(1047.9, 103.8)(1047.9, 30.8)(928.9, 30.8)(928.9, 103.8);GATE
Port:(1038.9, 40.8)(1042.9, 40.8)(1042.9, 93.8)(1038.9, 93.8);SD
Module:M15
Boundary:(699.4, 20.0)(772.4, 20.0)(772.4, 178.0)(699.4, 178.0);GATE
Port:(713.9, 168.0)(757.9, 168.0)(757.9, 178.0)(713.9, 178.0);SD
Port:(699.4, 20.0)(772.4, 20.0)(772.4, 163.0)(699.4, 163.0);GATE
Port:(709.4, 25.0)(762.4, 25.0)(762.4, 29.0)(709.4, 29.0);SD
Module:M2
Boundary:(684.0, 183.0)(684.0, 35.5)(668.0, 35.5)(668.0, 20.0)(531.0, 20.0)(531.0, 183.0);GATE
Port:(531.0, 34.5)(541.0, 34.5)(541.0, 168.5)(531.0, 168.5);SD
Port:(684.0, 183.0)(684.0, 35.5)(668.0, 35.5)(668.0, 20.0)(546.0, 20.0)(546.0, 183.0);GATE
Port:(675.0, 50.0)(679.0, 50.0)(679.0, 173.0)(675.0, 173.0);SD
Module:M7
Boundary:(499.7, 200.0)(388.2, 200.0)(388.2, 188.0)(372.7, 188.0)(372.7, 20.0)(499.7, 20.0);GATE
Port:(387.2, 20.0)(485.2, 20.0)(485.2, 30.0)(387.2, 30.0);SD
Port:(499.7, 200.0)(388.2, 200.0)(388.2, 188.0)(372.7, 188.0)(372.7, 35.0)(499.7, 35.0);GATE
Port:(402.7, 191.0)(489.7, 191.0)(489.7, 195.0)(402.7, 195.0);SD
Module:M18
Boundary:(28.9, 33.6)(28.9, 145.1)(120.7, 145.1)(120.7, 214.6)(176.9, 214.6)(176.9, 33.6);GATE
Port:(166.9, 48.1)(176.9, 48.1)(176.9, 200.1)(166.9, 200.1);SD
Port:(28.9, 33.6)(28.9, 145.1)(120.7, 145.1)(120.7, 214.6)(161.9, 214.6)(161.9, 33.6);GATE
Port:(33.9, 43.6)(37.9, 43.6)(37.9, 130.6)(33.9, 130.6);SD
Module:M14
Boundary:(306.0, 25.9)(306.0, 155.4)(277.9, 155.4)(277.9, 206.9)(208.0, 206.9)(208.0, 25.9);GATE
Port:(208.0, 40.4)(218.0, 40.4)(218.0, 192.4)(208.0, 192.4);SD
Port:(306.0, 25.9)(306.0, 155.4)(277.9, 155.4)(277.9, 206.9)(223.0, 206.9)(223.0, 25.9);GATE
Port:(297.0, 35.9)(301.0, 35.9)(301.0, 140.9)(297.0, 140.9);SD
Module:M20
Boundary:(923.1, 130.0)(923.1, 259.5)(904.1, 259.5)(904.1, 275.0)(798.1, 275.0)(798.1, 130.0);GATE
Port:(798.1, 144.5)(808.1, 144.5)(808.1, 260.5)(798.1, 260.5);SD
Port:(923.1, 130.0)(923.1, 259.5)(904.1, 259.5)(904.1, 275.0)(813.1, 275.0)(813.1, 130.0);GATE
Port:(914.1, 140.0)(918.1, 140.0)(918.1, 245.0)(914.1, 245.0);SD
Module:M12
Boundary:(934.8, 311.4)(934.8, 181.8)(948.7, 181.8)(948.7, 166.3)(1001.8, 166.3)(1001.8, 311.4);GATE
Port:(991.8, 180.8)(1001.8, 180.8)(1001.8, 296.9)(991.8, 296.9);SD
Port:(934.8, 311.4)(934.8, 181.8)(948.7, 181.8)(948.7, 166.3)(986.8, 166.3)(986.8, 311.4);GATE
Port:(939.8, 196.3)(943.8, 196.3)(943.8, 301.4)(939.8, 301.4);SD
Module:M4
Boundary:(343.8, 257.1)(343.8, 330.1)(267.8, 330.1)(267.8, 257.1);GATE
Port:(267.8, 271.6)(277.8, 271.6)(277.8, 315.6)(267.8, 315.6);SD
Port:(343.8, 257.1)(343.8, 330.1)(282.8, 330.1)(282.8, 257.1);GATE
Port:(334.8, 267.1)(338.8, 267.1)(338.8, 320.1)(334.8, 320.1);SD
Module:M13
Boundary:(242.7, 222.3)(242.7, 298.4)(234.7, 298.4)(234.7, 313.3)(54.7, 313.3)(54.7, 222.3);GATE
Port:(54.7, 236.8)(64.7, 236.8)(64.7, 298.8)(54.7, 298.8);SD
Port:(242.7, 222.3)(242.7, 298.4)(234.7, 298.4)(234.7, 313.3)(69.7, 313.3)(69.7, 222.3);GATE
Port:(233.7, 232.3)(237.7, 232.3)(237.7, 283.3)(233.7, 283.3);SD
Module:M16
Boundary:(366.0, 261.9)(495.5, 261.9)(495.5, 300.5)(529.0, 300.5)(529.0, 354.9)(366.0, 354.9);GATE
Port:(380.5, 344.9)(514.5, 344.9)(514.5, 354.9)(380.5, 354.9);SD
Port:(366.0, 261.9)(495.5, 261.9)(495.5, 300.5)(529.0, 300.5)(529.0, 339.9)(366.0, 339.9);GATE
Port:(376.0, 266.9)(481.0, 266.9)(481.0, 270.9)(376.0, 270.9);SD
Module:M17
Boundary:(765.0, 223.0)(765.0, 334.5)(753.0, 334.5)(753.0, 350.0)(686.0, 350.0)(686.0, 223.0);GATE
Port:(686.0, 237.5)(696.0, 237.5)(696.0, 335.5)(686.0, 335.5);SD
Port:(765.0, 223.0)(765.0, 334.5)(753.0, 334.5)(753.0, 350.0)(701.0, 350.0)(701.0, 223.0);GATE
Port:(756.0, 233.0)(760.0, 233.0)(760.0, 320.0)(756.0, 320.0);SD
Module:M5
Boundary:(564.0, 361.0)(640.0, 361.0)(640.0, 353.0)(655.0, 353.0)(655.0, 223.0)(564.0, 223.0);GATE
Port:(578.5, 223.0)(640.5, 223.0)(640.5, 233.0)(578.5, 233.0);SD
Port:(564.0, 361.0)(640.0, 361.0)(640.0, 353.0)(655.0, 353.0)(655.0, 238.0)(564.0, 238.0);GATE
Port:(574.0, 352.0)(625.0, 352.0)(625.0, 356.0)(574.0, 356.0);SD
Module:M19
Boundary:(752.5, 361.2)(825.5, 361.2)(825.5, 485.2)(752.5, 485.2);GATE
Port:(767.0, 475.2)(811.0, 475.2)(811.0, 485.2)(767.0, 485.2);SD
Port:(752.5, 361.2)(825.5, 361.2)(825.5, 470.2)(752.5, 470.2);GATE
Port:(762.5, 366.2)(815.5, 366.2)(815.5, 370.2)(762.5, 370.2);SD
Module:M1
Boundary:(369.7, 373.0)(499.2, 373.0)(499.2, 387.0)(514.7, 387.0)(514.7, 515.0)(369.7, 515.0);GATE
Port:(384.2, 505.0)(500.2, 505.0)(500.2, 515.0)(384.2, 515.0);SD
Port:(369.7, 373.0)(499.2, 373.0)(499.2, 387.0)(514.7, 387.0)(514.7, 500.0)(369.7, 500.0);GATE
Port:(379.7, 378.0)(484.7, 378.0)(484.7, 382.0)(379.7, 382.0);SD
Module:M6
Boundary:(685.1, 368.8)(555.6, 368.8)(555.6, 418.0)(522.1, 418.0)(522.1, 482.8)(685.1, 482.8);GATE
Port:(536.6, 472.8)(670.6, 472.8)(670.6, 482.8)(536.6, 482.8);SD
Port:(685.1, 368.8)(555.6, 368.8)(555.6, 418.0)(522.1, 418.0)(522.1, 467.8)(685.1, 467.8);GATE
Port:(570.1, 373.8)(675.1, 373.8)(675.1, 377.8)(570.1, 377.8);SD
Module:M9
Boundary:(188.7, 319.8)(188.7, 449.3)(174.7, 449.3)(174.7, 464.8)(40.7, 464.8)(40.7, 319.8);GATE
Port:(40.7, 334.3)(50.7, 334.3)(50.7, 450.3)(40.7, 450.3);SD
Port:(188.7, 319.8)(188.7, 449.3)(174.7, 449.3)(174.7, 464.8)(55.7, 464.8)(55.7, 319.8);GATE
Port:(179.7, 329.8)(183.7, 329.8)(183.7, 434.8)(179.7, 434.8);SD
Module:M11
Boundary:(335.7, 345.1)(335.7, 474.6)(321.7, 474.6)(321.7, 490.1)(217.7, 490.1)(217.7, 345.1);GATE
Port:(217.7, 359.6)(227.7, 359.6)(227.7, 475.6)(217.7, 475.6);SD
Port:(335.7, 345.1)(335.7, 474.6)(321.7, 474.6)(321.7, 490.1)(232.7, 490.1)(232.7, 345.1);GATE
Port:(326.7, 355.1)(330.7, 355.1)(330.7, 460.1)(326.7, 460.1);SD
Module:M10
Boundary:(1011.2, 492.1)(1011.2, 434.6)(912.8, 434.6)(912.8, 293.1)(826.2, 293.1)(826.2, 492.1);GATE
Port:(826.2, 307.6)(836.2, 307.6)(836.2, 477.6)(826.2, 477.6);SD
Port:(1011.2, 492.1)(1011.2, 434.6)(912.8, 434.6)(912.8, 293.1)(841.2, 293.1)(841.2, 492.1);GATE
Port:(1002.2, 449.1)(1006.2, 449.1)(1006.2, 482.1)(1002.2, 482.1);SD
