Area:(-20.0, -20.0)(433.0, -20.0)(433.0, 978.0)(-20.0, 978.0)
Rule:GATE(5,5);SD(5,5);GATE_SD(0.5);GATE_ITO(0.5);SD_ITO(0.5)
Module:M9
Boundary:(393.0, 490.0)(393.0, 583.5)(285.6, 583.5)(285.6, 725.0)(242.0, 725.0)(242.0, 490.0);GATE
Port:(242.0, 504.5)(252.0, 504.5)(252.0, 710.5)(242.0, 710.5);SD
Port:(393.0, 490.0)(393.0, 583.5)(285.6, 583.5)(285.6, 725.0)(257.0, 725.0)(257.0, 490.0);GATE
Port:(384.0, 500.0)(388.0, 500.0)(388.0, 569.0)(384.0, 569.0);SD
Module:M5
Boundary:(364.0, 775.0)(364.0, 868.5)(276.7, 868.5)(276.7, 938.0)(166.0, 938.0)(166.0, 775.0);GATE
Port:(166.0, 789.5)(176.0, 789.5)(176.0, 923.5)(166.0, 923.5);SD
Port:(364.0, 775.0)(364.0, 868.5)(276.7, 868.5)(276.7, 938.0)(181.0, 938.0)(181.0, 775.0);GATE
Port:(355.0, 785.0)(359.0, 785.0)(359.0, 854.0)(355.0, 854.0);SD
Module:M1
Boundary:(248.0, 20.0)(341.5, 20.0)(341.5, 62.2)(375.0, 62.2)(375.0, 124.0)(248.0, 124.0);GATE
Port:(262.5, 114.0)(360.5, 114.0)(360.5, 124.0)(262.5, 124.0);SD
Port:(248.0, 20.0)(341.5, 20.0)(341.5, 62.2)(375.0, 62.2)(375.0, 109.0)(248.0, 109.0);GATE
Port:(258.0, 25.0)(327.0, 25.0)(327.0, 29.0)(258.0, 29.0);SD
Module:M6
Boundary:(255.0, 164.0)(366.5, 164.0)(366.5, 176.0)(382.0, 176.0)(382.0, 227.0)(255.0, 227.0);GATE
Port:(269.5, 217.0)(367.5, 217.0)(367.5, 227.0)(269.5, 227.0);SD
Port:(255.0, 164.0)(366.5, 164.0)(366.5, 176.0)(382.0, 176.0)(382.0, 212.0)(255.0, 212.0);GATE
Port:(265.0, 169.0)(352.0, 169.0)(352.0, 173.0)(265.0, 173.0);SD
Module:M2
Boundary:(215.0, 187.0)(215.0, 298.5)(155.0, 298.5)(155.0, 350.0)(20.0, 350.0)(20.0, 187.0);GATE
Port:(20.0, 201.5)(30.0, 201.5)(30.0, 335.5)(20.0, 335.5);SD
Port:(215.0, 187.0)(215.0, 298.5)(155.0, 298.5)(155.0, 350.0)(35.0, 350.0)(35.0, 187.0);GATE
Port:(206.0, 197.0)(210.0, 197.0)(210.0, 284.0)(206.0, 284.0);SD
Module:M10
Boundary:(362.0, 277.0)(362.0, 424.5)(346.0, 424.5)(346.0, 440.0)(265.0, 440.0)(265.0, 277.0);GATE
Port:(265.0, 291.5)(275.0, 291.5)(275.0, 425.5)(265.0, 425.5);SD
Port:(362.0, 277.0)(362.0, 424.5)(346.0, 424.5)(346.0, 440.0)(280.0, 440.0)(280.0, 277.0);GATE
Port:(353.0, 287.0)(357.0, 287.0)(357.0, 410.0)(353.0, 410.0);SD
Module:M7
Boundary:(202.0, 390.0)(202.0, 519.5)(188.0, 519.5)(188.0, 535.0)(20.0, 535.0)(20.0, 390.0);GATE
Port:(20.0, 404.5)(30.0, 404.5)(30.0, 520.5)(20.0, 520.5);SD
Port:(202.0, 390.0)(202.0, 519.5)(188.0, 519.5)(188.0, 535.0)(35.0, 535.0)(35.0, 390.0);GATE
Port:(193.0, 400.0)(197.0, 400.0)(197.0, 505.0)(193.0, 505.0);SD
Module:M3
Boundary:(208.0, 20.0)(208.0, 131.5)(196.0, 131.5)(196.0, 147.0)(20.0, 147.0)(20.0, 20.0);GATE
Port:(20.0, 34.5)(30.0, 34.5)(30.0, 132.5)(20.0, 132.5);SD
Port:(208.0, 20.0)(208.0, 131.5)(196.0, 131.5)(196.0, 147.0)(35.0, 147.0)(35.0, 20.0);GATE
Port:(199.0, 30.0)(203.0, 30.0)(203.0, 117.0)(199.0, 117.0);SD
Module:M8
Boundary:(20.0, 575.0)(167.5, 575.0)(167.5, 640.2)(201.0, 640.2)(201.0, 719.0)(20.0, 719.0);GATE
Port:(34.5, 709.0)(186.5, 709.0)(186.5, 719.0)(34.5, 719.0);SD
Port:(20.0, 575.0)(167.5, 575.0)(167.5, 640.2)(201.0, 640.2)(201.0, 704.0)(20.0, 704.0);GATE
Port:(30.0, 580.0)(153.0, 580.0)(153.0, 584.0)(30.0, 584.0);SD
Module:M4
Boundary:(116.0, 759.0)(116.0, 888.5)(102.0, 888.5)(102.0, 904.0)(20.0, 904.0)(20.0, 759.0);GATE
Port:(20.0, 773.5)(30.0, 773.5)(30.0, 889.5)(20.0, 889.5);SD
Port:(116.0, 759.0)(116.0, 888.5)(102.0, 888.5)(102.0, 904.0)(35.0, 904.0)(35.0, 759.0);GATE
Port:(107.0, 769.0)(111.0, 769.0)(111.0, 874.0)(107.0, 874.0);SD
