Area:(-20.0, -20.0)(429.0, -20.0)(429.0, 1203.5)(-20.0, 1203.5)
Rule:GATE(5,5);SD(5,5);GATE_SD(0.5);GATE_ITO(0.5);SD_ITO(0.5)
Module:M14
Boundary:(369.0, 1100.4)(369.0, 1149.5)(314.5, 1149.5)(314.5, 1163.5)(207.1, 1163.5)(207.1, 1100.4);GATE
Port:(207.1, 1113.9)(212.2, 1113.9)(212.2, 1150.0)(207.1, 1150.0);SD
Port:(369.0, 1100.4)(369.0, 1149.5)(314.5, 1149.5)(314.5, 1163.5)(214.9, 1163.5)(214.9, 1100.4);GATE
Port:(358.4, 1105.9)(364.5, 1105.9)(364.5, 1143.0)(358.4, 1143.0);SD
Module:M9
Boundary:(295.3, 20.0)(388.9, 20.0)(388.9, 237.0)(295.3, 237.0);GATE
Port:(311.6, 231.0)(372.6, 231.0)(372.6, 237.0)(311.6, 237.0);SD
Port:(295.3, 20.0)(388.9, 20.0)(388.9, 228.8)(295.3, 228.8);GATE
Port:(301.4, 25.1)(382.8, 25.1)(382.8, 32.9)(301.4, 32.9);SD
Module:M5
Boundary:(167.1, 1053.1)(167.1, 1157.6)(20.0, 1157.6)(20.0, 1053.1);GATE
Port:(20.0, 1066.7)(25.3, 1066.7)(25.3, 1144.0)(20.0, 1144.0);SD
Port:(167.1, 1053.1)(167.1, 1157.6)(27.6, 1157.6)(27.6, 1053.1);GATE
Port:(156.7, 1058.7)(162.5, 1058.7)(162.5, 1152.0)(156.7, 1152.0);SD
Module:M11
Boundary:(163.2, 20.0)(255.3, 20.0)(255.3, 147.1)(163.2, 147.1);GATE
Port:(179.1, 142.5)(239.4, 142.5)(239.4, 147.1)(179.1, 147.1);SD
Port:(163.2, 20.0)(255.3, 20.0)(255.3, 140.4)(163.2, 140.4);GATE
Port:(169.2, 25.0)(249.3, 25.0)(249.3, 32.5)(169.2, 32.5);SD
Module:M1
Boundary:(20.0, 695.2)(113.1, 695.2)(113.1, 890.8)(20.0, 890.8);GATE
Port:(35.3, 885.6)(97.8, 885.6)(97.8, 890.8)(35.3, 890.8);SD
Port:(20.0, 695.2)(113.1, 695.2)(113.1, 883.6)(20.0, 883.6);GATE
Port:(26.5, 700.7)(106.6, 700.7)(106.6, 707.6)(26.5, 707.6);SD
Module:M19
Boundary:(371.9, 964.1)(371.9, 1045.0)(371.5, 1045.0)(371.5, 1060.4)(207.1, 1060.4)(207.1, 964.1);GATE
Port:(207.1, 978.1)(211.6, 978.1)(211.6, 1046.4)(207.1, 1046.4);SD
Port:(371.9, 964.1)(371.9, 1045.0)(371.5, 1045.0)(371.5, 1060.4)(213.8, 1060.4)(213.8, 964.1);GATE
Port:(359.9, 970.4)(366.6, 970.4)(366.6, 1038.7)(359.9, 1038.7);SD
Module:M6
Boundary:(126.5, 235.9)(126.5, 303.9)(68.5, 303.9)(68.5, 319.5)(20.0, 319.5)(20.0, 235.9);GATE
Port:(20.0, 248.9)(24.3, 248.9)(24.3, 306.5)(20.0, 306.5);SD
Port:(126.5, 235.9)(126.5, 303.9)(68.5, 303.9)(68.5, 319.5)(25.9, 319.5)(25.9, 235.9);GATE
Port:(115.4, 241.7)(121.7, 241.7)(121.7, 297.1)(115.4, 297.1);SD
Module:M2
Boundary:(174.6, 187.1)(220.8, 187.1)(220.8, 278.4)(234.4, 278.4)(234.4, 392.5)(174.6, 392.5);GATE
Port:(186.0, 387.6)(223.0, 387.6)(223.0, 392.5)(186.0, 392.5);SD
Port:(174.6, 187.1)(220.8, 187.1)(220.8, 278.4)(234.4, 278.4)(234.4, 386.5)(174.6, 386.5);GATE
Port:(181.0, 192.5)(213.4, 192.5)(213.4, 196.6)(181.0, 196.6);SD
Module:M16
Boundary:(20.0, 20.0)(109.9, 20.0)(109.9, 97.0)(123.2, 97.0)(123.2, 195.9)(20.0, 195.9);GATE
Port:(32.3, 191.8)(110.9, 191.8)(110.9, 195.9)(32.3, 195.9);SD
Port:(20.0, 20.0)(109.9, 20.0)(109.9, 97.0)(123.2, 97.0)(123.2, 190.3)(20.0, 190.3);GATE
Port:(26.5, 25.5)(102.4, 25.5)(102.4, 30.3)(26.5, 30.3);SD
Module:M13
Boundary:(166.6, 936.5)(166.6, 1013.1)(20.0, 1013.1)(20.0, 936.5);GATE
Port:(20.0, 949.6)(24.6, 949.6)(24.6, 1000.0)(20.0, 1000.0);SD
Port:(166.6, 936.5)(166.6, 1013.1)(26.1, 1013.1)(26.1, 936.5);GATE
Port:(155.6, 942.5)(161.6, 942.5)(161.6, 1007.1)(155.6, 1007.1);SD
Module:M10
Boundary:(20.0, 496.7)(90.4, 496.7)(90.4, 655.2)(20.0, 655.2);GATE
Port:(34.6, 649.6)(75.8, 649.6)(75.8, 655.2)(34.6, 655.2);SD
Port:(20.0, 496.7)(90.4, 496.7)(90.4, 647.7)(20.0, 647.7);GATE
Port:(26.8, 502.5)(83.6, 502.5)(83.6, 508.3)(26.8, 508.3);SD
Module:M7
Boundary:(263.0, 829.4)(263.0, 896.5)(153.1, 896.5)(153.1, 829.4);GATE
Port:(153.1, 843.2)(157.4, 843.2)(157.4, 882.7)(153.1, 882.7);SD
Port:(263.0, 829.4)(263.0, 896.5)(160.1, 896.5)(160.1, 829.4);GATE
Port:(252.6, 834.8)(258.6, 834.8)(258.6, 891.1)(252.6, 891.1);SD
Module:M3
Boundary:(274.4, 277.0)(387.5, 277.0)(387.5, 392.2)(274.4, 392.2);GATE
Port:(288.1, 386.2)(373.8, 386.2)(373.8, 392.2)(288.1, 392.2);SD
Port:(274.4, 277.0)(387.5, 277.0)(387.5, 384.8)(274.4, 384.8);GATE
Port:(280.0, 281.6)(381.9, 281.6)(381.9, 288.1)(280.0, 288.1);SD
Module:M18
Boundary:(153.1, 627.5)(224.5, 627.5)(224.5, 708.7)(240.9, 708.7)(240.9, 789.4)(153.1, 789.4);GATE
Port:(167.7, 783.5)(226.3, 783.5)(226.3, 789.4)(167.7, 789.4);SD
Port:(153.1, 627.5)(224.5, 627.5)(224.5, 708.7)(240.9, 708.7)(240.9, 781.2)(153.1, 781.2);GATE
Port:(159.2, 632.6)(217.4, 632.6)(217.4, 638.7)(159.2, 638.7);SD
Module:M20
Boundary:(385.2, 660.5)(385.2, 728.6)(346.0, 728.6)(346.0, 742.9)(280.9, 742.9)(280.9, 660.5);GATE
Port:(280.9, 675.7)(285.8, 675.7)(285.8, 727.7)(280.9, 727.7);SD
Port:(385.2, 660.5)(385.2, 728.6)(346.0, 728.6)(346.0, 742.9)(286.9, 742.9)(286.9, 660.5);GATE
Port:(372.2, 667.4)(379.3, 667.4)(379.3, 720.7)(372.2, 720.7);SD
Module:M15
Boundary:(359.1, 432.5)(359.1, 482.6)(174.6, 482.6)(174.6, 432.5);GATE
Port:(174.6, 446.1)(178.9, 446.1)(178.9, 469.0)(174.6, 469.0);SD
Port:(359.1, 432.5)(359.1, 482.6)(181.5, 482.6)(181.5, 432.5);GATE
Port:(348.0, 439.1)(353.5, 439.1)(353.5, 476.0)(348.0, 476.0);SD
Module:M12
Boundary:(303.0, 782.9)(373.7, 782.9)(373.7, 840.8)(389.0, 840.8)(389.0, 924.1)(303.0, 924.1);GATE
Port:(318.4, 919.4)(373.6, 919.4)(373.6, 924.1)(318.4, 924.1);SD
Port:(303.0, 782.9)(373.7, 782.9)(373.7, 840.8)(389.0, 840.8)(389.0, 917.6)(303.0, 917.6);GATE
Port:(309.8, 788.7)(365.9, 788.7)(365.9, 795.2)(309.8, 795.2);SD
Module:M8
Boundary:(388.3, 522.6)(388.3, 620.5)(280.9, 620.5)(280.9, 522.6);GATE
Port:(280.9, 536.0)(285.7, 536.0)(285.7, 607.1)(280.9, 607.1);SD
Port:(388.3, 522.6)(388.3, 620.5)(288.6, 620.5)(288.6, 522.6);GATE
Port:(377.7, 528.4)(383.5, 528.4)(383.5, 614.7)(377.7, 614.7);SD
Module:M4
Boundary:(134.6, 359.5)(134.6, 442.3)(99.5, 442.3)(99.5, 456.7)(20.0, 456.7)(20.0, 359.5);GATE
Port:(20.0, 374.0)(26.0, 374.0)(26.0, 442.2)(20.0, 442.2);SD
Port:(134.6, 359.5)(134.6, 442.3)(99.5, 442.3)(99.5, 456.7)(27.3, 456.7)(27.3, 359.5);GATE
Port:(122.4, 366.4)(128.7, 366.4)(128.7, 434.4)(122.4, 434.4);SD
Module:M17
Boundary:(239.6, 522.6)(239.6, 587.5)(130.4, 587.5)(130.4, 522.6);GATE
Port:(130.4, 534.5)(134.8, 534.5)(134.8, 575.6)(130.4, 575.6);SD
Port:(239.6, 522.6)(239.6, 587.5)(136.9, 587.5)(136.9, 522.6);GATE
Port:(230.0, 527.6)(235.6, 527.6)(235.6, 582.5)(230.0, 582.5);SD
