Area:(-11.9, -20.0)(371.0, -20.0)(371.0, 428.8)(-11.9, 428.8)
Rule:GATE(5,5);SD(5,5);GATE_SD(0.5);GATE_ITO(0.5);SD_ITO(0.5)
Module:M5
Boundary:(123.1, 34.2)(123.1, 127.7)(113.1, 127.7)(113.1, 143.2)(28.1, 143.2)(28.1, 34.2);GATE
Port:(28.1, 48.7)(38.1, 48.7)(38.1, 128.7)(28.1, 128.7);SD
Port:(123.1, 34.2)(123.1, 127.7)(113.1, 127.7)(113.1, 143.2)(43.1, 143.2)(43.1, 34.2);GATE
Port:(114.1, 44.2)(118.1, 44.2)(118.1, 113.2)(114.1, 113.2);SD
Module:M4
Boundary:(277.7, 20.0)(277.7, 113.5)(212.7, 113.5)(212.7, 219.0)(123.7, 219.0)(123.7, 20.0);GATE
Port:(123.7, 34.5)(133.7, 34.5)(133.7, 204.5)(123.7, 204.5);SD
Port:(277.7, 20.0)(277.7, 113.5)(212.7, 113.5)(212.7, 219.0)(138.7, 219.0)(138.7, 20.0);GATE
Port:(268.7, 30.0)(272.7, 30.0)(272.7, 99.0)(268.7, 99.0);SD
Module:M1
Boundary:(94.2, 284.2)(94.2, 208.2)(86.2, 208.2)(86.2, 193.2)(32.2, 193.2)(32.2, 284.2);GATE
Port:(32.2, 207.7)(42.2, 207.7)(42.2, 269.7)(32.2, 269.7);SD
Port:(94.2, 284.2)(94.2, 208.2)(86.2, 208.2)(86.2, 193.2)(47.2, 193.2)(47.2, 284.2);GATE
Port:(85.2, 223.2)(89.2, 223.2)(89.2, 274.2)(85.2, 274.2);SD
Module:M3
Boundary:(41.7, 371.0)(41.7, 298.0)(167.7, 298.0)(167.7, 371.0);GATE
Port:(157.7, 312.5)(167.7, 312.5)(167.7, 356.5)(157.7, 356.5);SD
Port:(41.7, 371.0)(41.7, 298.0)(152.7, 298.0)(152.7, 371.0);GATE
Port:(46.7, 308.0)(50.7, 308.0)(50.7, 361.0)(46.7, 361.0);SD
Module:M2
Boundary:(186.0, 388.8)(315.5, 388.8)(315.5, 374.8)(331.0, 374.8)(331.0, 235.8)(186.0, 235.8);GATE
Port:(200.5, 235.8)(316.5, 235.8)(316.5, 245.8)(200.5, 245.8);SD
Port:(186.0, 388.8)(315.5, 388.8)(315.5, 374.8)(331.0, 374.8)(331.0, 250.8)(186.0, 250.8);GATE
Port:(196.0, 379.8)(301.0, 379.8)(301.0, 383.8)(196.0, 383.8);SD
