Area:(-20.0, -20.0)(462.1, -20.0)(462.1, 275.3)(-20.0, 275.3)
Rule:GATE(5,5);SD(5,5);GATE_SD(0.5);GATE_ITO(0.5);SD_ITO(0.5)
Module:M5
Boundary:(356.0, 20.0)(422.1, 20.0)(422.1, 204.1)(356.0, 204.1);GATE
Port:(368.6, 199.5)(409.5, 199.5)(409.5, 204.1)(368.6, 204.1);SD
Port:(356.0, 20.0)(422.1, 20.0)(422.1, 197.3)(356.0, 197.3);GATE
Port:(361.6, 24.6)(416.5, 24.6)(416.5, 29.5)(361.6, 29.5);SD
Module:M1
Boundary:(130.6, 143.7)(130.6, 235.3)(20.0, 235.3)(20.0, 143.7);GATE
Port:(20.0, 157.0)(24.4, 157.0)(24.4, 222.0)(20.0, 222.0);SD
Port:(130.6, 143.7)(130.6, 235.3)(26.0, 235.3)(26.0, 143.7);GATE
Port:(119.2, 150.3)(125.0, 150.3)(125.0, 228.7)(119.2, 228.7);SD
Module:M2
Boundary:(214.8, 20.0)(214.8, 91.6)(129.5, 91.6)(129.5, 103.7)(20.0, 103.7)(20.0, 20.0);GATE
Port:(20.0, 32.4)(25.6, 32.4)(25.6, 91.3)(20.0, 91.3);SD
Port:(214.8, 20.0)(214.8, 91.6)(129.5, 91.6)(129.5, 103.7)(28.4, 103.7)(28.4, 20.0);GATE
Port:(204.1, 27.0)(208.8, 27.0)(208.8, 83.6)(204.1, 83.6);SD
Module:M3
Boundary:(292.1, 143.7)(292.1, 209.9)(291.9, 209.9)(291.9, 226.5)(170.6, 226.5)(170.6, 143.7);GATE
Port:(170.6, 156.3)(176.3, 156.3)(176.3, 213.9)(170.6, 213.9);SD
Port:(292.1, 143.7)(292.1, 209.9)(291.9, 209.9)(291.9, 226.5)(178.9, 226.5)(178.9, 143.7);GATE
Port:(282.2, 149.9)(286.9, 149.9)(286.9, 203.7)(282.2, 203.7);SD
Module:M4
Boundary:(254.8, 20.0)(302.2, 20.0)(302.2, 43.6)(316.0, 43.6)(316.0, 102.7)(254.8, 102.7);GATE
Port:(267.3, 97.8)(303.5, 97.8)(303.5, 102.7)(267.3, 102.7);SD
Port:(254.8, 20.0)(302.2, 20.0)(302.2, 43.6)(316.0, 43.6)(316.0, 96.5)(254.8, 96.5);GATE
Port:(261.1, 25.3)(294.9, 25.3)(294.9, 30.4)(261.1, 30.4);SD
