Area:(-20.0, -20.0)(1407.0, -20.0)(1407.0, 561.0)(-20.0, 561.0)
Rule:GATE(5,5);SD(5,5);GATE_SD(0.5);GATE_ITO(0.5);SD_ITO(0.5)
Module:M14
Boundary:(1040.0, 20.0)(1040.0, 131.5)(1028.0, 131.5)(1028.0, 147.0)(939.0, 147.0)(939.0, 20.0);GATE
Port:(939.0, 34.5)(949.0, 34.5)(949.0, 132.5)(939.0, 132.5);SD
Port:(1040.0, 20.0)(1040.0, 131.5)(1028.0, 131.5)(1028.0, 147.0)(954.0, 147.0)(954.0, 20.0);GATE
Port:(1031.0, 30.0)(1035.0, 30.0)(1035.0, 117.0)(1031.0, 117.0);SD
Module:M9
Boundary:(870.0, 394.0)(999.5, 394.0)(999.5, 408.0)(1015.0, 408.0)(1015.0, 506.0)(870.0, 506.0);GATE
Port:(884.5, 496.0)(1000.5, 496.0)(1000.5, 506.0)(884.5, 506.0);SD
Port:(870.0, 394.0)(999.5, 394.0)(999.5, 408.0)(1015.0, 408.0)(1015.0, 491.0)(870.0, 491.0);GATE
Port:(880.0, 399.0)(985.0, 399.0)(985.0, 403.0)(880.0, 403.0);SD
Module:M5
Boundary:(870.0, 187.0)(981.5, 187.0)(981.5, 225.4)(1051.0, 225.4)(1051.0, 354.0)(870.0, 354.0);GATE
Port:(884.5, 344.0)(1036.5, 344.0)(1036.5, 354.0)(884.5, 354.0);SD
Port:(870.0, 187.0)(981.5, 187.0)(981.5, 225.4)(1051.0, 225.4)(1051.0, 339.0)(870.0, 339.0);GATE
Port:(880.0, 192.0)(967.0, 192.0)(967.0, 196.0)(880.0, 196.0);SD
Module:M11
Boundary:(820.0, 448.0)(820.0, 521.0)(632.0, 521.0)(632.0, 448.0);GATE
Port:(632.0, 462.5)(642.0, 462.5)(642.0, 506.5)(632.0, 506.5);SD
Port:(820.0, 448.0)(820.0, 521.0)(647.0, 521.0)(647.0, 448.0);GATE
Port:(811.0, 458.0)(815.0, 458.0)(815.0, 511.0)(811.0, 511.0);SD
Module:M1
Boundary:(20.0, 313.0)(149.5, 313.0)(149.5, 329.0)(165.0, 329.0)(165.0, 389.0)(20.0, 389.0);GATE
Port:(34.5, 379.0)(150.5, 379.0)(150.5, 389.0)(34.5, 389.0);SD
Port:(20.0, 313.0)(149.5, 313.0)(149.5, 329.0)(165.0, 329.0)(165.0, 374.0)(20.0, 374.0);GATE
Port:(30.0, 318.0)(135.0, 318.0)(135.0, 322.0)(30.0, 322.0);SD
Module:M24
Boundary:(1199.0, 359.0)(1346.5, 359.0)(1346.5, 375.0)(1362.0, 375.0)(1362.0, 516.0)(1199.0, 516.0);GATE
Port:(1213.5, 506.0)(1347.5, 506.0)(1347.5, 516.0)(1213.5, 516.0);SD
Port:(1199.0, 359.0)(1346.5, 359.0)(1346.5, 375.0)(1362.0, 375.0)(1362.0, 501.0)(1199.0, 501.0);GATE
Port:(1209.0, 364.0)(1332.0, 364.0)(1332.0, 368.0)(1209.0, 368.0);SD
Module:M19
Boundary:(592.0, 421.0)(592.0, 497.0)(584.0, 497.0)(584.0, 512.0)(432.0, 512.0)(432.0, 421.0);GATE
Port:(432.0, 435.5)(442.0, 435.5)(442.0, 497.5)(432.0, 497.5);SD
Port:(592.0, 421.0)(592.0, 497.0)(584.0, 497.0)(584.0, 512.0)(447.0, 512.0)(447.0, 421.0);GATE
Port:(583.0, 431.0)(587.0, 431.0)(587.0, 482.0)(583.0, 482.0);SD
Module:M6
Boundary:(20.0, 156.0)(149.5, 156.0)(149.5, 170.0)(165.0, 170.0)(165.0, 273.0)(20.0, 273.0);GATE
Port:(34.5, 263.0)(150.5, 263.0)(150.5, 273.0)(34.5, 273.0);SD
Port:(20.0, 156.0)(149.5, 156.0)(149.5, 170.0)(165.0, 170.0)(165.0, 258.0)(20.0, 258.0);GATE
Port:(30.0, 161.0)(135.0, 161.0)(135.0, 165.0)(30.0, 165.0);SD
Module:M21
Boundary:(1151.0, 241.0)(1151.0, 334.5)(1137.0, 334.5)(1137.0, 350.0)(1091.0, 350.0)(1091.0, 241.0);GATE
Port:(1091.0, 255.5)(1101.0, 255.5)(1101.0, 335.5)(1091.0, 335.5);SD
Port:(1151.0, 241.0)(1151.0, 334.5)(1137.0, 334.5)(1137.0, 350.0)(1106.0, 350.0)(1106.0, 241.0);GATE
Port:(1142.0, 251.0)(1146.0, 251.0)(1146.0, 320.0)(1142.0, 320.0);SD
Module:M2
Boundary:(1055.0, 394.0)(1131.0, 394.0)(1131.0, 402.0)(1146.0, 402.0)(1146.0, 515.0)(1055.0, 515.0);GATE
Port:(1069.5, 505.0)(1131.5, 505.0)(1131.5, 515.0)(1069.5, 515.0);SD
Port:(1055.0, 394.0)(1131.0, 394.0)(1131.0, 402.0)(1146.0, 402.0)(1146.0, 500.0)(1055.0, 500.0);GATE
Port:(1065.0, 399.0)(1116.0, 399.0)(1116.0, 403.0)(1065.0, 403.0);SD
Module:M16
Boundary:(438.0, 20.0)(549.5, 20.0)(549.5, 32.0)(565.0, 32.0)(565.0, 214.0)(438.0, 214.0);GATE
Port:(452.5, 204.0)(550.5, 204.0)(550.5, 214.0)(452.5, 214.0);SD
Port:(438.0, 20.0)(549.5, 20.0)(549.5, 32.0)(565.0, 32.0)(565.0, 199.0)(438.0, 199.0);GATE
Port:(448.0, 25.0)(535.0, 25.0)(535.0, 29.0)(448.0, 29.0);SD
Module:M13
Boundary:(1159.0, 20.0)(1159.0, 167.5)(1131.0, 167.5)(1131.0, 201.0)(1091.0, 201.0)(1091.0, 20.0);GATE
Port:(1091.0, 34.5)(1101.0, 34.5)(1101.0, 186.5)(1091.0, 186.5);SD
Port:(1159.0, 20.0)(1159.0, 167.5)(1131.0, 167.5)(1131.0, 201.0)(1106.0, 201.0)(1106.0, 20.0);GATE
Port:(1150.0, 30.0)(1154.0, 30.0)(1154.0, 153.0)(1150.0, 153.0);SD
Module:M10
Boundary:(389.0, 187.0)(389.0, 298.5)(377.0, 298.5)(377.0, 314.0)(205.0, 314.0)(205.0, 187.0);GATE
Port:(205.0, 201.5)(215.0, 201.5)(215.0, 299.5)(205.0, 299.5);SD
Port:(389.0, 187.0)(389.0, 298.5)(377.0, 298.5)(377.0, 314.0)(220.0, 314.0)(220.0, 187.0);GATE
Port:(380.0, 197.0)(384.0, 197.0)(384.0, 284.0)(380.0, 284.0);SD
Module:M7
Boundary:(830.0, 335.0)(830.0, 408.0)(736.0, 408.0)(736.0, 335.0);GATE
Port:(736.0, 349.5)(746.0, 349.5)(746.0, 393.5)(736.0, 393.5);SD
Port:(830.0, 335.0)(830.0, 408.0)(751.0, 408.0)(751.0, 335.0);GATE
Port:(821.0, 345.0)(825.0, 345.0)(825.0, 398.0)(821.0, 398.0);SD
Module:M3
Boundary:(824.0, 132.0)(824.0, 243.5)(781.1, 243.5)(781.1, 295.0)(736.0, 295.0)(736.0, 132.0);GATE
Port:(736.0, 146.5)(746.0, 146.5)(746.0, 280.5)(736.0, 280.5);SD
Port:(824.0, 132.0)(824.0, 243.5)(781.1, 243.5)(781.1, 295.0)(751.0, 295.0)(751.0, 132.0);GATE
Port:(815.0, 142.0)(819.0, 142.0)(819.0, 229.0)(815.0, 229.0);SD
Module:M23
Boundary:(1367.0, 20.0)(1367.0, 149.5)(1315.5, 149.5)(1315.5, 201.0)(1199.0, 201.0)(1199.0, 20.0);GATE
Port:(1199.0, 34.5)(1209.0, 34.5)(1209.0, 186.5)(1199.0, 186.5);SD
Port:(1367.0, 20.0)(1367.0, 149.5)(1315.5, 149.5)(1315.5, 201.0)(1214.0, 201.0)(1214.0, 20.0);GATE
Port:(1358.0, 30.0)(1362.0, 30.0)(1362.0, 135.0)(1358.0, 135.0);SD
Module:M18
Boundary:(546.0, 254.0)(546.0, 329.5)(516.5, 329.5)(516.5, 381.0)(438.0, 381.0)(438.0, 254.0);GATE
Port:(438.0, 268.5)(448.0, 268.5)(448.0, 366.5)(438.0, 366.5);SD
Port:(546.0, 254.0)(546.0, 329.5)(516.5, 329.5)(516.5, 381.0)(453.0, 381.0)(453.0, 254.0);GATE
Port:(537.0, 264.0)(541.0, 264.0)(541.0, 315.0)(537.0, 315.0);SD
Module:M20
Boundary:(1199.0, 241.0)(1310.5, 241.0)(1310.5, 279.0)(1362.0, 279.0)(1362.0, 319.0)(1199.0, 319.0);GATE
Port:(1213.5, 309.0)(1347.5, 309.0)(1347.5, 319.0)(1213.5, 319.0);SD
Port:(1199.0, 241.0)(1310.5, 241.0)(1310.5, 279.0)(1362.0, 279.0)(1362.0, 304.0)(1199.0, 304.0);GATE
Port:(1209.0, 246.0)(1296.0, 246.0)(1296.0, 250.0)(1209.0, 250.0);SD
Module:M15
Boundary:(20.0, 20.0)(149.5, 20.0)(149.5, 69.7)(273.0, 69.7)(273.0, 116.0)(20.0, 116.0);GATE
Port:(34.5, 106.0)(258.5, 106.0)(258.5, 116.0)(34.5, 116.0);SD
Port:(20.0, 20.0)(149.5, 20.0)(149.5, 69.7)(273.0, 69.7)(273.0, 101.0)(20.0, 101.0);GATE
Port:(30.0, 25.0)(135.0, 25.0)(135.0, 29.0)(30.0, 29.0);SD
Module:M12
Boundary:(736.0, 20.0)(865.5, 20.0)(865.5, 48.1)(899.0, 48.1)(899.0, 92.0)(736.0, 92.0);GATE
Port:(750.5, 82.0)(884.5, 82.0)(884.5, 92.0)(750.5, 92.0);SD
Port:(736.0, 20.0)(865.5, 20.0)(865.5, 48.1)(899.0, 48.1)(899.0, 77.0)(736.0, 77.0);GATE
Port:(746.0, 25.0)(851.0, 25.0)(851.0, 29.0)(746.0, 29.0);SD
Module:M8
Boundary:(20.0, 429.0)(149.5, 429.0)(149.5, 443.0)(165.0, 443.0)(165.0, 510.0)(20.0, 510.0);GATE
Port:(34.5, 500.0)(150.5, 500.0)(150.5, 510.0)(34.5, 510.0);SD
Port:(20.0, 429.0)(149.5, 429.0)(149.5, 443.0)(165.0, 443.0)(165.0, 495.0)(20.0, 495.0);GATE
Port:(30.0, 434.0)(135.0, 434.0)(135.0, 438.0)(30.0, 438.0);SD
Module:M4
Boundary:(398.0, 20.0)(398.0, 131.5)(386.0, 131.5)(386.0, 147.0)(313.0, 147.0)(313.0, 20.0);GATE
Port:(313.0, 34.5)(323.0, 34.5)(323.0, 132.5)(313.0, 132.5);SD
Port:(398.0, 20.0)(398.0, 131.5)(386.0, 131.5)(386.0, 147.0)(328.0, 147.0)(328.0, 20.0);GATE
Port:(389.0, 30.0)(393.0, 30.0)(393.0, 117.0)(389.0, 117.0);SD
Module:M25
Boundary:(392.0, 354.0)(392.0, 501.5)(376.0, 501.5)(376.0, 517.0)(205.0, 517.0)(205.0, 354.0);GATE
Port:(205.0, 368.5)(215.0, 368.5)(215.0, 502.5)(205.0, 502.5);SD
Port:(392.0, 354.0)(392.0, 501.5)(376.0, 501.5)(376.0, 517.0)(220.0, 517.0)(220.0, 354.0);GATE
Port:(383.0, 364.0)(387.0, 364.0)(387.0, 487.0)(383.0, 487.0);SD
Module:M22
Boundary:(605.0, 20.0)(681.0, 20.0)(681.0, 28.0)(696.0, 28.0)(696.0, 197.0)(605.0, 197.0);GATE
Port:(619.5, 187.0)(681.5, 187.0)(681.5, 197.0)(619.5, 197.0);SD
Port:(605.0, 20.0)(681.0, 20.0)(681.0, 28.0)(696.0, 28.0)(696.0, 182.0)(605.0, 182.0);GATE
Port:(615.0, 25.0)(666.0, 25.0)(666.0, 29.0)(615.0, 29.0);SD
Module:M17
Boundary:(605.0, 237.0)(681.0, 237.0)(681.0, 245.0)(696.0, 245.0)(696.0, 374.0)(605.0, 374.0);GATE
Port:(619.5, 364.0)(681.5, 364.0)(681.5, 374.0)(619.5, 374.0);SD
Port:(605.0, 237.0)(681.0, 237.0)(681.0, 245.0)(696.0, 245.0)(696.0, 359.0)(605.0, 359.0);GATE
Port:(615.0, 242.0)(666.0, 242.0)(666.0, 246.0)(615.0, 246.0);SD
