Area:(-20.0, -20.0)(775.0, -20.0)(775.0, 1154.0)(-20.0, 1154.0)
Rule:GATE(5,5);SD(5,5);GATE_SD(0.5);GATE_ITO(0.5);SD_ITO(0.5)
Module:M14
Boundary:(202.0, 20.0)(202.0, 113.5)(123.7, 113.5)(123.7, 255.0)(20.0, 255.0)(20.0, 20.0);GATE
Port:(20.0, 34.5)(30.0, 34.5)(30.0, 240.5)(20.0, 240.5);SD
Port:(202.0, 20.0)(202.0, 113.5)(123.7, 113.5)(123.7, 255.0)(35.0, 255.0)(35.0, 20.0);GATE
Port:(193.0, 30.0)(197.0, 30.0)(197.0, 99.0)(193.0, 99.0);SD
Module:M9
Boundary:(354.0, 868.0)(354.0, 941.0)(259.0, 941.0)(259.0, 868.0);GATE
Port:(259.0, 882.5)(269.0, 882.5)(269.0, 926.5)(259.0, 926.5);SD
Port:(354.0, 868.0)(354.0, 941.0)(274.0, 941.0)(274.0, 868.0);GATE
Port:(345.0, 878.0)(349.0, 878.0)(349.0, 931.0)(345.0, 931.0);SD
Module:M5
Boundary:(212.0, 295.0)(212.0, 388.5)(167.9, 388.5)(167.9, 458.0)(20.0, 458.0)(20.0, 295.0);GATE
Port:(20.0, 309.5)(30.0, 309.5)(30.0, 443.5)(20.0, 443.5);SD
Port:(212.0, 295.0)(212.0, 388.5)(167.9, 388.5)(167.9, 458.0)(35.0, 458.0)(35.0, 295.0);GATE
Port:(203.0, 305.0)(207.0, 305.0)(207.0, 374.0)(203.0, 374.0);SD
Module:M11
Boundary:(409.0, 615.0)(485.0, 615.0)(485.0, 623.0)(500.0, 623.0)(500.0, 774.0)(409.0, 774.0);GATE
Port:(423.5, 764.0)(485.5, 764.0)(485.5, 774.0)(423.5, 774.0);SD
Port:(409.0, 615.0)(485.0, 615.0)(485.0, 623.0)(500.0, 623.0)(500.0, 759.0)(409.0, 759.0);GATE
Port:(419.0, 620.0)(470.0, 620.0)(470.0, 624.0)(419.0, 624.0);SD
Module:M1
Boundary:(717.0, 624.0)(717.0, 771.5)(701.0, 771.5)(701.0, 787.0)(541.0, 787.0)(541.0, 624.0);GATE
Port:(541.0, 638.5)(551.0, 638.5)(551.0, 772.5)(541.0, 772.5);SD
Port:(717.0, 624.0)(717.0, 771.5)(701.0, 771.5)(701.0, 787.0)(556.0, 787.0)(556.0, 624.0);GATE
Port:(708.0, 634.0)(712.0, 634.0)(712.0, 757.0)(708.0, 757.0);SD
Module:M24
Boundary:(409.0, 480.0)(485.0, 480.0)(485.0, 488.0)(500.0, 488.0)(500.0, 575.0)(409.0, 575.0);GATE
Port:(423.5, 565.0)(485.5, 565.0)(485.5, 575.0)(423.5, 575.0);SD
Port:(409.0, 480.0)(485.0, 480.0)(485.0, 488.0)(500.0, 488.0)(500.0, 560.0)(409.0, 560.0);GATE
Port:(419.0, 485.0)(470.0, 485.0)(470.0, 489.0)(419.0, 489.0);SD
Module:M19
Boundary:(657.0, 20.0)(730.0, 20.0)(730.0, 157.0)(657.0, 157.0);GATE
Port:(671.5, 147.0)(715.5, 147.0)(715.5, 157.0)(671.5, 157.0);SD
Port:(657.0, 20.0)(730.0, 20.0)(730.0, 142.0)(657.0, 142.0);GATE
Port:(667.0, 25.0)(720.0, 25.0)(720.0, 29.0)(667.0, 29.0);SD
Module:M6
Boundary:(501.0, 814.0)(501.0, 925.5)(486.0, 925.5)(486.0, 941.0)(408.0, 941.0)(408.0, 814.0);GATE
Port:(408.0, 828.5)(418.0, 828.5)(418.0, 926.5)(408.0, 926.5);SD
Port:(501.0, 814.0)(501.0, 925.5)(486.0, 925.5)(486.0, 941.0)(423.0, 941.0)(423.0, 814.0);GATE
Port:(492.0, 824.0)(496.0, 824.0)(496.0, 911.0)(492.0, 911.0);SD
Module:M21
Boundary:(409.0, 241.0)(485.0, 241.0)(485.0, 249.0)(500.0, 249.0)(500.0, 440.0)(409.0, 440.0);GATE
Port:(423.5, 430.0)(485.5, 430.0)(485.5, 440.0)(423.5, 440.0);SD
Port:(409.0, 241.0)(485.0, 241.0)(485.0, 249.0)(500.0, 249.0)(500.0, 425.0)(409.0, 425.0);GATE
Port:(419.0, 246.0)(470.0, 246.0)(470.0, 250.0)(419.0, 250.0);SD
Module:M2
Boundary:(720.0, 958.0)(720.0, 1087.5)(706.0, 1087.5)(706.0, 1103.0)(606.0, 1103.0)(606.0, 958.0);GATE
Port:(606.0, 972.5)(616.0, 972.5)(616.0, 1088.5)(606.0, 1088.5);SD
Port:(720.0, 958.0)(720.0, 1087.5)(706.0, 1087.5)(706.0, 1103.0)(621.0, 1103.0)(621.0, 958.0);GATE
Port:(711.0, 968.0)(715.0, 968.0)(715.0, 1073.0)(711.0, 1073.0);SD
Module:M16
Boundary:(526.0, 20.0)(602.0, 20.0)(602.0, 28.0)(617.0, 28.0)(617.0, 178.0)(526.0, 178.0);GATE
Port:(540.5, 168.0)(602.5, 168.0)(602.5, 178.0)(540.5, 178.0);SD
Port:(526.0, 20.0)(602.0, 20.0)(602.0, 28.0)(617.0, 28.0)(617.0, 163.0)(526.0, 163.0);GATE
Port:(536.0, 25.0)(587.0, 25.0)(587.0, 29.0)(536.0, 29.0);SD
Module:M13
Boundary:(20.0, 498.0)(131.5, 498.0)(131.5, 571.8)(165.0, 571.8)(165.0, 663.0)(20.0, 663.0);GATE
Port:(34.5, 653.0)(150.5, 653.0)(150.5, 663.0)(34.5, 663.0);SD
Port:(20.0, 498.0)(131.5, 498.0)(131.5, 571.8)(165.0, 571.8)(165.0, 648.0)(20.0, 648.0);GATE
Port:(30.0, 503.0)(117.0, 503.0)(117.0, 507.0)(30.0, 507.0);SD
Module:M10
Boundary:(369.0, 20.0)(369.0, 93.0)(242.0, 93.0)(242.0, 20.0);GATE
Port:(242.0, 34.5)(252.0, 34.5)(252.0, 78.5)(242.0, 78.5);SD
Port:(369.0, 20.0)(369.0, 93.0)(257.0, 93.0)(257.0, 20.0);GATE
Port:(360.0, 30.0)(364.0, 30.0)(364.0, 83.0)(360.0, 83.0);SD
Module:M7
Boundary:(20.0, 703.0)(131.5, 703.0)(131.5, 762.0)(165.0, 762.0)(165.0, 836.0)(20.0, 836.0);GATE
Port:(34.5, 826.0)(150.5, 826.0)(150.5, 836.0)(34.5, 836.0);SD
Port:(20.0, 703.0)(131.5, 703.0)(131.5, 762.0)(165.0, 762.0)(165.0, 821.0)(20.0, 821.0);GATE
Port:(30.0, 708.0)(117.0, 708.0)(117.0, 712.0)(30.0, 712.0);SD
Module:M3
Boundary:(700.0, 493.0)(700.0, 569.0)(692.0, 569.0)(692.0, 584.0)(540.0, 584.0)(540.0, 493.0);GATE
Port:(540.0, 507.5)(550.0, 507.5)(550.0, 569.5)(540.0, 569.5);SD
Port:(700.0, 493.0)(700.0, 569.0)(692.0, 569.0)(692.0, 584.0)(555.0, 584.0)(555.0, 493.0);GATE
Port:(691.0, 503.0)(695.0, 503.0)(695.0, 554.0)(691.0, 554.0);SD
Module:M23
Boundary:(486.0, 20.0)(486.0, 167.5)(454.4, 167.5)(454.4, 201.0)(409.0, 201.0)(409.0, 20.0);GATE
Port:(409.0, 34.5)(419.0, 34.5)(419.0, 186.5)(409.0, 186.5);SD
Port:(486.0, 20.0)(486.0, 167.5)(454.4, 167.5)(454.4, 201.0)(424.0, 201.0)(424.0, 20.0);GATE
Port:(477.0, 30.0)(481.0, 30.0)(481.0, 153.0)(477.0, 153.0);SD
Module:M18
Boundary:(369.0, 133.0)(369.0, 244.5)(296.8, 244.5)(296.8, 332.0)(252.0, 332.0)(252.0, 133.0);GATE
Port:(252.0, 147.5)(262.0, 147.5)(262.0, 317.5)(252.0, 317.5);SD
Port:(369.0, 133.0)(369.0, 244.5)(296.8, 244.5)(296.8, 332.0)(267.0, 332.0)(267.0, 133.0);GATE
Port:(360.0, 143.0)(364.0, 143.0)(364.0, 230.0)(360.0, 230.0);SD
Module:M20
Boundary:(733.0, 827.0)(733.0, 903.0)(725.0, 903.0)(725.0, 918.0)(541.0, 918.0)(541.0, 827.0);GATE
Port:(541.0, 841.5)(551.0, 841.5)(551.0, 903.5)(541.0, 903.5);SD
Port:(733.0, 827.0)(733.0, 903.0)(725.0, 903.0)(725.0, 918.0)(556.0, 918.0)(556.0, 827.0);GATE
Port:(724.0, 837.0)(728.0, 837.0)(728.0, 888.0)(724.0, 888.0);SD
Module:M15
Boundary:(20.0, 876.0)(149.5, 876.0)(149.5, 901.1)(219.0, 901.1)(219.0, 948.0)(20.0, 948.0);GATE
Port:(34.5, 938.0)(204.5, 938.0)(204.5, 948.0)(34.5, 948.0);SD
Port:(20.0, 876.0)(149.5, 876.0)(149.5, 901.1)(219.0, 901.1)(219.0, 933.0)(20.0, 933.0);GATE
Port:(30.0, 881.0)(135.0, 881.0)(135.0, 885.0)(30.0, 885.0);SD
Module:M12
Boundary:(205.0, 670.0)(352.5, 670.0)(352.5, 686.0)(368.0, 686.0)(368.0, 828.0)(205.0, 828.0);GATE
Port:(219.5, 818.0)(353.5, 818.0)(353.5, 828.0)(219.5, 828.0);SD
Port:(205.0, 670.0)(352.5, 670.0)(352.5, 686.0)(368.0, 686.0)(368.0, 813.0)(205.0, 813.0);GATE
Port:(215.0, 675.0)(338.0, 675.0)(338.0, 679.0)(215.0, 679.0);SD
Module:M8
Boundary:(20.0, 988.0)(167.5, 988.0)(167.5, 1055.0)(255.0, 1055.0)(255.0, 1097.0)(20.0, 1097.0);GATE
Port:(34.5, 1087.0)(240.5, 1087.0)(240.5, 1097.0)(34.5, 1097.0);SD
Port:(20.0, 988.0)(167.5, 988.0)(167.5, 1055.0)(255.0, 1055.0)(255.0, 1082.0)(20.0, 1082.0);GATE
Port:(30.0, 993.0)(153.0, 993.0)(153.0, 997.0)(30.0, 997.0);SD
Module:M4
Boundary:(355.0, 372.0)(355.0, 448.0)(347.0, 448.0)(347.0, 463.0)(252.0, 463.0)(252.0, 372.0);GATE
Port:(252.0, 386.5)(262.0, 386.5)(262.0, 448.5)(252.0, 448.5);SD
Port:(355.0, 372.0)(355.0, 448.0)(347.0, 448.0)(347.0, 463.0)(267.0, 463.0)(267.0, 372.0);GATE
Port:(346.0, 382.0)(350.0, 382.0)(350.0, 433.0)(346.0, 433.0);SD
Module:M25
Boundary:(369.0, 503.0)(369.0, 614.5)(357.0, 614.5)(357.0, 630.0)(205.0, 630.0)(205.0, 503.0);GATE
Port:(205.0, 517.5)(215.0, 517.5)(215.0, 615.5)(205.0, 615.5);SD
Port:(369.0, 503.0)(369.0, 614.5)(357.0, 614.5)(357.0, 630.0)(220.0, 630.0)(220.0, 503.0);GATE
Port:(360.0, 513.0)(364.0, 513.0)(364.0, 600.0)(360.0, 600.0);SD
Module:M22
Boundary:(295.0, 981.0)(424.5, 981.0)(424.5, 1061.0)(566.0, 1061.0)(566.0, 1114.0)(295.0, 1114.0);GATE
Port:(309.5, 1104.0)(551.5, 1104.0)(551.5, 1114.0)(309.5, 1114.0);SD
Port:(295.0, 981.0)(424.5, 981.0)(424.5, 1061.0)(566.0, 1061.0)(566.0, 1099.0)(295.0, 1099.0);GATE
Port:(305.0, 986.0)(410.0, 986.0)(410.0, 990.0)(305.0, 990.0);SD
Module:M17
Boundary:(735.0, 218.0)(735.0, 275.5)(618.2, 275.5)(618.2, 453.0)(540.0, 453.0)(540.0, 218.0);GATE
Port:(540.0, 232.5)(550.0, 232.5)(550.0, 438.5)(540.0, 438.5);SD
Port:(735.0, 218.0)(735.0, 275.5)(618.2, 275.5)(618.2, 453.0)(555.0, 453.0)(555.0, 218.0);GATE
Port:(726.0, 228.0)(730.0, 228.0)(730.0, 261.0)(726.0, 261.0);SD
