Area:(-20.0, -20.0)(501.0, -20.0)(501.0, 1488.0)(-20.0, 1488.0)
Rule:GATE(5,5);SD(5,5);GATE_SD(0.5);GATE_ITO(0.5);SD_ITO(0.5)
Module:M14
Boundary:(318.0, 657.0)(318.0, 730.0)(151.0, 730.0)(151.0, 657.0);GATE
Port:(151.0, 671.5)(161.0, 671.5)(161.0, 715.5)(151.0, 715.5);SD
Port:(318.0, 657.0)(318.0, 730.0)(166.0, 730.0)(166.0, 657.0);GATE
Port:(309.0, 667.0)(313.0, 667.0)(313.0, 720.0)(309.0, 720.0);SD
Module:M9
Boundary:(20.0, 1107.0)(167.5, 1107.0)(167.5, 1123.0)(183.0, 1123.0)(183.0, 1169.0)(20.0, 1169.0);GATE
Port:(34.5, 1159.0)(168.5, 1159.0)(168.5, 1169.0)(34.5, 1169.0);SD
Port:(20.0, 1107.0)(167.5, 1107.0)(167.5, 1123.0)(183.0, 1123.0)(183.0, 1154.0)(20.0, 1154.0);GATE
Port:(30.0, 1112.0)(153.0, 1112.0)(153.0, 1116.0)(30.0, 1116.0);SD
Module:M5
Boundary:(321.0, 395.0)(321.0, 471.0)(313.0, 471.0)(313.0, 486.0)(187.0, 486.0)(187.0, 395.0);GATE
Port:(187.0, 409.5)(197.0, 409.5)(197.0, 471.5)(187.0, 471.5);SD
Port:(321.0, 395.0)(321.0, 471.0)(313.0, 471.0)(313.0, 486.0)(202.0, 486.0)(202.0, 395.0);GATE
Port:(312.0, 405.0)(316.0, 405.0)(316.0, 456.0)(312.0, 456.0);SD
Module:M11
Boundary:(20.0, 1209.0)(149.5, 1209.0)(149.5, 1264.2)(183.0, 1264.2)(183.0, 1335.0)(20.0, 1335.0);GATE
Port:(34.5, 1325.0)(168.5, 1325.0)(168.5, 1335.0)(34.5, 1335.0);SD
Port:(20.0, 1209.0)(149.5, 1209.0)(149.5, 1264.2)(183.0, 1264.2)(183.0, 1320.0)(20.0, 1320.0);GATE
Port:(30.0, 1214.0)(135.0, 1214.0)(135.0, 1218.0)(30.0, 1218.0);SD
Module:M1
Boundary:(20.0, 566.0)(96.0, 566.0)(96.0, 574.0)(111.0, 574.0)(111.0, 738.0)(20.0, 738.0);GATE
Port:(34.5, 728.0)(96.5, 728.0)(96.5, 738.0)(34.5, 738.0);SD
Port:(20.0, 566.0)(96.0, 566.0)(96.0, 574.0)(111.0, 574.0)(111.0, 723.0)(20.0, 723.0);GATE
Port:(30.0, 571.0)(81.0, 571.0)(81.0, 575.0)(30.0, 575.0);SD
Module:M24
Boundary:(376.0, 294.0)(449.0, 294.0)(449.0, 362.0)(376.0, 362.0);GATE
Port:(390.5, 352.0)(434.5, 352.0)(434.5, 362.0)(390.5, 362.0);SD
Port:(376.0, 294.0)(449.0, 294.0)(449.0, 347.0)(376.0, 347.0);GATE
Port:(386.0, 299.0)(439.0, 299.0)(439.0, 303.0)(386.0, 303.0);SD
Module:M19
Boundary:(223.0, 1292.0)(352.5, 1292.0)(352.5, 1379.6)(404.0, 1379.6)(404.0, 1446.0)(223.0, 1446.0);GATE
Port:(237.5, 1436.0)(389.5, 1436.0)(389.5, 1446.0)(237.5, 1446.0);SD
Port:(223.0, 1292.0)(352.5, 1292.0)(352.5, 1379.6)(404.0, 1379.6)(404.0, 1431.0)(223.0, 1431.0);GATE
Port:(233.0, 1297.0)(338.0, 1297.0)(338.0, 1301.0)(233.0, 1301.0);SD
Module:M6
Boundary:(341.0, 20.0)(434.5, 20.0)(434.5, 30.0)(450.0, 30.0)(450.0, 143.0)(341.0, 143.0);GATE
Port:(355.5, 133.0)(435.5, 133.0)(435.5, 143.0)(355.5, 143.0);SD
Port:(341.0, 20.0)(434.5, 20.0)(434.5, 30.0)(450.0, 30.0)(450.0, 128.0)(341.0, 128.0);GATE
Port:(351.0, 25.0)(420.0, 25.0)(420.0, 29.0)(351.0, 29.0);SD
Module:M21
Boundary:(321.0, 526.0)(321.0, 602.0)(313.0, 602.0)(313.0, 617.0)(151.0, 617.0)(151.0, 526.0);GATE
Port:(151.0, 540.5)(161.0, 540.5)(161.0, 602.5)(151.0, 602.5);SD
Port:(321.0, 526.0)(321.0, 602.0)(313.0, 602.0)(313.0, 617.0)(166.0, 617.0)(166.0, 526.0);GATE
Port:(312.0, 536.0)(316.0, 536.0)(316.0, 587.0)(312.0, 587.0);SD
Module:M2
Boundary:(301.0, 20.0)(301.0, 96.0)(293.0, 96.0)(293.0, 111.0)(187.0, 111.0)(187.0, 20.0);GATE
Port:(187.0, 34.5)(197.0, 34.5)(197.0, 96.5)(187.0, 96.5);SD
Port:(301.0, 20.0)(301.0, 96.0)(293.0, 96.0)(293.0, 111.0)(202.0, 111.0)(202.0, 20.0);GATE
Port:(292.0, 30.0)(296.0, 30.0)(296.0, 81.0)(292.0, 81.0);SD
Module:M16
Boundary:(176.0, 1375.0)(176.0, 1448.0)(20.0, 1448.0)(20.0, 1375.0);GATE
Port:(20.0, 1389.5)(30.0, 1389.5)(30.0, 1433.5)(20.0, 1433.5);SD
Port:(176.0, 1375.0)(176.0, 1448.0)(35.0, 1448.0)(35.0, 1375.0);GATE
Port:(167.0, 1385.0)(171.0, 1385.0)(171.0, 1438.0)(167.0, 1438.0);SD
Module:M13
Boundary:(336.0, 282.0)(336.0, 355.0)(187.0, 355.0)(187.0, 282.0);GATE
Port:(187.0, 296.5)(197.0, 296.5)(197.0, 340.5)(187.0, 340.5);SD
Port:(336.0, 282.0)(336.0, 355.0)(202.0, 355.0)(202.0, 282.0);GATE
Port:(327.0, 292.0)(331.0, 292.0)(331.0, 345.0)(327.0, 345.0);SD
Module:M10
Boundary:(203.0, 904.0)(203.0, 1033.5)(117.0, 1033.5)(117.0, 1067.0)(20.0, 1067.0)(20.0, 904.0);GATE
Port:(20.0, 918.5)(30.0, 918.5)(30.0, 1052.5)(20.0, 1052.5);SD
Port:(203.0, 904.0)(203.0, 1033.5)(117.0, 1033.5)(117.0, 1067.0)(35.0, 1067.0)(35.0, 904.0);GATE
Port:(194.0, 914.0)(198.0, 914.0)(198.0, 1019.0)(194.0, 1019.0);SD
Module:M7
Boundary:(20.0, 778.0)(167.5, 778.0)(167.5, 797.0)(183.0, 797.0)(183.0, 864.0)(20.0, 864.0);GATE
Port:(34.5, 854.0)(168.5, 854.0)(168.5, 864.0)(34.5, 864.0);SD
Port:(20.0, 778.0)(167.5, 778.0)(167.5, 797.0)(183.0, 797.0)(183.0, 849.0)(20.0, 849.0);GATE
Port:(30.0, 783.0)(153.0, 783.0)(153.0, 787.0)(30.0, 787.0);SD
Module:M3
Boundary:(20.0, 206.0)(131.5, 206.0)(131.5, 218.0)(147.0, 218.0)(147.0, 395.0)(20.0, 395.0);GATE
Port:(34.5, 385.0)(132.5, 385.0)(132.5, 395.0)(34.5, 395.0);SD
Port:(20.0, 206.0)(131.5, 206.0)(131.5, 218.0)(147.0, 218.0)(147.0, 380.0)(20.0, 380.0);GATE
Port:(30.0, 211.0)(117.0, 211.0)(117.0, 215.0)(30.0, 215.0);SD
Module:M23
Boundary:(376.0, 183.0)(449.0, 183.0)(449.0, 254.0)(376.0, 254.0);GATE
Port:(390.5, 244.0)(434.5, 244.0)(434.5, 254.0)(390.5, 254.0);SD
Port:(376.0, 183.0)(449.0, 183.0)(449.0, 239.0)(376.0, 239.0);GATE
Port:(386.0, 188.0)(439.0, 188.0)(439.0, 192.0)(386.0, 192.0);SD
Module:M18
Boundary:(395.0, 1107.0)(395.0, 1218.5)(317.8, 1218.5)(317.8, 1252.0)(223.0, 1252.0)(223.0, 1107.0);GATE
Port:(223.0, 1121.5)(233.0, 1121.5)(233.0, 1237.5)(223.0, 1237.5);SD
Port:(395.0, 1107.0)(395.0, 1218.5)(317.8, 1218.5)(317.8, 1252.0)(238.0, 1252.0)(238.0, 1107.0);GATE
Port:(386.0, 1117.0)(390.0, 1117.0)(390.0, 1204.0)(386.0, 1204.0);SD
Module:M20
Boundary:(20.0, 435.0)(96.0, 435.0)(96.0, 443.0)(111.0, 443.0)(111.0, 526.0)(20.0, 526.0);GATE
Port:(34.5, 516.0)(96.5, 516.0)(96.5, 526.0)(34.5, 526.0);SD
Port:(20.0, 435.0)(96.0, 435.0)(96.0, 443.0)(111.0, 443.0)(111.0, 511.0)(20.0, 511.0);GATE
Port:(30.0, 440.0)(81.0, 440.0)(81.0, 444.0)(30.0, 444.0);SD
Module:M15
Boundary:(366.0, 758.0)(442.0, 758.0)(442.0, 766.0)(457.0, 766.0)(457.0, 936.0)(366.0, 936.0);GATE
Port:(380.5, 926.0)(442.5, 926.0)(442.5, 936.0)(380.5, 936.0);SD
Port:(366.0, 758.0)(442.0, 758.0)(442.0, 766.0)(457.0, 766.0)(457.0, 921.0)(366.0, 921.0);GATE
Port:(376.0, 763.0)(427.0, 763.0)(427.0, 767.0)(376.0, 767.0);SD
Module:M12
Boundary:(290.0, 151.0)(290.0, 227.0)(282.0, 227.0)(282.0, 242.0)(187.0, 242.0)(187.0, 151.0);GATE
Port:(187.0, 165.5)(197.0, 165.5)(197.0, 227.5)(187.0, 227.5);SD
Port:(290.0, 151.0)(290.0, 227.0)(282.0, 227.0)(282.0, 242.0)(202.0, 242.0)(202.0, 151.0);GATE
Port:(281.0, 161.0)(285.0, 161.0)(285.0, 212.0)(281.0, 212.0);SD
Module:M8
Boundary:(243.0, 976.0)(390.5, 976.0)(390.5, 1021.5)(442.0, 1021.5)(442.0, 1066.0)(243.0, 1066.0);GATE
Port:(257.5, 1056.0)(427.5, 1056.0)(427.5, 1066.0)(257.5, 1066.0);SD
Port:(243.0, 976.0)(390.5, 976.0)(390.5, 1021.5)(442.0, 1021.5)(442.0, 1051.0)(243.0, 1051.0);GATE
Port:(253.0, 981.0)(376.0, 981.0)(376.0, 985.0)(253.0, 985.0);SD
Module:M4
Boundary:(461.0, 555.0)(461.0, 702.5)(438.0, 702.5)(438.0, 718.0)(361.0, 718.0)(361.0, 555.0);GATE
Port:(361.0, 569.5)(371.0, 569.5)(371.0, 703.5)(361.0, 703.5);SD
Port:(461.0, 555.0)(461.0, 702.5)(438.0, 702.5)(438.0, 718.0)(376.0, 718.0)(376.0, 555.0);GATE
Port:(452.0, 565.0)(456.0, 565.0)(456.0, 688.0)(452.0, 688.0);SD
Module:M25
Boundary:(326.0, 770.0)(326.0, 917.5)(310.0, 917.5)(310.0, 933.0)(243.0, 933.0)(243.0, 770.0);GATE
Port:(243.0, 784.5)(253.0, 784.5)(253.0, 918.5)(243.0, 918.5);SD
Port:(326.0, 770.0)(326.0, 917.5)(310.0, 917.5)(310.0, 933.0)(258.0, 933.0)(258.0, 770.0);GATE
Port:(317.0, 780.0)(321.0, 780.0)(321.0, 903.0)(317.0, 903.0);SD
Module:M22
Boundary:(20.0, 20.0)(131.5, 20.0)(131.5, 39.0)(147.0, 39.0)(147.0, 166.0)(20.0, 166.0);GATE
Port:(34.5, 156.0)(132.5, 156.0)(132.5, 166.0)(34.5, 166.0);SD
Port:(20.0, 20.0)(131.5, 20.0)(131.5, 39.0)(147.0, 39.0)(147.0, 151.0)(20.0, 151.0);GATE
Port:(30.0, 25.0)(117.0, 25.0)(117.0, 29.0)(30.0, 29.0);SD
Module:M17
Boundary:(361.0, 402.0)(437.0, 402.0)(437.0, 410.0)(452.0, 410.0)(452.0, 515.0)(361.0, 515.0);GATE
Port:(375.5, 505.0)(437.5, 505.0)(437.5, 515.0)(375.5, 515.0);SD
Port:(361.0, 402.0)(437.0, 402.0)(437.0, 410.0)(452.0, 410.0)(452.0, 500.0)(361.0, 500.0);GATE
Port:(371.0, 407.0)(422.0, 407.0)(422.0, 411.0)(371.0, 411.0);SD
