Area:(-4.3, -1.2)(832.7, -1.2)(832.7, 392.0)(-4.3, 392.0)
Rule:GATE(5,5);SD(5,5);GATE_SD(0.5);GATE_ITO(0.5);SD_ITO(0.5)
Module:M8
Boundary:(334.0, 113.8)(258.0, 113.8)(258.0, 105.8)(243.0, 105.8)(243.0, 38.8)(334.0, 38.8);GATE
Port:(257.5, 38.8)(319.5, 38.8)(319.5, 48.8)(257.5, 48.8);SD
Port:(334.0, 113.8)(258.0, 113.8)(258.0, 105.8)(243.0, 105.8)(243.0, 53.8)(334.0, 53.8);GATE
Port:(273.0, 104.8)(324.0, 104.8)(324.0, 108.8)(273.0, 108.8);SD
Module:M2
Boundary:(583.8, 163.1)(583.8, 69.6)(593.8, 69.6)(593.8, 54.1)(659.8, 54.1)(659.8, 163.1);GATE
Port:(649.8, 68.6)(659.8, 68.6)(659.8, 148.6)(649.8, 148.6);SD
Port:(583.8, 163.1)(583.8, 69.6)(593.8, 69.6)(593.8, 54.1)(644.8, 54.1)(644.8, 163.1);GATE
Port:(588.8, 84.1)(592.8, 84.1)(592.8, 153.1)(588.8, 153.1);SD
Module:M4
Boundary:(792.7, 172.7)(681.2, 172.7)(681.2, 160.7)(665.7, 160.7)(665.7, 52.7)(792.7, 52.7);GATE
Port:(680.2, 52.7)(778.2, 52.7)(778.2, 62.7)(680.2, 62.7);SD
Port:(792.7, 172.7)(681.2, 172.7)(681.2, 160.7)(665.7, 160.7)(665.7, 67.7)(792.7, 67.7);GATE
Port:(695.7, 163.7)(782.7, 163.7)(782.7, 167.7)(695.7, 167.7);SD
Module:M5
Boundary:(198.7, 63.9)(105.2, 63.9)(105.2, 97.9)(35.7, 97.9)(35.7, 209.9)(198.7, 209.9);GATE
Port:(50.2, 199.9)(184.2, 199.9)(184.2, 209.9)(50.2, 209.9);SD
Port:(198.7, 63.9)(105.2, 63.9)(105.2, 97.9)(35.7, 97.9)(35.7, 194.9)(198.7, 194.9);GATE
Port:(119.7, 68.9)(188.7, 68.9)(188.7, 72.9)(119.7, 72.9);SD
Module:M3
Boundary:(560.0, 57.1)(560.0, 168.6)(503.9, 168.6)(503.9, 220.1)(376.0, 220.1)(376.0, 57.1);GATE
Port:(376.0, 71.6)(386.0, 71.6)(386.0, 205.6)(376.0, 205.6);SD
Port:(560.0, 57.1)(560.0, 168.6)(503.9, 168.6)(503.9, 220.1)(391.0, 220.1)(391.0, 57.1);GATE
Port:(551.0, 67.1)(555.0, 67.1)(555.0, 154.1)(551.0, 154.1);SD
Module:M7
Boundary:(279.7, 208.0)(279.7, 135.0)(369.7, 135.0)(369.7, 208.0);GATE
Port:(359.7, 149.5)(369.7, 149.5)(369.7, 193.5)(359.7, 193.5);SD
Port:(279.7, 208.0)(279.7, 135.0)(354.7, 135.0)(354.7, 208.0);GATE
Port:(284.7, 145.0)(288.7, 145.0)(288.7, 198.0)(284.7, 198.0);SD
Module:M10
Boundary:(41.8, 313.2)(189.3, 313.2)(189.3, 297.2)(204.8, 297.2)(204.8, 224.2)(41.8, 224.2);GATE
Port:(56.3, 224.2)(190.3, 224.2)(190.3, 234.2)(56.3, 234.2);SD
Port:(41.8, 313.2)(189.3, 313.2)(189.3, 297.2)(204.8, 297.2)(204.8, 239.2)(41.8, 239.2);GATE
Port:(51.8, 304.2)(174.8, 304.2)(174.8, 308.2)(51.8, 308.2);SD
Module:M9
Boundary:(407.0, 334.7)(407.0, 258.7)(399.0, 258.7)(399.0, 243.7)(243.0, 243.7)(243.0, 334.7);GATE
Port:(243.0, 258.2)(253.0, 258.2)(253.0, 320.2)(243.0, 320.2);SD
Port:(407.0, 334.7)(407.0, 258.7)(399.0, 258.7)(399.0, 243.7)(258.0, 243.7)(258.0, 334.7);GATE
Port:(398.0, 273.7)(402.0, 273.7)(402.0, 324.7)(398.0, 324.7);SD
Module:M6
Boundary:(545.0, 220.2)(545.0, 331.7)(533.0, 331.7)(533.0, 347.2)(408.0, 347.2)(408.0, 220.2);GATE
Port:(408.0, 234.7)(418.0, 234.7)(418.0, 332.7)(408.0, 332.7);SD
Port:(545.0, 220.2)(545.0, 331.7)(533.0, 331.7)(533.0, 347.2)(423.0, 347.2)(423.0, 220.2);GATE
Port:(536.0, 230.2)(540.0, 230.2)(540.0, 317.2)(536.0, 317.2);SD
Module:M1
Boundary:(560.6, 180.0)(690.1, 180.0)(690.1, 268.7)(777.6, 268.7)(777.6, 352.0)(560.6, 352.0);GATE
Port:(575.1, 342.0)(763.1, 342.0)(763.1, 352.0)(575.1, 352.0);SD
Port:(560.6, 180.0)(690.1, 180.0)(690.1, 268.7)(777.6, 268.7)(777.6, 337.0)(560.6, 337.0);GATE
Port:(570.6, 185.0)(675.6, 185.0)(675.6, 189.0)(570.6, 189.0);SD
