Area:(-20.0, -20.0)(408.0, -20.0)(408.0, 374.9)(-20.0, 374.9)
Rule:GATE(5,5);SD(5,5);GATE_SD(0.5);GATE_ITO(0.5);SD_ITO(0.5)
Module:M5
Boundary:(20.0, 20.0)(121.5, 20.0)(121.5, 20.5)(138.3, 20.5)(138.3, 156.3)(20.0, 156.3);GATE
Port:(33.3, 152.1)(125.0, 152.1)(125.0, 156.3)(33.3, 156.3);SD
Port:(20.0, 20.0)(121.5, 20.0)(121.5, 20.5)(138.3, 20.5)(138.3, 150.2)(20.0, 150.2);GATE
Port:(26.4, 25.4)(115.1, 25.4)(115.1, 30.9)(26.4, 30.9);SD
Module:M1
Boundary:(178.3, 20.0)(228.6, 20.0)(228.6, 185.1)(178.3, 185.1);GATE
Port:(192.3, 180.1)(214.6, 180.1)(214.6, 185.1)(192.3, 185.1);SD
Port:(178.3, 20.0)(228.6, 20.0)(228.6, 178.9)(178.3, 178.9);GATE
Port:(184.7, 25.4)(222.2, 25.4)(222.2, 31.7)(184.7, 31.7);SD
Module:M2
Boundary:(268.6, 20.0)(352.8, 20.0)(352.8, 75.9)(368.0, 75.9)(368.0, 186.4)(268.6, 186.4);GATE
Port:(282.4, 181.0)(354.2, 181.0)(354.2, 186.4)(282.4, 186.4);SD
Port:(268.6, 20.0)(352.8, 20.0)(352.8, 75.9)(368.0, 75.9)(368.0, 178.7)(268.6, 178.7);GATE
Port:(274.0, 24.4)(346.4, 24.4)(346.4, 31.3)(274.0, 31.3);SD
Module:M3
Boundary:(124.3, 196.3)(124.3, 296.5)(123.8, 296.5)(123.8, 312.9)(20.0, 312.9)(20.0, 196.3);GATE
Port:(20.0, 210.1)(25.3, 210.1)(25.3, 299.1)(20.0, 299.1);SD
Port:(124.3, 196.3)(124.3, 296.5)(123.8, 296.5)(123.8, 312.9)(27.1, 312.9)(27.1, 196.3);GATE
Port:(112.7, 201.5)(120.1, 201.5)(120.1, 291.3)(112.7, 291.3);SD
Module:M4
Boundary:(331.5, 226.4)(331.5, 317.7)(318.4, 317.7)(318.4, 334.9)(178.3, 334.9)(178.3, 226.4);GATE
Port:(178.3, 240.9)(183.6, 240.9)(183.6, 320.4)(178.3, 320.4);SD
Port:(331.5, 226.4)(331.5, 317.7)(318.4, 317.7)(318.4, 334.9)(185.8, 334.9)(185.8, 226.4);GATE
Port:(320.4, 231.8)(327.1, 231.8)(327.1, 311.3)(320.4, 311.3);SD
