Area:(-19.3, -3.8)(327.5, -3.8)(327.5, 599.1)(-19.3, 599.1)
Rule:GATE(5,5);SD(5,5);GATE_SD(0.5);GATE_ITO(0.5);SD_ITO(0.5)
Module:M5
Boundary:(203.3, 163.2)(203.3, 51.7)(222.3, 51.7)(222.3, 36.2)(271.3, 36.2)(271.3, 163.2);GATE
Port:(261.3, 50.7)(271.3, 50.7)(271.3, 148.7)(261.3, 148.7);SD
Port:(203.3, 163.2)(203.3, 51.7)(222.3, 51.7)(222.3, 36.2)(256.3, 36.2)(256.3, 163.2);GATE
Port:(208.3, 66.2)(212.3, 66.2)(212.3, 153.2)(208.3, 153.2);SD
Module:M1
Boundary:(187.5, 198.5)(40.0, 198.5)(40.0, 182.5)(24.5, 182.5)(24.5, 43.5)(187.5, 43.5);GATE
Port:(39.0, 43.5)(173.0, 43.5)(173.0, 53.5)(39.0, 53.5);SD
Port:(187.5, 198.5)(40.0, 198.5)(40.0, 182.5)(24.5, 182.5)(24.5, 58.5)(187.5, 58.5);GATE
Port:(54.5, 189.5)(177.5, 189.5)(177.5, 193.5)(54.5, 193.5);SD
Module:M4
Boundary:(20.7, 365.1)(132.2, 365.1)(132.2, 292.3)(165.7, 292.3)(165.7, 202.1)(20.7, 202.1);GATE
Port:(35.2, 202.1)(151.2, 202.1)(151.2, 212.1)(35.2, 212.1);SD
Port:(20.7, 365.1)(132.2, 365.1)(132.2, 292.3)(165.7, 292.3)(165.7, 217.1)(20.7, 217.1);GATE
Port:(30.7, 356.1)(117.7, 356.1)(117.7, 360.1)(30.7, 360.1);SD
Module:M3
Boundary:(287.5, 215.0)(287.5, 308.5)(231.3, 308.5)(231.3, 414.0)(176.5, 414.0)(176.5, 215.0);GATE
Port:(176.5, 229.5)(186.5, 229.5)(186.5, 399.5)(176.5, 399.5);SD
Port:(287.5, 215.0)(287.5, 308.5)(231.3, 308.5)(231.3, 414.0)(191.5, 414.0)(191.5, 215.0);GATE
Port:(278.5, 225.0)(282.5, 225.0)(282.5, 294.0)(278.5, 294.0);SD
Module:M2
Boundary:(247.2, 414.1)(247.2, 543.6)(233.2, 543.6)(233.2, 559.1)(57.2, 559.1)(57.2, 414.1);GATE
Port:(57.2, 428.6)(67.2, 428.6)(67.2, 544.6)(57.2, 544.6);SD
Port:(247.2, 414.1)(247.2, 543.6)(233.2, 543.6)(233.2, 559.1)(72.2, 559.1)(72.2, 414.1);GATE
Port:(238.2, 424.1)(242.2, 424.1)(242.2, 529.1)(238.2, 529.1);SD
