Area:(-20.0, 41.8)(304.9, 41.8)(304.9, 909.4)(-20.0, 909.4)
Rule:GATE(5,5);SD(5,5);GATE_SD(0.5);GATE_ITO(0.5);SD_ITO(0.5)
Module:M10
Boundary:(30.0, 246.3)(142.6, 246.3)(142.6, 164.5)(159.5, 164.5)(159.5, 81.8)(30.0, 81.8);GATE
Port:(46.3, 81.8)(143.2, 81.8)(143.2, 86.6)(46.3, 86.6);SD
Port:(30.0, 246.3)(142.6, 246.3)(142.6, 164.5)(159.5, 164.5)(159.5, 89.3)(30.0, 89.3);GATE
Port:(36.7, 232.8)(134.9, 232.8)(134.9, 240.6)(36.7, 240.6);SD
Module:M6
Boundary:(176.3, 98.9)(241.8, 98.9)(241.8, 222.7)(256.8, 222.7)(256.8, 299.7)(176.3, 299.7);GATE
Port:(189.4, 295.7)(243.7, 295.7)(243.7, 299.7)(189.4, 299.7);SD
Port:(176.3, 98.9)(241.8, 98.9)(241.8, 222.7)(256.8, 222.7)(256.8, 293.5)(176.3, 293.5);GATE
Port:(181.5, 103.1)(235.6, 103.1)(235.6, 108.7)(181.5, 108.7);SD
Module:M4
Boundary:(256.7, 426.5)(256.7, 317.3)(220.2, 317.3)(220.2, 300.7)(156.9, 300.7)(156.9, 426.5);GATE
Port:(156.9, 315.6)(161.2, 315.6)(161.2, 411.6)(156.9, 411.6);SD
Port:(256.7, 426.5)(256.7, 317.3)(220.2, 317.3)(220.2, 300.7)(164.0, 300.7)(164.0, 426.5);GATE
Port:(244.8, 325.0)(251.0, 325.0)(251.0, 419.8)(244.8, 419.8);SD
Module:M8
Boundary:(153.6, 451.5)(49.3, 451.5)(49.3, 355.6)(33.1, 355.6)(33.1, 267.1)(153.6, 267.1);GATE
Port:(46.7, 267.1)(140.0, 267.1)(140.0, 272.8)(46.7, 272.8);SD
Port:(153.6, 451.5)(49.3, 451.5)(49.3, 355.6)(33.1, 355.6)(33.1, 274.3)(153.6, 274.3);GATE
Port:(55.8, 441.2)(148.1, 441.2)(148.1, 447.0)(55.8, 447.0);SD
Module:M1
Boundary:(174.9, 426.6)(243.9, 426.6)(243.9, 512.1)(174.9, 512.1);GATE
Port:(190.2, 506.8)(228.6, 506.8)(228.6, 512.1)(190.2, 512.1);SD
Port:(174.9, 426.6)(243.9, 426.6)(243.9, 504.9)(174.9, 504.9);GATE
Port:(181.0, 431.7)(237.8, 431.7)(237.8, 439.0)(181.0, 439.0);SD
Module:M2
Boundary:(168.0, 461.2)(168.0, 525.2)(109.6, 525.2)(109.6, 539.7)(47.2, 539.7)(47.2, 461.2);GATE
Port:(47.2, 473.6)(51.3, 473.6)(51.3, 527.3)(47.2, 527.3);SD
Port:(168.0, 461.2)(168.0, 525.2)(109.6, 525.2)(109.6, 539.7)(54.1, 539.7)(54.1, 461.2);GATE
Port:(158.2, 467.9)(162.3, 467.9)(162.3, 517.5)(158.2, 517.5);SD
Module:M9
Boundary:(186.5, 616.8)(186.5, 581.3)(186.4, 581.3)(186.4, 565.4)(20.0, 565.4)(20.0, 616.8);GATE
Port:(20.0, 579.4)(24.1, 579.4)(24.1, 602.8)(20.0, 602.8);SD
Port:(186.5, 616.8)(186.5, 581.3)(186.4, 581.3)(186.4, 565.4)(26.1, 565.4)(26.1, 616.8);GATE
Port:(174.2, 587.8)(181.0, 587.8)(181.0, 610.3)(174.2, 610.3);SD
Module:M3
Boundary:(210.8, 661.6)(264.9, 661.6)(264.9, 512.4)(210.8, 512.4);GATE
Port:(225.2, 512.4)(250.5, 512.4)(250.5, 518.0)(225.2, 518.0);SD
Port:(210.8, 661.6)(264.9, 661.6)(264.9, 519.4)(210.8, 519.4);GATE
Port:(216.8, 650.2)(258.9, 650.2)(258.9, 656.6)(216.8, 656.6);SD
Module:M7
Boundary:(20.0, 641.5)(20.0, 731.6)(194.6, 731.6)(194.6, 641.5);GATE
Port:(189.2, 656.0)(194.6, 656.0)(194.6, 717.1)(189.2, 717.1);SD
Port:(20.0, 641.5)(20.0, 731.6)(186.7, 731.6)(186.7, 641.5);GATE
Port:(24.8, 647.3)(31.1, 647.3)(31.1, 725.8)(24.8, 725.8);SD
Module:M5
Boundary:(219.2, 869.4)(219.2, 795.1)(219.1, 795.1)(219.1, 777.5)(30.0, 777.5)(30.0, 869.4);GATE
Port:(30.0, 793.8)(35.5, 793.8)(35.5, 853.1)(30.0, 853.1);SD
Port:(219.2, 869.4)(219.2, 795.1)(219.1, 795.1)(219.1, 777.5)(36.8, 777.5)(36.8, 869.4);GATE
Port:(206.0, 801.7)(213.6, 801.7)(213.6, 862.8)(206.0, 862.8);SD
