Area:(-20.0, -20.0)(483.9, -20.0)(483.9, 1123.5)(-20.0, 1123.5)
Rule:GATE(5,5);SD(5,5);GATE_SD(0.5);GATE_ITO(0.5);SD_ITO(0.5)
Module:M14
Boundary:(153.8, 20.0)(225.7, 20.0)(225.7, 42.8)(242.7, 42.8)(242.7, 121.4)(153.8, 121.4);GATE
Port:(167.8, 116.3)(228.7, 116.3)(228.7, 121.4)(167.8, 121.4);SD
Port:(153.8, 20.0)(225.7, 20.0)(225.7, 42.8)(242.7, 42.8)(242.7, 114.0)(153.8, 114.0);GATE
Port:(158.8, 24.0)(219.7, 24.0)(219.7, 30.5)(158.8, 30.5);SD
Module:M9
Boundary:(349.9, 760.4)(441.0, 760.4)(441.0, 935.4)(349.9, 935.4);GATE
Port:(364.5, 929.7)(426.4, 929.7)(426.4, 935.4)(364.5, 935.4);SD
Port:(349.9, 760.4)(441.0, 760.4)(441.0, 928.5)(349.9, 928.5);GATE
Port:(356.3, 765.8)(434.6, 765.8)(434.6, 771.8)(356.3, 771.8);SD
Module:M5
Boundary:(276.4, 312.3)(276.4, 415.9)(143.4, 415.9)(143.4, 312.3);GATE
Port:(143.4, 326.5)(147.9, 326.5)(147.9, 401.7)(143.4, 401.7);SD
Port:(276.4, 312.3)(276.4, 415.9)(150.5, 415.9)(150.5, 312.3);GATE
Port:(265.0, 318.8)(270.9, 318.8)(270.9, 409.4)(265.0, 409.4);SD
Module:M11
Boundary:(352.1, 604.8)(427.4, 604.8)(427.4, 605.3)(442.5, 605.3)(442.5, 714.0)(352.1, 714.0);GATE
Port:(364.0, 709.9)(430.6, 709.9)(430.6, 714.0)(364.0, 714.0);SD
Port:(352.1, 604.8)(427.4, 604.8)(427.4, 605.3)(442.5, 605.3)(442.5, 708.3)(352.1, 708.3);GATE
Port:(357.7, 609.4)(421.8, 609.4)(421.8, 614.0)(357.7, 614.0);SD
Module:M1
Boundary:(390.2, 20.0)(441.9, 20.0)(441.9, 183.4)(390.2, 183.4);GATE
Port:(404.7, 179.1)(427.4, 179.1)(427.4, 183.4)(404.7, 183.4);SD
Port:(390.2, 20.0)(441.9, 20.0)(441.9, 177.3)(390.2, 177.3);GATE
Port:(396.9, 25.7)(435.2, 25.7)(435.2, 31.5)(396.9, 31.5);SD
Module:M19
Boundary:(234.9, 760.4)(309.9, 760.4)(309.9, 928.0)(234.9, 928.0);GATE
Port:(251.1, 922.6)(293.7, 922.6)(293.7, 928.0)(251.1, 928.0);SD
Port:(234.9, 760.4)(309.9, 760.4)(309.9, 920.6)(234.9, 920.6);GATE
Port:(241.9, 766.4)(302.9, 766.4)(302.9, 773.5)(241.9, 773.5);SD
Module:M6
Boundary:(192.8, 658.8)(192.8, 759.2)(103.9, 759.2)(103.9, 774.6)(20.0, 774.6)(20.0, 658.8);GATE
Port:(20.0, 672.0)(24.9, 672.0)(24.9, 761.4)(20.0, 761.4);SD
Port:(192.8, 658.8)(192.8, 759.2)(103.9, 759.2)(103.9, 774.6)(27.7, 774.6)(27.7, 658.8);GATE
Port:(182.5, 665.7)(186.9, 665.7)(186.9, 751.3)(182.5, 751.3);SD
Module:M2
Boundary:(225.1, 980.2)(225.1, 1067.4)(189.5, 1067.4)(189.5, 1083.5)(20.0, 1083.5)(20.0, 980.2);GATE
Port:(20.0, 994.5)(24.4, 994.5)(24.4, 1069.2)(20.0, 1069.2);SD
Port:(225.1, 980.2)(225.1, 1067.4)(189.5, 1067.4)(189.5, 1083.5)(26.4, 1083.5)(26.4, 980.2);GATE
Port:(214.1, 986.8)(219.5, 986.8)(219.5, 1059.8)(214.1, 1059.8);SD
Module:M16
Boundary:(143.4, 455.9)(192.6, 455.9)(192.6, 531.9)(206.2, 531.9)(206.2, 607.2)(143.4, 607.2);GATE
Port:(156.5, 602.6)(193.1, 602.6)(193.1, 607.2)(156.5, 607.2);SD
Port:(143.4, 455.9)(192.6, 455.9)(192.6, 531.9)(206.2, 531.9)(206.2, 599.8)(143.4, 599.8);GATE
Port:(149.5, 461.0)(185.5, 461.0)(185.5, 467.2)(149.5, 467.2);SD
Module:M13
Boundary:(316.4, 223.4)(437.0, 223.4)(437.0, 341.0)(316.4, 341.0);GATE
Port:(331.1, 336.9)(422.3, 336.9)(422.3, 341.0)(331.1, 341.0);SD
Port:(316.4, 223.4)(437.0, 223.4)(437.0, 335.1)(316.4, 335.1);GATE
Port:(322.6, 228.6)(430.8, 228.6)(430.8, 236.0)(322.6, 236.0);SD
Module:M10
Boundary:(246.2, 604.8)(296.6, 604.8)(296.6, 651.3)(312.1, 651.3)(312.1, 720.4)(246.2, 720.4);GATE
Port:(259.4, 716.1)(298.9, 716.1)(298.9, 720.4)(259.4, 720.4);SD
Port:(246.2, 604.8)(296.6, 604.8)(296.6, 651.3)(312.1, 651.3)(312.1, 715.0)(246.2, 715.0);GATE
Port:(251.3, 608.9)(290.5, 608.9)(290.5, 615.4)(251.3, 615.4);SD
Module:M7
Boundary:(20.0, 20.0)(95.2, 20.0)(95.2, 20.4)(113.8, 20.4)(113.8, 186.6)(20.0, 186.6);GATE
Port:(35.3, 182.1)(98.5, 182.1)(98.5, 186.6)(35.3, 186.6);SD
Port:(20.0, 20.0)(95.2, 20.0)(95.2, 20.4)(113.8, 20.4)(113.8, 180.8)(20.0, 180.8);GATE
Port:(26.6, 25.6)(88.6, 25.6)(88.6, 32.1)(26.6, 32.1);SD
Module:M3
Boundary:(439.0, 975.4)(439.0, 1063.1)(438.5, 1063.1)(438.5, 1081.2)(265.1, 1081.2)(265.1, 975.4);GATE
Port:(265.1, 988.4)(269.4, 988.4)(269.4, 1068.2)(265.1, 1068.2);SD
Port:(439.0, 975.4)(439.0, 1063.1)(438.5, 1063.1)(438.5, 1081.2)(271.5, 1081.2)(271.5, 975.4);GATE
Port:(429.3, 980.9)(434.5, 980.9)(434.5, 1057.6)(429.3, 1057.6);SD
Module:M18
Boundary:(20.0, 226.6)(86.8, 226.6)(86.8, 291.2)(101.6, 291.2)(101.6, 381.4)(20.0, 381.4);GATE
Port:(33.7, 376.1)(87.9, 376.1)(87.9, 381.4)(33.7, 381.4);SD
Port:(20.0, 226.6)(86.8, 226.6)(86.8, 291.2)(101.6, 291.2)(101.6, 373.7)(20.0, 373.7);GATE
Port:(26.4, 232.0)(79.4, 232.0)(79.4, 237.5)(26.4, 237.5);SD
Module:M20
Boundary:(368.9, 381.0)(427.2, 381.0)(427.2, 452.2)(443.9, 452.2)(443.9, 548.6)(368.9, 548.6);GATE
Port:(385.6, 544.4)(427.2, 544.4)(427.2, 548.6)(385.6, 548.6);SD
Port:(368.9, 381.0)(427.2, 381.0)(427.2, 452.2)(443.9, 452.2)(443.9, 542.8)(368.9, 542.8);GATE
Port:(375.5, 386.6)(419.6, 386.6)(419.6, 394.4)(375.5, 394.4);SD
Module:M15
Boundary:(282.7, 20.0)(350.2, 20.0)(350.2, 163.2)(282.7, 163.2);GATE
Port:(296.1, 158.3)(336.8, 158.3)(336.8, 163.2)(296.1, 163.2);SD
Port:(282.7, 20.0)(350.2, 20.0)(350.2, 155.6)(282.7, 155.6);GATE
Port:(289.6, 25.9)(343.3, 25.9)(343.3, 31.3)(289.6, 31.3);SD
Module:M12
Boundary:(20.0, 421.4)(87.3, 421.4)(87.3, 525.5)(103.4, 525.5)(103.4, 618.8)(20.0, 618.8);GATE
Port:(32.9, 614.7)(90.5, 614.7)(90.5, 618.8)(32.9, 618.8);SD
Port:(20.0, 421.4)(87.3, 421.4)(87.3, 525.5)(103.4, 525.5)(103.4, 611.8)(20.0, 611.8);GATE
Port:(25.1, 425.5)(81.2, 425.5)(81.2, 431.2)(25.1, 431.2);SD
Module:M8
Boundary:(246.2, 455.9)(313.9, 455.9)(313.9, 513.4)(328.9, 513.4)(328.9, 564.8)(246.2, 564.8);GATE
Port:(260.0, 559.4)(315.1, 559.4)(315.1, 564.8)(260.0, 564.8);SD
Port:(246.2, 455.9)(313.9, 455.9)(313.9, 513.4)(328.9, 513.4)(328.9, 556.4)(246.2, 556.4);GATE
Port:(252.3, 461.0)(306.8, 461.0)(306.8, 467.7)(252.3, 467.7);SD
Module:M4
Boundary:(194.9, 814.6)(194.9, 923.5)(179.6, 923.5)(179.6, 940.2)(20.0, 940.2)(20.0, 814.6);GATE
Port:(20.0, 829.4)(25.9, 829.4)(25.9, 925.4)(20.0, 925.4);SD
Port:(194.9, 814.6)(194.9, 923.5)(179.6, 923.5)(179.6, 940.2)(27.9, 940.2)(27.9, 814.6);GATE
Port:(183.1, 820.8)(189.7, 820.8)(189.7, 916.3)(183.1, 916.3);SD
Module:M17
Boundary:(153.8, 161.4)(227.6, 161.4)(227.6, 161.5)(240.9, 161.5)(240.9, 272.3)(153.8, 272.3);GATE
Port:(167.7, 267.4)(227.0, 267.4)(227.0, 272.3)(167.7, 272.3);SD
Port:(153.8, 161.4)(227.6, 161.4)(227.6, 161.5)(240.9, 161.5)(240.9, 265.8)(153.8, 265.8);GATE
Port:(160.0, 166.6)(221.4, 166.6)(221.4, 173.8)(160.0, 173.8);SD
