Area:(-5.5, 21.9)(299.7, 21.9)(299.7, 771.3)(-5.5, 771.3)
Rule:GATE(5,5);SD(5,5);GATE_SD(0.5);GATE_ITO(0.5);SD_ITO(0.5)
Module:M5
Boundary:(132.6, 61.9)(230.0, 61.9)(230.0, 156.4)(132.6, 156.4);GATE
Port:(145.6, 150.5)(217.0, 150.5)(217.0, 156.4)(145.6, 156.4);SD
Port:(132.6, 61.9)(230.0, 61.9)(230.0, 148.0)(132.6, 148.0);GATE
Port:(138.3, 66.6)(224.3, 66.6)(224.3, 72.3)(138.3, 72.3);SD
Module:M3
Boundary:(48.8, 251.1)(84.1, 251.1)(84.1, 251.1)(100.4, 251.1)(100.4, 73.3)(48.8, 73.3);GATE
Port:(63.4, 73.3)(85.8, 73.3)(85.8, 79.1)(63.4, 79.1);SD
Port:(48.8, 251.1)(84.1, 251.1)(84.1, 251.1)(100.4, 251.1)(100.4, 81.5)(48.8, 81.5);GATE
Port:(54.6, 239.8)(78.3, 239.8)(78.3, 246.3)(54.6, 246.3);SD
Module:M4
Boundary:(259.7, 290.2)(259.7, 218.1)(184.5, 218.1)(184.5, 202.0)(109.0, 202.0)(109.0, 290.2);GATE
Port:(109.0, 216.6)(113.3, 216.6)(113.3, 275.6)(109.0, 275.6);SD
Port:(259.7, 290.2)(259.7, 218.1)(184.5, 218.1)(184.5, 202.0)(115.6, 202.0)(115.6, 290.2);GATE
Port:(247.7, 225.4)(254.4, 225.4)(254.4, 283.9)(247.7, 283.9);SD
Module:M1
Boundary:(249.3, 353.2)(249.3, 445.8)(151.3, 445.8)(151.3, 353.2);GATE
Port:(151.3, 367.5)(155.7, 367.5)(155.7, 431.5)(151.3, 431.5);SD
Port:(249.3, 353.2)(249.3, 445.8)(156.9, 445.8)(156.9, 353.2);GATE
Port:(237.3, 359.4)(244.1, 359.4)(244.1, 439.6)(237.3, 439.6);SD
Module:M9
Boundary:(37.9, 422.9)(142.7, 422.9)(142.7, 297.0)(37.9, 297.0);GATE
Port:(53.6, 297.0)(127.0, 297.0)(127.0, 301.3)(53.6, 301.3);SD
Port:(37.9, 422.9)(142.7, 422.9)(142.7, 304.1)(37.9, 304.1);GATE
Port:(44.3, 410.0)(136.3, 410.0)(136.3, 417.5)(44.3, 417.5);SD
Module:M8
Boundary:(254.2, 465.9)(254.2, 400.7)(223.5, 400.7)(223.5, 385.8)(153.7, 385.8)(153.7, 465.9);GATE
Port:(153.7, 398.1)(158.6, 398.1)(158.6, 453.6)(153.7, 453.6);SD
Port:(254.2, 465.9)(254.2, 400.7)(223.5, 400.7)(223.5, 385.8)(160.0, 385.8)(160.0, 465.9);GATE
Port:(243.5, 407.3)(249.6, 407.3)(249.6, 460.3)(243.5, 460.3);SD
Module:M10
Boundary:(51.1, 533.8)(117.1, 533.8)(117.1, 502.3)(131.6, 502.3)(131.6, 429.7)(51.1, 429.7);GATE
Port:(64.3, 429.7)(118.4, 429.7)(118.4, 435.4)(64.3, 435.4);SD
Port:(51.1, 533.8)(117.1, 533.8)(117.1, 502.3)(131.6, 502.3)(131.6, 437.0)(51.1, 437.0);GATE
Port:(57.7, 523.0)(109.5, 523.0)(109.5, 528.2)(57.7, 528.2);SD
Module:M7
Boundary:(144.8, 510.4)(144.8, 577.3)(248.6, 577.3)(248.6, 510.4);GATE
Port:(242.9, 522.9)(248.6, 522.9)(248.6, 564.8)(242.9, 564.8);SD
Port:(144.8, 510.4)(144.8, 577.3)(240.6, 577.3)(240.6, 510.4);GATE
Port:(149.0, 515.6)(155.0, 515.6)(155.0, 572.1)(149.0, 572.1);SD
Module:M6
Boundary:(34.5, 726.4)(87.2, 726.4)(87.2, 717.0)(104.3, 717.0)(104.3, 607.0)(34.5, 607.0);GATE
Port:(47.6, 607.0)(91.2, 607.0)(91.2, 611.6)(47.6, 611.6);SD
Port:(34.5, 726.4)(87.2, 726.4)(87.2, 717.0)(104.3, 717.0)(104.3, 613.7)(34.5, 613.7);GATE
Port:(39.9, 716.8)(80.8, 716.8)(80.8, 722.0)(39.9, 722.0);SD
Module:M2
Boundary:(257.3, 614.8)(257.3, 713.0)(208.4, 713.0)(208.4, 731.3)(131.1, 731.3)(131.1, 614.8);GATE
Port:(131.1, 630.7)(135.8, 630.7)(135.8, 715.4)(131.1, 715.4);SD
Port:(257.3, 614.8)(257.3, 713.0)(208.4, 713.0)(208.4, 731.3)(138.8, 731.3)(138.8, 614.8);GATE
Port:(244.9, 620.5)(252.6, 620.5)(252.6, 706.3)(244.9, 706.3);SD
