Area:(-20.0, -20.0)(700.3, -20.0)(700.3, 697.1)(-20.0, 697.1)
Rule:GATE(5,5);SD(5,5);GATE_SD(0.5);GATE_ITO(0.5);SD_ITO(0.5)
Module:M20
Boundary:(619.5, 20.0)(619.5, 96.5)(612.4, 96.5)(612.4, 114.9)(523.4, 114.9)(523.4, 20.0);GATE
Port:(523.4, 34.4)(528.6, 34.4)(528.6, 100.5)(523.4, 100.5);SD
Port:(619.5, 20.0)(619.5, 96.5)(612.4, 96.5)(612.4, 114.9)(529.9, 114.9)(529.9, 20.0);GATE
Port:(608.5, 25.6)(614.9, 25.6)(614.9, 89.9)(608.5, 89.9);SD
Module:M16
Boundary:(516.0, 131.1)(516.0, 34.5)(423.1, 34.5)(423.1, 20.0)(305.3, 20.0)(305.3, 131.1);GATE
Port:(305.3, 33.3)(310.0, 33.3)(310.0, 117.8)(305.3, 117.8);SD
Port:(516.0, 131.1)(516.0, 34.5)(423.1, 34.5)(423.1, 20.0)(312.3, 20.0)(312.3, 131.1);GATE
Port:(505.0, 42.1)(510.4, 42.1)(510.4, 124.5)(505.0, 124.5);SD
Module:M8
Boundary:(182.5, 70.0)(250.4, 70.0)(250.4, 79.0)(265.7, 79.0)(265.7, 189.8)(182.5, 189.8);GATE
Port:(196.6, 184.4)(251.6, 184.4)(251.6, 189.8)(196.6, 189.8);SD
Port:(182.5, 70.0)(250.4, 70.0)(250.4, 79.0)(265.7, 79.0)(265.7, 181.4)(182.5, 181.4);GATE
Port:(189.0, 75.5)(242.9, 75.5)(242.9, 80.8)(189.0, 80.8);SD
Module:M12
Boundary:(181.8, 190.8)(76.2, 190.8)(76.2, 144.7)(59.7, 144.7)(59.7, 51.9)(181.8, 51.9);GATE
Port:(73.9, 51.9)(167.6, 51.9)(167.6, 56.5)(73.9, 56.5);SD
Port:(181.8, 190.8)(76.2, 190.8)(76.2, 144.7)(59.7, 144.7)(59.7, 58.5)(181.8, 58.5);GATE
Port:(83.4, 180.0)(175.6, 180.0)(175.6, 185.6)(83.4, 185.6);SD
Module:M10
Boundary:(536.0, 171.3)(536.0, 253.5)(443.5, 253.5)(443.5, 268.9)(329.6, 268.9)(329.6, 171.3);GATE
Port:(329.6, 183.9)(334.4, 183.9)(334.4, 256.3)(329.6, 256.3);SD
Port:(536.0, 171.3)(536.0, 253.5)(443.5, 253.5)(443.5, 268.9)(335.6, 268.9)(335.6, 171.3);GATE
Port:(526.3, 177.1)(531.2, 177.1)(531.2, 246.7)(526.3, 246.7);SD
Module:M17
Boundary:(20.0, 293.4)(20.0, 217.5)(164.5, 217.5)(164.5, 293.4);GATE
Port:(158.6, 231.5)(164.5, 231.5)(164.5, 279.4)(158.6, 279.4);SD
Port:(20.0, 293.4)(20.0, 217.5)(157.6, 217.5)(157.6, 293.4);GATE
Port:(25.3, 223.8)(32.1, 223.8)(32.1, 287.1)(25.3, 287.1);SD
Module:M2
Boundary:(224.7, 200.9)(294.2, 200.9)(294.2, 250.2)(309.8, 250.2)(309.8, 297.0)(224.7, 297.0);GATE
Port:(239.1, 292.4)(295.4, 292.4)(295.4, 297.0)(239.1, 297.0);SD
Port:(224.7, 200.9)(294.2, 200.9)(294.2, 250.2)(309.8, 250.2)(309.8, 291.3)(224.7, 291.3);GATE
Port:(230.0, 205.2)(287.9, 205.2)(287.9, 212.6)(230.0, 212.6);SD
Module:M4
Boundary:(635.4, 183.4)(565.4, 183.4)(565.4, 242.6)(548.3, 242.6)(548.3, 308.6)(635.4, 308.6);GATE
Port:(560.8, 302.8)(622.9, 302.8)(622.9, 308.6)(560.8, 308.6);SD
Port:(635.4, 183.4)(565.4, 183.4)(565.4, 242.6)(548.3, 242.6)(548.3, 300.8)(635.4, 300.8);GATE
Port:(571.5, 187.5)(630.3, 187.5)(630.3, 192.9)(571.5, 192.9);SD
Module:M6
Boundary:(109.7, 425.6)(109.7, 344.5)(99.4, 344.5)(99.4, 330.5)(35.4, 330.5)(35.4, 425.6);GATE
Port:(35.4, 344.3)(39.5, 344.3)(39.5, 411.8)(35.4, 411.8);SD
Port:(109.7, 425.6)(109.7, 344.5)(99.4, 344.5)(99.4, 330.5)(41.1, 330.5)(41.1, 425.6);GATE
Port:(98.0, 352.2)(104.0, 352.2)(104.0, 418.9)(98.0, 418.9);SD
Module:M19
Boundary:(313.7, 401.6)(313.7, 301.0)(138.7, 301.0)(138.7, 401.6);GATE
Port:(138.7, 313.8)(142.8, 313.8)(142.8, 388.8)(138.7, 388.8);SD
Port:(313.7, 401.6)(313.7, 301.0)(144.3, 301.0)(144.3, 401.6);GATE
Port:(302.9, 307.1)(308.6, 307.1)(308.6, 395.5)(302.9, 395.5);SD
Module:M15
Boundary:(463.4, 424.6)(522.9, 424.6)(522.9, 309.8)(463.4, 309.8);GATE
Port:(475.4, 309.8)(510.9, 309.8)(510.9, 313.9)(475.4, 313.9);SD
Port:(463.4, 424.6)(522.9, 424.6)(522.9, 315.4)(463.4, 315.4);GATE
Port:(468.7, 414.3)(517.6, 414.3)(517.6, 420.3)(468.7, 420.3);SD
Module:M13
Boundary:(574.5, 318.7)(646.1, 318.7)(646.1, 319.0)(660.3, 319.0)(660.3, 423.1)(574.5, 423.1);GATE
Port:(586.0, 417.7)(648.8, 417.7)(648.8, 423.1)(586.0, 423.1);SD
Port:(574.5, 318.7)(646.1, 318.7)(646.1, 319.0)(660.3, 319.0)(660.3, 415.9)(574.5, 415.9);GATE
Port:(579.8, 323.0)(640.8, 323.0)(640.8, 328.1)(579.8, 328.1);SD
Module:M11
Boundary:(406.7, 308.7)(321.0, 308.7)(321.0, 427.1)(406.7, 427.1);GATE
Port:(336.2, 422.0)(391.5, 422.0)(391.5, 427.1)(336.2, 427.1);SD
Port:(406.7, 308.7)(321.0, 308.7)(321.0, 419.6)(406.7, 419.6);GATE
Port:(327.5, 314.2)(400.2, 314.2)(400.2, 321.2)(327.5, 321.2);SD
Module:M9
Boundary:(34.0, 444.2)(34.0, 513.6)(141.9, 513.6)(141.9, 444.2);GATE
Port:(137.3, 458.5)(141.9, 458.5)(141.9, 499.3)(137.3, 499.3);SD
Port:(34.0, 444.2)(34.0, 513.6)(136.3, 513.6)(136.3, 444.2);GATE
Port:(39.8, 451.0)(45.9, 451.0)(45.9, 506.8)(39.8, 506.8);SD
Module:M5
Boundary:(601.5, 452.9)(632.0, 452.9)(632.0, 452.9)(647.2, 452.9)(647.2, 553.1)(601.5, 553.1);GATE
Port:(613.1, 548.1)(635.6, 548.1)(635.6, 553.1)(613.1, 553.1);SD
Port:(601.5, 452.9)(632.0, 452.9)(632.0, 452.9)(647.2, 452.9)(647.2, 546.4)(601.5, 546.4);GATE
Port:(606.6, 457.0)(626.9, 457.0)(626.9, 462.9)(606.6, 462.9);SD
Module:M18
Boundary:(561.5, 565.3)(561.5, 482.3)(551.4, 482.3)(551.4, 467.1)(432.9, 467.1)(432.9, 565.3);GATE
Port:(432.9, 480.2)(438.1, 480.2)(438.1, 552.2)(432.9, 552.2);SD
Port:(561.5, 565.3)(561.5, 482.3)(551.4, 482.3)(551.4, 467.1)(439.4, 467.1)(439.4, 565.3);GATE
Port:(550.6, 488.6)(557.2, 488.6)(557.2, 560.0)(550.6, 560.0);SD
Module:M1
Boundary:(40.8, 622.9)(40.8, 538.7)(149.0, 538.7)(149.0, 622.9);GATE
Port:(143.6, 552.8)(149.0, 552.8)(149.0, 608.8)(143.6, 608.8);SD
Port:(40.8, 622.9)(40.8, 538.7)(141.8, 538.7)(141.8, 622.9);GATE
Port:(45.4, 544.3)(52.3, 544.3)(52.3, 617.3)(45.4, 617.3);SD
Module:M3
Boundary:(380.2, 652.7)(275.9, 652.7)(275.9, 652.3)(258.9, 652.3)(258.9, 467.1)(380.2, 467.1);GATE
Port:(273.2, 467.1)(365.9, 467.1)(365.9, 472.4)(273.2, 472.4);SD
Port:(380.2, 652.7)(275.9, 652.7)(275.9, 652.3)(258.9, 652.3)(258.9, 475.1)(380.2, 475.1);GATE
Port:(282.1, 641.0)(374.0, 641.0)(374.0, 647.5)(282.1, 647.5);SD
Module:M14
Boundary:(243.8, 656.6)(194.3, 656.6)(194.3, 550.7)(180.4, 550.7)(180.4, 456.5)(243.8, 456.5);GATE
Port:(193.8, 456.5)(230.4, 456.5)(230.4, 460.5)(193.8, 460.5);SD
Port:(243.8, 656.6)(194.3, 656.6)(194.3, 550.7)(180.4, 550.7)(180.4, 462.9)(243.8, 462.9);GATE
Port:(200.4, 644.9)(238.7, 644.9)(238.7, 652.5)(200.4, 652.5);SD
Module:M7
Boundary:(623.7, 657.1)(623.7, 604.8)(432.5, 604.8)(432.5, 657.1);GATE
Port:(432.5, 620.1)(437.3, 620.1)(437.3, 641.8)(432.5, 641.8);SD
Port:(623.7, 657.1)(623.7, 604.8)(439.4, 604.8)(439.4, 657.1);GATE
Port:(610.6, 611.5)(618.0, 611.5)(618.0, 650.4)(610.6, 650.4);SD
