Area:(12.3, -8.9)(964.2, -8.9)(964.2, 514.0)(12.3, 514.0)
Rule:GATE(5,5);SD(5,5);GATE_SD(0.5);GATE_ITO(0.5);SD_ITO(0.5)
Module:M14
Boundary:(312.7, 44.3)(312.7, 99.7)(363.3, 99.7)(363.3, 115.2)(508.1, 115.2)(508.1, 44.3);GATE
Port:(502.7, 59.5)(508.1, 59.5)(508.1, 100.0)(502.7, 100.0);SD
Port:(312.7, 44.3)(312.7, 99.7)(363.3, 99.7)(363.3, 115.2)(501.5, 115.2)(501.5, 44.3);GATE
Port:(318.5, 51.1)(325.5, 51.1)(325.5, 91.9)(318.5, 91.9);SD
Module:M3
Boundary:(734.6, 38.7)(648.0, 38.7)(648.0, 111.9)(734.6, 111.9);GATE
Port:(662.5, 107.2)(720.1, 107.2)(720.1, 111.9)(662.5, 111.9);SD
Port:(734.6, 38.7)(648.0, 38.7)(648.0, 105.8)(734.6, 105.8);GATE
Port:(653.0, 42.7)(729.6, 42.7)(729.6, 50.1)(653.0, 50.1);SD
Module:M18
Boundary:(318.9, 41.7)(318.9, 109.0)(267.1, 109.0)(267.1, 125.3)(168.4, 125.3)(168.4, 41.7);GATE
Port:(168.4, 53.6)(173.6, 53.6)(173.6, 113.4)(168.4, 113.4);SD
Port:(318.9, 41.7)(318.9, 109.0)(267.1, 109.0)(267.1, 125.3)(176.0, 125.3)(176.0, 41.7);GATE
Port:(310.2, 47.3)(314.3, 47.3)(314.3, 102.4)(310.2, 102.4);SD
Module:M15
Boundary:(52.3, 72.8)(52.3, 151.2)(52.7, 151.2)(52.7, 166.6)(128.7, 166.6)(128.7, 72.8);GATE
Port:(124.1, 85.4)(128.7, 85.4)(128.7, 154.0)(124.1, 154.0);SD
Port:(52.3, 72.8)(52.3, 151.2)(52.7, 151.2)(52.7, 166.6)(122.8, 166.6)(122.8, 72.8);GATE
Port:(57.1, 78.6)(62.6, 78.6)(62.6, 145.4)(57.1, 145.4);SD
Module:M2
Boundary:(532.8, 160.6)(604.4, 160.6)(604.4, 98.4)(621.4, 98.4)(621.4, 33.1)(532.8, 33.1);GATE
Port:(546.1, 33.1)(608.1, 33.1)(608.1, 37.9)(546.1, 37.9);SD
Port:(532.8, 160.6)(604.4, 160.6)(604.4, 98.4)(621.4, 98.4)(621.4, 40.2)(532.8, 40.2);GATE
Port:(538.5, 150.2)(597.7, 150.2)(597.7, 155.9)(538.5, 155.9);SD
Module:M12
Boundary:(795.6, 31.1)(906.6, 31.1)(906.6, 42.7)(924.2, 42.7)(924.2, 168.8)(795.6, 168.8);GATE
Port:(809.7, 164.4)(910.1, 164.4)(910.1, 168.8)(809.7, 168.8);SD
Port:(795.6, 31.1)(906.6, 31.1)(906.6, 42.7)(924.2, 42.7)(924.2, 162.1)(795.6, 162.1);GATE
Port:(801.0, 35.5)(900.2, 35.5)(900.2, 42.0)(801.0, 42.0);SD
Module:M5
Boundary:(383.6, 233.3)(383.6, 147.2)(513.1, 147.2)(513.1, 233.3);GATE
Port:(507.6, 161.6)(513.1, 161.6)(513.1, 218.9)(507.6, 218.9);SD
Port:(383.6, 233.3)(383.6, 147.2)(506.1, 147.2)(506.1, 233.3);GATE
Port:(388.9, 153.5)(395.9, 153.5)(395.9, 227.0)(388.9, 227.0);SD
Module:M9
Boundary:(364.9, 222.0)(364.9, 148.0)(263.5, 148.0)(263.5, 222.0);GATE
Port:(263.5, 160.8)(268.2, 160.8)(268.2, 209.2)(263.5, 209.2);SD
Port:(364.9, 222.0)(364.9, 148.0)(270.4, 148.0)(270.4, 222.0);GATE
Port:(354.3, 154.4)(359.5, 154.4)(359.5, 215.6)(354.3, 215.6);SD
Module:M8
Boundary:(254.1, 256.2)(254.1, 200.5)(159.8, 200.5)(159.8, 183.7)(71.9, 183.7)(71.9, 256.2);GATE
Port:(71.9, 199.1)(76.4, 199.1)(76.4, 240.8)(71.9, 240.8);SD
Port:(254.1, 256.2)(254.1, 200.5)(159.8, 200.5)(159.8, 183.7)(77.6, 183.7)(77.6, 256.2);GATE
Port:(242.1, 207.1)(249.5, 207.1)(249.5, 250.6)(242.1, 250.6);SD
Module:M19
Boundary:(612.8, 186.1)(535.1, 186.1)(535.1, 186.4)(519.9, 186.4)(519.9, 254.3)(612.8, 254.3);GATE
Port:(532.2, 250.0)(600.5, 250.0)(600.5, 254.3)(532.2, 254.3);SD
Port:(612.8, 186.1)(535.1, 186.1)(535.1, 186.4)(519.9, 186.4)(519.9, 248.3)(612.8, 248.3);GATE
Port:(541.5, 191.5)(606.4, 191.5)(606.4, 196.6)(541.5, 196.6);SD
Module:M4
Boundary:(899.7, 331.6)(790.0, 331.6)(790.0, 258.4)(773.2, 258.4)(773.2, 184.6)(899.7, 184.6);GATE
Port:(788.2, 184.6)(884.7, 184.6)(884.7, 190.2)(788.2, 190.2);SD
Port:(899.7, 331.6)(790.0, 331.6)(790.0, 258.4)(773.2, 258.4)(773.2, 191.3)(899.7, 191.3);GATE
Port:(797.7, 319.5)(893.0, 319.5)(893.0, 325.9)(797.7, 325.9);SD
Module:M7
Boundary:(491.1, 239.4)(491.1, 327.7)(319.4, 327.7)(319.4, 239.4);GATE
Port:(319.4, 253.4)(323.9, 253.4)(323.9, 313.7)(319.4, 313.7);SD
Port:(491.1, 239.4)(491.1, 327.7)(326.8, 327.7)(326.8, 239.4);GATE
Port:(479.9, 245.4)(486.1, 245.4)(486.1, 321.7)(479.9, 321.7);SD
Module:M20
Boundary:(665.8, 136.6)(718.8, 136.6)(718.8, 235.8)(734.0, 235.8)(734.0, 360.3)(665.8, 360.3);GATE
Port:(680.4, 354.8)(719.4, 354.8)(719.4, 360.3)(680.4, 360.3);SD
Port:(665.8, 136.6)(718.8, 136.6)(718.8, 235.8)(734.0, 235.8)(734.0, 352.4)(665.8, 352.4);GATE
Port:(672.3, 142.1)(711.3, 142.1)(711.3, 148.2)(672.3, 148.2);SD
Module:M16
Boundary:(91.0, 368.0)(91.0, 281.8)(126.2, 281.8)(126.2, 266.3)(232.1, 266.3)(232.1, 368.0);GATE
Port:(227.1, 280.5)(232.1, 280.5)(232.1, 353.8)(227.1, 353.8);SD
Port:(91.0, 368.0)(91.0, 281.8)(126.2, 281.8)(126.2, 266.3)(225.7, 266.3)(225.7, 368.0);GATE
Port:(96.7, 289.5)(102.4, 289.5)(102.4, 361.3)(96.7, 361.3);SD
Module:M13
Boundary:(530.7, 262.1)(609.9, 262.1)(609.9, 262.2)(625.9, 262.2)(625.9, 436.5)(530.7, 436.5);GATE
Port:(542.9, 430.9)(613.7, 430.9)(613.7, 436.5)(542.9, 436.5);SD
Port:(530.7, 262.1)(609.9, 262.1)(609.9, 262.2)(625.9, 262.2)(625.9, 428.1)(530.7, 428.1);GATE
Port:(536.6, 267.0)(604.0, 267.0)(604.0, 271.4)(536.6, 271.4);SD
Module:M10
Boundary:(232.6, 448.0)(232.6, 398.4)(167.8, 398.4)(167.8, 384.8)(99.1, 384.8)(99.1, 448.0);GATE
Port:(99.1, 398.4)(104.3, 398.4)(104.3, 434.4)(99.1, 434.4);SD
Port:(232.6, 448.0)(232.6, 398.4)(167.8, 398.4)(167.8, 384.8)(105.8, 384.8)(105.8, 448.0);GATE
Port:(221.3, 405.8)(227.2, 405.8)(227.2, 441.6)(221.3, 441.6);SD
Module:M1
Boundary:(484.4, 332.8)(484.4, 420.1)(327.3, 420.1)(327.3, 332.8);GATE
Port:(327.3, 345.4)(332.0, 345.4)(332.0, 407.5)(327.3, 407.5);SD
Port:(484.4, 332.8)(484.4, 420.1)(334.3, 420.1)(334.3, 332.8);GATE
Port:(473.9, 338.4)(479.8, 338.4)(479.8, 414.5)(473.9, 414.5);SD
Module:M11
Boundary:(789.4, 436.6)(789.4, 361.3)(789.9, 361.3)(789.9, 342.6)(901.9, 342.6)(901.9, 436.6);GATE
Port:(897.5, 357.7)(901.9, 357.7)(901.9, 421.5)(897.5, 421.5);SD
Port:(789.4, 436.6)(789.4, 361.3)(789.9, 361.3)(789.9, 342.6)(896.2, 342.6)(896.2, 436.6);GATE
Port:(794.3, 367.2)(801.5, 367.2)(801.5, 430.7)(794.3, 430.7);SD
Module:M6
Boundary:(311.2, 260.4)(246.7, 260.4)(246.7, 279.0)(233.2, 279.0)(233.2, 474.0)(311.2, 474.0);GATE
Port:(247.4, 469.9)(297.0, 469.9)(297.0, 474.0)(247.4, 474.0);SD
Port:(311.2, 260.4)(246.7, 260.4)(246.7, 279.0)(233.2, 279.0)(233.2, 467.4)(311.2, 467.4);GATE
Port:(254.2, 265.9)(304.7, 265.9)(304.7, 272.7)(254.2, 272.7);SD
Module:M17
Boundary:(772.5, 463.0)(772.5, 395.0)(772.4, 395.0)(772.4, 378.3)(649.3, 378.3)(649.3, 463.0);GATE
Port:(649.3, 391.7)(654.1, 391.7)(654.1, 449.6)(649.3, 449.6);SD
Port:(772.5, 463.0)(772.5, 395.0)(772.4, 395.0)(772.4, 378.3)(656.3, 378.3)(656.3, 463.0);GATE
Port:(761.7, 400.3)(768.2, 400.3)(768.2, 457.7)(761.7, 457.7);SD
