Area:(12.7, -6.4)(857.2, -6.4)(857.2, 838.6)(12.7, 838.6)
Rule:GATE(5,5);SD(5,5);GATE_SD(0.5);GATE_ITO(0.5);SD_ITO(0.5)
Module:M4
Boundary:(137.9, 217.9)(64.9, 217.9)(64.9, 99.9)(137.9, 99.9);GATE
Port:(79.4, 99.9)(123.4, 99.9)(123.4, 109.9)(79.4, 109.9);SD
Port:(137.9, 217.9)(64.9, 217.9)(64.9, 114.9)(137.9, 114.9);GATE
Port:(74.9, 208.9)(127.9, 208.9)(127.9, 212.9)(74.9, 212.9);SD
Module:M23
Boundary:(156.4, 215.1)(229.4, 215.1)(229.4, 78.1)(156.4, 78.1);GATE
Port:(170.9, 78.1)(214.9, 78.1)(214.9, 88.1)(170.9, 88.1);SD
Port:(156.4, 215.1)(229.4, 215.1)(229.4, 93.1)(156.4, 93.1);GATE
Port:(166.4, 206.1)(219.4, 206.1)(219.4, 210.1)(166.4, 210.1);SD
Module:M1
Boundary:(368.9, 194.7)(368.9, 65.2)(355.0, 65.2)(355.0, 49.7)(301.9, 49.7)(301.9, 194.7);GATE
Port:(301.9, 64.2)(311.9, 64.2)(311.9, 180.2)(301.9, 180.2);SD
Port:(368.9, 194.7)(368.9, 65.2)(355.0, 65.2)(355.0, 49.7)(316.9, 49.7)(316.9, 194.7);GATE
Port:(359.9, 79.7)(363.9, 79.7)(363.9, 184.7)(359.9, 184.7);SD
Module:M6
Boundary:(803.6, 58.8)(803.6, 152.3)(749.1, 152.3)(749.1, 203.8)(622.6, 203.8)(622.6, 58.8);GATE
Port:(622.6, 73.3)(632.6, 73.3)(632.6, 189.3)(622.6, 189.3);SD
Port:(803.6, 58.8)(803.6, 152.3)(749.1, 152.3)(749.1, 203.8)(637.6, 203.8)(637.6, 58.8);GATE
Port:(794.6, 68.8)(798.6, 68.8)(798.6, 137.8)(794.6, 137.8);SD
Module:M8
Boundary:(450.6, 53.4)(377.6, 53.4)(377.6, 222.4)(450.6, 222.4);GATE
Port:(392.1, 212.4)(436.1, 212.4)(436.1, 222.4)(392.1, 222.4);SD
Port:(450.6, 53.4)(377.6, 53.4)(377.6, 207.4)(450.6, 207.4);GATE
Port:(387.6, 58.4)(440.6, 58.4)(440.6, 62.4)(387.6, 62.4);SD
Module:M25
Boundary:(450.7, 232.6)(450.7, 157.1)(505.6, 157.1)(505.6, 33.6)(603.7, 33.6)(603.7, 232.6);GATE
Port:(593.7, 48.1)(603.7, 48.1)(603.7, 218.1)(593.7, 218.1);SD
Port:(450.7, 232.6)(450.7, 157.1)(505.6, 157.1)(505.6, 33.6)(588.7, 33.6)(588.7, 232.6);GATE
Port:(455.7, 171.6)(459.7, 171.6)(459.7, 222.6)(455.7, 222.6);SD
Module:M3
Boundary:(324.2, 286.8)(324.2, 213.8)(231.2, 213.8)(231.2, 286.8);GATE
Port:(231.2, 228.3)(241.2, 228.3)(241.2, 272.3)(231.2, 272.3);SD
Port:(324.2, 286.8)(324.2, 213.8)(246.2, 213.8)(246.2, 286.8);GATE
Port:(315.2, 223.8)(319.2, 223.8)(319.2, 276.8)(315.2, 276.8);SD
Module:M12
Boundary:(53.8, 350.5)(53.8, 239.0)(65.9, 239.0)(65.9, 223.5)(204.8, 223.5)(204.8, 350.5);GATE
Port:(194.8, 238.0)(204.8, 238.0)(204.8, 336.0)(194.8, 336.0);SD
Port:(53.8, 350.5)(53.8, 239.0)(65.9, 239.0)(65.9, 223.5)(189.8, 223.5)(189.8, 350.5);GATE
Port:(58.8, 253.5)(62.8, 253.5)(62.8, 340.5)(58.8, 340.5);SD
Module:M14
Boundary:(588.7, 304.0)(588.7, 380.0)(580.7, 380.0)(580.7, 395.0)(516.7, 395.0)(516.7, 304.0);GATE
Port:(516.7, 318.5)(526.7, 318.5)(526.7, 380.5)(516.7, 380.5);SD
Port:(588.7, 304.0)(588.7, 380.0)(580.7, 380.0)(580.7, 395.0)(531.7, 395.0)(531.7, 304.0);GATE
Port:(579.7, 314.0)(583.7, 314.0)(583.7, 365.0)(579.7, 365.0);SD
Module:M21
Boundary:(781.0, 387.9)(781.0, 258.4)(767.0, 258.4)(767.0, 242.9)(639.0, 242.9)(639.0, 387.9);GATE
Port:(639.0, 257.4)(649.0, 257.4)(649.0, 373.4)(639.0, 373.4);SD
Port:(781.0, 387.9)(781.0, 258.4)(767.0, 258.4)(767.0, 242.9)(654.0, 242.9)(654.0, 387.9);GATE
Port:(772.0, 272.9)(776.0, 272.9)(776.0, 377.9)(772.0, 377.9);SD
Module:M9
Boundary:(331.9, 318.0)(331.9, 465.5)(315.9, 465.5)(315.9, 481.0)(246.9, 481.0)(246.9, 318.0);GATE
Port:(246.9, 332.5)(256.9, 332.5)(256.9, 466.5)(246.9, 466.5);SD
Port:(331.9, 318.0)(331.9, 465.5)(315.9, 465.5)(315.9, 481.0)(261.9, 481.0)(261.9, 318.0);GATE
Port:(322.9, 328.0)(326.9, 328.0)(326.9, 451.0)(322.9, 451.0);SD
Module:M11
Boundary:(229.7, 351.1)(229.7, 426.6)(177.2, 426.6)(177.2, 478.1)(52.7, 478.1)(52.7, 351.1);GATE
Port:(52.7, 365.6)(62.7, 365.6)(62.7, 463.6)(52.7, 463.6);SD
Port:(229.7, 351.1)(229.7, 426.6)(177.2, 426.6)(177.2, 478.1)(67.7, 478.1)(67.7, 351.1);GATE
Port:(220.7, 361.1)(224.7, 361.1)(224.7, 412.1)(220.7, 412.1);SD
Module:M22
Boundary:(510.5, 234.9)(510.5, 328.4)(425.5, 328.4)(425.5, 469.9)(369.5, 469.9)(369.5, 234.9);GATE
Port:(369.5, 249.4)(379.5, 249.4)(379.5, 455.4)(369.5, 455.4);SD
Port:(510.5, 234.9)(510.5, 328.4)(425.5, 328.4)(425.5, 469.9)(384.5, 469.9)(384.5, 234.9);GATE
Port:(501.5, 244.9)(505.5, 244.9)(505.5, 313.9)(501.5, 313.9);SD
Module:M24
Boundary:(546.5, 390.4)(546.5, 499.4)(616.5, 499.4)(616.5, 390.4);GATE
Port:(606.5, 404.9)(616.5, 404.9)(616.5, 484.9)(606.5, 484.9);SD
Port:(546.5, 390.4)(546.5, 499.4)(601.5, 499.4)(601.5, 390.4);GATE
Port:(551.5, 400.4)(555.5, 400.4)(555.5, 489.4)(551.5, 489.4);SD
Module:M16
Boundary:(634.2, 390.0)(634.2, 483.5)(644.2, 483.5)(644.2, 499.0)(817.2, 499.0)(817.2, 390.0);GATE
Port:(807.2, 404.5)(817.2, 404.5)(817.2, 484.5)(807.2, 484.5);SD
Port:(634.2, 390.0)(634.2, 483.5)(644.2, 483.5)(644.2, 499.0)(802.2, 499.0)(802.2, 390.0);GATE
Port:(639.2, 400.0)(643.2, 400.0)(643.2, 469.0)(639.2, 469.0);SD
Module:M20
Boundary:(789.8, 500.3)(642.3, 500.3)(642.3, 521.3)(626.8, 521.3)(626.8, 572.3)(789.8, 572.3);GATE
Port:(641.3, 562.3)(775.3, 562.3)(775.3, 572.3)(641.3, 572.3);SD
Port:(789.8, 500.3)(642.3, 500.3)(642.3, 521.3)(626.8, 521.3)(626.8, 557.3)(789.8, 557.3);GATE
Port:(656.8, 505.3)(779.8, 505.3)(779.8, 509.3)(656.8, 509.3);SD
Module:M5
Boundary:(462.9, 618.8)(574.4, 618.8)(574.4, 606.8)(589.9, 606.8)(589.9, 512.8)(462.9, 512.8);GATE
Port:(477.4, 512.8)(575.4, 512.8)(575.4, 522.8)(477.4, 522.8);SD
Port:(462.9, 618.8)(574.4, 618.8)(574.4, 606.8)(589.9, 606.8)(589.9, 527.8)(462.9, 527.8);GATE
Port:(472.9, 609.8)(559.9, 609.8)(559.9, 613.8)(472.9, 613.8);SD
Module:M15
Boundary:(342.5, 504.2)(269.5, 504.2)(269.5, 647.2)(342.5, 647.2);GATE
Port:(284.0, 637.2)(328.0, 637.2)(328.0, 647.2)(284.0, 647.2);SD
Port:(342.5, 504.2)(269.5, 504.2)(269.5, 632.2)(342.5, 632.2);GATE
Port:(279.5, 509.2)(332.5, 509.2)(332.5, 513.2)(279.5, 513.2);SD
Module:M17
Boundary:(454.4, 514.7)(378.3, 514.7)(378.3, 522.7)(363.4, 522.7)(363.4, 682.7)(454.4, 682.7);GATE
Port:(377.9, 672.7)(439.9, 672.7)(439.9, 682.7)(377.9, 682.7);SD
Port:(454.4, 514.7)(378.3, 514.7)(378.3, 522.7)(363.4, 522.7)(363.4, 667.7)(454.4, 667.7);GATE
Port:(393.4, 519.7)(444.4, 519.7)(444.4, 523.7)(393.4, 523.7);SD
Module:M13
Boundary:(59.8, 496.2)(135.3, 496.2)(135.3, 575.2)(240.8, 575.2)(240.8, 679.2)(59.8, 679.2);GATE
Port:(74.3, 669.2)(226.3, 669.2)(226.3, 679.2)(74.3, 679.2);SD
Port:(59.8, 496.2)(135.3, 496.2)(135.3, 575.2)(240.8, 575.2)(240.8, 664.2)(59.8, 664.2);GATE
Port:(69.8, 501.2)(120.8, 501.2)(120.8, 505.2)(69.8, 505.2);SD
Module:M19
Boundary:(314.0, 683.6)(314.0, 777.1)(304.1, 777.1)(304.1, 792.6)(253.0, 792.6)(253.0, 683.6);GATE
Port:(253.0, 698.1)(263.0, 698.1)(263.0, 778.1)(253.0, 778.1);SD
Port:(314.0, 683.6)(314.0, 777.1)(304.1, 777.1)(304.1, 792.6)(268.0, 792.6)(268.0, 683.6);GATE
Port:(305.0, 693.6)(309.0, 693.6)(309.0, 762.6)(305.0, 762.6);SD
Module:M18
Boundary:(81.9, 798.6)(229.4, 798.6)(229.4, 782.7)(244.9, 782.7)(244.9, 722.6)(81.9, 722.6);GATE
Port:(96.4, 722.6)(230.4, 722.6)(230.4, 732.6)(96.4, 732.6);SD
Port:(81.9, 798.6)(229.4, 798.6)(229.4, 782.7)(244.9, 782.7)(244.9, 737.6)(81.9, 737.6);GATE
Port:(91.9, 789.6)(214.9, 789.6)(214.9, 793.6)(91.9, 793.6);SD
Module:M7
Boundary:(463.8, 621.7)(463.8, 766.7)(607.8, 766.7)(607.8, 621.7);GATE
Port:(597.8, 636.2)(607.8, 636.2)(607.8, 752.2)(597.8, 752.2);SD
Port:(463.8, 621.7)(463.8, 766.7)(592.8, 766.7)(592.8, 621.7);GATE
Port:(468.8, 631.7)(472.8, 631.7)(472.8, 756.7)(468.8, 756.7);SD
Module:M2
Boundary:(766.1, 794.0)(766.1, 700.5)(714.3, 700.5)(714.3, 613.0)(614.1, 613.0)(614.1, 794.0);GATE
Port:(614.1, 627.5)(624.1, 627.5)(624.1, 779.5)(614.1, 779.5);SD
Port:(766.1, 794.0)(766.1, 700.5)(714.3, 700.5)(714.3, 613.0)(629.1, 613.0)(629.1, 794.0);GATE
Port:(757.1, 715.0)(761.1, 715.0)(761.1, 784.0)(757.1, 784.0);SD
Module:M10
Boundary:(342.0, 705.5)(435.5, 705.5)(435.5, 715.5)(451.0, 715.5)(451.0, 798.5)(342.0, 798.5);GATE
Port:(356.5, 788.5)(436.5, 788.5)(436.5, 798.5)(356.5, 798.5);SD
Port:(342.0, 705.5)(435.5, 705.5)(435.5, 715.5)(451.0, 715.5)(451.0, 783.5)(342.0, 783.5);GATE
Port:(352.0, 710.5)(421.0, 710.5)(421.0, 714.5)(352.0, 714.5);SD
