Area:(-20.0, -20.0)(817.2, -20.0)(817.2, 659.8)(-20.0, 659.8)
Rule:GATE(5,5);SD(5,5);GATE_SD(0.5);GATE_ITO(0.5);SD_ITO(0.5)
Module:M14
Boundary:(20.0, 338.3)(85.4, 338.3)(85.4, 412.0)(100.1, 412.0)(100.1, 484.2)(20.0, 484.2);GATE
Port:(33.5, 478.6)(86.6, 478.6)(86.6, 484.2)(33.5, 484.2);SD
Port:(20.0, 338.3)(85.4, 338.3)(85.4, 412.0)(100.1, 412.0)(100.1, 476.6)(20.0, 476.6);GATE
Port:(25.5, 342.8)(78.9, 342.8)(78.9, 348.6)(25.5, 348.6);SD
Module:M9
Boundary:(20.0, 157.3)(88.8, 157.3)(88.8, 157.5)(105.8, 157.5)(105.8, 298.3)(20.0, 298.3);GATE
Port:(33.7, 293.2)(92.1, 293.2)(92.1, 298.3)(33.7, 298.3);SD
Port:(20.0, 157.3)(88.8, 157.3)(88.8, 157.5)(105.8, 157.5)(105.8, 290.7)(20.0, 290.7);GATE
Port:(26.1, 162.4)(82.7, 162.4)(82.7, 168.4)(26.1, 168.4);SD
Module:M5
Boundary:(20.0, 20.0)(107.3, 20.0)(107.3, 117.3)(20.0, 117.3);GATE
Port:(31.4, 111.4)(95.9, 111.4)(95.9, 117.3)(31.4, 117.3);SD
Port:(20.0, 20.0)(107.3, 20.0)(107.3, 108.5)(20.0, 108.5);GATE
Port:(25.2, 24.2)(102.1, 24.2)(102.1, 28.8)(25.2, 28.8);SD
Module:M11
Boundary:(646.9, 157.2)(777.2, 157.2)(777.2, 272.1)(646.9, 272.1);GATE
Port:(661.5, 267.3)(762.6, 267.3)(762.6, 272.1)(661.5, 272.1);SD
Port:(646.9, 157.2)(777.2, 157.2)(777.2, 264.6)(646.9, 264.6);GATE
Port:(652.8, 162.1)(771.3, 162.1)(771.3, 168.5)(652.8, 168.5);SD
Module:M1
Boundary:(481.1, 151.4)(481.1, 218.2)(290.0, 218.2)(290.0, 151.4);GATE
Port:(290.0, 164.1)(295.1, 164.1)(295.1, 205.5)(290.0, 205.5);SD
Port:(481.1, 151.4)(481.1, 218.2)(296.8, 218.2)(296.8, 151.4);GATE
Port:(471.0, 156.6)(476.9, 156.6)(476.9, 213.0)(471.0, 213.0);SD
Module:M19
Boundary:(704.9, 20.0)(775.9, 20.0)(775.9, 117.2)(704.9, 117.2);GATE
Port:(718.7, 113.1)(762.1, 113.1)(762.1, 117.2)(718.7, 117.2);SD
Port:(704.9, 20.0)(775.9, 20.0)(775.9, 111.6)(704.9, 111.6);GATE
Port:(711.0, 25.1)(769.8, 25.1)(769.8, 30.4)(711.0, 30.4);SD
Module:M6
Boundary:(20.0, 524.2)(86.4, 524.2)(86.4, 558.4)(102.4, 558.4)(102.4, 615.7)(20.0, 615.7);GATE
Port:(32.3, 611.0)(90.1, 611.0)(90.1, 615.7)(32.3, 615.7);SD
Port:(20.0, 524.2)(86.4, 524.2)(86.4, 558.4)(102.4, 558.4)(102.4, 608.6)(20.0, 608.6);GATE
Port:(25.2, 528.4)(80.2, 528.4)(80.2, 533.0)(25.2, 533.0);SD
Module:M2
Boundary:(145.8, 193.5)(237.2, 193.5)(237.2, 228.3)(250.0, 228.3)(250.0, 338.4)(145.8, 338.4);GATE
Port:(160.4, 333.0)(235.4, 333.0)(235.4, 338.4)(160.4, 338.4);SD
Port:(145.8, 193.5)(237.2, 193.5)(237.2, 228.3)(250.0, 228.3)(250.0, 330.3)(145.8, 330.3);GATE
Port:(152.4, 199.1)(229.6, 199.1)(229.6, 206.4)(152.4, 206.4);SD
Module:M16
Boundary:(468.5, 258.2)(468.5, 321.6)(361.3, 321.6)(361.3, 335.2)(290.0, 335.2)(290.0, 258.2);GATE
Port:(290.0, 271.5)(294.5, 271.5)(294.5, 321.9)(290.0, 321.9);SD
Port:(468.5, 258.2)(468.5, 321.6)(361.3, 321.6)(361.3, 335.2)(297.4, 335.2)(297.4, 258.2);GATE
Port:(457.6, 264.8)(462.9, 264.8)(462.9, 314.0)(457.6, 314.0);SD
Module:M13
Boundary:(481.8, 375.2)(481.8, 471.5)(481.7, 471.5)(481.7, 487.3)(306.1, 487.3)(306.1, 375.2);GATE
Port:(306.1, 388.6)(311.6, 388.6)(311.6, 473.9)(306.1, 473.9);SD
Port:(481.8, 375.2)(481.8, 471.5)(481.7, 471.5)(481.7, 487.3)(314.2, 487.3)(314.2, 375.2);GATE
Port:(470.8, 380.9)(477.1, 380.9)(477.1, 465.8)(470.8, 465.8);SD
Module:M10
Boundary:(265.4, 502.9)(265.4, 603.5)(226.1, 603.5)(226.1, 619.0)(142.4, 619.0)(142.4, 502.9);GATE
Port:(142.4, 516.1)(148.3, 516.1)(148.3, 605.8)(142.4, 605.8);SD
Port:(265.4, 502.9)(265.4, 603.5)(226.1, 603.5)(226.1, 619.0)(150.1, 619.0)(150.1, 502.9);GATE
Port:(254.8, 508.9)(260.4, 508.9)(260.4, 596.5)(254.8, 596.5);SD
Module:M7
Boundary:(476.2, 20.0)(476.2, 96.6)(475.8, 96.6)(475.8, 111.4)(255.7, 111.4)(255.7, 20.0);GATE
Port:(255.7, 32.1)(260.8, 32.1)(260.8, 99.3)(255.7, 99.3);SD
Port:(476.2, 20.0)(476.2, 96.6)(475.8, 96.6)(475.8, 111.4)(261.8, 111.4)(261.8, 20.0);GATE
Port:(465.9, 26.9)(470.3, 26.9)(470.3, 89.7)(465.9, 89.7);SD
Module:M3
Boundary:(676.0, 312.1)(754.2, 312.1)(754.2, 312.4)(769.1, 312.4)(769.1, 496.8)(676.0, 496.8);GATE
Port:(689.3, 491.2)(755.8, 491.2)(755.8, 496.8)(689.3, 496.8);SD
Port:(676.0, 312.1)(754.2, 312.1)(754.2, 312.4)(769.1, 312.4)(769.1, 488.6)(676.0, 488.6);GATE
Port:(682.8, 317.9)(747.4, 317.9)(747.4, 323.6)(682.8, 323.6);SD
Module:M18
Boundary:(521.8, 146.5)(591.4, 146.5)(591.4, 178.4)(606.9, 178.4)(606.9, 334.0)(521.8, 334.0);GATE
Port:(536.5, 328.3)(592.2, 328.3)(592.2, 334.0)(536.5, 334.0);SD
Port:(521.8, 146.5)(591.4, 146.5)(591.4, 178.4)(606.9, 178.4)(606.9, 325.3)(521.8, 325.3);GATE
Port:(528.4, 152.1)(583.8, 152.1)(583.8, 158.0)(528.4, 158.0);SD
Module:M20
Boundary:(636.0, 374.0)(636.0, 471.0)(571.5, 471.0)(571.5, 485.8)(521.8, 485.8)(521.8, 374.0);GATE
Port:(521.8, 386.6)(527.2, 386.6)(527.2, 473.2)(521.8, 473.2);SD
Port:(636.0, 374.0)(636.0, 471.0)(571.5, 471.0)(571.5, 485.8)(528.8, 485.8)(528.8, 374.0);GATE
Port:(625.8, 379.5)(631.5, 379.5)(631.5, 464.5)(625.8, 464.5);SD
Module:M15
Boundary:(664.9, 20.0)(664.9, 89.2)(664.6, 89.2)(664.6, 106.5)(516.2, 106.5)(516.2, 20.0);GATE
Port:(516.2, 33.4)(522.2, 33.4)(522.2, 93.1)(516.2, 93.1);SD
Port:(664.9, 20.0)(664.9, 89.2)(664.6, 89.2)(664.6, 106.5)(524.3, 106.5)(524.3, 20.0);GATE
Port:(654.0, 25.3)(660.6, 25.3)(660.6, 83.9)(654.0, 83.9);SD
Module:M12
Boundary:(532.5, 527.3)(532.5, 601.3)(492.4, 601.3)(492.4, 618.3)(306.1, 618.3)(306.1, 527.3);GATE
Port:(306.1, 542.0)(311.2, 542.0)(311.2, 603.6)(306.1, 603.6);SD
Port:(532.5, 527.3)(532.5, 601.3)(492.4, 601.3)(492.4, 618.3)(313.4, 618.3)(313.4, 527.3);GATE
Port:(521.1, 533.8)(527.0, 533.8)(527.0, 593.8)(521.1, 593.8);SD
Module:M8
Boundary:(147.3, 20.0)(200.4, 20.0)(200.4, 73.9)(215.7, 73.9)(215.7, 153.5)(147.3, 153.5);GATE
Port:(161.9, 148.5)(201.1, 148.5)(201.1, 153.5)(161.9, 153.5);SD
Port:(147.3, 20.0)(200.4, 20.0)(200.4, 73.9)(215.7, 73.9)(215.7, 147.4)(147.3, 147.4);GATE
Port:(153.0, 24.7)(193.7, 24.7)(193.7, 31.9)(153.0, 31.9);SD
Module:M4
Boundary:(776.0, 536.8)(776.0, 605.0)(651.6, 605.0)(651.6, 619.8)(572.5, 619.8)(572.5, 536.8);GATE
Port:(572.5, 551.0)(576.5, 551.0)(576.5, 605.6)(572.5, 605.6);SD
Port:(776.0, 536.8)(776.0, 605.0)(651.6, 605.0)(651.6, 619.8)(579.5, 619.8)(579.5, 536.8);GATE
Port:(764.0, 543.3)(770.5, 543.3)(770.5, 597.5)(764.0, 597.5);SD
Module:M17
Boundary:(266.1, 378.4)(266.1, 449.7)(265.9, 449.7)(265.9, 462.9)(140.1, 462.9)(140.1, 378.4);GATE
Port:(140.1, 391.1)(144.5, 391.1)(144.5, 450.2)(140.1, 450.2);SD
Port:(266.1, 378.4)(266.1, 449.7)(265.9, 449.7)(265.9, 462.9)(146.9, 462.9)(146.9, 378.4);GATE
Port:(255.3, 384.4)(261.1, 384.4)(261.1, 443.7)(255.3, 443.7);SD
