Area:(23.0, -17.6)(998.3, -17.6)(998.3, 584.8)(23.0, 584.8)
Rule:GATE(5,5);SD(5,5);GATE_SD(0.5);GATE_ITO(0.5);SD_ITO(0.5)
Module:M19
Boundary:(268.9, 22.4)(268.9, 95.4)(454.9, 95.4)(454.9, 22.4);GATE
Port:(444.9, 36.9)(454.9, 36.9)(454.9, 80.9)(444.9, 80.9);SD
Port:(268.9, 22.4)(268.9, 95.4)(439.9, 95.4)(439.9, 22.4);GATE
Port:(273.9, 32.4)(277.9, 32.4)(277.9, 85.4)(273.9, 85.4);SD
Module:M8
Boundary:(86.7, 131.5)(86.7, 55.5)(94.7, 55.5)(94.7, 40.5)(250.7, 40.5)(250.7, 131.5);GATE
Port:(240.7, 55.0)(250.7, 55.0)(250.7, 117.0)(240.7, 117.0);SD
Port:(86.7, 131.5)(86.7, 55.5)(94.7, 55.5)(94.7, 40.5)(235.7, 40.5)(235.7, 131.5);GATE
Port:(91.7, 70.5)(95.7, 70.5)(95.7, 121.5)(91.7, 121.5);SD
Module:M11
Boundary:(728.7, 36.8)(728.7, 148.3)(716.7, 148.3)(716.7, 163.8)(656.7, 163.8)(656.7, 36.8);GATE
Port:(656.7, 51.3)(666.7, 51.3)(666.7, 149.3)(656.7, 149.3);SD
Port:(728.7, 36.8)(728.7, 148.3)(716.7, 148.3)(716.7, 163.8)(671.7, 163.8)(671.7, 36.8);GATE
Port:(719.7, 46.8)(723.7, 46.8)(723.7, 133.8)(719.7, 133.8);SD
Module:M18
Boundary:(844.1, 41.4)(844.1, 152.9)(832.1, 152.9)(832.1, 168.4)(739.1, 168.4)(739.1, 41.4);GATE
Port:(739.1, 55.9)(749.1, 55.9)(749.1, 153.9)(739.1, 153.9);SD
Port:(844.1, 41.4)(844.1, 152.9)(832.1, 152.9)(832.1, 168.4)(754.1, 168.4)(754.1, 41.4);GATE
Port:(835.1, 51.4)(839.1, 51.4)(839.1, 138.4)(835.1, 138.4);SD
Module:M13
Boundary:(645.2, 46.7)(645.2, 104.2)(556.1, 104.2)(556.1, 227.7)(462.2, 227.7)(462.2, 46.7);GATE
Port:(462.2, 61.2)(472.2, 61.2)(472.2, 213.2)(462.2, 213.2);SD
Port:(645.2, 46.7)(645.2, 104.2)(556.1, 104.2)(556.1, 227.7)(477.2, 227.7)(477.2, 46.7);GATE
Port:(636.2, 56.7)(640.2, 56.7)(640.2, 89.7)(636.2, 89.7);SD
Module:M20
Boundary:(954.5, 62.8)(881.5, 62.8)(881.5, 246.8)(954.5, 246.8);GATE
Port:(896.0, 236.8)(940.0, 236.8)(940.0, 246.8)(896.0, 246.8);SD
Port:(954.5, 62.8)(881.5, 62.8)(881.5, 231.8)(954.5, 231.8);GATE
Port:(891.5, 67.8)(944.5, 67.8)(944.5, 71.8)(891.5, 71.8);SD
Module:M1
Boundary:(261.7, 190.4)(261.7, 263.4)(69.7, 263.4)(69.7, 190.4);GATE
Port:(69.7, 204.9)(79.7, 204.9)(79.7, 248.9)(69.7, 248.9);SD
Port:(261.7, 190.4)(261.7, 263.4)(84.7, 263.4)(84.7, 190.4);GATE
Port:(252.7, 200.4)(256.7, 200.4)(256.7, 253.4)(252.7, 253.4);SD
Module:M6
Boundary:(848.0, 307.4)(848.0, 213.9)(770.2, 213.9)(770.2, 180.4)(673.0, 180.4)(673.0, 307.4);GATE
Port:(673.0, 194.9)(683.0, 194.9)(683.0, 292.9)(673.0, 292.9);SD
Port:(848.0, 307.4)(848.0, 213.9)(770.2, 213.9)(770.2, 180.4)(688.0, 180.4)(688.0, 307.4);GATE
Port:(839.0, 228.4)(843.0, 228.4)(843.0, 297.4)(839.0, 297.4);SD
Module:M17
Boundary:(412.7, 127.1)(283.2, 127.1)(283.2, 141.1)(267.7, 141.1)(267.7, 327.1)(412.7, 327.1);GATE
Port:(282.2, 317.1)(398.2, 317.1)(398.2, 327.1)(282.2, 327.1);SD
Port:(412.7, 127.1)(283.2, 127.1)(283.2, 141.1)(267.7, 141.1)(267.7, 312.1)(412.7, 312.1);GATE
Port:(297.7, 132.1)(402.7, 132.1)(402.7, 136.1)(297.7, 136.1);SD
Module:M9
Boundary:(849.3, 355.8)(942.8, 355.8)(942.8, 345.8)(958.3, 345.8)(958.3, 253.8)(849.3, 253.8);GATE
Port:(863.8, 253.8)(943.8, 253.8)(943.8, 263.8)(863.8, 263.8);SD
Port:(849.3, 355.8)(942.8, 355.8)(942.8, 345.8)(958.3, 345.8)(958.3, 268.8)(849.3, 268.8);GATE
Port:(859.3, 346.8)(928.3, 346.8)(928.3, 350.8)(859.3, 350.8);SD
Module:M16
Boundary:(459.5, 238.1)(571.0, 238.1)(571.0, 287.4)(640.5, 287.4)(640.5, 359.1)(459.5, 359.1);GATE
Port:(474.0, 349.1)(626.0, 349.1)(626.0, 359.1)(474.0, 359.1);SD
Port:(459.5, 238.1)(571.0, 238.1)(571.0, 287.4)(640.5, 287.4)(640.5, 344.1)(459.5, 344.1);GATE
Port:(469.5, 243.1)(556.5, 243.1)(556.5, 247.1)(469.5, 247.1);SD
Module:M7
Boundary:(695.7, 395.2)(768.7, 395.2)(768.7, 333.2)(695.7, 333.2);GATE
Port:(710.2, 333.2)(754.2, 333.2)(754.2, 343.2)(710.2, 343.2);SD
Port:(695.7, 395.2)(768.7, 395.2)(768.7, 348.2)(695.7, 348.2);GATE
Port:(705.7, 386.2)(758.7, 386.2)(758.7, 390.2)(705.7, 390.2);SD
Module:M5
Boundary:(262.0, 454.4)(168.5, 454.4)(168.5, 374.3)(63.0, 374.3)(63.0, 269.4)(262.0, 269.4);GATE
Port:(77.5, 269.4)(247.5, 269.4)(247.5, 279.4)(77.5, 279.4);SD
Port:(262.0, 454.4)(168.5, 454.4)(168.5, 374.3)(63.0, 374.3)(63.0, 284.4)(262.0, 284.4);GATE
Port:(183.0, 445.4)(252.0, 445.4)(252.0, 449.4)(183.0, 449.4);SD
Module:M15
Boundary:(560.2, 376.3)(560.2, 487.8)(548.2, 487.8)(548.2, 503.3)(434.2, 503.3)(434.2, 376.3);GATE
Port:(434.2, 390.8)(444.2, 390.8)(444.2, 488.8)(434.2, 488.8);SD
Port:(560.2, 376.3)(560.2, 487.8)(548.2, 487.8)(548.2, 503.3)(449.2, 503.3)(449.2, 376.3);GATE
Port:(551.2, 386.3)(555.2, 386.3)(555.2, 473.3)(551.2, 473.3);SD
Module:M3
Boundary:(163.5, 528.4)(163.5, 455.4)(70.5, 455.4)(70.5, 528.4);GATE
Port:(70.5, 469.9)(80.5, 469.9)(80.5, 513.9)(70.5, 513.9);SD
Port:(163.5, 528.4)(163.5, 455.4)(85.5, 455.4)(85.5, 528.4);GATE
Port:(154.5, 465.4)(158.5, 465.4)(158.5, 518.4)(154.5, 518.4);SD
Module:M2
Boundary:(181.4, 533.3)(181.4, 460.3)(265.4, 460.3)(265.4, 533.3);GATE
Port:(255.4, 474.8)(265.4, 474.8)(265.4, 518.8)(255.4, 518.8);SD
Port:(181.4, 533.3)(181.4, 460.3)(250.4, 460.3)(250.4, 533.3);GATE
Port:(186.4, 470.3)(190.4, 470.3)(190.4, 523.3)(186.4, 523.3);SD
Module:M4
Boundary:(727.8, 417.9)(800.8, 417.9)(800.8, 525.9)(727.8, 525.9);GATE
Port:(742.3, 515.9)(786.3, 515.9)(786.3, 525.9)(742.3, 525.9);SD
Port:(727.8, 417.9)(800.8, 417.9)(800.8, 510.9)(727.8, 510.9);GATE
Port:(737.8, 422.9)(790.8, 422.9)(790.8, 426.9)(737.8, 426.9);SD
Module:M14
Boundary:(586.6, 370.9)(680.1, 370.9)(680.1, 380.9)(695.6, 380.9)(695.6, 534.9)(586.6, 534.9);GATE
Port:(601.1, 524.9)(681.1, 524.9)(681.1, 534.9)(601.1, 534.9);SD
Port:(586.6, 370.9)(680.1, 370.9)(680.1, 380.9)(695.6, 380.9)(695.6, 519.9)(586.6, 519.9);GATE
Port:(596.6, 375.9)(665.6, 375.9)(665.6, 379.9)(596.6, 379.9);SD
Module:M12
Boundary:(825.6, 544.8)(883.1, 544.8)(883.1, 504.6)(952.6, 504.6)(952.6, 364.8)(825.6, 364.8);GATE
Port:(840.1, 364.8)(938.1, 364.8)(938.1, 374.8)(840.1, 374.8);SD
Port:(825.6, 544.8)(883.1, 544.8)(883.1, 504.6)(952.6, 504.6)(952.6, 379.8)(825.6, 379.8);GATE
Port:(835.6, 535.8)(868.6, 535.8)(868.6, 539.8)(835.6, 539.8);SD
Module:M10
Boundary:(277.0, 528.0)(388.5, 528.0)(388.5, 515.9)(404.0, 515.9)(404.0, 331.0)(277.0, 331.0);GATE
Port:(291.5, 331.0)(389.5, 331.0)(389.5, 341.0)(291.5, 341.0);SD
Port:(277.0, 528.0)(388.5, 528.0)(388.5, 515.9)(404.0, 515.9)(404.0, 346.0)(277.0, 346.0);GATE
Port:(287.0, 519.0)(374.0, 519.0)(374.0, 523.0)(287.0, 523.0);SD
