Area:(-20.0, -9.3)(595.5, -9.3)(595.5, 895.7)(-20.0, 895.7)
Rule:GATE(5,5);SD(5,5);GATE_SD(0.5);GATE_ITO(0.5);SD_ITO(0.5)
Module:M6
Boundary:(470.1, 106.1)(470.1, 59.2)(384.8, 59.2)(384.8, 45.7)(327.3, 45.7)(327.3, 106.1);GATE
Port:(327.3, 57.7)(331.4, 57.7)(331.4, 94.1)(327.3, 94.1);SD
Port:(470.1, 106.1)(470.1, 59.2)(384.8, 59.2)(384.8, 45.7)(332.7, 45.7)(332.7, 106.1);GATE
Port:(460.1, 67.0)(464.3, 67.0)(464.3, 99.3)(460.1, 99.3);SD
Module:M2
Boundary:(197.0, 54.4)(197.0, 131.1)(117.6, 131.1)(117.6, 144.9)(42.1, 144.9)(42.1, 54.4);GATE
Port:(42.1, 67.0)(47.7, 67.0)(47.7, 132.3)(42.1, 132.3);SD
Port:(197.0, 54.4)(197.0, 131.1)(117.6, 131.1)(117.6, 144.9)(49.3, 144.9)(49.3, 54.4);GATE
Port:(187.1, 60.9)(191.5, 60.9)(191.5, 123.6)(187.1, 123.6);SD
Module:M20
Boundary:(470.2, 30.7)(535.4, 30.7)(535.4, 92.2)(549.1, 92.2)(549.1, 179.6)(470.2, 179.6);GATE
Port:(484.4, 174.0)(534.9, 174.0)(534.9, 179.6)(484.4, 179.6);SD
Port:(470.2, 30.7)(535.4, 30.7)(535.4, 92.2)(549.1, 92.2)(549.1, 171.8)(470.2, 171.8);GATE
Port:(477.1, 36.6)(527.5, 36.6)(527.5, 42.8)(477.1, 42.8);SD
Module:M4
Boundary:(295.3, 217.2)(230.0, 217.2)(230.0, 202.9)(215.5, 202.9)(215.5, 45.7)(295.3, 45.7);GATE
Port:(228.5, 45.7)(282.3, 45.7)(282.3, 51.0)(228.5, 51.0);SD
Port:(295.3, 217.2)(230.0, 217.2)(230.0, 202.9)(215.5, 202.9)(215.5, 53.0)(295.3, 53.0);GATE
Port:(236.2, 205.8)(290.1, 205.8)(290.1, 213.0)(236.2, 213.0);SD
Module:M9
Boundary:(398.7, 133.8)(338.0, 133.8)(338.0, 261.9)(398.7, 261.9);GATE
Port:(351.1, 257.4)(385.6, 257.4)(385.6, 261.9)(351.1, 261.9);SD
Port:(398.7, 133.8)(338.0, 133.8)(338.0, 255.9)(398.7, 255.9);GATE
Port:(343.5, 138.3)(393.2, 138.3)(393.2, 145.3)(343.5, 145.3);SD
Module:M15
Boundary:(138.7, 209.2)(45.5, 209.2)(45.5, 348.2)(138.7, 348.2);GATE
Port:(58.5, 343.5)(125.7, 343.5)(125.7, 348.2)(58.5, 348.2);SD
Port:(138.7, 209.2)(45.5, 209.2)(45.5, 342.2)(138.7, 342.2);GATE
Port:(51.7, 214.4)(132.5, 214.4)(132.5, 220.1)(51.7, 220.1);SD
Module:M3
Boundary:(318.0, 241.1)(318.0, 301.3)(147.3, 301.3)(147.3, 241.1);GATE
Port:(147.3, 252.8)(152.8, 252.8)(152.8, 289.6)(147.3, 289.6);SD
Port:(318.0, 241.1)(318.0, 301.3)(154.0, 301.3)(154.0, 241.1);GATE
Port:(308.5, 246.7)(313.4, 246.7)(313.4, 295.7)(308.5, 295.7);SD
Module:M13
Boundary:(226.1, 469.3)(226.1, 383.7)(226.5, 383.7)(226.5, 367.2)(415.3, 367.2)(415.3, 469.3);GATE
Port:(410.0, 381.6)(415.3, 381.6)(415.3, 454.9)(410.0, 454.9);SD
Port:(226.1, 469.3)(226.1, 383.7)(226.5, 383.7)(226.5, 367.2)(408.3, 367.2)(408.3, 469.3);GATE
Port:(230.9, 389.5)(238.1, 389.5)(238.1, 463.5)(230.9, 463.5);SD
Module:M10
Boundary:(555.5, 191.3)(443.9, 191.3)(443.9, 332.3)(427.0, 332.3)(427.0, 421.7)(555.5, 421.7);GATE
Port:(443.4, 416.1)(539.1, 416.1)(539.1, 421.7)(443.4, 421.7);SD
Port:(555.5, 191.3)(443.9, 191.3)(443.9, 332.3)(427.0, 332.3)(427.0, 413.2)(555.5, 413.2);GATE
Port:(451.8, 197.2)(548.6, 197.2)(548.6, 204.2)(451.8, 204.2);SD
Module:M16
Boundary:(216.7, 350.4)(216.7, 446.1)(161.2, 446.1)(161.2, 460.3)(53.8, 460.3)(53.8, 350.4);GATE
Port:(53.8, 364.1)(58.5, 364.1)(58.5, 446.6)(53.8, 446.6);SD
Port:(216.7, 350.4)(216.7, 446.1)(161.2, 446.1)(161.2, 460.3)(59.6, 460.3)(59.6, 350.4);GATE
Port:(205.1, 357.0)(211.1, 357.0)(211.1, 438.5)(205.1, 438.5);SD
Module:M12
Boundary:(233.7, 472.9)(233.7, 575.8)(341.5, 575.8)(341.5, 592.1)(436.8, 592.1)(436.8, 472.9);GATE
Port:(430.9, 485.5)(436.8, 485.5)(436.8, 579.5)(430.9, 579.5);SD
Port:(233.7, 472.9)(233.7, 575.8)(341.5, 575.8)(341.5, 592.1)(428.5, 592.1)(428.5, 472.9);GATE
Port:(237.7, 477.9)(243.1, 477.9)(243.1, 569.8)(237.7, 569.8);SD
Module:M14
Boundary:(536.6, 479.3)(442.7, 479.3)(442.7, 601.0)(536.6, 601.0);GATE
Port:(454.6, 595.1)(524.7, 595.1)(524.7, 601.0)(454.6, 601.0);SD
Port:(536.6, 479.3)(442.7, 479.3)(442.7, 592.2)(536.6, 592.2);GATE
Port:(448.8, 484.4)(530.5, 484.4)(530.5, 489.4)(448.8, 489.4);SD
Module:M18
Boundary:(215.4, 460.4)(215.4, 567.8)(146.2, 567.8)(146.2, 584.7)(20.0, 584.7)(20.0, 460.4);GATE
Port:(20.0, 474.0)(25.5, 474.0)(25.5, 571.1)(20.0, 571.1);SD
Port:(215.4, 460.4)(215.4, 567.8)(146.2, 567.8)(146.2, 584.7)(26.6, 584.7)(26.6, 460.4);GATE
Port:(204.6, 466.1)(210.7, 466.1)(210.7, 561.1)(204.6, 561.1);SD
Module:M7
Boundary:(154.7, 699.0)(154.7, 644.7)(155.1, 644.7)(155.1, 626.3)(323.1, 626.3)(323.1, 699.0);GATE
Port:(318.0, 640.9)(323.1, 640.9)(323.1, 684.4)(318.0, 684.4);SD
Port:(154.7, 699.0)(154.7, 644.7)(155.1, 644.7)(155.1, 626.3)(316.0, 626.3)(316.0, 699.0);GATE
Port:(158.8, 649.8)(165.9, 649.8)(165.9, 693.9)(158.8, 693.9);SD
Module:M1
Boundary:(39.4, 601.2)(39.4, 683.6)(146.3, 683.6)(146.3, 601.2);GATE
Port:(141.0, 615.3)(146.3, 615.3)(146.3, 669.5)(141.0, 669.5);SD
Port:(39.4, 601.2)(39.4, 683.6)(138.5, 683.6)(138.5, 601.2);GATE
Port:(44.1, 606.9)(50.4, 606.9)(50.4, 677.9)(44.1, 677.9);SD
Module:M19
Boundary:(554.7, 620.7)(481.6, 620.7)(481.6, 621.1)(466.9, 621.1)(466.9, 722.4)(554.7, 722.4);GATE
Port:(477.7, 716.6)(543.9, 716.6)(543.9, 722.4)(477.7, 722.4);SD
Port:(554.7, 620.7)(481.6, 620.7)(481.6, 621.1)(466.9, 621.1)(466.9, 714.1)(554.7, 714.1);GATE
Port:(486.8, 624.9)(549.5, 624.9)(549.5, 629.4)(486.8, 629.4);SD
Module:M5
Boundary:(355.5, 723.5)(424.6, 723.5)(424.6, 723.3)(441.2, 723.3)(441.2, 619.1)(355.5, 619.1);GATE
Port:(369.7, 619.1)(427.0, 619.1)(427.0, 624.9)(369.7, 624.9);SD
Port:(355.5, 723.5)(424.6, 723.5)(424.6, 723.3)(441.2, 723.3)(441.2, 627.1)(355.5, 627.1);GATE
Port:(362.2, 711.6)(417.9, 711.6)(417.9, 717.8)(362.2, 717.8);SD
Module:M11
Boundary:(211.0, 766.7)(211.0, 855.7)(57.0, 855.7)(57.0, 766.7);GATE
Port:(57.0, 781.4)(61.8, 781.4)(61.8, 841.0)(57.0, 841.0);SD
Port:(211.0, 766.7)(211.0, 855.7)(64.7, 855.7)(64.7, 766.7);GATE
Port:(199.5, 771.9)(206.8, 771.9)(206.8, 850.5)(199.5, 850.5);SD
Module:M8
Boundary:(223.3, 751.9)(334.7, 751.9)(334.7, 788.3)(352.0, 788.3)(352.0, 850.7)(223.3, 850.7);GATE
Port:(238.4, 845.7)(336.9, 845.7)(336.9, 850.7)(238.4, 850.7);SD
Port:(223.3, 751.9)(334.7, 751.9)(334.7, 788.3)(352.0, 788.3)(352.0, 844.2)(223.3, 844.2);GATE
Port:(229.8, 757.4)(327.2, 757.4)(327.2, 763.6)(229.8, 763.6);SD
Module:M17
Boundary:(548.5, 738.2)(548.5, 810.2)(361.1, 810.2)(361.1, 738.2);GATE
Port:(361.1, 749.4)(366.5, 749.4)(366.5, 799.0)(361.1, 799.0);SD
Port:(548.5, 738.2)(548.5, 810.2)(369.3, 810.2)(369.3, 738.2);GATE
Port:(539.2, 744.0)(543.7, 744.0)(543.7, 804.4)(539.2, 804.4);SD
