Area:(-20.0, -20.0)(1061.0, -20.0)(1061.0, 1301.0)(-20.0, 1301.0)
Rule:GATE(5,5);SD(5,5);GATE_SD(0.5);GATE_ITO(0.5);SD_ITO(0.5)
Module:M14
Boundary:(200.0, 737.0)(200.0, 813.0)(192.0, 813.0)(192.0, 828.0)(20.0, 828.0)(20.0, 737.0);GATE
Port:(20.0, 751.5)(30.0, 751.5)(30.0, 813.5)(20.0, 813.5);SD
Port:(200.0, 737.0)(200.0, 813.0)(192.0, 813.0)(192.0, 828.0)(35.0, 828.0)(35.0, 737.0);GATE
Port:(191.0, 747.0)(195.0, 747.0)(195.0, 798.0)(191.0, 798.0);SD
Module:M9
Boundary:(462.0, 1106.0)(609.5, 1106.0)(609.5, 1176.2)(643.0, 1176.2)(643.0, 1260.0)(462.0, 1260.0);GATE
Port:(476.5, 1250.0)(628.5, 1250.0)(628.5, 1260.0)(476.5, 1260.0);SD
Port:(462.0, 1106.0)(609.5, 1106.0)(609.5, 1176.2)(643.0, 1176.2)(643.0, 1245.0)(462.0, 1245.0);GATE
Port:(472.0, 1111.0)(595.0, 1111.0)(595.0, 1115.0)(472.0, 1115.0);SD
Module:M5
Boundary:(20.0, 150.0)(167.5, 150.0)(167.5, 166.0)(183.0, 166.0)(183.0, 305.0)(20.0, 305.0);GATE
Port:(34.5, 295.0)(168.5, 295.0)(168.5, 305.0)(34.5, 305.0);SD
Port:(20.0, 150.0)(167.5, 150.0)(167.5, 166.0)(183.0, 166.0)(183.0, 290.0)(20.0, 290.0);GATE
Port:(30.0, 155.0)(153.0, 155.0)(153.0, 159.0)(30.0, 159.0);SD
Module:M11
Boundary:(643.0, 762.0)(643.0, 855.5)(633.0, 855.5)(633.0, 871.0)(505.0, 871.0)(505.0, 762.0);GATE
Port:(505.0, 776.5)(515.0, 776.5)(515.0, 856.5)(505.0, 856.5);SD
Port:(643.0, 762.0)(643.0, 855.5)(633.0, 855.5)(633.0, 871.0)(520.0, 871.0)(520.0, 762.0);GATE
Port:(634.0, 772.0)(638.0, 772.0)(638.0, 841.0)(634.0, 841.0);SD
Module:M1
Boundary:(20.0, 1147.0)(149.5, 1147.0)(149.5, 1207.9)(201.0, 1207.9)(201.0, 1261.0)(20.0, 1261.0);GATE
Port:(34.5, 1251.0)(186.5, 1251.0)(186.5, 1261.0)(34.5, 1261.0);SD
Port:(20.0, 1147.0)(149.5, 1147.0)(149.5, 1207.9)(201.0, 1207.9)(201.0, 1246.0)(20.0, 1246.0);GATE
Port:(30.0, 1152.0)(135.0, 1152.0)(135.0, 1156.0)(30.0, 1156.0);SD
Module:M43
Boundary:(928.0, 841.0)(1004.0, 841.0)(1004.0, 849.0)(1019.0, 849.0)(1019.0, 955.0)(928.0, 955.0);GATE
Port:(942.5, 945.0)(1004.5, 945.0)(1004.5, 955.0)(942.5, 955.0);SD
Port:(928.0, 841.0)(1004.0, 841.0)(1004.0, 849.0)(1019.0, 849.0)(1019.0, 940.0)(928.0, 940.0);GATE
Port:(938.0, 846.0)(989.0, 846.0)(989.0, 850.0)(938.0, 850.0);SD
Module:M38
Boundary:(802.0, 543.0)(875.0, 543.0)(875.0, 641.0)(802.0, 641.0);GATE
Port:(816.5, 631.0)(860.5, 631.0)(860.5, 641.0)(816.5, 641.0);SD
Port:(802.0, 543.0)(875.0, 543.0)(875.0, 626.0)(802.0, 626.0);GATE
Port:(812.0, 548.0)(865.0, 548.0)(865.0, 552.0)(812.0, 552.0);SD
Module:M40
Boundary:(841.0, 346.0)(841.0, 475.5)(822.0, 475.5)(822.0, 491.0)(759.0, 491.0)(759.0, 346.0);GATE
Port:(759.0, 360.5)(769.0, 360.5)(769.0, 476.5)(759.0, 476.5);SD
Port:(841.0, 346.0)(841.0, 475.5)(822.0, 475.5)(822.0, 491.0)(774.0, 491.0)(774.0, 346.0);GATE
Port:(832.0, 356.0)(836.0, 356.0)(836.0, 461.0)(832.0, 461.0);SD
Module:M35
Boundary:(762.0, 541.0)(762.0, 670.5)(748.0, 670.5)(748.0, 686.0)(684.0, 686.0)(684.0, 541.0);GATE
Port:(684.0, 555.5)(694.0, 555.5)(694.0, 671.5)(684.0, 671.5);SD
Port:(762.0, 541.0)(762.0, 670.5)(748.0, 670.5)(748.0, 686.0)(699.0, 686.0)(699.0, 541.0);GATE
Port:(753.0, 551.0)(757.0, 551.0)(757.0, 656.0)(753.0, 656.0);SD
Module:M32
Boundary:(1010.0, 30.0)(1010.0, 141.5)(998.0, 141.5)(998.0, 157.0)(886.0, 157.0)(886.0, 30.0);GATE
Port:(886.0, 44.5)(896.0, 44.5)(896.0, 142.5)(886.0, 142.5);SD
Port:(1010.0, 30.0)(1010.0, 141.5)(998.0, 141.5)(998.0, 157.0)(901.0, 157.0)(901.0, 30.0);GATE
Port:(1001.0, 40.0)(1005.0, 40.0)(1005.0, 127.0)(1001.0, 127.0);SD
Module:M27
Boundary:(259.0, 990.0)(406.5, 990.0)(406.5, 1006.0)(422.0, 1006.0)(422.0, 1125.0)(259.0, 1125.0);GATE
Port:(273.5, 1115.0)(407.5, 1115.0)(407.5, 1125.0)(273.5, 1125.0);SD
Port:(259.0, 990.0)(406.5, 990.0)(406.5, 1006.0)(422.0, 1006.0)(422.0, 1110.0)(259.0, 1110.0);GATE
Port:(269.0, 995.0)(392.0, 995.0)(392.0, 999.0)(269.0, 999.0);SD
Module:M24
Boundary:(1006.0, 543.0)(1006.0, 654.5)(994.0, 654.5)(994.0, 670.0)(915.0, 670.0)(915.0, 543.0);GATE
Port:(915.0, 557.5)(925.0, 557.5)(925.0, 655.5)(915.0, 655.5);SD
Port:(1006.0, 543.0)(1006.0, 654.5)(994.0, 654.5)(994.0, 670.0)(930.0, 670.0)(930.0, 543.0);GATE
Port:(997.0, 553.0)(1001.0, 553.0)(1001.0, 640.0)(997.0, 640.0);SD
Module:M19
Boundary:(634.0, 549.0)(634.0, 696.5)(618.0, 696.5)(618.0, 712.0)(515.0, 712.0)(515.0, 549.0);GATE
Port:(515.0, 563.5)(525.0, 563.5)(525.0, 697.5)(515.0, 697.5);SD
Port:(634.0, 549.0)(634.0, 696.5)(618.0, 696.5)(618.0, 712.0)(530.0, 712.0)(530.0, 549.0);GATE
Port:(625.0, 559.0)(629.0, 559.0)(629.0, 682.0)(625.0, 682.0);SD
Module:M6
Boundary:(867.0, 681.0)(867.0, 792.5)(843.4, 792.5)(843.4, 826.0)(802.0, 826.0)(802.0, 681.0);GATE
Port:(802.0, 695.5)(812.0, 695.5)(812.0, 811.5)(802.0, 811.5);SD
Port:(867.0, 681.0)(867.0, 792.5)(843.4, 792.5)(843.4, 826.0)(817.0, 826.0)(817.0, 681.0);GATE
Port:(858.0, 691.0)(862.0, 691.0)(862.0, 778.0)(858.0, 778.0);SD
Module:M21
Boundary:(417.0, 1165.0)(417.0, 1241.0)(409.0, 1241.0)(409.0, 1256.0)(241.0, 1256.0)(241.0, 1165.0);GATE
Port:(241.0, 1179.5)(251.0, 1179.5)(251.0, 1241.5)(241.0, 1241.5);SD
Port:(417.0, 1165.0)(417.0, 1241.0)(409.0, 1241.0)(409.0, 1256.0)(256.0, 1256.0)(256.0, 1165.0);GATE
Port:(408.0, 1175.0)(412.0, 1175.0)(412.0, 1226.0)(408.0, 1226.0);SD
Module:M2
Boundary:(498.0, 911.0)(627.5, 911.0)(627.5, 925.0)(643.0, 925.0)(643.0, 1066.0)(498.0, 1066.0);GATE
Port:(512.5, 1056.0)(628.5, 1056.0)(628.5, 1066.0)(512.5, 1066.0);SD
Port:(498.0, 911.0)(627.5, 911.0)(627.5, 925.0)(643.0, 925.0)(643.0, 1051.0)(498.0, 1051.0);GATE
Port:(508.0, 916.0)(613.0, 916.0)(613.0, 920.0)(508.0, 920.0);SD
Module:M16
Boundary:(440.0, 187.0)(551.5, 187.0)(551.5, 199.0)(567.0, 199.0)(567.0, 368.0)(440.0, 368.0);GATE
Port:(454.5, 358.0)(552.5, 358.0)(552.5, 368.0)(454.5, 368.0);SD
Port:(440.0, 187.0)(551.5, 187.0)(551.5, 199.0)(567.0, 199.0)(567.0, 353.0)(440.0, 353.0);GATE
Port:(450.0, 192.0)(537.0, 192.0)(537.0, 196.0)(450.0, 196.0);SD
Module:M13
Boundary:(1011.0, 1130.0)(1011.0, 1257.0)(896.0, 1257.0)(896.0, 1130.0);GATE
Port:(896.0, 1144.5)(906.0, 1144.5)(906.0, 1242.5)(896.0, 1242.5);SD
Port:(1011.0, 1130.0)(1011.0, 1257.0)(911.0, 1257.0)(911.0, 1130.0);GATE
Port:(1002.0, 1140.0)(1006.0, 1140.0)(1006.0, 1247.0)(1002.0, 1247.0);SD
Module:M45
Boundary:(186.0, 345.0)(186.0, 474.5)(172.0, 474.5)(172.0, 490.0)(20.0, 490.0)(20.0, 345.0);GATE
Port:(20.0, 359.5)(30.0, 359.5)(30.0, 475.5)(20.0, 475.5);SD
Port:(186.0, 345.0)(186.0, 474.5)(172.0, 474.5)(172.0, 490.0)(35.0, 490.0)(35.0, 345.0);GATE
Port:(177.0, 355.0)(181.0, 355.0)(181.0, 460.0)(177.0, 460.0);SD
Module:M10
Boundary:(226.0, 343.0)(373.5, 343.0)(373.5, 359.0)(389.0, 359.0)(389.0, 499.0)(226.0, 499.0);GATE
Port:(240.5, 489.0)(374.5, 489.0)(374.5, 499.0)(240.5, 499.0);SD
Port:(226.0, 343.0)(373.5, 343.0)(373.5, 359.0)(389.0, 359.0)(389.0, 484.0)(226.0, 484.0);GATE
Port:(236.0, 348.0)(359.0, 348.0)(359.0, 352.0)(236.0, 352.0);SD
Module:M42
Boundary:(1013.0, 207.0)(1013.0, 283.0)(1005.0, 283.0)(1005.0, 298.0)(932.0, 298.0)(932.0, 207.0);GATE
Port:(932.0, 221.5)(942.0, 221.5)(942.0, 283.5)(932.0, 283.5);SD
Port:(1013.0, 207.0)(1013.0, 283.0)(1005.0, 283.0)(1005.0, 298.0)(947.0, 298.0)(947.0, 207.0);GATE
Port:(1004.0, 217.0)(1008.0, 217.0)(1008.0, 268.0)(1004.0, 268.0);SD
Module:M37
Boundary:(320.0, 539.0)(413.5, 539.0)(413.5, 592.5)(465.0, 592.5)(465.0, 717.0)(320.0, 717.0);GATE
Port:(334.5, 707.0)(450.5, 707.0)(450.5, 717.0)(334.5, 717.0);SD
Port:(320.0, 539.0)(413.5, 539.0)(413.5, 592.5)(465.0, 592.5)(465.0, 702.0)(320.0, 702.0);GATE
Port:(330.0, 544.0)(399.0, 544.0)(399.0, 548.0)(330.0, 548.0);SD
Module:M34
Boundary:(225.0, 20.0)(354.5, 20.0)(354.5, 34.0)(370.0, 34.0)(370.0, 172.0)(225.0, 172.0);GATE
Port:(239.5, 162.0)(355.5, 162.0)(355.5, 172.0)(239.5, 172.0);SD
Port:(225.0, 20.0)(354.5, 20.0)(354.5, 34.0)(370.0, 34.0)(370.0, 157.0)(225.0, 157.0);GATE
Port:(235.0, 25.0)(340.0, 25.0)(340.0, 29.0)(235.0, 29.0);SD
Module:M29
Boundary:(891.0, 338.0)(966.5, 338.0)(966.5, 386.5)(1018.0, 386.5)(1018.0, 503.0)(891.0, 503.0);GATE
Port:(905.5, 493.0)(1003.5, 493.0)(1003.5, 503.0)(905.5, 503.0);SD
Port:(891.0, 338.0)(966.5, 338.0)(966.5, 386.5)(1018.0, 386.5)(1018.0, 488.0)(891.0, 488.0);GATE
Port:(901.0, 343.0)(952.0, 343.0)(952.0, 347.0)(901.0, 347.0);SD
Module:M7
Boundary:(892.0, 223.0)(892.0, 296.0)(720.0, 296.0)(720.0, 223.0);GATE
Port:(720.0, 237.5)(730.0, 237.5)(730.0, 281.5)(720.0, 281.5);SD
Port:(892.0, 223.0)(892.0, 296.0)(735.0, 296.0)(735.0, 223.0);GATE
Port:(883.0, 233.0)(887.0, 233.0)(887.0, 286.0)(883.0, 286.0);SD
Module:M31
Boundary:(684.0, 1019.0)(795.5, 1019.0)(795.5, 1031.0)(811.0, 1031.0)(811.0, 1094.0)(684.0, 1094.0);GATE
Port:(698.5, 1084.0)(796.5, 1084.0)(796.5, 1094.0)(698.5, 1094.0);SD
Port:(684.0, 1019.0)(795.5, 1019.0)(795.5, 1031.0)(811.0, 1031.0)(811.0, 1079.0)(684.0, 1079.0);GATE
Port:(694.0, 1024.0)(781.0, 1024.0)(781.0, 1028.0)(694.0, 1028.0);SD
Module:M3
Boundary:(836.0, 20.0)(836.0, 113.5)(799.0, 113.5)(799.0, 183.0)(740.0, 183.0)(740.0, 20.0);GATE
Port:(740.0, 34.5)(750.0, 34.5)(750.0, 168.5)(740.0, 168.5);SD
Port:(836.0, 20.0)(836.0, 113.5)(799.0, 113.5)(799.0, 183.0)(755.0, 183.0)(755.0, 20.0);GATE
Port:(827.0, 30.0)(831.0, 30.0)(831.0, 99.0)(827.0, 99.0);SD
Module:M26
Boundary:(30.0, 30.0)(159.5, 30.0)(159.5, 51.0)(175.0, 51.0)(175.0, 100.0)(30.0, 100.0);GATE
Port:(44.5, 90.0)(160.5, 90.0)(160.5, 100.0)(44.5, 100.0);SD
Port:(30.0, 30.0)(159.5, 30.0)(159.5, 51.0)(175.0, 51.0)(175.0, 85.0)(30.0, 85.0);GATE
Port:(40.0, 35.0)(145.0, 35.0)(145.0, 39.0)(40.0, 39.0);SD
Module:M23
Boundary:(1021.0, 710.0)(1021.0, 786.0)(1013.0, 786.0)(1013.0, 801.0)(907.0, 801.0)(907.0, 710.0);GATE
Port:(907.0, 724.5)(917.0, 724.5)(917.0, 786.5)(907.0, 786.5);SD
Port:(1021.0, 710.0)(1021.0, 786.0)(1013.0, 786.0)(1013.0, 801.0)(922.0, 801.0)(922.0, 710.0);GATE
Port:(1012.0, 720.0)(1016.0, 720.0)(1016.0, 771.0)(1012.0, 771.0);SD
Module:M18
Boundary:(30.0, 540.0)(106.0, 540.0)(106.0, 548.0)(121.0, 548.0)(121.0, 687.0)(30.0, 687.0);GATE
Port:(44.5, 677.0)(106.5, 677.0)(106.5, 687.0)(44.5, 687.0);SD
Port:(30.0, 540.0)(106.0, 540.0)(106.0, 548.0)(121.0, 548.0)(121.0, 672.0)(30.0, 672.0);GATE
Port:(40.0, 545.0)(91.0, 545.0)(91.0, 549.0)(40.0, 549.0);SD
Module:M20
Boundary:(259.0, 757.0)(316.5, 757.0)(316.5, 840.3)(458.0, 840.3)(458.0, 950.0)(259.0, 950.0);GATE
Port:(273.5, 940.0)(443.5, 940.0)(443.5, 950.0)(273.5, 950.0);SD
Port:(259.0, 757.0)(316.5, 757.0)(316.5, 840.3)(458.0, 840.3)(458.0, 935.0)(259.0, 935.0);GATE
Port:(269.0, 762.0)(302.0, 762.0)(302.0, 766.0)(269.0, 766.0);SD
Module:M15
Boundary:(20.0, 868.0)(131.5, 868.0)(131.5, 907.0)(219.0, 907.0)(219.0, 958.0)(20.0, 958.0);GATE
Port:(34.5, 948.0)(204.5, 948.0)(204.5, 958.0)(34.5, 958.0);SD
Port:(20.0, 868.0)(131.5, 868.0)(131.5, 907.0)(219.0, 907.0)(219.0, 943.0)(20.0, 943.0);GATE
Port:(30.0, 873.0)(117.0, 873.0)(117.0, 877.0)(30.0, 877.0);SD
Module:M12
Boundary:(400.0, 212.0)(400.0, 288.0)(392.0, 288.0)(392.0, 303.0)(223.0, 303.0)(223.0, 212.0);GATE
Port:(223.0, 226.5)(233.0, 226.5)(233.0, 288.5)(223.0, 288.5);SD
Port:(400.0, 212.0)(400.0, 288.0)(392.0, 288.0)(392.0, 303.0)(238.0, 303.0)(238.0, 212.0);GATE
Port:(391.0, 222.0)(395.0, 222.0)(395.0, 273.0)(391.0, 273.0);SD
Module:M44
Boundary:(20.0, 998.0)(149.5, 998.0)(149.5, 1061.0)(219.0, 1061.0)(219.0, 1107.0)(20.0, 1107.0);GATE
Port:(34.5, 1097.0)(204.5, 1097.0)(204.5, 1107.0)(34.5, 1107.0);SD
Port:(20.0, 998.0)(149.5, 998.0)(149.5, 1061.0)(219.0, 1061.0)(219.0, 1092.0)(20.0, 1092.0);GATE
Port:(30.0, 1003.0)(135.0, 1003.0)(135.0, 1007.0)(30.0, 1007.0);SD
Module:M39
Boundary:(572.0, 424.0)(683.5, 424.0)(683.5, 436.0)(699.0, 436.0)(699.0, 488.0)(572.0, 488.0);GATE
Port:(586.5, 478.0)(684.5, 478.0)(684.5, 488.0)(586.5, 488.0);SD
Port:(572.0, 424.0)(683.5, 424.0)(683.5, 436.0)(699.0, 436.0)(699.0, 473.0)(572.0, 473.0);GATE
Port:(582.0, 429.0)(669.0, 429.0)(669.0, 433.0)(582.0, 433.0);SD
Module:M8
Boundary:(171.0, 539.0)(264.5, 539.0)(264.5, 549.0)(280.0, 549.0)(280.0, 688.0)(171.0, 688.0);GATE
Port:(185.5, 678.0)(265.5, 678.0)(265.5, 688.0)(185.5, 688.0);SD
Port:(171.0, 539.0)(264.5, 539.0)(264.5, 549.0)(280.0, 549.0)(280.0, 673.0)(171.0, 673.0);GATE
Port:(181.0, 544.0)(250.0, 544.0)(250.0, 548.0)(181.0, 548.0);SD
Module:M41
Boundary:(815.0, 866.0)(888.0, 866.0)(888.0, 977.0)(815.0, 977.0);GATE
Port:(829.5, 967.0)(873.5, 967.0)(873.5, 977.0)(829.5, 977.0);SD
Port:(815.0, 866.0)(888.0, 866.0)(888.0, 962.0)(815.0, 962.0);GATE
Port:(825.0, 871.0)(878.0, 871.0)(878.0, 875.0)(825.0, 875.0);SD
Module:M4
Boundary:(684.0, 726.0)(757.0, 726.0)(757.0, 828.0)(684.0, 828.0);GATE
Port:(698.5, 818.0)(742.5, 818.0)(742.5, 828.0)(698.5, 828.0);SD
Port:(684.0, 726.0)(757.0, 726.0)(757.0, 813.0)(684.0, 813.0);GATE
Port:(694.0, 731.0)(747.0, 731.0)(747.0, 735.0)(694.0, 735.0);SD
Module:M36
Boundary:(522.0, 408.0)(522.0, 484.0)(514.0, 484.0)(514.0, 499.0)(429.0, 499.0)(429.0, 408.0);GATE
Port:(429.0, 422.5)(439.0, 422.5)(439.0, 484.5)(429.0, 484.5);SD
Port:(522.0, 408.0)(522.0, 484.0)(514.0, 484.0)(514.0, 499.0)(444.0, 499.0)(444.0, 408.0);GATE
Port:(513.0, 418.0)(517.0, 418.0)(517.0, 469.0)(513.0, 469.0);SD
Module:M33
Boundary:(607.0, 216.0)(680.0, 216.0)(680.0, 374.0)(607.0, 374.0);GATE
Port:(621.5, 364.0)(665.5, 364.0)(665.5, 374.0)(621.5, 374.0);SD
Port:(607.0, 216.0)(680.0, 216.0)(680.0, 359.0)(607.0, 359.0);GATE
Port:(617.0, 221.0)(670.0, 221.0)(670.0, 225.0)(617.0, 225.0);SD
Module:M28
Boundary:(1021.0, 1017.0)(1021.0, 1090.0)(851.0, 1090.0)(851.0, 1017.0);GATE
Port:(851.0, 1031.5)(861.0, 1031.5)(861.0, 1075.5)(851.0, 1075.5);SD
Port:(1021.0, 1017.0)(1021.0, 1090.0)(866.0, 1090.0)(866.0, 1017.0);GATE
Port:(1012.0, 1027.0)(1016.0, 1027.0)(1016.0, 1080.0)(1012.0, 1080.0);SD
Module:M30
Boundary:(856.0, 1134.0)(856.0, 1245.5)(844.0, 1245.5)(844.0, 1261.0)(683.0, 1261.0)(683.0, 1134.0);GATE
Port:(683.0, 1148.5)(693.0, 1148.5)(693.0, 1246.5)(683.0, 1246.5);SD
Port:(856.0, 1134.0)(856.0, 1245.5)(844.0, 1245.5)(844.0, 1261.0)(698.0, 1261.0)(698.0, 1134.0);GATE
Port:(847.0, 1144.0)(851.0, 1144.0)(851.0, 1231.0)(847.0, 1231.0);SD
Module:M25
Boundary:(684.0, 868.0)(760.0, 868.0)(760.0, 876.0)(775.0, 876.0)(775.0, 979.0)(684.0, 979.0);GATE
Port:(698.5, 969.0)(760.5, 969.0)(760.5, 979.0)(698.5, 979.0);SD
Port:(684.0, 868.0)(760.0, 868.0)(760.0, 876.0)(775.0, 876.0)(775.0, 964.0)(684.0, 964.0);GATE
Port:(694.0, 873.0)(745.0, 873.0)(745.0, 877.0)(694.0, 877.0);SD
Module:M22
Boundary:(567.0, 20.0)(567.0, 131.5)(555.0, 131.5)(555.0, 147.0)(410.0, 147.0)(410.0, 20.0);GATE
Port:(410.0, 34.5)(420.0, 34.5)(420.0, 132.5)(410.0, 132.5);SD
Port:(567.0, 20.0)(567.0, 131.5)(555.0, 131.5)(555.0, 147.0)(425.0, 147.0)(425.0, 20.0);GATE
Port:(558.0, 30.0)(562.0, 30.0)(562.0, 117.0)(558.0, 117.0);SD
Module:M17
Boundary:(617.0, 30.0)(690.0, 30.0)(690.0, 166.0)(617.0, 166.0);GATE
Port:(631.5, 156.0)(675.5, 156.0)(675.5, 166.0)(631.5, 166.0);SD
Port:(617.0, 30.0)(690.0, 30.0)(690.0, 151.0)(617.0, 151.0);GATE
Port:(627.0, 35.0)(680.0, 35.0)(680.0, 39.0)(627.0, 39.0);SD
