Area:(-20.0, -20.0)(680.0, -20.0)(680.0, 1986.0)(-20.0, 1986.0)
Rule:GATE(5,5);SD(5,5);GATE_SD(0.5);GATE_ITO(0.5);SD_ITO(0.5)
Module:M14
Boundary:(171.0, 631.0)(246.5, 631.0)(246.5, 728.0)(442.0, 728.0)(442.0, 811.0)(171.0, 811.0);GATE
Port:(185.5, 801.0)(427.5, 801.0)(427.5, 811.0)(185.5, 811.0);SD
Port:(171.0, 631.0)(246.5, 631.0)(246.5, 728.0)(442.0, 728.0)(442.0, 796.0)(171.0, 796.0);GATE
Port:(181.0, 636.0)(232.0, 636.0)(232.0, 640.0)(181.0, 640.0);SD
Module:M9
Boundary:(91.0, 613.0)(91.0, 686.0)(20.0, 686.0)(20.0, 613.0);GATE
Port:(20.0, 627.5)(30.0, 627.5)(30.0, 671.5)(20.0, 671.5);SD
Port:(91.0, 613.0)(91.0, 686.0)(35.0, 686.0)(35.0, 613.0);GATE
Port:(82.0, 623.0)(86.0, 623.0)(86.0, 676.0)(82.0, 676.0);SD
Module:M5
Boundary:(469.0, 994.0)(598.5, 994.0)(598.5, 1057.0)(632.0, 1057.0)(632.0, 1129.0)(469.0, 1129.0);GATE
Port:(483.5, 1119.0)(617.5, 1119.0)(617.5, 1129.0)(483.5, 1129.0);SD
Port:(469.0, 994.0)(598.5, 994.0)(598.5, 1057.0)(632.0, 1057.0)(632.0, 1114.0)(469.0, 1114.0);GATE
Port:(479.0, 999.0)(584.0, 999.0)(584.0, 1003.0)(479.0, 1003.0);SD
Module:M11
Boundary:(415.0, 1073.0)(415.0, 1166.5)(375.0, 1166.5)(375.0, 1200.0)(318.0, 1200.0)(318.0, 1073.0);GATE
Port:(318.0, 1087.5)(328.0, 1087.5)(328.0, 1185.5)(318.0, 1185.5);SD
Port:(415.0, 1073.0)(415.0, 1166.5)(375.0, 1166.5)(375.0, 1200.0)(333.0, 1200.0)(333.0, 1073.0);GATE
Port:(406.0, 1083.0)(410.0, 1083.0)(410.0, 1152.0)(406.0, 1152.0);SD
Module:M1
Boundary:(275.0, 226.0)(422.5, 226.0)(422.5, 242.0)(438.0, 242.0)(438.0, 343.0)(275.0, 343.0);GATE
Port:(289.5, 333.0)(423.5, 333.0)(423.5, 343.0)(289.5, 343.0);SD
Port:(275.0, 226.0)(422.5, 226.0)(422.5, 242.0)(438.0, 242.0)(438.0, 328.0)(275.0, 328.0);GATE
Port:(285.0, 231.0)(408.0, 231.0)(408.0, 235.0)(285.0, 235.0);SD
Module:M38
Boundary:(328.0, 861.0)(404.0, 861.0)(404.0, 869.0)(419.0, 869.0)(419.0, 1023.0)(328.0, 1023.0);GATE
Port:(342.5, 1013.0)(404.5, 1013.0)(404.5, 1023.0)(342.5, 1023.0);SD
Port:(328.0, 861.0)(404.0, 861.0)(404.0, 869.0)(419.0, 869.0)(419.0, 1008.0)(328.0, 1008.0);GATE
Port:(338.0, 866.0)(389.0, 866.0)(389.0, 870.0)(338.0, 870.0);SD
Module:M40
Boundary:(285.0, 30.0)(432.5, 30.0)(432.5, 46.0)(448.0, 46.0)(448.0, 176.0)(285.0, 176.0);GATE
Port:(299.5, 166.0)(433.5, 166.0)(433.5, 176.0)(299.5, 176.0);SD
Port:(285.0, 30.0)(432.5, 30.0)(432.5, 46.0)(448.0, 46.0)(448.0, 161.0)(285.0, 161.0);GATE
Port:(295.0, 35.0)(418.0, 35.0)(418.0, 39.0)(295.0, 39.0);SD
Module:M35
Boundary:(317.0, 1381.0)(390.0, 1381.0)(390.0, 1531.0)(317.0, 1531.0);GATE
Port:(331.5, 1521.0)(375.5, 1521.0)(375.5, 1531.0)(331.5, 1531.0);SD
Port:(317.0, 1381.0)(390.0, 1381.0)(390.0, 1516.0)(317.0, 1516.0);GATE
Port:(327.0, 1386.0)(380.0, 1386.0)(380.0, 1390.0)(327.0, 1390.0);SD
Module:M32
Boundary:(307.0, 1581.0)(383.0, 1581.0)(383.0, 1589.0)(398.0, 1589.0)(398.0, 1779.0)(307.0, 1779.0);GATE
Port:(321.5, 1769.0)(383.5, 1769.0)(383.5, 1779.0)(321.5, 1779.0);SD
Port:(307.0, 1581.0)(383.0, 1581.0)(383.0, 1589.0)(398.0, 1589.0)(398.0, 1764.0)(307.0, 1764.0);GATE
Port:(317.0, 1586.0)(368.0, 1586.0)(368.0, 1590.0)(317.0, 1590.0);SD
Module:M27
Boundary:(440.0, 1382.0)(513.0, 1382.0)(513.0, 1564.0)(440.0, 1564.0);GATE
Port:(454.5, 1554.0)(498.5, 1554.0)(498.5, 1564.0)(454.5, 1564.0);SD
Port:(440.0, 1382.0)(513.0, 1382.0)(513.0, 1549.0)(440.0, 1549.0);GATE
Port:(450.0, 1387.0)(503.0, 1387.0)(503.0, 1391.0)(450.0, 1391.0);SD
Module:M24
Boundary:(20.0, 1772.0)(95.5, 1772.0)(95.5, 1845.5)(237.0, 1845.5)(237.0, 1945.0)(20.0, 1945.0);GATE
Port:(34.5, 1935.0)(222.5, 1935.0)(222.5, 1945.0)(34.5, 1945.0);SD
Port:(20.0, 1772.0)(95.5, 1772.0)(95.5, 1845.5)(237.0, 1845.5)(237.0, 1930.0)(20.0, 1930.0);GATE
Port:(30.0, 1777.0)(81.0, 1777.0)(81.0, 1781.0)(30.0, 1781.0);SD
Module:M19
Boundary:(267.0, 1551.0)(267.0, 1680.5)(227.5, 1680.5)(227.5, 1732.0)(185.0, 1732.0)(185.0, 1551.0);GATE
Port:(185.0, 1565.5)(195.0, 1565.5)(195.0, 1717.5)(185.0, 1717.5);SD
Port:(267.0, 1551.0)(267.0, 1680.5)(227.5, 1680.5)(227.5, 1732.0)(200.0, 1732.0)(200.0, 1551.0);GATE
Port:(258.0, 1561.0)(262.0, 1561.0)(262.0, 1666.0)(258.0, 1666.0);SD
Module:M6
Boundary:(20.0, 958.0)(131.5, 958.0)(131.5, 970.0)(147.0, 970.0)(147.0, 1084.0)(20.0, 1084.0);GATE
Port:(34.5, 1074.0)(132.5, 1074.0)(132.5, 1084.0)(34.5, 1084.0);SD
Port:(20.0, 958.0)(131.5, 958.0)(131.5, 970.0)(147.0, 970.0)(147.0, 1069.0)(20.0, 1069.0);GATE
Port:(30.0, 963.0)(117.0, 963.0)(117.0, 967.0)(30.0, 967.0);SD
Module:M21
Boundary:(637.0, 1605.0)(637.0, 1734.5)(623.0, 1734.5)(623.0, 1750.0)(440.0, 1750.0)(440.0, 1605.0);GATE
Port:(440.0, 1619.5)(450.0, 1619.5)(450.0, 1735.5)(440.0, 1735.5);SD
Port:(637.0, 1605.0)(637.0, 1734.5)(623.0, 1734.5)(623.0, 1750.0)(455.0, 1750.0)(455.0, 1605.0);GATE
Port:(628.0, 1615.0)(632.0, 1615.0)(632.0, 1720.0)(628.0, 1720.0);SD
Module:M2
Boundary:(627.0, 1392.0)(627.0, 1539.5)(611.0, 1539.5)(611.0, 1555.0)(563.0, 1555.0)(563.0, 1392.0);GATE
Port:(563.0, 1406.5)(573.0, 1406.5)(573.0, 1540.5)(563.0, 1540.5);SD
Port:(627.0, 1392.0)(627.0, 1539.5)(611.0, 1539.5)(611.0, 1555.0)(578.0, 1555.0)(578.0, 1392.0);GATE
Port:(618.0, 1402.0)(622.0, 1402.0)(622.0, 1525.0)(618.0, 1525.0);SD
Module:M16
Boundary:(413.0, 383.0)(413.0, 456.0)(275.0, 456.0)(275.0, 383.0);GATE
Port:(275.0, 397.5)(285.0, 397.5)(285.0, 441.5)(275.0, 441.5);SD
Port:(413.0, 383.0)(413.0, 456.0)(290.0, 456.0)(290.0, 383.0);GATE
Port:(404.0, 393.0)(408.0, 393.0)(408.0, 446.0)(404.0, 446.0);SD
Module:M13
Boundary:(633.0, 20.0)(633.0, 131.5)(566.9, 131.5)(566.9, 219.0)(498.0, 219.0)(498.0, 20.0);GATE
Port:(498.0, 34.5)(508.0, 34.5)(508.0, 204.5)(498.0, 204.5);SD
Port:(633.0, 20.0)(633.0, 131.5)(566.9, 131.5)(566.9, 219.0)(513.0, 219.0)(513.0, 20.0);GATE
Port:(624.0, 30.0)(628.0, 30.0)(628.0, 117.0)(624.0, 117.0);SD
Module:M10
Boundary:(126.0, 20.0)(219.5, 20.0)(219.5, 30.0)(235.0, 30.0)(235.0, 119.0)(126.0, 119.0);GATE
Port:(140.5, 109.0)(220.5, 109.0)(220.5, 119.0)(140.5, 119.0);SD
Port:(126.0, 20.0)(219.5, 20.0)(219.5, 30.0)(235.0, 30.0)(235.0, 104.0)(126.0, 104.0);GATE
Port:(136.0, 25.0)(205.0, 25.0)(205.0, 29.0)(136.0, 29.0);SD
Module:M37
Boundary:(469.0, 851.0)(616.5, 851.0)(616.5, 867.0)(632.0, 867.0)(632.0, 954.0)(469.0, 954.0);GATE
Port:(483.5, 944.0)(617.5, 944.0)(617.5, 954.0)(483.5, 954.0);SD
Port:(469.0, 851.0)(616.5, 851.0)(616.5, 867.0)(632.0, 867.0)(632.0, 939.0)(469.0, 939.0);GATE
Port:(479.0, 856.0)(602.0, 856.0)(602.0, 860.0)(479.0, 860.0);SD
Module:M34
Boundary:(403.0, 1240.0)(403.0, 1316.0)(395.0, 1316.0)(395.0, 1331.0)(302.0, 1331.0)(302.0, 1240.0);GATE
Port:(302.0, 1254.5)(312.0, 1254.5)(312.0, 1316.5)(302.0, 1316.5);SD
Port:(403.0, 1240.0)(403.0, 1316.0)(395.0, 1316.0)(395.0, 1331.0)(317.0, 1331.0)(317.0, 1240.0);GATE
Port:(394.0, 1250.0)(398.0, 1250.0)(398.0, 1301.0)(394.0, 1301.0);SD
Module:M29
Boundary:(30.0, 736.0)(106.0, 736.0)(106.0, 744.0)(121.0, 744.0)(121.0, 802.0)(30.0, 802.0);GATE
Port:(44.5, 792.0)(106.5, 792.0)(106.5, 802.0)(44.5, 802.0);SD
Port:(30.0, 736.0)(106.0, 736.0)(106.0, 744.0)(121.0, 744.0)(121.0, 787.0)(30.0, 787.0);GATE
Port:(40.0, 741.0)(91.0, 741.0)(91.0, 745.0)(40.0, 745.0);SD
Module:M7
Boundary:(92.0, 446.0)(92.0, 539.5)(63.0, 539.5)(63.0, 573.0)(20.0, 573.0)(20.0, 446.0);GATE
Port:(20.0, 460.5)(30.0, 460.5)(30.0, 558.5)(20.0, 558.5);SD
Port:(92.0, 446.0)(92.0, 539.5)(63.0, 539.5)(63.0, 573.0)(35.0, 573.0)(35.0, 446.0);GATE
Port:(83.0, 456.0)(87.0, 456.0)(87.0, 525.0)(83.0, 525.0);SD
Module:M31
Boundary:(419.0, 1819.0)(419.0, 1876.5)(387.0, 1876.5)(387.0, 1946.0)(277.0, 1946.0)(277.0, 1819.0);GATE
Port:(277.0, 1833.5)(287.0, 1833.5)(287.0, 1931.5)(277.0, 1931.5);SD
Port:(419.0, 1819.0)(419.0, 1876.5)(387.0, 1876.5)(387.0, 1946.0)(292.0, 1946.0)(292.0, 1819.0);GATE
Port:(410.0, 1829.0)(414.0, 1829.0)(414.0, 1862.0)(410.0, 1862.0);SD
Module:M3
Boundary:(141.0, 1657.0)(141.0, 1730.0)(20.0, 1730.0)(20.0, 1657.0);GATE
Port:(20.0, 1671.5)(30.0, 1671.5)(30.0, 1715.5)(20.0, 1715.5);SD
Port:(141.0, 1657.0)(141.0, 1730.0)(35.0, 1730.0)(35.0, 1657.0);GATE
Port:(132.0, 1667.0)(136.0, 1667.0)(136.0, 1720.0)(132.0, 1720.0);SD
Module:M26
Boundary:(283.0, 506.0)(376.5, 506.0)(376.5, 533.6)(410.0, 533.6)(410.0, 581.0)(283.0, 581.0);GATE
Port:(297.5, 571.0)(395.5, 571.0)(395.5, 581.0)(297.5, 581.0);SD
Port:(283.0, 506.0)(376.5, 506.0)(376.5, 533.6)(410.0, 533.6)(410.0, 566.0)(283.0, 566.0);GATE
Port:(293.0, 511.0)(362.0, 511.0)(362.0, 515.0)(293.0, 515.0);SD
Module:M23
Boundary:(459.0, 1790.0)(552.5, 1790.0)(552.5, 1843.0)(640.0, 1843.0)(640.0, 1945.0)(459.0, 1945.0);GATE
Port:(473.5, 1935.0)(625.5, 1935.0)(625.5, 1945.0)(473.5, 1945.0);SD
Port:(459.0, 1790.0)(552.5, 1790.0)(552.5, 1843.0)(640.0, 1843.0)(640.0, 1930.0)(459.0, 1930.0);GATE
Port:(469.0, 1795.0)(538.0, 1795.0)(538.0, 1799.0)(469.0, 1799.0);SD
Module:M18
Boundary:(20.0, 852.0)(131.5, 852.0)(131.5, 864.0)(147.0, 864.0)(147.0, 918.0)(20.0, 918.0);GATE
Port:(34.5, 908.0)(132.5, 908.0)(132.5, 918.0)(34.5, 918.0);SD
Port:(20.0, 852.0)(131.5, 852.0)(131.5, 864.0)(147.0, 864.0)(147.0, 903.0)(20.0, 903.0);GATE
Port:(30.0, 857.0)(117.0, 857.0)(117.0, 861.0)(30.0, 861.0);SD
Module:M20
Boundary:(455.0, 1169.0)(602.5, 1169.0)(602.5, 1248.8)(636.0, 1248.8)(636.0, 1342.0)(455.0, 1342.0);GATE
Port:(469.5, 1332.0)(621.5, 1332.0)(621.5, 1342.0)(469.5, 1342.0);SD
Port:(455.0, 1169.0)(602.5, 1169.0)(602.5, 1248.8)(636.0, 1248.8)(636.0, 1327.0)(455.0, 1327.0);GATE
Port:(465.0, 1174.0)(588.0, 1174.0)(588.0, 1178.0)(465.0, 1178.0);SD
Module:M15
Boundary:(262.0, 1202.0)(262.0, 1295.5)(252.0, 1295.5)(252.0, 1311.0)(187.0, 1311.0)(187.0, 1202.0);GATE
Port:(187.0, 1216.5)(197.0, 1216.5)(197.0, 1296.5)(187.0, 1296.5);SD
Port:(262.0, 1202.0)(262.0, 1295.5)(252.0, 1295.5)(252.0, 1311.0)(202.0, 1311.0)(202.0, 1202.0);GATE
Port:(253.0, 1212.0)(257.0, 1212.0)(257.0, 1281.0)(253.0, 1281.0);SD
Module:M12
Boundary:(228.0, 446.0)(228.0, 575.5)(214.0, 575.5)(214.0, 591.0)(132.0, 591.0)(132.0, 446.0);GATE
Port:(132.0, 460.5)(142.0, 460.5)(142.0, 576.5)(132.0, 576.5);SD
Port:(228.0, 446.0)(228.0, 575.5)(214.0, 575.5)(214.0, 591.0)(147.0, 591.0)(147.0, 446.0);GATE
Port:(219.0, 456.0)(223.0, 456.0)(223.0, 561.0)(219.0, 561.0);SD
Module:M39
Boundary:(145.0, 1364.0)(145.0, 1511.5)(62.0, 1511.5)(62.0, 1617.0)(20.0, 1617.0)(20.0, 1364.0);GATE
Port:(20.0, 1378.5)(30.0, 1378.5)(30.0, 1602.5)(20.0, 1602.5);SD
Port:(145.0, 1364.0)(145.0, 1511.5)(62.0, 1511.5)(62.0, 1617.0)(35.0, 1617.0)(35.0, 1364.0);GATE
Port:(136.0, 1374.0)(140.0, 1374.0)(140.0, 1497.0)(136.0, 1497.0);SD
Module:M8
Boundary:(187.0, 964.0)(263.0, 964.0)(263.0, 972.0)(278.0, 972.0)(278.0, 1162.0)(187.0, 1162.0);GATE
Port:(201.5, 1152.0)(263.5, 1152.0)(263.5, 1162.0)(201.5, 1162.0);SD
Port:(187.0, 964.0)(263.0, 964.0)(263.0, 972.0)(278.0, 972.0)(278.0, 1147.0)(187.0, 1147.0);GATE
Port:(197.0, 969.0)(248.0, 969.0)(248.0, 973.0)(197.0, 973.0);SD
Module:M4
Boundary:(86.0, 20.0)(86.0, 131.5)(74.0, 131.5)(74.0, 147.0)(20.0, 147.0)(20.0, 20.0);GATE
Port:(20.0, 34.5)(30.0, 34.5)(30.0, 132.5)(20.0, 132.5);SD
Port:(86.0, 20.0)(86.0, 131.5)(74.0, 131.5)(74.0, 147.0)(35.0, 147.0)(35.0, 20.0);GATE
Port:(77.0, 30.0)(81.0, 30.0)(81.0, 117.0)(77.0, 117.0);SD
Module:M36
Boundary:(20.0, 1124.0)(131.5, 1124.0)(131.5, 1136.0)(147.0, 1136.0)(147.0, 1324.0)(20.0, 1324.0);GATE
Port:(34.5, 1314.0)(132.5, 1314.0)(132.5, 1324.0)(34.5, 1324.0);SD
Port:(20.0, 1124.0)(131.5, 1124.0)(131.5, 1136.0)(147.0, 1136.0)(147.0, 1309.0)(20.0, 1309.0);GATE
Port:(30.0, 1129.0)(117.0, 1129.0)(117.0, 1133.0)(30.0, 1133.0);SD
Module:M33
Boundary:(187.0, 1351.0)(260.0, 1351.0)(260.0, 1511.0)(187.0, 1511.0);GATE
Port:(201.5, 1501.0)(245.5, 1501.0)(245.5, 1511.0)(201.5, 1511.0);SD
Port:(187.0, 1351.0)(260.0, 1351.0)(260.0, 1496.0)(187.0, 1496.0);GATE
Port:(197.0, 1356.0)(250.0, 1356.0)(250.0, 1360.0)(197.0, 1360.0);SD
Module:M28
Boundary:(640.0, 259.0)(640.0, 334.5)(559.1, 334.5)(559.1, 512.0)(478.0, 512.0)(478.0, 259.0);GATE
Port:(478.0, 273.5)(488.0, 273.5)(488.0, 497.5)(478.0, 497.5);SD
Port:(640.0, 259.0)(640.0, 334.5)(559.1, 334.5)(559.1, 512.0)(493.0, 512.0)(493.0, 259.0);GATE
Port:(631.0, 269.0)(635.0, 269.0)(635.0, 320.0)(631.0, 320.0);SD
Module:M30
Boundary:(223.0, 197.0)(223.0, 326.5)(137.2, 326.5)(137.2, 396.0)(30.0, 396.0)(30.0, 197.0);GATE
Port:(30.0, 211.5)(40.0, 211.5)(40.0, 381.5)(30.0, 381.5);SD
Port:(223.0, 197.0)(223.0, 326.5)(137.2, 326.5)(137.2, 396.0)(45.0, 396.0)(45.0, 197.0);GATE
Port:(214.0, 207.0)(218.0, 207.0)(218.0, 312.0)(214.0, 312.0);SD
Module:M25
Boundary:(264.0, 851.0)(264.0, 924.0)(187.0, 924.0)(187.0, 851.0);GATE
Port:(187.0, 865.5)(197.0, 865.5)(197.0, 909.5)(187.0, 909.5);SD
Port:(264.0, 851.0)(264.0, 924.0)(202.0, 924.0)(202.0, 851.0);GATE
Port:(255.0, 861.0)(259.0, 861.0)(259.0, 914.0)(255.0, 914.0);SD
Module:M22
Boundary:(616.0, 687.0)(616.0, 780.5)(606.0, 780.5)(606.0, 796.0)(492.0, 796.0)(492.0, 687.0);GATE
Port:(492.0, 701.5)(502.0, 701.5)(502.0, 781.5)(492.0, 781.5);SD
Port:(616.0, 687.0)(616.0, 780.5)(606.0, 780.5)(606.0, 796.0)(507.0, 796.0)(507.0, 687.0);GATE
Port:(607.0, 697.0)(611.0, 697.0)(611.0, 766.0)(607.0, 766.0);SD
Module:M17
Boundary:(482.0, 552.0)(611.5, 552.0)(611.5, 566.0)(627.0, 566.0)(627.0, 637.0)(482.0, 637.0);GATE
Port:(496.5, 627.0)(612.5, 627.0)(612.5, 637.0)(496.5, 637.0);SD
Port:(482.0, 552.0)(611.5, 552.0)(611.5, 566.0)(627.0, 566.0)(627.0, 622.0)(482.0, 622.0);GATE
Port:(492.0, 557.0)(597.0, 557.0)(597.0, 561.0)(492.0, 561.0);SD
