Area:(-20.0, -20.0)(1440.2, -20.0)(1440.2, 1090.3)(-20.0, 1090.3)
Rule:GATE(5,5);SD(5,5);GATE_SD(0.5);GATE_ITO(0.5);SD_ITO(0.5)
Module:M14
Boundary:(570.4, 53.6)(681.9, 53.6)(681.9, 65.6)(697.4, 65.6)(697.4, 135.6)(570.4, 135.6);GATE
Port:(584.9, 125.6)(682.9, 125.6)(682.9, 135.6)(584.9, 135.6);SD
Port:(570.4, 53.6)(681.9, 53.6)(681.9, 65.6)(697.4, 65.6)(697.4, 120.6)(570.4, 120.6);GATE
Port:(580.4, 58.6)(667.4, 58.6)(667.4, 62.6)(580.4, 62.6);SD
Module:M23
Boundary:(579.3, 61.4)(579.3, 154.9)(569.3, 154.9)(569.3, 170.4)(440.3, 170.4)(440.3, 61.4);GATE
Port:(440.3, 75.9)(450.3, 75.9)(450.3, 155.9)(440.3, 155.9);SD
Port:(579.3, 61.4)(579.3, 154.9)(569.3, 154.9)(569.3, 170.4)(455.3, 170.4)(455.3, 61.4);GATE
Port:(570.3, 71.4)(574.3, 71.4)(574.3, 140.4)(570.3, 140.4);SD
Module:M1
Boundary:(1203.9, 20.0)(1203.9, 113.5)(1193.9, 113.5)(1193.9, 129.0)(1109.9, 129.0)(1109.9, 20.0);GATE
Port:(1109.9, 34.5)(1119.9, 34.5)(1119.9, 114.5)(1109.9, 114.5);SD
Port:(1203.9, 20.0)(1203.9, 113.5)(1193.9, 113.5)(1193.9, 129.0)(1124.9, 129.0)(1124.9, 20.0);GATE
Port:(1194.9, 30.0)(1198.9, 30.0)(1198.9, 99.0)(1194.9, 99.0);SD
Module:M34
Boundary:(942.1, 23.2)(1053.6, 23.2)(1053.6, 86.5)(1087.1, 86.5)(1087.1, 167.2)(942.1, 167.2);GATE
Port:(956.6, 157.2)(1072.6, 157.2)(1072.6, 167.2)(956.6, 167.2);SD
Port:(942.1, 23.2)(1053.6, 23.2)(1053.6, 86.5)(1087.1, 86.5)(1087.1, 152.2)(942.1, 152.2);GATE
Port:(952.1, 28.2)(1039.1, 28.2)(1039.1, 32.2)(952.1, 32.2);SD
Module:M7
Boundary:(887.5, 46.1)(887.5, 175.6)(873.4, 175.6)(873.4, 191.1)(697.5, 191.1)(697.5, 46.1);GATE
Port:(697.5, 60.6)(707.5, 60.6)(707.5, 176.6)(697.5, 176.6);SD
Port:(887.5, 46.1)(887.5, 175.6)(873.4, 175.6)(873.4, 191.1)(712.5, 191.1)(712.5, 46.1);GATE
Port:(878.5, 56.1)(882.5, 56.1)(882.5, 161.1)(878.5, 161.1);SD
Module:M15
Boundary:(319.5, 50.5)(395.5, 50.5)(395.5, 58.6)(410.5, 58.6)(410.5, 187.6)(319.5, 187.6);GATE
Port:(334.0, 177.6)(396.0, 177.6)(396.0, 187.6)(334.0, 187.6);SD
Port:(319.5, 50.5)(395.5, 50.5)(395.5, 58.6)(410.5, 58.6)(410.5, 172.6)(319.5, 172.6);GATE
Port:(329.5, 55.5)(380.5, 55.5)(380.5, 59.5)(329.5, 59.5);SD
Module:M40
Boundary:(141.6, 46.0)(217.7, 46.0)(217.7, 54.0)(232.6, 54.0)(232.6, 211.0)(141.6, 211.0);GATE
Port:(156.1, 201.0)(218.1, 201.0)(218.1, 211.0)(156.1, 211.0);SD
Port:(141.6, 46.0)(217.7, 46.0)(217.7, 54.0)(232.6, 54.0)(232.6, 196.0)(141.6, 196.0);GATE
Port:(151.6, 51.0)(202.6, 51.0)(202.6, 55.0)(151.6, 55.0);SD
Module:M50
Boundary:(1371.4, 70.7)(1371.4, 164.2)(1327.3, 164.2)(1327.3, 251.7)(1272.4, 251.7)(1272.4, 70.7);GATE
Port:(1272.4, 85.2)(1282.4, 85.2)(1282.4, 237.2)(1272.4, 237.2);SD
Port:(1371.4, 70.7)(1371.4, 164.2)(1327.3, 164.2)(1327.3, 251.7)(1287.4, 251.7)(1287.4, 70.7);GATE
Port:(1362.4, 80.7)(1366.4, 80.7)(1366.4, 149.7)(1362.4, 149.7);SD
Module:M37
Boundary:(20.0, 124.3)(93.0, 124.3)(93.0, 311.3)(20.0, 311.3);GATE
Port:(34.5, 301.3)(78.5, 301.3)(78.5, 311.3)(34.5, 311.3);SD
Port:(20.0, 124.3)(93.0, 124.3)(93.0, 296.3)(20.0, 296.3);GATE
Port:(30.0, 129.3)(83.0, 129.3)(83.0, 133.3)(30.0, 133.3);SD
Module:M4
Boundary:(733.9, 201.1)(733.9, 294.6)(723.9, 294.6)(723.9, 310.1)(617.9, 310.1)(617.9, 201.1);GATE
Port:(617.9, 215.6)(627.9, 215.6)(627.9, 295.6)(617.9, 295.6);SD
Port:(733.9, 201.1)(733.9, 294.6)(723.9, 294.6)(723.9, 310.1)(632.9, 310.1)(632.9, 201.1);GATE
Port:(724.9, 211.1)(728.9, 211.1)(728.9, 280.1)(724.9, 280.1);SD
Module:M38
Boundary:(473.9, 228.8)(567.4, 228.8)(567.4, 279.8)(600.9, 279.8)(600.9, 348.8)(473.9, 348.8);GATE
Port:(488.4, 338.8)(586.4, 338.8)(586.4, 348.8)(488.4, 348.8);SD
Port:(473.9, 228.8)(567.4, 228.8)(567.4, 279.8)(600.9, 279.8)(600.9, 333.8)(473.9, 333.8);GATE
Port:(483.9, 233.8)(552.9, 233.8)(552.9, 237.8)(483.9, 237.8);SD
Module:M31
Boundary:(889.2, 231.4)(889.2, 342.9)(877.2, 342.9)(877.2, 358.4)(735.2, 358.4)(735.2, 231.4);GATE
Port:(735.2, 245.9)(745.2, 245.9)(745.2, 343.9)(735.2, 343.9);SD
Port:(889.2, 231.4)(889.2, 342.9)(877.2, 342.9)(877.2, 358.4)(750.2, 358.4)(750.2, 231.4);GATE
Port:(880.2, 241.4)(884.2, 241.4)(884.2, 328.4)(880.2, 328.4);SD
Module:M10
Boundary:(1077.0, 220.2)(1077.0, 349.7)(1063.0, 349.7)(1063.0, 365.2)(907.0, 365.2)(907.0, 220.2);GATE
Port:(907.0, 234.7)(917.0, 234.7)(917.0, 350.7)(907.0, 350.7);SD
Port:(1077.0, 220.2)(1077.0, 349.7)(1063.0, 349.7)(1063.0, 365.2)(922.0, 365.2)(922.0, 220.2);GATE
Port:(1068.0, 230.2)(1072.0, 230.2)(1072.0, 335.2)(1068.0, 335.2);SD
Module:M47
Boundary:(1104.6, 193.7)(1180.6, 193.7)(1180.6, 201.7)(1195.6, 201.7)(1195.6, 375.7)(1104.6, 375.7);GATE
Port:(1119.1, 365.7)(1181.1, 365.7)(1181.1, 375.7)(1119.1, 375.7);SD
Port:(1104.6, 193.7)(1180.6, 193.7)(1180.6, 201.7)(1195.6, 201.7)(1195.6, 360.7)(1104.6, 360.7);GATE
Port:(1114.6, 198.7)(1165.6, 198.7)(1165.6, 202.7)(1114.6, 202.7);SD
Module:M22
Boundary:(367.0, 249.5)(367.0, 379.0)(353.0, 379.0)(353.0, 394.5)(178.0, 394.5)(178.0, 249.5);GATE
Port:(178.0, 264.0)(188.0, 264.0)(188.0, 380.0)(178.0, 380.0);SD
Port:(367.0, 249.5)(367.0, 379.0)(353.0, 379.0)(353.0, 394.5)(193.0, 394.5)(193.0, 249.5);GATE
Port:(358.0, 259.5)(362.0, 259.5)(362.0, 364.5)(358.0, 364.5);SD
Module:M27
Boundary:(1279.8, 277.0)(1373.2, 277.0)(1373.2, 287.0)(1388.8, 287.0)(1388.8, 418.0)(1279.8, 418.0);GATE
Port:(1294.2, 408.0)(1374.2, 408.0)(1374.2, 418.0)(1294.2, 418.0);SD
Port:(1279.8, 277.0)(1373.2, 277.0)(1373.2, 287.0)(1388.8, 287.0)(1388.8, 403.0)(1279.8, 403.0);GATE
Port:(1289.8, 282.0)(1358.8, 282.0)(1358.8, 286.0)(1289.8, 286.0);SD
Module:M12
Boundary:(611.8, 351.4)(611.8, 424.4)(439.8, 424.4)(439.8, 351.4);GATE
Port:(439.8, 365.9)(449.8, 365.9)(449.8, 409.9)(439.8, 409.9);SD
Port:(611.8, 351.4)(611.8, 424.4)(454.8, 424.4)(454.8, 351.4);GATE
Port:(602.8, 361.4)(606.8, 361.4)(606.8, 414.4)(602.8, 414.4);SD
Module:M6
Boundary:(47.5, 321.9)(123.5, 321.9)(123.5, 329.9)(138.5, 329.9)(138.5, 515.9)(47.5, 515.9);GATE
Port:(62.0, 505.9)(124.0, 505.9)(124.0, 515.9)(62.0, 515.9);SD
Port:(47.5, 321.9)(123.5, 321.9)(123.5, 329.9)(138.5, 329.9)(138.5, 500.9)(47.5, 500.9);GATE
Port:(57.5, 326.9)(108.5, 326.9)(108.5, 330.9)(57.5, 330.9);SD
Module:M41
Boundary:(662.0, 337.4)(735.0, 337.4)(735.0, 502.4)(662.0, 502.4);GATE
Port:(676.5, 492.4)(720.5, 492.4)(720.5, 502.4)(676.5, 502.4);SD
Port:(662.0, 337.4)(735.0, 337.4)(735.0, 487.4)(662.0, 487.4);GATE
Port:(672.0, 342.4)(725.0, 342.4)(725.0, 346.4)(672.0, 346.4);SD
Module:M43
Boundary:(822.4, 379.1)(822.4, 508.6)(786.9, 508.6)(786.9, 560.1)(746.4, 560.1)(746.4, 379.1);GATE
Port:(746.4, 393.6)(756.4, 393.6)(756.4, 545.6)(746.4, 545.6);SD
Port:(822.4, 379.1)(822.4, 508.6)(786.9, 508.6)(786.9, 560.1)(761.4, 560.1)(761.4, 379.1);GATE
Port:(813.4, 389.1)(817.4, 389.1)(817.4, 494.1)(813.4, 494.1);SD
Module:M5
Boundary:(833.4, 390.0)(944.9, 390.0)(944.9, 447.8)(1032.4, 447.8)(1032.4, 556.0)(833.4, 556.0);GATE
Port:(847.9, 546.0)(1017.9, 546.0)(1017.9, 556.0)(847.9, 556.0);SD
Port:(833.4, 390.0)(944.9, 390.0)(944.9, 447.8)(1032.4, 447.8)(1032.4, 541.0)(833.4, 541.0);GATE
Port:(843.4, 395.0)(930.4, 395.0)(930.4, 399.0)(843.4, 399.0);SD
Module:M49
Boundary:(1116.0, 391.0)(1192.0, 391.0)(1192.0, 399.0)(1207.0, 399.0)(1207.0, 587.0)(1116.0, 587.0);GATE
Port:(1130.5, 577.0)(1192.5, 577.0)(1192.5, 587.0)(1130.5, 587.0);SD
Port:(1116.0, 391.0)(1192.0, 391.0)(1192.0, 399.0)(1207.0, 399.0)(1207.0, 572.0)(1116.0, 572.0);GATE
Port:(1126.0, 396.0)(1177.0, 396.0)(1177.0, 400.0)(1126.0, 400.0);SD
Module:M16
Boundary:(1238.9, 403.9)(1368.4, 403.9)(1368.4, 418.0)(1383.9, 418.0)(1383.9, 564.9)(1238.9, 564.9);GATE
Port:(1253.4, 554.9)(1369.4, 554.9)(1369.4, 564.9)(1253.4, 564.9);SD
Port:(1238.9, 403.9)(1368.4, 403.9)(1368.4, 418.0)(1383.9, 418.0)(1383.9, 549.9)(1238.9, 549.9);GATE
Port:(1248.9, 408.9)(1353.9, 408.9)(1353.9, 412.9)(1248.9, 412.9);SD
Module:M39
Boundary:(688.0, 503.7)(688.0, 597.2)(667.5, 597.2)(667.5, 630.7)(627.0, 630.7)(627.0, 503.7);GATE
Port:(627.0, 518.2)(637.0, 518.2)(637.0, 616.2)(627.0, 616.2);SD
Port:(688.0, 503.7)(688.0, 597.2)(667.5, 597.2)(667.5, 630.7)(642.0, 630.7)(642.0, 503.7);GATE
Port:(679.0, 513.7)(683.0, 513.7)(683.0, 582.7)(679.0, 582.7);SD
Module:M17
Boundary:(380.1, 404.5)(437.6, 404.5)(437.6, 478.3)(597.1, 478.3)(597.1, 596.5)(380.1, 596.5);GATE
Port:(394.6, 586.5)(582.6, 586.5)(582.6, 596.5)(394.6, 596.5);SD
Port:(380.1, 404.5)(437.6, 404.5)(437.6, 478.3)(597.1, 478.3)(597.1, 581.5)(380.1, 581.5);GATE
Port:(390.1, 409.5)(423.1, 409.5)(423.1, 413.5)(390.1, 413.5);SD
Module:M46
Boundary:(695.2, 578.9)(842.7, 578.9)(842.7, 594.8)(858.2, 594.8)(858.2, 642.9)(695.2, 642.9);GATE
Port:(709.7, 632.9)(843.7, 632.9)(843.7, 642.9)(709.7, 642.9);SD
Port:(695.2, 578.9)(842.7, 578.9)(842.7, 594.8)(858.2, 594.8)(858.2, 627.9)(695.2, 627.9);GATE
Port:(705.2, 583.9)(828.2, 583.9)(828.2, 587.9)(705.2, 587.9);SD
Module:M45
Boundary:(418.7, 436.5)(418.7, 566.0)(332.7, 566.0)(332.7, 671.5)(289.7, 671.5)(289.7, 436.5);GATE
Port:(289.7, 451.0)(299.7, 451.0)(299.7, 657.0)(289.7, 657.0);SD
Port:(418.7, 436.5)(418.7, 566.0)(332.7, 566.0)(332.7, 671.5)(304.7, 671.5)(304.7, 436.5);GATE
Port:(409.7, 446.5)(413.7, 446.5)(413.7, 551.5)(409.7, 551.5);SD
Module:M32
Boundary:(929.3, 604.3)(1002.3, 604.3)(1002.3, 680.3)(929.3, 680.3);GATE
Port:(943.8, 670.3)(987.8, 670.3)(987.8, 680.3)(943.8, 680.3);SD
Port:(929.3, 604.3)(1002.3, 604.3)(1002.3, 665.3)(929.3, 665.3);GATE
Port:(939.3, 609.3)(992.3, 609.3)(992.3, 613.3)(939.3, 613.3);SD
Module:M29
Boundary:(69.1, 516.1)(145.1, 516.1)(145.1, 524.1)(160.1, 524.1)(160.1, 711.1)(69.1, 711.1);GATE
Port:(83.6, 701.1)(145.6, 701.1)(145.6, 711.1)(83.6, 711.1);SD
Port:(69.1, 516.1)(145.1, 516.1)(145.1, 524.1)(160.1, 524.1)(160.1, 696.1)(69.1, 696.1);GATE
Port:(79.1, 521.1)(130.1, 521.1)(130.1, 525.1)(79.1, 525.1);SD
Module:M19
Boundary:(690.7, 685.0)(820.2, 685.0)(820.2, 701.0)(835.7, 701.0)(835.7, 751.0)(690.7, 751.0);GATE
Port:(705.2, 741.0)(821.2, 741.0)(821.2, 751.0)(705.2, 751.0);SD
Port:(690.7, 685.0)(820.2, 685.0)(820.2, 701.0)(835.7, 701.0)(835.7, 736.0)(690.7, 736.0);GATE
Port:(700.7, 690.0)(805.7, 690.0)(805.7, 694.0)(700.7, 694.0);SD
Module:M21
Boundary:(1062.3, 623.8)(1135.3, 623.8)(1135.3, 766.8)(1062.3, 766.8);GATE
Port:(1076.8, 756.8)(1120.8, 756.8)(1120.8, 766.8)(1076.8, 766.8);SD
Port:(1062.3, 623.8)(1135.3, 623.8)(1135.3, 751.8)(1062.3, 751.8);GATE
Port:(1072.3, 628.8)(1125.3, 628.8)(1125.3, 632.8)(1072.3, 632.8);SD
Module:M26
Boundary:(581.3, 665.9)(710.8, 665.9)(710.8, 692.0)(762.3, 692.0)(762.3, 757.9)(581.3, 757.9);GATE
Port:(595.8, 747.9)(747.8, 747.9)(747.8, 757.9)(595.8, 757.9);SD
Port:(581.3, 665.9)(710.8, 665.9)(710.8, 692.0)(762.3, 692.0)(762.3, 742.9)(581.3, 742.9);GATE
Port:(591.3, 670.9)(696.3, 670.9)(696.3, 674.9)(591.3, 674.9);SD
Module:M33
Boundary:(1204.7, 588.9)(1277.7, 588.9)(1277.7, 754.9)(1204.7, 754.9);GATE
Port:(1219.2, 744.9)(1263.2, 744.9)(1263.2, 754.9)(1219.2, 754.9);SD
Port:(1204.7, 588.9)(1277.7, 588.9)(1277.7, 739.9)(1204.7, 739.9);GATE
Port:(1214.7, 593.9)(1267.7, 593.9)(1267.7, 597.9)(1214.7, 597.9);SD
Module:M36
Boundary:(1305.1, 605.8)(1378.1, 605.8)(1378.1, 784.8)(1305.1, 784.8);GATE
Port:(1319.6, 774.8)(1363.6, 774.8)(1363.6, 784.8)(1319.6, 784.8);SD
Port:(1305.1, 605.8)(1378.1, 605.8)(1378.1, 769.8)(1305.1, 769.8);GATE
Port:(1315.1, 610.8)(1368.1, 610.8)(1368.1, 614.8)(1315.1, 614.8);SD
Module:M13
Boundary:(404.0, 671.6)(404.0, 765.1)(368.8, 765.1)(368.8, 816.6)(281.0, 816.6)(281.0, 671.6);GATE
Port:(281.0, 686.1)(291.0, 686.1)(291.0, 802.1)(281.0, 802.1);SD
Port:(404.0, 671.6)(404.0, 765.1)(368.8, 765.1)(368.8, 816.6)(296.0, 816.6)(296.0, 671.6);GATE
Port:(395.0, 681.6)(399.0, 681.6)(399.0, 750.6)(395.0, 750.6);SD
Module:M30
Boundary:(82.4, 723.2)(211.9, 723.2)(211.9, 737.2)(227.4, 737.2)(227.4, 865.2)(82.4, 865.2);GATE
Port:(96.9, 855.2)(212.9, 855.2)(212.9, 865.2)(96.9, 865.2);SD
Port:(82.4, 723.2)(211.9, 723.2)(211.9, 737.2)(227.4, 737.2)(227.4, 850.2)(82.4, 850.2);GATE
Port:(92.4, 728.2)(197.4, 728.2)(197.4, 732.2)(92.4, 732.2);SD
Module:M8
Boundary:(501.6, 689.5)(501.6, 837.0)(461.4, 837.0)(461.4, 870.5)(407.6, 870.5)(407.6, 689.5);GATE
Port:(407.6, 704.0)(417.6, 704.0)(417.6, 856.0)(407.6, 856.0);SD
Port:(501.6, 689.5)(501.6, 837.0)(461.4, 837.0)(461.4, 870.5)(422.6, 870.5)(422.6, 689.5);GATE
Port:(492.6, 699.5)(496.6, 699.5)(496.6, 822.5)(492.6, 822.5);SD
Module:M42
Boundary:(735.4, 811.6)(735.4, 887.6)(727.3, 887.6)(727.3, 902.6)(554.4, 902.6)(554.4, 811.6);GATE
Port:(554.4, 826.1)(564.4, 826.1)(564.4, 888.1)(554.4, 888.1);SD
Port:(735.4, 811.6)(735.4, 887.6)(727.3, 887.6)(727.3, 902.6)(569.4, 902.6)(569.4, 811.6);GATE
Port:(726.4, 821.6)(730.4, 821.6)(730.4, 872.6)(726.4, 872.6);SD
Module:M48
Boundary:(893.4, 708.6)(986.9, 708.6)(986.9, 718.6)(1002.4, 718.6)(1002.4, 907.6)(893.4, 907.6);GATE
Port:(907.9, 897.6)(987.9, 897.6)(987.9, 907.6)(907.9, 907.6);SD
Port:(893.4, 708.6)(986.9, 708.6)(986.9, 718.6)(1002.4, 718.6)(1002.4, 892.6)(893.4, 892.6);GATE
Port:(903.4, 713.6)(972.4, 713.6)(972.4, 717.6)(903.4, 717.6);SD
Module:M2
Boundary:(718.6, 737.1)(812.1, 737.1)(812.1, 774.0)(863.6, 774.0)(863.6, 865.1)(718.6, 865.1);GATE
Port:(733.1, 855.1)(849.1, 855.1)(849.1, 865.1)(733.1, 865.1);SD
Port:(718.6, 737.1)(812.1, 737.1)(812.1, 774.0)(863.6, 774.0)(863.6, 850.1)(718.6, 850.1);GATE
Port:(728.6, 742.1)(797.6, 742.1)(797.6, 746.1)(728.6, 746.1);SD
Module:M11
Boundary:(1152.0, 770.4)(1152.0, 863.9)(1126.4, 863.9)(1126.4, 897.4)(1081.0, 897.4)(1081.0, 770.4);GATE
Port:(1081.0, 784.9)(1091.0, 784.9)(1091.0, 882.9)(1081.0, 882.9);SD
Port:(1152.0, 770.4)(1152.0, 863.9)(1126.4, 863.9)(1126.4, 897.4)(1096.0, 897.4)(1096.0, 770.4);GATE
Port:(1143.0, 780.4)(1147.0, 780.4)(1147.0, 849.4)(1143.0, 849.4);SD
Module:M44
Boundary:(1173.1, 776.4)(1246.1, 776.4)(1246.1, 867.4)(1173.1, 867.4);GATE
Port:(1187.6, 857.4)(1231.6, 857.4)(1231.6, 867.4)(1187.6, 867.4);SD
Port:(1173.1, 776.4)(1246.1, 776.4)(1246.1, 852.4)(1173.1, 852.4);GATE
Port:(1183.1, 781.4)(1236.1, 781.4)(1236.1, 785.4)(1183.1, 785.4);SD
Module:M3
Boundary:(1400.2, 815.2)(1400.2, 962.7)(1384.2, 962.7)(1384.2, 978.2)(1326.2, 978.2)(1326.2, 815.2);GATE
Port:(1326.2, 829.7)(1336.2, 829.7)(1336.2, 963.7)(1326.2, 963.7);SD
Port:(1400.2, 815.2)(1400.2, 962.7)(1384.2, 962.7)(1384.2, 978.2)(1341.2, 978.2)(1341.2, 815.2);GATE
Port:(1391.2, 825.2)(1395.2, 825.2)(1395.2, 948.2)(1391.2, 948.2);SD
Module:M24
Boundary:(1207.0, 969.4)(1280.0, 969.4)(1280.0, 1032.4)(1207.0, 1032.4);GATE
Port:(1221.5, 1022.4)(1265.5, 1022.4)(1265.5, 1032.4)(1221.5, 1032.4);SD
Port:(1207.0, 969.4)(1280.0, 969.4)(1280.0, 1017.4)(1207.0, 1017.4);GATE
Port:(1217.0, 974.4)(1270.0, 974.4)(1270.0, 978.4)(1217.0, 978.4);SD
Module:M20
Boundary:(464.6, 930.7)(594.0, 930.7)(594.0, 970.7)(681.5, 970.7)(681.5, 1021.7)(464.6, 1021.7);GATE
Port:(479.1, 1011.7)(667.0, 1011.7)(667.0, 1021.7)(479.1, 1021.7);SD
Port:(464.6, 930.7)(594.0, 930.7)(594.0, 970.7)(681.5, 970.7)(681.5, 1006.7)(464.6, 1006.7);GATE
Port:(474.6, 935.7)(579.5, 935.7)(579.5, 939.7)(474.6, 939.7);SD
Module:M25
Boundary:(685.1, 952.9)(778.6, 952.9)(778.6, 962.9)(794.1, 962.9)(794.1, 1038.9)(685.1, 1038.9);GATE
Port:(699.6, 1028.9)(779.6, 1028.9)(779.6, 1038.9)(699.6, 1038.9);SD
Port:(685.1, 952.9)(778.6, 952.9)(778.6, 962.9)(794.1, 962.9)(794.1, 1023.9)(685.1, 1023.9);GATE
Port:(695.1, 957.9)(764.1, 957.9)(764.1, 961.9)(695.1, 961.9);SD
Module:M18
Boundary:(794.2, 963.3)(941.7, 963.3)(941.7, 1000.0)(975.2, 1000.0)(975.2, 1050.3)(794.2, 1050.3);GATE
Port:(808.7, 1040.3)(960.7, 1040.3)(960.7, 1050.3)(808.7, 1050.3);SD
Port:(794.2, 963.3)(941.7, 963.3)(941.7, 1000.0)(975.2, 1000.0)(975.2, 1035.3)(794.2, 1035.3);GATE
Port:(804.2, 968.3)(927.2, 968.3)(927.2, 972.3)(804.2, 972.3);SD
Module:M9
Boundary:(447.3, 874.2)(447.3, 985.7)(435.3, 985.7)(435.3, 1001.2)(256.3, 1001.2)(256.3, 874.2);GATE
Port:(256.3, 888.7)(266.3, 888.7)(266.3, 986.7)(256.3, 986.7);SD
Port:(447.3, 874.2)(447.3, 985.7)(435.3, 985.7)(435.3, 1001.2)(271.3, 1001.2)(271.3, 874.2);GATE
Port:(438.3, 884.2)(442.3, 884.2)(442.3, 971.2)(438.3, 971.2);SD
Module:M35
Boundary:(240.0, 876.2)(240.0, 1005.7)(226.0, 1005.7)(226.0, 1021.2)(99.0, 1021.2)(99.0, 876.2);GATE
Port:(99.0, 890.7)(109.0, 890.7)(109.0, 1006.7)(99.0, 1006.7);SD
Port:(240.0, 876.2)(240.0, 1005.7)(226.0, 1005.7)(226.0, 1021.2)(114.0, 1021.2)(114.0, 876.2);GATE
Port:(231.0, 886.2)(235.0, 886.2)(235.0, 991.2)(231.0, 991.2);SD
Module:M28
Boundary:(1003.7, 963.5)(1097.2, 963.5)(1097.2, 973.5)(1112.7, 973.5)(1112.7, 1049.5)(1003.7, 1049.5);GATE
Port:(1018.2, 1039.5)(1098.2, 1039.5)(1098.2, 1049.5)(1018.2, 1049.5);SD
Port:(1003.7, 963.5)(1097.2, 963.5)(1097.2, 973.5)(1112.7, 973.5)(1112.7, 1034.5)(1003.7, 1034.5);GATE
Port:(1013.7, 968.5)(1082.7, 968.5)(1082.7, 972.5)(1013.7, 972.5);SD
