Area:(-20.0, -20.0)(474.9, -20.0)(474.9, 263.0)(-20.0, 263.0)
Rule:GATE(5,5);SD(5,5);GATE_SD(0.5);GATE_ITO(0.5);SD_ITO(0.5)
Module:M5
Boundary:(434.9, 151.5)(434.9, 206.2)(229.8, 206.2)(229.8, 151.5);GATE
Port:(229.8, 166.7)(234.6, 166.7)(234.6, 191.0)(229.8, 191.0);SD
Port:(434.9, 151.5)(434.9, 206.2)(236.3, 206.2)(236.3, 151.5);GATE
Port:(422.9, 158.1)(429.3, 158.1)(429.3, 199.6)(422.9, 199.6);SD
Module:M1
Boundary:(189.8, 144.9)(189.8, 207.9)(189.4, 207.9)(189.4, 223.0)(20.0, 223.0)(20.0, 144.9);GATE
Port:(20.0, 158.2)(24.9, 158.2)(24.9, 209.7)(20.0, 209.7);SD
Port:(189.8, 144.9)(189.8, 207.9)(189.4, 207.9)(189.4, 223.0)(27.1, 223.0)(27.1, 144.9);GATE
Port:(179.4, 150.9)(184.8, 150.9)(184.8, 201.9)(179.4, 201.9);SD
Module:M2
Boundary:(398.4, 20.0)(398.4, 97.7)(352.7, 97.7)(352.7, 111.5)(260.0, 111.5)(260.0, 20.0);GATE
Port:(260.0, 32.7)(265.7, 32.7)(265.7, 98.8)(260.0, 98.8);SD
Port:(398.4, 20.0)(398.4, 97.7)(352.7, 97.7)(352.7, 111.5)(267.4, 111.5)(267.4, 20.0);GATE
Port:(387.3, 26.1)(393.3, 26.1)(393.3, 90.6)(387.3, 90.6);SD
Module:M3
Boundary:(166.0, 20.0)(202.3, 20.0)(202.3, 20.1)(220.0, 20.1)(220.0, 104.7)(166.0, 104.7);GATE
Port:(180.6, 99.1)(205.4, 99.1)(205.4, 104.7)(180.6, 104.7);SD
Port:(166.0, 20.0)(202.3, 20.0)(202.3, 20.1)(220.0, 20.1)(220.0, 96.5)(166.0, 96.5);GATE
Port:(172.9, 25.9)(195.4, 25.9)(195.4, 31.2)(172.9, 31.2);SD
Module:M4
Boundary:(126.0, 20.0)(126.0, 88.7)(109.3, 88.7)(109.3, 104.9)(20.0, 104.9)(20.0, 20.0);GATE
Port:(20.0, 33.1)(24.0, 33.1)(24.0, 91.8)(20.0, 91.8);SD
Port:(126.0, 20.0)(126.0, 88.7)(109.3, 88.7)(109.3, 104.9)(25.8, 104.9)(25.8, 20.0);GATE
Port:(115.5, 25.4)(121.6, 25.4)(121.6, 82.3)(115.5, 82.3);SD
