Area:(-20.0, -20.0)(388.0, -20.0)(388.0, 951.0)(-20.0, 951.0)
Rule:GATE(5,5);SD(5,5);GATE_SD(0.5);GATE_ITO(0.5);SD_ITO(0.5)
Module:M9
Boundary:(347.0, 20.0)(347.0, 96.0)(339.0, 96.0)(339.0, 111.0)(187.0, 111.0)(187.0, 20.0);GATE
Port:(187.0, 34.5)(197.0, 34.5)(197.0, 96.5)(187.0, 96.5);SD
Port:(347.0, 20.0)(347.0, 96.0)(339.0, 96.0)(339.0, 111.0)(202.0, 111.0)(202.0, 20.0);GATE
Port:(338.0, 30.0)(342.0, 30.0)(342.0, 81.0)(338.0, 81.0);SD
Module:M5
Boundary:(105.0, 376.0)(105.0, 469.5)(95.0, 469.5)(95.0, 485.0)(30.0, 485.0)(30.0, 376.0);GATE
Port:(30.0, 390.5)(40.0, 390.5)(40.0, 470.5)(30.0, 470.5);SD
Port:(105.0, 376.0)(105.0, 469.5)(95.0, 469.5)(95.0, 485.0)(45.0, 485.0)(45.0, 376.0);GATE
Port:(96.0, 386.0)(100.0, 386.0)(100.0, 455.0)(96.0, 455.0);SD
Module:M1
Boundary:(342.0, 366.0)(342.0, 459.5)(285.5, 459.5)(285.5, 511.0)(155.0, 511.0)(155.0, 366.0);GATE
Port:(155.0, 380.5)(165.0, 380.5)(165.0, 496.5)(155.0, 496.5);SD
Port:(342.0, 366.0)(342.0, 459.5)(285.5, 459.5)(285.5, 511.0)(170.0, 511.0)(170.0, 366.0);GATE
Port:(333.0, 376.0)(337.0, 376.0)(337.0, 445.0)(333.0, 445.0);SD
Module:M6
Boundary:(20.0, 20.0)(131.5, 20.0)(131.5, 32.0)(147.0, 32.0)(147.0, 136.0)(20.0, 136.0);GATE
Port:(34.5, 126.0)(132.5, 126.0)(132.5, 136.0)(34.5, 136.0);SD
Port:(20.0, 20.0)(131.5, 20.0)(131.5, 32.0)(147.0, 32.0)(147.0, 121.0)(20.0, 121.0);GATE
Port:(30.0, 25.0)(117.0, 25.0)(117.0, 29.0)(30.0, 29.0);SD
Module:M2
Boundary:(20.0, 176.0)(149.5, 176.0)(149.5, 261.0)(201.0, 261.0)(201.0, 326.0)(20.0, 326.0);GATE
Port:(34.5, 316.0)(186.5, 316.0)(186.5, 326.0)(34.5, 326.0);SD
Port:(20.0, 176.0)(149.5, 176.0)(149.5, 261.0)(201.0, 261.0)(201.0, 311.0)(20.0, 311.0);GATE
Port:(30.0, 181.0)(135.0, 181.0)(135.0, 185.0)(30.0, 185.0);SD
Module:M10
Boundary:(131.0, 793.0)(131.0, 886.5)(121.0, 886.5)(121.0, 902.0)(30.0, 902.0)(30.0, 793.0);GATE
Port:(30.0, 807.5)(40.0, 807.5)(40.0, 887.5)(30.0, 887.5);SD
Port:(131.0, 793.0)(131.0, 886.5)(121.0, 886.5)(121.0, 902.0)(45.0, 902.0)(45.0, 793.0);GATE
Port:(122.0, 803.0)(126.0, 803.0)(126.0, 872.0)(122.0, 872.0);SD
Module:M7
Boundary:(181.0, 736.0)(328.5, 736.0)(328.5, 752.0)(344.0, 752.0)(344.0, 911.0)(181.0, 911.0);GATE
Port:(195.5, 901.0)(329.5, 901.0)(329.5, 911.0)(195.5, 911.0);SD
Port:(181.0, 736.0)(328.5, 736.0)(328.5, 752.0)(344.0, 752.0)(344.0, 896.0)(181.0, 896.0);GATE
Port:(191.0, 741.0)(314.0, 741.0)(314.0, 745.0)(191.0, 745.0);SD
Module:M3
Boundary:(348.0, 551.0)(348.0, 680.5)(328.0, 680.5)(328.0, 696.0)(169.0, 696.0)(169.0, 551.0);GATE
Port:(169.0, 565.5)(179.0, 565.5)(179.0, 681.5)(169.0, 681.5);SD
Port:(348.0, 551.0)(348.0, 680.5)(328.0, 680.5)(328.0, 696.0)(184.0, 696.0)(184.0, 551.0);GATE
Port:(339.0, 561.0)(343.0, 561.0)(343.0, 666.0)(339.0, 666.0);SD
Module:M8
Boundary:(20.0, 551.0)(113.5, 551.0)(113.5, 561.0)(129.0, 561.0)(129.0, 743.0)(20.0, 743.0);GATE
Port:(34.5, 733.0)(114.5, 733.0)(114.5, 743.0)(34.5, 743.0);SD
Port:(20.0, 551.0)(113.5, 551.0)(113.5, 561.0)(129.0, 561.0)(129.0, 728.0)(20.0, 728.0);GATE
Port:(30.0, 556.0)(99.0, 556.0)(99.0, 560.0)(30.0, 560.0);SD
Module:M4
Boundary:(345.0, 151.0)(345.0, 298.5)(329.0, 298.5)(329.0, 314.0)(241.0, 314.0)(241.0, 151.0);GATE
Port:(241.0, 165.5)(251.0, 165.5)(251.0, 299.5)(241.0, 299.5);SD
Port:(345.0, 151.0)(345.0, 298.5)(329.0, 298.5)(329.0, 314.0)(256.0, 314.0)(256.0, 151.0);GATE
Port:(336.0, 161.0)(340.0, 161.0)(340.0, 284.0)(336.0, 284.0);SD
