Area:(-20.0, -20.0)(1887.0, -20.0)(1887.0, 938.0)(-20.0, 938.0)
Rule:GATE(5,5);SD(5,5);GATE_SD(0.5);GATE_ITO(0.5);SD_ITO(0.5)
Module:M49
Boundary:(171.0, 733.0)(171.0, 880.5)(155.0, 880.5)(155.0, 896.0)(20.0, 896.0)(20.0, 733.0);GATE
Port:(20.0, 747.5)(30.0, 747.5)(30.0, 881.5)(20.0, 881.5);SD
Port:(171.0, 733.0)(171.0, 880.5)(155.0, 880.5)(155.0, 896.0)(35.0, 896.0)(35.0, 733.0);GATE
Port:(162.0, 743.0)(166.0, 743.0)(166.0, 866.0)(162.0, 866.0);SD
Module:M14
Boundary:(1395.0, 502.0)(1395.0, 631.5)(1265.0, 631.5)(1265.0, 755.0)(1217.0, 755.0)(1217.0, 502.0);GATE
Port:(1217.0, 516.5)(1227.0, 516.5)(1227.0, 740.5)(1217.0, 740.5);SD
Port:(1395.0, 502.0)(1395.0, 631.5)(1265.0, 631.5)(1265.0, 755.0)(1232.0, 755.0)(1232.0, 502.0);GATE
Port:(1386.0, 512.0)(1390.0, 512.0)(1390.0, 617.0)(1386.0, 617.0);SD
Module:M9
Boundary:(412.0, 209.0)(469.5, 209.0)(469.5, 277.1)(629.0, 277.1)(629.0, 339.0)(412.0, 339.0);GATE
Port:(426.5, 329.0)(614.5, 329.0)(614.5, 339.0)(426.5, 339.0);SD
Port:(412.0, 209.0)(469.5, 209.0)(469.5, 277.1)(629.0, 277.1)(629.0, 324.0)(412.0, 324.0);GATE
Port:(422.0, 214.0)(455.0, 214.0)(455.0, 218.0)(422.0, 218.0);SD
Module:M5
Boundary:(412.0, 379.0)(487.5, 379.0)(487.5, 462.3)(557.0, 462.3)(557.0, 570.0)(412.0, 570.0);GATE
Port:(426.5, 560.0)(542.5, 560.0)(542.5, 570.0)(426.5, 570.0);SD
Port:(412.0, 379.0)(487.5, 379.0)(487.5, 462.3)(557.0, 462.3)(557.0, 555.0)(412.0, 555.0);GATE
Port:(422.0, 384.0)(473.0, 384.0)(473.0, 388.0)(422.0, 388.0);SD
Module:M46
Boundary:(20.0, 612.0)(149.5, 612.0)(149.5, 626.0)(165.0, 626.0)(165.0, 692.0)(20.0, 692.0);GATE
Port:(34.5, 682.0)(150.5, 682.0)(150.5, 692.0)(34.5, 692.0);SD
Port:(20.0, 612.0)(149.5, 612.0)(149.5, 626.0)(165.0, 626.0)(165.0, 677.0)(20.0, 677.0);GATE
Port:(30.0, 617.0)(135.0, 617.0)(135.0, 621.0)(30.0, 621.0);SD
Module:M11
Boundary:(20.0, 265.0)(149.5, 265.0)(149.5, 280.0)(165.0, 280.0)(165.0, 385.0)(20.0, 385.0);GATE
Port:(34.5, 375.0)(150.5, 375.0)(150.5, 385.0)(34.5, 385.0);SD
Port:(20.0, 265.0)(149.5, 265.0)(149.5, 280.0)(165.0, 280.0)(165.0, 370.0)(20.0, 370.0);GATE
Port:(30.0, 270.0)(135.0, 270.0)(135.0, 274.0)(30.0, 274.0);SD
Module:M1
Boundary:(1181.0, 20.0)(1181.0, 93.0)(1057.0, 93.0)(1057.0, 20.0);GATE
Port:(1057.0, 34.5)(1067.0, 34.5)(1067.0, 78.5)(1057.0, 78.5);SD
Port:(1181.0, 20.0)(1181.0, 93.0)(1072.0, 93.0)(1072.0, 20.0);GATE
Port:(1172.0, 30.0)(1176.0, 30.0)(1176.0, 83.0)(1172.0, 83.0);SD
Module:M43
Boundary:(1645.0, 318.0)(1645.0, 411.5)(1635.0, 411.5)(1635.0, 427.0)(1447.0, 427.0)(1447.0, 318.0);GATE
Port:(1447.0, 332.5)(1457.0, 332.5)(1457.0, 412.5)(1447.0, 412.5);SD
Port:(1645.0, 318.0)(1645.0, 411.5)(1635.0, 411.5)(1635.0, 427.0)(1462.0, 427.0)(1462.0, 318.0);GATE
Port:(1636.0, 328.0)(1640.0, 328.0)(1640.0, 397.0)(1636.0, 397.0);SD
Module:M38
Boundary:(435.0, 789.0)(528.5, 789.0)(528.5, 826.2)(562.0, 826.2)(562.0, 883.0)(435.0, 883.0);GATE
Port:(449.5, 873.0)(547.5, 873.0)(547.5, 883.0)(449.5, 883.0);SD
Port:(435.0, 789.0)(528.5, 789.0)(528.5, 826.2)(562.0, 826.2)(562.0, 868.0)(435.0, 868.0);GATE
Port:(445.0, 794.0)(514.0, 794.0)(514.0, 798.0)(445.0, 798.0);SD
Module:M40
Boundary:(1685.0, 344.0)(1814.5, 344.0)(1814.5, 358.0)(1830.0, 358.0)(1830.0, 434.0)(1685.0, 434.0);GATE
Port:(1699.5, 424.0)(1815.5, 424.0)(1815.5, 434.0)(1699.5, 434.0);SD
Port:(1685.0, 344.0)(1814.5, 344.0)(1814.5, 358.0)(1830.0, 358.0)(1830.0, 419.0)(1685.0, 419.0);GATE
Port:(1695.0, 349.0)(1800.0, 349.0)(1800.0, 353.0)(1695.0, 353.0);SD
Module:M35
Boundary:(1017.0, 20.0)(1017.0, 149.5)(937.3, 149.5)(937.3, 273.0)(879.0, 273.0)(879.0, 20.0);GATE
Port:(879.0, 34.5)(889.0, 34.5)(889.0, 258.5)(879.0, 258.5);SD
Port:(1017.0, 20.0)(1017.0, 149.5)(937.3, 149.5)(937.3, 273.0)(894.0, 273.0)(894.0, 20.0);GATE
Port:(1008.0, 30.0)(1012.0, 30.0)(1012.0, 135.0)(1008.0, 135.0);SD
Module:M32
Boundary:(1145.0, 366.0)(1145.0, 513.5)(1129.0, 513.5)(1129.0, 529.0)(1055.0, 529.0)(1055.0, 366.0);GATE
Port:(1055.0, 380.5)(1065.0, 380.5)(1065.0, 514.5)(1055.0, 514.5);SD
Port:(1145.0, 366.0)(1145.0, 513.5)(1129.0, 513.5)(1129.0, 529.0)(1070.0, 529.0)(1070.0, 366.0);GATE
Port:(1136.0, 376.0)(1140.0, 376.0)(1140.0, 499.0)(1136.0, 499.0);SD
Module:M27
Boundary:(860.0, 313.0)(989.5, 313.0)(989.5, 327.0)(1005.0, 327.0)(1005.0, 422.0)(860.0, 422.0);GATE
Port:(874.5, 412.0)(990.5, 412.0)(990.5, 422.0)(874.5, 422.0);SD
Port:(860.0, 313.0)(989.5, 313.0)(989.5, 327.0)(1005.0, 327.0)(1005.0, 407.0)(860.0, 407.0);GATE
Port:(870.0, 318.0)(975.0, 318.0)(975.0, 322.0)(870.0, 322.0);SD
Module:M24
Boundary:(435.0, 620.0)(510.5, 620.0)(510.5, 649.8)(562.0, 649.8)(562.0, 729.0)(435.0, 729.0);GATE
Port:(449.5, 719.0)(547.5, 719.0)(547.5, 729.0)(449.5, 729.0);SD
Port:(435.0, 620.0)(510.5, 620.0)(510.5, 649.8)(562.0, 649.8)(562.0, 714.0)(435.0, 714.0);GATE
Port:(445.0, 625.0)(496.0, 625.0)(496.0, 629.0)(445.0, 629.0);SD
Module:M19
Boundary:(1289.0, 186.0)(1289.0, 261.5)(1270.5, 261.5)(1270.5, 313.0)(1214.0, 313.0)(1214.0, 186.0);GATE
Port:(1214.0, 200.5)(1224.0, 200.5)(1224.0, 298.5)(1214.0, 298.5);SD
Port:(1289.0, 186.0)(1289.0, 261.5)(1270.5, 261.5)(1270.5, 313.0)(1229.0, 313.0)(1229.0, 186.0);GATE
Port:(1280.0, 196.0)(1284.0, 196.0)(1284.0, 247.0)(1280.0, 247.0);SD
Module:M6
Boundary:(1554.0, 467.0)(1554.0, 560.5)(1489.0, 560.5)(1489.0, 630.0)(1441.0, 630.0)(1441.0, 467.0);GATE
Port:(1441.0, 481.5)(1451.0, 481.5)(1451.0, 615.5)(1441.0, 615.5);SD
Port:(1554.0, 467.0)(1554.0, 560.5)(1489.0, 560.5)(1489.0, 630.0)(1456.0, 630.0)(1456.0, 467.0);GATE
Port:(1545.0, 477.0)(1549.0, 477.0)(1549.0, 546.0)(1545.0, 546.0);SD
Module:M21
Boundary:(729.0, 733.0)(729.0, 862.5)(715.0, 862.5)(715.0, 878.0)(612.0, 878.0)(612.0, 733.0);GATE
Port:(612.0, 747.5)(622.0, 747.5)(622.0, 863.5)(612.0, 863.5);SD
Port:(729.0, 733.0)(729.0, 862.5)(715.0, 862.5)(715.0, 878.0)(627.0, 878.0)(627.0, 733.0);GATE
Port:(720.0, 743.0)(724.0, 743.0)(724.0, 848.0)(720.0, 848.0);SD
Module:M2
Boundary:(1217.0, 795.0)(1364.5, 795.0)(1364.5, 811.0)(1380.0, 811.0)(1380.0, 898.0)(1217.0, 898.0);GATE
Port:(1231.5, 888.0)(1365.5, 888.0)(1365.5, 898.0)(1231.5, 898.0);SD
Port:(1217.0, 795.0)(1364.5, 795.0)(1364.5, 811.0)(1380.0, 811.0)(1380.0, 883.0)(1217.0, 883.0);GATE
Port:(1227.0, 800.0)(1350.0, 800.0)(1350.0, 804.0)(1227.0, 804.0);SD
Module:M16
Boundary:(1164.0, 143.0)(1164.0, 272.5)(1123.3, 272.5)(1123.3, 306.0)(1067.0, 306.0)(1067.0, 143.0);GATE
Port:(1067.0, 157.5)(1077.0, 157.5)(1077.0, 291.5)(1067.0, 291.5);SD
Port:(1164.0, 143.0)(1164.0, 272.5)(1123.3, 272.5)(1123.3, 306.0)(1082.0, 306.0)(1082.0, 143.0);GATE
Port:(1155.0, 153.0)(1159.0, 153.0)(1159.0, 258.0)(1155.0, 258.0);SD
Module:M48
Boundary:(433.0, 20.0)(433.0, 149.5)(416.0, 149.5)(416.0, 165.0)(349.0, 165.0)(349.0, 20.0);GATE
Port:(349.0, 34.5)(359.0, 34.5)(359.0, 150.5)(349.0, 150.5);SD
Port:(433.0, 20.0)(433.0, 149.5)(416.0, 149.5)(416.0, 165.0)(364.0, 165.0)(364.0, 20.0);GATE
Port:(424.0, 30.0)(428.0, 30.0)(428.0, 135.0)(424.0, 135.0);SD
Module:M13
Boundary:(1447.0, 20.0)(1523.0, 20.0)(1523.0, 28.0)(1538.0, 28.0)(1538.0, 95.0)(1447.0, 95.0);GATE
Port:(1461.5, 85.0)(1523.5, 85.0)(1523.5, 95.0)(1461.5, 95.0);SD
Port:(1447.0, 20.0)(1523.0, 20.0)(1523.0, 28.0)(1538.0, 28.0)(1538.0, 80.0)(1447.0, 80.0);GATE
Port:(1457.0, 25.0)(1508.0, 25.0)(1508.0, 29.0)(1457.0, 29.0);SD
Module:M50
Boundary:(820.0, 253.0)(820.0, 364.5)(756.8, 364.5)(756.8, 398.0)(676.0, 398.0)(676.0, 253.0);GATE
Port:(676.0, 267.5)(686.0, 267.5)(686.0, 383.5)(676.0, 383.5);SD
Port:(820.0, 253.0)(820.0, 364.5)(756.8, 364.5)(756.8, 398.0)(691.0, 398.0)(691.0, 253.0);GATE
Port:(811.0, 263.0)(815.0, 263.0)(815.0, 350.0)(811.0, 350.0);SD
Module:M45
Boundary:(1617.0, 793.0)(1617.0, 869.0)(1609.0, 869.0)(1609.0, 884.0)(1445.0, 884.0)(1445.0, 793.0);GATE
Port:(1445.0, 807.5)(1455.0, 807.5)(1455.0, 869.5)(1445.0, 869.5);SD
Port:(1617.0, 793.0)(1617.0, 869.0)(1609.0, 869.0)(1609.0, 884.0)(1460.0, 884.0)(1460.0, 793.0);GATE
Port:(1608.0, 803.0)(1612.0, 803.0)(1612.0, 854.0)(1608.0, 854.0);SD
Module:M10
Boundary:(612.0, 605.0)(688.0, 605.0)(688.0, 613.0)(703.0, 613.0)(703.0, 693.0)(612.0, 693.0);GATE
Port:(626.5, 683.0)(688.5, 683.0)(688.5, 693.0)(626.5, 693.0);SD
Port:(612.0, 605.0)(688.0, 605.0)(688.0, 613.0)(703.0, 613.0)(703.0, 678.0)(612.0, 678.0);GATE
Port:(622.0, 610.0)(673.0, 610.0)(673.0, 614.0)(622.0, 614.0);SD
Module:M42
Boundary:(1630.0, 670.0)(1630.0, 743.0)(1441.0, 743.0)(1441.0, 670.0);GATE
Port:(1441.0, 684.5)(1451.0, 684.5)(1451.0, 728.5)(1441.0, 728.5);SD
Port:(1630.0, 670.0)(1630.0, 743.0)(1456.0, 743.0)(1456.0, 670.0);GATE
Port:(1621.0, 680.0)(1625.0, 680.0)(1625.0, 733.0)(1621.0, 733.0);SD
Module:M37
Boundary:(1401.0, 206.0)(1401.0, 282.0)(1393.0, 282.0)(1393.0, 297.0)(1334.0, 297.0)(1334.0, 206.0);GATE
Port:(1334.0, 220.5)(1344.0, 220.5)(1344.0, 282.5)(1334.0, 282.5);SD
Port:(1401.0, 206.0)(1401.0, 282.0)(1393.0, 282.0)(1393.0, 297.0)(1349.0, 297.0)(1349.0, 206.0);GATE
Port:(1392.0, 216.0)(1396.0, 216.0)(1396.0, 267.0)(1392.0, 267.0);SD
Module:M34
Boundary:(385.0, 733.0)(385.0, 880.5)(369.0, 880.5)(369.0, 896.0)(211.0, 896.0)(211.0, 733.0);GATE
Port:(211.0, 747.5)(221.0, 747.5)(221.0, 881.5)(211.0, 881.5);SD
Port:(385.0, 733.0)(385.0, 880.5)(369.0, 880.5)(369.0, 896.0)(226.0, 896.0)(226.0, 733.0);GATE
Port:(376.0, 743.0)(380.0, 743.0)(380.0, 866.0)(376.0, 866.0);SD
Module:M29
Boundary:(153.0, 435.0)(153.0, 546.5)(141.0, 546.5)(141.0, 562.0)(30.0, 562.0)(30.0, 435.0);GATE
Port:(30.0, 449.5)(40.0, 449.5)(40.0, 547.5)(30.0, 547.5);SD
Port:(153.0, 435.0)(153.0, 546.5)(141.0, 546.5)(141.0, 562.0)(45.0, 562.0)(45.0, 435.0);GATE
Port:(144.0, 445.0)(148.0, 445.0)(148.0, 532.0)(144.0, 532.0);SD
Module:M7
Boundary:(1447.0, 135.0)(1523.0, 135.0)(1523.0, 143.0)(1538.0, 143.0)(1538.0, 277.0)(1447.0, 277.0);GATE
Port:(1461.5, 267.0)(1523.5, 267.0)(1523.5, 277.0)(1461.5, 277.0);SD
Port:(1447.0, 135.0)(1523.0, 135.0)(1523.0, 143.0)(1538.0, 143.0)(1538.0, 262.0)(1447.0, 262.0);GATE
Port:(1457.0, 140.0)(1508.0, 140.0)(1508.0, 144.0)(1457.0, 144.0);SD
Module:M31
Boundary:(676.0, 20.0)(769.5, 20.0)(769.5, 104.8)(839.0, 104.8)(839.0, 213.0)(676.0, 213.0);GATE
Port:(690.5, 203.0)(824.5, 203.0)(824.5, 213.0)(690.5, 213.0);SD
Port:(676.0, 20.0)(769.5, 20.0)(769.5, 104.8)(839.0, 104.8)(839.0, 198.0)(676.0, 198.0);GATE
Port:(686.0, 25.0)(755.0, 25.0)(755.0, 29.0)(686.0, 29.0);SD
Module:M3
Boundary:(1221.0, 20.0)(1294.0, 20.0)(1294.0, 146.0)(1221.0, 146.0);GATE
Port:(1235.5, 136.0)(1279.5, 136.0)(1279.5, 146.0)(1235.5, 146.0);SD
Port:(1221.0, 20.0)(1294.0, 20.0)(1294.0, 131.0)(1221.0, 131.0);GATE
Port:(1231.0, 25.0)(1284.0, 25.0)(1284.0, 29.0)(1231.0, 29.0);SD
Module:M26
Boundary:(692.0, 438.0)(692.0, 549.5)(680.0, 549.5)(680.0, 565.0)(597.0, 565.0)(597.0, 438.0);GATE
Port:(597.0, 452.5)(607.0, 452.5)(607.0, 550.5)(597.0, 550.5);SD
Port:(692.0, 438.0)(692.0, 549.5)(680.0, 549.5)(680.0, 565.0)(612.0, 565.0)(612.0, 438.0);GATE
Port:(683.0, 448.0)(687.0, 448.0)(687.0, 535.0)(683.0, 535.0);SD
Module:M23
Boundary:(1835.0, 669.0)(1835.0, 745.0)(1827.0, 745.0)(1827.0, 760.0)(1670.0, 760.0)(1670.0, 669.0);GATE
Port:(1670.0, 683.5)(1680.0, 683.5)(1680.0, 745.5)(1670.0, 745.5);SD
Port:(1835.0, 669.0)(1835.0, 745.0)(1827.0, 745.0)(1827.0, 760.0)(1685.0, 760.0)(1685.0, 669.0);GATE
Port:(1826.0, 679.0)(1830.0, 679.0)(1830.0, 730.0)(1826.0, 730.0);SD
Module:M18
Boundary:(371.0, 458.0)(371.0, 533.5)(278.7, 533.5)(278.7, 693.0)(205.0, 693.0)(205.0, 458.0);GATE
Port:(205.0, 472.5)(215.0, 472.5)(215.0, 678.5)(205.0, 678.5);SD
Port:(371.0, 458.0)(371.0, 533.5)(278.7, 533.5)(278.7, 693.0)(220.0, 693.0)(220.0, 458.0);GATE
Port:(362.0, 468.0)(366.0, 468.0)(366.0, 519.0)(362.0, 519.0);SD
Module:M20
Boundary:(473.0, 20.0)(602.5, 20.0)(602.5, 86.7)(636.0, 86.7)(636.0, 169.0)(473.0, 169.0);GATE
Port:(487.5, 159.0)(621.5, 159.0)(621.5, 169.0)(487.5, 169.0);SD
Port:(473.0, 20.0)(602.5, 20.0)(602.5, 86.7)(636.0, 86.7)(636.0, 154.0)(473.0, 154.0);GATE
Port:(483.0, 25.0)(588.0, 25.0)(588.0, 29.0)(483.0, 29.0);SD
Module:M15
Boundary:(235.0, 215.0)(346.5, 215.0)(346.5, 227.0)(362.0, 227.0)(362.0, 408.0)(235.0, 408.0);GATE
Port:(249.5, 398.0)(347.5, 398.0)(347.5, 408.0)(249.5, 408.0);SD
Port:(235.0, 215.0)(346.5, 215.0)(346.5, 227.0)(362.0, 227.0)(362.0, 393.0)(235.0, 393.0);GATE
Port:(245.0, 220.0)(332.0, 220.0)(332.0, 224.0)(245.0, 224.0);SD
Module:M47
Boundary:(1400.0, 353.0)(1400.0, 446.5)(1390.0, 446.5)(1390.0, 462.0)(1214.0, 462.0)(1214.0, 353.0);GATE
Port:(1214.0, 367.5)(1224.0, 367.5)(1224.0, 447.5)(1214.0, 447.5);SD
Port:(1400.0, 353.0)(1400.0, 446.5)(1390.0, 446.5)(1390.0, 462.0)(1229.0, 462.0)(1229.0, 353.0);GATE
Port:(1391.0, 363.0)(1395.0, 363.0)(1395.0, 432.0)(1391.0, 432.0);SD
Module:M12
Boundary:(743.0, 462.0)(800.5, 462.0)(800.5, 549.7)(996.0, 549.7)(996.0, 650.0)(743.0, 650.0);GATE
Port:(757.5, 640.0)(981.5, 640.0)(981.5, 650.0)(757.5, 650.0);SD
Port:(743.0, 462.0)(800.5, 462.0)(800.5, 549.7)(996.0, 549.7)(996.0, 635.0)(743.0, 635.0);GATE
Port:(753.0, 467.0)(786.0, 467.0)(786.0, 471.0)(753.0, 471.0);SD
Module:M44
Boundary:(1689.0, 187.0)(1689.0, 263.0)(1681.0, 263.0)(1681.0, 278.0)(1578.0, 278.0)(1578.0, 187.0);GATE
Port:(1578.0, 201.5)(1588.0, 201.5)(1588.0, 263.5)(1578.0, 263.5);SD
Port:(1689.0, 187.0)(1689.0, 263.0)(1681.0, 263.0)(1681.0, 278.0)(1593.0, 278.0)(1593.0, 187.0);GATE
Port:(1680.0, 197.0)(1684.0, 197.0)(1684.0, 248.0)(1680.0, 248.0);SD
Module:M39
Boundary:(1159.0, 589.0)(1159.0, 662.0)(1046.0, 662.0)(1046.0, 589.0);GATE
Port:(1046.0, 603.5)(1056.0, 603.5)(1056.0, 647.5)(1046.0, 647.5);SD
Port:(1159.0, 589.0)(1159.0, 662.0)(1061.0, 662.0)(1061.0, 589.0);GATE
Port:(1150.0, 599.0)(1154.0, 599.0)(1154.0, 652.0)(1150.0, 652.0);SD
Module:M8
Boundary:(1167.0, 722.0)(1167.0, 869.5)(1151.0, 869.5)(1151.0, 885.0)(984.0, 885.0)(984.0, 722.0);GATE
Port:(984.0, 736.5)(994.0, 736.5)(994.0, 870.5)(984.0, 870.5);SD
Port:(1167.0, 722.0)(1167.0, 869.5)(1151.0, 869.5)(1151.0, 885.0)(999.0, 885.0)(999.0, 722.0);GATE
Port:(1158.0, 732.0)(1162.0, 732.0)(1162.0, 855.0)(1158.0, 855.0);SD
Module:M41
Boundary:(1719.0, 30.0)(1812.5, 30.0)(1812.5, 40.0)(1828.0, 40.0)(1828.0, 127.0)(1719.0, 127.0);GATE
Port:(1733.5, 117.0)(1813.5, 117.0)(1813.5, 127.0)(1733.5, 127.0);SD
Port:(1719.0, 30.0)(1812.5, 30.0)(1812.5, 40.0)(1828.0, 40.0)(1828.0, 112.0)(1719.0, 112.0);GATE
Port:(1729.0, 35.0)(1798.0, 35.0)(1798.0, 39.0)(1729.0, 39.0);SD
Module:M4
Boundary:(1846.0, 177.0)(1846.0, 288.5)(1832.0, 288.5)(1832.0, 304.0)(1729.0, 304.0)(1729.0, 177.0);GATE
Port:(1729.0, 191.5)(1739.0, 191.5)(1739.0, 289.5)(1729.0, 289.5);SD
Port:(1846.0, 177.0)(1846.0, 288.5)(1832.0, 288.5)(1832.0, 304.0)(1744.0, 304.0)(1744.0, 177.0);GATE
Port:(1837.0, 187.0)(1841.0, 187.0)(1841.0, 274.0)(1837.0, 274.0);SD
Module:M36
Boundary:(779.0, 700.0)(908.5, 700.0)(908.5, 714.0)(924.0, 714.0)(924.0, 887.0)(779.0, 887.0);GATE
Port:(793.5, 877.0)(909.5, 877.0)(909.5, 887.0)(793.5, 887.0);SD
Port:(779.0, 700.0)(908.5, 700.0)(908.5, 714.0)(924.0, 714.0)(924.0, 872.0)(779.0, 872.0);GATE
Port:(789.0, 705.0)(894.0, 705.0)(894.0, 709.0)(789.0, 709.0);SD
Module:M33
Boundary:(1667.0, 800.0)(1814.5, 800.0)(1814.5, 816.0)(1830.0, 816.0)(1830.0, 895.0)(1667.0, 895.0);GATE
Port:(1681.5, 885.0)(1815.5, 885.0)(1815.5, 895.0)(1681.5, 895.0);SD
Port:(1667.0, 800.0)(1814.5, 800.0)(1814.5, 816.0)(1830.0, 816.0)(1830.0, 880.0)(1667.0, 880.0);GATE
Port:(1677.0, 805.0)(1800.0, 805.0)(1800.0, 809.0)(1677.0, 809.0);SD
Module:M28
Boundary:(1669.0, 20.0)(1669.0, 113.5)(1633.3, 113.5)(1633.3, 147.0)(1578.0, 147.0)(1578.0, 20.0);GATE
Port:(1578.0, 34.5)(1588.0, 34.5)(1588.0, 132.5)(1578.0, 132.5);SD
Port:(1669.0, 20.0)(1669.0, 113.5)(1633.3, 113.5)(1633.3, 147.0)(1593.0, 147.0)(1593.0, 20.0);GATE
Port:(1660.0, 30.0)(1664.0, 30.0)(1664.0, 99.0)(1660.0, 99.0);SD
Module:M30
Boundary:(309.0, 20.0)(309.0, 149.5)(295.0, 149.5)(295.0, 165.0)(225.0, 165.0)(225.0, 20.0);GATE
Port:(225.0, 34.5)(235.0, 34.5)(235.0, 150.5)(225.0, 150.5);SD
Port:(309.0, 20.0)(309.0, 149.5)(295.0, 149.5)(295.0, 165.0)(240.0, 165.0)(240.0, 20.0);GATE
Port:(300.0, 30.0)(304.0, 30.0)(304.0, 135.0)(300.0, 135.0);SD
Module:M25
Boundary:(1594.0, 474.0)(1669.5, 474.0)(1669.5, 575.3)(1847.0, 575.3)(1847.0, 629.0)(1594.0, 629.0);GATE
Port:(1608.5, 619.0)(1832.5, 619.0)(1832.5, 629.0)(1608.5, 629.0);SD
Port:(1594.0, 474.0)(1669.5, 474.0)(1669.5, 575.3)(1847.0, 575.3)(1847.0, 614.0)(1594.0, 614.0);GATE
Port:(1604.0, 479.0)(1655.0, 479.0)(1655.0, 483.0)(1604.0, 483.0);SD
Module:M22
Boundary:(30.0, 30.0)(159.5, 30.0)(159.5, 44.0)(175.0, 44.0)(175.0, 215.0)(30.0, 215.0);GATE
Port:(44.5, 205.0)(160.5, 205.0)(160.5, 215.0)(44.5, 215.0);SD
Port:(30.0, 30.0)(159.5, 30.0)(159.5, 44.0)(175.0, 44.0)(175.0, 200.0)(30.0, 200.0);GATE
Port:(40.0, 35.0)(145.0, 35.0)(145.0, 39.0)(40.0, 39.0);SD
Module:M17
Boundary:(1334.0, 20.0)(1407.0, 20.0)(1407.0, 166.0)(1334.0, 166.0);GATE
Port:(1348.5, 156.0)(1392.5, 156.0)(1392.5, 166.0)(1348.5, 166.0);SD
Port:(1334.0, 20.0)(1407.0, 20.0)(1407.0, 151.0)(1334.0, 151.0);GATE
Port:(1344.0, 25.0)(1397.0, 25.0)(1397.0, 29.0)(1344.0, 29.0);SD
