Area:(-13.9, -3.7)(369.1, -3.7)(369.1, 400.7)(-13.9, 400.7)
Rule:GATE(5,5);SD(5,5);GATE_SD(0.5);GATE_ITO(0.5);SD_ITO(0.5)
Module:M5
Boundary:(187.6, 52.8)(187.6, 127.2)(187.2, 127.2)(187.2, 141.4)(64.1, 141.4)(64.1, 52.8);GATE
Port:(64.1, 65.6)(69.2, 65.6)(69.2, 128.6)(64.1, 128.6);SD
Port:(187.6, 52.8)(187.6, 127.2)(187.2, 127.2)(187.2, 141.4)(71.4, 141.4)(71.4, 52.8);GATE
Port:(177.0, 58.8)(182.6, 58.8)(182.6, 121.2)(177.0, 121.2);SD
Module:M2
Boundary:(329.1, 36.3)(329.1, 115.7)(265.2, 115.7)(265.2, 129.3)(196.5, 129.3)(196.5, 36.3);GATE
Port:(196.5, 50.6)(201.1, 50.6)(201.1, 115.0)(196.5, 115.0);SD
Port:(329.1, 36.3)(329.1, 115.7)(265.2, 115.7)(265.2, 129.3)(203.7, 129.3)(203.7, 36.3);GATE
Port:(317.5, 42.8)(323.6, 42.8)(323.6, 108.2)(317.5, 108.2);SD
Module:M4
Boundary:(162.6, 216.6)(162.6, 165.0)(139.8, 165.0)(139.8, 148.6)(26.1, 148.6)(26.1, 216.6);GATE
Port:(26.1, 161.2)(31.3, 161.2)(31.3, 204.0)(26.1, 204.0);SD
Port:(162.6, 216.6)(162.6, 165.0)(139.8, 165.0)(139.8, 148.6)(32.5, 148.6)(32.5, 216.6);GATE
Port:(153.1, 171.5)(158.1, 171.5)(158.1, 211.1)(153.1, 211.1);SD
Module:M3
Boundary:(214.7, 216.8)(214.7, 302.9)(214.4, 302.9)(214.4, 320.2)(27.1, 320.2)(27.1, 216.8);GATE
Port:(27.1, 230.2)(31.7, 230.2)(31.7, 306.8)(27.1, 306.8);SD
Port:(214.7, 216.8)(214.7, 302.9)(214.4, 302.9)(214.4, 320.2)(33.5, 320.2)(33.5, 216.8);GATE
Port:(203.8, 222.6)(209.9, 222.6)(209.9, 297.1)(203.8, 297.1);SD
Module:M1
Boundary:(325.2, 153.0)(223.4, 153.0)(223.4, 360.7)(325.2, 360.7);GATE
Port:(239.1, 355.5)(309.5, 355.5)(309.5, 360.7)(239.1, 360.7);SD
Port:(325.2, 153.0)(223.4, 153.0)(223.4, 353.6)(325.2, 353.6);GATE
Port:(230.0, 158.6)(318.6, 158.6)(318.6, 166.4)(230.0, 166.4);SD
