Area:(-20.0, -20.0)(427.0, -20.0)(427.0, 1259.0)(-20.0, 1259.0)
Rule:GATE(5,5);SD(5,5);GATE_SD(0.5);GATE_ITO(0.5);SD_ITO(0.5)
Module:M14
Boundary:(30.0, 685.0)(159.5, 685.0)(159.5, 699.0)(175.0, 699.0)(175.0, 880.0)(30.0, 880.0);GATE
Port:(44.5, 870.0)(160.5, 870.0)(160.5, 880.0)(44.5, 880.0);SD
Port:(30.0, 685.0)(159.5, 685.0)(159.5, 699.0)(175.0, 699.0)(175.0, 865.0)(30.0, 865.0);GATE
Port:(40.0, 690.0)(145.0, 690.0)(145.0, 694.0)(40.0, 694.0);SD
Module:M9
Boundary:(268.0, 1061.0)(268.0, 1172.5)(227.3, 1172.5)(227.3, 1206.0)(169.0, 1206.0)(169.0, 1061.0);GATE
Port:(169.0, 1075.5)(179.0, 1075.5)(179.0, 1191.5)(169.0, 1191.5);SD
Port:(268.0, 1061.0)(268.0, 1172.5)(227.3, 1172.5)(227.3, 1206.0)(184.0, 1206.0)(184.0, 1061.0);GATE
Port:(259.0, 1071.0)(263.0, 1071.0)(263.0, 1158.0)(259.0, 1158.0);SD
Module:M5
Boundary:(381.0, 667.0)(381.0, 796.5)(367.0, 796.5)(367.0, 812.0)(225.0, 812.0)(225.0, 667.0);GATE
Port:(225.0, 681.5)(235.0, 681.5)(235.0, 797.5)(225.0, 797.5);SD
Port:(381.0, 667.0)(381.0, 796.5)(367.0, 796.5)(367.0, 812.0)(240.0, 812.0)(240.0, 667.0);GATE
Port:(372.0, 677.0)(376.0, 677.0)(376.0, 782.0)(372.0, 782.0);SD
Module:M11
Boundary:(256.0, 305.0)(256.0, 381.0)(248.0, 381.0)(248.0, 396.0)(120.0, 396.0)(120.0, 305.0);GATE
Port:(120.0, 319.5)(130.0, 319.5)(130.0, 381.5)(120.0, 381.5);SD
Port:(256.0, 305.0)(256.0, 381.0)(248.0, 381.0)(248.0, 396.0)(135.0, 396.0)(135.0, 305.0);GATE
Port:(247.0, 315.0)(251.0, 315.0)(251.0, 366.0)(247.0, 366.0);SD
Module:M1
Boundary:(358.0, 30.0)(358.0, 103.0)(272.0, 103.0)(272.0, 30.0);GATE
Port:(272.0, 44.5)(282.0, 44.5)(282.0, 88.5)(272.0, 88.5);SD
Port:(358.0, 30.0)(358.0, 103.0)(287.0, 103.0)(287.0, 30.0);GATE
Port:(349.0, 40.0)(353.0, 40.0)(353.0, 93.0)(349.0, 93.0);SD
Module:M6
Boundary:(376.0, 852.0)(376.0, 963.5)(364.0, 963.5)(364.0, 979.0)(230.0, 979.0)(230.0, 852.0);GATE
Port:(230.0, 866.5)(240.0, 866.5)(240.0, 964.5)(230.0, 964.5);SD
Port:(376.0, 852.0)(376.0, 963.5)(364.0, 963.5)(364.0, 979.0)(245.0, 979.0)(245.0, 852.0);GATE
Port:(367.0, 862.0)(371.0, 862.0)(371.0, 949.0)(367.0, 949.0);SD
Module:M2
Boundary:(378.0, 482.0)(378.0, 611.5)(364.0, 611.5)(364.0, 627.0)(225.0, 627.0)(225.0, 482.0);GATE
Port:(225.0, 496.5)(235.0, 496.5)(235.0, 612.5)(225.0, 612.5);SD
Port:(378.0, 482.0)(378.0, 611.5)(364.0, 611.5)(364.0, 627.0)(240.0, 627.0)(240.0, 482.0);GATE
Port:(369.0, 492.0)(373.0, 492.0)(373.0, 597.0)(369.0, 597.0);SD
Module:M16
Boundary:(179.0, 436.0)(179.0, 583.5)(87.0, 583.5)(87.0, 635.0)(20.0, 635.0)(20.0, 436.0);GATE
Port:(20.0, 450.5)(30.0, 450.5)(30.0, 620.5)(20.0, 620.5);SD
Port:(179.0, 436.0)(179.0, 583.5)(87.0, 583.5)(87.0, 635.0)(35.0, 635.0)(35.0, 436.0);GATE
Port:(170.0, 446.0)(174.0, 446.0)(174.0, 569.0)(170.0, 569.0);SD
Module:M13
Boundary:(120.0, 133.0)(193.0, 133.0)(193.0, 265.0)(120.0, 265.0);GATE
Port:(134.5, 255.0)(178.5, 255.0)(178.5, 265.0)(134.5, 265.0);SD
Port:(120.0, 133.0)(193.0, 133.0)(193.0, 250.0)(120.0, 250.0);GATE
Port:(130.0, 138.0)(183.0, 138.0)(183.0, 142.0)(130.0, 142.0);SD
Module:M10
Boundary:(190.0, 930.0)(190.0, 1006.0)(182.0, 1006.0)(182.0, 1021.0)(20.0, 1021.0)(20.0, 930.0);GATE
Port:(20.0, 944.5)(30.0, 944.5)(30.0, 1006.5)(20.0, 1006.5);SD
Port:(190.0, 930.0)(190.0, 1006.0)(182.0, 1006.0)(182.0, 1021.0)(35.0, 1021.0)(35.0, 930.0);GATE
Port:(181.0, 940.0)(185.0, 940.0)(185.0, 991.0)(181.0, 991.0);SD
Module:M7
Boundary:(222.0, 20.0)(222.0, 93.0)(120.0, 93.0)(120.0, 20.0);GATE
Port:(120.0, 34.5)(130.0, 34.5)(130.0, 78.5)(120.0, 78.5);SD
Port:(222.0, 20.0)(222.0, 93.0)(135.0, 93.0)(135.0, 20.0);GATE
Port:(213.0, 30.0)(217.0, 30.0)(217.0, 83.0)(213.0, 83.0);SD
Module:M3
Boundary:(80.0, 20.0)(80.0, 96.0)(72.0, 96.0)(72.0, 111.0)(20.0, 111.0)(20.0, 20.0);GATE
Port:(20.0, 34.5)(30.0, 34.5)(30.0, 96.5)(20.0, 96.5);SD
Port:(80.0, 20.0)(80.0, 96.0)(72.0, 96.0)(72.0, 111.0)(35.0, 111.0)(35.0, 20.0);GATE
Port:(71.0, 30.0)(75.0, 30.0)(75.0, 81.0)(71.0, 81.0);SD
Module:M15
Boundary:(296.0, 284.0)(372.0, 284.0)(372.0, 292.0)(387.0, 292.0)(387.0, 442.0)(296.0, 442.0);GATE
Port:(310.5, 432.0)(372.5, 432.0)(372.5, 442.0)(310.5, 442.0);SD
Port:(296.0, 284.0)(372.0, 284.0)(372.0, 292.0)(387.0, 292.0)(387.0, 427.0)(296.0, 427.0);GATE
Port:(306.0, 289.0)(357.0, 289.0)(357.0, 293.0)(306.0, 293.0);SD
Module:M12
Boundary:(308.0, 1019.0)(381.0, 1019.0)(381.0, 1214.0)(308.0, 1214.0);GATE
Port:(322.5, 1204.0)(366.5, 1204.0)(366.5, 1214.0)(322.5, 1214.0);SD
Port:(308.0, 1019.0)(381.0, 1019.0)(381.0, 1199.0)(308.0, 1199.0);GATE
Port:(318.0, 1024.0)(371.0, 1024.0)(371.0, 1028.0)(318.0, 1028.0);SD
Module:M8
Boundary:(20.0, 1061.0)(113.5, 1061.0)(113.5, 1071.0)(129.0, 1071.0)(129.0, 1219.0)(20.0, 1219.0);GATE
Port:(34.5, 1209.0)(114.5, 1209.0)(114.5, 1219.0)(34.5, 1219.0);SD
Port:(20.0, 1061.0)(113.5, 1061.0)(113.5, 1071.0)(129.0, 1071.0)(129.0, 1204.0)(20.0, 1204.0);GATE
Port:(30.0, 1066.0)(99.0, 1066.0)(99.0, 1070.0)(30.0, 1070.0);SD
Module:M4
Boundary:(383.0, 153.0)(383.0, 229.0)(375.0, 229.0)(375.0, 244.0)(233.0, 244.0)(233.0, 153.0);GATE
Port:(233.0, 167.5)(243.0, 167.5)(243.0, 229.5)(233.0, 229.5);SD
Port:(383.0, 153.0)(383.0, 229.0)(375.0, 229.0)(375.0, 244.0)(248.0, 244.0)(248.0, 153.0);GATE
Port:(374.0, 163.0)(378.0, 163.0)(378.0, 214.0)(374.0, 214.0);SD
