Area:(-20.0, -20.0)(1109.0, -20.0)(1109.0, 1347.0)(-20.0, 1347.0)
Rule:GATE(5,5);SD(5,5);GATE_SD(0.5);GATE_ITO(0.5);SD_ITO(0.5)
Module:M14
Boundary:(1046.0, 500.0)(1046.0, 629.5)(1032.0, 629.5)(1032.0, 645.0)(848.0, 645.0)(848.0, 500.0);GATE
Port:(848.0, 514.5)(858.0, 514.5)(858.0, 630.5)(848.0, 630.5);SD
Port:(1046.0, 500.0)(1046.0, 629.5)(1032.0, 629.5)(1032.0, 645.0)(863.0, 645.0)(863.0, 500.0);GATE
Port:(1037.0, 510.0)(1041.0, 510.0)(1041.0, 615.0)(1037.0, 615.0);SD
Module:M9
Boundary:(810.0, 884.0)(810.0, 1013.5)(698.6, 1013.5)(698.6, 1155.0)(655.0, 1155.0)(655.0, 884.0);GATE
Port:(655.0, 898.5)(665.0, 898.5)(665.0, 1140.5)(655.0, 1140.5);SD
Port:(810.0, 884.0)(810.0, 1013.5)(698.6, 1013.5)(698.6, 1155.0)(670.0, 1155.0)(670.0, 884.0);GATE
Port:(801.0, 894.0)(805.0, 894.0)(805.0, 999.0)(801.0, 999.0);SD
Module:M5
Boundary:(621.0, 20.0)(621.0, 113.5)(611.0, 113.5)(611.0, 129.0)(519.0, 129.0)(519.0, 20.0);GATE
Port:(519.0, 34.5)(529.0, 34.5)(529.0, 114.5)(519.0, 114.5);SD
Port:(621.0, 20.0)(621.0, 113.5)(611.0, 113.5)(611.0, 129.0)(534.0, 129.0)(534.0, 20.0);GATE
Port:(612.0, 30.0)(616.0, 30.0)(616.0, 99.0)(612.0, 99.0);SD
Module:M11
Boundary:(661.0, 142.0)(754.5, 142.0)(754.5, 178.7)(788.0, 178.7)(788.0, 235.0)(661.0, 235.0);GATE
Port:(675.5, 225.0)(773.5, 225.0)(773.5, 235.0)(675.5, 235.0);SD
Port:(661.0, 142.0)(754.5, 142.0)(754.5, 178.7)(788.0, 178.7)(788.0, 220.0)(661.0, 220.0);GATE
Port:(671.0, 147.0)(740.0, 147.0)(740.0, 151.0)(671.0, 151.0);SD
Module:M1
Boundary:(661.0, 20.0)(790.5, 20.0)(790.5, 34.0)(806.0, 34.0)(806.0, 102.0)(661.0, 102.0);GATE
Port:(675.5, 92.0)(791.5, 92.0)(791.5, 102.0)(675.5, 102.0);SD
Port:(661.0, 20.0)(790.5, 20.0)(790.5, 34.0)(806.0, 34.0)(806.0, 87.0)(661.0, 87.0);GATE
Port:(671.0, 25.0)(776.0, 25.0)(776.0, 29.0)(671.0, 29.0);SD
Module:M38
Boundary:(352.0, 338.0)(445.5, 338.0)(445.5, 349.0)(461.0, 349.0)(461.0, 450.0)(352.0, 450.0);GATE
Port:(366.5, 440.0)(446.5, 440.0)(446.5, 450.0)(366.5, 450.0);SD
Port:(352.0, 338.0)(445.5, 338.0)(445.5, 349.0)(461.0, 349.0)(461.0, 435.0)(352.0, 435.0);GATE
Port:(362.0, 343.0)(431.0, 343.0)(431.0, 347.0)(362.0, 347.0);SD
Module:M40
Boundary:(382.0, 932.0)(382.0, 1061.5)(344.0, 1061.5)(344.0, 1113.0)(261.0, 1113.0)(261.0, 932.0);GATE
Port:(261.0, 946.5)(271.0, 946.5)(271.0, 1098.5)(261.0, 1098.5);SD
Port:(382.0, 932.0)(382.0, 1061.5)(344.0, 1061.5)(344.0, 1113.0)(276.0, 1113.0)(276.0, 932.0);GATE
Port:(373.0, 942.0)(377.0, 942.0)(377.0, 1047.0)(373.0, 1047.0);SD
Module:M35
Boundary:(1059.0, 880.0)(1059.0, 1027.5)(900.0, 1027.5)(900.0, 1295.0)(860.0, 1295.0)(860.0, 880.0);GATE
Port:(860.0, 894.5)(870.0, 894.5)(870.0, 1280.5)(860.0, 1280.5);SD
Port:(1059.0, 880.0)(1059.0, 1027.5)(900.0, 1027.5)(900.0, 1295.0)(875.0, 1295.0)(875.0, 880.0);GATE
Port:(1050.0, 890.0)(1054.0, 890.0)(1054.0, 1013.0)(1050.0, 1013.0);SD
Module:M32
Boundary:(20.0, 620.0)(96.0, 620.0)(96.0, 628.0)(111.0, 628.0)(111.0, 755.0)(20.0, 755.0);GATE
Port:(34.5, 745.0)(96.5, 745.0)(96.5, 755.0)(34.5, 755.0);SD
Port:(20.0, 620.0)(96.0, 620.0)(96.0, 628.0)(111.0, 628.0)(111.0, 740.0)(20.0, 740.0);GATE
Port:(30.0, 625.0)(81.0, 625.0)(81.0, 629.0)(30.0, 629.0);SD
Module:M27
Boundary:(478.0, 215.0)(478.0, 288.0)(370.0, 288.0)(370.0, 215.0);GATE
Port:(370.0, 229.5)(380.0, 229.5)(380.0, 273.5)(370.0, 273.5);SD
Port:(478.0, 215.0)(478.0, 288.0)(385.0, 288.0)(385.0, 215.0);GATE
Port:(469.0, 225.0)(473.0, 225.0)(473.0, 278.0)(469.0, 278.0);SD
Module:M24
Boundary:(1069.0, 685.0)(1069.0, 796.5)(1057.0, 796.5)(1057.0, 812.0)(959.0, 812.0)(959.0, 685.0);GATE
Port:(959.0, 699.5)(969.0, 699.5)(969.0, 797.5)(959.0, 797.5);SD
Port:(1069.0, 685.0)(1069.0, 796.5)(1057.0, 796.5)(1057.0, 812.0)(974.0, 812.0)(974.0, 685.0);GATE
Port:(1060.0, 695.0)(1064.0, 695.0)(1064.0, 782.0)(1060.0, 782.0);SD
Module:M19
Boundary:(20.0, 20.0)(93.0, 20.0)(93.0, 219.0)(20.0, 219.0);GATE
Port:(34.5, 209.0)(78.5, 209.0)(78.5, 219.0)(34.5, 219.0);SD
Port:(20.0, 20.0)(93.0, 20.0)(93.0, 204.0)(20.0, 204.0);GATE
Port:(30.0, 25.0)(83.0, 25.0)(83.0, 29.0)(30.0, 29.0);SD
Module:M6
Boundary:(456.0, 500.0)(456.0, 647.5)(440.0, 647.5)(440.0, 663.0)(350.0, 663.0)(350.0, 500.0);GATE
Port:(350.0, 514.5)(360.0, 514.5)(360.0, 648.5)(350.0, 648.5);SD
Port:(456.0, 500.0)(456.0, 647.5)(440.0, 647.5)(440.0, 663.0)(365.0, 663.0)(365.0, 500.0);GATE
Port:(447.0, 510.0)(451.0, 510.0)(451.0, 633.0)(447.0, 633.0);SD
Module:M21
Boundary:(791.0, 1216.0)(791.0, 1292.0)(783.0, 1292.0)(783.0, 1307.0)(637.0, 1307.0)(637.0, 1216.0);GATE
Port:(637.0, 1230.5)(647.0, 1230.5)(647.0, 1292.5)(637.0, 1292.5);SD
Port:(791.0, 1216.0)(791.0, 1292.0)(783.0, 1292.0)(783.0, 1307.0)(652.0, 1307.0)(652.0, 1216.0);GATE
Port:(782.0, 1226.0)(786.0, 1226.0)(786.0, 1277.0)(782.0, 1277.0);SD
Module:M2
Boundary:(660.0, 285.0)(735.5, 285.0)(735.5, 361.8)(895.0, 361.8)(895.0, 450.0)(660.0, 450.0);GATE
Port:(674.5, 440.0)(880.5, 440.0)(880.5, 450.0)(674.5, 450.0);SD
Port:(660.0, 285.0)(735.5, 285.0)(735.5, 361.8)(895.0, 361.8)(895.0, 435.0)(660.0, 435.0);GATE
Port:(670.0, 290.0)(721.0, 290.0)(721.0, 294.0)(670.0, 294.0);SD
Module:M16
Boundary:(846.0, 20.0)(957.5, 20.0)(957.5, 78.0)(1063.0, 78.0)(1063.0, 116.0)(846.0, 116.0);GATE
Port:(860.5, 106.0)(1048.5, 106.0)(1048.5, 116.0)(860.5, 116.0);SD
Port:(846.0, 20.0)(957.5, 20.0)(957.5, 78.0)(1063.0, 78.0)(1063.0, 101.0)(846.0, 101.0);GATE
Port:(856.0, 25.0)(943.0, 25.0)(943.0, 29.0)(856.0, 29.0);SD
Module:M13
Boundary:(205.0, 1180.0)(205.0, 1291.5)(193.0, 1291.5)(193.0, 1307.0)(20.0, 1307.0)(20.0, 1180.0);GATE
Port:(20.0, 1194.5)(30.0, 1194.5)(30.0, 1292.5)(20.0, 1292.5);SD
Port:(205.0, 1180.0)(205.0, 1291.5)(193.0, 1291.5)(193.0, 1307.0)(35.0, 1307.0)(35.0, 1180.0);GATE
Port:(196.0, 1190.0)(200.0, 1190.0)(200.0, 1277.0)(196.0, 1277.0);SD
Module:M10
Boundary:(1048.0, 156.0)(1048.0, 231.5)(1013.3, 231.5)(1013.3, 301.0)(954.0, 301.0)(954.0, 156.0);GATE
Port:(954.0, 170.5)(964.0, 170.5)(964.0, 286.5)(954.0, 286.5);SD
Port:(1048.0, 156.0)(1048.0, 231.5)(1013.3, 231.5)(1013.3, 301.0)(969.0, 301.0)(969.0, 156.0);GATE
Port:(1039.0, 166.0)(1043.0, 166.0)(1043.0, 217.0)(1039.0, 217.0);SD
Module:M37
Boundary:(699.0, 500.0)(792.5, 500.0)(792.5, 510.0)(808.0, 510.0)(808.0, 677.0)(699.0, 677.0);GATE
Port:(713.5, 667.0)(793.5, 667.0)(793.5, 677.0)(713.5, 677.0);SD
Port:(699.0, 500.0)(792.5, 500.0)(792.5, 510.0)(808.0, 510.0)(808.0, 662.0)(699.0, 662.0);GATE
Port:(709.0, 505.0)(778.0, 505.0)(778.0, 509.0)(709.0, 509.0);SD
Module:M34
Boundary:(602.0, 1013.0)(602.0, 1160.5)(586.0, 1160.5)(586.0, 1176.0)(432.0, 1176.0)(432.0, 1013.0);GATE
Port:(432.0, 1027.5)(442.0, 1027.5)(442.0, 1161.5)(432.0, 1161.5);SD
Port:(602.0, 1013.0)(602.0, 1160.5)(586.0, 1160.5)(586.0, 1176.0)(447.0, 1176.0)(447.0, 1013.0);GATE
Port:(593.0, 1023.0)(597.0, 1023.0)(597.0, 1146.0)(593.0, 1146.0);SD
Module:M29
Boundary:(418.0, 713.0)(547.5, 713.0)(547.5, 751.0)(599.0, 751.0)(599.0, 840.0)(418.0, 840.0);GATE
Port:(432.5, 830.0)(584.5, 830.0)(584.5, 840.0)(432.5, 840.0);SD
Port:(418.0, 713.0)(547.5, 713.0)(547.5, 751.0)(599.0, 751.0)(599.0, 825.0)(418.0, 825.0);GATE
Port:(428.0, 718.0)(533.0, 718.0)(533.0, 722.0)(428.0, 722.0);SD
Module:M7
Boundary:(519.0, 352.0)(595.0, 352.0)(595.0, 360.0)(610.0, 360.0)(610.0, 465.0)(519.0, 465.0);GATE
Port:(533.5, 455.0)(595.5, 455.0)(595.5, 465.0)(533.5, 465.0);SD
Port:(519.0, 352.0)(595.0, 352.0)(595.0, 360.0)(610.0, 360.0)(610.0, 450.0)(519.0, 450.0);GATE
Port:(529.0, 357.0)(580.0, 357.0)(580.0, 361.0)(529.0, 361.0);SD
Module:M31
Boundary:(914.0, 156.0)(914.0, 229.0)(828.0, 229.0)(828.0, 156.0);GATE
Port:(828.0, 170.5)(838.0, 170.5)(838.0, 214.5)(828.0, 214.5);SD
Port:(914.0, 156.0)(914.0, 229.0)(843.0, 229.0)(843.0, 156.0);GATE
Port:(905.0, 166.0)(909.0, 166.0)(909.0, 219.0)(905.0, 219.0);SD
Module:M3
Boundary:(302.0, 295.0)(302.0, 406.5)(228.8, 406.5)(228.8, 476.0)(133.0, 476.0)(133.0, 295.0);GATE
Port:(133.0, 309.5)(143.0, 309.5)(143.0, 461.5)(133.0, 461.5);SD
Port:(302.0, 295.0)(302.0, 406.5)(228.8, 406.5)(228.8, 476.0)(148.0, 476.0)(148.0, 295.0);GATE
Port:(293.0, 305.0)(297.0, 305.0)(297.0, 392.0)(293.0, 392.0);SD
Module:M26
Boundary:(442.0, 900.0)(589.5, 900.0)(589.5, 916.0)(605.0, 916.0)(605.0, 963.0)(442.0, 963.0);GATE
Port:(456.5, 953.0)(590.5, 953.0)(590.5, 963.0)(456.5, 963.0);SD
Port:(442.0, 900.0)(589.5, 900.0)(589.5, 916.0)(605.0, 916.0)(605.0, 948.0)(442.0, 948.0);GATE
Port:(452.0, 905.0)(575.0, 905.0)(575.0, 909.0)(452.0, 909.0);SD
Module:M23
Boundary:(496.0, 505.0)(625.5, 505.0)(625.5, 575.8)(659.0, 575.8)(659.0, 662.0)(496.0, 662.0);GATE
Port:(510.5, 652.0)(644.5, 652.0)(644.5, 662.0)(510.5, 662.0);SD
Port:(496.0, 505.0)(625.5, 505.0)(625.5, 575.8)(659.0, 575.8)(659.0, 647.0)(496.0, 647.0);GATE
Port:(506.0, 510.0)(611.0, 510.0)(611.0, 514.0)(506.0, 514.0);SD
Module:M18
Boundary:(330.0, 20.0)(330.0, 167.5)(192.8, 167.5)(192.8, 255.0)(133.0, 255.0)(133.0, 20.0);GATE
Port:(133.0, 34.5)(143.0, 34.5)(143.0, 240.5)(133.0, 240.5);SD
Port:(330.0, 20.0)(330.0, 167.5)(192.8, 167.5)(192.8, 255.0)(148.0, 255.0)(148.0, 20.0);GATE
Port:(321.0, 30.0)(325.0, 30.0)(325.0, 153.0)(321.0, 153.0);SD
Module:M20
Boundary:(310.0, 516.0)(310.0, 663.5)(294.0, 663.5)(294.0, 679.0)(151.0, 679.0)(151.0, 516.0);GATE
Port:(151.0, 530.5)(161.0, 530.5)(161.0, 664.5)(151.0, 664.5);SD
Port:(310.0, 516.0)(310.0, 663.5)(294.0, 663.5)(294.0, 679.0)(166.0, 679.0)(166.0, 516.0);GATE
Port:(301.0, 526.0)(305.0, 526.0)(305.0, 649.0)(301.0, 649.0);SD
Module:M15
Boundary:(20.0, 259.0)(93.0, 259.0)(93.0, 400.0)(20.0, 400.0);GATE
Port:(34.5, 390.0)(78.5, 390.0)(78.5, 400.0)(34.5, 400.0);SD
Port:(20.0, 259.0)(93.0, 259.0)(93.0, 385.0)(20.0, 385.0);GATE
Port:(30.0, 264.0)(83.0, 264.0)(83.0, 268.0)(30.0, 268.0);SD
Module:M12
Boundary:(20.0, 440.0)(93.0, 440.0)(93.0, 580.0)(20.0, 580.0);GATE
Port:(34.5, 570.0)(78.5, 570.0)(78.5, 580.0)(34.5, 580.0);SD
Port:(20.0, 440.0)(93.0, 440.0)(93.0, 565.0)(20.0, 565.0);GATE
Port:(30.0, 445.0)(83.0, 445.0)(83.0, 449.0)(30.0, 449.0);SD
Module:M39
Boundary:(519.0, 169.0)(595.0, 169.0)(595.0, 177.0)(610.0, 177.0)(610.0, 312.0)(519.0, 312.0);GATE
Port:(533.5, 302.0)(595.5, 302.0)(595.5, 312.0)(533.5, 312.0);SD
Port:(519.0, 169.0)(595.0, 169.0)(595.0, 177.0)(610.0, 177.0)(610.0, 297.0)(519.0, 297.0);GATE
Port:(529.0, 174.0)(580.0, 174.0)(580.0, 178.0)(529.0, 178.0);SD
Module:M8
Boundary:(370.0, 20.0)(463.5, 20.0)(463.5, 31.0)(479.0, 31.0)(479.0, 175.0)(370.0, 175.0);GATE
Port:(384.5, 165.0)(464.5, 165.0)(464.5, 175.0)(384.5, 175.0);SD
Port:(370.0, 20.0)(463.5, 20.0)(463.5, 31.0)(479.0, 31.0)(479.0, 160.0)(370.0, 160.0);GATE
Port:(380.0, 25.0)(449.0, 25.0)(449.0, 29.0)(380.0, 29.0);SD
Module:M4
Boundary:(368.0, 719.0)(368.0, 866.5)(352.0, 866.5)(352.0, 882.0)(251.0, 882.0)(251.0, 719.0);GATE
Port:(251.0, 733.5)(261.0, 733.5)(261.0, 867.5)(251.0, 867.5);SD
Port:(368.0, 719.0)(368.0, 866.5)(352.0, 866.5)(352.0, 882.0)(266.0, 882.0)(266.0, 719.0);GATE
Port:(359.0, 729.0)(363.0, 729.0)(363.0, 852.0)(359.0, 852.0);SD
Module:M36
Boundary:(1069.0, 341.0)(1069.0, 434.5)(1059.0, 434.5)(1059.0, 450.0)(945.0, 450.0)(945.0, 341.0);GATE
Port:(945.0, 355.5)(955.0, 355.5)(955.0, 435.5)(945.0, 435.5);SD
Port:(1069.0, 341.0)(1069.0, 434.5)(1059.0, 434.5)(1059.0, 450.0)(960.0, 450.0)(960.0, 341.0);GATE
Port:(1060.0, 351.0)(1064.0, 351.0)(1064.0, 420.0)(1060.0, 420.0);SD
Module:M33
Boundary:(20.0, 946.0)(113.5, 946.0)(113.5, 1079.6)(201.0, 1079.6)(201.0, 1140.0)(20.0, 1140.0);GATE
Port:(34.5, 1130.0)(186.5, 1130.0)(186.5, 1140.0)(34.5, 1140.0);SD
Port:(20.0, 946.0)(113.5, 946.0)(113.5, 1079.6)(201.0, 1079.6)(201.0, 1125.0)(20.0, 1125.0);GATE
Port:(30.0, 951.0)(99.0, 951.0)(99.0, 955.0)(30.0, 955.0);SD
Module:M28
Boundary:(919.0, 685.0)(919.0, 814.5)(905.0, 814.5)(905.0, 830.0)(850.0, 830.0)(850.0, 685.0);GATE
Port:(850.0, 699.5)(860.0, 699.5)(860.0, 815.5)(850.0, 815.5);SD
Port:(919.0, 685.0)(919.0, 814.5)(905.0, 814.5)(905.0, 830.0)(865.0, 830.0)(865.0, 685.0);GATE
Port:(910.0, 695.0)(914.0, 695.0)(914.0, 800.0)(910.0, 800.0);SD
Module:M30
Boundary:(201.0, 805.0)(201.0, 881.0)(193.0, 881.0)(193.0, 896.0)(30.0, 896.0)(30.0, 805.0);GATE
Port:(30.0, 819.5)(40.0, 819.5)(40.0, 881.5)(30.0, 881.5);SD
Port:(201.0, 805.0)(201.0, 881.0)(193.0, 881.0)(193.0, 896.0)(45.0, 896.0)(45.0, 805.0);GATE
Port:(192.0, 815.0)(196.0, 815.0)(196.0, 866.0)(192.0, 866.0);SD
Module:M25
Boundary:(805.0, 717.0)(805.0, 844.0)(649.0, 844.0)(649.0, 717.0);GATE
Port:(649.0, 731.5)(659.0, 731.5)(659.0, 829.5)(649.0, 829.5);SD
Port:(805.0, 717.0)(805.0, 844.0)(664.0, 844.0)(664.0, 717.0);GATE
Port:(796.0, 727.0)(800.0, 727.0)(800.0, 834.0)(796.0, 834.0);SD
Module:M22
Boundary:(255.0, 1173.0)(366.5, 1173.0)(366.5, 1185.0)(382.0, 1185.0)(382.0, 1286.0)(255.0, 1286.0);GATE
Port:(269.5, 1276.0)(367.5, 1276.0)(367.5, 1286.0)(269.5, 1286.0);SD
Port:(255.0, 1173.0)(366.5, 1173.0)(366.5, 1185.0)(382.0, 1185.0)(382.0, 1271.0)(255.0, 1271.0);GATE
Port:(265.0, 1178.0)(352.0, 1178.0)(352.0, 1182.0)(265.0, 1182.0);SD
Module:M17
Boundary:(597.0, 1216.0)(597.0, 1292.0)(589.0, 1292.0)(589.0, 1307.0)(432.0, 1307.0)(432.0, 1216.0);GATE
Port:(432.0, 1230.5)(442.0, 1230.5)(442.0, 1292.5)(432.0, 1292.5);SD
Port:(597.0, 1216.0)(597.0, 1292.0)(589.0, 1292.0)(589.0, 1307.0)(447.0, 1307.0)(447.0, 1216.0);GATE
Port:(588.0, 1226.0)(592.0, 1226.0)(592.0, 1277.0)(588.0, 1277.0);SD
