Area:(-20.0, -20.0)(1366.0, -20.0)(1366.0, 1011.0)(-20.0, 1011.0)
Rule:GATE(5,5);SD(5,5);GATE_SD(0.5);GATE_ITO(0.5);SD_ITO(0.5)
Module:M14
Boundary:(293.0, 879.0)(293.0, 955.0)(285.0, 955.0)(285.0, 970.0)(223.0, 970.0)(223.0, 879.0);GATE
Port:(223.0, 893.5)(233.0, 893.5)(233.0, 955.5)(223.0, 955.5);SD
Port:(293.0, 879.0)(293.0, 955.0)(285.0, 955.0)(285.0, 970.0)(238.0, 970.0)(238.0, 879.0);GATE
Port:(284.0, 889.0)(288.0, 889.0)(288.0, 940.0)(284.0, 940.0);SD
Module:M9
Boundary:(1326.0, 196.0)(1326.0, 272.0)(1318.0, 272.0)(1318.0, 287.0)(1244.0, 287.0)(1244.0, 196.0);GATE
Port:(1244.0, 210.5)(1254.0, 210.5)(1254.0, 272.5)(1244.0, 272.5);SD
Port:(1326.0, 196.0)(1326.0, 272.0)(1318.0, 272.0)(1318.0, 287.0)(1259.0, 287.0)(1259.0, 196.0);GATE
Port:(1317.0, 206.0)(1321.0, 206.0)(1321.0, 257.0)(1317.0, 257.0);SD
Module:M5
Boundary:(900.0, 843.0)(900.0, 954.5)(888.0, 954.5)(888.0, 970.0)(784.0, 970.0)(784.0, 843.0);GATE
Port:(784.0, 857.5)(794.0, 857.5)(794.0, 955.5)(784.0, 955.5);SD
Port:(900.0, 843.0)(900.0, 954.5)(888.0, 954.5)(888.0, 970.0)(799.0, 970.0)(799.0, 843.0);GATE
Port:(891.0, 853.0)(895.0, 853.0)(895.0, 940.0)(891.0, 940.0);SD
Module:M11
Boundary:(501.0, 719.0)(501.0, 812.5)(491.0, 812.5)(491.0, 828.0)(419.0, 828.0)(419.0, 719.0);GATE
Port:(419.0, 733.5)(429.0, 733.5)(429.0, 813.5)(419.0, 813.5);SD
Port:(501.0, 719.0)(501.0, 812.5)(491.0, 812.5)(491.0, 828.0)(434.0, 828.0)(434.0, 719.0);GATE
Port:(492.0, 729.0)(496.0, 729.0)(496.0, 798.0)(492.0, 798.0);SD
Module:M1
Boundary:(432.0, 338.0)(561.5, 338.0)(561.5, 352.0)(577.0, 352.0)(577.0, 433.0)(432.0, 433.0);GATE
Port:(446.5, 423.0)(562.5, 423.0)(562.5, 433.0)(446.5, 433.0);SD
Port:(432.0, 338.0)(561.5, 338.0)(561.5, 352.0)(577.0, 352.0)(577.0, 418.0)(432.0, 418.0);GATE
Port:(442.0, 343.0)(547.0, 343.0)(547.0, 347.0)(442.0, 347.0);SD
Module:M43
Boundary:(915.0, 20.0)(991.0, 20.0)(991.0, 28.0)(1006.0, 28.0)(1006.0, 153.0)(915.0, 153.0);GATE
Port:(929.5, 143.0)(991.5, 143.0)(991.5, 153.0)(929.5, 153.0);SD
Port:(915.0, 20.0)(991.0, 20.0)(991.0, 28.0)(1006.0, 28.0)(1006.0, 138.0)(915.0, 138.0);GATE
Port:(925.0, 25.0)(976.0, 25.0)(976.0, 29.0)(925.0, 29.0);SD
Module:M38
Boundary:(629.0, 225.0)(629.0, 298.0)(444.0, 298.0)(444.0, 225.0);GATE
Port:(444.0, 239.5)(454.0, 239.5)(454.0, 283.5)(444.0, 283.5);SD
Port:(629.0, 225.0)(629.0, 298.0)(459.0, 298.0)(459.0, 225.0);GATE
Port:(620.0, 235.0)(624.0, 235.0)(624.0, 288.0)(620.0, 288.0);SD
Module:M40
Boundary:(1311.0, 552.0)(1311.0, 699.5)(1283.9, 699.5)(1283.9, 733.0)(1243.0, 733.0)(1243.0, 552.0);GATE
Port:(1243.0, 566.5)(1253.0, 566.5)(1253.0, 718.5)(1243.0, 718.5);SD
Port:(1311.0, 552.0)(1311.0, 699.5)(1283.9, 699.5)(1283.9, 733.0)(1258.0, 733.0)(1258.0, 552.0);GATE
Port:(1302.0, 562.0)(1306.0, 562.0)(1306.0, 685.0)(1302.0, 685.0);SD
Module:M35
Boundary:(379.0, 694.0)(379.0, 823.5)(365.0, 823.5)(365.0, 839.0)(223.0, 839.0)(223.0, 694.0);GATE
Port:(223.0, 708.5)(233.0, 708.5)(233.0, 824.5)(223.0, 824.5);SD
Port:(379.0, 694.0)(379.0, 823.5)(365.0, 823.5)(365.0, 839.0)(238.0, 839.0)(238.0, 694.0);GATE
Port:(370.0, 704.0)(374.0, 704.0)(374.0, 809.0)(370.0, 809.0);SD
Module:M32
Boundary:(1243.0, 337.0)(1316.0, 337.0)(1316.0, 492.0)(1243.0, 492.0);GATE
Port:(1257.5, 482.0)(1301.5, 482.0)(1301.5, 492.0)(1257.5, 492.0);SD
Port:(1243.0, 337.0)(1316.0, 337.0)(1316.0, 477.0)(1243.0, 477.0);GATE
Port:(1253.0, 342.0)(1306.0, 342.0)(1306.0, 346.0)(1253.0, 346.0);SD
Module:M27
Boundary:(20.0, 685.0)(149.5, 685.0)(149.5, 727.7)(183.0, 727.7)(183.0, 786.0)(20.0, 786.0);GATE
Port:(34.5, 776.0)(168.5, 776.0)(168.5, 786.0)(34.5, 786.0);SD
Port:(20.0, 685.0)(149.5, 685.0)(149.5, 727.7)(183.0, 727.7)(183.0, 771.0)(20.0, 771.0);GATE
Port:(30.0, 690.0)(135.0, 690.0)(135.0, 694.0)(30.0, 694.0);SD
Module:M24
Boundary:(541.0, 774.0)(616.5, 774.0)(616.5, 846.9)(740.0, 846.9)(740.0, 969.0)(541.0, 969.0);GATE
Port:(555.5, 959.0)(725.5, 959.0)(725.5, 969.0)(555.5, 969.0);SD
Port:(541.0, 774.0)(616.5, 774.0)(616.5, 846.9)(740.0, 846.9)(740.0, 954.0)(541.0, 954.0);GATE
Port:(551.0, 779.0)(602.0, 779.0)(602.0, 783.0)(551.0, 783.0);SD
Module:M19
Boundary:(1056.0, 30.0)(1185.5, 30.0)(1185.5, 44.0)(1201.0, 44.0)(1201.0, 110.0)(1056.0, 110.0);GATE
Port:(1070.5, 100.0)(1186.5, 100.0)(1186.5, 110.0)(1070.5, 110.0);SD
Port:(1056.0, 30.0)(1185.5, 30.0)(1185.5, 44.0)(1201.0, 44.0)(1201.0, 95.0)(1056.0, 95.0);GATE
Port:(1066.0, 35.0)(1171.0, 35.0)(1171.0, 39.0)(1066.0, 39.0);SD
Module:M6
Boundary:(20.0, 826.0)(167.5, 826.0)(167.5, 842.0)(183.0, 842.0)(183.0, 964.0)(20.0, 964.0);GATE
Port:(34.5, 954.0)(168.5, 954.0)(168.5, 964.0)(34.5, 964.0);SD
Port:(20.0, 826.0)(167.5, 826.0)(167.5, 842.0)(183.0, 842.0)(183.0, 949.0)(20.0, 949.0);GATE
Port:(30.0, 831.0)(153.0, 831.0)(153.0, 835.0)(30.0, 835.0);SD
Module:M21
Boundary:(1251.0, 20.0)(1324.0, 20.0)(1324.0, 156.0)(1251.0, 156.0);GATE
Port:(1265.5, 146.0)(1309.5, 146.0)(1309.5, 156.0)(1265.5, 156.0);SD
Port:(1251.0, 20.0)(1324.0, 20.0)(1324.0, 141.0)(1251.0, 141.0);GATE
Port:(1261.0, 25.0)(1314.0, 25.0)(1314.0, 29.0)(1261.0, 29.0);SD
Module:M2
Boundary:(971.0, 425.0)(1044.0, 425.0)(1044.0, 538.0)(971.0, 538.0);GATE
Port:(985.5, 528.0)(1029.5, 528.0)(1029.5, 538.0)(985.5, 538.0);SD
Port:(971.0, 425.0)(1044.0, 425.0)(1044.0, 523.0)(971.0, 523.0);GATE
Port:(981.0, 430.0)(1034.0, 430.0)(1034.0, 434.0)(981.0, 434.0);SD
Module:M16
Boundary:(20.0, 198.0)(77.5, 198.0)(77.5, 255.7)(219.0, 255.7)(219.0, 340.0)(20.0, 340.0);GATE
Port:(34.5, 330.0)(204.5, 330.0)(204.5, 340.0)(34.5, 340.0);SD
Port:(20.0, 198.0)(77.5, 198.0)(77.5, 255.7)(219.0, 255.7)(219.0, 325.0)(20.0, 325.0);GATE
Port:(30.0, 203.0)(63.0, 203.0)(63.0, 207.0)(30.0, 207.0);SD
Module:M13
Boundary:(558.0, 657.0)(687.5, 657.0)(687.5, 687.6)(721.0, 687.6)(721.0, 734.0)(558.0, 734.0);GATE
Port:(572.5, 724.0)(706.5, 724.0)(706.5, 734.0)(572.5, 734.0);SD
Port:(558.0, 657.0)(687.5, 657.0)(687.5, 687.6)(721.0, 687.6)(721.0, 719.0)(558.0, 719.0);GATE
Port:(568.0, 662.0)(673.0, 662.0)(673.0, 666.0)(568.0, 666.0);SD
Module:M45
Boundary:(392.0, 274.0)(392.0, 385.5)(335.3, 385.5)(335.3, 419.0)(261.0, 419.0)(261.0, 274.0);GATE
Port:(261.0, 288.5)(271.0, 288.5)(271.0, 404.5)(261.0, 404.5);SD
Port:(392.0, 274.0)(392.0, 385.5)(335.3, 385.5)(335.3, 419.0)(276.0, 419.0)(276.0, 274.0);GATE
Port:(383.0, 284.0)(387.0, 284.0)(387.0, 371.0)(383.0, 371.0);SD
Module:M10
Boundary:(445.0, 575.0)(518.0, 575.0)(518.0, 679.0)(445.0, 679.0);GATE
Port:(459.5, 669.0)(503.5, 669.0)(503.5, 679.0)(459.5, 679.0);SD
Port:(445.0, 575.0)(518.0, 575.0)(518.0, 664.0)(445.0, 664.0);GATE
Port:(455.0, 580.0)(508.0, 580.0)(508.0, 584.0)(455.0, 584.0);SD
Module:M42
Boundary:(558.0, 506.0)(705.5, 506.0)(705.5, 554.7)(739.0, 554.7)(739.0, 617.0)(558.0, 617.0);GATE
Port:(572.5, 607.0)(724.5, 607.0)(724.5, 617.0)(572.5, 617.0);SD
Port:(558.0, 506.0)(705.5, 506.0)(705.5, 554.7)(739.0, 554.7)(739.0, 602.0)(558.0, 602.0);GATE
Port:(568.0, 511.0)(691.0, 511.0)(691.0, 515.0)(568.0, 515.0);SD
Module:M37
Boundary:(1125.0, 786.0)(1236.5, 786.0)(1236.5, 912.0)(1324.0, 912.0)(1324.0, 969.0)(1125.0, 969.0);GATE
Port:(1139.5, 959.0)(1309.5, 959.0)(1309.5, 969.0)(1139.5, 969.0);SD
Port:(1125.0, 786.0)(1236.5, 786.0)(1236.5, 912.0)(1324.0, 912.0)(1324.0, 954.0)(1125.0, 954.0);GATE
Port:(1135.0, 791.0)(1222.0, 791.0)(1222.0, 795.0)(1135.0, 795.0);SD
Module:M34
Boundary:(1073.0, 664.0)(1166.5, 664.0)(1166.5, 674.0)(1182.0, 674.0)(1182.0, 746.0)(1073.0, 746.0);GATE
Port:(1087.5, 736.0)(1167.5, 736.0)(1167.5, 746.0)(1087.5, 746.0);SD
Port:(1073.0, 664.0)(1166.5, 664.0)(1166.5, 674.0)(1182.0, 674.0)(1182.0, 731.0)(1073.0, 731.0);GATE
Port:(1083.0, 669.0)(1152.0, 669.0)(1152.0, 673.0)(1083.0, 673.0);SD
Module:M29
Boundary:(445.0, 473.0)(518.0, 473.0)(518.0, 535.0)(445.0, 535.0);GATE
Port:(459.5, 525.0)(503.5, 525.0)(503.5, 535.0)(459.5, 535.0);SD
Port:(445.0, 473.0)(518.0, 473.0)(518.0, 520.0)(445.0, 520.0);GATE
Port:(455.0, 478.0)(508.0, 478.0)(508.0, 482.0)(455.0, 482.0);SD
Module:M7
Boundary:(1084.0, 443.0)(1177.5, 443.0)(1177.5, 453.0)(1193.0, 453.0)(1193.0, 624.0)(1084.0, 624.0);GATE
Port:(1098.5, 614.0)(1178.5, 614.0)(1178.5, 624.0)(1098.5, 624.0);SD
Port:(1084.0, 443.0)(1177.5, 443.0)(1177.5, 453.0)(1193.0, 453.0)(1193.0, 609.0)(1084.0, 609.0);GATE
Port:(1094.0, 448.0)(1163.0, 448.0)(1163.0, 452.0)(1094.0, 452.0);SD
Module:M31
Boundary:(875.0, 20.0)(875.0, 113.5)(865.0, 113.5)(865.0, 129.0)(676.0, 129.0)(676.0, 20.0);GATE
Port:(676.0, 34.5)(686.0, 34.5)(686.0, 114.5)(676.0, 114.5);SD
Port:(875.0, 20.0)(875.0, 113.5)(865.0, 113.5)(865.0, 129.0)(691.0, 129.0)(691.0, 20.0);GATE
Port:(866.0, 30.0)(870.0, 30.0)(870.0, 99.0)(866.0, 99.0);SD
Module:M3
Boundary:(20.0, 20.0)(131.5, 20.0)(131.5, 32.0)(147.0, 32.0)(147.0, 158.0)(20.0, 158.0);GATE
Port:(34.5, 148.0)(132.5, 148.0)(132.5, 158.0)(34.5, 158.0);SD
Port:(20.0, 20.0)(131.5, 20.0)(131.5, 32.0)(147.0, 32.0)(147.0, 143.0)(20.0, 143.0);GATE
Port:(30.0, 25.0)(117.0, 25.0)(117.0, 29.0)(30.0, 29.0);SD
Module:M26
Boundary:(794.0, 346.0)(905.5, 346.0)(905.5, 358.0)(921.0, 358.0)(921.0, 515.0)(794.0, 515.0);GATE
Port:(808.5, 505.0)(906.5, 505.0)(906.5, 515.0)(808.5, 515.0);SD
Port:(794.0, 346.0)(905.5, 346.0)(905.5, 358.0)(921.0, 358.0)(921.0, 500.0)(794.0, 500.0);GATE
Port:(804.0, 351.0)(891.0, 351.0)(891.0, 355.0)(804.0, 355.0);SD
Module:M23
Boundary:(971.0, 306.0)(1047.0, 306.0)(1047.0, 314.0)(1062.0, 314.0)(1062.0, 385.0)(971.0, 385.0);GATE
Port:(985.5, 375.0)(1047.5, 375.0)(1047.5, 385.0)(985.5, 385.0);SD
Port:(971.0, 306.0)(1047.0, 306.0)(1047.0, 314.0)(1062.0, 314.0)(1062.0, 370.0)(971.0, 370.0);GATE
Port:(981.0, 311.0)(1032.0, 311.0)(1032.0, 315.0)(981.0, 315.0);SD
Module:M18
Boundary:(626.0, 30.0)(626.0, 159.5)(612.0, 159.5)(612.0, 175.0)(455.0, 175.0)(455.0, 30.0);GATE
Port:(455.0, 44.5)(465.0, 44.5)(465.0, 160.5)(455.0, 160.5);SD
Port:(626.0, 30.0)(626.0, 159.5)(612.0, 159.5)(612.0, 175.0)(470.0, 175.0)(470.0, 30.0);GATE
Port:(617.0, 40.0)(621.0, 40.0)(621.0, 145.0)(617.0, 145.0);SD
Module:M20
Boundary:(940.0, 786.0)(1069.5, 786.0)(1069.5, 800.0)(1085.0, 800.0)(1085.0, 971.0)(940.0, 971.0);GATE
Port:(954.5, 961.0)(1070.5, 961.0)(1070.5, 971.0)(954.5, 971.0);SD
Port:(940.0, 786.0)(1069.5, 786.0)(1069.5, 800.0)(1085.0, 800.0)(1085.0, 956.0)(940.0, 956.0);GATE
Port:(950.0, 791.0)(1055.0, 791.0)(1055.0, 795.0)(950.0, 795.0);SD
Module:M15
Boundary:(405.0, 473.0)(405.0, 584.5)(316.2, 584.5)(316.2, 654.0)(261.0, 654.0)(261.0, 473.0);GATE
Port:(261.0, 487.5)(271.0, 487.5)(271.0, 639.5)(261.0, 639.5);SD
Port:(405.0, 473.0)(405.0, 584.5)(316.2, 584.5)(316.2, 654.0)(276.0, 654.0)(276.0, 473.0);GATE
Port:(396.0, 483.0)(400.0, 483.0)(400.0, 570.0)(396.0, 570.0);SD
Module:M12
Boundary:(1204.0, 160.0)(1204.0, 271.5)(1188.0, 271.5)(1188.0, 287.0)(1102.0, 287.0)(1102.0, 160.0);GATE
Port:(1102.0, 174.5)(1112.0, 174.5)(1112.0, 272.5)(1102.0, 272.5);SD
Port:(1204.0, 160.0)(1204.0, 271.5)(1188.0, 271.5)(1188.0, 287.0)(1117.0, 287.0)(1117.0, 160.0);GATE
Port:(1195.0, 170.0)(1199.0, 170.0)(1199.0, 257.0)(1195.0, 257.0);SD
Module:M44
Boundary:(869.0, 169.0)(869.0, 280.5)(857.0, 280.5)(857.0, 296.0)(676.0, 296.0)(676.0, 169.0);GATE
Port:(676.0, 183.5)(686.0, 183.5)(686.0, 281.5)(676.0, 281.5);SD
Port:(869.0, 169.0)(869.0, 280.5)(857.0, 280.5)(857.0, 296.0)(691.0, 296.0)(691.0, 169.0);GATE
Port:(860.0, 179.0)(864.0, 179.0)(864.0, 266.0)(860.0, 266.0);SD
Module:M39
Boundary:(395.0, 30.0)(395.0, 106.0)(387.0, 106.0)(387.0, 121.0)(197.0, 121.0)(197.0, 30.0);GATE
Port:(197.0, 44.5)(207.0, 44.5)(207.0, 106.5)(197.0, 106.5);SD
Port:(395.0, 30.0)(395.0, 106.0)(387.0, 106.0)(387.0, 121.0)(212.0, 121.0)(212.0, 30.0);GATE
Port:(386.0, 40.0)(390.0, 40.0)(390.0, 91.0)(386.0, 91.0);SD
Module:M8
Boundary:(784.0, 565.0)(913.5, 565.0)(913.5, 579.0)(929.0, 579.0)(929.0, 691.0)(784.0, 691.0);GATE
Port:(798.5, 681.0)(914.5, 681.0)(914.5, 691.0)(798.5, 691.0);SD
Port:(784.0, 565.0)(913.5, 565.0)(913.5, 579.0)(929.0, 579.0)(929.0, 676.0)(784.0, 676.0);GATE
Port:(794.0, 570.0)(899.0, 570.0)(899.0, 574.0)(794.0, 574.0);SD
Module:M41
Boundary:(784.0, 731.0)(877.5, 731.0)(877.5, 748.0)(893.0, 748.0)(893.0, 803.0)(784.0, 803.0);GATE
Port:(798.5, 793.0)(878.5, 793.0)(878.5, 803.0)(798.5, 803.0);SD
Port:(784.0, 731.0)(877.5, 731.0)(877.5, 748.0)(893.0, 748.0)(893.0, 788.0)(784.0, 788.0);GATE
Port:(794.0, 736.0)(863.0, 736.0)(863.0, 740.0)(794.0, 740.0);SD
Module:M4
Boundary:(492.0, 879.0)(492.0, 955.0)(484.0, 955.0)(484.0, 970.0)(333.0, 970.0)(333.0, 879.0);GATE
Port:(333.0, 893.5)(343.0, 893.5)(343.0, 955.5)(333.0, 955.5);SD
Port:(492.0, 879.0)(492.0, 955.0)(484.0, 955.0)(484.0, 970.0)(348.0, 970.0)(348.0, 879.0);GATE
Port:(483.0, 889.0)(487.0, 889.0)(487.0, 940.0)(483.0, 940.0);SD
Module:M36
Boundary:(20.0, 380.0)(113.5, 380.0)(113.5, 437.0)(219.0, 437.0)(219.0, 476.0)(20.0, 476.0);GATE
Port:(34.5, 466.0)(204.5, 466.0)(204.5, 476.0)(34.5, 476.0);SD
Port:(20.0, 380.0)(113.5, 380.0)(113.5, 437.0)(219.0, 437.0)(219.0, 461.0)(20.0, 461.0);GATE
Port:(30.0, 385.0)(99.0, 385.0)(99.0, 389.0)(30.0, 389.0);SD
Module:M33
Boundary:(1102.0, 327.0)(1178.0, 327.0)(1178.0, 335.0)(1193.0, 335.0)(1193.0, 403.0)(1102.0, 403.0);GATE
Port:(1116.5, 393.0)(1178.5, 393.0)(1178.5, 403.0)(1116.5, 403.0);SD
Port:(1102.0, 327.0)(1178.0, 327.0)(1178.0, 335.0)(1193.0, 335.0)(1193.0, 388.0)(1102.0, 388.0);GATE
Port:(1112.0, 332.0)(1163.0, 332.0)(1163.0, 336.0)(1112.0, 336.0);SD
Module:M28
Boundary:(1033.0, 578.0)(1033.0, 689.5)(1015.0, 689.5)(1015.0, 705.0)(969.0, 705.0)(969.0, 578.0);GATE
Port:(969.0, 592.5)(979.0, 592.5)(979.0, 690.5)(969.0, 690.5);SD
Port:(1033.0, 578.0)(1033.0, 689.5)(1015.0, 689.5)(1015.0, 705.0)(984.0, 705.0)(984.0, 578.0);GATE
Port:(1024.0, 588.0)(1028.0, 588.0)(1028.0, 675.0)(1024.0, 675.0);SD
Module:M30
Boundary:(259.0, 171.0)(388.5, 171.0)(388.5, 185.0)(404.0, 185.0)(404.0, 234.0)(259.0, 234.0);GATE
Port:(273.5, 224.0)(389.5, 224.0)(389.5, 234.0)(273.5, 234.0);SD
Port:(259.0, 171.0)(388.5, 171.0)(388.5, 185.0)(404.0, 185.0)(404.0, 219.0)(259.0, 219.0);GATE
Port:(269.0, 176.0)(374.0, 176.0)(374.0, 180.0)(269.0, 180.0);SD
Module:M25
Boundary:(617.0, 338.0)(728.5, 338.0)(728.5, 350.0)(744.0, 350.0)(744.0, 466.0)(617.0, 466.0);GATE
Port:(631.5, 456.0)(729.5, 456.0)(729.5, 466.0)(631.5, 466.0);SD
Port:(617.0, 338.0)(728.5, 338.0)(728.5, 350.0)(744.0, 350.0)(744.0, 451.0)(617.0, 451.0);GATE
Port:(627.0, 343.0)(714.0, 343.0)(714.0, 347.0)(627.0, 347.0);SD
Module:M22
Boundary:(1059.0, 193.0)(1059.0, 266.0)(915.0, 266.0)(915.0, 193.0);GATE
Port:(915.0, 207.5)(925.0, 207.5)(925.0, 251.5)(915.0, 251.5);SD
Port:(1059.0, 193.0)(1059.0, 266.0)(930.0, 266.0)(930.0, 193.0);GATE
Port:(1050.0, 203.0)(1054.0, 203.0)(1054.0, 256.0)(1050.0, 256.0);SD
Module:M17
Boundary:(211.0, 526.0)(211.0, 619.5)(201.0, 619.5)(201.0, 635.0)(30.0, 635.0)(30.0, 526.0);GATE
Port:(30.0, 540.5)(40.0, 540.5)(40.0, 620.5)(30.0, 620.5);SD
Port:(211.0, 526.0)(211.0, 619.5)(201.0, 619.5)(201.0, 635.0)(45.0, 635.0)(45.0, 526.0);GATE
Port:(202.0, 536.0)(206.0, 536.0)(206.0, 605.0)(202.0, 605.0);SD
