Area:(-20.0, -20.0)(1124.0, -20.0)(1124.0, 1320.0)(-20.0, 1320.0)
Rule:GATE(5,5);SD(5,5);GATE_SD(0.5);GATE_ITO(0.5);SD_ITO(0.5)
Module:M14
Boundary:(474.0, 891.0)(474.0, 1038.5)(458.0, 1038.5)(458.0, 1054.0)(313.0, 1054.0)(313.0, 891.0);GATE
Port:(313.0, 905.5)(323.0, 905.5)(323.0, 1039.5)(313.0, 1039.5);SD
Port:(474.0, 891.0)(474.0, 1038.5)(458.0, 1038.5)(458.0, 1054.0)(328.0, 1054.0)(328.0, 891.0);GATE
Port:(465.0, 901.0)(469.0, 901.0)(469.0, 1024.0)(465.0, 1024.0);SD
Module:M9
Boundary:(673.0, 126.0)(673.0, 202.0)(665.0, 202.0)(665.0, 217.0)(516.0, 217.0)(516.0, 126.0);GATE
Port:(516.0, 140.5)(526.0, 140.5)(526.0, 202.5)(516.0, 202.5);SD
Port:(673.0, 126.0)(673.0, 202.0)(665.0, 202.0)(665.0, 217.0)(531.0, 217.0)(531.0, 126.0);GATE
Port:(664.0, 136.0)(668.0, 136.0)(668.0, 187.0)(664.0, 187.0);SD
Module:M5
Boundary:(473.0, 223.0)(473.0, 299.0)(465.0, 299.0)(465.0, 314.0)(365.0, 314.0)(365.0, 223.0);GATE
Port:(365.0, 237.5)(375.0, 237.5)(375.0, 299.5)(365.0, 299.5);SD
Port:(473.0, 223.0)(473.0, 299.0)(465.0, 299.0)(465.0, 314.0)(380.0, 314.0)(380.0, 223.0);GATE
Port:(464.0, 233.0)(468.0, 233.0)(468.0, 284.0)(464.0, 284.0);SD
Module:M11
Boundary:(1084.0, 20.0)(1084.0, 167.5)(1068.0, 167.5)(1068.0, 183.0)(967.0, 183.0)(967.0, 20.0);GATE
Port:(967.0, 34.5)(977.0, 34.5)(977.0, 168.5)(967.0, 168.5);SD
Port:(1084.0, 20.0)(1084.0, 167.5)(1068.0, 167.5)(1068.0, 183.0)(982.0, 183.0)(982.0, 20.0);GATE
Port:(1075.0, 30.0)(1079.0, 30.0)(1079.0, 153.0)(1075.0, 153.0);SD
Module:M1
Boundary:(105.0, 876.0)(105.0, 949.0)(20.0, 949.0)(20.0, 876.0);GATE
Port:(20.0, 890.5)(30.0, 890.5)(30.0, 934.5)(20.0, 934.5);SD
Port:(105.0, 876.0)(105.0, 949.0)(35.0, 949.0)(35.0, 876.0);GATE
Port:(96.0, 886.0)(100.0, 886.0)(100.0, 939.0)(96.0, 939.0);SD
Module:M43
Boundary:(516.0, 20.0)(663.5, 20.0)(663.5, 36.0)(679.0, 36.0)(679.0, 86.0)(516.0, 86.0);GATE
Port:(530.5, 76.0)(664.5, 76.0)(664.5, 86.0)(530.5, 86.0);SD
Port:(516.0, 20.0)(663.5, 20.0)(663.5, 36.0)(679.0, 36.0)(679.0, 71.0)(516.0, 71.0);GATE
Port:(526.0, 25.0)(649.0, 25.0)(649.0, 29.0)(526.0, 29.0);SD
Module:M38
Boundary:(634.0, 1022.0)(634.0, 1115.5)(599.8, 1115.5)(599.8, 1167.0)(514.0, 1167.0)(514.0, 1022.0);GATE
Port:(514.0, 1036.5)(524.0, 1036.5)(524.0, 1152.5)(514.0, 1152.5);SD
Port:(634.0, 1022.0)(634.0, 1115.5)(599.8, 1115.5)(599.8, 1167.0)(529.0, 1167.0)(529.0, 1022.0);GATE
Port:(625.0, 1032.0)(629.0, 1032.0)(629.0, 1101.0)(625.0, 1101.0);SD
Module:M40
Boundary:(917.0, 30.0)(917.0, 159.5)(903.0, 159.5)(903.0, 175.0)(836.0, 175.0)(836.0, 30.0);GATE
Port:(836.0, 44.5)(846.0, 44.5)(846.0, 160.5)(836.0, 160.5);SD
Port:(917.0, 30.0)(917.0, 159.5)(903.0, 159.5)(903.0, 175.0)(851.0, 175.0)(851.0, 30.0);GATE
Port:(908.0, 40.0)(912.0, 40.0)(912.0, 145.0)(908.0, 145.0);SD
Module:M35
Boundary:(677.0, 616.0)(677.0, 763.5)(661.0, 763.5)(661.0, 779.0)(492.0, 779.0)(492.0, 616.0);GATE
Port:(492.0, 630.5)(502.0, 630.5)(502.0, 764.5)(492.0, 764.5);SD
Port:(677.0, 616.0)(677.0, 763.5)(661.0, 763.5)(661.0, 779.0)(507.0, 779.0)(507.0, 616.0);GATE
Port:(668.0, 626.0)(672.0, 626.0)(672.0, 749.0)(668.0, 749.0);SD
Module:M32
Boundary:(524.0, 388.0)(635.5, 388.0)(635.5, 468.2)(669.0, 468.2)(669.0, 566.0)(524.0, 566.0);GATE
Port:(538.5, 556.0)(654.5, 556.0)(654.5, 566.0)(538.5, 566.0);SD
Port:(524.0, 388.0)(635.5, 388.0)(635.5, 468.2)(669.0, 468.2)(669.0, 551.0)(524.0, 551.0);GATE
Port:(534.0, 393.0)(621.0, 393.0)(621.0, 397.0)(534.0, 397.0);SD
Module:M27
Boundary:(297.0, 454.0)(297.0, 530.0)(289.0, 530.0)(289.0, 545.0)(187.0, 545.0)(187.0, 454.0);GATE
Port:(187.0, 468.5)(197.0, 468.5)(197.0, 530.5)(187.0, 530.5);SD
Port:(297.0, 454.0)(297.0, 530.0)(289.0, 530.0)(289.0, 545.0)(202.0, 545.0)(202.0, 454.0);GATE
Port:(288.0, 464.0)(292.0, 464.0)(292.0, 515.0)(288.0, 515.0);SD
Module:M24
Boundary:(290.0, 1207.0)(419.5, 1207.0)(419.5, 1217.0)(453.0, 1217.0)(453.0, 1273.0)(290.0, 1273.0);GATE
Port:(304.5, 1263.0)(438.5, 1263.0)(438.5, 1273.0)(304.5, 1273.0);SD
Port:(290.0, 1207.0)(419.5, 1207.0)(419.5, 1217.0)(453.0, 1217.0)(453.0, 1258.0)(290.0, 1258.0);GATE
Port:(300.0, 1212.0)(405.0, 1212.0)(405.0, 1216.0)(300.0, 1216.0);SD
Module:M19
Boundary:(201.0, 615.0)(201.0, 688.0)(30.0, 688.0)(30.0, 615.0);GATE
Port:(30.0, 629.5)(40.0, 629.5)(40.0, 673.5)(30.0, 673.5);SD
Port:(201.0, 615.0)(201.0, 688.0)(45.0, 688.0)(45.0, 615.0);GATE
Port:(192.0, 625.0)(196.0, 625.0)(196.0, 678.0)(192.0, 678.0);SD
Module:M6
Boundary:(20.0, 738.0)(96.0, 738.0)(96.0, 746.0)(111.0, 746.0)(111.0, 836.0)(20.0, 836.0);GATE
Port:(34.5, 826.0)(96.5, 826.0)(96.5, 836.0)(34.5, 836.0);SD
Port:(20.0, 738.0)(96.0, 738.0)(96.0, 746.0)(111.0, 746.0)(111.0, 821.0)(20.0, 821.0);GATE
Port:(30.0, 743.0)(81.0, 743.0)(81.0, 747.0)(30.0, 747.0);SD
Module:M21
Boundary:(1071.0, 1096.0)(1071.0, 1189.5)(1009.6, 1189.5)(1009.6, 1277.0)(895.0, 1277.0)(895.0, 1096.0);GATE
Port:(895.0, 1110.5)(905.0, 1110.5)(905.0, 1262.5)(895.0, 1262.5);SD
Port:(1071.0, 1096.0)(1071.0, 1189.5)(1009.6, 1189.5)(1009.6, 1277.0)(910.0, 1277.0)(910.0, 1096.0);GATE
Port:(1062.0, 1106.0)(1066.0, 1106.0)(1066.0, 1175.0)(1062.0, 1175.0);SD
Module:M2
Boundary:(674.0, 1145.0)(821.5, 1145.0)(821.5, 1201.0)(855.0, 1201.0)(855.0, 1266.0)(674.0, 1266.0);GATE
Port:(688.5, 1256.0)(840.5, 1256.0)(840.5, 1266.0)(688.5, 1266.0);SD
Port:(674.0, 1145.0)(821.5, 1145.0)(821.5, 1201.0)(855.0, 1201.0)(855.0, 1251.0)(674.0, 1251.0);GATE
Port:(684.0, 1150.0)(807.0, 1150.0)(807.0, 1154.0)(684.0, 1154.0);SD
Module:M16
Boundary:(123.0, 1185.0)(123.0, 1261.0)(115.0, 1261.0)(115.0, 1276.0)(20.0, 1276.0)(20.0, 1185.0);GATE
Port:(20.0, 1199.5)(30.0, 1199.5)(30.0, 1261.5)(20.0, 1261.5);SD
Port:(123.0, 1185.0)(123.0, 1261.0)(115.0, 1261.0)(115.0, 1276.0)(35.0, 1276.0)(35.0, 1185.0);GATE
Port:(114.0, 1195.0)(118.0, 1195.0)(118.0, 1246.0)(114.0, 1246.0);SD
Module:M13
Boundary:(325.0, 20.0)(325.0, 167.5)(309.0, 167.5)(309.0, 183.0)(187.0, 183.0)(187.0, 20.0);GATE
Port:(187.0, 34.5)(197.0, 34.5)(197.0, 168.5)(187.0, 168.5);SD
Port:(325.0, 20.0)(325.0, 167.5)(309.0, 167.5)(309.0, 183.0)(202.0, 183.0)(202.0, 20.0);GATE
Port:(316.0, 30.0)(320.0, 30.0)(320.0, 153.0)(316.0, 153.0);SD
Module:M45
Boundary:(269.0, 786.0)(269.0, 933.5)(253.0, 933.5)(253.0, 949.0)(151.0, 949.0)(151.0, 786.0);GATE
Port:(151.0, 800.5)(161.0, 800.5)(161.0, 934.5)(151.0, 934.5);SD
Port:(269.0, 786.0)(269.0, 933.5)(253.0, 933.5)(253.0, 949.0)(166.0, 949.0)(166.0, 786.0);GATE
Port:(260.0, 796.0)(264.0, 796.0)(264.0, 919.0)(260.0, 919.0);SD
Module:M10
Boundary:(474.0, 354.0)(474.0, 483.5)(460.0, 483.5)(460.0, 499.0)(356.0, 499.0)(356.0, 354.0);GATE
Port:(356.0, 368.5)(366.0, 368.5)(366.0, 484.5)(356.0, 484.5);SD
Port:(474.0, 354.0)(474.0, 483.5)(460.0, 483.5)(460.0, 499.0)(371.0, 499.0)(371.0, 354.0);GATE
Port:(465.0, 364.0)(469.0, 364.0)(469.0, 469.0)(465.0, 469.0);SD
Module:M42
Boundary:(634.0, 1207.0)(634.0, 1280.0)(493.0, 1280.0)(493.0, 1207.0);GATE
Port:(493.0, 1221.5)(503.0, 1221.5)(503.0, 1265.5)(493.0, 1265.5);SD
Port:(634.0, 1207.0)(634.0, 1280.0)(508.0, 1280.0)(508.0, 1207.0);GATE
Port:(625.0, 1217.0)(629.0, 1217.0)(629.0, 1270.0)(625.0, 1270.0);SD
Module:M37
Boundary:(898.0, 225.0)(898.0, 336.5)(817.2, 336.5)(817.2, 370.0)(719.0, 370.0)(719.0, 225.0);GATE
Port:(719.0, 239.5)(729.0, 239.5)(729.0, 355.5)(719.0, 355.5);SD
Port:(898.0, 225.0)(898.0, 336.5)(817.2, 336.5)(817.2, 370.0)(734.0, 370.0)(734.0, 225.0);GATE
Port:(889.0, 235.0)(893.0, 235.0)(893.0, 322.0)(889.0, 322.0);SD
Module:M34
Boundary:(932.0, 645.0)(1043.5, 645.0)(1043.5, 717.2)(1077.0, 717.2)(1077.0, 807.0)(932.0, 807.0);GATE
Port:(946.5, 797.0)(1062.5, 797.0)(1062.5, 807.0)(946.5, 807.0);SD
Port:(932.0, 645.0)(1043.5, 645.0)(1043.5, 717.2)(1077.0, 717.2)(1077.0, 792.0)(932.0, 792.0);GATE
Port:(942.0, 650.0)(1029.0, 650.0)(1029.0, 654.0)(942.0, 654.0);SD
Module:M29
Boundary:(312.0, 337.0)(312.0, 410.0)(189.0, 410.0)(189.0, 337.0);GATE
Port:(189.0, 351.5)(199.0, 351.5)(199.0, 395.5)(189.0, 395.5);SD
Port:(312.0, 337.0)(312.0, 410.0)(204.0, 410.0)(204.0, 337.0);GATE
Port:(303.0, 347.0)(307.0, 347.0)(307.0, 400.0)(303.0, 400.0);SD
Module:M7
Boundary:(640.0, 819.0)(640.0, 930.5)(603.2, 930.5)(603.2, 982.0)(514.0, 982.0)(514.0, 819.0);GATE
Port:(514.0, 833.5)(524.0, 833.5)(524.0, 967.5)(514.0, 967.5);SD
Port:(640.0, 819.0)(640.0, 930.5)(603.2, 930.5)(603.2, 982.0)(529.0, 982.0)(529.0, 819.0);GATE
Port:(631.0, 829.0)(635.0, 829.0)(635.0, 916.0)(631.0, 916.0);SD
Module:M31
Boundary:(250.0, 1185.0)(250.0, 1261.0)(242.0, 1261.0)(242.0, 1276.0)(163.0, 1276.0)(163.0, 1185.0);GATE
Port:(163.0, 1199.5)(173.0, 1199.5)(173.0, 1261.5)(163.0, 1261.5);SD
Port:(250.0, 1185.0)(250.0, 1261.0)(242.0, 1261.0)(242.0, 1276.0)(178.0, 1276.0)(178.0, 1185.0);GATE
Port:(241.0, 1195.0)(245.0, 1195.0)(245.0, 1246.0)(241.0, 1246.0);SD
Module:M3
Boundary:(786.0, 20.0)(786.0, 131.5)(774.0, 131.5)(774.0, 147.0)(719.0, 147.0)(719.0, 20.0);GATE
Port:(719.0, 34.5)(729.0, 34.5)(729.0, 132.5)(719.0, 132.5);SD
Port:(786.0, 20.0)(786.0, 131.5)(774.0, 131.5)(774.0, 147.0)(734.0, 147.0)(734.0, 20.0);GATE
Port:(777.0, 30.0)(781.0, 30.0)(781.0, 117.0)(777.0, 117.0);SD
Module:M26
Boundary:(30.0, 264.0)(123.5, 264.0)(123.5, 274.0)(139.0, 274.0)(139.0, 404.0)(30.0, 404.0);GATE
Port:(44.5, 394.0)(124.5, 394.0)(124.5, 404.0)(44.5, 404.0);SD
Port:(30.0, 264.0)(123.5, 264.0)(123.5, 274.0)(139.0, 274.0)(139.0, 389.0)(30.0, 389.0);GATE
Port:(40.0, 269.0)(109.0, 269.0)(109.0, 273.0)(40.0, 273.0);SD
Module:M23
Boundary:(251.0, 585.0)(324.0, 585.0)(324.0, 746.0)(251.0, 746.0);GATE
Port:(265.5, 736.0)(309.5, 736.0)(309.5, 746.0)(265.5, 746.0);SD
Port:(251.0, 585.0)(324.0, 585.0)(324.0, 731.0)(251.0, 731.0);GATE
Port:(261.0, 590.0)(314.0, 590.0)(314.0, 594.0)(261.0, 594.0);SD
Module:M18
Boundary:(729.0, 420.0)(840.5, 420.0)(840.5, 432.0)(856.0, 432.0)(856.0, 617.0)(729.0, 617.0);GATE
Port:(743.5, 607.0)(841.5, 607.0)(841.5, 617.0)(743.5, 617.0);SD
Port:(729.0, 420.0)(840.5, 420.0)(840.5, 432.0)(856.0, 432.0)(856.0, 602.0)(729.0, 602.0);GATE
Port:(739.0, 425.0)(826.0, 425.0)(826.0, 429.0)(739.0, 429.0);SD
Module:M20
Boundary:(938.0, 225.0)(1031.5, 225.0)(1031.5, 303.8)(1065.0, 303.8)(1065.0, 402.0)(938.0, 402.0);GATE
Port:(952.5, 392.0)(1050.5, 392.0)(1050.5, 402.0)(952.5, 402.0);SD
Port:(938.0, 225.0)(1031.5, 225.0)(1031.5, 303.8)(1065.0, 303.8)(1065.0, 387.0)(938.0, 387.0);GATE
Port:(948.0, 230.0)(1017.0, 230.0)(1017.0, 234.0)(948.0, 234.0);SD
Module:M15
Boundary:(449.0, 724.0)(449.0, 817.5)(416.3, 817.5)(416.3, 851.0)(364.0, 851.0)(364.0, 724.0);GATE
Port:(364.0, 738.5)(374.0, 738.5)(374.0, 836.5)(364.0, 836.5);SD
Port:(449.0, 724.0)(449.0, 817.5)(416.3, 817.5)(416.3, 851.0)(379.0, 851.0)(379.0, 724.0);GATE
Port:(440.0, 734.0)(444.0, 734.0)(444.0, 803.0)(440.0, 803.0);SD
Module:M12
Boundary:(454.0, 1094.0)(454.0, 1167.0)(313.0, 1167.0)(313.0, 1094.0);GATE
Port:(313.0, 1108.5)(323.0, 1108.5)(323.0, 1152.5)(313.0, 1152.5);SD
Port:(454.0, 1094.0)(454.0, 1167.0)(328.0, 1167.0)(328.0, 1094.0);GATE
Port:(445.0, 1104.0)(449.0, 1104.0)(449.0, 1157.0)(445.0, 1157.0);SD
Module:M44
Boundary:(1084.0, 852.0)(1084.0, 928.0)(1076.0, 928.0)(1076.0, 943.0)(884.0, 943.0)(884.0, 852.0);GATE
Port:(884.0, 866.5)(894.0, 866.5)(894.0, 928.5)(884.0, 928.5);SD
Port:(1084.0, 852.0)(1084.0, 928.0)(1076.0, 928.0)(1076.0, 943.0)(899.0, 943.0)(899.0, 852.0);GATE
Port:(1075.0, 862.0)(1079.0, 862.0)(1079.0, 913.0)(1075.0, 913.0);SD
Module:M39
Boundary:(524.0, 267.0)(635.5, 267.0)(635.5, 277.0)(669.0, 277.0)(669.0, 328.0)(524.0, 328.0);GATE
Port:(538.5, 318.0)(654.5, 318.0)(654.5, 328.0)(538.5, 328.0);SD
Port:(524.0, 267.0)(635.5, 267.0)(635.5, 277.0)(669.0, 277.0)(669.0, 313.0)(524.0, 313.0);GATE
Port:(534.0, 272.0)(621.0, 272.0)(621.0, 276.0)(534.0, 276.0);SD
Module:M8
Boundary:(20.0, 989.0)(131.5, 989.0)(131.5, 1085.6)(273.0, 1085.6)(273.0, 1145.0)(20.0, 1145.0);GATE
Port:(34.5, 1135.0)(258.5, 1135.0)(258.5, 1145.0)(34.5, 1145.0);SD
Port:(20.0, 989.0)(131.5, 989.0)(131.5, 1085.6)(273.0, 1085.6)(273.0, 1130.0)(20.0, 1130.0);GATE
Port:(30.0, 994.0)(117.0, 994.0)(117.0, 998.0)(30.0, 998.0);SD
Module:M41
Boundary:(844.0, 852.0)(844.0, 945.5)(767.5, 945.5)(767.5, 1105.0)(680.0, 1105.0)(680.0, 852.0);GATE
Port:(680.0, 866.5)(690.0, 866.5)(690.0, 1090.5)(680.0, 1090.5);SD
Port:(844.0, 852.0)(844.0, 945.5)(767.5, 945.5)(767.5, 1105.0)(695.0, 1105.0)(695.0, 852.0);GATE
Port:(835.0, 862.0)(839.0, 862.0)(839.0, 931.0)(835.0, 931.0);SD
Module:M4
Boundary:(1079.0, 983.0)(1079.0, 1056.0)(884.0, 1056.0)(884.0, 983.0);GATE
Port:(884.0, 997.5)(894.0, 997.5)(894.0, 1041.5)(884.0, 1041.5);SD
Port:(1079.0, 983.0)(1079.0, 1056.0)(899.0, 1056.0)(899.0, 983.0);GATE
Port:(1070.0, 993.0)(1074.0, 993.0)(1074.0, 1046.0)(1070.0, 1046.0);SD
Module:M36
Boundary:(189.0, 223.0)(300.5, 223.0)(300.5, 235.0)(316.0, 235.0)(316.0, 297.0)(189.0, 297.0);GATE
Port:(203.5, 287.0)(301.5, 287.0)(301.5, 297.0)(203.5, 297.0);SD
Port:(189.0, 223.0)(300.5, 223.0)(300.5, 235.0)(316.0, 235.0)(316.0, 282.0)(189.0, 282.0);GATE
Port:(199.0, 228.0)(286.0, 228.0)(286.0, 232.0)(199.0, 232.0);SD
Module:M33
Boundary:(20.0, 20.0)(131.5, 20.0)(131.5, 32.0)(147.0, 32.0)(147.0, 214.0)(20.0, 214.0);GATE
Port:(34.5, 204.0)(132.5, 204.0)(132.5, 214.0)(34.5, 214.0);SD
Port:(20.0, 20.0)(131.5, 20.0)(131.5, 32.0)(147.0, 32.0)(147.0, 199.0)(20.0, 199.0);GATE
Port:(30.0, 25.0)(117.0, 25.0)(117.0, 29.0)(30.0, 29.0);SD
Module:M28
Boundary:(892.0, 667.0)(892.0, 796.5)(878.0, 796.5)(878.0, 812.0)(719.0, 812.0)(719.0, 667.0);GATE
Port:(719.0, 681.5)(729.0, 681.5)(729.0, 797.5)(719.0, 797.5);SD
Port:(892.0, 667.0)(892.0, 796.5)(878.0, 796.5)(878.0, 812.0)(734.0, 812.0)(734.0, 667.0);GATE
Port:(883.0, 677.0)(887.0, 677.0)(887.0, 782.0)(883.0, 782.0);SD
Module:M30
Boundary:(1084.0, 442.0)(1084.0, 553.5)(1029.8, 553.5)(1029.8, 605.0)(906.0, 605.0)(906.0, 442.0);GATE
Port:(906.0, 456.5)(916.0, 456.5)(916.0, 590.5)(906.0, 590.5);SD
Port:(1084.0, 442.0)(1084.0, 553.5)(1029.8, 553.5)(1029.8, 605.0)(921.0, 605.0)(921.0, 442.0);GATE
Port:(1075.0, 452.0)(1079.0, 452.0)(1079.0, 539.0)(1075.0, 539.0);SD
Module:M25
Boundary:(452.0, 539.0)(452.0, 632.5)(408.0, 632.5)(408.0, 684.0)(364.0, 684.0)(364.0, 539.0);GATE
Port:(364.0, 553.5)(374.0, 553.5)(374.0, 669.5)(364.0, 669.5);SD
Port:(452.0, 539.0)(452.0, 632.5)(408.0, 632.5)(408.0, 684.0)(379.0, 684.0)(379.0, 539.0);GATE
Port:(443.0, 549.0)(447.0, 549.0)(447.0, 618.0)(443.0, 618.0);SD
Module:M22
Boundary:(20.0, 454.0)(131.5, 454.0)(131.5, 466.0)(147.0, 466.0)(147.0, 565.0)(20.0, 565.0);GATE
Port:(34.5, 555.0)(132.5, 555.0)(132.5, 565.0)(34.5, 565.0);SD
Port:(20.0, 454.0)(131.5, 454.0)(131.5, 466.0)(147.0, 466.0)(147.0, 550.0)(20.0, 550.0);GATE
Port:(30.0, 459.0)(117.0, 459.0)(117.0, 463.0)(30.0, 463.0);SD
Module:M17
Boundary:(375.0, 30.0)(451.0, 30.0)(451.0, 38.0)(466.0, 38.0)(466.0, 173.0)(375.0, 173.0);GATE
Port:(389.5, 163.0)(451.5, 163.0)(451.5, 173.0)(389.5, 173.0);SD
Port:(375.0, 30.0)(451.0, 30.0)(451.0, 38.0)(466.0, 38.0)(466.0, 158.0)(375.0, 158.0);GATE
Port:(385.0, 35.0)(436.0, 35.0)(436.0, 39.0)(385.0, 39.0);SD
