Area:(-20.0, -11.6)(420.6, -11.6)(420.6, 1183.3)(-20.0, 1183.3)
Rule:GATE(5,5);SD(5,5);GATE_SD(0.5);GATE_ITO(0.5);SD_ITO(0.5)
Module:M15
Boundary:(235.4, 39.1)(130.1, 39.1)(130.1, 39.1)(113.0, 39.1)(113.0, 133.6)(235.4, 133.6);GATE
Port:(127.7, 129.3)(220.7, 129.3)(220.7, 133.6)(127.7, 133.6);SD
Port:(235.4, 39.1)(130.1, 39.1)(130.1, 39.1)(113.0, 39.1)(113.0, 127.6)(235.4, 127.6);GATE
Port:(136.1, 44.1)(229.4, 44.1)(229.4, 51.1)(136.1, 51.1);SD
Module:M14
Boundary:(255.3, 28.4)(318.8, 28.4)(318.8, 38.8)(333.6, 38.8)(333.6, 153.5)(255.3, 153.5);GATE
Port:(267.5, 148.2)(321.4, 148.2)(321.4, 153.5)(267.5, 153.5);SD
Port:(255.3, 28.4)(318.8, 28.4)(318.8, 38.8)(333.6, 38.8)(333.6, 145.7)(255.3, 145.7);GATE
Port:(260.7, 32.8)(312.4, 32.8)(312.4, 37.6)(260.7, 37.6);SD
Module:M3
Boundary:(109.9, 232.9)(59.8, 232.9)(59.8, 43.3)(109.9, 43.3);GATE
Port:(72.1, 43.3)(97.6, 43.3)(97.6, 47.8)(72.1, 47.8);SD
Port:(109.9, 232.9)(59.8, 232.9)(59.8, 49.2)(109.9, 49.2);GATE
Port:(65.2, 224.0)(104.5, 224.0)(104.5, 228.5)(65.2, 228.5);SD
Module:M13
Boundary:(247.8, 174.6)(247.8, 220.7)(247.6, 220.7)(247.6, 235.0)(142.2, 235.0)(142.2, 174.6);GATE
Port:(142.2, 187.3)(147.6, 187.3)(147.6, 222.3)(142.2, 222.3);SD
Port:(247.8, 174.6)(247.8, 220.7)(247.6, 220.7)(247.6, 235.0)(149.6, 235.0)(149.6, 174.6);GATE
Port:(236.8, 179.6)(243.8, 179.6)(243.8, 215.7)(236.8, 215.7);SD
Module:M1
Boundary:(380.6, 216.8)(380.6, 266.1)(380.5, 266.1)(380.5, 281.4)(255.7, 281.4)(255.7, 216.8);GATE
Port:(255.7, 230.2)(261.2, 230.2)(261.2, 268.0)(255.7, 268.0);SD
Port:(380.6, 216.8)(380.6, 266.1)(380.5, 266.1)(380.5, 281.4)(264.1, 281.4)(264.1, 216.8);GATE
Port:(369.0, 222.9)(375.5, 222.9)(375.5, 260.0)(369.0, 260.0);SD
Module:M4
Boundary:(25.9, 265.8)(25.9, 368.1)(41.9, 368.1)(41.9, 383.8)(208.3, 383.8)(208.3, 265.8);GATE
Port:(202.5, 279.4)(208.3, 279.4)(208.3, 370.2)(202.5, 370.2);SD
Port:(25.9, 265.8)(25.9, 368.1)(41.9, 368.1)(41.9, 383.8)(199.7, 383.8)(199.7, 265.8);GATE
Port:(30.1, 271.0)(36.6, 271.0)(36.6, 361.9)(30.1, 361.9);SD
Module:M6
Boundary:(364.6, 423.0)(364.6, 353.9)(353.0, 353.9)(353.0, 339.3)(220.8, 339.3)(220.8, 423.0);GATE
Port:(220.8, 354.1)(226.2, 354.1)(226.2, 408.2)(220.8, 408.2);SD
Port:(364.6, 423.0)(364.6, 353.9)(353.0, 353.9)(353.0, 339.3)(228.3, 339.3)(228.3, 423.0);GATE
Port:(351.6, 361.4)(359.1, 361.4)(359.1, 416.5)(351.6, 416.5);SD
Module:M16
Boundary:(365.6, 506.0)(365.6, 453.8)(318.6, 453.8)(318.6, 437.6)(221.5, 437.6)(221.5, 506.0);GATE
Port:(221.5, 450.7)(226.8, 450.7)(226.8, 492.9)(221.5, 492.9);SD
Port:(365.6, 506.0)(365.6, 453.8)(318.6, 453.8)(318.6, 437.6)(229.1, 437.6)(229.1, 506.0);GATE
Port:(355.2, 459.9)(361.5, 459.9)(361.5, 500.9)(355.2, 500.9);SD
Module:M10
Boundary:(197.5, 437.9)(197.5, 490.8)(182.6, 490.8)(182.6, 506.9)(20.9, 506.9)(20.9, 437.9);GATE
Port:(20.9, 451.8)(26.0, 451.8)(26.0, 493.0)(20.9, 493.0);SD
Port:(197.5, 437.9)(197.5, 490.8)(182.6, 490.8)(182.6, 506.9)(27.3, 506.9)(27.3, 437.9);GATE
Port:(186.6, 443.2)(193.2, 443.2)(193.2, 484.5)(186.6, 484.5);SD
Module:M12
Boundary:(358.7, 509.0)(358.7, 586.9)(308.7, 586.9)(308.7, 600.7)(249.9, 600.7)(249.9, 509.0);GATE
Port:(249.9, 522.2)(254.5, 522.2)(254.5, 587.5)(249.9, 587.5);SD
Port:(358.7, 509.0)(358.7, 586.9)(308.7, 586.9)(308.7, 600.7)(257.0, 600.7)(257.0, 509.0);GATE
Port:(347.7, 515.6)(353.1, 515.6)(353.1, 579.3)(347.7, 579.3);SD
Module:M18
Boundary:(237.2, 532.0)(237.2, 635.0)(199.2, 635.0)(199.2, 650.5)(20.0, 650.5)(20.0, 532.0);GATE
Port:(20.0, 546.4)(25.5, 546.4)(25.5, 636.1)(20.0, 636.1);SD
Port:(237.2, 532.0)(237.2, 635.0)(199.2, 635.0)(199.2, 650.5)(26.8, 650.5)(26.8, 532.0);GATE
Port:(225.9, 538.8)(231.4, 538.8)(231.4, 627.2)(225.9, 627.2);SD
Module:M17
Boundary:(257.2, 658.9)(257.2, 724.2)(178.4, 724.2)(178.4, 658.9);GATE
Port:(178.4, 671.9)(183.3, 671.9)(183.3, 711.2)(178.4, 711.2);SD
Port:(257.2, 658.9)(257.2, 724.2)(184.8, 724.2)(184.8, 658.9);GATE
Port:(246.4, 665.5)(251.6, 665.5)(251.6, 717.6)(246.4, 717.6);SD
Module:M19
Boundary:(165.0, 652.6)(70.0, 652.6)(70.0, 652.7)(54.2, 652.7)(54.2, 760.4)(165.0, 760.4);GATE
Port:(66.1, 755.8)(153.1, 755.8)(153.1, 760.4)(66.1, 760.4);SD
Port:(165.0, 652.6)(70.0, 652.6)(70.0, 652.7)(54.2, 652.7)(54.2, 753.3)(165.0, 753.3);GATE
Port:(75.5, 657.1)(159.5, 657.1)(159.5, 662.9)(75.5, 662.9);SD
Module:M7
Boundary:(256.9, 853.2)(256.9, 802.4)(256.8, 802.4)(256.8, 785.7)(163.4, 785.7)(163.4, 853.2);GATE
Port:(163.4, 799.5)(168.6, 799.5)(168.6, 839.4)(163.4, 839.4);SD
Port:(256.9, 853.2)(256.9, 802.4)(256.8, 802.4)(256.8, 785.7)(169.8, 785.7)(169.8, 853.2);GATE
Port:(246.4, 808.5)(251.8, 808.5)(251.8, 847.1)(246.4, 847.1);SD
Module:M5
Boundary:(265.1, 608.8)(326.0, 608.8)(326.0, 608.8)(341.3, 608.8)(341.3, 813.2)(265.1, 813.2);GATE
Port:(276.7, 808.9)(329.7, 808.9)(329.7, 813.2)(276.7, 813.2);SD
Port:(265.1, 608.8)(326.0, 608.8)(326.0, 608.8)(341.3, 608.8)(341.3, 806.4)(265.1, 806.4);GATE
Port:(270.1, 612.8)(321.0, 612.8)(321.0, 617.8)(270.1, 617.8);SD
Module:M9
Boundary:(54.2, 892.0)(54.2, 832.6)(54.5, 832.6)(54.5, 818.2)(163.0, 818.2)(163.0, 892.0);GATE
Port:(157.7, 829.9)(163.0, 829.9)(163.0, 880.4)(157.7, 880.4);SD
Port:(54.2, 892.0)(54.2, 832.6)(54.5, 832.6)(54.5, 818.2)(155.5, 818.2)(155.5, 892.0);GATE
Port:(59.0, 838.5)(64.2, 838.5)(64.2, 886.1)(59.0, 886.1);SD
Module:M8
Boundary:(374.5, 995.1)(374.5, 883.5)(275.7, 883.5)(275.7, 866.4)(184.5, 866.4)(184.5, 995.1);GATE
Port:(184.5, 881.5)(190.4, 881.5)(190.4, 980.0)(184.5, 980.0);SD
Port:(374.5, 995.1)(374.5, 883.5)(275.7, 883.5)(275.7, 866.4)(192.0, 866.4)(192.0, 995.1);GATE
Port:(362.0, 891.0)(369.0, 891.0)(369.0, 988.6)(362.0, 988.6);SD
Module:M20
Boundary:(165.1, 911.3)(165.1, 1002.5)(144.0, 1002.5)(144.0, 1019.6)(34.7, 1019.6)(34.7, 911.3);GATE
Port:(34.7, 925.7)(39.0, 925.7)(39.0, 1005.2)(34.7, 1005.2);SD
Port:(165.1, 911.3)(165.1, 1002.5)(144.0, 1002.5)(144.0, 1019.6)(40.7, 1019.6)(40.7, 911.3);GATE
Port:(153.8, 917.8)(159.6, 917.8)(159.6, 995.0)(153.8, 995.0);SD
Module:M2
Boundary:(337.6, 1121.6)(337.6, 1018.6)(254.5, 1018.6)(254.5, 1002.7)(175.2, 1002.7)(175.2, 1121.6);GATE
Port:(175.2, 1016.4)(180.4, 1016.4)(180.4, 1107.9)(175.2, 1107.9);SD
Port:(337.6, 1121.6)(337.6, 1018.6)(254.5, 1018.6)(254.5, 1002.7)(182.1, 1002.7)(182.1, 1121.6);GATE
Port:(327.2, 1024.8)(333.4, 1024.8)(333.4, 1116.4)(327.2, 1116.4);SD
Module:M11
Boundary:(27.5, 1038.6)(27.5, 1143.3)(175.1, 1143.3)(175.1, 1038.6);GATE
Port:(169.2, 1053.7)(175.1, 1053.7)(175.1, 1128.2)(169.2, 1128.2);SD
Port:(27.5, 1038.6)(27.5, 1143.3)(167.4, 1143.3)(167.4, 1038.6);GATE
Port:(32.9, 1045.0)(40.2, 1045.0)(40.2, 1136.9)(32.9, 1136.9);SD
