Area:(-20.0, -20.0)(1237.0, -20.0)(1237.0, 601.0)(-20.0, 601.0)
Rule:GATE(5,5);SD(5,5);GATE_SD(0.5);GATE_ITO(0.5);SD_ITO(0.5)
Module:M14
Boundary:(1187.0, 472.0)(1187.0, 545.0)(1125.0, 545.0)(1125.0, 472.0);GATE
Port:(1125.0, 486.5)(1135.0, 486.5)(1135.0, 530.5)(1125.0, 530.5);SD
Port:(1187.0, 472.0)(1187.0, 545.0)(1140.0, 545.0)(1140.0, 472.0);GATE
Port:(1178.0, 482.0)(1182.0, 482.0)(1182.0, 535.0)(1178.0, 535.0);SD
Module:M9
Boundary:(134.0, 223.0)(134.0, 316.5)(68.2, 316.5)(68.2, 386.0)(20.0, 386.0)(20.0, 223.0);GATE
Port:(20.0, 237.5)(30.0, 237.5)(30.0, 371.5)(20.0, 371.5);SD
Port:(134.0, 223.0)(134.0, 316.5)(68.2, 316.5)(68.2, 386.0)(35.0, 386.0)(35.0, 223.0);GATE
Port:(125.0, 233.0)(129.0, 233.0)(129.0, 302.0)(125.0, 302.0);SD
Module:M5
Boundary:(151.0, 20.0)(227.0, 20.0)(227.0, 28.0)(242.0, 28.0)(242.0, 183.0)(151.0, 183.0);GATE
Port:(165.5, 173.0)(227.5, 173.0)(227.5, 183.0)(165.5, 183.0);SD
Port:(151.0, 20.0)(227.0, 20.0)(227.0, 28.0)(242.0, 28.0)(242.0, 168.0)(151.0, 168.0);GATE
Port:(161.0, 25.0)(212.0, 25.0)(212.0, 29.0)(161.0, 29.0);SD
Module:M11
Boundary:(20.0, 20.0)(96.0, 20.0)(96.0, 28.0)(111.0, 28.0)(111.0, 163.0)(20.0, 163.0);GATE
Port:(34.5, 153.0)(96.5, 153.0)(96.5, 163.0)(34.5, 163.0);SD
Port:(20.0, 20.0)(96.0, 20.0)(96.0, 28.0)(111.0, 28.0)(111.0, 148.0)(20.0, 148.0);GATE
Port:(30.0, 25.0)(81.0, 25.0)(81.0, 29.0)(30.0, 29.0);SD
Module:M1
Boundary:(278.0, 463.0)(371.5, 463.0)(371.5, 473.0)(387.0, 473.0)(387.0, 561.0)(278.0, 561.0);GATE
Port:(292.5, 551.0)(372.5, 551.0)(372.5, 561.0)(292.5, 561.0);SD
Port:(278.0, 463.0)(371.5, 463.0)(371.5, 473.0)(387.0, 473.0)(387.0, 546.0)(278.0, 546.0);GATE
Port:(288.0, 468.0)(357.0, 468.0)(357.0, 472.0)(288.0, 472.0);SD
Module:M24
Boundary:(710.0, 426.0)(710.0, 519.5)(671.8, 519.5)(671.8, 553.0)(614.0, 553.0)(614.0, 426.0);GATE
Port:(614.0, 440.5)(624.0, 440.5)(624.0, 538.5)(614.0, 538.5);SD
Port:(710.0, 426.0)(710.0, 519.5)(671.8, 519.5)(671.8, 553.0)(629.0, 553.0)(629.0, 426.0);GATE
Port:(701.0, 436.0)(705.0, 436.0)(705.0, 505.0)(701.0, 505.0);SD
Module:M19
Boundary:(574.0, 426.0)(574.0, 537.5)(562.0, 537.5)(562.0, 553.0)(449.0, 553.0)(449.0, 426.0);GATE
Port:(449.0, 440.5)(459.0, 440.5)(459.0, 538.5)(449.0, 538.5);SD
Port:(574.0, 426.0)(574.0, 537.5)(562.0, 537.5)(562.0, 553.0)(464.0, 553.0)(464.0, 426.0);GATE
Port:(565.0, 436.0)(569.0, 436.0)(569.0, 523.0)(565.0, 523.0);SD
Module:M6
Boundary:(282.0, 20.0)(393.5, 20.0)(393.5, 32.0)(409.0, 32.0)(409.0, 158.0)(282.0, 158.0);GATE
Port:(296.5, 148.0)(394.5, 148.0)(394.5, 158.0)(296.5, 158.0);SD
Port:(282.0, 20.0)(393.5, 20.0)(393.5, 32.0)(409.0, 32.0)(409.0, 143.0)(282.0, 143.0);GATE
Port:(292.0, 25.0)(379.0, 25.0)(379.0, 29.0)(292.0, 29.0);SD
Module:M21
Boundary:(715.0, 223.0)(715.0, 299.0)(707.0, 299.0)(707.0, 314.0)(643.0, 314.0)(643.0, 223.0);GATE
Port:(643.0, 237.5)(653.0, 237.5)(653.0, 299.5)(643.0, 299.5);SD
Port:(715.0, 223.0)(715.0, 299.0)(707.0, 299.0)(707.0, 314.0)(658.0, 314.0)(658.0, 223.0);GATE
Port:(706.0, 233.0)(710.0, 233.0)(710.0, 284.0)(706.0, 284.0);SD
Module:M2
Boundary:(1197.0, 20.0)(1197.0, 131.5)(1090.5, 131.5)(1090.5, 327.0)(1023.0, 327.0)(1023.0, 20.0);GATE
Port:(1023.0, 34.5)(1033.0, 34.5)(1033.0, 312.5)(1023.0, 312.5);SD
Port:(1197.0, 20.0)(1197.0, 131.5)(1090.5, 131.5)(1090.5, 327.0)(1038.0, 327.0)(1038.0, 20.0);GATE
Port:(1188.0, 30.0)(1192.0, 30.0)(1192.0, 117.0)(1188.0, 117.0);SD
Module:M16
Boundary:(238.0, 463.0)(238.0, 539.0)(230.0, 539.0)(230.0, 554.0)(174.0, 554.0)(174.0, 463.0);GATE
Port:(174.0, 477.5)(184.0, 477.5)(184.0, 539.5)(174.0, 539.5);SD
Port:(238.0, 463.0)(238.0, 539.0)(230.0, 539.0)(230.0, 554.0)(189.0, 554.0)(189.0, 463.0);GATE
Port:(229.0, 473.0)(233.0, 473.0)(233.0, 524.0)(229.0, 524.0);SD
Module:M13
Boundary:(634.0, 20.0)(634.0, 167.5)(618.0, 167.5)(618.0, 183.0)(449.0, 183.0)(449.0, 20.0);GATE
Port:(449.0, 34.5)(459.0, 34.5)(459.0, 168.5)(449.0, 168.5);SD
Port:(634.0, 20.0)(634.0, 167.5)(618.0, 167.5)(618.0, 183.0)(464.0, 183.0)(464.0, 20.0);GATE
Port:(625.0, 30.0)(629.0, 30.0)(629.0, 153.0)(625.0, 153.0);SD
Module:M10
Boundary:(674.0, 20.0)(747.0, 20.0)(747.0, 152.0)(674.0, 152.0);GATE
Port:(688.5, 142.0)(732.5, 142.0)(732.5, 152.0)(688.5, 152.0);SD
Port:(674.0, 20.0)(747.0, 20.0)(747.0, 137.0)(674.0, 137.0);GATE
Port:(684.0, 25.0)(737.0, 25.0)(737.0, 29.0)(684.0, 29.0);SD
Module:M7
Boundary:(892.0, 169.0)(968.0, 169.0)(968.0, 177.0)(983.0, 177.0)(983.0, 276.0)(892.0, 276.0);GATE
Port:(906.5, 266.0)(968.5, 266.0)(968.5, 276.0)(906.5, 276.0);SD
Port:(892.0, 169.0)(968.0, 169.0)(968.0, 177.0)(983.0, 177.0)(983.0, 261.0)(892.0, 261.0);GATE
Port:(902.0, 174.0)(953.0, 174.0)(953.0, 178.0)(902.0, 178.0);SD
Module:M3
Boundary:(603.0, 223.0)(603.0, 370.5)(587.0, 370.5)(587.0, 386.0)(449.0, 386.0)(449.0, 223.0);GATE
Port:(449.0, 237.5)(459.0, 237.5)(459.0, 371.5)(449.0, 371.5);SD
Port:(603.0, 223.0)(603.0, 370.5)(587.0, 370.5)(587.0, 386.0)(464.0, 386.0)(464.0, 223.0);GATE
Port:(594.0, 233.0)(598.0, 233.0)(598.0, 356.0)(594.0, 356.0);SD
Module:M23
Boundary:(134.0, 426.0)(134.0, 519.5)(86.8, 519.5)(86.8, 553.0)(20.0, 553.0)(20.0, 426.0);GATE
Port:(20.0, 440.5)(30.0, 440.5)(30.0, 538.5)(20.0, 538.5);SD
Port:(134.0, 426.0)(134.0, 519.5)(86.8, 519.5)(86.8, 553.0)(35.0, 553.0)(35.0, 426.0);GATE
Port:(125.0, 436.0)(129.0, 436.0)(129.0, 505.0)(125.0, 505.0);SD
Module:M18
Boundary:(282.0, 198.0)(393.5, 198.0)(393.5, 210.0)(409.0, 210.0)(409.0, 270.0)(282.0, 270.0);GATE
Port:(296.5, 260.0)(394.5, 260.0)(394.5, 270.0)(296.5, 270.0);SD
Port:(282.0, 198.0)(393.5, 198.0)(393.5, 210.0)(409.0, 210.0)(409.0, 255.0)(282.0, 255.0);GATE
Port:(292.0, 203.0)(379.0, 203.0)(379.0, 207.0)(292.0, 207.0);SD
Module:M20
Boundary:(755.0, 449.0)(900.0, 449.0)(900.0, 561.0)(755.0, 561.0);GATE
Port:(769.5, 551.0)(885.5, 551.0)(885.5, 561.0)(769.5, 561.0);SD
Port:(755.0, 449.0)(900.0, 449.0)(900.0, 546.0)(755.0, 546.0);GATE
Port:(765.0, 454.0)(890.0, 454.0)(890.0, 458.0)(765.0, 458.0);SD
Module:M15
Boundary:(892.0, 316.0)(965.0, 316.0)(965.0, 402.0)(892.0, 402.0);GATE
Port:(906.5, 392.0)(950.5, 392.0)(950.5, 402.0)(906.5, 402.0);SD
Port:(892.0, 316.0)(965.0, 316.0)(965.0, 387.0)(892.0, 387.0);GATE
Port:(902.0, 321.0)(955.0, 321.0)(955.0, 325.0)(902.0, 325.0);SD
Module:M12
Boundary:(983.0, 20.0)(983.0, 113.5)(973.0, 113.5)(973.0, 129.0)(787.0, 129.0)(787.0, 20.0);GATE
Port:(787.0, 34.5)(797.0, 34.5)(797.0, 114.5)(787.0, 114.5);SD
Port:(983.0, 20.0)(983.0, 113.5)(973.0, 113.5)(973.0, 129.0)(802.0, 129.0)(802.0, 20.0);GATE
Port:(974.0, 30.0)(978.0, 30.0)(978.0, 99.0)(974.0, 99.0);SD
Module:M8
Boundary:(276.0, 310.0)(387.5, 310.0)(387.5, 322.0)(403.0, 322.0)(403.0, 423.0)(276.0, 423.0);GATE
Port:(290.5, 413.0)(388.5, 413.0)(388.5, 423.0)(290.5, 423.0);SD
Port:(276.0, 310.0)(387.5, 310.0)(387.5, 322.0)(403.0, 322.0)(403.0, 408.0)(276.0, 408.0);GATE
Port:(286.0, 315.0)(373.0, 315.0)(373.0, 319.0)(286.0, 319.0);SD
Module:M4
Boundary:(852.0, 192.0)(852.0, 339.5)(796.0, 339.5)(796.0, 409.0)(755.0, 409.0)(755.0, 192.0);GATE
Port:(755.0, 206.5)(765.0, 206.5)(765.0, 394.5)(755.0, 394.5);SD
Port:(852.0, 192.0)(852.0, 339.5)(796.0, 339.5)(796.0, 409.0)(770.0, 409.0)(770.0, 192.0);GATE
Port:(843.0, 202.0)(847.0, 202.0)(847.0, 325.0)(843.0, 325.0);SD
Module:M25
Boundary:(236.0, 223.0)(236.0, 370.5)(220.0, 370.5)(220.0, 386.0)(174.0, 386.0)(174.0, 223.0);GATE
Port:(174.0, 237.5)(184.0, 237.5)(184.0, 371.5)(174.0, 371.5);SD
Port:(236.0, 223.0)(236.0, 370.5)(220.0, 370.5)(220.0, 386.0)(189.0, 386.0)(189.0, 223.0);GATE
Port:(227.0, 233.0)(231.0, 233.0)(231.0, 356.0)(227.0, 356.0);SD
Module:M22
Boundary:(1023.0, 367.0)(1116.5, 367.0)(1116.5, 379.0)(1132.0, 379.0)(1132.0, 432.0)(1023.0, 432.0);GATE
Port:(1037.5, 422.0)(1117.5, 422.0)(1117.5, 432.0)(1037.5, 432.0);SD
Port:(1023.0, 367.0)(1116.5, 367.0)(1116.5, 379.0)(1132.0, 379.0)(1132.0, 417.0)(1023.0, 417.0);GATE
Port:(1033.0, 372.0)(1102.0, 372.0)(1102.0, 376.0)(1033.0, 376.0);SD
Module:M17
Boundary:(940.0, 472.0)(1069.5, 472.0)(1069.5, 490.0)(1085.0, 490.0)(1085.0, 561.0)(940.0, 561.0);GATE
Port:(954.5, 551.0)(1070.5, 551.0)(1070.5, 561.0)(954.5, 561.0);SD
Port:(940.0, 472.0)(1069.5, 472.0)(1069.5, 490.0)(1085.0, 490.0)(1085.0, 546.0)(940.0, 546.0);GATE
Port:(950.0, 477.0)(1055.0, 477.0)(1055.0, 481.0)(950.0, 481.0);SD
