Area:(-20.0, -20.0)(240.0, -20.0)(240.0, 577.0)(-20.0, 577.0)
Rule:GATE(5,5);SD(5,5);GATE_SD(0.5);GATE_ITO(0.5);SD_ITO(0.5)
Module:M5
Boundary:(200.0, 446.0)(200.0, 522.0)(192.0, 522.0)(192.0, 537.0)(20.0, 537.0)(20.0, 446.0);GATE
Port:(20.0, 460.5)(30.0, 460.5)(30.0, 522.5)(20.0, 522.5);SD
Port:(200.0, 446.0)(200.0, 522.0)(192.0, 522.0)(192.0, 537.0)(35.0, 537.0)(35.0, 446.0);GATE
Port:(191.0, 456.0)(195.0, 456.0)(195.0, 507.0)(191.0, 507.0);SD
Module:M1
Boundary:(200.0, 261.0)(200.0, 372.5)(169.8, 372.5)(169.8, 406.0)(122.0, 406.0)(122.0, 261.0);GATE
Port:(122.0, 275.5)(132.0, 275.5)(132.0, 391.5)(122.0, 391.5);SD
Port:(200.0, 261.0)(200.0, 372.5)(169.8, 372.5)(169.8, 406.0)(137.0, 406.0)(137.0, 261.0);GATE
Port:(191.0, 271.0)(195.0, 271.0)(195.0, 358.0)(191.0, 358.0);SD
Module:M2
Boundary:(20.0, 20.0)(131.5, 20.0)(131.5, 32.0)(147.0, 32.0)(147.0, 108.0)(20.0, 108.0);GATE
Port:(34.5, 98.0)(132.5, 98.0)(132.5, 108.0)(34.5, 108.0);SD
Port:(20.0, 20.0)(131.5, 20.0)(131.5, 32.0)(147.0, 32.0)(147.0, 93.0)(20.0, 93.0);GATE
Port:(30.0, 25.0)(117.0, 25.0)(117.0, 29.0)(30.0, 29.0);SD
Module:M3
Boundary:(82.0, 261.0)(82.0, 390.5)(68.0, 390.5)(68.0, 406.0)(20.0, 406.0)(20.0, 261.0);GATE
Port:(20.0, 275.5)(30.0, 275.5)(30.0, 391.5)(20.0, 391.5);SD
Port:(82.0, 261.0)(82.0, 390.5)(68.0, 390.5)(68.0, 406.0)(35.0, 406.0)(35.0, 261.0);GATE
Port:(73.0, 271.0)(77.0, 271.0)(77.0, 376.0)(73.0, 376.0);SD
Module:M4
Boundary:(146.0, 148.0)(146.0, 221.0)(20.0, 221.0)(20.0, 148.0);GATE
Port:(20.0, 162.5)(30.0, 162.5)(30.0, 206.5)(20.0, 206.5);SD
Port:(146.0, 148.0)(146.0, 221.0)(35.0, 221.0)(35.0, 148.0);GATE
Port:(137.0, 158.0)(141.0, 158.0)(141.0, 211.0)(137.0, 211.0);SD
