Area:(-20.0, -20.0)(790.0, -20.0)(790.0, 499.0)(-20.0, 499.0)
Rule:GATE(5,5);SD(5,5);GATE_SD(0.5);GATE_ITO(0.5);SD_ITO(0.5)
Module:M9
Boundary:(405.0, 151.0)(534.5, 151.0)(534.5, 165.0)(550.0, 165.0)(550.0, 232.0)(405.0, 232.0);GATE
Port:(419.5, 222.0)(535.5, 222.0)(535.5, 232.0)(419.5, 232.0);SD
Port:(405.0, 151.0)(534.5, 151.0)(534.5, 165.0)(550.0, 165.0)(550.0, 217.0)(405.0, 217.0);GATE
Port:(415.0, 156.0)(520.0, 156.0)(520.0, 160.0)(415.0, 160.0);SD
Module:M5
Boundary:(266.0, 282.0)(359.5, 282.0)(359.5, 375.5)(483.0, 375.5)(483.0, 440.0)(266.0, 440.0);GATE
Port:(280.5, 430.0)(468.5, 430.0)(468.5, 440.0)(280.5, 440.0);SD
Port:(266.0, 282.0)(359.5, 282.0)(359.5, 375.5)(483.0, 375.5)(483.0, 425.0)(266.0, 425.0);GATE
Port:(276.0, 287.0)(345.0, 287.0)(345.0, 291.0)(276.0, 291.0);SD
Module:M1
Boundary:(20.0, 372.0)(113.5, 372.0)(113.5, 405.7)(147.0, 405.7)(147.0, 459.0)(20.0, 459.0);GATE
Port:(34.5, 449.0)(132.5, 449.0)(132.5, 459.0)(34.5, 459.0);SD
Port:(20.0, 372.0)(113.5, 372.0)(113.5, 405.7)(147.0, 405.7)(147.0, 444.0)(20.0, 444.0);GATE
Port:(30.0, 377.0)(99.0, 377.0)(99.0, 381.0)(30.0, 381.0);SD
Module:M6
Boundary:(256.0, 20.0)(349.5, 20.0)(349.5, 30.0)(365.0, 30.0)(365.0, 206.0)(256.0, 206.0);GATE
Port:(270.5, 196.0)(350.5, 196.0)(350.5, 206.0)(270.5, 206.0);SD
Port:(256.0, 20.0)(349.5, 20.0)(349.5, 30.0)(365.0, 30.0)(365.0, 191.0)(256.0, 191.0);GATE
Port:(266.0, 25.0)(335.0, 25.0)(335.0, 29.0)(266.0, 29.0);SD
Module:M2
Boundary:(590.0, 187.0)(701.5, 187.0)(701.5, 200.0)(717.0, 200.0)(717.0, 257.0)(590.0, 257.0);GATE
Port:(604.5, 247.0)(702.5, 247.0)(702.5, 257.0)(604.5, 257.0);SD
Port:(590.0, 187.0)(701.5, 187.0)(701.5, 200.0)(717.0, 200.0)(717.0, 242.0)(590.0, 242.0);GATE
Port:(600.0, 192.0)(687.0, 192.0)(687.0, 196.0)(600.0, 196.0);SD
Module:M10
Boundary:(739.0, 307.0)(739.0, 436.5)(725.0, 436.5)(725.0, 452.0)(543.0, 452.0)(543.0, 307.0);GATE
Port:(543.0, 321.5)(553.0, 321.5)(553.0, 437.5)(543.0, 437.5);SD
Port:(739.0, 307.0)(739.0, 436.5)(725.0, 436.5)(725.0, 452.0)(558.0, 452.0)(558.0, 307.0);GATE
Port:(730.0, 317.0)(734.0, 317.0)(734.0, 422.0)(730.0, 422.0);SD
Module:M7
Boundary:(216.0, 20.0)(216.0, 95.5)(147.0, 95.5)(147.0, 183.0)(20.0, 183.0)(20.0, 20.0);GATE
Port:(20.0, 34.5)(30.0, 34.5)(30.0, 168.5)(20.0, 168.5);SD
Port:(216.0, 20.0)(216.0, 95.5)(147.0, 95.5)(147.0, 183.0)(35.0, 183.0)(35.0, 20.0);GATE
Port:(207.0, 30.0)(211.0, 30.0)(211.0, 81.0)(207.0, 81.0);SD
Module:M3
Boundary:(750.0, 20.0)(750.0, 113.5)(687.8, 113.5)(687.8, 147.0)(606.0, 147.0)(606.0, 20.0);GATE
Port:(606.0, 34.5)(616.0, 34.5)(616.0, 132.5)(606.0, 132.5);SD
Port:(750.0, 20.0)(750.0, 113.5)(687.8, 113.5)(687.8, 147.0)(621.0, 147.0)(621.0, 20.0);GATE
Port:(741.0, 30.0)(745.0, 30.0)(745.0, 99.0)(741.0, 99.0);SD
Module:M8
Boundary:(566.0, 20.0)(566.0, 96.0)(558.0, 96.0)(558.0, 111.0)(405.0, 111.0)(405.0, 20.0);GATE
Port:(405.0, 34.5)(415.0, 34.5)(415.0, 96.5)(405.0, 96.5);SD
Port:(566.0, 20.0)(566.0, 96.0)(558.0, 96.0)(558.0, 111.0)(420.0, 111.0)(420.0, 20.0);GATE
Port:(557.0, 30.0)(561.0, 30.0)(561.0, 81.0)(557.0, 81.0);SD
Module:M4
Boundary:(171.0, 223.0)(171.0, 316.5)(161.0, 316.5)(161.0, 332.0)(20.0, 332.0)(20.0, 223.0);GATE
Port:(20.0, 237.5)(30.0, 237.5)(30.0, 317.5)(20.0, 317.5);SD
Port:(171.0, 223.0)(171.0, 316.5)(161.0, 316.5)(161.0, 332.0)(35.0, 332.0)(35.0, 223.0);GATE
Port:(162.0, 233.0)(166.0, 233.0)(166.0, 302.0)(162.0, 302.0);SD
