Area:(-20.0, -20.0)(787.0, -20.0)(787.0, 1141.0)(-20.0, 1141.0)
Rule:GATE(5,5);SD(5,5);GATE_SD(0.5);GATE_ITO(0.5);SD_ITO(0.5)
Module:M14
Boundary:(189.0, 598.0)(189.0, 709.5)(141.2, 709.5)(141.2, 761.0)(30.0, 761.0)(30.0, 598.0);GATE
Port:(30.0, 612.5)(40.0, 612.5)(40.0, 746.5)(30.0, 746.5);SD
Port:(189.0, 598.0)(189.0, 709.5)(141.2, 709.5)(141.2, 761.0)(45.0, 761.0)(45.0, 598.0);GATE
Port:(180.0, 608.0)(184.0, 608.0)(184.0, 695.0)(180.0, 695.0);SD
Module:M9
Boundary:(602.0, 30.0)(602.0, 106.0)(594.0, 106.0)(594.0, 121.0)(459.0, 121.0)(459.0, 30.0);GATE
Port:(459.0, 44.5)(469.0, 44.5)(469.0, 106.5)(459.0, 106.5);SD
Port:(602.0, 30.0)(602.0, 106.0)(594.0, 106.0)(594.0, 121.0)(474.0, 121.0)(474.0, 30.0);GATE
Port:(593.0, 40.0)(597.0, 40.0)(597.0, 91.0)(593.0, 91.0);SD
Module:M5
Boundary:(577.0, 1010.0)(577.0, 1086.0)(569.0, 1086.0)(569.0, 1101.0)(386.0, 1101.0)(386.0, 1010.0);GATE
Port:(386.0, 1024.5)(396.0, 1024.5)(396.0, 1086.5)(386.0, 1086.5);SD
Port:(577.0, 1010.0)(577.0, 1086.0)(569.0, 1086.0)(569.0, 1101.0)(401.0, 1101.0)(401.0, 1010.0);GATE
Port:(568.0, 1020.0)(572.0, 1020.0)(572.0, 1071.0)(568.0, 1071.0);SD
Module:M11
Boundary:(417.0, 857.0)(564.5, 857.0)(564.5, 873.0)(580.0, 873.0)(580.0, 970.0)(417.0, 970.0);GATE
Port:(431.5, 960.0)(565.5, 960.0)(565.5, 970.0)(431.5, 970.0);SD
Port:(417.0, 857.0)(564.5, 857.0)(564.5, 873.0)(580.0, 873.0)(580.0, 955.0)(417.0, 955.0);GATE
Port:(427.0, 862.0)(550.0, 862.0)(550.0, 866.0)(427.0, 866.0);SD
Module:M1
Boundary:(336.0, 998.0)(336.0, 1074.0)(328.0, 1074.0)(328.0, 1089.0)(163.0, 1089.0)(163.0, 998.0);GATE
Port:(163.0, 1012.5)(173.0, 1012.5)(173.0, 1074.5)(163.0, 1074.5);SD
Port:(336.0, 998.0)(336.0, 1074.0)(328.0, 1074.0)(328.0, 1089.0)(178.0, 1089.0)(178.0, 998.0);GATE
Port:(327.0, 1008.0)(331.0, 1008.0)(331.0, 1059.0)(327.0, 1059.0);SD
Module:M27
Boundary:(377.0, 857.0)(377.0, 933.0)(369.0, 933.0)(369.0, 948.0)(228.0, 948.0)(228.0, 857.0);GATE
Port:(228.0, 871.5)(238.0, 871.5)(238.0, 933.5)(228.0, 933.5);SD
Port:(377.0, 857.0)(377.0, 933.0)(369.0, 933.0)(369.0, 948.0)(243.0, 948.0)(243.0, 857.0);GATE
Port:(368.0, 867.0)(372.0, 867.0)(372.0, 918.0)(368.0, 918.0);SD
Module:M24
Boundary:(747.0, 731.0)(747.0, 806.5)(690.0, 806.5)(690.0, 912.0)(635.0, 912.0)(635.0, 731.0);GATE
Port:(635.0, 745.5)(645.0, 745.5)(645.0, 897.5)(635.0, 897.5);SD
Port:(747.0, 731.0)(747.0, 806.5)(690.0, 806.5)(690.0, 912.0)(650.0, 912.0)(650.0, 731.0);GATE
Port:(738.0, 741.0)(742.0, 741.0)(742.0, 792.0)(738.0, 792.0);SD
Module:M19
Boundary:(323.0, 149.0)(323.0, 260.5)(275.0, 260.5)(275.0, 330.0)(235.0, 330.0)(235.0, 149.0);GATE
Port:(235.0, 163.5)(245.0, 163.5)(245.0, 315.5)(235.0, 315.5);SD
Port:(323.0, 149.0)(323.0, 260.5)(275.0, 260.5)(275.0, 330.0)(250.0, 330.0)(250.0, 149.0);GATE
Port:(314.0, 159.0)(318.0, 159.0)(318.0, 246.0)(314.0, 246.0);SD
Module:M6
Boundary:(522.0, 338.0)(595.0, 338.0)(595.0, 480.0)(522.0, 480.0);GATE
Port:(536.5, 470.0)(580.5, 470.0)(580.5, 480.0)(536.5, 480.0);SD
Port:(522.0, 338.0)(595.0, 338.0)(595.0, 465.0)(522.0, 465.0);GATE
Port:(532.0, 343.0)(585.0, 343.0)(585.0, 347.0)(532.0, 347.0);SD
Module:M21
Boundary:(20.0, 1037.0)(96.0, 1037.0)(96.0, 1045.0)(111.0, 1045.0)(111.0, 1100.0)(20.0, 1100.0);GATE
Port:(34.5, 1090.0)(96.5, 1090.0)(96.5, 1100.0)(34.5, 1100.0);SD
Port:(20.0, 1037.0)(96.0, 1037.0)(96.0, 1045.0)(111.0, 1045.0)(111.0, 1085.0)(20.0, 1085.0);GATE
Port:(30.0, 1042.0)(81.0, 1042.0)(81.0, 1046.0)(30.0, 1046.0);SD
Module:M2
Boundary:(660.0, 531.0)(733.0, 531.0)(733.0, 681.0)(660.0, 681.0);GATE
Port:(674.5, 671.0)(718.5, 671.0)(718.5, 681.0)(674.5, 681.0);SD
Port:(660.0, 531.0)(733.0, 531.0)(733.0, 666.0)(660.0, 666.0);GATE
Port:(670.0, 536.0)(723.0, 536.0)(723.0, 540.0)(670.0, 540.0);SD
Module:M16
Boundary:(20.0, 20.0)(96.0, 20.0)(96.0, 28.0)(111.0, 28.0)(111.0, 85.0)(20.0, 85.0);GATE
Port:(34.5, 75.0)(96.5, 75.0)(96.5, 85.0)(34.5, 85.0);SD
Port:(20.0, 20.0)(96.0, 20.0)(96.0, 28.0)(111.0, 28.0)(111.0, 70.0)(20.0, 70.0);GATE
Port:(30.0, 25.0)(81.0, 25.0)(81.0, 29.0)(30.0, 29.0);SD
Module:M13
Boundary:(615.0, 171.0)(615.0, 282.5)(603.0, 282.5)(603.0, 298.0)(522.0, 298.0)(522.0, 171.0);GATE
Port:(522.0, 185.5)(532.0, 185.5)(532.0, 283.5)(522.0, 283.5);SD
Port:(615.0, 171.0)(615.0, 282.5)(603.0, 282.5)(603.0, 298.0)(537.0, 298.0)(537.0, 171.0);GATE
Port:(606.0, 181.0)(610.0, 181.0)(610.0, 268.0)(606.0, 268.0);SD
Module:M10
Boundary:(151.0, 20.0)(224.0, 20.0)(224.0, 90.0)(151.0, 90.0);GATE
Port:(165.5, 80.0)(209.5, 80.0)(209.5, 90.0)(165.5, 90.0);SD
Port:(151.0, 20.0)(224.0, 20.0)(224.0, 75.0)(151.0, 75.0);GATE
Port:(161.0, 25.0)(214.0, 25.0)(214.0, 29.0)(161.0, 29.0);SD
Module:M29
Boundary:(725.0, 354.0)(725.0, 481.0)(635.0, 481.0)(635.0, 354.0);GATE
Port:(635.0, 368.5)(645.0, 368.5)(645.0, 466.5)(635.0, 466.5);SD
Port:(725.0, 354.0)(725.0, 481.0)(650.0, 481.0)(650.0, 354.0);GATE
Port:(716.0, 364.0)(720.0, 364.0)(720.0, 471.0)(716.0, 471.0);SD
Module:M7
Boundary:(595.0, 652.0)(595.0, 799.5)(579.0, 799.5)(579.0, 815.0)(478.0, 815.0)(478.0, 652.0);GATE
Port:(478.0, 666.5)(488.0, 666.5)(488.0, 800.5)(478.0, 800.5);SD
Port:(595.0, 652.0)(595.0, 799.5)(579.0, 799.5)(579.0, 815.0)(493.0, 815.0)(493.0, 652.0);GATE
Port:(586.0, 662.0)(590.0, 662.0)(590.0, 785.0)(586.0, 785.0);SD
Module:M3
Boundary:(331.0, 380.0)(331.0, 473.5)(319.0, 473.5)(319.0, 489.0)(225.0, 489.0)(225.0, 380.0);GATE
Port:(225.0, 394.5)(235.0, 394.5)(235.0, 474.5)(225.0, 474.5);SD
Port:(331.0, 380.0)(331.0, 473.5)(319.0, 473.5)(319.0, 489.0)(240.0, 489.0)(240.0, 380.0);GATE
Port:(322.0, 390.0)(326.0, 390.0)(326.0, 459.0)(322.0, 459.0);SD
Module:M26
Boundary:(239.0, 716.0)(386.5, 716.0)(386.5, 769.0)(438.0, 769.0)(438.0, 817.0)(239.0, 817.0);GATE
Port:(253.5, 807.0)(423.5, 807.0)(423.5, 817.0)(253.5, 817.0);SD
Port:(239.0, 716.0)(386.5, 716.0)(386.5, 769.0)(438.0, 769.0)(438.0, 802.0)(239.0, 802.0);GATE
Port:(249.0, 721.0)(372.0, 721.0)(372.0, 725.0)(249.0, 725.0);SD
Module:M23
Boundary:(620.0, 952.0)(731.5, 952.0)(731.5, 964.0)(747.0, 964.0)(747.0, 1101.0)(620.0, 1101.0);GATE
Port:(634.5, 1091.0)(732.5, 1091.0)(732.5, 1101.0)(634.5, 1101.0);SD
Port:(620.0, 952.0)(731.5, 952.0)(731.5, 964.0)(747.0, 964.0)(747.0, 1086.0)(620.0, 1086.0);GATE
Port:(630.0, 957.0)(717.0, 957.0)(717.0, 961.0)(630.0, 961.0);SD
Module:M18
Boundary:(391.0, 539.0)(391.0, 650.5)(379.0, 650.5)(379.0, 666.0)(249.0, 666.0)(249.0, 539.0);GATE
Port:(249.0, 553.5)(259.0, 553.5)(259.0, 651.5)(249.0, 651.5);SD
Port:(391.0, 539.0)(391.0, 650.5)(379.0, 650.5)(379.0, 666.0)(264.0, 666.0)(264.0, 539.0);GATE
Port:(382.0, 549.0)(386.0, 549.0)(386.0, 636.0)(382.0, 636.0);SD
Module:M20
Boundary:(373.0, 171.0)(466.5, 171.0)(466.5, 181.0)(482.0, 181.0)(482.0, 313.0)(373.0, 313.0);GATE
Port:(387.5, 303.0)(467.5, 303.0)(467.5, 313.0)(387.5, 313.0);SD
Port:(373.0, 171.0)(466.5, 171.0)(466.5, 181.0)(482.0, 181.0)(482.0, 298.0)(373.0, 298.0);GATE
Port:(383.0, 176.0)(452.0, 176.0)(452.0, 180.0)(383.0, 180.0);SD
Module:M15
Boundary:(264.0, 20.0)(393.5, 20.0)(393.5, 34.0)(409.0, 34.0)(409.0, 99.0)(264.0, 99.0);GATE
Port:(278.5, 89.0)(394.5, 89.0)(394.5, 99.0)(278.5, 99.0);SD
Port:(264.0, 20.0)(393.5, 20.0)(393.5, 34.0)(409.0, 34.0)(409.0, 84.0)(264.0, 84.0);GATE
Port:(274.0, 25.0)(379.0, 25.0)(379.0, 29.0)(274.0, 29.0);SD
Module:M12
Boundary:(465.0, 353.0)(465.0, 429.0)(457.0, 429.0)(457.0, 444.0)(373.0, 444.0)(373.0, 353.0);GATE
Port:(373.0, 367.5)(383.0, 367.5)(383.0, 429.5)(373.0, 429.5);SD
Port:(465.0, 353.0)(465.0, 429.0)(457.0, 429.0)(457.0, 444.0)(388.0, 444.0)(388.0, 353.0);GATE
Port:(456.0, 363.0)(460.0, 363.0)(460.0, 414.0)(456.0, 414.0);SD
Module:M8
Boundary:(30.0, 140.0)(159.5, 140.0)(159.5, 154.0)(175.0, 154.0)(175.0, 317.0)(30.0, 317.0);GATE
Port:(44.5, 307.0)(160.5, 307.0)(160.5, 317.0)(44.5, 317.0);SD
Port:(30.0, 140.0)(159.5, 140.0)(159.5, 154.0)(175.0, 154.0)(175.0, 302.0)(30.0, 302.0);GATE
Port:(40.0, 145.0)(145.0, 145.0)(145.0, 149.0)(40.0, 149.0);SD
Module:M4
Boundary:(747.0, 133.0)(747.0, 262.5)(700.8, 262.5)(700.8, 314.0)(655.0, 314.0)(655.0, 133.0);GATE
Port:(655.0, 147.5)(665.0, 147.5)(665.0, 299.5)(655.0, 299.5);SD
Port:(747.0, 133.0)(747.0, 262.5)(700.8, 262.5)(700.8, 314.0)(670.0, 314.0)(670.0, 133.0);GATE
Port:(738.0, 143.0)(742.0, 143.0)(742.0, 248.0)(738.0, 248.0);SD
Module:M28
Boundary:(188.0, 811.0)(188.0, 884.0)(20.0, 884.0)(20.0, 811.0);GATE
Port:(20.0, 825.5)(30.0, 825.5)(30.0, 869.5)(20.0, 869.5);SD
Port:(188.0, 811.0)(188.0, 884.0)(35.0, 884.0)(35.0, 811.0);GATE
Port:(179.0, 821.0)(183.0, 821.0)(183.0, 874.0)(179.0, 874.0);SD
Module:M30
Boundary:(113.0, 924.0)(113.0, 997.0)(20.0, 997.0)(20.0, 924.0);GATE
Port:(20.0, 938.5)(30.0, 938.5)(30.0, 982.5)(20.0, 982.5);SD
Port:(113.0, 924.0)(113.0, 997.0)(35.0, 997.0)(35.0, 924.0);GATE
Port:(104.0, 934.0)(108.0, 934.0)(108.0, 987.0)(104.0, 987.0);SD
Module:M25
Boundary:(20.0, 367.0)(167.5, 367.0)(167.5, 383.0)(183.0, 383.0)(183.0, 548.0)(20.0, 548.0);GATE
Port:(34.5, 538.0)(168.5, 538.0)(168.5, 548.0)(34.5, 548.0);SD
Port:(20.0, 367.0)(167.5, 367.0)(167.5, 383.0)(183.0, 383.0)(183.0, 533.0)(20.0, 533.0);GATE
Port:(30.0, 372.0)(153.0, 372.0)(153.0, 376.0)(30.0, 376.0);SD
Module:M22
Boundary:(610.0, 521.0)(610.0, 597.0)(602.0, 597.0)(602.0, 612.0)(441.0, 612.0)(441.0, 521.0);GATE
Port:(441.0, 535.5)(451.0, 535.5)(451.0, 597.5)(441.0, 597.5);SD
Port:(610.0, 521.0)(610.0, 597.0)(602.0, 597.0)(602.0, 612.0)(456.0, 612.0)(456.0, 521.0);GATE
Port:(601.0, 531.0)(605.0, 531.0)(605.0, 582.0)(601.0, 582.0);SD
Module:M17
Boundary:(743.0, 20.0)(743.0, 93.0)(652.0, 93.0)(652.0, 20.0);GATE
Port:(652.0, 34.5)(662.0, 34.5)(662.0, 78.5)(652.0, 78.5);SD
Port:(743.0, 20.0)(743.0, 93.0)(667.0, 93.0)(667.0, 20.0);GATE
Port:(734.0, 30.0)(738.0, 30.0)(738.0, 83.0)(734.0, 83.0);SD
