Area:(-20.0, -20.0)(702.0, -20.0)(702.0, 242.0)(-20.0, 242.0)
Rule:GATE(5,5);SD(5,5);GATE_SD(0.5);GATE_ITO(0.5);SD_ITO(0.5)
Module:M5
Boundary:(20.0, 133.0)(93.0, 133.0)(93.0, 202.0)(20.0, 202.0);GATE
Port:(34.5, 192.0)(78.5, 192.0)(78.5, 202.0)(34.5, 202.0);SD
Port:(20.0, 133.0)(93.0, 133.0)(93.0, 187.0)(20.0, 187.0);GATE
Port:(30.0, 138.0)(83.0, 138.0)(83.0, 142.0)(30.0, 142.0);SD
Module:M1
Boundary:(330.0, 20.0)(423.5, 20.0)(423.5, 58.1)(493.0, 58.1)(493.0, 188.0)(330.0, 188.0);GATE
Port:(344.5, 178.0)(478.5, 178.0)(478.5, 188.0)(344.5, 188.0);SD
Port:(330.0, 20.0)(423.5, 20.0)(423.5, 58.1)(493.0, 58.1)(493.0, 173.0)(330.0, 173.0);GATE
Port:(340.0, 25.0)(409.0, 25.0)(409.0, 29.0)(340.0, 29.0);SD
Module:M2
Boundary:(662.0, 20.0)(662.0, 131.5)(650.0, 131.5)(650.0, 147.0)(533.0, 147.0)(533.0, 20.0);GATE
Port:(533.0, 34.5)(543.0, 34.5)(543.0, 132.5)(533.0, 132.5);SD
Port:(662.0, 20.0)(662.0, 131.5)(650.0, 131.5)(650.0, 147.0)(548.0, 147.0)(548.0, 20.0);GATE
Port:(653.0, 30.0)(657.0, 30.0)(657.0, 117.0)(653.0, 117.0);SD
Module:M3
Boundary:(290.0, 20.0)(290.0, 149.5)(259.0, 149.5)(259.0, 201.0)(184.0, 201.0)(184.0, 20.0);GATE
Port:(184.0, 34.5)(194.0, 34.5)(194.0, 186.5)(184.0, 186.5);SD
Port:(290.0, 20.0)(290.0, 149.5)(259.0, 149.5)(259.0, 201.0)(199.0, 201.0)(199.0, 20.0);GATE
Port:(281.0, 30.0)(285.0, 30.0)(285.0, 135.0)(281.0, 135.0);SD
Module:M4
Boundary:(144.0, 20.0)(144.0, 93.0)(20.0, 93.0)(20.0, 20.0);GATE
Port:(20.0, 34.5)(30.0, 34.5)(30.0, 78.5)(20.0, 78.5);SD
Port:(144.0, 20.0)(144.0, 93.0)(35.0, 93.0)(35.0, 20.0);GATE
Port:(135.0, 30.0)(139.0, 30.0)(139.0, 83.0)(135.0, 83.0);SD
