Area:(-20.0, -20.0)(1428.0, -20.0)(1428.0, 672.0)(-20.0, 672.0)
Rule:GATE(5,5);SD(5,5);GATE_SD(0.5);GATE_ITO(0.5);SD_ITO(0.5)
Module:M14
Boundary:(997.0, 384.0)(997.0, 495.5)(985.0, 495.5)(985.0, 511.0)(842.0, 511.0)(842.0, 384.0);GATE
Port:(842.0, 398.5)(852.0, 398.5)(852.0, 496.5)(842.0, 496.5);SD
Port:(997.0, 384.0)(997.0, 495.5)(985.0, 495.5)(985.0, 511.0)(857.0, 511.0)(857.0, 384.0);GATE
Port:(988.0, 394.0)(992.0, 394.0)(992.0, 481.0)(988.0, 481.0);SD
Module:M9
Boundary:(303.0, 30.0)(432.5, 30.0)(432.5, 60.8)(484.0, 60.8)(484.0, 136.0)(303.0, 136.0);GATE
Port:(317.5, 126.0)(469.5, 126.0)(469.5, 136.0)(317.5, 136.0);SD
Port:(303.0, 30.0)(432.5, 30.0)(432.5, 60.8)(484.0, 60.8)(484.0, 121.0)(303.0, 121.0);GATE
Port:(313.0, 35.0)(418.0, 35.0)(418.0, 39.0)(313.0, 39.0);SD
Module:M5
Boundary:(20.0, 186.0)(149.5, 186.0)(149.5, 200.0)(165.0, 200.0)(165.0, 266.0)(20.0, 266.0);GATE
Port:(34.5, 256.0)(150.5, 256.0)(150.5, 266.0)(34.5, 266.0);SD
Port:(20.0, 186.0)(149.5, 186.0)(149.5, 200.0)(165.0, 200.0)(165.0, 251.0)(20.0, 251.0);GATE
Port:(30.0, 191.0)(135.0, 191.0)(135.0, 195.0)(30.0, 195.0);SD
Module:M11
Boundary:(1011.0, 243.0)(1011.0, 319.0)(1003.0, 319.0)(1003.0, 334.0)(832.0, 334.0)(832.0, 243.0);GATE
Port:(832.0, 257.5)(842.0, 257.5)(842.0, 319.5)(832.0, 319.5);SD
Port:(1011.0, 243.0)(1011.0, 319.0)(1003.0, 319.0)(1003.0, 334.0)(847.0, 334.0)(847.0, 243.0);GATE
Port:(1002.0, 253.0)(1006.0, 253.0)(1006.0, 304.0)(1002.0, 304.0);SD
Module:M1
Boundary:(215.0, 442.0)(344.5, 442.0)(344.5, 519.2)(414.0, 519.2)(414.0, 618.0)(215.0, 618.0);GATE
Port:(229.5, 608.0)(399.5, 608.0)(399.5, 618.0)(229.5, 618.0);SD
Port:(215.0, 442.0)(344.5, 442.0)(344.5, 519.2)(414.0, 519.2)(414.0, 603.0)(215.0, 603.0);GATE
Port:(225.0, 447.0)(330.0, 447.0)(330.0, 451.0)(225.0, 451.0);SD
Module:M27
Boundary:(701.0, 20.0)(777.0, 20.0)(777.0, 28.0)(792.0, 28.0)(792.0, 203.0)(701.0, 203.0);GATE
Port:(715.5, 193.0)(777.5, 193.0)(777.5, 203.0)(715.5, 203.0);SD
Port:(701.0, 20.0)(777.0, 20.0)(777.0, 28.0)(792.0, 28.0)(792.0, 188.0)(701.0, 188.0);GATE
Port:(711.0, 25.0)(762.0, 25.0)(762.0, 29.0)(711.0, 29.0);SD
Module:M24
Boundary:(1167.0, 20.0)(1167.0, 167.5)(1151.0, 167.5)(1151.0, 183.0)(1091.0, 183.0)(1091.0, 20.0);GATE
Port:(1091.0, 34.5)(1101.0, 34.5)(1101.0, 168.5)(1091.0, 168.5);SD
Port:(1167.0, 20.0)(1167.0, 167.5)(1151.0, 167.5)(1151.0, 183.0)(1106.0, 183.0)(1106.0, 20.0);GATE
Port:(1158.0, 30.0)(1162.0, 30.0)(1162.0, 153.0)(1158.0, 153.0);SD
Module:M19
Boundary:(770.0, 358.0)(770.0, 434.0)(762.0, 434.0)(762.0, 449.0)(678.0, 449.0)(678.0, 358.0);GATE
Port:(678.0, 372.5)(688.0, 372.5)(688.0, 434.5)(678.0, 434.5);SD
Port:(770.0, 358.0)(770.0, 434.0)(762.0, 434.0)(762.0, 449.0)(693.0, 449.0)(693.0, 358.0);GATE
Port:(761.0, 368.0)(765.0, 368.0)(765.0, 419.0)(761.0, 419.0);SD
Module:M6
Boundary:(1388.0, 453.0)(1388.0, 528.5)(1317.9, 528.5)(1317.9, 616.0)(1245.0, 616.0)(1245.0, 453.0);GATE
Port:(1245.0, 467.5)(1255.0, 467.5)(1255.0, 601.5)(1245.0, 601.5);SD
Port:(1388.0, 453.0)(1388.0, 528.5)(1317.9, 528.5)(1317.9, 616.0)(1260.0, 616.0)(1260.0, 453.0);GATE
Port:(1379.0, 463.0)(1383.0, 463.0)(1383.0, 514.0)(1379.0, 514.0);SD
Module:M21
Boundary:(253.0, 20.0)(253.0, 113.5)(243.0, 113.5)(243.0, 129.0)(171.0, 129.0)(171.0, 20.0);GATE
Port:(171.0, 34.5)(181.0, 34.5)(181.0, 114.5)(171.0, 114.5);SD
Port:(253.0, 20.0)(253.0, 113.5)(243.0, 113.5)(243.0, 129.0)(186.0, 129.0)(186.0, 20.0);GATE
Port:(244.0, 30.0)(248.0, 30.0)(248.0, 99.0)(244.0, 99.0);SD
Module:M2
Boundary:(30.0, 30.0)(106.0, 30.0)(106.0, 38.0)(121.0, 38.0)(121.0, 136.0)(30.0, 136.0);GATE
Port:(44.5, 126.0)(106.5, 126.0)(106.5, 136.0)(44.5, 136.0);SD
Port:(30.0, 30.0)(106.0, 30.0)(106.0, 38.0)(121.0, 38.0)(121.0, 121.0)(30.0, 121.0);GATE
Port:(40.0, 35.0)(91.0, 35.0)(91.0, 39.0)(40.0, 39.0);SD
Module:M16
Boundary:(1091.0, 223.0)(1184.5, 223.0)(1184.5, 253.0)(1236.0, 253.0)(1236.0, 292.0)(1091.0, 292.0);GATE
Port:(1105.5, 282.0)(1221.5, 282.0)(1221.5, 292.0)(1105.5, 292.0);SD
Port:(1091.0, 223.0)(1184.5, 223.0)(1184.5, 253.0)(1236.0, 253.0)(1236.0, 277.0)(1091.0, 277.0);GATE
Port:(1101.0, 228.0)(1170.0, 228.0)(1170.0, 232.0)(1101.0, 232.0);SD
Module:M13
Boundary:(1051.0, 332.0)(1198.5, 332.0)(1198.5, 348.0)(1214.0, 348.0)(1214.0, 411.0)(1051.0, 411.0);GATE
Port:(1065.5, 401.0)(1199.5, 401.0)(1199.5, 411.0)(1065.5, 411.0);SD
Port:(1051.0, 332.0)(1198.5, 332.0)(1198.5, 348.0)(1214.0, 348.0)(1214.0, 396.0)(1051.0, 396.0);GATE
Port:(1061.0, 337.0)(1184.0, 337.0)(1184.0, 341.0)(1061.0, 341.0);SD
Module:M10
Boundary:(20.0, 544.0)(131.5, 544.0)(131.5, 556.0)(147.0, 556.0)(147.0, 629.0)(20.0, 629.0);GATE
Port:(34.5, 619.0)(132.5, 619.0)(132.5, 629.0)(34.5, 629.0);SD
Port:(20.0, 544.0)(131.5, 544.0)(131.5, 556.0)(147.0, 556.0)(147.0, 614.0)(20.0, 614.0);GATE
Port:(30.0, 549.0)(117.0, 549.0)(117.0, 553.0)(30.0, 553.0);SD
Module:M29
Boundary:(20.0, 306.0)(149.5, 306.0)(149.5, 320.0)(165.0, 320.0)(165.0, 504.0)(20.0, 504.0);GATE
Port:(34.5, 494.0)(150.5, 494.0)(150.5, 504.0)(34.5, 504.0);SD
Port:(20.0, 306.0)(149.5, 306.0)(149.5, 320.0)(165.0, 320.0)(165.0, 489.0)(20.0, 489.0);GATE
Port:(30.0, 311.0)(135.0, 311.0)(135.0, 315.0)(30.0, 315.0);SD
Module:M7
Boundary:(1382.0, 340.0)(1382.0, 413.0)(1254.0, 413.0)(1254.0, 340.0);GATE
Port:(1254.0, 354.5)(1264.0, 354.5)(1264.0, 398.5)(1254.0, 398.5);SD
Port:(1382.0, 340.0)(1382.0, 413.0)(1269.0, 413.0)(1269.0, 340.0);GATE
Port:(1373.0, 350.0)(1377.0, 350.0)(1377.0, 403.0)(1373.0, 403.0);SD
Module:M3
Boundary:(681.0, 243.0)(774.5, 243.0)(774.5, 253.0)(790.0, 253.0)(790.0, 308.0)(681.0, 308.0);GATE
Port:(695.5, 298.0)(775.5, 298.0)(775.5, 308.0)(695.5, 308.0);SD
Port:(681.0, 243.0)(774.5, 243.0)(774.5, 253.0)(790.0, 253.0)(790.0, 293.0)(681.0, 293.0);GATE
Port:(691.0, 248.0)(760.0, 248.0)(760.0, 252.0)(691.0, 252.0);SD
Module:M26
Boundary:(205.0, 299.0)(334.5, 299.0)(334.5, 345.0)(440.0, 345.0)(440.0, 392.0)(205.0, 392.0);GATE
Port:(219.5, 382.0)(425.5, 382.0)(425.5, 392.0)(219.5, 392.0);SD
Port:(205.0, 299.0)(334.5, 299.0)(334.5, 345.0)(440.0, 345.0)(440.0, 377.0)(205.0, 377.0);GATE
Port:(215.0, 304.0)(320.0, 304.0)(320.0, 308.0)(215.0, 308.0);SD
Module:M23
Boundary:(496.0, 191.0)(625.5, 191.0)(625.5, 205.0)(641.0, 205.0)(641.0, 293.0)(496.0, 293.0);GATE
Port:(510.5, 283.0)(626.5, 283.0)(626.5, 293.0)(510.5, 293.0);SD
Port:(496.0, 191.0)(625.5, 191.0)(625.5, 205.0)(641.0, 205.0)(641.0, 278.0)(496.0, 278.0);GATE
Port:(506.0, 196.0)(611.0, 196.0)(611.0, 200.0)(506.0, 200.0);SD
Module:M18
Boundary:(1041.0, 30.0)(1041.0, 87.5)(982.5, 87.5)(982.5, 193.0)(842.0, 193.0)(842.0, 30.0);GATE
Port:(842.0, 44.5)(852.0, 44.5)(852.0, 178.5)(842.0, 178.5);SD
Port:(1041.0, 30.0)(1041.0, 87.5)(982.5, 87.5)(982.5, 193.0)(857.0, 193.0)(857.0, 30.0);GATE
Port:(1032.0, 40.0)(1036.0, 40.0)(1036.0, 73.0)(1032.0, 73.0);SD
Module:M20
Boundary:(832.0, 561.0)(961.5, 561.0)(961.5, 575.0)(977.0, 575.0)(977.0, 631.0)(832.0, 631.0);GATE
Port:(846.5, 621.0)(962.5, 621.0)(962.5, 631.0)(846.5, 631.0);SD
Port:(832.0, 561.0)(961.5, 561.0)(961.5, 575.0)(977.0, 575.0)(977.0, 616.0)(832.0, 616.0);GATE
Port:(842.0, 566.0)(947.0, 566.0)(947.0, 570.0)(842.0, 570.0);SD
Module:M15
Boundary:(1205.0, 451.0)(1205.0, 580.5)(1155.0, 580.5)(1155.0, 632.0)(1047.0, 632.0)(1047.0, 451.0);GATE
Port:(1047.0, 465.5)(1057.0, 465.5)(1057.0, 617.5)(1047.0, 617.5);SD
Port:(1205.0, 451.0)(1205.0, 580.5)(1155.0, 580.5)(1155.0, 632.0)(1062.0, 632.0)(1062.0, 451.0);GATE
Port:(1196.0, 461.0)(1200.0, 461.0)(1200.0, 566.0)(1196.0, 566.0);SD
Module:M12
Boundary:(628.0, 333.0)(628.0, 406.0)(480.0, 406.0)(480.0, 333.0);GATE
Port:(480.0, 347.5)(490.0, 347.5)(490.0, 391.5)(480.0, 391.5);SD
Port:(628.0, 333.0)(628.0, 406.0)(495.0, 406.0)(495.0, 333.0);GATE
Port:(619.0, 343.0)(623.0, 343.0)(623.0, 396.0)(619.0, 396.0);SD
Module:M8
Boundary:(593.0, 456.0)(593.0, 585.5)(541.3, 585.5)(541.3, 619.0)(474.0, 619.0)(474.0, 456.0);GATE
Port:(474.0, 470.5)(484.0, 470.5)(484.0, 604.5)(474.0, 604.5);SD
Port:(593.0, 456.0)(593.0, 585.5)(541.3, 585.5)(541.3, 619.0)(489.0, 619.0)(489.0, 456.0);GATE
Port:(584.0, 466.0)(588.0, 466.0)(588.0, 571.0)(584.0, 571.0);SD
Module:M4
Boundary:(1276.0, 223.0)(1352.0, 223.0)(1352.0, 231.0)(1367.0, 231.0)(1367.0, 300.0)(1276.0, 300.0);GATE
Port:(1290.5, 290.0)(1352.5, 290.0)(1352.5, 300.0)(1290.5, 300.0);SD
Port:(1276.0, 223.0)(1352.0, 223.0)(1352.0, 231.0)(1367.0, 231.0)(1367.0, 285.0)(1276.0, 285.0);GATE
Port:(1286.0, 228.0)(1337.0, 228.0)(1337.0, 232.0)(1286.0, 232.0);SD
Module:M28
Boundary:(643.0, 499.0)(772.5, 499.0)(772.5, 513.0)(788.0, 513.0)(788.0, 626.0)(643.0, 626.0);GATE
Port:(657.5, 616.0)(773.5, 616.0)(773.5, 626.0)(657.5, 626.0);SD
Port:(643.0, 499.0)(772.5, 499.0)(772.5, 513.0)(788.0, 513.0)(788.0, 611.0)(643.0, 611.0);GATE
Port:(653.0, 504.0)(758.0, 504.0)(758.0, 508.0)(653.0, 508.0);SD
Module:M30
Boundary:(301.0, 186.0)(301.0, 259.0)(205.0, 259.0)(205.0, 186.0);GATE
Port:(205.0, 200.5)(215.0, 200.5)(215.0, 244.5)(205.0, 244.5);SD
Port:(301.0, 186.0)(301.0, 259.0)(220.0, 259.0)(220.0, 186.0);GATE
Port:(292.0, 196.0)(296.0, 196.0)(296.0, 249.0)(292.0, 249.0);SD
Module:M25
Boundary:(534.0, 20.0)(627.5, 20.0)(627.5, 75.7)(661.0, 75.7)(661.0, 151.0)(534.0, 151.0);GATE
Port:(548.5, 141.0)(646.5, 141.0)(646.5, 151.0)(548.5, 151.0);SD
Port:(534.0, 20.0)(627.5, 20.0)(627.5, 75.7)(661.0, 75.7)(661.0, 136.0)(534.0, 136.0);GATE
Port:(544.0, 25.0)(613.0, 25.0)(613.0, 29.0)(544.0, 29.0);SD
Module:M22
Boundary:(1387.0, 20.0)(1387.0, 167.5)(1371.0, 167.5)(1371.0, 183.0)(1207.0, 183.0)(1207.0, 20.0);GATE
Port:(1207.0, 34.5)(1217.0, 34.5)(1217.0, 168.5)(1207.0, 168.5);SD
Port:(1387.0, 20.0)(1387.0, 167.5)(1371.0, 167.5)(1371.0, 183.0)(1222.0, 183.0)(1222.0, 20.0);GATE
Port:(1378.0, 30.0)(1382.0, 30.0)(1382.0, 153.0)(1378.0, 153.0);SD
Module:M17
Boundary:(456.0, 186.0)(456.0, 259.0)(341.0, 259.0)(341.0, 186.0);GATE
Port:(341.0, 200.5)(351.0, 200.5)(351.0, 244.5)(341.0, 244.5);SD
Port:(456.0, 186.0)(456.0, 259.0)(356.0, 259.0)(356.0, 186.0);GATE
Port:(447.0, 196.0)(451.0, 196.0)(451.0, 249.0)(447.0, 249.0);SD
