Area:(-20.0, -20.0)(1284.0, -20.0)(1284.0, 977.7)(-20.0, 977.7)
Rule:GATE(5,5);SD(5,5);GATE_SD(0.5);GATE_ITO(0.5);SD_ITO(0.5)
Module:M14
Boundary:(910.3, 861.3)(910.3, 918.5)(872.1, 918.5)(872.1, 936.0)(808.6, 936.0)(808.6, 861.3);GATE
Port:(808.6, 876.3)(814.1, 876.3)(814.1, 921.0)(808.6, 921.0);SD
Port:(910.3, 861.3)(910.3, 918.5)(872.1, 918.5)(872.1, 936.0)(816.0, 936.0)(816.0, 861.3);GATE
Port:(898.3, 866.7)(905.9, 866.7)(905.9, 912.1)(898.3, 912.1);SD
Module:M9
Boundary:(1040.7, 597.9)(1116.3, 597.9)(1116.3, 598.3)(1134.8, 598.3)(1134.8, 766.4)(1040.7, 766.4);GATE
Port:(1056.1, 760.7)(1119.4, 760.7)(1119.4, 766.4)(1056.1, 766.4);SD
Port:(1040.7, 597.9)(1116.3, 597.9)(1116.3, 598.3)(1134.8, 598.3)(1134.8, 759.1)(1040.7, 759.1);GATE
Port:(1047.1, 603.3)(1109.9, 603.3)(1109.9, 609.8)(1047.1, 609.8);SD
Module:M5
Boundary:(417.9, 607.8)(468.6, 607.8)(468.6, 828.0)(417.9, 828.0);GATE
Port:(431.4, 822.1)(455.1, 822.1)(455.1, 828.0)(431.4, 828.0);SD
Port:(417.9, 607.8)(468.6, 607.8)(468.6, 820.0)(417.9, 820.0);GATE
Port:(423.6, 612.5)(462.9, 612.5)(462.9, 618.2)(423.6, 618.2);SD
Module:M11
Boundary:(417.9, 868.0)(495.2, 868.0)(495.2, 868.1)(510.3, 868.1)(510.3, 937.7)(417.9, 937.7);GATE
Port:(430.2, 933.1)(498.0, 933.1)(498.0, 937.7)(430.2, 937.7);SD
Port:(417.9, 868.0)(495.2, 868.0)(495.2, 868.1)(510.3, 868.1)(510.3, 930.8)(417.9, 930.8);GATE
Port:(423.1, 872.2)(490.0, 872.2)(490.0, 878.6)(423.1, 878.6);SD
Module:M1
Boundary:(1174.8, 567.0)(1235.8, 567.0)(1235.8, 675.3)(1174.8, 675.3);GATE
Port:(1188.2, 671.0)(1222.4, 671.0)(1222.4, 675.3)(1188.2, 675.3);SD
Port:(1174.8, 567.0)(1235.8, 567.0)(1235.8, 668.8)(1174.8, 668.8);GATE
Port:(1181.5, 572.7)(1229.1, 572.7)(1229.1, 578.6)(1181.5, 578.6);SD
Module:M43
Boundary:(706.4, 698.8)(764.2, 698.8)(764.2, 699.1)(778.2, 699.1)(778.2, 772.8)(706.4, 772.8);GATE
Port:(717.9, 768.2)(766.7, 768.2)(766.7, 772.8)(717.9, 772.8);SD
Port:(706.4, 698.8)(764.2, 698.8)(764.2, 699.1)(778.2, 699.1)(778.2, 766.6)(706.4, 766.6);GATE
Port:(712.3, 703.7)(758.3, 703.7)(758.3, 708.3)(712.3, 708.3);SD
Module:M38
Boundary:(151.0, 305.7)(200.8, 305.7)(200.8, 371.2)(215.7, 371.2)(215.7, 439.3)(151.0, 439.3);GATE
Port:(164.4, 435.3)(202.3, 435.3)(202.3, 439.3)(164.4, 439.3);SD
Port:(151.0, 305.7)(200.8, 305.7)(200.8, 371.2)(215.7, 371.2)(215.7, 433.2)(151.0, 433.2);GATE
Port:(157.3, 311.0)(193.5, 311.0)(193.5, 315.9)(157.3, 315.9);SD
Module:M40
Boundary:(265.3, 30.0)(320.7, 30.0)(320.7, 60.1)(337.6, 60.1)(337.6, 152.4)(265.3, 152.4);GATE
Port:(279.7, 148.1)(323.2, 148.1)(323.2, 152.4)(279.7, 152.4);SD
Port:(265.3, 30.0)(320.7, 30.0)(320.7, 60.1)(337.6, 60.1)(337.6, 146.4)(265.3, 146.4);GATE
Port:(271.1, 34.8)(313.9, 34.8)(313.9, 41.4)(271.1, 41.4);SD
Module:M35
Boundary:(1148.7, 20.0)(1217.2, 20.0)(1217.2, 20.1)(1233.6, 20.1)(1233.6, 183.1)(1148.7, 183.1);GATE
Port:(1163.3, 179.0)(1219.0, 179.0)(1219.0, 183.1)(1163.3, 183.1);SD
Port:(1148.7, 20.0)(1217.2, 20.0)(1217.2, 20.1)(1233.6, 20.1)(1233.6, 178.0)(1148.7, 178.0);GATE
Port:(1155.2, 25.5)(1210.7, 25.5)(1210.7, 31.9)(1155.2, 31.9);SD
Module:M32
Boundary:(758.6, 824.3)(758.6, 909.6)(740.6, 909.6)(740.6, 925.7)(560.3, 925.7)(560.3, 824.3);GATE
Port:(560.3, 837.4)(564.9, 837.4)(564.9, 912.6)(560.3, 912.6);SD
Port:(758.6, 824.3)(758.6, 909.6)(740.6, 909.6)(740.6, 925.7)(566.3, 925.7)(566.3, 824.3);GATE
Port:(748.8, 830.0)(753.9, 830.0)(753.9, 902.9)(748.8, 902.9);SD
Module:M27
Boundary:(539.4, 179.1)(598.5, 179.1)(598.5, 179.4)(612.2, 179.4)(612.2, 272.3)(539.4, 272.3);GATE
Port:(552.1, 267.4)(599.5, 267.4)(599.5, 272.3)(552.1, 272.3);SD
Port:(539.4, 179.1)(598.5, 179.1)(598.5, 179.4)(612.2, 179.4)(612.2, 265.3)(539.4, 265.3);GATE
Port:(545.8, 184.5)(592.1, 184.5)(592.1, 189.9)(545.8, 189.9);SD
Module:M24
Boundary:(985.7, 436.8)(1053.9, 436.8)(1053.9, 446.7)(1069.2, 446.7)(1069.2, 557.9)(985.7, 557.9);GATE
Port:(999.4, 552.9)(1055.5, 552.9)(1055.5, 557.9)(999.4, 557.9);SD
Port:(985.7, 436.8)(1053.9, 436.8)(1053.9, 446.7)(1069.2, 446.7)(1069.2, 550.0)(985.7, 550.0);GATE
Port:(990.8, 440.9)(1047.8, 440.9)(1047.8, 448.1)(990.8, 448.1);SD
Module:M19
Boundary:(954.7, 175.1)(954.7, 247.1)(813.9, 247.1)(813.9, 175.1);GATE
Port:(813.9, 190.0)(819.5, 190.0)(819.5, 232.2)(813.9, 232.2);SD
Port:(954.7, 175.1)(954.7, 247.1)(820.8, 247.1)(820.8, 175.1);GATE
Port:(942.4, 182.0)(948.8, 182.0)(948.8, 240.2)(942.4, 240.2);SD
Module:M6
Boundary:(359.8, 588.7)(359.8, 660.8)(341.6, 660.8)(341.6, 677.4)(151.0, 677.4)(151.0, 588.7);GATE
Port:(151.0, 602.7)(156.4, 602.7)(156.4, 663.4)(151.0, 663.4);SD
Port:(359.8, 588.7)(359.8, 660.8)(341.6, 660.8)(341.6, 677.4)(158.7, 677.4)(158.7, 588.7);GATE
Port:(349.1, 594.9)(354.6, 594.9)(354.6, 653.6)(349.1, 653.6);SD
Module:M21
Boundary:(726.4, 591.2)(726.4, 642.4)(726.3, 642.4)(726.3, 658.8)(567.2, 658.8)(567.2, 591.2);GATE
Port:(567.2, 604.7)(572.5, 604.7)(572.5, 645.3)(567.2, 645.3);SD
Port:(726.4, 591.2)(726.4, 642.4)(726.3, 642.4)(726.3, 658.8)(575.4, 658.8)(575.4, 591.2);GATE
Port:(715.1, 598.2)(720.4, 598.2)(720.4, 635.4)(715.1, 635.4);SD
Module:M2
Boundary:(1035.2, 20.0)(1096.0, 20.0)(1096.0, 155.6)(1108.7, 155.6)(1108.7, 238.9)(1035.2, 238.9);GATE
Port:(1048.1, 232.9)(1095.8, 232.9)(1095.8, 238.9)(1048.1, 238.9);SD
Port:(1035.2, 20.0)(1096.0, 20.0)(1096.0, 155.6)(1108.7, 155.6)(1108.7, 230.8)(1035.2, 230.8);GATE
Port:(1041.2, 25.0)(1089.0, 25.0)(1089.0, 31.2)(1041.2, 31.2);SD
Module:M16
Boundary:(268.7, 717.4)(363.5, 717.4)(363.5, 845.2)(377.9, 845.2)(377.9, 924.3)(268.7, 924.3);GATE
Port:(281.2, 919.3)(365.4, 919.3)(365.4, 924.3)(281.2, 924.3);SD
Port:(268.7, 717.4)(363.5, 717.4)(363.5, 845.2)(377.9, 845.2)(377.9, 916.7)(268.7, 916.7);GATE
Port:(275.3, 723.0)(355.9, 723.0)(355.9, 727.4)(275.3, 727.4);SD
Module:M13
Boundary:(934.0, 524.1)(934.0, 584.6)(933.7, 584.6)(933.7, 598.8)(796.0, 598.8)(796.0, 524.1);GATE
Port:(796.0, 536.8)(800.6, 536.8)(800.6, 586.1)(796.0, 586.1);SD
Port:(934.0, 524.1)(934.0, 584.6)(933.7, 584.6)(933.7, 598.8)(803.5, 598.8)(803.5, 524.1);GATE
Port:(923.3, 529.8)(929.3, 529.8)(929.3, 578.9)(923.3, 578.9);SD
Module:M45
Boundary:(864.5, 20.0)(864.5, 125.1)(660.9, 125.1)(660.9, 20.0);GATE
Port:(660.9, 34.3)(666.4, 34.3)(666.4, 110.8)(660.9, 110.8);SD
Port:(864.5, 20.0)(864.5, 125.1)(669.1, 125.1)(669.1, 20.0);GATE
Port:(853.7, 26.5)(859.0, 26.5)(859.0, 118.6)(853.7, 118.6);SD
Module:M10
Boundary:(255.7, 305.7)(325.3, 305.7)(325.3, 374.0)(341.3, 374.0)(341.3, 443.9)(255.7, 443.9);GATE
Port:(269.5, 439.2)(327.5, 439.2)(327.5, 443.9)(269.5, 443.9);SD
Port:(255.7, 305.7)(325.3, 305.7)(325.3, 374.0)(341.3, 374.0)(341.3, 436.3)(255.7, 436.3);GATE
Port:(261.7, 310.7)(318.3, 310.7)(318.3, 316.1)(261.7, 316.1);SD
Module:M42
Boundary:(387.6, 20.0)(481.7, 20.0)(481.7, 30.5)(499.4, 30.5)(499.4, 144.6)(387.6, 144.6);GATE
Port:(402.3, 138.9)(484.7, 138.9)(484.7, 144.6)(402.3, 144.6);SD
Port:(387.6, 20.0)(481.7, 20.0)(481.7, 30.5)(499.4, 30.5)(499.4, 137.9)(387.6, 137.9);GATE
Port:(394.0, 25.4)(474.3, 25.4)(474.3, 31.6)(394.0, 31.6);SD
Module:M37
Boundary:(338.0, 483.9)(338.0, 532.5)(337.9, 532.5)(337.9, 548.7)(151.0, 548.7)(151.0, 483.9);GATE
Port:(151.0, 496.2)(155.3, 496.2)(155.3, 536.4)(151.0, 536.4);SD
Port:(338.0, 483.9)(338.0, 532.5)(337.9, 532.5)(337.9, 548.7)(157.6, 548.7)(157.6, 483.9);GATE
Port:(327.8, 489.4)(333.5, 489.4)(333.5, 527.0)(327.8, 527.0);SD
Module:M34
Boundary:(228.7, 717.4)(228.7, 789.7)(210.1, 789.7)(210.1, 805.4)(20.0, 805.4)(20.0, 717.4);GATE
Port:(20.0, 733.2)(26.0, 733.2)(26.0, 789.6)(20.0, 789.6);SD
Port:(228.7, 717.4)(228.7, 789.7)(210.1, 789.7)(210.1, 805.4)(27.3, 805.4)(27.3, 717.4);GATE
Port:(216.2, 724.1)(223.0, 724.1)(223.0, 782.0)(216.2, 782.0);SD
Module:M29
Boundary:(756.0, 495.4)(756.0, 534.0)(755.8, 534.0)(755.8, 551.2)(605.3, 551.2)(605.3, 495.4);GATE
Port:(605.3, 511.4)(610.3, 511.4)(610.3, 535.2)(605.3, 535.2);SD
Port:(756.0, 495.4)(756.0, 534.0)(755.8, 534.0)(755.8, 551.2)(612.0, 551.2)(612.0, 495.4);GATE
Port:(743.1, 502.2)(750.2, 502.2)(750.2, 527.2)(743.1, 527.2);SD
Module:M7
Boundary:(1243.0, 223.1)(1243.0, 293.8)(1148.7, 293.8)(1148.7, 223.1);GATE
Port:(1148.7, 237.4)(1153.0, 237.4)(1153.0, 279.5)(1148.7, 279.5);SD
Port:(1243.0, 223.1)(1243.0, 293.8)(1154.9, 293.8)(1154.9, 223.1);GATE
Port:(1231.7, 229.8)(1237.3, 229.8)(1237.3, 287.1)(1231.7, 287.1);SD
Module:M31
Boundary:(995.2, 20.0)(995.2, 120.4)(904.5, 120.4)(904.5, 20.0);GATE
Port:(904.5, 32.7)(909.1, 32.7)(909.1, 107.7)(904.5, 107.7);SD
Port:(995.2, 20.0)(995.2, 120.4)(912.1, 120.4)(912.1, 20.0);GATE
Port:(985.4, 26.2)(990.0, 26.2)(990.0, 114.2)(985.4, 114.2);SD
Module:M3
Boundary:(1174.8, 715.3)(1227.3, 715.3)(1227.3, 715.4)(1244.0, 715.4)(1244.0, 936.7)(1174.8, 936.7);GATE
Port:(1189.4, 930.8)(1229.4, 930.8)(1229.4, 936.7)(1189.4, 936.7);SD
Port:(1174.8, 715.3)(1227.3, 715.3)(1227.3, 715.4)(1244.0, 715.4)(1244.0, 928.0)(1174.8, 928.0);GATE
Port:(1181.6, 721.1)(1220.5, 721.1)(1220.5, 726.5)(1181.6, 726.5);SD
Module:M26
Boundary:(825.1, 322.3)(825.1, 428.5)(750.8, 428.5)(750.8, 445.4)(615.3, 445.4)(615.3, 322.3);GATE
Port:(615.3, 335.2)(620.8, 335.2)(620.8, 432.5)(615.3, 432.5);SD
Port:(825.1, 322.3)(825.1, 428.5)(750.8, 428.5)(750.8, 445.4)(622.3, 445.4)(622.3, 322.3);GATE
Port:(814.9, 327.7)(820.7, 327.7)(820.7, 422.1)(814.9, 422.1);SD
Module:M23
Boundary:(666.4, 698.8)(666.4, 774.3)(508.6, 774.3)(508.6, 698.8);GATE
Port:(508.6, 711.3)(512.7, 711.3)(512.7, 761.8)(508.6, 761.8);SD
Port:(666.4, 698.8)(666.4, 774.3)(514.0, 774.3)(514.0, 698.8);GATE
Port:(655.8, 705.3)(660.9, 705.3)(660.9, 767.8)(655.8, 767.8);SD
Module:M18
Boundary:(30.0, 415.8)(83.9, 415.8)(83.9, 557.6)(101.0, 557.6)(101.0, 640.7)(30.0, 640.7);GATE
Port:(44.0, 636.4)(87.0, 636.4)(87.0, 640.7)(44.0, 640.7);SD
Port:(30.0, 415.8)(83.9, 415.8)(83.9, 557.6)(101.0, 557.6)(101.0, 634.8)(30.0, 634.8);GATE
Port:(35.8, 420.6)(77.1, 420.6)(77.1, 426.4)(35.8, 426.4);SD
Module:M20
Boundary:(387.6, 184.6)(482.7, 184.6)(482.7, 239.2)(497.6, 239.2)(497.6, 316.0)(387.6, 316.0);GATE
Port:(399.7, 311.5)(485.5, 311.5)(485.5, 316.0)(399.7, 316.0);SD
Port:(387.6, 184.6)(482.7, 184.6)(482.7, 239.2)(497.6, 239.2)(497.6, 309.9)(387.6, 309.9);GATE
Port:(392.9, 188.9)(476.4, 188.9)(476.4, 193.7)(392.9, 193.7);SD
Module:M15
Boundary:(1123.5, 333.8)(1225.1, 333.8)(1225.1, 334.1)(1241.7, 334.1)(1241.7, 527.0)(1123.5, 527.0);GATE
Port:(1137.8, 522.9)(1227.4, 522.9)(1227.4, 527.0)(1137.8, 527.0);SD
Port:(1123.5, 333.8)(1225.1, 333.8)(1225.1, 334.1)(1241.7, 334.1)(1241.7, 521.0)(1123.5, 521.0);GATE
Port:(1128.8, 338.1)(1219.8, 338.1)(1219.8, 345.6)(1128.8, 345.6);SD
Module:M12
Boundary:(539.4, 20.0)(605.9, 20.0)(605.9, 76.1)(620.9, 76.1)(620.9, 139.1)(539.4, 139.1);GATE
Port:(552.9, 134.5)(607.4, 134.5)(607.4, 139.1)(552.9, 139.1);SD
Port:(539.4, 20.0)(605.9, 20.0)(605.9, 76.1)(620.9, 76.1)(620.9, 132.0)(539.4, 132.0);GATE
Port:(545.5, 25.1)(598.8, 25.1)(598.8, 30.6)(545.5, 30.6);SD
Module:M44
Boundary:(333.2, 202.4)(333.2, 251.2)(253.5, 251.2)(253.5, 265.7)(149.8, 265.7)(149.8, 202.4);GATE
Port:(149.8, 215.3)(154.2, 215.3)(154.2, 252.8)(149.8, 252.8);SD
Port:(333.2, 202.4)(333.2, 251.2)(253.5, 251.2)(253.5, 265.7)(156.2, 265.7)(156.2, 202.4);GATE
Port:(323.1, 207.6)(329.0, 207.6)(329.0, 245.0)(323.1, 245.0);SD
Module:M39
Boundary:(555.3, 366.0)(555.3, 435.2)(554.9, 435.2)(554.9, 451.8)(397.6, 451.8)(397.6, 366.0);GATE
Port:(397.6, 380.0)(402.6, 380.0)(402.6, 437.8)(397.6, 437.8);SD
Port:(555.3, 366.0)(555.3, 435.2)(554.9, 435.2)(554.9, 451.8)(404.4, 451.8)(404.4, 366.0);GATE
Port:(544.0, 372.6)(549.7, 372.6)(549.7, 428.6)(544.0, 428.6);SD
Module:M8
Boundary:(211.1, 845.4)(211.1, 920.5)(111.6, 920.5)(111.6, 937.1)(20.0, 937.1)(20.0, 845.4);GATE
Port:(20.0, 861.0)(25.2, 861.0)(25.2, 921.5)(20.0, 921.5);SD
Port:(211.1, 845.4)(211.1, 920.5)(111.6, 920.5)(111.6, 937.1)(27.0, 937.1)(27.0, 845.4);GATE
Port:(198.1, 851.8)(205.7, 851.8)(205.7, 913.1)(198.1, 913.1);SD
Module:M41
Boundary:(1126.6, 806.4)(1126.6, 916.6)(1126.3, 916.6)(1126.3, 935.1)(998.4, 935.1)(998.4, 806.4);GATE
Port:(998.4, 820.8)(1003.7, 820.8)(1003.7, 920.7)(998.4, 920.7);SD
Port:(1126.6, 806.4)(1126.6, 916.6)(1126.3, 916.6)(1126.3, 935.1)(1006.7, 935.1)(1006.7, 806.4);GATE
Port:(1115.3, 811.5)(1122.5, 811.5)(1122.5, 911.5)(1115.3, 911.5);SD
Module:M4
Boundary:(20.0, 185.4)(93.3, 185.4)(93.3, 200.7)(109.8, 200.7)(109.8, 365.8)(20.0, 365.8);GATE
Port:(35.0, 360.2)(94.8, 360.2)(94.8, 365.8)(35.0, 365.8);SD
Port:(20.0, 185.4)(93.3, 185.4)(93.3, 200.7)(109.8, 200.7)(109.8, 358.6)(20.0, 358.6);GATE
Port:(26.8, 191.2)(85.5, 191.2)(85.5, 197.2)(26.8, 197.2);SD
Module:M36
Boundary:(215.3, 20.0)(215.3, 128.3)(198.1, 128.3)(198.1, 145.4)(20.0, 145.4)(20.0, 20.0);GATE
Port:(20.0, 33.5)(24.8, 33.5)(24.8, 131.9)(20.0, 131.9);SD
Port:(215.3, 20.0)(215.3, 128.3)(198.1, 128.3)(198.1, 145.4)(27.3, 145.4)(27.3, 20.0);GATE
Port:(205.0, 26.0)(210.3, 26.0)(210.3, 121.3)(205.0, 121.3);SD
Module:M33
Boundary:(1000.7, 638.8)(1000.7, 707.5)(818.2, 707.5)(818.2, 638.8);GATE
Port:(818.2, 651.7)(823.4, 651.7)(823.4, 694.6)(818.2, 694.6);SD
Port:(1000.7, 638.8)(1000.7, 707.5)(825.2, 707.5)(825.2, 638.8);GATE
Port:(991.2, 644.0)(996.5, 644.0)(996.5, 702.3)(991.2, 702.3);SD
Module:M28
Boundary:(1083.5, 297.1)(1083.5, 381.2)(1047.1, 381.2)(1047.1, 396.8)(985.7, 396.8)(985.7, 297.1);GATE
Port:(985.7, 310.0)(990.9, 310.0)(990.9, 383.9)(985.7, 383.9);SD
Port:(1083.5, 297.1)(1083.5, 381.2)(1047.1, 381.2)(1047.1, 396.8)(993.9, 396.8)(993.9, 297.1);GATE
Port:(1072.8, 302.6)(1079.0, 302.6)(1079.0, 374.7)(1072.8, 374.7);SD
Module:M30
Boundary:(875.1, 297.1)(929.9, 297.1)(929.9, 377.4)(945.7, 377.4)(945.7, 484.1)(875.1, 484.1);GATE
Port:(890.3, 479.2)(930.5, 479.2)(930.5, 484.1)(890.3, 484.1);SD
Port:(875.1, 297.1)(929.9, 297.1)(929.9, 377.4)(945.7, 377.4)(945.7, 476.4)(875.1, 476.4);GATE
Port:(882.0, 303.0)(922.0, 303.0)(922.0, 309.5)(882.0, 309.5);SD
Module:M25
Boundary:(527.2, 501.8)(527.2, 550.9)(527.1, 550.9)(527.1, 567.8)(399.8, 567.8)(399.8, 501.8);GATE
Port:(399.8, 514.1)(404.3, 514.1)(404.3, 555.5)(399.8, 555.5);SD
Port:(527.2, 501.8)(527.2, 550.9)(527.1, 550.9)(527.1, 567.8)(406.8, 567.8)(406.8, 501.8);GATE
Port:(517.7, 507.5)(522.5, 507.5)(522.5, 545.2)(517.7, 545.2);SD
Module:M22
Boundary:(660.9, 165.1)(750.5, 165.1)(750.5, 220.1)(763.9, 220.1)(763.9, 268.1)(660.9, 268.1);GATE
Port:(673.2, 264.0)(751.6, 264.0)(751.6, 268.1)(673.2, 268.1);SD
Port:(660.9, 165.1)(750.5, 165.1)(750.5, 220.1)(763.9, 220.1)(763.9, 261.2)(660.9, 261.2);GATE
Port:(667.0, 170.2)(743.4, 170.2)(743.4, 175.0)(667.0, 175.0);SD
Module:M17
Boundary:(948.4, 757.5)(948.4, 798.9)(948.2, 798.9)(948.2, 811.3)(828.2, 811.3)(828.2, 757.5);GATE
Port:(828.2, 768.9)(832.6, 768.9)(832.6, 799.9)(828.2, 799.9);SD
Port:(948.4, 757.5)(948.4, 798.9)(948.2, 798.9)(948.2, 811.3)(835.3, 811.3)(835.3, 757.5);GATE
Port:(938.5, 763.5)(943.4, 763.5)(943.4, 792.9)(938.5, 792.9);SD
