Area:(-20.0, -20.0)(960.0, -20.0)(960.0, 1234.0)(-20.0, 1234.0)
Rule:GATE(5,5);SD(5,5);GATE_SD(0.5);GATE_ITO(0.5);SD_ITO(0.5)
Module:M14
Boundary:(355.0, 832.0)(355.0, 908.0)(347.0, 908.0)(347.0, 923.0)(205.0, 923.0)(205.0, 832.0);GATE
Port:(205.0, 846.5)(215.0, 846.5)(215.0, 908.5)(205.0, 908.5);SD
Port:(355.0, 832.0)(355.0, 908.0)(347.0, 908.0)(347.0, 923.0)(220.0, 923.0)(220.0, 832.0);GATE
Port:(346.0, 842.0)(350.0, 842.0)(350.0, 893.0)(346.0, 893.0);SD
Module:M9
Boundary:(20.0, 822.0)(131.5, 822.0)(131.5, 839.0)(147.0, 839.0)(147.0, 882.0)(20.0, 882.0);GATE
Port:(34.5, 872.0)(132.5, 872.0)(132.5, 882.0)(34.5, 882.0);SD
Port:(20.0, 822.0)(131.5, 822.0)(131.5, 839.0)(147.0, 839.0)(147.0, 867.0)(20.0, 867.0);GATE
Port:(30.0, 827.0)(117.0, 827.0)(117.0, 831.0)(30.0, 831.0);SD
Module:M5
Boundary:(289.0, 963.0)(289.0, 1039.0)(281.0, 1039.0)(281.0, 1054.0)(171.0, 1054.0)(171.0, 963.0);GATE
Port:(171.0, 977.5)(181.0, 977.5)(181.0, 1039.5)(171.0, 1039.5);SD
Port:(289.0, 963.0)(289.0, 1039.0)(281.0, 1039.0)(281.0, 1054.0)(186.0, 1054.0)(186.0, 963.0);GATE
Port:(280.0, 973.0)(284.0, 973.0)(284.0, 1024.0)(280.0, 1024.0);SD
Module:M11
Boundary:(671.0, 900.0)(671.0, 1047.5)(655.0, 1047.5)(655.0, 1063.0)(520.0, 1063.0)(520.0, 900.0);GATE
Port:(520.0, 914.5)(530.0, 914.5)(530.0, 1048.5)(520.0, 1048.5);SD
Port:(671.0, 900.0)(671.0, 1047.5)(655.0, 1047.5)(655.0, 1063.0)(535.0, 1063.0)(535.0, 900.0);GATE
Port:(662.0, 910.0)(666.0, 910.0)(666.0, 1033.0)(662.0, 1033.0);SD
Module:M1
Boundary:(472.0, 821.0)(472.0, 914.5)(443.3, 914.5)(443.3, 948.0)(395.0, 948.0)(395.0, 821.0);GATE
Port:(395.0, 835.5)(405.0, 835.5)(405.0, 933.5)(395.0, 933.5);SD
Port:(472.0, 821.0)(472.0, 914.5)(443.3, 914.5)(443.3, 948.0)(410.0, 948.0)(410.0, 821.0);GATE
Port:(463.0, 831.0)(467.0, 831.0)(467.0, 900.0)(463.0, 900.0);SD
Module:M38
Boundary:(909.0, 884.0)(909.0, 959.5)(867.1, 959.5)(867.1, 1029.0)(724.0, 1029.0)(724.0, 884.0);GATE
Port:(724.0, 898.5)(734.0, 898.5)(734.0, 1014.5)(724.0, 1014.5);SD
Port:(909.0, 884.0)(909.0, 959.5)(867.1, 959.5)(867.1, 1029.0)(739.0, 1029.0)(739.0, 884.0);GATE
Port:(900.0, 894.0)(904.0, 894.0)(904.0, 945.0)(900.0, 945.0);SD
Module:M40
Boundary:(171.0, 418.0)(171.0, 529.5)(159.0, 529.5)(159.0, 545.0)(30.0, 545.0)(30.0, 418.0);GATE
Port:(30.0, 432.5)(40.0, 432.5)(40.0, 530.5)(30.0, 530.5);SD
Port:(171.0, 418.0)(171.0, 529.5)(159.0, 529.5)(159.0, 545.0)(45.0, 545.0)(45.0, 418.0);GATE
Port:(162.0, 428.0)(166.0, 428.0)(166.0, 515.0)(162.0, 515.0);SD
Module:M35
Boundary:(231.0, 587.0)(342.5, 587.0)(342.5, 599.0)(358.0, 599.0)(358.0, 647.0)(231.0, 647.0);GATE
Port:(245.5, 637.0)(343.5, 637.0)(343.5, 647.0)(245.5, 647.0);SD
Port:(231.0, 587.0)(342.5, 587.0)(342.5, 599.0)(358.0, 599.0)(358.0, 632.0)(231.0, 632.0);GATE
Port:(241.0, 592.0)(328.0, 592.0)(328.0, 596.0)(241.0, 596.0);SD
Module:M32
Boundary:(674.0, 1103.0)(674.0, 1179.0)(666.0, 1179.0)(666.0, 1194.0)(478.0, 1194.0)(478.0, 1103.0);GATE
Port:(478.0, 1117.5)(488.0, 1117.5)(488.0, 1179.5)(478.0, 1179.5);SD
Port:(674.0, 1103.0)(674.0, 1179.0)(666.0, 1179.0)(666.0, 1194.0)(493.0, 1194.0)(493.0, 1103.0);GATE
Port:(665.0, 1113.0)(669.0, 1113.0)(669.0, 1164.0)(665.0, 1164.0);SD
Module:M27
Boundary:(920.0, 20.0)(920.0, 149.5)(906.0, 149.5)(906.0, 165.0)(737.0, 165.0)(737.0, 20.0);GATE
Port:(737.0, 34.5)(747.0, 34.5)(747.0, 150.5)(737.0, 150.5);SD
Port:(920.0, 20.0)(920.0, 149.5)(906.0, 149.5)(906.0, 165.0)(752.0, 165.0)(752.0, 20.0);GATE
Port:(911.0, 30.0)(915.0, 30.0)(915.0, 135.0)(911.0, 135.0);SD
Module:M24
Boundary:(550.0, 243.0)(550.0, 372.5)(536.0, 372.5)(536.0, 388.0)(412.0, 388.0)(412.0, 243.0);GATE
Port:(412.0, 257.5)(422.0, 257.5)(422.0, 373.5)(412.0, 373.5);SD
Port:(550.0, 243.0)(550.0, 372.5)(536.0, 372.5)(536.0, 388.0)(427.0, 388.0)(427.0, 243.0);GATE
Port:(541.0, 253.0)(545.0, 253.0)(545.0, 358.0)(541.0, 358.0);SD
Module:M19
Boundary:(20.0, 708.0)(131.5, 708.0)(131.5, 736.1)(165.0, 736.1)(165.0, 782.0)(20.0, 782.0);GATE
Port:(34.5, 772.0)(150.5, 772.0)(150.5, 782.0)(34.5, 782.0);SD
Port:(20.0, 708.0)(131.5, 708.0)(131.5, 736.1)(165.0, 736.1)(165.0, 767.0)(20.0, 767.0);GATE
Port:(30.0, 713.0)(117.0, 713.0)(117.0, 717.0)(30.0, 717.0);SD
Module:M6
Boundary:(170.0, 595.0)(170.0, 668.0)(20.0, 668.0)(20.0, 595.0);GATE
Port:(20.0, 609.5)(30.0, 609.5)(30.0, 653.5)(20.0, 653.5);SD
Port:(170.0, 595.0)(170.0, 668.0)(35.0, 668.0)(35.0, 595.0);GATE
Port:(161.0, 605.0)(165.0, 605.0)(165.0, 658.0)(161.0, 658.0);SD
Module:M21
Boundary:(548.0, 428.0)(548.0, 501.0)(413.0, 501.0)(413.0, 428.0);GATE
Port:(413.0, 442.5)(423.0, 442.5)(423.0, 486.5)(413.0, 486.5);SD
Port:(548.0, 428.0)(548.0, 501.0)(428.0, 501.0)(428.0, 428.0);GATE
Port:(539.0, 438.0)(543.0, 438.0)(543.0, 491.0)(539.0, 491.0);SD
Module:M2
Boundary:(602.0, 438.0)(675.0, 438.0)(675.0, 517.0)(602.0, 517.0);GATE
Port:(616.5, 507.0)(660.5, 507.0)(660.5, 517.0)(616.5, 517.0);SD
Port:(602.0, 438.0)(675.0, 438.0)(675.0, 502.0)(602.0, 502.0);GATE
Port:(612.0, 443.0)(665.0, 443.0)(665.0, 447.0)(612.0, 447.0);SD
Module:M16
Boundary:(919.0, 521.0)(919.0, 650.5)(905.0, 650.5)(905.0, 666.0)(747.0, 666.0)(747.0, 521.0);GATE
Port:(747.0, 535.5)(757.0, 535.5)(757.0, 651.5)(747.0, 651.5);SD
Port:(919.0, 521.0)(919.0, 650.5)(905.0, 650.5)(905.0, 666.0)(762.0, 666.0)(762.0, 521.0);GATE
Port:(910.0, 531.0)(914.0, 531.0)(914.0, 636.0)(910.0, 636.0);SD
Module:M13
Boundary:(714.0, 1079.0)(843.5, 1079.0)(843.5, 1124.7)(913.0, 1124.7)(913.0, 1192.0)(714.0, 1192.0);GATE
Port:(728.5, 1182.0)(898.5, 1182.0)(898.5, 1192.0)(728.5, 1192.0);SD
Port:(714.0, 1079.0)(843.5, 1079.0)(843.5, 1124.7)(913.0, 1124.7)(913.0, 1177.0)(714.0, 1177.0);GATE
Port:(724.0, 1084.0)(829.0, 1084.0)(829.0, 1088.0)(724.0, 1088.0);SD
Module:M10
Boundary:(548.0, 541.0)(548.0, 614.0)(413.0, 614.0)(413.0, 541.0);GATE
Port:(413.0, 555.5)(423.0, 555.5)(423.0, 599.5)(413.0, 599.5);SD
Port:(548.0, 541.0)(548.0, 614.0)(428.0, 614.0)(428.0, 541.0);GATE
Port:(539.0, 551.0)(543.0, 551.0)(543.0, 604.0)(539.0, 604.0);SD
Module:M37
Boundary:(479.0, 20.0)(552.0, 20.0)(552.0, 194.0)(479.0, 194.0);GATE
Port:(493.5, 184.0)(537.5, 184.0)(537.5, 194.0)(493.5, 194.0);SD
Port:(479.0, 20.0)(552.0, 20.0)(552.0, 179.0)(479.0, 179.0);GATE
Port:(489.0, 25.0)(542.0, 25.0)(542.0, 29.0)(489.0, 29.0);SD
Module:M34
Boundary:(590.0, 680.0)(663.0, 680.0)(663.0, 860.0)(590.0, 860.0);GATE
Port:(604.5, 850.0)(648.5, 850.0)(648.5, 860.0)(604.5, 860.0);SD
Port:(590.0, 680.0)(663.0, 680.0)(663.0, 845.0)(590.0, 845.0);GATE
Port:(600.0, 685.0)(653.0, 685.0)(653.0, 689.0)(600.0, 689.0);SD
Module:M29
Boundary:(429.0, 30.0)(429.0, 159.5)(405.0, 159.5)(405.0, 193.0)(365.0, 193.0)(365.0, 30.0);GATE
Port:(365.0, 44.5)(375.0, 44.5)(375.0, 178.5)(365.0, 178.5);SD
Port:(429.0, 30.0)(429.0, 159.5)(405.0, 159.5)(405.0, 193.0)(380.0, 193.0)(380.0, 30.0);GATE
Port:(420.0, 40.0)(424.0, 40.0)(424.0, 145.0)(420.0, 145.0);SD
Module:M7
Boundary:(707.0, 567.0)(707.0, 640.0)(590.0, 640.0)(590.0, 567.0);GATE
Port:(590.0, 581.5)(600.0, 581.5)(600.0, 625.5)(590.0, 625.5);SD
Port:(707.0, 567.0)(707.0, 640.0)(605.0, 640.0)(605.0, 567.0);GATE
Port:(698.0, 577.0)(702.0, 577.0)(702.0, 630.0)(698.0, 630.0);SD
Module:M31
Boundary:(920.0, 318.0)(920.0, 465.5)(904.0, 465.5)(904.0, 481.0)(725.0, 481.0)(725.0, 318.0);GATE
Port:(725.0, 332.5)(735.0, 332.5)(735.0, 466.5)(725.0, 466.5);SD
Port:(920.0, 318.0)(920.0, 465.5)(904.0, 465.5)(904.0, 481.0)(740.0, 481.0)(740.0, 318.0);GATE
Port:(911.0, 328.0)(915.0, 328.0)(915.0, 451.0)(911.0, 451.0);SD
Module:M3
Boundary:(546.0, 654.0)(546.0, 711.5)(516.4, 711.5)(516.4, 781.0)(408.0, 781.0)(408.0, 654.0);GATE
Port:(408.0, 668.5)(418.0, 668.5)(418.0, 766.5)(408.0, 766.5);SD
Port:(546.0, 654.0)(546.0, 711.5)(516.4, 711.5)(516.4, 781.0)(423.0, 781.0)(423.0, 654.0);GATE
Port:(537.0, 664.0)(541.0, 664.0)(541.0, 697.0)(537.0, 697.0);SD
Module:M26
Boundary:(30.0, 932.0)(106.0, 932.0)(106.0, 940.0)(121.0, 940.0)(121.0, 999.0)(30.0, 999.0);GATE
Port:(44.5, 989.0)(106.5, 989.0)(106.5, 999.0)(44.5, 999.0);SD
Port:(30.0, 932.0)(106.0, 932.0)(106.0, 940.0)(121.0, 940.0)(121.0, 984.0)(30.0, 984.0);GATE
Port:(40.0, 937.0)(91.0, 937.0)(91.0, 941.0)(40.0, 941.0);SD
Module:M23
Boundary:(480.0, 988.0)(480.0, 1061.0)(329.0, 1061.0)(329.0, 988.0);GATE
Port:(329.0, 1002.5)(339.0, 1002.5)(339.0, 1046.5)(329.0, 1046.5);SD
Port:(480.0, 988.0)(480.0, 1061.0)(344.0, 1061.0)(344.0, 988.0);GATE
Port:(471.0, 998.0)(475.0, 998.0)(475.0, 1051.0)(471.0, 1051.0);SD
Module:M18
Boundary:(117.0, 1049.0)(117.0, 1178.5)(103.0, 1178.5)(103.0, 1194.0)(20.0, 1194.0)(20.0, 1049.0);GATE
Port:(20.0, 1063.5)(30.0, 1063.5)(30.0, 1179.5)(20.0, 1179.5);SD
Port:(117.0, 1049.0)(117.0, 1178.5)(103.0, 1178.5)(103.0, 1194.0)(35.0, 1194.0)(35.0, 1049.0);GATE
Port:(108.0, 1059.0)(112.0, 1059.0)(112.0, 1164.0)(108.0, 1164.0);SD
Module:M20
Boundary:(697.0, 20.0)(697.0, 149.5)(683.0, 149.5)(683.0, 165.0)(592.0, 165.0)(592.0, 20.0);GATE
Port:(592.0, 34.5)(602.0, 34.5)(602.0, 150.5)(592.0, 150.5);SD
Port:(697.0, 20.0)(697.0, 149.5)(683.0, 149.5)(683.0, 165.0)(607.0, 165.0)(607.0, 20.0);GATE
Port:(688.0, 30.0)(692.0, 30.0)(692.0, 135.0)(688.0, 135.0);SD
Module:M15
Boundary:(210.0, 697.0)(339.5, 697.0)(339.5, 711.0)(355.0, 711.0)(355.0, 792.0)(210.0, 792.0);GATE
Port:(224.5, 782.0)(340.5, 782.0)(340.5, 792.0)(224.5, 792.0);SD
Port:(210.0, 697.0)(339.5, 697.0)(339.5, 711.0)(355.0, 711.0)(355.0, 777.0)(210.0, 777.0);GATE
Port:(220.0, 702.0)(325.0, 702.0)(325.0, 706.0)(220.0, 706.0);SD
Module:M12
Boundary:(92.0, 20.0)(92.0, 113.5)(75.0, 113.5)(75.0, 129.0)(20.0, 129.0)(20.0, 20.0);GATE
Port:(20.0, 34.5)(30.0, 34.5)(30.0, 114.5)(20.0, 114.5);SD
Port:(92.0, 20.0)(92.0, 113.5)(75.0, 113.5)(75.0, 129.0)(35.0, 129.0)(35.0, 20.0);GATE
Port:(83.0, 30.0)(87.0, 30.0)(87.0, 99.0)(83.0, 99.0);SD
Module:M39
Boundary:(245.0, 243.0)(356.5, 243.0)(356.5, 255.0)(372.0, 255.0)(372.0, 383.0)(245.0, 383.0);GATE
Port:(259.5, 373.0)(357.5, 373.0)(357.5, 383.0)(259.5, 383.0);SD
Port:(245.0, 243.0)(356.5, 243.0)(356.5, 255.0)(372.0, 255.0)(372.0, 368.0)(245.0, 368.0);GATE
Port:(255.0, 248.0)(342.0, 248.0)(342.0, 252.0)(255.0, 252.0);SD
Module:M8
Boundary:(919.0, 205.0)(919.0, 278.0)(720.0, 278.0)(720.0, 205.0);GATE
Port:(720.0, 219.5)(730.0, 219.5)(730.0, 263.5)(720.0, 263.5);SD
Port:(919.0, 205.0)(919.0, 278.0)(735.0, 278.0)(735.0, 205.0);GATE
Port:(910.0, 215.0)(914.0, 215.0)(914.0, 268.0)(910.0, 268.0);SD
Module:M4
Boundary:(315.0, 20.0)(315.0, 149.5)(294.0, 149.5)(294.0, 165.0)(245.0, 165.0)(245.0, 20.0);GATE
Port:(245.0, 34.5)(255.0, 34.5)(255.0, 150.5)(245.0, 150.5);SD
Port:(315.0, 20.0)(315.0, 149.5)(294.0, 149.5)(294.0, 165.0)(260.0, 165.0)(260.0, 20.0);GATE
Port:(306.0, 30.0)(310.0, 30.0)(310.0, 135.0)(306.0, 135.0);SD
Module:M36
Boundary:(373.0, 428.0)(373.0, 521.5)(363.0, 521.5)(363.0, 537.0)(221.0, 537.0)(221.0, 428.0);GATE
Port:(221.0, 442.5)(231.0, 442.5)(231.0, 522.5)(221.0, 522.5);SD
Port:(373.0, 428.0)(373.0, 521.5)(363.0, 521.5)(363.0, 537.0)(236.0, 537.0)(236.0, 428.0);GATE
Port:(364.0, 438.0)(368.0, 438.0)(368.0, 507.0)(364.0, 507.0);SD
Module:M33
Boundary:(20.0, 169.0)(131.5, 169.0)(131.5, 257.3)(201.0, 257.3)(201.0, 368.0)(20.0, 368.0);GATE
Port:(34.5, 358.0)(186.5, 358.0)(186.5, 368.0)(34.5, 368.0);SD
Port:(20.0, 169.0)(131.5, 169.0)(131.5, 257.3)(201.0, 257.3)(201.0, 353.0)(20.0, 353.0);GATE
Port:(30.0, 174.0)(117.0, 174.0)(117.0, 178.0)(30.0, 178.0);SD
Module:M28
Boundary:(329.0, 1101.0)(422.5, 1101.0)(422.5, 1111.0)(438.0, 1111.0)(438.0, 1194.0)(329.0, 1194.0);GATE
Port:(343.5, 1184.0)(423.5, 1184.0)(423.5, 1194.0)(343.5, 1194.0);SD
Port:(329.0, 1101.0)(422.5, 1101.0)(422.5, 1111.0)(438.0, 1111.0)(438.0, 1179.0)(329.0, 1179.0);GATE
Port:(339.0, 1106.0)(408.0, 1106.0)(408.0, 1110.0)(339.0, 1110.0);SD
Module:M30
Boundary:(670.0, 215.0)(670.0, 344.5)(643.9, 344.5)(643.9, 378.0)(602.0, 378.0)(602.0, 215.0);GATE
Port:(602.0, 229.5)(612.0, 229.5)(612.0, 363.5)(602.0, 363.5);SD
Port:(670.0, 215.0)(670.0, 344.5)(643.9, 344.5)(643.9, 378.0)(617.0, 378.0)(617.0, 215.0);GATE
Port:(661.0, 225.0)(665.0, 225.0)(665.0, 330.0)(661.0, 330.0);SD
Module:M25
Boundary:(703.0, 706.0)(814.5, 706.0)(814.5, 791.0)(920.0, 791.0)(920.0, 834.0)(703.0, 834.0);GATE
Port:(717.5, 824.0)(905.5, 824.0)(905.5, 834.0)(717.5, 834.0);SD
Port:(703.0, 706.0)(814.5, 706.0)(814.5, 791.0)(920.0, 791.0)(920.0, 819.0)(703.0, 819.0);GATE
Port:(713.0, 711.0)(800.0, 711.0)(800.0, 715.0)(713.0, 715.0);SD
Module:M22
Boundary:(167.0, 1104.0)(260.5, 1104.0)(260.5, 1114.0)(276.0, 1114.0)(276.0, 1181.0)(167.0, 1181.0);GATE
Port:(181.5, 1171.0)(261.5, 1171.0)(261.5, 1181.0)(181.5, 1181.0);SD
Port:(167.0, 1104.0)(260.5, 1104.0)(260.5, 1114.0)(276.0, 1114.0)(276.0, 1166.0)(167.0, 1166.0);GATE
Port:(177.0, 1109.0)(246.0, 1109.0)(246.0, 1113.0)(177.0, 1113.0);SD
Module:M17
Boundary:(132.0, 20.0)(205.0, 20.0)(205.0, 106.0)(132.0, 106.0);GATE
Port:(146.5, 96.0)(190.5, 96.0)(190.5, 106.0)(146.5, 106.0);SD
Port:(132.0, 20.0)(205.0, 20.0)(205.0, 91.0)(132.0, 91.0);GATE
Port:(142.0, 25.0)(195.0, 25.0)(195.0, 29.0)(142.0, 29.0);SD
