Area:(-20.0, -20.0)(474.0, -20.0)(474.0, 748.0)(-20.0, 748.0)
Rule:GATE(5,5);SD(5,5);GATE_SD(0.5);GATE_ITO(0.5);SD_ITO(0.5)
Module:M9
Boundary:(362.0, 635.0)(362.0, 708.0)(210.0, 708.0)(210.0, 635.0);GATE
Port:(210.0, 649.5)(220.0, 649.5)(220.0, 693.5)(210.0, 693.5);SD
Port:(362.0, 635.0)(362.0, 708.0)(225.0, 708.0)(225.0, 635.0);GATE
Port:(353.0, 645.0)(357.0, 645.0)(357.0, 698.0)(353.0, 698.0);SD
Module:M5
Boundary:(160.0, 461.0)(160.0, 518.5)(88.7, 518.5)(88.7, 696.0)(30.0, 696.0)(30.0, 461.0);GATE
Port:(30.0, 475.5)(40.0, 475.5)(40.0, 681.5)(30.0, 681.5);SD
Port:(160.0, 461.0)(160.0, 518.5)(88.7, 518.5)(88.7, 696.0)(45.0, 696.0)(45.0, 461.0);GATE
Port:(151.0, 471.0)(155.0, 471.0)(155.0, 504.0)(151.0, 504.0);SD
Module:M1
Boundary:(145.0, 20.0)(145.0, 149.5)(131.0, 149.5)(131.0, 165.0)(20.0, 165.0)(20.0, 20.0);GATE
Port:(20.0, 34.5)(30.0, 34.5)(30.0, 150.5)(20.0, 150.5);SD
Port:(145.0, 20.0)(145.0, 149.5)(131.0, 149.5)(131.0, 165.0)(35.0, 165.0)(35.0, 20.0);GATE
Port:(136.0, 30.0)(140.0, 30.0)(140.0, 135.0)(136.0, 135.0);SD
Module:M6
Boundary:(20.0, 342.0)(113.5, 342.0)(113.5, 367.0)(147.0, 367.0)(147.0, 411.0)(20.0, 411.0);GATE
Port:(34.5, 401.0)(132.5, 401.0)(132.5, 411.0)(34.5, 411.0);SD
Port:(20.0, 342.0)(113.5, 342.0)(113.5, 367.0)(147.0, 367.0)(147.0, 396.0)(20.0, 396.0);GATE
Port:(30.0, 347.0)(99.0, 347.0)(99.0, 351.0)(30.0, 351.0);SD
Module:M2
Boundary:(257.0, 20.0)(257.0, 149.5)(243.0, 149.5)(243.0, 165.0)(185.0, 165.0)(185.0, 20.0);GATE
Port:(185.0, 34.5)(195.0, 34.5)(195.0, 150.5)(185.0, 150.5);SD
Port:(257.0, 20.0)(257.0, 149.5)(243.0, 149.5)(243.0, 165.0)(200.0, 165.0)(200.0, 20.0);GATE
Port:(248.0, 30.0)(252.0, 30.0)(252.0, 135.0)(248.0, 135.0);SD
Module:M10
Boundary:(220.0, 453.0)(293.0, 453.0)(293.0, 585.0)(220.0, 585.0);GATE
Port:(234.5, 575.0)(278.5, 575.0)(278.5, 585.0)(234.5, 585.0);SD
Port:(220.0, 453.0)(293.0, 453.0)(293.0, 570.0)(220.0, 570.0);GATE
Port:(230.0, 458.0)(283.0, 458.0)(283.0, 462.0)(230.0, 462.0);SD
Module:M7
Boundary:(297.0, 20.0)(408.5, 20.0)(408.5, 32.0)(424.0, 32.0)(424.0, 164.0)(297.0, 164.0);GATE
Port:(311.5, 154.0)(409.5, 154.0)(409.5, 164.0)(311.5, 164.0);SD
Port:(297.0, 20.0)(408.5, 20.0)(408.5, 32.0)(424.0, 32.0)(424.0, 149.0)(297.0, 149.0);GATE
Port:(307.0, 25.0)(394.0, 25.0)(394.0, 29.0)(307.0, 29.0);SD
Module:M3
Boundary:(20.0, 205.0)(131.5, 205.0)(131.5, 217.0)(147.0, 217.0)(147.0, 302.0)(20.0, 302.0);GATE
Port:(34.5, 292.0)(132.5, 292.0)(132.5, 302.0)(34.5, 302.0);SD
Port:(20.0, 205.0)(131.5, 205.0)(131.5, 217.0)(147.0, 217.0)(147.0, 287.0)(20.0, 287.0);GATE
Port:(30.0, 210.0)(117.0, 210.0)(117.0, 214.0)(30.0, 214.0);SD
Module:M8
Boundary:(187.0, 205.0)(262.5, 205.0)(262.5, 337.1)(422.0, 337.1)(422.0, 403.0)(187.0, 403.0);GATE
Port:(201.5, 393.0)(407.5, 393.0)(407.5, 403.0)(201.5, 403.0);SD
Port:(187.0, 205.0)(262.5, 205.0)(262.5, 337.1)(422.0, 337.1)(422.0, 388.0)(187.0, 388.0);GATE
Port:(197.0, 210.0)(248.0, 210.0)(248.0, 214.0)(197.0, 214.0);SD
Module:M4
Boundary:(343.0, 443.0)(419.0, 443.0)(419.0, 451.0)(434.0, 451.0)(434.0, 560.0)(343.0, 560.0);GATE
Port:(357.5, 550.0)(419.5, 550.0)(419.5, 560.0)(357.5, 560.0);SD
Port:(343.0, 443.0)(419.0, 443.0)(419.0, 451.0)(434.0, 451.0)(434.0, 545.0)(343.0, 545.0);GATE
Port:(353.0, 448.0)(404.0, 448.0)(404.0, 452.0)(353.0, 452.0);SD
