Area:(-12.8, -20.0)(939.0, -20.0)(939.0, 1018.6)(-12.8, 1018.6)
Rule:GATE(5,5);SD(5,5);GATE_SD(0.5);GATE_ITO(0.5);SD_ITO(0.5)
Module:M14
Boundary:(511.7, 68.1)(511.7, 179.6)(499.7, 179.6)(499.7, 195.1)(451.7, 195.1)(451.7, 68.1);GATE
Port:(451.7, 82.6)(461.7, 82.6)(461.7, 180.6)(451.7, 180.6);SD
Port:(511.7, 68.1)(511.7, 179.6)(499.7, 179.6)(499.7, 195.1)(466.7, 195.1)(466.7, 68.1);GATE
Port:(502.7, 78.1)(506.7, 78.1)(506.7, 165.1)(502.7, 165.1);SD
Module:M24
Boundary:(592.1, 165.0)(519.1, 165.0)(519.1, 20.0)(592.1, 20.0);GATE
Port:(533.6, 20.0)(577.6, 20.0)(577.6, 30.0)(533.6, 30.0);SD
Port:(592.1, 165.0)(519.1, 165.0)(519.1, 35.0)(592.1, 35.0);GATE
Port:(529.1, 156.0)(582.1, 156.0)(582.1, 160.0)(529.1, 160.0);SD
Module:M22
Boundary:(857.3, 218.3)(745.8, 218.3)(745.8, 206.3)(730.3, 206.3)(730.3, 64.3)(857.3, 64.3);GATE
Port:(744.8, 64.3)(842.8, 64.3)(842.8, 74.3)(744.8, 74.3);SD
Port:(857.3, 218.3)(745.8, 218.3)(745.8, 206.3)(730.3, 206.3)(730.3, 79.3)(857.3, 79.3);GATE
Port:(760.3, 209.3)(847.3, 209.3)(847.3, 213.3)(760.3, 213.3);SD
Module:M9
Boundary:(240.4, 30.0)(240.4, 177.5)(224.4, 177.5)(224.4, 193.0)(172.4, 193.0)(172.4, 30.0);GATE
Port:(172.4, 44.5)(182.4, 44.5)(182.4, 178.5)(172.4, 178.5);SD
Port:(240.4, 30.0)(240.4, 177.5)(224.4, 177.5)(224.4, 193.0)(187.4, 193.0)(187.4, 30.0);GATE
Port:(231.4, 40.0)(235.4, 40.0)(235.4, 163.0)(231.4, 163.0);SD
Module:M4
Boundary:(405.5, 20.0)(405.5, 149.5)(329.9, 149.5)(329.9, 201.0)(269.5, 201.0)(269.5, 20.0);GATE
Port:(269.5, 34.5)(279.5, 34.5)(279.5, 186.5)(269.5, 186.5);SD
Port:(405.5, 20.0)(405.5, 149.5)(329.9, 149.5)(329.9, 201.0)(284.5, 201.0)(284.5, 20.0);GATE
Port:(396.5, 30.0)(400.5, 30.0)(400.5, 135.0)(396.5, 135.0);SD
Module:M11
Boundary:(655.3, 20.0)(728.3, 20.0)(728.3, 203.0)(655.3, 203.0);GATE
Port:(669.8, 193.0)(713.8, 193.0)(713.8, 203.0)(669.8, 203.0);SD
Port:(655.3, 20.0)(728.3, 20.0)(728.3, 188.0)(655.3, 188.0);GATE
Port:(665.3, 25.0)(718.3, 25.0)(718.3, 29.0)(665.3, 29.0);SD
Module:M13
Boundary:(104.2, 85.7)(104.2, 233.2)(70.2, 233.2)(70.2, 284.7)(32.2, 284.7)(32.2, 85.7);GATE
Port:(32.2, 100.2)(42.2, 100.2)(42.2, 270.2)(32.2, 270.2);SD
Port:(104.2, 85.7)(104.2, 233.2)(70.2, 233.2)(70.2, 284.7)(47.2, 284.7)(47.2, 85.7);GATE
Port:(95.2, 95.7)(99.2, 95.7)(99.2, 218.7)(95.2, 218.7);SD
Module:M23
Boundary:(436.0, 210.6)(436.0, 340.1)(450.0, 340.1)(450.0, 355.6)(614.0, 355.6)(614.0, 210.6);GATE
Port:(604.0, 225.1)(614.0, 225.1)(614.0, 341.1)(604.0, 341.1);SD
Port:(436.0, 210.6)(436.0, 340.1)(450.0, 340.1)(450.0, 355.6)(599.0, 355.6)(599.0, 210.6);GATE
Port:(441.0, 220.6)(445.0, 220.6)(445.0, 325.6)(441.0, 325.6);SD
Module:M17
Boundary:(654.0, 244.2)(765.5, 244.2)(765.5, 256.2)(781.0, 256.2)(781.0, 364.2)(654.0, 364.2);GATE
Port:(668.5, 354.2)(766.5, 354.2)(766.5, 364.2)(668.5, 364.2);SD
Port:(654.0, 244.2)(765.5, 244.2)(765.5, 256.2)(781.0, 256.2)(781.0, 349.2)(654.0, 349.2);GATE
Port:(664.0, 249.2)(751.0, 249.2)(751.0, 253.2)(664.0, 253.2);SD
Module:M28
Boundary:(262.4, 241.0)(262.4, 352.5)(274.4, 352.5)(274.4, 368.0)(398.4, 368.0)(398.4, 241.0);GATE
Port:(388.4, 255.5)(398.4, 255.5)(398.4, 353.5)(388.4, 353.5);SD
Port:(262.4, 241.0)(262.4, 352.5)(274.4, 352.5)(274.4, 368.0)(383.4, 368.0)(383.4, 241.0);GATE
Port:(267.4, 251.0)(271.4, 251.0)(271.4, 338.0)(267.4, 338.0);SD
Module:M29
Boundary:(879.7, 401.7)(879.7, 254.2)(863.7, 254.2)(863.7, 238.7)(793.7, 238.7)(793.7, 401.7);GATE
Port:(793.7, 253.2)(803.7, 253.2)(803.7, 387.2)(793.7, 387.2);SD
Port:(879.7, 401.7)(879.7, 254.2)(863.7, 254.2)(863.7, 238.7)(808.7, 238.7)(808.7, 401.7);GATE
Port:(870.7, 268.7)(874.7, 268.7)(874.7, 391.7)(870.7, 391.7);SD
Module:M12
Boundary:(224.6, 292.8)(224.6, 440.3)(208.6, 440.3)(208.6, 455.8)(35.6, 455.8)(35.6, 292.8);GATE
Port:(35.6, 307.3)(45.6, 307.3)(45.6, 441.3)(35.6, 441.3);SD
Port:(224.6, 292.8)(224.6, 440.3)(208.6, 440.3)(208.6, 455.8)(50.6, 455.8)(50.6, 292.8);GATE
Port:(215.6, 302.8)(219.6, 302.8)(219.6, 425.8)(215.6, 425.8);SD
Module:M2
Boundary:(291.4, 445.6)(291.4, 518.6)(393.4, 518.6)(393.4, 445.6);GATE
Port:(383.4, 460.1)(393.4, 460.1)(393.4, 504.1)(383.4, 504.1);SD
Port:(291.4, 445.6)(291.4, 518.6)(378.4, 518.6)(378.4, 445.6);GATE
Port:(296.4, 455.6)(300.4, 455.6)(300.4, 508.6)(296.4, 508.6);SD
Module:M6
Boundary:(638.7, 420.6)(638.7, 514.1)(561.5, 514.1)(561.5, 547.6)(464.7, 547.6)(464.7, 420.6);GATE
Port:(464.7, 435.1)(474.7, 435.1)(474.7, 533.1)(464.7, 533.1);SD
Port:(638.7, 420.6)(638.7, 514.1)(561.5, 514.1)(561.5, 547.6)(479.7, 547.6)(479.7, 420.6);GATE
Port:(629.7, 430.6)(633.7, 430.6)(633.7, 499.6)(629.7, 499.6);SD
Module:M1
Boundary:(55.4, 559.7)(184.9, 559.7)(184.9, 545.7)(200.4, 545.7)(200.4, 464.7)(55.4, 464.7);GATE
Port:(69.9, 464.7)(185.9, 464.7)(185.9, 474.7)(69.9, 474.7);SD
Port:(55.4, 559.7)(184.9, 559.7)(184.9, 545.7)(200.4, 545.7)(200.4, 479.7)(55.4, 479.7);GATE
Port:(65.4, 550.7)(170.4, 550.7)(170.4, 554.7)(65.4, 554.7);SD
Module:M8
Boundary:(899.0, 427.0)(823.5, 427.0)(823.5, 505.3)(664.0, 505.3)(664.0, 572.0)(899.0, 572.0);GATE
Port:(678.5, 562.0)(884.5, 562.0)(884.5, 572.0)(678.5, 572.0);SD
Port:(899.0, 427.0)(823.5, 427.0)(823.5, 505.3)(664.0, 505.3)(664.0, 557.0)(899.0, 557.0);GATE
Port:(838.0, 432.0)(889.0, 432.0)(889.0, 436.0)(838.0, 436.0);SD
Module:M30
Boundary:(242.0, 528.5)(371.5, 528.5)(371.5, 542.5)(387.0, 542.5)(387.0, 626.5)(242.0, 626.5);GATE
Port:(256.5, 616.5)(372.5, 616.5)(372.5, 626.5)(256.5, 626.5);SD
Port:(242.0, 528.5)(371.5, 528.5)(371.5, 542.5)(387.0, 542.5)(387.0, 611.5)(242.0, 611.5);GATE
Port:(252.0, 533.5)(357.0, 533.5)(357.0, 537.5)(252.0, 537.5);SD
Module:M27
Boundary:(512.2, 557.3)(512.2, 633.3)(504.2, 633.3)(504.2, 648.3)(402.2, 648.3)(402.2, 557.3);GATE
Port:(402.2, 571.8)(412.2, 571.8)(412.2, 633.8)(402.2, 633.8);SD
Port:(512.2, 557.3)(512.2, 633.3)(504.2, 633.3)(504.2, 648.3)(417.2, 648.3)(417.2, 557.3);GATE
Port:(503.2, 567.3)(507.2, 567.3)(507.2, 618.3)(503.2, 618.3);SD
Module:M20
Boundary:(517.9, 559.6)(629.4, 559.6)(629.4, 571.6)(644.9, 571.6)(644.9, 674.6)(517.9, 674.6);GATE
Port:(532.4, 664.6)(630.4, 664.6)(630.4, 674.6)(532.4, 674.6);SD
Port:(517.9, 559.6)(629.4, 559.6)(629.4, 571.6)(644.9, 571.6)(644.9, 659.6)(517.9, 659.6);GATE
Port:(527.9, 564.6)(614.9, 564.6)(614.9, 568.6)(527.9, 568.6);SD
Module:M15
Boundary:(342.0, 650.2)(342.0, 723.2)(224.0, 723.2)(224.0, 650.2);GATE
Port:(224.0, 664.7)(234.0, 664.7)(234.0, 708.7)(224.0, 708.7);SD
Port:(342.0, 650.2)(342.0, 723.2)(239.0, 723.2)(239.0, 650.2);GATE
Port:(333.0, 660.2)(337.0, 660.2)(337.0, 713.2)(333.0, 713.2);SD
Module:M19
Boundary:(53.9, 704.5)(53.9, 593.0)(65.9, 593.0)(65.9, 577.5)(197.9, 577.5)(197.9, 704.5);GATE
Port:(187.9, 592.0)(197.9, 592.0)(197.9, 690.0)(187.9, 690.0);SD
Port:(53.9, 704.5)(53.9, 593.0)(65.9, 593.0)(65.9, 577.5)(182.9, 577.5)(182.9, 704.5);GATE
Port:(58.9, 607.5)(62.9, 607.5)(62.9, 694.5)(58.9, 694.5);SD
Module:M21
Boundary:(839.5, 721.3)(839.5, 609.8)(757.8, 609.8)(757.8, 576.3)(658.5, 576.3)(658.5, 721.3);GATE
Port:(658.5, 590.8)(668.5, 590.8)(668.5, 706.8)(658.5, 706.8);SD
Port:(839.5, 721.3)(839.5, 609.8)(757.8, 609.8)(757.8, 576.3)(673.5, 576.3)(673.5, 721.3);GATE
Port:(830.5, 624.3)(834.5, 624.3)(834.5, 711.3)(830.5, 711.3);SD
Module:M5
Boundary:(400.2, 847.9)(400.2, 718.4)(427.2, 718.4)(427.2, 666.9)(490.2, 666.9)(490.2, 847.9);GATE
Port:(480.2, 681.4)(490.2, 681.4)(490.2, 833.4)(480.2, 833.4);SD
Port:(400.2, 847.9)(400.2, 718.4)(427.2, 718.4)(427.2, 666.9)(475.2, 666.9)(475.2, 847.9);GATE
Port:(405.2, 732.9)(409.2, 732.9)(409.2, 837.9)(405.2, 837.9);SD
Module:M10
Boundary:(250.8, 758.0)(326.8, 758.0)(326.8, 766.0)(341.8, 766.0)(341.8, 839.0)(250.8, 839.0);GATE
Port:(265.3, 829.0)(327.3, 829.0)(327.3, 839.0)(265.3, 839.0);SD
Port:(250.8, 758.0)(326.8, 758.0)(326.8, 766.0)(341.8, 766.0)(341.8, 824.0)(250.8, 824.0);GATE
Port:(260.8, 763.0)(311.8, 763.0)(311.8, 767.0)(260.8, 767.0);SD
Module:M16
Boundary:(172.2, 801.6)(42.8, 801.6)(42.8, 815.6)(27.2, 815.6)(27.2, 888.6)(172.2, 888.6);GATE
Port:(41.8, 878.6)(157.8, 878.6)(157.8, 888.6)(41.8, 888.6);SD
Port:(172.2, 801.6)(42.8, 801.6)(42.8, 815.6)(27.2, 815.6)(27.2, 873.6)(172.2, 873.6);GATE
Port:(57.2, 806.6)(162.2, 806.6)(162.2, 810.6)(57.2, 810.6);SD
Module:M26
Boundary:(351.2, 904.4)(462.7, 904.4)(462.7, 916.4)(478.2, 916.4)(478.2, 977.4)(351.2, 977.4);GATE
Port:(365.7, 967.4)(463.7, 967.4)(463.7, 977.4)(365.7, 977.4);SD
Port:(351.2, 904.4)(462.7, 904.4)(462.7, 916.4)(478.2, 916.4)(478.2, 962.4)(351.2, 962.4);GATE
Port:(361.2, 909.4)(448.2, 909.4)(448.2, 913.4)(361.2, 913.4);SD
Module:M18
Boundary:(639.5, 774.1)(639.5, 885.6)(540.5, 885.6)(540.5, 973.1)(490.5, 973.1)(490.5, 774.1);GATE
Port:(490.5, 788.6)(500.5, 788.6)(500.5, 958.6)(490.5, 958.6);SD
Port:(639.5, 774.1)(639.5, 885.6)(540.5, 885.6)(540.5, 973.1)(505.5, 973.1)(505.5, 774.1);GATE
Port:(630.5, 784.1)(634.5, 784.1)(634.5, 871.1)(630.5, 871.1);SD
Module:M25
Boundary:(837.5, 956.3)(780.0, 956.3)(780.0, 866.0)(656.5, 866.0)(656.5, 771.3)(837.5, 771.3);GATE
Port:(671.0, 771.3)(823.0, 771.3)(823.0, 781.3)(671.0, 781.3);SD
Port:(837.5, 956.3)(780.0, 956.3)(780.0, 866.0)(656.5, 866.0)(656.5, 786.3)(837.5, 786.3);GATE
Port:(794.5, 947.3)(827.5, 947.3)(827.5, 951.3)(794.5, 951.3);SD
Module:M7
Boundary:(33.0, 896.9)(162.6, 896.9)(162.6, 911.9)(178.1, 911.9)(178.1, 958.9)(33.0, 958.9);GATE
Port:(47.5, 948.9)(163.6, 948.9)(163.6, 958.9)(47.5, 958.9);SD
Port:(33.0, 896.9)(162.6, 896.9)(162.6, 911.9)(178.1, 911.9)(178.1, 943.9)(33.0, 943.9);GATE
Port:(43.0, 901.9)(148.1, 901.9)(148.1, 905.9)(43.0, 905.9);SD
Module:M3
Boundary:(220.2, 978.6)(296.2, 978.6)(296.2, 970.6)(311.2, 970.6)(311.2, 897.6)(220.2, 897.6);GATE
Port:(234.7, 897.6)(296.7, 897.6)(296.7, 907.6)(234.7, 907.6);SD
Port:(220.2, 978.6)(296.2, 978.6)(296.2, 970.6)(311.2, 970.6)(311.2, 912.6)(220.2, 912.6);GATE
Port:(230.2, 969.6)(281.2, 969.6)(281.2, 973.6)(230.2, 973.6);SD
