Area:(-1.6, -20.0)(361.0, -20.0)(361.0, 521.0)(-1.6, 521.0)
Rule:GATE(5,5);SD(5,5);GATE_SD(0.5);GATE_ITO(0.5);SD_ITO(0.5)
Module:M4
Boundary:(44.9, 20.0)(44.9, 147.0)(164.9, 147.0)(164.9, 20.0);GATE
Port:(154.9, 34.5)(164.9, 34.5)(164.9, 132.5)(154.9, 132.5);SD
Port:(44.9, 20.0)(44.9, 147.0)(149.9, 147.0)(149.9, 20.0);GATE
Port:(49.9, 30.0)(53.9, 30.0)(53.9, 137.0)(49.9, 137.0);SD
Module:M5
Boundary:(165.0, 244.6)(294.5, 244.6)(294.5, 225.6)(310.0, 225.6)(310.0, 58.6)(165.0, 58.6);GATE
Port:(179.5, 58.6)(295.5, 58.6)(295.5, 68.6)(179.5, 68.6);SD
Port:(165.0, 244.6)(294.5, 244.6)(294.5, 225.6)(310.0, 225.6)(310.0, 73.6)(165.0, 73.6);GATE
Port:(175.0, 235.6)(280.0, 235.6)(280.0, 239.6)(175.0, 239.6);SD
Module:M2
Boundary:(38.4, 258.2)(111.4, 258.2)(111.4, 159.2)(38.4, 159.2);GATE
Port:(52.9, 159.2)(96.9, 159.2)(96.9, 169.2)(52.9, 169.2);SD
Port:(38.4, 258.2)(111.4, 258.2)(111.4, 174.2)(38.4, 174.2);GATE
Port:(48.4, 249.2)(101.4, 249.2)(101.4, 253.2)(48.4, 253.2);SD
Module:M3
Boundary:(53.8, 280.1)(126.8, 280.1)(126.8, 342.1)(53.8, 342.1);GATE
Port:(68.3, 332.1)(112.3, 332.1)(112.3, 342.1)(68.3, 342.1);SD
Port:(53.8, 280.1)(126.8, 280.1)(126.8, 327.1)(53.8, 327.1);GATE
Port:(63.8, 285.1)(116.8, 285.1)(116.8, 289.1)(63.8, 289.1);SD
Module:M1
Boundary:(321.0, 481.0)(321.0, 423.5)(240.3, 423.5)(240.3, 246.0)(133.0, 246.0)(133.0, 481.0);GATE
Port:(133.0, 260.5)(143.0, 260.5)(143.0, 466.5)(133.0, 466.5);SD
Port:(321.0, 481.0)(321.0, 423.5)(240.3, 423.5)(240.3, 246.0)(148.0, 246.0)(148.0, 481.0);GATE
Port:(312.0, 438.0)(316.0, 438.0)(316.0, 471.0)(312.0, 471.0);SD
