Area:(-20.0, -14.6)(708.0, -14.6)(708.0, 1085.0)(-20.0, 1085.0)
Rule:GATE(5,5);SD(5,5);GATE_SD(0.5);GATE_ITO(0.5);SD_ITO(0.5)
Module:M6
Boundary:(131.4, 61.8)(131.4, 134.8)(52.4, 134.8)(52.4, 61.8);GATE
Port:(52.4, 76.3)(62.4, 76.3)(62.4, 120.3)(52.4, 120.3);SD
Port:(131.4, 61.8)(131.4, 134.8)(67.4, 134.8)(67.4, 61.8);GATE
Port:(122.4, 71.8)(126.4, 71.8)(126.4, 124.8)(122.4, 124.8);SD
Module:M3
Boundary:(337.6, 50.4)(208.1, 50.4)(208.1, 65.4)(192.6, 65.4)(192.6, 128.4)(337.6, 128.4);GATE
Port:(207.1, 118.4)(323.1, 118.4)(323.1, 128.4)(207.1, 128.4);SD
Port:(337.6, 50.4)(208.1, 50.4)(208.1, 65.4)(192.6, 65.4)(192.6, 113.4)(337.6, 113.4);GATE
Port:(222.6, 55.4)(327.6, 55.4)(327.6, 59.4)(222.6, 59.4);SD
Module:M18
Boundary:(359.4, 221.4)(470.9, 221.4)(470.9, 135.1)(504.4, 135.1)(504.4, 31.4)(359.4, 31.4);GATE
Port:(373.9, 31.4)(489.9, 31.4)(489.9, 41.4)(373.9, 41.4);SD
Port:(359.4, 221.4)(470.9, 221.4)(470.9, 135.1)(504.4, 135.1)(504.4, 46.4)(359.4, 46.4);GATE
Port:(369.4, 212.4)(456.4, 212.4)(456.4, 216.4)(369.4, 216.4);SD
Module:M8
Boundary:(317.8, 148.9)(317.8, 224.9)(309.7, 224.9)(309.7, 239.9)(198.8, 239.9)(198.8, 148.9);GATE
Port:(198.8, 163.4)(208.8, 163.4)(208.8, 225.4)(198.8, 225.4);SD
Port:(317.8, 148.9)(317.8, 224.9)(309.7, 224.9)(309.7, 239.9)(213.8, 239.9)(213.8, 148.9);GATE
Port:(308.8, 158.9)(312.8, 158.9)(312.8, 209.9)(308.8, 209.9);SD
Module:M24
Boundary:(171.5, 298.8)(78.0, 298.8)(78.0, 288.8)(62.5, 288.8)(62.5, 167.8)(171.5, 167.8);GATE
Port:(77.0, 167.8)(157.0, 167.8)(157.0, 177.8)(77.0, 177.8);SD
Port:(171.5, 298.8)(78.0, 298.8)(78.0, 288.8)(62.5, 288.8)(62.5, 182.8)(171.5, 182.8);GATE
Port:(92.5, 289.8)(161.5, 289.8)(161.5, 293.8)(92.5, 293.8);SD
Module:M7
Boundary:(513.0, 25.4)(513.0, 154.9)(624.4, 154.9)(624.4, 296.4)(668.0, 296.4)(668.0, 25.4);GATE
Port:(658.0, 39.9)(668.0, 39.9)(668.0, 281.9)(658.0, 281.9);SD
Port:(513.0, 25.4)(513.0, 154.9)(624.4, 154.9)(624.4, 296.4)(653.0, 296.4)(653.0, 25.4);GATE
Port:(518.0, 35.4)(522.0, 35.4)(522.0, 140.4)(518.0, 140.4);SD
Module:M21
Boundary:(472.0, 340.0)(472.0, 267.0)(404.0, 267.0)(404.0, 340.0);GATE
Port:(404.0, 281.5)(414.0, 281.5)(414.0, 325.5)(404.0, 325.5);SD
Port:(472.0, 340.0)(472.0, 267.0)(419.0, 267.0)(419.0, 340.0);GATE
Port:(463.0, 277.0)(467.0, 277.0)(467.0, 330.0)(463.0, 330.0);SD
Module:M14
Boundary:(206.3, 279.3)(353.8, 279.3)(353.8, 302.3)(369.3, 302.3)(369.3, 358.3)(206.3, 358.3);GATE
Port:(220.8, 348.3)(354.8, 348.3)(354.8, 358.3)(220.8, 358.3);SD
Port:(206.3, 279.3)(353.8, 279.3)(353.8, 302.3)(369.3, 302.3)(369.3, 343.3)(206.3, 343.3);GATE
Port:(216.3, 284.3)(339.3, 284.3)(339.3, 288.3)(216.3, 288.3);SD
Module:M16
Boundary:(168.1, 426.4)(168.1, 350.4)(160.0, 350.4)(160.0, 335.4)(27.1, 335.4)(27.1, 426.4);GATE
Port:(27.1, 349.9)(37.1, 349.9)(37.1, 411.9)(27.1, 411.9);SD
Port:(168.1, 426.4)(168.1, 350.4)(160.0, 350.4)(160.0, 335.4)(42.1, 335.4)(42.1, 426.4);GATE
Port:(159.1, 365.4)(163.1, 365.4)(163.1, 416.4)(159.1, 416.4);SD
Module:M25
Boundary:(492.3, 331.0)(603.8, 331.0)(603.8, 343.0)(619.3, 343.0)(619.3, 451.0)(492.3, 451.0);GATE
Port:(506.8, 441.0)(604.8, 441.0)(604.8, 451.0)(506.8, 451.0);SD
Port:(492.3, 331.0)(603.8, 331.0)(603.8, 343.0)(619.3, 343.0)(619.3, 436.0)(492.3, 436.0);GATE
Port:(502.3, 336.0)(589.3, 336.0)(589.3, 340.0)(502.3, 340.0);SD
Module:M1
Boundary:(185.4, 460.0)(185.4, 536.0)(177.4, 536.0)(177.4, 551.0)(35.4, 551.0)(35.4, 460.0);GATE
Port:(35.4, 474.5)(45.4, 474.5)(45.4, 536.5)(35.4, 536.5);SD
Port:(185.4, 460.0)(185.4, 536.0)(177.4, 536.0)(177.4, 551.0)(50.4, 551.0)(50.4, 460.0);GATE
Port:(176.4, 470.0)(180.4, 470.0)(180.4, 521.0)(176.4, 521.0);SD
Module:M4
Boundary:(386.2, 388.0)(386.2, 517.5)(372.2, 517.5)(372.2, 533.0)(222.2, 533.0)(222.2, 388.0);GATE
Port:(222.2, 402.5)(232.2, 402.5)(232.2, 518.5)(222.2, 518.5);SD
Port:(386.2, 388.0)(386.2, 517.5)(372.2, 517.5)(372.2, 533.0)(237.2, 533.0)(237.2, 388.0);GATE
Port:(377.2, 398.0)(381.2, 398.0)(381.2, 503.0)(377.2, 503.0);SD
Module:M20
Boundary:(412.0, 363.0)(485.0, 363.0)(485.0, 537.0)(412.0, 537.0);GATE
Port:(426.5, 527.0)(470.5, 527.0)(470.5, 537.0)(426.5, 537.0);SD
Port:(412.0, 363.0)(485.0, 363.0)(485.0, 522.0)(412.0, 522.0);GATE
Port:(422.0, 368.0)(475.0, 368.0)(475.0, 372.0)(422.0, 372.0);SD
Module:M19
Boundary:(649.7, 491.0)(649.7, 602.5)(637.7, 602.5)(637.7, 618.0)(506.7, 618.0)(506.7, 491.0);GATE
Port:(506.7, 505.5)(516.7, 505.5)(516.7, 603.5)(506.7, 603.5);SD
Port:(649.7, 491.0)(649.7, 602.5)(637.7, 602.5)(637.7, 618.0)(521.7, 618.0)(521.7, 491.0);GATE
Port:(640.7, 501.0)(644.7, 501.0)(644.7, 588.0)(640.7, 588.0);SD
Module:M10
Boundary:(133.0, 558.5)(226.5, 558.5)(226.5, 581.1)(260.0, 581.1)(260.0, 623.5)(133.0, 623.5);GATE
Port:(147.5, 613.5)(245.5, 613.5)(245.5, 623.5)(147.5, 623.5);SD
Port:(133.0, 558.5)(226.5, 558.5)(226.5, 581.1)(260.0, 581.1)(260.0, 608.5)(133.0, 608.5);GATE
Port:(143.0, 563.5)(212.0, 563.5)(212.0, 567.5)(143.0, 567.5);SD
Module:M22
Boundary:(120.6, 631.1)(47.6, 631.1)(47.6, 557.1)(120.6, 557.1);GATE
Port:(62.1, 557.1)(106.1, 557.1)(106.1, 567.1)(62.1, 567.1);SD
Port:(120.6, 631.1)(47.6, 631.1)(47.6, 572.1)(120.6, 572.1);GATE
Port:(57.6, 622.1)(110.6, 622.1)(110.6, 626.1)(57.6, 626.1);SD
Module:M5
Boundary:(305.1, 552.9)(305.1, 664.4)(317.1, 664.4)(317.1, 679.9)(492.1, 679.9)(492.1, 552.9);GATE
Port:(482.1, 567.4)(492.1, 567.4)(492.1, 665.4)(482.1, 665.4);SD
Port:(305.1, 552.9)(305.1, 664.4)(317.1, 664.4)(317.1, 679.9)(477.1, 679.9)(477.1, 552.9);GATE
Port:(310.1, 562.9)(314.1, 562.9)(314.1, 649.9)(310.1, 649.9);SD
Module:M23
Boundary:(641.3, 713.7)(641.3, 637.7)(633.3, 637.7)(633.3, 622.7)(515.3, 622.7)(515.3, 713.7);GATE
Port:(515.3, 637.2)(525.3, 637.2)(525.3, 699.2)(515.3, 699.2);SD
Port:(641.3, 713.7)(641.3, 637.7)(633.3, 637.7)(633.3, 622.7)(530.3, 622.7)(530.3, 713.7);GATE
Port:(632.3, 652.7)(636.3, 652.7)(636.3, 703.7)(632.3, 703.7);SD
Module:M13
Boundary:(47.1, 771.3)(174.1, 771.3)(174.1, 684.3)(47.1, 684.3);GATE
Port:(61.6, 684.3)(159.6, 684.3)(159.6, 694.3)(61.6, 694.3);SD
Port:(47.1, 771.3)(174.1, 771.3)(174.1, 699.3)(47.1, 699.3);GATE
Port:(57.1, 762.3)(164.1, 762.3)(164.1, 766.3)(57.1, 766.3);SD
Module:M17
Boundary:(260.0, 784.8)(187.0, 784.8)(187.0, 653.8)(260.0, 653.8);GATE
Port:(201.5, 653.8)(245.5, 653.8)(245.5, 663.8)(201.5, 663.8);SD
Port:(260.0, 784.8)(187.0, 784.8)(187.0, 668.8)(260.0, 668.8);GATE
Port:(197.0, 775.8)(250.0, 775.8)(250.0, 779.8)(197.0, 779.8);SD
Module:M2
Boundary:(461.3, 721.8)(461.3, 833.3)(449.3, 833.3)(449.3, 848.8)(291.3, 848.8)(291.3, 721.8);GATE
Port:(291.3, 736.3)(301.3, 736.3)(301.3, 834.3)(291.3, 834.3);SD
Port:(461.3, 721.8)(461.3, 833.3)(449.3, 833.3)(449.3, 848.8)(306.3, 848.8)(306.3, 721.8);GATE
Port:(452.3, 731.8)(456.3, 731.8)(456.3, 818.8)(452.3, 818.8);SD
Module:M9
Boundary:(632.3, 759.2)(502.8, 759.2)(502.8, 798.3)(469.3, 798.3)(469.3, 853.2)(632.3, 853.2);GATE
Port:(483.8, 843.2)(617.8, 843.2)(617.8, 853.2)(483.8, 853.2);SD
Port:(632.3, 759.2)(502.8, 759.2)(502.8, 798.3)(469.3, 798.3)(469.3, 838.2)(632.3, 838.2);GATE
Port:(517.3, 764.2)(622.3, 764.2)(622.3, 768.2)(517.3, 768.2);SD
Module:M11
Boundary:(255.0, 849.0)(143.5, 849.0)(143.5, 992.0)(20.0, 992.0)(20.0, 1043.0)(255.0, 1043.0);GATE
Port:(34.5, 1033.0)(240.5, 1033.0)(240.5, 1043.0)(34.5, 1043.0);SD
Port:(255.0, 849.0)(143.5, 849.0)(143.5, 992.0)(20.0, 992.0)(20.0, 1028.0)(255.0, 1028.0);GATE
Port:(158.0, 854.0)(245.0, 854.0)(245.0, 858.0)(158.0, 858.0);SD
Module:M15
Boundary:(395.3, 911.0)(283.8, 911.0)(283.8, 923.0)(268.3, 923.0)(268.3, 1045.0)(395.3, 1045.0);GATE
Port:(282.8, 1035.0)(380.8, 1035.0)(380.8, 1045.0)(282.8, 1045.0);SD
Port:(395.3, 911.0)(283.8, 911.0)(283.8, 923.0)(268.3, 923.0)(268.3, 1030.0)(395.3, 1030.0);GATE
Port:(298.3, 916.0)(385.3, 916.0)(385.3, 920.0)(298.3, 920.0);SD
Module:M12
Boundary:(432.1, 873.7)(432.1, 985.2)(444.1, 985.2)(444.1, 1000.7)(629.1, 1000.7)(629.1, 873.7);GATE
Port:(619.1, 888.2)(629.1, 888.2)(629.1, 986.2)(619.1, 986.2);SD
Port:(432.1, 873.7)(432.1, 985.2)(444.1, 985.2)(444.1, 1000.7)(614.1, 1000.7)(614.1, 873.7);GATE
Port:(437.1, 883.7)(441.1, 883.7)(441.1, 970.7)(437.1, 970.7);SD
