Area:(-20.0, -15.4)(939.3, -15.4)(939.3, 421.8)(-20.0, 421.8)
Rule:GATE(5,5);SD(5,5);GATE_SD(0.5);GATE_ITO(0.5);SD_ITO(0.5)
Module:M9
Boundary:(353.5, 37.1)(401.0, 37.1)(401.0, 37.2)(415.1, 37.2)(415.1, 132.1)(353.5, 132.1);GATE
Port:(366.8, 127.1)(401.8, 127.1)(401.8, 132.1)(366.8, 132.1);SD
Port:(353.5, 37.1)(401.0, 37.1)(401.0, 37.2)(415.1, 37.2)(415.1, 124.2)(353.5, 124.2);GATE
Port:(360.0, 42.6)(394.5, 42.6)(394.5, 48.4)(360.0, 48.4);SD
Module:M2
Boundary:(753.5, 49.2)(753.5, 132.0)(786.8, 132.0)(786.8, 146.9)(862.3, 146.9)(862.3, 49.2);GATE
Port:(857.2, 62.7)(862.3, 62.7)(862.3, 133.4)(857.2, 133.4);SD
Port:(753.5, 49.2)(753.5, 132.0)(786.8, 132.0)(786.8, 146.9)(854.6, 146.9)(854.6, 49.2);GATE
Port:(758.9, 55.6)(764.2, 55.6)(764.2, 124.6)(758.9, 124.6);SD
Module:M1
Boundary:(727.2, 143.3)(727.2, 53.0)(582.0, 53.0)(582.0, 143.3);GATE
Port:(582.0, 65.2)(587.2, 65.2)(587.2, 131.1)(582.0, 131.1);SD
Port:(727.2, 143.3)(727.2, 53.0)(588.7, 53.0)(588.7, 143.3);GATE
Port:(717.0, 58.8)(722.4, 58.8)(722.4, 137.5)(717.0, 137.5);SD
Module:M12
Boundary:(547.1, 127.8)(547.1, 40.9)(486.1, 40.9)(486.1, 24.6)(421.7, 24.6)(421.7, 127.8);GATE
Port:(421.7, 37.8)(427.0, 37.8)(427.0, 114.6)(421.7, 114.6);SD
Port:(547.1, 127.8)(547.1, 40.9)(486.1, 40.9)(486.1, 24.6)(428.3, 24.6)(428.3, 127.8);GATE
Port:(537.1, 48.3)(541.7, 48.3)(541.7, 121.4)(537.1, 121.4);SD
Module:M14
Boundary:(287.6, 46.8)(287.6, 126.9)(246.9, 126.9)(246.9, 141.3)(163.1, 141.3)(163.1, 46.8);GATE
Port:(163.1, 59.7)(168.9, 59.7)(168.9, 128.4)(163.1, 128.4);SD
Port:(287.6, 46.8)(287.6, 126.9)(246.9, 126.9)(246.9, 141.3)(170.2, 141.3)(170.2, 46.8);GATE
Port:(277.1, 53.5)(281.9, 53.5)(281.9, 119.2)(277.1, 119.2);SD
Module:M11
Boundary:(129.6, 152.7)(129.6, 59.5)(129.3, 59.5)(129.3, 43.9)(36.5, 43.9)(36.5, 152.7);GATE
Port:(36.5, 56.1)(40.8, 56.1)(40.8, 140.5)(36.5, 140.5);SD
Port:(129.6, 152.7)(129.6, 59.5)(129.3, 59.5)(129.3, 43.9)(42.4, 43.9)(42.4, 152.7);GATE
Port:(119.8, 64.8)(125.3, 64.8)(125.3, 147.4)(119.8, 147.4);SD
Module:M16
Boundary:(163.1, 171.1)(163.1, 242.7)(103.4, 242.7)(103.4, 255.4)(20.0, 255.4)(20.0, 171.1);GATE
Port:(20.0, 182.7)(25.6, 182.7)(25.6, 243.8)(20.0, 243.8);SD
Port:(163.1, 171.1)(163.1, 242.7)(103.4, 242.7)(103.4, 255.4)(27.0, 255.4)(27.0, 171.1);GATE
Port:(153.4, 176.8)(158.4, 176.8)(158.4, 236.0)(153.4, 236.0);SD
Module:M13
Boundary:(899.3, 256.2)(808.0, 256.2)(808.0, 148.7)(899.3, 148.7);GATE
Port:(821.4, 148.7)(885.9, 148.7)(885.9, 152.8)(821.4, 152.8);SD
Port:(899.3, 256.2)(808.0, 256.2)(808.0, 155.3)(899.3, 155.3);GATE
Port:(814.9, 245.2)(892.4, 245.2)(892.4, 250.3)(814.9, 250.3);SD
Module:M15
Boundary:(793.5, 180.6)(793.5, 288.5)(588.8, 288.5)(588.8, 180.6);GATE
Port:(588.8, 194.3)(593.4, 194.3)(593.4, 274.8)(588.8, 274.8);SD
Port:(793.5, 180.6)(793.5, 288.5)(594.9, 288.5)(594.9, 180.6);GATE
Port:(783.1, 185.9)(789.2, 185.9)(789.2, 283.2)(783.1, 283.2);SD
Module:M8
Boundary:(541.2, 275.4)(541.2, 175.6)(512.7, 175.6)(512.7, 159.8)(448.4, 159.8)(448.4, 275.4);GATE
Port:(448.4, 171.9)(453.1, 171.9)(453.1, 263.1)(448.4, 263.1);SD
Port:(541.2, 275.4)(541.2, 175.6)(512.7, 175.6)(512.7, 159.8)(454.4, 159.8)(454.4, 275.4);GATE
Port:(532.2, 181.7)(537.1, 181.7)(537.1, 270.2)(532.2, 270.2);SD
Module:M7
Boundary:(423.6, 293.8)(344.0, 293.8)(344.0, 163.2)(423.6, 163.2);GATE
Port:(357.7, 163.2)(409.9, 163.2)(409.9, 169.1)(357.7, 169.1);SD
Port:(423.6, 293.8)(344.0, 293.8)(344.0, 171.7)(423.6, 171.7);GATE
Port:(350.9, 281.9)(416.7, 281.9)(416.7, 287.9)(350.9, 287.9);SD
Module:M4
Boundary:(316.3, 174.5)(239.2, 174.5)(239.2, 227.9)(225.7, 227.9)(225.7, 378.6)(316.3, 378.6);GATE
Port:(238.7, 374.6)(303.3, 374.6)(303.3, 378.6)(238.7, 378.6);SD
Port:(316.3, 174.5)(239.2, 174.5)(239.2, 227.9)(225.7, 227.9)(225.7, 371.9)(316.3, 371.9);GATE
Port:(246.1, 179.4)(310.4, 179.4)(310.4, 185.2)(246.1, 185.2);SD
Module:M10
Boundary:(20.0, 381.8)(20.0, 314.5)(92.7, 314.5)(92.7, 298.8)(165.7, 298.8)(165.7, 381.8);GATE
Port:(160.6, 311.9)(165.7, 311.9)(165.7, 368.7)(160.6, 368.7);SD
Port:(20.0, 381.8)(20.0, 314.5)(92.7, 314.5)(92.7, 298.8)(158.2, 298.8)(158.2, 381.8);GATE
Port:(24.8, 321.3)(30.1, 321.3)(30.1, 376.0)(24.8, 376.0);SD
Module:M6
Boundary:(551.2, 368.9)(551.2, 320.4)(649.7, 320.4)(649.7, 305.9)(771.8, 305.9)(771.8, 368.9);GATE
Port:(767.5, 318.5)(771.8, 318.5)(771.8, 356.3)(767.5, 356.3);SD
Port:(551.2, 368.9)(551.2, 320.4)(649.7, 320.4)(649.7, 305.9)(765.7, 305.9)(765.7, 368.9);GATE
Port:(555.8, 327.0)(561.3, 327.0)(561.3, 363.3)(555.8, 363.3);SD
Module:M3
Boundary:(316.5, 356.2)(316.5, 322.7)(316.6, 322.7)(316.6, 307.0)(521.0, 307.0)(521.0, 356.2);GATE
Port:(516.9, 320.3)(521.0, 320.3)(521.0, 342.9)(516.9, 342.9);SD
Port:(316.5, 356.2)(316.5, 322.7)(316.6, 322.7)(316.6, 307.0)(514.2, 307.0)(514.2, 356.2);GATE
Port:(321.4, 328.6)(327.5, 328.6)(327.5, 350.3)(321.4, 350.3);SD
Module:M5
Boundary:(879.1, 283.0)(879.1, 363.0)(795.8, 363.0)(795.8, 283.0);GATE
Port:(795.8, 297.3)(800.4, 297.3)(800.4, 348.7)(795.8, 348.7);SD
Port:(879.1, 283.0)(879.1, 363.0)(803.3, 363.0)(803.3, 283.0);GATE
Port:(866.9, 289.0)(874.1, 289.0)(874.1, 357.0)(866.9, 357.0);SD
