Area:(-7.6, -19.0)(894.6, -19.0)(894.6, 660.8)(-7.6, 660.8)
Rule:GATE(5,5);SD(5,5);GATE_SD(0.5);GATE_ITO(0.5);SD_ITO(0.5)
Module:M20
Boundary:(77.9, 29.3)(171.4, 29.3)(171.4, 70.5)(240.9, 70.5)(240.9, 135.3)(77.9, 135.3);GATE
Port:(92.4, 125.3)(226.4, 125.3)(226.4, 135.3)(92.4, 135.3);SD
Port:(77.9, 29.3)(171.4, 29.3)(171.4, 70.5)(240.9, 70.5)(240.9, 120.3)(77.9, 120.3);GATE
Port:(87.9, 34.3)(156.9, 34.3)(156.9, 38.3)(87.9, 38.3);SD
Module:M12
Boundary:(408.4, 146.7)(408.4, 53.2)(398.4, 53.2)(398.4, 37.7)(257.4, 37.7)(257.4, 146.7);GATE
Port:(257.4, 52.2)(267.4, 52.2)(267.4, 132.2)(257.4, 132.2);SD
Port:(408.4, 146.7)(408.4, 53.2)(398.4, 53.2)(398.4, 37.7)(272.4, 37.7)(272.4, 146.7);GATE
Port:(399.4, 67.7)(403.4, 67.7)(403.4, 136.7)(399.4, 136.7);SD
Module:M17
Boundary:(559.7, 151.3)(559.7, 57.8)(549.7, 57.8)(549.7, 42.3)(492.7, 42.3)(492.7, 151.3);GATE
Port:(492.7, 56.8)(502.7, 56.8)(502.7, 136.8)(492.7, 136.8);SD
Port:(559.7, 151.3)(559.7, 57.8)(549.7, 57.8)(549.7, 42.3)(507.7, 42.3)(507.7, 151.3);GATE
Port:(550.7, 72.3)(554.7, 72.3)(554.7, 141.3)(550.7, 141.3);SD
Module:M3
Boundary:(729.0, 71.7)(802.0, 71.7)(802.0, 195.7)(729.0, 195.7);GATE
Port:(743.5, 185.7)(787.5, 185.7)(787.5, 195.7)(743.5, 195.7);SD
Port:(729.0, 71.7)(802.0, 71.7)(802.0, 180.7)(729.0, 180.7);GATE
Port:(739.0, 76.7)(792.0, 76.7)(792.0, 80.7)(739.0, 80.7);SD
Module:M18
Boundary:(414.0, 148.0)(414.0, 36.5)(426.0, 36.5)(426.0, 21.0)(476.0, 21.0)(476.0, 148.0);GATE
Port:(466.0, 35.5)(476.0, 35.5)(476.0, 133.5)(466.0, 133.5);SD
Port:(414.0, 148.0)(414.0, 36.5)(426.0, 36.5)(426.0, 21.0)(461.0, 21.0)(461.0, 148.0);GATE
Port:(419.0, 51.0)(423.0, 51.0)(423.0, 138.0)(419.0, 138.0);SD
Module:M9
Boundary:(714.0, 188.3)(714.0, 40.8)(698.0, 40.8)(698.0, 25.3)(610.0, 25.3)(610.0, 188.3);GATE
Port:(610.0, 39.8)(620.0, 39.8)(620.0, 173.8)(610.0, 173.8);SD
Port:(714.0, 188.3)(714.0, 40.8)(698.0, 40.8)(698.0, 25.3)(625.0, 25.3)(625.0, 188.3);GATE
Port:(705.0, 55.3)(709.0, 55.3)(709.0, 178.3)(705.0, 178.3);SD
Module:M6
Boundary:(403.7, 207.9)(292.2, 207.9)(292.2, 247.9)(204.7, 247.9)(204.7, 297.9)(403.7, 297.9);GATE
Port:(219.2, 287.9)(389.2, 287.9)(389.2, 297.9)(219.2, 297.9);SD
Port:(403.7, 207.9)(292.2, 207.9)(292.2, 247.9)(204.7, 247.9)(204.7, 282.9)(403.7, 282.9);GATE
Port:(306.7, 212.9)(393.7, 212.9)(393.7, 216.9)(306.7, 216.9);SD
Module:M14
Boundary:(830.9, 312.6)(830.9, 219.1)(820.9, 219.1)(820.9, 203.6)(747.9, 203.6)(747.9, 312.6);GATE
Port:(747.9, 218.1)(757.9, 218.1)(757.9, 298.1)(747.9, 298.1);SD
Port:(830.9, 312.6)(830.9, 219.1)(820.9, 219.1)(820.9, 203.6)(762.9, 203.6)(762.9, 312.6);GATE
Port:(821.9, 233.6)(825.9, 233.6)(825.9, 302.6)(821.9, 302.6);SD
Module:M15
Boundary:(515.4, 318.0)(421.9, 318.0)(421.9, 308.0)(406.4, 308.0)(406.4, 192.0)(515.4, 192.0);GATE
Port:(420.9, 192.0)(500.9, 192.0)(500.9, 202.0)(420.9, 202.0);SD
Port:(515.4, 318.0)(421.9, 318.0)(421.9, 308.0)(406.4, 308.0)(406.4, 207.0)(515.4, 207.0);GATE
Port:(436.4, 309.0)(505.4, 309.0)(505.4, 313.0)(436.4, 313.0);SD
Module:M8
Boundary:(694.3, 314.0)(694.3, 238.0)(686.3, 238.0)(686.3, 223.0)(543.3, 223.0)(543.3, 314.0);GATE
Port:(543.3, 237.5)(553.3, 237.5)(553.3, 299.5)(543.3, 299.5);SD
Port:(694.3, 314.0)(694.3, 238.0)(686.3, 238.0)(686.3, 223.0)(558.3, 223.0)(558.3, 314.0);GATE
Port:(685.3, 253.0)(689.3, 253.0)(689.3, 304.0)(685.3, 304.0);SD
Module:M1
Boundary:(179.8, 329.0)(179.8, 181.5)(163.8, 181.5)(163.8, 166.0)(64.8, 166.0)(64.8, 329.0);GATE
Port:(64.8, 180.5)(74.8, 180.5)(74.8, 314.5)(64.8, 314.5);SD
Port:(179.8, 329.0)(179.8, 181.5)(163.8, 181.5)(163.8, 166.0)(79.8, 166.0)(79.8, 329.0);GATE
Port:(170.8, 196.0)(174.8, 196.0)(174.8, 319.0)(170.8, 319.0);SD
Module:M5
Boundary:(623.6, 426.3)(623.6, 353.3)(423.6, 353.3)(423.6, 426.3);GATE
Port:(423.6, 367.8)(433.6, 367.8)(433.6, 411.8)(423.6, 411.8);SD
Port:(623.6, 426.3)(623.6, 353.3)(438.6, 353.3)(438.6, 426.3);GATE
Port:(614.6, 363.3)(618.6, 363.3)(618.6, 416.3)(614.6, 416.3);SD
Module:M11
Boundary:(159.4, 428.9)(159.4, 355.9)(32.4, 355.9)(32.4, 428.9);GATE
Port:(32.4, 370.4)(42.4, 370.4)(42.4, 414.4)(32.4, 414.4);SD
Port:(159.4, 428.9)(159.4, 355.9)(47.4, 355.9)(47.4, 428.9);GATE
Port:(150.4, 365.9)(154.4, 365.9)(154.4, 418.9)(150.4, 418.9);SD
Module:M19
Boundary:(189.6, 452.5)(189.6, 323.0)(203.6, 323.0)(203.6, 307.5)(364.6, 307.5)(364.6, 452.5);GATE
Port:(354.6, 322.0)(364.6, 322.0)(364.6, 438.0)(354.6, 438.0);SD
Port:(189.6, 452.5)(189.6, 323.0)(203.6, 323.0)(203.6, 307.5)(349.6, 307.5)(349.6, 452.5);GATE
Port:(194.6, 337.5)(198.6, 337.5)(198.6, 442.5)(194.6, 442.5);SD
Module:M2
Boundary:(654.0, 337.8)(654.0, 413.8)(662.0, 413.8)(662.0, 428.8)(721.0, 428.8)(721.0, 337.8);GATE
Port:(711.0, 352.3)(721.0, 352.3)(721.0, 414.3)(711.0, 414.3);SD
Port:(654.0, 337.8)(654.0, 413.8)(662.0, 413.8)(662.0, 428.8)(706.0, 428.8)(706.0, 337.8);GATE
Port:(659.0, 347.8)(663.0, 347.8)(663.0, 398.8)(659.0, 398.8);SD
Module:M4
Boundary:(829.9, 331.7)(829.9, 407.2)(804.9, 407.2)(804.9, 458.7)(741.9, 458.7)(741.9, 331.7);GATE
Port:(741.9, 346.2)(751.9, 346.2)(751.9, 444.2)(741.9, 444.2);SD
Port:(829.9, 331.7)(829.9, 407.2)(804.9, 407.2)(804.9, 458.7)(756.9, 458.7)(756.9, 331.7);GATE
Port:(820.9, 341.7)(824.9, 341.7)(824.9, 392.7)(820.9, 392.7);SD
Module:M7
Boundary:(171.0, 453.2)(171.0, 600.7)(187.0, 600.7)(187.0, 616.2)(364.0, 616.2)(364.0, 453.2);GATE
Port:(354.0, 467.7)(364.0, 467.7)(364.0, 601.7)(354.0, 601.7);SD
Port:(171.0, 453.2)(171.0, 600.7)(187.0, 600.7)(187.0, 616.2)(349.0, 616.2)(349.0, 453.2);GATE
Port:(176.0, 463.2)(180.0, 463.2)(180.0, 586.2)(176.0, 586.2);SD
Module:M16
Boundary:(551.8, 433.4)(422.3, 433.4)(422.3, 447.4)(406.8, 447.4)(406.8, 617.4)(551.8, 617.4);GATE
Port:(421.3, 607.4)(537.3, 607.4)(537.3, 617.4)(421.3, 617.4);SD
Port:(551.8, 433.4)(422.3, 433.4)(422.3, 447.4)(406.8, 447.4)(406.8, 602.4)(551.8, 602.4);GATE
Port:(436.8, 438.4)(541.8, 438.4)(541.8, 442.4)(436.8, 442.4);SD
Module:M10
Boundary:(59.4, 609.4)(152.9, 609.4)(152.9, 599.4)(168.4, 599.4)(168.4, 430.4)(59.4, 430.4);GATE
Port:(73.9, 430.4)(153.9, 430.4)(153.9, 440.4)(73.9, 440.4);SD
Port:(59.4, 609.4)(152.9, 609.4)(152.9, 599.4)(168.4, 599.4)(168.4, 445.4)(59.4, 445.4);GATE
Port:(69.4, 600.4)(138.4, 600.4)(138.4, 604.4)(69.4, 604.4);SD
Module:M13
Boundary:(854.6, 459.8)(779.1, 459.8)(779.1, 544.7)(583.6, 544.7)(583.6, 620.8)(854.6, 620.8);GATE
Port:(598.1, 610.8)(840.1, 610.8)(840.1, 620.8)(598.1, 620.8);SD
Port:(854.6, 459.8)(779.1, 459.8)(779.1, 544.7)(583.6, 544.7)(583.6, 605.8)(854.6, 605.8);GATE
Port:(793.6, 464.8)(844.6, 464.8)(844.6, 468.8)(793.6, 468.8);SD
