Area:(-20.0, -20.0)(713.0, -20.0)(713.0, 705.0)(-20.0, 705.0)
Rule:GATE(5,5);SD(5,5);GATE_SD(0.5);GATE_ITO(0.5);SD_ITO(0.5)
Module:M14
Boundary:(219.0, 143.0)(292.0, 143.0)(292.0, 257.0)(219.0, 257.0);GATE
Port:(233.5, 247.0)(277.5, 247.0)(277.5, 257.0)(233.5, 257.0);SD
Port:(219.0, 143.0)(292.0, 143.0)(292.0, 242.0)(219.0, 242.0);GATE
Port:(229.0, 148.0)(282.0, 148.0)(282.0, 152.0)(229.0, 152.0);SD
Module:M9
Boundary:(671.0, 449.0)(671.0, 596.5)(651.0, 596.5)(651.0, 612.0)(608.0, 612.0)(608.0, 449.0);GATE
Port:(608.0, 463.5)(618.0, 463.5)(618.0, 597.5)(608.0, 597.5);SD
Port:(671.0, 449.0)(671.0, 596.5)(651.0, 596.5)(651.0, 612.0)(623.0, 612.0)(623.0, 449.0);GATE
Port:(662.0, 459.0)(666.0, 459.0)(666.0, 582.0)(662.0, 582.0);SD
Module:M5
Boundary:(338.0, 20.0)(338.0, 93.0)(148.0, 93.0)(148.0, 20.0);GATE
Port:(148.0, 34.5)(158.0, 34.5)(158.0, 78.5)(148.0, 78.5);SD
Port:(338.0, 20.0)(338.0, 93.0)(163.0, 93.0)(163.0, 20.0);GATE
Port:(329.0, 30.0)(333.0, 30.0)(333.0, 83.0)(329.0, 83.0);SD
Module:M11
Boundary:(20.0, 544.0)(149.5, 544.0)(149.5, 565.0)(165.0, 565.0)(165.0, 665.0)(20.0, 665.0);GATE
Port:(34.5, 655.0)(150.5, 655.0)(150.5, 665.0)(34.5, 665.0);SD
Port:(20.0, 544.0)(149.5, 544.0)(149.5, 565.0)(165.0, 565.0)(165.0, 650.0)(20.0, 650.0);GATE
Port:(30.0, 549.0)(135.0, 549.0)(135.0, 553.0)(30.0, 553.0);SD
Module:M1
Boundary:(510.0, 30.0)(510.0, 139.0)(388.0, 139.0)(388.0, 30.0);GATE
Port:(388.0, 44.5)(398.0, 44.5)(398.0, 124.5)(388.0, 124.5);SD
Port:(510.0, 30.0)(510.0, 139.0)(403.0, 139.0)(403.0, 30.0);GATE
Port:(501.0, 40.0)(505.0, 40.0)(505.0, 129.0)(501.0, 129.0);SD
Module:M6
Boundary:(528.0, 223.0)(657.5, 223.0)(657.5, 237.0)(673.0, 237.0)(673.0, 409.0)(528.0, 409.0);GATE
Port:(542.5, 399.0)(658.5, 399.0)(658.5, 409.0)(542.5, 409.0);SD
Port:(528.0, 223.0)(657.5, 223.0)(657.5, 237.0)(673.0, 237.0)(673.0, 394.0)(528.0, 394.0);GATE
Port:(538.0, 228.0)(643.0, 228.0)(643.0, 232.0)(538.0, 232.0);SD
Module:M2
Boundary:(209.0, 307.0)(282.0, 307.0)(282.0, 377.0)(209.0, 377.0);GATE
Port:(223.5, 367.0)(267.5, 367.0)(267.5, 377.0)(223.5, 377.0);SD
Port:(209.0, 307.0)(282.0, 307.0)(282.0, 362.0)(209.0, 362.0);GATE
Port:(219.0, 312.0)(272.0, 312.0)(272.0, 316.0)(219.0, 316.0);SD
Module:M16
Boundary:(568.0, 554.0)(568.0, 647.5)(558.0, 647.5)(558.0, 663.0)(406.0, 663.0)(406.0, 554.0);GATE
Port:(406.0, 568.5)(416.0, 568.5)(416.0, 648.5)(406.0, 648.5);SD
Port:(568.0, 554.0)(568.0, 647.5)(558.0, 647.5)(558.0, 663.0)(421.0, 663.0)(421.0, 554.0);GATE
Port:(559.0, 564.0)(563.0, 564.0)(563.0, 633.0)(559.0, 633.0);SD
Module:M13
Boundary:(406.0, 449.0)(535.5, 449.0)(535.5, 463.0)(551.0, 463.0)(551.0, 514.0)(406.0, 514.0);GATE
Port:(420.5, 504.0)(536.5, 504.0)(536.5, 514.0)(420.5, 514.0);SD
Port:(406.0, 449.0)(535.5, 449.0)(535.5, 463.0)(551.0, 463.0)(551.0, 499.0)(406.0, 499.0);GATE
Port:(416.0, 454.0)(521.0, 454.0)(521.0, 458.0)(416.0, 458.0);SD
Module:M10
Boundary:(488.0, 189.0)(488.0, 336.5)(405.0, 336.5)(405.0, 388.0)(342.0, 388.0)(342.0, 189.0);GATE
Port:(342.0, 203.5)(352.0, 203.5)(352.0, 373.5)(342.0, 373.5);SD
Port:(488.0, 189.0)(488.0, 336.5)(405.0, 336.5)(405.0, 388.0)(357.0, 388.0)(357.0, 189.0);GATE
Port:(479.0, 199.0)(483.0, 199.0)(483.0, 322.0)(479.0, 322.0);SD
Module:M7
Boundary:(108.0, 20.0)(108.0, 93.0)(20.0, 93.0)(20.0, 20.0);GATE
Port:(20.0, 34.5)(30.0, 34.5)(30.0, 78.5)(20.0, 78.5);SD
Port:(108.0, 20.0)(108.0, 93.0)(35.0, 93.0)(35.0, 20.0);GATE
Port:(99.0, 30.0)(103.0, 30.0)(103.0, 83.0)(99.0, 83.0);SD
Module:M3
Boundary:(670.0, 20.0)(670.0, 95.5)(619.8, 95.5)(619.8, 183.0)(560.0, 183.0)(560.0, 20.0);GATE
Port:(560.0, 34.5)(570.0, 34.5)(570.0, 168.5)(560.0, 168.5);SD
Port:(670.0, 20.0)(670.0, 95.5)(619.8, 95.5)(619.8, 183.0)(575.0, 183.0)(575.0, 20.0);GATE
Port:(661.0, 30.0)(665.0, 30.0)(665.0, 81.0)(661.0, 81.0);SD
Module:M15
Boundary:(366.0, 428.0)(366.0, 557.5)(275.7, 557.5)(275.7, 663.0)(205.0, 663.0)(205.0, 428.0);GATE
Port:(205.0, 442.5)(215.0, 442.5)(215.0, 648.5)(205.0, 648.5);SD
Port:(366.0, 428.0)(366.0, 557.5)(275.7, 557.5)(275.7, 663.0)(220.0, 663.0)(220.0, 428.0);GATE
Port:(357.0, 438.0)(361.0, 438.0)(361.0, 543.0)(357.0, 543.0);SD
Module:M12
Boundary:(157.0, 133.0)(157.0, 206.0)(20.0, 206.0)(20.0, 133.0);GATE
Port:(20.0, 147.5)(30.0, 147.5)(30.0, 191.5)(20.0, 191.5);SD
Port:(157.0, 133.0)(157.0, 206.0)(35.0, 206.0)(35.0, 133.0);GATE
Port:(148.0, 143.0)(152.0, 143.0)(152.0, 196.0)(148.0, 196.0);SD
Module:M8
Boundary:(162.0, 377.0)(162.0, 488.5)(150.0, 488.5)(150.0, 504.0)(20.0, 504.0)(20.0, 377.0);GATE
Port:(20.0, 391.5)(30.0, 391.5)(30.0, 489.5)(20.0, 489.5);SD
Port:(162.0, 377.0)(162.0, 488.5)(150.0, 488.5)(150.0, 504.0)(35.0, 504.0)(35.0, 377.0);GATE
Port:(153.0, 387.0)(157.0, 387.0)(157.0, 474.0)(153.0, 474.0);SD
Module:M4
Boundary:(169.0, 246.0)(169.0, 322.0)(161.0, 322.0)(161.0, 337.0)(20.0, 337.0)(20.0, 246.0);GATE
Port:(20.0, 260.5)(30.0, 260.5)(30.0, 322.5)(20.0, 322.5);SD
Port:(169.0, 246.0)(169.0, 322.0)(161.0, 322.0)(161.0, 337.0)(35.0, 337.0)(35.0, 246.0);GATE
Port:(160.0, 256.0)(164.0, 256.0)(164.0, 307.0)(160.0, 307.0);SD
