Area:(-20.0, -20.0)(984.0, -20.0)(984.0, 773.0)(-20.0, 773.0)
Rule:GATE(5,5);SD(5,5);GATE_SD(0.5);GATE_ITO(0.5);SD_ITO(0.5)
Module:M14
Boundary:(753.0, 588.0)(753.0, 717.5)(739.0, 717.5)(739.0, 733.0)(566.0, 733.0)(566.0, 588.0);GATE
Port:(566.0, 602.5)(576.0, 602.5)(576.0, 718.5)(566.0, 718.5);SD
Port:(753.0, 588.0)(753.0, 717.5)(739.0, 717.5)(739.0, 733.0)(581.0, 733.0)(581.0, 588.0);GATE
Port:(744.0, 598.0)(748.0, 598.0)(748.0, 703.0)(744.0, 703.0);SD
Module:M9
Boundary:(20.0, 209.0)(131.5, 209.0)(131.5, 288.8)(165.0, 288.8)(165.0, 386.0)(20.0, 386.0);GATE
Port:(34.5, 376.0)(150.5, 376.0)(150.5, 386.0)(34.5, 386.0);SD
Port:(20.0, 209.0)(131.5, 209.0)(131.5, 288.8)(165.0, 288.8)(165.0, 371.0)(20.0, 371.0);GATE
Port:(30.0, 214.0)(117.0, 214.0)(117.0, 218.0)(30.0, 218.0);SD
Module:M5
Boundary:(301.0, 20.0)(301.0, 96.0)(293.0, 96.0)(293.0, 111.0)(205.0, 111.0)(205.0, 20.0);GATE
Port:(205.0, 34.5)(215.0, 34.5)(215.0, 96.5)(205.0, 96.5);SD
Port:(301.0, 20.0)(301.0, 96.0)(293.0, 96.0)(293.0, 111.0)(220.0, 111.0)(220.0, 20.0);GATE
Port:(292.0, 30.0)(296.0, 30.0)(296.0, 81.0)(292.0, 81.0);SD
Module:M11
Boundary:(749.0, 475.0)(749.0, 548.0)(565.0, 548.0)(565.0, 475.0);GATE
Port:(565.0, 489.5)(575.0, 489.5)(575.0, 533.5)(565.0, 533.5);SD
Port:(749.0, 475.0)(749.0, 548.0)(580.0, 548.0)(580.0, 475.0);GATE
Port:(740.0, 485.0)(744.0, 485.0)(744.0, 538.0)(740.0, 538.0);SD
Module:M1
Boundary:(358.0, 439.0)(358.0, 515.0)(350.0, 515.0)(350.0, 530.0)(205.0, 530.0)(205.0, 439.0);GATE
Port:(205.0, 453.5)(215.0, 453.5)(215.0, 515.5)(205.0, 515.5);SD
Port:(358.0, 439.0)(358.0, 515.0)(350.0, 515.0)(350.0, 530.0)(220.0, 530.0)(220.0, 439.0);GATE
Port:(349.0, 449.0)(353.0, 449.0)(353.0, 500.0)(349.0, 500.0);SD
Module:M24
Boundary:(648.0, 20.0)(724.0, 20.0)(724.0, 28.0)(739.0, 28.0)(739.0, 97.0)(648.0, 97.0);GATE
Port:(662.5, 87.0)(724.5, 87.0)(724.5, 97.0)(662.5, 97.0);SD
Port:(648.0, 20.0)(724.0, 20.0)(724.0, 28.0)(739.0, 28.0)(739.0, 82.0)(648.0, 82.0);GATE
Port:(658.0, 25.0)(709.0, 25.0)(709.0, 29.0)(658.0, 29.0);SD
Module:M19
Boundary:(526.0, 588.0)(526.0, 699.5)(453.8, 699.5)(453.8, 733.0)(364.0, 733.0)(364.0, 588.0);GATE
Port:(364.0, 602.5)(374.0, 602.5)(374.0, 718.5)(364.0, 718.5);SD
Port:(526.0, 588.0)(526.0, 699.5)(453.8, 699.5)(453.8, 733.0)(379.0, 733.0)(379.0, 588.0);GATE
Port:(517.0, 598.0)(521.0, 598.0)(521.0, 685.0)(517.0, 685.0);SD
Module:M6
Boundary:(451.0, 20.0)(451.0, 93.0)(341.0, 93.0)(341.0, 20.0);GATE
Port:(341.0, 34.5)(351.0, 34.5)(351.0, 78.5)(341.0, 78.5);SD
Port:(451.0, 20.0)(451.0, 93.0)(356.0, 93.0)(356.0, 20.0);GATE
Port:(442.0, 30.0)(446.0, 30.0)(446.0, 83.0)(442.0, 83.0);SD
Module:M21
Boundary:(392.0, 290.0)(539.5, 290.0)(539.5, 306.0)(555.0, 306.0)(555.0, 399.0)(392.0, 399.0);GATE
Port:(406.5, 389.0)(540.5, 389.0)(540.5, 399.0)(406.5, 399.0);SD
Port:(392.0, 290.0)(539.5, 290.0)(539.5, 306.0)(555.0, 306.0)(555.0, 384.0)(392.0, 384.0);GATE
Port:(402.0, 295.0)(525.0, 295.0)(525.0, 299.0)(402.0, 299.0);SD
Module:M2
Boundary:(891.0, 20.0)(891.0, 93.0)(779.0, 93.0)(779.0, 20.0);GATE
Port:(779.0, 34.5)(789.0, 34.5)(789.0, 78.5)(779.0, 78.5);SD
Port:(891.0, 20.0)(891.0, 93.0)(794.0, 93.0)(794.0, 20.0);GATE
Port:(882.0, 30.0)(886.0, 30.0)(886.0, 83.0)(882.0, 83.0);SD
Module:M16
Boundary:(205.0, 300.0)(334.5, 300.0)(334.5, 314.0)(350.0, 314.0)(350.0, 399.0)(205.0, 399.0);GATE
Port:(219.5, 389.0)(335.5, 389.0)(335.5, 399.0)(219.5, 399.0);SD
Port:(205.0, 300.0)(334.5, 300.0)(334.5, 314.0)(350.0, 314.0)(350.0, 384.0)(205.0, 384.0);GATE
Port:(215.0, 305.0)(320.0, 305.0)(320.0, 309.0)(215.0, 309.0);SD
Module:M13
Boundary:(458.0, 133.0)(458.0, 242.0)(392.0, 242.0)(392.0, 133.0);GATE
Port:(392.0, 147.5)(402.0, 147.5)(402.0, 227.5)(392.0, 227.5);SD
Port:(458.0, 133.0)(458.0, 242.0)(407.0, 242.0)(407.0, 133.0);GATE
Port:(449.0, 143.0)(453.0, 143.0)(453.0, 232.0)(449.0, 232.0);SD
Module:M10
Boundary:(498.0, 169.0)(627.5, 169.0)(627.5, 185.0)(643.0, 185.0)(643.0, 250.0)(498.0, 250.0);GATE
Port:(512.5, 240.0)(628.5, 240.0)(628.5, 250.0)(512.5, 250.0);SD
Port:(498.0, 169.0)(627.5, 169.0)(627.5, 185.0)(643.0, 185.0)(643.0, 235.0)(498.0, 235.0);GATE
Port:(508.0, 174.0)(613.0, 174.0)(613.0, 178.0)(508.0, 178.0);SD
Module:M7
Boundary:(20.0, 426.0)(95.5, 426.0)(95.5, 485.7)(165.0, 485.7)(165.0, 570.0)(20.0, 570.0);GATE
Port:(34.5, 560.0)(150.5, 560.0)(150.5, 570.0)(34.5, 570.0);SD
Port:(20.0, 426.0)(95.5, 426.0)(95.5, 485.7)(165.0, 485.7)(165.0, 555.0)(20.0, 555.0);GATE
Port:(30.0, 431.0)(81.0, 431.0)(81.0, 435.0)(30.0, 435.0);SD
Module:M3
Boundary:(20.0, 20.0)(149.5, 20.0)(149.5, 34.0)(165.0, 34.0)(165.0, 169.0)(20.0, 169.0);GATE
Port:(34.5, 159.0)(150.5, 159.0)(150.5, 169.0)(34.5, 169.0);SD
Port:(20.0, 20.0)(149.5, 20.0)(149.5, 34.0)(165.0, 34.0)(165.0, 154.0)(20.0, 154.0);GATE
Port:(30.0, 25.0)(135.0, 25.0)(135.0, 29.0)(30.0, 29.0);SD
Module:M23
Boundary:(608.0, 20.0)(608.0, 113.5)(598.0, 113.5)(598.0, 129.0)(498.0, 129.0)(498.0, 20.0);GATE
Port:(498.0, 34.5)(508.0, 34.5)(508.0, 114.5)(498.0, 114.5);SD
Port:(608.0, 20.0)(608.0, 113.5)(598.0, 113.5)(598.0, 129.0)(513.0, 129.0)(513.0, 20.0);GATE
Port:(599.0, 30.0)(603.0, 30.0)(603.0, 99.0)(599.0, 99.0);SD
Module:M18
Boundary:(944.0, 342.0)(944.0, 453.5)(932.0, 453.5)(932.0, 469.0)(823.0, 469.0)(823.0, 342.0);GATE
Port:(823.0, 356.5)(833.0, 356.5)(833.0, 454.5)(823.0, 454.5);SD
Port:(944.0, 342.0)(944.0, 453.5)(932.0, 453.5)(932.0, 469.0)(838.0, 469.0)(838.0, 342.0);GATE
Port:(935.0, 352.0)(939.0, 352.0)(939.0, 439.0)(935.0, 439.0);SD
Module:M20
Boundary:(683.0, 137.0)(794.5, 137.0)(794.5, 149.0)(810.0, 149.0)(810.0, 241.0)(683.0, 241.0);GATE
Port:(697.5, 231.0)(795.5, 231.0)(795.5, 241.0)(697.5, 241.0);SD
Port:(683.0, 137.0)(794.5, 137.0)(794.5, 149.0)(810.0, 149.0)(810.0, 226.0)(683.0, 226.0);GATE
Port:(693.0, 142.0)(780.0, 142.0)(780.0, 146.0)(693.0, 146.0);SD
Module:M15
Boundary:(850.0, 133.0)(926.0, 133.0)(926.0, 141.0)(941.0, 141.0)(941.0, 302.0)(850.0, 302.0);GATE
Port:(864.5, 292.0)(926.5, 292.0)(926.5, 302.0)(864.5, 302.0);SD
Port:(850.0, 133.0)(926.0, 133.0)(926.0, 141.0)(941.0, 141.0)(941.0, 287.0)(850.0, 287.0);GATE
Port:(860.0, 138.0)(911.0, 138.0)(911.0, 142.0)(860.0, 142.0);SD
Module:M12
Boundary:(398.0, 439.0)(509.5, 439.0)(509.5, 451.0)(525.0, 451.0)(525.0, 545.0)(398.0, 545.0);GATE
Port:(412.5, 535.0)(510.5, 535.0)(510.5, 545.0)(412.5, 545.0);SD
Port:(398.0, 439.0)(509.5, 439.0)(509.5, 451.0)(525.0, 451.0)(525.0, 530.0)(398.0, 530.0);GATE
Port:(408.0, 444.0)(495.0, 444.0)(495.0, 448.0)(408.0, 448.0);SD
Module:M8
Boundary:(352.0, 151.0)(352.0, 244.5)(342.0, 244.5)(342.0, 260.0)(205.0, 260.0)(205.0, 151.0);GATE
Port:(205.0, 165.5)(215.0, 165.5)(215.0, 245.5)(205.0, 245.5);SD
Port:(352.0, 151.0)(352.0, 244.5)(342.0, 244.5)(342.0, 260.0)(220.0, 260.0)(220.0, 151.0);GATE
Port:(343.0, 161.0)(347.0, 161.0)(347.0, 230.0)(343.0, 230.0);SD
Module:M4
Boundary:(173.0, 610.0)(173.0, 703.5)(163.0, 703.5)(163.0, 719.0)(20.0, 719.0)(20.0, 610.0);GATE
Port:(20.0, 624.5)(30.0, 624.5)(30.0, 704.5)(20.0, 704.5);SD
Port:(173.0, 610.0)(173.0, 703.5)(163.0, 703.5)(163.0, 719.0)(35.0, 719.0)(35.0, 610.0);GATE
Port:(164.0, 620.0)(168.0, 620.0)(168.0, 689.0)(164.0, 689.0);SD
Module:M25
Boundary:(324.0, 570.0)(324.0, 717.5)(308.0, 717.5)(308.0, 733.0)(213.0, 733.0)(213.0, 570.0);GATE
Port:(213.0, 584.5)(223.0, 584.5)(223.0, 718.5)(213.0, 718.5);SD
Port:(324.0, 570.0)(324.0, 717.5)(308.0, 717.5)(308.0, 733.0)(228.0, 733.0)(228.0, 570.0);GATE
Port:(315.0, 580.0)(319.0, 580.0)(319.0, 703.0)(315.0, 703.0);SD
Module:M22
Boundary:(783.0, 290.0)(783.0, 419.5)(769.0, 419.5)(769.0, 435.0)(595.0, 435.0)(595.0, 290.0);GATE
Port:(595.0, 304.5)(605.0, 304.5)(605.0, 420.5)(595.0, 420.5);SD
Port:(783.0, 290.0)(783.0, 419.5)(769.0, 419.5)(769.0, 435.0)(610.0, 435.0)(610.0, 290.0);GATE
Port:(774.0, 300.0)(778.0, 300.0)(778.0, 405.0)(774.0, 405.0);SD
Module:M17
Boundary:(944.0, 509.0)(944.0, 584.5)(881.5, 584.5)(881.5, 726.0)(793.0, 726.0)(793.0, 509.0);GATE
Port:(793.0, 523.5)(803.0, 523.5)(803.0, 711.5)(793.0, 711.5);SD
Port:(944.0, 509.0)(944.0, 584.5)(881.5, 584.5)(881.5, 726.0)(808.0, 726.0)(808.0, 509.0);GATE
Port:(935.0, 519.0)(939.0, 519.0)(939.0, 570.0)(935.0, 570.0);SD
