Area:(-20.0, 7.9)(536.0, 7.9)(536.0, 1549.4)(-20.0, 1549.4)
Rule:GATE(5,5);SD(5,5);GATE_SD(0.5);GATE_ITO(0.5);SD_ITO(0.5)
Module:M18
Boundary:(417.9, 85.7)(417.9, 135.0)(417.6, 135.0)(417.6, 152.0)(255.4, 152.0)(255.4, 85.7);GATE
Port:(255.4, 98.3)(260.0, 98.3)(260.0, 139.4)(255.4, 139.4);SD
Port:(417.9, 85.7)(417.9, 135.0)(417.6, 135.0)(417.6, 152.0)(261.4, 152.0)(261.4, 85.7);GATE
Port:(408.3, 91.1)(413.5, 91.1)(413.5, 129.6)(408.3, 129.6);SD
Module:M26
Boundary:(424.3, 47.9)(470.8, 47.9)(470.8, 73.7)(484.5, 73.7)(484.5, 159.3)(424.3, 159.3);GATE
Port:(436.5, 153.8)(472.3, 153.8)(472.3, 159.3)(436.5, 159.3);SD
Port:(424.3, 47.9)(470.8, 47.9)(470.8, 73.7)(484.5, 73.7)(484.5, 151.0)(424.3, 151.0);GATE
Port:(429.6, 52.2)(464.5, 52.2)(464.5, 58.0)(429.6, 58.0);SD
Module:M2
Boundary:(216.9, 64.7)(216.9, 161.6)(149.5, 161.6)(149.5, 179.4)(79.5, 179.4)(79.5, 64.7);GATE
Port:(79.5, 80.5)(84.0, 80.5)(84.0, 163.6)(79.5, 163.6);SD
Port:(216.9, 64.7)(216.9, 161.6)(149.5, 161.6)(149.5, 179.4)(85.3, 179.4)(85.3, 64.7);GATE
Port:(204.4, 71.1)(211.5, 71.1)(211.5, 154.2)(204.4, 154.2);SD
Module:M17
Boundary:(380.0, 303.6)(380.0, 203.2)(379.6, 203.2)(379.6, 186.5)(250.1, 186.5)(250.1, 303.6);GATE
Port:(250.1, 200.1)(254.6, 200.1)(254.6, 290.0)(250.1, 290.0);SD
Port:(380.0, 303.6)(380.0, 203.2)(379.6, 203.2)(379.6, 186.5)(256.6, 186.5)(256.6, 303.6);GATE
Port:(369.6, 208.7)(375.5, 208.7)(375.5, 298.1)(369.6, 298.1);SD
Module:M7
Boundary:(69.7, 299.8)(69.7, 227.7)(239.7, 227.7)(239.7, 299.8);GATE
Port:(234.3, 243.1)(239.7, 243.1)(239.7, 284.4)(234.3, 284.4);SD
Port:(69.7, 299.8)(69.7, 227.7)(232.2, 227.7)(232.2, 299.8);GATE
Port:(74.3, 233.3)(81.7, 233.3)(81.7, 294.2)(74.3, 294.2);SD
Module:M9
Boundary:(475.3, 192.0)(409.6, 192.0)(409.6, 192.3)(393.5, 192.3)(393.5, 306.3)(475.3, 306.3);GATE
Port:(406.3, 301.0)(462.5, 301.0)(462.5, 306.3)(406.3, 306.3);SD
Port:(475.3, 192.0)(409.6, 192.0)(409.6, 192.3)(393.5, 192.3)(393.5, 298.8)(475.3, 298.8);GATE
Port:(414.7, 196.1)(470.2, 196.1)(470.2, 203.0)(414.7, 203.0);SD
Module:M14
Boundary:(241.6, 320.1)(241.6, 414.2)(148.0, 414.2)(148.0, 428.9)(30.0, 428.9)(30.0, 320.1);GATE
Port:(30.0, 332.0)(35.9, 332.0)(35.9, 417.0)(30.0, 417.0);SD
Port:(241.6, 320.1)(241.6, 414.2)(148.0, 414.2)(148.0, 428.9)(37.8, 428.9)(37.8, 320.1);GATE
Port:(232.7, 325.7)(237.0, 325.7)(237.0, 407.6)(232.7, 407.6);SD
Module:M19
Boundary:(441.2, 478.4)(359.4, 478.4)(359.4, 398.2)(441.2, 398.2);GATE
Port:(374.5, 398.2)(426.1, 398.2)(426.1, 402.5)(374.5, 402.5);SD
Port:(441.2, 478.4)(359.4, 478.4)(359.4, 404.5)(441.2, 404.5);GATE
Port:(366.3, 465.7)(434.3, 465.7)(434.3, 472.5)(366.3, 472.5);SD
Module:M25
Boundary:(276.2, 314.9)(333.9, 314.9)(333.9, 483.2)(276.2, 483.2);GATE
Port:(287.5, 479.1)(322.6, 479.1)(322.6, 483.2)(287.5, 483.2);SD
Port:(276.2, 314.9)(333.9, 314.9)(333.9, 477.9)(276.2, 477.9);GATE
Port:(281.5, 319.2)(328.6, 319.2)(328.6, 324.4)(281.5, 324.4);SD
Module:M15
Boundary:(258.5, 486.8)(258.5, 557.7)(43.4, 557.7)(43.4, 486.8);GATE
Port:(43.4, 501.5)(49.2, 501.5)(49.2, 543.0)(43.4, 543.0);SD
Port:(258.5, 486.8)(258.5, 557.7)(50.5, 557.7)(50.5, 486.8);GATE
Port:(246.8, 493.0)(253.3, 493.0)(253.3, 551.5)(246.8, 551.5);SD
Module:M24
Boundary:(332.8, 628.0)(332.8, 532.1)(310.6, 532.1)(310.6, 514.7)(258.6, 514.7)(258.6, 628.0);GATE
Port:(258.6, 531.1)(264.6, 531.1)(264.6, 611.6)(258.6, 611.6);SD
Port:(332.8, 628.0)(332.8, 532.1)(310.6, 532.1)(310.6, 514.7)(266.5, 514.7)(266.5, 628.0);GATE
Port:(319.7, 539.7)(327.2, 539.7)(327.2, 621.4)(319.7, 621.4);SD
Module:M28
Boundary:(471.4, 525.8)(378.9, 525.8)(378.9, 562.5)(365.1, 562.5)(365.1, 672.9)(471.4, 672.9);GATE
Port:(378.0, 668.5)(458.5, 668.5)(458.5, 672.9)(378.0, 672.9);SD
Port:(471.4, 525.8)(378.9, 525.8)(378.9, 562.5)(365.1, 562.5)(365.1, 666.7)(471.4, 666.7);GATE
Port:(386.3, 531.2)(465.0, 531.2)(465.0, 536.7)(386.3, 536.7);SD
Module:M1
Boundary:(221.3, 610.2)(140.0, 610.2)(140.0, 610.6)(123.4, 610.6)(123.4, 766.9)(221.3, 766.9);GATE
Port:(135.9, 762.9)(208.8, 762.9)(208.8, 766.9)(135.9, 766.9);SD
Port:(221.3, 610.2)(140.0, 610.2)(140.0, 610.6)(123.4, 610.6)(123.4, 761.1)(221.3, 761.1);GATE
Port:(145.8, 615.0)(215.5, 615.0)(215.5, 619.2)(145.8, 619.2);SD
Module:M23
Boundary:(117.3, 803.7)(63.9, 803.7)(63.9, 625.3)(117.3, 625.3);GATE
Port:(78.3, 625.3)(102.9, 625.3)(102.9, 630.0)(78.3, 630.0);SD
Port:(117.3, 803.7)(63.9, 803.7)(63.9, 633.0)(117.3, 633.0);GATE
Port:(69.6, 792.6)(111.6, 792.6)(111.6, 799.0)(69.6, 799.0);SD
Module:M4
Boundary:(371.9, 833.1)(449.1, 833.1)(449.1, 751.8)(462.4, 751.8)(462.4, 673.0)(371.9, 673.0);GATE
Port:(385.1, 673.0)(449.2, 673.0)(449.2, 677.3)(385.1, 677.3);SD
Port:(371.9, 833.1)(449.1, 833.1)(449.1, 751.8)(462.4, 751.8)(462.4, 679.6)(371.9, 679.6);GATE
Port:(377.8, 822.0)(442.2, 822.0)(442.2, 828.2)(377.8, 828.2);SD
Module:M6
Boundary:(331.8, 647.5)(282.8, 647.5)(282.8, 683.8)(269.3, 683.8)(269.3, 854.4)(331.8, 854.4);GATE
Port:(283.0, 849.5)(318.1, 849.5)(318.1, 854.4)(283.0, 854.4);SD
Port:(331.8, 647.5)(282.8, 647.5)(282.8, 683.8)(269.3, 683.8)(269.3, 846.6)(331.8, 846.6);GATE
Port:(290.2, 652.9)(325.4, 652.9)(325.4, 658.6)(290.2, 658.6);SD
Module:M12
Boundary:(211.0, 878.7)(211.0, 817.5)(160.5, 817.5)(160.5, 804.3)(20.0, 804.3)(20.0, 878.7);GATE
Port:(20.0, 816.5)(26.0, 816.5)(26.0, 866.5)(20.0, 866.5);SD
Port:(211.0, 878.7)(211.0, 817.5)(160.5, 817.5)(160.5, 804.3)(27.1, 804.3)(27.1, 878.7);GATE
Port:(200.7, 824.0)(206.5, 824.0)(206.5, 873.2)(200.7, 873.2);SD
Module:M11
Boundary:(452.9, 937.3)(452.9, 833.3)(344.6, 833.3)(344.6, 937.3);GATE
Port:(344.6, 847.0)(349.8, 847.0)(349.8, 923.6)(344.6, 923.6);SD
Port:(452.9, 937.3)(452.9, 833.3)(351.9, 833.3)(351.9, 937.3);GATE
Port:(442.6, 838.5)(448.7, 838.5)(448.7, 932.1)(442.6, 932.1);SD
Module:M13
Boundary:(296.3, 987.0)(296.3, 907.8)(296.3, 907.8)(296.3, 892.3)(133.8, 892.3)(133.8, 987.0);GATE
Port:(133.8, 904.7)(138.3, 904.7)(138.3, 974.6)(133.8, 974.6);SD
Port:(296.3, 987.0)(296.3, 907.8)(296.3, 907.8)(296.3, 892.3)(140.8, 892.3)(140.8, 987.0);GATE
Port:(285.5, 913.2)(291.9, 913.2)(291.9, 981.6)(285.5, 981.6);SD
Module:M16
Boundary:(34.7, 885.4)(110.9, 885.4)(110.9, 1064.8)(34.7, 1064.8);GATE
Port:(47.1, 1060.0)(98.5, 1060.0)(98.5, 1064.8)(47.1, 1064.8);SD
Port:(34.7, 885.4)(110.9, 885.4)(110.9, 1057.2)(34.7, 1057.2);GATE
Port:(40.1, 889.8)(105.5, 889.8)(105.5, 895.8)(40.1, 895.8);SD
Module:M20
Boundary:(331.1, 1079.2)(331.1, 986.1)(401.7, 986.1)(401.7, 972.2)(473.9, 972.2)(473.9, 1079.2);GATE
Port:(468.6, 985.4)(473.9, 985.4)(473.9, 1066.0)(468.6, 1066.0);SD
Port:(331.1, 1079.2)(331.1, 986.1)(401.7, 986.1)(401.7, 972.2)(467.0, 972.2)(467.0, 1079.2);GATE
Port:(337.1, 994.1)(341.6, 994.1)(341.6, 1072.2)(337.1, 1072.2);SD
Module:M29
Boundary:(318.2, 1115.4)(318.2, 1025.7)(191.7, 1025.7)(191.7, 1115.4);GATE
Port:(191.7, 1036.5)(196.1, 1036.5)(196.1, 1104.6)(191.7, 1104.6);SD
Port:(318.2, 1115.4)(318.2, 1025.7)(198.5, 1025.7)(198.5, 1115.4);GATE
Port:(309.6, 1030.7)(314.2, 1030.7)(314.2, 1110.4)(309.6, 1110.4);SD
Module:M22
Boundary:(40.7, 1100.4)(144.5, 1100.4)(144.5, 1159.2)(160.7, 1159.2)(160.7, 1241.1)(40.7, 1241.1);GATE
Port:(54.1, 1236.8)(147.3, 1236.8)(147.3, 1241.1)(54.1, 1241.1);SD
Port:(40.7, 1100.4)(144.5, 1100.4)(144.5, 1159.2)(160.7, 1159.2)(160.7, 1235.0)(40.7, 1235.0);GATE
Port:(47.1, 1105.8)(137.1, 1105.8)(137.1, 1110.4)(47.1, 1110.4);SD
Module:M21
Boundary:(383.7, 1116.4)(383.7, 1203.2)(383.6, 1203.2)(383.6, 1220.9)(202.3, 1220.9)(202.3, 1116.4);GATE
Port:(202.3, 1129.3)(208.0, 1129.3)(208.0, 1208.0)(202.3, 1208.0);SD
Port:(383.7, 1116.4)(383.7, 1203.2)(383.6, 1203.2)(383.6, 1220.9)(210.2, 1220.9)(210.2, 1116.4);GATE
Port:(373.7, 1122.3)(378.8, 1122.3)(378.8, 1197.3)(373.7, 1197.3);SD
Module:M10
Boundary:(402.3, 1109.9)(478.3, 1109.9)(478.3, 1232.5)(496.0, 1232.5)(496.0, 1340.4)(402.3, 1340.4);GATE
Port:(417.7, 1335.6)(480.6, 1335.6)(480.6, 1340.4)(417.7, 1340.4);SD
Port:(402.3, 1109.9)(478.3, 1109.9)(478.3, 1232.5)(496.0, 1232.5)(496.0, 1333.1)(402.3, 1333.1);GATE
Port:(408.0, 1114.6)(471.6, 1114.6)(471.6, 1121.8)(408.0, 1121.8);SD
Module:M27
Boundary:(147.8, 1264.2)(147.8, 1333.9)(147.6, 1333.9)(147.6, 1350.1)(30.0, 1350.1)(30.0, 1264.2);GATE
Port:(30.0, 1278.9)(35.1, 1278.9)(35.1, 1335.4)(30.0, 1335.4);SD
Port:(147.8, 1264.2)(147.8, 1333.9)(147.6, 1333.9)(147.6, 1350.1)(36.6, 1350.1)(36.6, 1264.2);GATE
Port:(134.8, 1271.0)(142.0, 1271.0)(142.0, 1327.1)(134.8, 1327.1);SD
Module:M5
Boundary:(363.2, 1370.3)(363.2, 1301.7)(362.9, 1301.7)(362.9, 1288.5)(178.7, 1288.5)(178.7, 1370.3);GATE
Port:(178.7, 1299.9)(182.7, 1299.9)(182.7, 1358.9)(178.7, 1358.9);SD
Port:(363.2, 1370.3)(363.2, 1301.7)(362.9, 1301.7)(362.9, 1288.5)(185.2, 1288.5)(185.2, 1370.3);GATE
Port:(353.3, 1306.9)(359.0, 1306.9)(359.0, 1365.1)(353.3, 1365.1);SD
Module:M8
Boundary:(313.7, 1411.3)(313.7, 1479.1)(235.9, 1479.1)(235.9, 1494.9)(162.0, 1494.9)(162.0, 1411.3);GATE
Port:(162.0, 1423.9)(166.1, 1423.9)(166.1, 1482.3)(162.0, 1482.3);SD
Port:(313.7, 1411.3)(313.7, 1479.1)(235.9, 1479.1)(235.9, 1494.9)(167.4, 1494.9)(167.4, 1411.3);GATE
Port:(304.0, 1417.7)(308.3, 1417.7)(308.3, 1471.7)(304.0, 1471.7);SD
Module:M3
Boundary:(65.1, 1406.5)(65.1, 1509.4)(161.9, 1509.4)(161.9, 1406.5);GATE
Port:(157.7, 1417.9)(161.9, 1417.9)(161.9, 1498.0)(157.7, 1498.0);SD
Port:(65.1, 1406.5)(65.1, 1509.4)(155.5, 1509.4)(155.5, 1406.5);GATE
Port:(70.2, 1412.6)(74.6, 1412.6)(74.6, 1503.3)(70.2, 1503.3);SD
Module:M30
Boundary:(377.3, 1392.8)(452.7, 1392.8)(452.7, 1401.9)(465.8, 1401.9)(465.8, 1508.6)(377.3, 1508.6);GATE
Port:(389.9, 1504.2)(453.2, 1504.2)(453.2, 1508.6)(389.9, 1508.6);SD
Port:(377.3, 1392.8)(452.7, 1392.8)(452.7, 1401.9)(465.8, 1401.9)(465.8, 1501.8)(377.3, 1501.8);GATE
Port:(383.3, 1397.8)(445.7, 1397.8)(445.7, 1403.5)(383.3, 1403.5);SD
