Area:(-20.0, -20.0)(985.3, -20.0)(985.3, 535.9)(-20.0, 535.9)
Rule:GATE(5,5);SD(5,5);GATE_SD(0.5);GATE_ITO(0.5);SD_ITO(0.5)
Module:M14
Boundary:(217.8, 393.2)(217.8, 464.2)(200.4, 464.2)(200.4, 479.8)(20.0, 479.8)(20.0, 393.2);GATE
Port:(20.0, 408.5)(25.9, 408.5)(25.9, 464.5)(20.0, 464.5);SD
Port:(217.8, 393.2)(217.8, 464.2)(200.4, 464.2)(200.4, 479.8)(28.9, 479.8)(28.9, 393.2);GATE
Port:(205.8, 399.6)(212.4, 399.6)(212.4, 456.8)(205.8, 456.8);SD
Module:M9
Boundary:(583.0, 137.0)(583.0, 198.8)(423.8, 198.8)(423.8, 137.0);GATE
Port:(423.8, 149.3)(428.0, 149.3)(428.0, 186.5)(423.8, 186.5);SD
Port:(583.0, 137.0)(583.0, 198.8)(430.7, 198.8)(430.7, 137.0);GATE
Port:(572.8, 143.5)(577.5, 143.5)(577.5, 192.3)(572.8, 192.3);SD
Module:M5
Boundary:(281.9, 20.0)(383.8, 20.0)(383.8, 227.5)(281.9, 227.5);GATE
Port:(295.7, 222.2)(370.0, 222.2)(370.0, 227.5)(295.7, 227.5);SD
Port:(281.9, 20.0)(383.8, 20.0)(383.8, 219.7)(281.9, 219.7);GATE
Port:(288.6, 25.7)(377.1, 25.7)(377.1, 30.8)(288.6, 30.8);SD
Module:M11
Boundary:(672.2, 375.0)(726.3, 375.0)(726.3, 375.2)(743.8, 375.2)(743.8, 479.1)(672.2, 479.1);GATE
Port:(686.5, 474.7)(729.5, 474.7)(729.5, 479.1)(686.5, 479.1);SD
Port:(672.2, 375.0)(726.3, 375.0)(726.3, 375.2)(743.8, 375.2)(743.8, 472.7)(672.2, 472.7);GATE
Port:(678.7, 380.5)(719.8, 380.5)(719.8, 386.1)(678.7, 386.1);SD
Module:M1
Boundary:(423.8, 238.8)(474.3, 238.8)(474.3, 376.8)(423.8, 376.8);GATE
Port:(436.6, 371.8)(461.5, 371.8)(461.5, 376.8)(436.6, 376.8);SD
Port:(423.8, 238.8)(474.3, 238.8)(474.3, 370.6)(423.8, 370.6);GATE
Port:(429.9, 243.9)(468.2, 243.9)(468.2, 248.2)(429.9, 248.2);SD
Module:M19
Boundary:(20.0, 228.6)(124.2, 228.6)(124.2, 353.2)(20.0, 353.2);GATE
Port:(35.8, 347.5)(108.4, 347.5)(108.4, 353.2)(35.8, 353.2);SD
Port:(20.0, 228.6)(124.2, 228.6)(124.2, 345.2)(20.0, 345.2);GATE
Port:(26.7, 234.3)(117.5, 234.3)(117.5, 241.6)(26.7, 241.6);SD
Module:M6
Boundary:(176.3, 20.0)(226.7, 20.0)(226.7, 98.1)(241.9, 98.1)(241.9, 200.8)(176.3, 200.8);GATE
Port:(189.6, 194.8)(228.6, 194.8)(228.6, 200.8)(189.6, 200.8);SD
Port:(176.3, 20.0)(226.7, 20.0)(226.7, 98.1)(241.9, 98.1)(241.9, 193.4)(176.3, 193.4);GATE
Port:(181.5, 24.2)(220.5, 24.2)(220.5, 30.4)(181.5, 30.4);SD
Module:M2
Boundary:(941.7, 256.0)(941.7, 345.3)(915.0, 345.3)(915.0, 358.5)(783.8, 358.5)(783.8, 256.0);GATE
Port:(783.8, 268.3)(788.2, 268.3)(788.2, 346.2)(783.8, 346.2);SD
Port:(941.7, 256.0)(941.7, 345.3)(915.0, 345.3)(915.0, 358.5)(789.2, 358.5)(789.2, 256.0);GATE
Port:(931.3, 262.0)(936.7, 262.0)(936.7, 338.3)(931.3, 338.3);SD
Module:M16
Boundary:(575.5, 20.0)(575.5, 82.6)(498.3, 82.6)(498.3, 97.0)(423.8, 97.0)(423.8, 20.0);GATE
Port:(423.8, 32.3)(429.2, 32.3)(429.2, 84.7)(423.8, 84.7);SD
Port:(575.5, 20.0)(575.5, 82.6)(498.3, 82.6)(498.3, 97.0)(430.9, 97.0)(430.9, 20.0);GATE
Port:(566.2, 25.9)(570.6, 25.9)(570.6, 75.7)(566.2, 75.7);SD
Module:M13
Boundary:(632.2, 433.1)(632.2, 491.0)(423.8, 491.0)(423.8, 433.1);GATE
Port:(423.8, 445.3)(429.8, 445.3)(429.8, 478.8)(423.8, 478.8);SD
Port:(632.2, 433.1)(632.2, 491.0)(432.5, 491.0)(432.5, 433.1);GATE
Port:(621.8, 439.3)(627.0, 439.3)(627.0, 484.8)(621.8, 484.8);SD
Module:M10
Boundary:(373.5, 374.2)(373.5, 448.4)(327.4, 448.4)(327.4, 466.1)(257.8, 466.1)(257.8, 374.2);GATE
Port:(257.8, 388.5)(262.7, 388.5)(262.7, 451.8)(257.8, 451.8);SD
Port:(373.5, 374.2)(373.5, 448.4)(327.4, 448.4)(327.4, 466.1)(263.8, 466.1)(263.8, 374.2);GATE
Port:(362.7, 380.1)(368.6, 380.1)(368.6, 441.5)(362.7, 441.5);SD
Module:M7
Boundary:(735.3, 277.5)(735.3, 321.9)(735.2, 321.9)(735.2, 335.0)(635.0, 335.0)(635.0, 277.5);GATE
Port:(635.0, 290.1)(639.4, 290.1)(639.4, 322.4)(635.0, 322.4);SD
Port:(735.3, 277.5)(735.3, 321.9)(735.2, 321.9)(735.2, 335.0)(641.2, 335.0)(641.2, 277.5);GATE
Port:(724.3, 284.5)(729.3, 284.5)(729.3, 314.9)(724.3, 314.9);SD
Module:M3
Boundary:(730.8, 20.0)(730.8, 68.8)(730.7, 68.8)(730.7, 84.7)(615.5, 84.7)(615.5, 20.0);GATE
Port:(615.5, 33.1)(621.4, 33.1)(621.4, 71.6)(615.5, 71.6);SD
Port:(730.8, 20.0)(730.8, 68.8)(730.7, 68.8)(730.7, 84.7)(624.2, 84.7)(624.2, 20.0);GATE
Port:(720.7, 25.9)(725.9, 25.9)(725.9, 62.9)(720.7, 62.9);SD
Module:M18
Boundary:(938.9, 398.5)(938.9, 481.3)(925.8, 481.3)(925.8, 495.9)(783.8, 495.9)(783.8, 398.5);GATE
Port:(783.8, 412.8)(789.1, 412.8)(789.1, 481.6)(783.8, 481.6);SD
Port:(938.9, 398.5)(938.9, 481.3)(925.8, 481.3)(925.8, 495.9)(790.4, 495.9)(790.4, 398.5);GATE
Port:(927.7, 405.4)(933.0, 405.4)(933.0, 473.4)(927.7, 473.4);SD
Module:M20
Boundary:(514.3, 238.8)(580.0, 238.8)(580.0, 303.5)(595.0, 303.5)(595.0, 393.1)(514.3, 393.1);GATE
Port:(527.2, 387.2)(582.1, 387.2)(582.1, 393.1)(527.2, 393.1);SD
Port:(514.3, 238.8)(580.0, 238.8)(580.0, 303.5)(595.0, 303.5)(595.0, 385.2)(514.3, 385.2);GATE
Port:(519.9, 243.4)(573.4, 243.4)(573.4, 249.5)(519.9, 249.5);SD
Module:M15
Boundary:(20.0, 20.0)(119.9, 20.0)(119.9, 20.1)(136.3, 20.1)(136.3, 188.6)(20.0, 188.6);GATE
Port:(34.0, 183.6)(122.3, 183.6)(122.3, 188.6)(34.0, 188.6);SD
Port:(20.0, 20.0)(119.9, 20.0)(119.9, 20.1)(136.3, 20.1)(136.3, 181.6)(20.0, 181.6);GATE
Port:(26.9, 25.9)(113.0, 25.9)(113.0, 30.7)(26.9, 30.7);SD
Module:M12
Boundary:(635.0, 124.7)(711.5, 124.7)(711.5, 169.1)(725.0, 169.1)(725.0, 237.5)(635.0, 237.5);GATE
Port:(647.7, 231.9)(712.3, 231.9)(712.3, 237.5)(647.7, 237.5);SD
Port:(635.0, 124.7)(711.5, 124.7)(711.5, 169.1)(725.0, 169.1)(725.0, 230.2)(635.0, 230.2);GATE
Port:(641.3, 130.0)(704.2, 130.0)(704.2, 135.5)(641.3, 135.5);SD
Module:M8
Boundary:(945.3, 147.4)(945.3, 201.0)(852.4, 201.0)(852.4, 216.0)(765.0, 216.0)(765.0, 147.4);GATE
Port:(765.0, 162.0)(769.5, 162.0)(769.5, 201.4)(765.0, 201.4);SD
Port:(945.3, 147.4)(945.3, 201.0)(852.4, 201.0)(852.4, 216.0)(771.2, 216.0)(771.2, 147.4);GATE
Port:(933.1, 154.0)(939.7, 154.0)(939.7, 193.4)(933.1, 193.4);SD
Module:M4
Boundary:(379.4, 267.5)(379.4, 334.2)(164.2, 334.2)(164.2, 267.5);GATE
Port:(164.2, 280.7)(170.1, 280.7)(170.1, 321.0)(164.2, 321.0);SD
Port:(379.4, 267.5)(379.4, 334.2)(171.3, 334.2)(171.3, 267.5);GATE
Port:(368.0, 272.8)(375.1, 272.8)(375.1, 328.9)(368.0, 328.9);SD
Module:M17
Boundary:(945.1, 20.0)(945.1, 90.3)(944.8, 90.3)(944.8, 107.4)(770.8, 107.4)(770.8, 20.0);GATE
Port:(770.8, 34.7)(776.1, 34.7)(776.1, 92.7)(770.8, 92.7);SD
Port:(945.1, 20.0)(945.1, 90.3)(944.8, 90.3)(944.8, 107.4)(777.5, 107.4)(777.5, 20.0);GATE
Port:(933.5, 26.5)(939.6, 26.5)(939.6, 83.8)(933.5, 83.8);SD
