Area:(-19.5, 22.3)(521.3, 22.3)(521.3, 1573.6)(-19.5, 1573.6)
Rule:GATE(5,5);SD(5,5);GATE_SD(0.5);GATE_ITO(0.5);SD_ITO(0.5)
Module:M14
Boundary:(328.4, 73.2)(328.4, 149.2)(336.4, 149.2)(336.4, 164.2)(466.4, 164.2)(466.4, 73.2);GATE
Port:(456.4, 87.7)(466.4, 87.7)(466.4, 149.7)(456.4, 149.7);SD
Port:(328.4, 73.2)(328.4, 149.2)(336.4, 149.2)(336.4, 164.2)(451.4, 164.2)(451.4, 73.2);GATE
Port:(333.4, 83.2)(337.4, 83.2)(337.4, 134.2)(333.4, 134.2);SD
Module:M5
Boundary:(57.8, 74.3)(57.8, 167.8)(152.8, 167.8)(152.8, 291.3)(195.8, 291.3)(195.8, 74.3);GATE
Port:(185.8, 88.8)(195.8, 88.8)(195.8, 276.8)(185.8, 276.8);SD
Port:(57.8, 74.3)(57.8, 167.8)(152.8, 167.8)(152.8, 291.3)(180.8, 291.3)(180.8, 74.3);GATE
Port:(62.8, 84.3)(66.8, 84.3)(66.8, 153.3)(62.8, 153.3);SD
Module:M4
Boundary:(324.8, 279.3)(324.8, 131.8)(255.3, 131.8)(255.3, 62.3)(207.8, 62.3)(207.8, 279.3);GATE
Port:(207.8, 76.8)(217.8, 76.8)(217.8, 264.8)(207.8, 264.8);SD
Port:(324.8, 279.3)(324.8, 131.8)(255.3, 131.8)(255.3, 62.3)(222.8, 62.3)(222.8, 279.3);GATE
Port:(315.8, 146.3)(319.8, 146.3)(319.8, 269.3)(315.8, 269.3);SD
Module:M15
Boundary:(475.5, 329.4)(475.5, 217.8)(412.8, 217.8)(412.8, 184.3)(332.5, 184.3)(332.5, 329.4);GATE
Port:(332.5, 198.8)(342.5, 198.8)(342.5, 314.9)(332.5, 314.9);SD
Port:(475.5, 329.4)(475.5, 217.8)(412.8, 217.8)(412.8, 184.3)(347.5, 184.3)(347.5, 329.4);GATE
Port:(466.5, 232.3)(470.5, 232.3)(470.5, 319.4)(466.5, 319.4);SD
Module:M11
Boundary:(176.9, 285.2)(176.9, 358.2)(322.9, 358.2)(322.9, 285.2);GATE
Port:(312.9, 299.7)(322.9, 299.7)(322.9, 343.7)(312.9, 343.7);SD
Port:(176.9, 285.2)(176.9, 358.2)(307.9, 358.2)(307.9, 285.2);GATE
Port:(181.9, 295.2)(185.9, 295.2)(185.9, 348.2)(181.9, 348.2);SD
Module:M23
Boundary:(78.7, 324.1)(154.7, 324.1)(154.7, 332.1)(169.7, 332.1)(169.7, 503.1)(78.7, 503.1);GATE
Port:(93.2, 493.1)(155.2, 493.1)(155.2, 503.1)(93.2, 503.1);SD
Port:(78.7, 324.1)(154.7, 324.1)(154.7, 332.1)(169.7, 332.1)(169.7, 488.1)(78.7, 488.1);GATE
Port:(88.7, 329.1)(139.7, 329.1)(139.7, 333.1)(88.7, 333.1);SD
Module:M17
Boundary:(296.6, 561.7)(296.6, 468.2)(286.6, 468.2)(286.6, 452.7)(150.6, 452.7)(150.6, 561.7);GATE
Port:(150.6, 467.2)(160.6, 467.2)(160.6, 547.2)(150.6, 547.2);SD
Port:(296.6, 561.7)(296.6, 468.2)(286.6, 468.2)(286.6, 452.7)(165.6, 452.7)(165.6, 561.7);GATE
Port:(287.6, 482.7)(291.6, 482.7)(291.6, 551.7)(287.6, 551.7);SD
Module:M3
Boundary:(316.9, 555.5)(316.9, 408.0)(332.9, 408.0)(332.9, 392.5)(475.9, 392.5)(475.9, 555.5);GATE
Port:(465.9, 407.0)(475.9, 407.0)(475.9, 541.0)(465.9, 541.0);SD
Port:(316.9, 555.5)(316.9, 408.0)(332.9, 408.0)(332.9, 392.5)(460.9, 392.5)(460.9, 555.5);GATE
Port:(321.9, 422.5)(325.9, 422.5)(325.9, 545.5)(321.9, 545.5);SD
Module:M25
Boundary:(341.4, 706.5)(452.9, 706.5)(452.9, 694.5)(468.4, 694.5)(468.4, 561.5)(341.4, 561.5);GATE
Port:(355.9, 561.5)(453.9, 561.5)(453.9, 571.5)(355.9, 571.5);SD
Port:(341.4, 706.5)(452.9, 706.5)(452.9, 694.5)(468.4, 694.5)(468.4, 576.5)(341.4, 576.5);GATE
Port:(351.4, 697.5)(438.4, 697.5)(438.4, 701.5)(351.4, 701.5);SD
Module:M6
Boundary:(121.9, 520.3)(45.9, 520.3)(45.9, 528.3)(30.9, 528.3)(30.9, 709.3)(121.9, 709.3);GATE
Port:(45.4, 699.3)(107.4, 699.3)(107.4, 709.3)(45.4, 709.3);SD
Port:(121.9, 520.3)(45.9, 520.3)(45.9, 528.3)(30.9, 528.3)(30.9, 694.3)(121.9, 694.3);GATE
Port:(60.9, 525.3)(111.9, 525.3)(111.9, 529.3)(60.9, 529.3);SD
Module:M1
Boundary:(301.0, 564.3)(301.0, 657.8)(238.4, 657.8)(238.4, 745.3)(122.0, 745.3)(122.0, 564.3);GATE
Port:(122.0, 578.8)(132.0, 578.8)(132.0, 730.8)(122.0, 730.8);SD
Port:(301.0, 564.3)(301.0, 657.8)(238.4, 657.8)(238.4, 745.3)(137.0, 745.3)(137.0, 564.3);GATE
Port:(292.0, 574.3)(296.0, 574.3)(296.0, 643.3)(292.0, 643.3);SD
Module:M12
Boundary:(377.3, 718.9)(377.3, 791.9)(465.3, 791.9)(465.3, 718.9);GATE
Port:(455.3, 733.4)(465.3, 733.4)(465.3, 777.4)(455.3, 777.4);SD
Port:(377.3, 718.9)(377.3, 791.9)(450.3, 791.9)(450.3, 718.9);GATE
Port:(382.3, 728.9)(386.3, 728.9)(386.3, 781.9)(382.3, 781.9);SD
Module:M8
Boundary:(115.4, 713.3)(42.4, 713.3)(42.4, 828.3)(115.4, 828.3);GATE
Port:(56.9, 818.3)(100.9, 818.3)(100.9, 828.3)(56.9, 828.3);SD
Port:(115.4, 713.3)(42.4, 713.3)(42.4, 813.3)(115.4, 813.3);GATE
Port:(52.4, 718.3)(105.4, 718.3)(105.4, 722.3)(52.4, 722.3);SD
Module:M22
Boundary:(335.2, 784.1)(335.2, 895.6)(323.2, 895.6)(323.2, 911.1)(252.2, 911.1)(252.2, 784.1);GATE
Port:(252.2, 798.6)(262.2, 798.6)(262.2, 896.6)(252.2, 896.6);SD
Port:(335.2, 784.1)(335.2, 895.6)(323.2, 895.6)(323.2, 911.1)(267.2, 911.1)(267.2, 784.1);GATE
Port:(326.2, 794.1)(330.2, 794.1)(330.2, 881.1)(326.2, 881.1);SD
Module:M7
Boundary:(246.3, 772.5)(170.3, 772.5)(170.3, 780.5)(155.3, 780.5)(155.3, 900.5)(246.3, 900.5);GATE
Port:(169.8, 890.5)(231.8, 890.5)(231.8, 900.5)(169.8, 900.5);SD
Port:(246.3, 772.5)(170.3, 772.5)(170.3, 780.5)(155.3, 780.5)(155.3, 885.5)(246.3, 885.5);GATE
Port:(185.3, 777.5)(236.3, 777.5)(236.3, 781.5)(185.3, 781.5);SD
Module:M13
Boundary:(341.6, 934.6)(417.6, 934.6)(417.6, 926.6)(432.6, 926.6)(432.6, 831.6)(341.6, 831.6);GATE
Port:(356.1, 831.6)(418.1, 831.6)(418.1, 841.6)(356.1, 841.6);SD
Port:(341.6, 934.6)(417.6, 934.6)(417.6, 926.6)(432.6, 926.6)(432.6, 846.6)(341.6, 846.6);GATE
Port:(351.6, 925.6)(402.6, 925.6)(402.6, 929.6)(351.6, 929.6);SD
Module:M10
Boundary:(127.4, 846.0)(127.4, 922.0)(119.4, 922.0)(119.4, 937.0)(65.4, 937.0)(65.4, 846.0);GATE
Port:(65.4, 860.5)(75.4, 860.5)(75.4, 922.5)(65.4, 922.5);SD
Port:(127.4, 846.0)(127.4, 922.0)(119.4, 922.0)(119.4, 937.0)(80.4, 937.0)(80.4, 846.0);GATE
Port:(118.4, 856.0)(122.4, 856.0)(122.4, 907.0)(118.4, 907.0);SD
Module:M21
Boundary:(331.0, 926.0)(331.0, 983.5)(286.4, 983.5)(286.4, 1053.0)(133.0, 1053.0)(133.0, 926.0);GATE
Port:(133.0, 940.5)(143.0, 940.5)(143.0, 1038.5)(133.0, 1038.5);SD
Port:(331.0, 926.0)(331.0, 983.5)(286.4, 983.5)(286.4, 1053.0)(148.0, 1053.0)(148.0, 926.0);GATE
Port:(322.0, 936.0)(326.0, 936.0)(326.0, 969.0)(322.0, 969.0);SD
Module:M19
Boundary:(472.6, 1100.3)(361.1, 1100.3)(361.1, 1088.3)(345.6, 1088.3)(345.6, 942.3)(472.6, 942.3);GATE
Port:(360.1, 942.3)(458.1, 942.3)(458.1, 952.3)(360.1, 952.3);SD
Port:(472.6, 1100.3)(361.1, 1100.3)(361.1, 1088.3)(345.6, 1088.3)(345.6, 957.3)(472.6, 957.3);GATE
Port:(375.6, 1091.3)(462.6, 1091.3)(462.6, 1095.3)(375.6, 1095.3);SD
Module:M20
Boundary:(53.5, 937.4)(53.5, 1084.9)(69.4, 1084.9)(69.4, 1100.4)(116.5, 1100.4)(116.5, 937.4);GATE
Port:(106.5, 951.9)(116.5, 951.9)(116.5, 1085.9)(106.5, 1085.9);SD
Port:(53.5, 937.4)(53.5, 1084.9)(69.4, 1084.9)(69.4, 1100.4)(101.5, 1100.4)(101.5, 937.4);GATE
Port:(58.5, 947.4)(62.5, 947.4)(62.5, 1070.4)(58.5, 1070.4);SD
Module:M2
Boundary:(281.0, 1039.0)(133.5, 1039.0)(133.5, 1055.0)(118.0, 1055.0)(118.0, 1182.0)(281.0, 1182.0);GATE
Port:(132.5, 1172.0)(266.5, 1172.0)(266.5, 1182.0)(132.5, 1182.0);SD
Port:(281.0, 1039.0)(133.5, 1039.0)(133.5, 1055.0)(118.0, 1055.0)(118.0, 1167.0)(281.0, 1167.0);GATE
Port:(148.0, 1044.0)(271.0, 1044.0)(271.0, 1048.0)(148.0, 1048.0);SD
Module:M9
Boundary:(318.3, 1273.4)(465.8, 1273.4)(465.8, 1257.4)(481.3, 1257.4)(481.3, 1129.4)(318.3, 1129.4);GATE
Port:(332.8, 1129.4)(466.8, 1129.4)(466.8, 1139.4)(332.8, 1139.4);SD
Port:(318.3, 1273.4)(465.8, 1273.4)(465.8, 1257.4)(481.3, 1257.4)(481.3, 1144.4)(318.3, 1144.4);GATE
Port:(328.3, 1264.4)(451.3, 1264.4)(451.3, 1268.4)(328.3, 1268.4);SD
Module:M24
Boundary:(271.5, 1220.0)(271.5, 1293.0)(84.5, 1293.0)(84.5, 1220.0);GATE
Port:(84.5, 1234.5)(94.5, 1234.5)(94.5, 1278.5)(84.5, 1278.5);SD
Port:(271.5, 1220.0)(271.5, 1293.0)(99.5, 1293.0)(99.5, 1220.0);GATE
Port:(262.5, 1230.0)(266.5, 1230.0)(266.5, 1283.0)(262.5, 1283.0);SD
Module:M18
Boundary:(240.1, 1533.6)(315.6, 1533.6)(315.6, 1456.3)(421.1, 1456.3)(421.1, 1353.6)(240.1, 1353.6);GATE
Port:(254.6, 1353.6)(406.6, 1353.6)(406.6, 1363.6)(254.6, 1363.6);SD
Port:(240.1, 1533.6)(315.6, 1533.6)(315.6, 1456.3)(421.1, 1456.3)(421.1, 1368.6)(240.1, 1368.6);GATE
Port:(250.1, 1524.6)(301.1, 1524.6)(301.1, 1528.6)(250.1, 1528.6);SD
Module:M16
Boundary:(20.5, 1365.0)(150.0, 1365.0)(150.0, 1466.5)(237.5, 1466.5)(237.5, 1518.0)(20.5, 1518.0);GATE
Port:(35.0, 1508.0)(223.0, 1508.0)(223.0, 1518.0)(35.0, 1518.0);SD
Port:(20.5, 1365.0)(150.0, 1365.0)(150.0, 1466.5)(237.5, 1466.5)(237.5, 1503.0)(20.5, 1503.0);GATE
Port:(30.5, 1370.0)(135.5, 1370.0)(135.5, 1374.0)(30.5, 1374.0);SD
