Area:(-20.0, -20.0)(369.0, -20.0)(369.0, 1056.0)(-20.0, 1056.0)
Rule:GATE(5,5);SD(5,5);GATE_SD(0.5);GATE_ITO(0.5);SD_ITO(0.5)
Module:M9
Boundary:(191.0, 457.0)(264.0, 457.0)(264.0, 523.0)(191.0, 523.0);GATE
Port:(205.5, 513.0)(249.5, 513.0)(249.5, 523.0)(205.5, 523.0);SD
Port:(191.0, 457.0)(264.0, 457.0)(264.0, 508.0)(191.0, 508.0);GATE
Port:(201.0, 462.0)(254.0, 462.0)(254.0, 466.0)(201.0, 466.0);SD
Module:M5
Boundary:(30.0, 831.0)(159.5, 831.0)(159.5, 954.0)(319.0, 954.0)(319.0, 1016.0)(30.0, 1016.0);GATE
Port:(44.5, 1006.0)(304.5, 1006.0)(304.5, 1016.0)(44.5, 1016.0);SD
Port:(30.0, 831.0)(159.5, 831.0)(159.5, 954.0)(319.0, 954.0)(319.0, 1001.0)(30.0, 1001.0);GATE
Port:(40.0, 836.0)(145.0, 836.0)(145.0, 840.0)(40.0, 840.0);SD
Module:M1
Boundary:(20.0, 613.0)(96.0, 613.0)(96.0, 621.0)(111.0, 621.0)(111.0, 781.0)(20.0, 781.0);GATE
Port:(34.5, 771.0)(96.5, 771.0)(96.5, 781.0)(34.5, 781.0);SD
Port:(20.0, 613.0)(96.0, 613.0)(96.0, 621.0)(111.0, 621.0)(111.0, 766.0)(20.0, 766.0);GATE
Port:(30.0, 618.0)(81.0, 618.0)(81.0, 622.0)(30.0, 622.0);SD
Module:M6
Boundary:(108.0, 20.0)(108.0, 113.5)(98.0, 113.5)(98.0, 129.0)(20.0, 129.0)(20.0, 20.0);GATE
Port:(20.0, 34.5)(30.0, 34.5)(30.0, 114.5)(20.0, 114.5);SD
Port:(108.0, 20.0)(108.0, 113.5)(98.0, 113.5)(98.0, 129.0)(35.0, 129.0)(35.0, 20.0);GATE
Port:(99.0, 30.0)(103.0, 30.0)(103.0, 99.0)(99.0, 99.0);SD
Module:M2
Boundary:(148.0, 20.0)(277.5, 20.0)(277.5, 56.2)(329.0, 56.2)(329.0, 142.0)(148.0, 142.0);GATE
Port:(162.5, 132.0)(314.5, 132.0)(314.5, 142.0)(162.5, 142.0);SD
Port:(148.0, 20.0)(277.5, 20.0)(277.5, 56.2)(329.0, 56.2)(329.0, 127.0)(148.0, 127.0);GATE
Port:(158.0, 25.0)(263.0, 25.0)(263.0, 29.0)(158.0, 29.0);SD
Module:M10
Boundary:(141.0, 341.0)(141.0, 414.0)(30.0, 414.0)(30.0, 341.0);GATE
Port:(30.0, 355.5)(40.0, 355.5)(40.0, 399.5)(30.0, 399.5);SD
Port:(141.0, 341.0)(141.0, 414.0)(45.0, 414.0)(45.0, 341.0);GATE
Port:(132.0, 351.0)(136.0, 351.0)(136.0, 404.0)(132.0, 404.0);SD
Module:M7
Boundary:(155.0, 182.0)(155.0, 275.5)(145.0, 275.5)(145.0, 291.0)(20.0, 291.0)(20.0, 182.0);GATE
Port:(20.0, 196.5)(30.0, 196.5)(30.0, 276.5)(20.0, 276.5);SD
Port:(155.0, 182.0)(155.0, 275.5)(145.0, 275.5)(145.0, 291.0)(35.0, 291.0)(35.0, 182.0);GATE
Port:(146.0, 192.0)(150.0, 192.0)(150.0, 261.0)(146.0, 261.0);SD
Module:M3
Boundary:(325.0, 182.0)(325.0, 329.5)(241.0, 329.5)(241.0, 417.0)(195.0, 417.0)(195.0, 182.0);GATE
Port:(195.0, 196.5)(205.0, 196.5)(205.0, 402.5)(195.0, 402.5);SD
Port:(325.0, 182.0)(325.0, 329.5)(241.0, 329.5)(241.0, 417.0)(210.0, 417.0)(210.0, 182.0);GATE
Port:(316.0, 192.0)(320.0, 192.0)(320.0, 315.0)(316.0, 315.0);SD
Module:M8
Boundary:(325.0, 563.0)(325.0, 620.5)(227.6, 620.5)(227.6, 780.0)(151.0, 780.0)(151.0, 563.0);GATE
Port:(151.0, 577.5)(161.0, 577.5)(161.0, 765.5)(151.0, 765.5);SD
Port:(325.0, 563.0)(325.0, 620.5)(227.6, 620.5)(227.6, 780.0)(166.0, 780.0)(166.0, 563.0);GATE
Port:(316.0, 573.0)(320.0, 573.0)(320.0, 606.0)(316.0, 606.0);SD
Module:M4
Boundary:(102.0, 464.0)(102.0, 557.5)(92.0, 557.5)(92.0, 573.0)(20.0, 573.0)(20.0, 464.0);GATE
Port:(20.0, 478.5)(30.0, 478.5)(30.0, 558.5)(20.0, 558.5);SD
Port:(102.0, 464.0)(102.0, 557.5)(92.0, 557.5)(92.0, 573.0)(35.0, 573.0)(35.0, 464.0);GATE
Port:(93.0, 474.0)(97.0, 474.0)(97.0, 543.0)(93.0, 543.0);SD
