Area:(-20.0, -20.0)(1315.4, -20.0)(1315.4, 1000.4)(-20.0, 1000.4)
Rule:GATE(5,5);SD(5,5);GATE_SD(0.5);GATE_ITO(0.5);SD_ITO(0.5)
Module:M49
Boundary:(893.8, 20.0)(893.8, 110.1)(690.0, 110.1)(690.0, 20.0);GATE
Port:(690.0, 35.3)(694.3, 35.3)(694.3, 94.8)(690.0, 94.8);SD
Port:(893.8, 20.0)(893.8, 110.1)(696.8, 110.1)(696.8, 20.0);GATE
Port:(881.8, 26.7)(888.1, 26.7)(888.1, 103.4)(881.8, 103.4);SD
Module:M14
Boundary:(20.0, 20.0)(112.9, 20.0)(112.9, 69.9)(129.9, 69.9)(129.9, 145.3)(20.0, 145.3);GATE
Port:(35.0, 140.0)(114.9, 140.0)(114.9, 145.3)(35.0, 145.3);SD
Port:(20.0, 20.0)(112.9, 20.0)(112.9, 69.9)(129.9, 69.9)(129.9, 137.4)(20.0, 137.4);GATE
Port:(26.9, 25.9)(105.0, 25.9)(105.0, 32.0)(26.9, 32.0);SD
Module:M9
Boundary:(1008.9, 338.8)(1008.9, 388.4)(921.7, 388.4)(921.7, 338.8);GATE
Port:(921.7, 352.5)(927.0, 352.5)(927.0, 374.7)(921.7, 374.7);SD
Port:(1008.9, 338.8)(1008.9, 388.4)(929.7, 388.4)(929.7, 338.8);GATE
Port:(997.9, 345.2)(1003.5, 345.2)(1003.5, 382.0)(997.9, 382.0);SD
Module:M5
Boundary:(672.8, 153.7)(751.0, 153.7)(751.0, 245.1)(672.8, 245.1);GATE
Port:(685.7, 239.6)(738.1, 239.6)(738.1, 245.1)(685.7, 245.1);SD
Port:(672.8, 153.7)(751.0, 153.7)(751.0, 238.3)(672.8, 238.3);GATE
Port:(678.6, 158.5)(745.2, 158.5)(745.2, 164.2)(678.6, 164.2);SD
Module:M46
Boundary:(321.6, 259.7)(368.3, 259.7)(368.3, 321.4)(382.8, 321.4)(382.8, 437.0)(321.6, 437.0);GATE
Port:(333.6, 431.2)(370.8, 431.2)(370.8, 437.0)(333.6, 437.0);SD
Port:(321.6, 259.7)(368.3, 259.7)(368.3, 321.4)(382.8, 321.4)(382.8, 430.2)(321.6, 430.2);GATE
Port:(327.2, 264.3)(361.7, 264.3)(361.7, 268.7)(327.2, 268.7);SD
Module:M11
Boundary:(881.1, 414.1)(881.1, 480.1)(880.9, 480.1)(880.9, 497.3)(755.5, 497.3)(755.5, 414.1);GATE
Port:(755.5, 426.1)(760.2, 426.1)(760.2, 485.3)(755.5, 485.3);SD
Port:(881.1, 414.1)(881.1, 480.1)(880.9, 480.1)(880.9, 497.3)(761.6, 497.3)(761.6, 414.1);GATE
Port:(872.0, 419.3)(876.9, 419.3)(876.9, 474.9)(872.0, 474.9);SD
Module:M1
Boundary:(1185.4, 232.6)(1259.9, 232.6)(1259.9, 232.8)(1274.0, 232.8)(1274.0, 443.0)(1185.4, 443.0);GATE
Port:(1197.9, 437.2)(1261.5, 437.2)(1261.5, 443.0)(1197.9, 443.0);SD
Port:(1185.4, 232.6)(1259.9, 232.6)(1259.9, 232.8)(1274.0, 232.8)(1274.0, 434.3)(1185.4, 434.3);GATE
Port:(1191.1, 237.3)(1254.2, 237.3)(1254.2, 243.6)(1191.1, 243.6);SD
Module:M43
Boundary:(1271.7, 125.3)(1271.7, 175.6)(1271.5, 175.6)(1271.5, 192.6)(1145.4, 192.6)(1145.4, 125.3);GATE
Port:(1145.4, 138.1)(1151.3, 138.1)(1151.3, 179.8)(1145.4, 179.8);SD
Port:(1271.7, 125.3)(1271.7, 175.6)(1271.5, 175.6)(1271.5, 192.6)(1153.7, 192.6)(1153.7, 125.3);GATE
Port:(1262.0, 131.3)(1266.7, 131.3)(1266.7, 169.6)(1262.0, 169.6);SD
Module:M38
Boundary:(1183.3, 726.9)(1257.7, 726.9)(1257.7, 846.2)(1274.5, 846.2)(1274.5, 950.2)(1183.3, 950.2);GATE
Port:(1198.7, 945.2)(1259.1, 945.2)(1259.1, 950.2)(1198.7, 950.2);SD
Port:(1183.3, 726.9)(1257.7, 726.9)(1257.7, 846.2)(1274.5, 846.2)(1274.5, 944.0)(1183.3, 944.0);GATE
Port:(1189.6, 732.2)(1250.4, 732.2)(1250.4, 739.4)(1189.6, 739.4);SD
Module:M40
Boundary:(1051.4, 424.5)(1100.1, 424.5)(1100.1, 444.7)(1114.1, 444.7)(1114.1, 550.0)(1051.4, 550.0);GATE
Port:(1064.2, 544.7)(1101.3, 544.7)(1101.3, 550.0)(1064.2, 550.0);SD
Port:(1051.4, 424.5)(1100.1, 424.5)(1100.1, 444.7)(1114.1, 444.7)(1114.1, 542.0)(1051.4, 542.0);GATE
Port:(1057.2, 429.3)(1093.3, 429.3)(1093.3, 435.4)(1057.2, 435.4);SD
Module:M35
Boundary:(1135.6, 590.0)(1135.6, 673.0)(921.1, 673.0)(921.1, 590.0);GATE
Port:(921.1, 604.8)(926.7, 604.8)(926.7, 658.2)(921.1, 658.2);SD
Port:(1135.6, 590.0)(1135.6, 673.0)(929.6, 673.0)(929.6, 590.0);GATE
Port:(1123.4, 596.1)(1130.5, 596.1)(1130.5, 666.9)(1123.4, 666.9);SD
Module:M32
Boundary:(1185.6, 493.0)(1259.2, 493.0)(1259.2, 566.1)(1275.4, 566.1)(1275.4, 666.9)(1185.6, 666.9);GATE
Port:(1201.2, 661.9)(1259.8, 661.9)(1259.8, 666.9)(1201.2, 666.9);SD
Port:(1185.6, 493.0)(1259.2, 493.0)(1259.2, 566.1)(1275.4, 566.1)(1275.4, 660.5)(1185.6, 660.5);GATE
Port:(1192.5, 498.9)(1251.3, 498.9)(1251.3, 505.8)(1192.5, 505.8);SD
Module:M27
Boundary:(1051.4, 20.0)(1088.4, 20.0)(1088.4, 20.1)(1105.4, 20.1)(1105.4, 226.4)(1051.4, 226.4);GATE
Port:(1066.1, 221.5)(1090.7, 221.5)(1090.7, 226.4)(1066.1, 226.4);SD
Port:(1051.4, 20.0)(1088.4, 20.0)(1088.4, 20.1)(1105.4, 20.1)(1105.4, 220.4)(1051.4, 220.4);GATE
Port:(1057.9, 25.5)(1081.9, 25.5)(1081.9, 31.8)(1057.9, 31.8);SD
Module:M24
Boundary:(225.2, 784.6)(297.6, 784.6)(297.6, 812.9)(313.0, 812.9)(313.0, 949.2)(225.2, 949.2);GATE
Port:(239.1, 944.7)(299.1, 944.7)(299.1, 949.2)(239.1, 949.2);SD
Port:(225.2, 784.6)(297.6, 784.6)(297.6, 812.9)(313.0, 812.9)(313.0, 943.2)(225.2, 943.2);GATE
Port:(231.3, 789.7)(289.5, 789.7)(289.5, 795.8)(231.3, 795.8);SD
Module:M19
Boundary:(1051.4, 266.4)(1145.4, 266.4)(1145.4, 384.5)(1051.4, 384.5);GATE
Port:(1064.3, 379.6)(1132.5, 379.6)(1132.5, 384.5)(1064.3, 384.5);SD
Port:(1051.4, 266.4)(1145.4, 266.4)(1145.4, 376.6)(1051.4, 376.6);GATE
Port:(1058.1, 272.1)(1138.7, 272.1)(1138.7, 277.2)(1058.1, 277.2);SD
Module:M6
Boundary:(175.2, 868.7)(175.2, 946.8)(162.6, 946.8)(162.6, 960.4)(20.0, 960.4)(20.0, 868.7);GATE
Port:(20.0, 882.2)(25.2, 882.2)(25.2, 946.9)(20.0, 946.9);SD
Port:(175.2, 868.7)(175.2, 946.8)(162.6, 946.8)(162.6, 960.4)(27.8, 960.4)(27.8, 868.7);GATE
Port:(163.8, 875.1)(169.8, 875.1)(169.8, 939.4)(163.8, 939.4);SD
Module:M21
Boundary:(471.8, 20.0)(528.9, 20.0)(528.9, 20.1)(541.7, 20.1)(541.7, 243.4)(471.8, 243.4);GATE
Port:(484.4, 238.7)(529.1, 238.7)(529.1, 243.4)(484.4, 243.4);SD
Port:(471.8, 20.0)(528.9, 20.0)(528.9, 20.1)(541.7, 20.1)(541.7, 235.9)(471.8, 235.9);GATE
Port:(478.0, 25.2)(522.7, 25.2)(522.7, 30.9)(478.0, 30.9);SD
Module:M2
Boundary:(326.1, 119.1)(410.4, 119.1)(410.4, 139.5)(424.7, 139.5)(424.7, 215.6)(326.1, 215.6);GATE
Port:(341.5, 210.3)(409.3, 210.3)(409.3, 215.6)(341.5, 215.6);SD
Port:(326.1, 119.1)(410.4, 119.1)(410.4, 139.5)(424.7, 139.5)(424.7, 208.0)(326.1, 208.0);GATE
Port:(333.1, 125.1)(402.4, 125.1)(402.4, 132.6)(333.1, 132.6);SD
Module:M16
Boundary:(373.0, 837.8)(464.1, 837.8)(464.1, 881.4)(478.1, 881.4)(478.1, 948.0)(373.0, 948.0);GATE
Port:(385.0, 943.8)(466.1, 943.8)(466.1, 948.0)(385.0, 948.0);SD
Port:(373.0, 837.8)(464.1, 837.8)(464.1, 881.4)(478.1, 881.4)(478.1, 942.1)(373.0, 942.1);GATE
Port:(378.1, 841.9)(458.0, 841.9)(458.0, 847.2)(378.1, 847.2);SD
Module:M48
Boundary:(382.4, 477.4)(382.4, 587.6)(350.2, 587.6)(350.2, 604.8)(191.9, 604.8)(191.9, 477.4);GATE
Port:(191.9, 492.2)(197.6, 492.2)(197.6, 590.0)(191.9, 590.0);SD
Port:(382.4, 477.4)(382.4, 587.6)(350.2, 587.6)(350.2, 604.8)(200.3, 604.8)(200.3, 477.4);GATE
Port:(371.0, 484.0)(376.8, 484.0)(376.8, 580.0)(371.0, 580.0);SD
Module:M13
Boundary:(1009.6, 428.4)(1009.6, 512.7)(1009.4, 512.7)(1009.4, 529.4)(921.7, 529.4)(921.7, 428.4);GATE
Port:(921.7, 441.8)(927.4, 441.8)(927.4, 516.0)(921.7, 516.0);SD
Port:(1009.6, 428.4)(1009.6, 512.7)(1009.4, 512.7)(1009.4, 529.4)(930.0, 529.4)(930.0, 428.4);GATE
Port:(999.2, 435.0)(1004.0, 435.0)(1004.0, 506.1)(999.2, 506.1);SD
Module:M50
Boundary:(286.1, 124.6)(286.1, 202.6)(278.4, 202.6)(278.4, 219.7)(178.0, 219.7)(178.0, 124.6);GATE
Port:(178.0, 139.7)(183.9, 139.7)(183.9, 204.6)(178.0, 204.6);SD
Port:(286.1, 124.6)(286.1, 202.6)(278.4, 202.6)(278.4, 219.7)(186.3, 219.7)(186.3, 124.6);GATE
Port:(274.5, 130.3)(281.4, 130.3)(281.4, 194.9)(274.5, 194.9);SD
Module:M45
Boundary:(30.0, 701.2)(126.1, 701.2)(126.1, 701.7)(141.9, 701.7)(141.9, 818.7)(30.0, 818.7);GATE
Port:(42.6, 814.1)(129.3, 814.1)(129.3, 818.7)(42.6, 818.7);SD
Port:(30.0, 701.2)(126.1, 701.2)(126.1, 701.7)(141.9, 701.7)(141.9, 812.6)(30.0, 812.6);GATE
Port:(35.6, 705.8)(120.5, 705.8)(120.5, 711.4)(35.6, 711.4);SD
Module:M10
Boundary:(150.8, 556.0)(150.8, 636.6)(88.2, 636.6)(88.2, 651.2)(20.0, 651.2)(20.0, 556.0);GATE
Port:(20.0, 568.6)(25.4, 568.6)(25.4, 638.6)(20.0, 638.6);SD
Port:(150.8, 556.0)(150.8, 636.6)(88.2, 636.6)(88.2, 651.2)(28.1, 651.2)(28.1, 556.0);GATE
Port:(139.8, 561.9)(145.9, 561.9)(145.9, 629.7)(139.8, 629.7);SD
Module:M42
Boundary:(728.5, 544.2)(728.5, 627.1)(692.3, 627.1)(692.3, 642.1)(581.7, 642.1)(581.7, 544.2);GATE
Port:(581.7, 557.2)(587.4, 557.2)(587.4, 629.1)(581.7, 629.1);SD
Port:(728.5, 544.2)(728.5, 627.1)(692.3, 627.1)(692.3, 642.1)(590.3, 642.1)(590.3, 544.2);GATE
Port:(717.4, 549.9)(723.8, 549.9)(723.8, 620.4)(717.4, 620.4);SD
Module:M37
Boundary:(267.2, 20.0)(267.2, 68.7)(267.1, 68.7)(267.1, 84.6)(169.9, 84.6)(169.9, 20.0);GATE
Port:(169.9, 33.1)(175.0, 33.1)(175.0, 71.5)(169.9, 71.5);SD
Port:(267.2, 20.0)(267.2, 68.7)(267.1, 68.7)(267.1, 84.6)(177.5, 84.6)(177.5, 20.0);GATE
Port:(256.5, 25.8)(262.4, 25.8)(262.4, 62.9)(256.5, 62.9);SD
Module:M34
Boundary:(715.5, 430.6)(715.5, 491.6)(683.6, 491.6)(683.6, 504.2)(581.7, 504.2)(581.7, 430.6);GATE
Port:(581.7, 443.9)(586.5, 443.9)(586.5, 490.9)(581.7, 490.9);SD
Port:(715.5, 430.6)(715.5, 491.6)(683.6, 491.6)(683.6, 504.2)(589.1, 504.2)(589.1, 430.6);GATE
Port:(704.2, 436.9)(710.2, 436.9)(710.2, 484.3)(704.2, 484.3);SD
Module:M29
Boundary:(30.0, 195.3)(128.0, 195.3)(128.0, 368.2)(30.0, 368.2);GATE
Port:(43.7, 362.4)(114.3, 362.4)(114.3, 368.2)(43.7, 368.2);SD
Port:(30.0, 195.3)(128.0, 195.3)(128.0, 361.3)(30.0, 361.3);GATE
Port:(35.5, 199.8)(122.5, 199.8)(122.5, 207.4)(35.5, 207.4);SD
Module:M7
Boundary:(933.8, 20.0)(996.2, 20.0)(996.2, 20.3)(1011.4, 20.3)(1011.4, 180.4)(933.8, 180.4);GATE
Port:(946.4, 175.0)(998.8, 175.0)(998.8, 180.4)(946.4, 180.4);SD
Port:(933.8, 20.0)(996.2, 20.0)(996.2, 20.3)(1011.4, 20.3)(1011.4, 173.9)(933.8, 173.9);GATE
Port:(939.9, 25.1)(990.1, 25.1)(990.1, 30.4)(939.9, 30.4);SD
Module:M31
Boundary:(365.0, 644.8)(365.0, 734.6)(191.9, 734.6)(191.9, 644.8);GATE
Port:(191.9, 659.5)(197.5, 659.5)(197.5, 719.9)(191.9, 719.9);SD
Port:(365.0, 644.8)(365.0, 734.6)(199.0, 734.6)(199.0, 644.8);GATE
Port:(353.2, 650.9)(359.9, 650.9)(359.9, 728.5)(353.2, 728.5);SD
Module:M3
Boundary:(791.0, 150.1)(886.6, 150.1)(886.6, 248.5)(791.0, 248.5);GATE
Port:(804.9, 242.7)(872.7, 242.7)(872.7, 248.5)(804.9, 248.5);SD
Port:(791.0, 150.1)(886.6, 150.1)(886.6, 241.0)(791.0, 241.0);GATE
Port:(798.0, 156.1)(879.6, 156.1)(879.6, 162.2)(798.0, 162.2);SD
Module:M26
Boundary:(872.5, 843.7)(872.5, 942.6)(861.4, 942.6)(861.4, 957.8)(737.1, 957.8)(737.1, 843.7);GATE
Port:(737.1, 856.5)(741.4, 856.5)(741.4, 945.0)(737.1, 945.0);SD
Port:(872.5, 843.7)(872.5, 942.6)(861.4, 942.6)(861.4, 957.8)(743.9, 957.8)(743.9, 843.7);GATE
Port:(862.5, 849.2)(868.0, 849.2)(868.0, 936.1)(862.5, 936.1);SD
Module:M23
Boundary:(1009.9, 220.4)(1009.9, 298.8)(933.8, 298.8)(933.8, 220.4);GATE
Port:(933.8, 234.0)(938.9, 234.0)(938.9, 285.2)(933.8, 285.2);SD
Port:(1009.9, 220.4)(1009.9, 298.8)(940.2, 298.8)(940.2, 220.4);GATE
Port:(998.7, 227.3)(1004.0, 227.3)(1004.0, 291.9)(998.7, 291.9);SD
Module:M18
Boundary:(534.3, 534.1)(534.3, 606.1)(482.2, 606.1)(482.2, 622.6)(422.4, 622.6)(422.4, 534.1);GATE
Port:(422.4, 548.3)(427.6, 548.3)(427.6, 608.4)(422.4, 608.4);SD
Port:(534.3, 534.1)(534.3, 606.1)(482.2, 606.1)(482.2, 622.6)(429.2, 622.6)(429.2, 534.1);GATE
Port:(522.7, 539.3)(530.1, 539.3)(530.1, 599.9)(522.7, 599.9);SD
Module:M20
Boundary:(877.9, 537.3)(877.9, 627.5)(843.7, 627.5)(843.7, 640.4)(768.5, 640.4)(768.5, 537.3);GATE
Port:(768.5, 551.0)(773.3, 551.0)(773.3, 626.7)(768.5, 626.7);SD
Port:(877.9, 537.3)(877.9, 627.5)(843.7, 627.5)(843.7, 640.4)(774.4, 640.4)(774.4, 537.3);GATE
Port:(865.9, 544.0)(872.2, 544.0)(872.2, 619.8)(865.9, 619.8);SD
Module:M15
Boundary:(1075.5, 863.7)(1075.5, 943.9)(922.5, 943.9)(922.5, 863.7);GATE
Port:(922.5, 877.1)(926.6, 877.1)(926.6, 930.5)(922.5, 930.5);SD
Port:(1075.5, 863.7)(1075.5, 943.9)(927.6, 943.9)(927.6, 863.7);GATE
Port:(1064.3, 869.9)(1070.3, 869.9)(1070.3, 937.7)(1064.3, 937.7);SD
Module:M47
Boundary:(581.7, 153.7)(632.8, 153.7)(632.8, 250.7)(581.7, 250.7);GATE
Port:(595.9, 245.4)(618.6, 245.4)(618.6, 250.7)(595.9, 250.7);SD
Port:(581.7, 153.7)(632.8, 153.7)(632.8, 242.5)(581.7, 242.5);GATE
Port:(588.7, 159.7)(625.8, 159.7)(625.8, 165.0)(588.7, 165.0);SD
Module:M12
Boundary:(694.2, 682.1)(694.2, 774.3)(606.9, 774.3)(606.9, 787.8)(523.7, 787.8)(523.7, 682.1);GATE
Port:(523.7, 695.7)(528.0, 695.7)(528.0, 774.2)(523.7, 774.2);SD
Port:(694.2, 682.1)(694.2, 774.3)(606.9, 774.3)(606.9, 787.8)(530.6, 787.8)(530.6, 682.1);GATE
Port:(682.4, 687.5)(689.8, 687.5)(689.8, 767.9)(682.4, 767.9);SD
Module:M44
Boundary:(1133.3, 713.0)(1133.3, 801.0)(1095.3, 801.0)(1095.3, 813.7)(918.4, 813.7)(918.4, 713.0);GATE
Port:(918.4, 726.0)(923.4, 726.0)(923.4, 800.7)(918.4, 800.7);SD
Port:(1133.3, 713.0)(1133.3, 801.0)(1095.3, 801.0)(1095.3, 813.7)(924.7, 813.7)(924.7, 713.0);GATE
Port:(1122.5, 719.5)(1127.8, 719.5)(1127.8, 793.5)(1122.5, 793.5);SD
Module:M39
Boundary:(1262.7, 30.0)(1262.7, 61.4)(1262.6, 61.4)(1262.6, 75.3)(1155.4, 75.3)(1155.4, 30.0);GATE
Port:(1155.4, 42.6)(1160.9, 42.6)(1160.9, 62.7)(1155.4, 62.7);SD
Port:(1262.7, 30.0)(1262.7, 61.4)(1262.6, 61.4)(1262.6, 75.3)(1162.1, 75.3)(1162.1, 30.0);GATE
Port:(1251.7, 36.3)(1257.4, 36.3)(1257.4, 55.1)(1251.7, 55.1);SD
Module:M8
Boundary:(871.7, 298.5)(871.7, 349.0)(814.4, 349.0)(814.4, 364.1)(733.9, 364.1)(733.9, 298.5);GATE
Port:(733.9, 312.1)(738.9, 312.1)(738.9, 350.5)(733.9, 350.5);SD
Port:(871.7, 298.5)(871.7, 349.0)(814.4, 349.0)(814.4, 364.1)(740.3, 364.1)(740.3, 298.5);GATE
Port:(860.8, 304.3)(866.9, 304.3)(866.9, 342.2)(860.8, 342.2);SD
Module:M41
Boundary:(868.4, 692.1)(868.4, 793.7)(747.1, 793.7)(747.1, 692.1);GATE
Port:(747.1, 706.2)(751.4, 706.2)(751.4, 779.6)(747.1, 779.6);SD
Port:(868.4, 692.1)(868.4, 793.7)(753.9, 793.7)(753.9, 692.1);GATE
Port:(857.3, 698.0)(863.5, 698.0)(863.5, 787.8)(857.3, 787.8);SD
Module:M4
Boundary:(581.7, 290.7)(668.0, 290.7)(668.0, 297.6)(683.9, 297.6)(683.9, 390.6)(581.7, 390.6);GATE
Port:(595.4, 384.7)(670.2, 384.7)(670.2, 390.6)(595.4, 390.6);SD
Port:(581.7, 290.7)(668.0, 290.7)(668.0, 297.6)(683.9, 297.6)(683.9, 381.9)(581.7, 381.9);GATE
Port:(587.3, 295.3)(661.4, 295.3)(661.4, 302.0)(587.3, 302.0);SD
Module:M36
Boundary:(432.8, 293.4)(504.1, 293.4)(504.1, 310.4)(520.4, 310.4)(520.4, 484.1)(432.8, 484.1);GATE
Port:(446.8, 479.1)(506.4, 479.1)(506.4, 484.1)(446.8, 484.1);SD
Port:(432.8, 293.4)(504.1, 293.4)(504.1, 310.4)(520.4, 310.4)(520.4, 477.3)(432.8, 477.3);GATE
Port:(438.0, 297.6)(497.9, 297.6)(497.9, 304.6)(438.0, 304.6);SD
Module:M33
Boundary:(431.8, 20.0)(431.8, 79.1)(307.2, 79.1)(307.2, 20.0);GATE
Port:(307.2, 32.1)(311.8, 32.1)(311.8, 67.0)(307.2, 67.0);SD
Port:(431.8, 20.0)(431.8, 79.1)(313.1, 79.1)(313.1, 20.0);GATE
Port:(421.3, 26.3)(426.5, 26.3)(426.5, 72.8)(421.3, 72.8);SD
Module:M28
Boundary:(405.0, 662.6)(470.1, 662.6)(470.1, 718.5)(483.7, 718.5)(483.7, 781.6)(405.0, 781.6);GATE
Port:(418.8, 776.5)(469.9, 776.5)(469.9, 781.6)(418.8, 781.6);SD
Port:(405.0, 662.6)(470.1, 662.6)(470.1, 718.5)(483.7, 718.5)(483.7, 774.1)(405.0, 774.1);GATE
Port:(411.7, 668.3)(462.4, 668.3)(462.4, 674.8)(411.7, 674.8);SD
Module:M30
Boundary:(581.7, 20.0)(634.4, 20.0)(634.4, 61.6)(650.0, 61.6)(650.0, 113.7)(581.7, 113.7);GATE
Port:(595.3, 108.0)(636.4, 108.0)(636.4, 113.7)(595.3, 113.7);SD
Port:(581.7, 20.0)(634.4, 20.0)(634.4, 61.6)(650.0, 61.6)(650.0, 106.6)(581.7, 106.6);GATE
Port:(588.4, 25.7)(626.7, 25.7)(626.7, 31.2)(588.4, 31.2);SD
Module:M25
Boundary:(151.3, 418.2)(151.3, 516.0)(20.0, 516.0)(20.0, 418.2);GATE
Port:(20.0, 432.7)(24.4, 432.7)(24.4, 501.5)(20.0, 501.5);SD
Port:(151.3, 418.2)(151.3, 516.0)(26.3, 516.0)(26.3, 418.2);GATE
Port:(139.2, 424.3)(146.2, 424.3)(146.2, 509.9)(139.2, 509.9);SD
Module:M22
Boundary:(687.1, 837.8)(687.1, 935.5)(612.6, 935.5)(612.6, 950.0)(538.1, 950.0)(538.1, 837.8);GATE
Port:(538.1, 851.9)(543.5, 851.9)(543.5, 935.9)(538.1, 935.9);SD
Port:(687.1, 837.8)(687.1, 935.5)(612.6, 935.5)(612.6, 950.0)(544.7, 950.0)(544.7, 837.8);GATE
Port:(675.4, 843.6)(682.3, 843.6)(682.3, 928.7)(675.4, 928.7);SD
Module:M17
Boundary:(191.9, 259.7)(281.6, 259.7)(281.6, 437.4)(191.9, 437.4);GATE
Port:(206.6, 431.8)(266.9, 431.8)(266.9, 437.4)(206.6, 437.4);SD
Port:(191.9, 259.7)(281.6, 259.7)(281.6, 430.3)(191.9, 430.3);GATE
Port:(197.1, 263.9)(276.4, 263.9)(276.4, 271.2)(197.1, 271.2);SD
