Area:(29.6, 9.8)(978.0, 9.8)(978.0, 745.6)(29.6, 745.6)
Rule:GATE(5,5);SD(5,5);GATE_SD(0.5);GATE_ITO(0.5);SD_ITO(0.5)
Module:M10
Boundary:(738.2, 61.2)(738.2, 134.2)(579.2, 134.2)(579.2, 61.2);GATE
Port:(579.2, 75.7)(589.2, 75.7)(589.2, 119.7)(579.2, 119.7);SD
Port:(738.2, 61.2)(738.2, 134.2)(594.2, 134.2)(594.2, 61.2);GATE
Port:(729.2, 71.2)(733.2, 71.2)(733.2, 124.2)(729.2, 124.2);SD
Module:M8
Boundary:(891.4, 49.8)(891.4, 125.8)(883.4, 125.8)(883.4, 140.8)(795.4, 140.8)(795.4, 49.8);GATE
Port:(795.4, 64.3)(805.4, 64.3)(805.4, 126.3)(795.4, 126.3);SD
Port:(891.4, 49.8)(891.4, 125.8)(883.4, 125.8)(883.4, 140.8)(810.4, 140.8)(810.4, 49.8);GATE
Port:(882.4, 59.8)(886.4, 59.8)(886.4, 110.8)(882.4, 110.8);SD
Module:M9
Boundary:(355.5, 72.6)(279.5, 72.6)(279.5, 80.6)(264.5, 80.6)(264.5, 184.6)(355.5, 184.6);GATE
Port:(279.0, 174.6)(341.0, 174.6)(341.0, 184.6)(279.0, 184.6);SD
Port:(355.5, 72.6)(279.5, 72.6)(279.5, 80.6)(264.5, 80.6)(264.5, 169.6)(355.5, 169.6);GATE
Port:(294.5, 77.6)(345.5, 77.6)(345.5, 81.6)(294.5, 81.6);SD
Module:M3
Boundary:(355.6, 56.9)(485.1, 56.9)(485.1, 142.9)(590.6, 142.9)(590.6, 209.9)(355.6, 209.9);GATE
Port:(370.1, 199.9)(576.1, 199.9)(576.1, 209.9)(370.1, 209.9);SD
Port:(355.6, 56.9)(485.1, 56.9)(485.1, 142.9)(590.6, 142.9)(590.6, 194.9)(355.6, 194.9);GATE
Port:(365.6, 61.9)(470.6, 61.9)(470.6, 65.9)(365.6, 65.9);SD
Module:M22
Boundary:(70.7, 78.0)(218.2, 78.0)(218.2, 94.1)(233.7, 94.1)(233.7, 263.1)(70.7, 263.1);GATE
Port:(85.2, 253.1)(219.2, 253.1)(219.2, 263.1)(85.2, 263.1);SD
Port:(70.7, 78.0)(218.2, 78.0)(218.2, 94.1)(233.7, 94.1)(233.7, 248.1)(70.7, 248.1);GATE
Port:(80.7, 83.0)(203.7, 83.0)(203.7, 87.0)(80.7, 87.0);SD
Module:M25
Boundary:(605.1, 141.9)(605.1, 217.9)(613.1, 217.9)(613.1, 232.9)(715.1, 232.9)(715.1, 141.9);GATE
Port:(705.1, 156.4)(715.1, 156.4)(715.1, 218.4)(705.1, 218.4);SD
Port:(605.1, 141.9)(605.1, 217.9)(613.1, 217.9)(613.1, 232.9)(700.1, 232.9)(700.1, 141.9);GATE
Port:(610.1, 151.9)(614.1, 151.9)(614.1, 202.9)(610.1, 202.9);SD
Module:M17
Boundary:(536.0, 297.3)(406.5, 297.3)(406.5, 269.7)(337.0, 269.7)(337.0, 220.3)(536.0, 220.3);GATE
Port:(351.5, 220.3)(521.5, 220.3)(521.5, 230.3)(351.5, 230.3);SD
Port:(536.0, 297.3)(406.5, 297.3)(406.5, 269.7)(337.0, 269.7)(337.0, 235.3)(536.0, 235.3);GATE
Port:(421.0, 288.3)(526.0, 288.3)(526.0, 292.3)(421.0, 292.3);SD
Module:M15
Boundary:(908.5, 335.9)(908.5, 242.4)(853.9, 242.4)(853.9, 154.9)(749.5, 154.9)(749.5, 335.9);GATE
Port:(749.5, 169.4)(759.5, 169.4)(759.5, 321.4)(749.5, 321.4);SD
Port:(908.5, 335.9)(908.5, 242.4)(853.9, 242.4)(853.9, 154.9)(764.5, 154.9)(764.5, 335.9);GATE
Port:(899.5, 256.9)(903.5, 256.9)(903.5, 325.9)(899.5, 325.9);SD
Module:M1
Boundary:(629.5, 268.9)(629.5, 341.9)(722.5, 341.9)(722.5, 268.9);GATE
Port:(712.5, 283.4)(722.5, 283.4)(722.5, 327.4)(712.5, 327.4);SD
Port:(629.5, 268.9)(629.5, 341.9)(707.5, 341.9)(707.5, 268.9);GATE
Port:(634.5, 278.9)(638.5, 278.9)(638.5, 331.9)(634.5, 331.9);SD
Module:M4
Boundary:(242.2, 370.9)(315.2, 370.9)(315.2, 201.9)(242.2, 201.9);GATE
Port:(256.7, 201.9)(300.7, 201.9)(300.7, 211.9)(256.7, 211.9);SD
Port:(242.2, 370.9)(315.2, 370.9)(315.2, 216.9)(242.2, 216.9);GATE
Port:(252.2, 361.9)(305.2, 361.9)(305.2, 365.9)(252.2, 365.9);SD
Module:M21
Boundary:(232.6, 275.3)(85.1, 275.3)(85.1, 291.3)(69.6, 291.3)(69.6, 372.3)(232.6, 372.3);GATE
Port:(84.1, 362.3)(218.1, 362.3)(218.1, 372.3)(84.1, 372.3);SD
Port:(232.6, 275.3)(85.1, 275.3)(85.1, 291.3)(69.6, 291.3)(69.6, 357.3)(232.6, 357.3);GATE
Port:(99.6, 280.3)(222.6, 280.3)(222.6, 284.3)(99.6, 284.3);SD
Module:M6
Boundary:(595.8, 303.8)(522.8, 303.8)(522.8, 395.8)(595.8, 395.8);GATE
Port:(537.3, 385.8)(581.3, 385.8)(581.3, 395.8)(537.3, 395.8);SD
Port:(595.8, 303.8)(522.8, 303.8)(522.8, 380.8)(595.8, 380.8);GATE
Port:(532.8, 308.8)(585.8, 308.8)(585.8, 312.8)(532.8, 312.8);SD
Module:M16
Boundary:(368.7, 319.9)(498.2, 319.9)(498.2, 333.9)(513.7, 333.9)(513.7, 442.9)(368.7, 442.9);GATE
Port:(383.2, 432.9)(499.2, 432.9)(499.2, 442.9)(383.2, 442.9);SD
Port:(368.7, 319.9)(498.2, 319.9)(498.2, 333.9)(513.7, 333.9)(513.7, 427.9)(368.7, 427.9);GATE
Port:(378.7, 324.9)(483.7, 324.9)(483.7, 328.9)(378.7, 328.9);SD
Module:M5
Boundary:(267.6, 378.9)(267.6, 490.4)(279.6, 490.4)(279.6, 505.9)(368.6, 505.9)(368.6, 378.9);GATE
Port:(358.6, 393.4)(368.6, 393.4)(368.6, 491.4)(358.6, 491.4);SD
Port:(267.6, 378.9)(267.6, 490.4)(279.6, 490.4)(279.6, 505.9)(353.6, 505.9)(353.6, 378.9);GATE
Port:(272.6, 388.9)(276.6, 388.9)(276.6, 475.9)(272.6, 475.9);SD
Module:M18
Boundary:(247.1, 380.8)(247.1, 474.3)(203.9, 474.3)(203.9, 525.8)(100.1, 525.8)(100.1, 380.8);GATE
Port:(100.1, 395.3)(110.1, 395.3)(110.1, 511.3)(100.1, 511.3);SD
Port:(247.1, 380.8)(247.1, 474.3)(203.9, 474.3)(203.9, 525.8)(115.1, 525.8)(115.1, 380.8);GATE
Port:(238.1, 390.8)(242.1, 390.8)(242.1, 459.8)(238.1, 459.8);SD
Module:M2
Boundary:(757.6, 505.0)(757.6, 357.5)(741.6, 357.5)(741.6, 342.0)(625.6, 342.0)(625.6, 505.0);GATE
Port:(625.6, 356.5)(635.6, 356.5)(635.6, 490.5)(625.6, 490.5);SD
Port:(757.6, 505.0)(757.6, 357.5)(741.6, 357.5)(741.6, 342.0)(640.6, 342.0)(640.6, 505.0);GATE
Port:(748.6, 372.0)(752.6, 372.0)(752.6, 495.0)(748.6, 495.0);SD
Module:M14
Boundary:(527.9, 435.8)(603.9, 435.8)(603.9, 443.8)(618.9, 443.8)(618.9, 521.8)(527.9, 521.8);GATE
Port:(542.4, 511.8)(604.4, 511.8)(604.4, 521.8)(542.4, 521.8);SD
Port:(527.9, 435.8)(603.9, 435.8)(603.9, 443.8)(618.9, 443.8)(618.9, 506.8)(527.9, 506.8);GATE
Port:(537.9, 440.8)(588.9, 440.8)(588.9, 444.8)(537.9, 444.8);SD
Module:M11
Boundary:(938.0, 517.0)(861.9, 517.0)(861.9, 508.9)(847.0, 508.9)(847.0, 336.0)(938.0, 336.0);GATE
Port:(861.5, 336.0)(923.5, 336.0)(923.5, 346.0)(861.5, 346.0);SD
Port:(938.0, 517.0)(861.9, 517.0)(861.9, 508.9)(847.0, 508.9)(847.0, 351.0)(938.0, 351.0);GATE
Port:(877.0, 508.0)(928.0, 508.0)(928.0, 512.0)(877.0, 512.0);SD
Module:M12
Boundary:(377.3, 474.6)(377.3, 586.1)(389.3, 586.1)(389.3, 601.6)(489.3, 601.6)(489.3, 474.6);GATE
Port:(479.3, 489.1)(489.3, 489.1)(489.3, 587.1)(479.3, 587.1);SD
Port:(377.3, 474.6)(377.3, 586.1)(389.3, 586.1)(389.3, 601.6)(474.3, 601.6)(474.3, 474.6);GATE
Port:(382.3, 484.6)(386.3, 484.6)(386.3, 571.6)(382.3, 571.6);SD
Module:M24
Boundary:(71.4, 527.2)(71.4, 602.7)(158.2, 602.7)(158.2, 672.2)(269.4, 672.2)(269.4, 527.2);GATE
Port:(259.4, 541.7)(269.4, 541.7)(269.4, 657.7)(259.4, 657.7);SD
Port:(71.4, 527.2)(71.4, 602.7)(158.2, 602.7)(158.2, 672.2)(254.4, 672.2)(254.4, 527.2);GATE
Port:(76.4, 537.2)(80.4, 537.2)(80.4, 588.2)(76.4, 588.2);SD
Module:M19
Boundary:(381.8, 705.6)(381.8, 594.1)(333.6, 594.1)(333.6, 542.6)(285.8, 542.6)(285.8, 705.6);GATE
Port:(285.8, 557.1)(295.8, 557.1)(295.8, 691.1)(285.8, 691.1);SD
Port:(381.8, 705.6)(381.8, 594.1)(333.6, 594.1)(333.6, 542.6)(300.8, 542.6)(300.8, 705.6);GATE
Port:(372.8, 608.6)(376.8, 608.6)(376.8, 695.6)(372.8, 695.6);SD
Module:M20
Boundary:(566.7, 531.8)(566.7, 643.3)(554.7, 643.3)(554.7, 658.8)(503.7, 658.8)(503.7, 531.8);GATE
Port:(503.7, 546.3)(513.7, 546.3)(513.7, 644.3)(503.7, 644.3);SD
Port:(566.7, 531.8)(566.7, 643.3)(554.7, 643.3)(554.7, 658.8)(518.7, 658.8)(518.7, 531.8);GATE
Port:(557.7, 541.8)(561.7, 541.8)(561.7, 628.8)(557.7, 628.8);SD
Module:M13
Boundary:(385.5, 679.0)(479.0, 679.0)(479.0, 669.1)(494.5, 669.1)(494.5, 619.0)(385.5, 619.0);GATE
Port:(400.0, 619.0)(480.0, 619.0)(480.0, 629.0)(400.0, 629.0);SD
Port:(385.5, 679.0)(479.0, 679.0)(479.0, 669.1)(494.5, 669.1)(494.5, 634.0)(385.5, 634.0);GATE
Port:(395.5, 670.0)(464.5, 670.0)(464.5, 674.0)(395.5, 674.0);SD
Module:M7
Boundary:(749.6, 655.3)(638.1, 655.3)(638.1, 643.3)(622.6, 643.3)(622.6, 523.3)(749.6, 523.3);GATE
Port:(637.1, 523.3)(735.1, 523.3)(735.1, 533.3)(637.1, 533.3);SD
Port:(749.6, 655.3)(638.1, 655.3)(638.1, 643.3)(622.6, 643.3)(622.6, 538.3)(749.6, 538.3);GATE
Port:(652.6, 646.3)(739.6, 646.3)(739.6, 650.3)(652.6, 650.3);SD
Module:M23
Boundary:(899.5, 654.0)(899.5, 542.5)(887.5, 542.5)(887.5, 527.0)(773.5, 527.0)(773.5, 654.0);GATE
Port:(773.5, 541.5)(783.5, 541.5)(783.5, 639.5)(773.5, 639.5);SD
Port:(899.5, 654.0)(899.5, 542.5)(887.5, 542.5)(887.5, 527.0)(788.5, 527.0)(788.5, 654.0);GATE
Port:(890.5, 557.0)(894.5, 557.0)(894.5, 644.0)(890.5, 644.0);SD
