Area:(-30.0, -20.0)(1062.2, -20.0)(1062.2, 1061.5)(-30.0, 1061.5)
Rule:GATE(5,5);SD(5,5);GATE_SD(0.5);GATE_ITO(0.5);SD_ITO(0.5)
Module:M14
Boundary:(865.8, 173.5)(865.8, 240.4)(767.3, 240.4)(767.3, 255.3)(645.2, 255.3)(645.2, 173.5);GATE
Port:(645.2, 187.0)(649.3, 187.0)(649.3, 241.8)(645.2, 241.8);SD
Port:(865.8, 173.5)(865.8, 240.4)(767.3, 240.4)(767.3, 255.3)(650.3, 255.3)(650.3, 173.5);GATE
Port:(854.7, 178.7)(861.6, 178.7)(861.6, 234.2)(854.7, 234.2);SD
Module:M9
Boundary:(885.5, 20.0)(885.5, 105.9)(885.4, 105.9)(885.4, 123.5)(730.7, 123.5)(730.7, 20.0);GATE
Port:(730.7, 32.6)(736.0, 32.6)(736.0, 110.9)(730.7, 110.9);SD
Port:(885.5, 20.0)(885.5, 105.9)(885.4, 105.9)(885.4, 123.5)(737.2, 123.5)(737.2, 20.0);GATE
Port:(876.1, 25.7)(880.8, 25.7)(880.8, 100.2)(876.1, 100.2);SD
Module:M5
Boundary:(318.5, 457.3)(318.5, 520.2)(318.4, 520.2)(318.4, 535.5)(173.0, 535.5)(173.0, 457.3);GATE
Port:(173.0, 469.8)(177.9, 469.8)(177.9, 523.0)(173.0, 523.0);SD
Port:(318.5, 457.3)(318.5, 520.2)(318.4, 520.2)(318.4, 535.5)(179.9, 535.5)(179.9, 457.3);GATE
Port:(307.8, 462.6)(314.2, 462.6)(314.2, 514.9)(307.8, 514.9);SD
Module:M11
Boundary:(764.1, 728.8)(877.0, 728.8)(877.0, 884.2)(764.1, 884.2);GATE
Port:(779.0, 878.7)(862.1, 878.7)(862.1, 884.2)(779.0, 884.2);SD
Port:(764.1, 728.8)(877.0, 728.8)(877.0, 877.4)(764.1, 877.4);GATE
Port:(770.8, 734.5)(870.3, 734.5)(870.3, 741.4)(770.8, 741.4);SD
Module:M1
Boundary:(492.2, 174.8)(569.9, 174.8)(569.9, 175.2)(585.2, 175.2)(585.2, 297.1)(492.2, 297.1);GATE
Port:(504.9, 291.8)(572.5, 291.8)(572.5, 297.1)(504.9, 297.1);SD
Port:(492.2, 174.8)(569.9, 174.8)(569.9, 175.2)(585.2, 175.2)(585.2, 288.9)(492.2, 288.9);GATE
Port:(498.4, 180.0)(563.7, 180.0)(563.7, 185.0)(498.4, 185.0);SD
Module:M38
Boundary:(10.0, 255.4)(65.7, 255.4)(65.7, 302.4)(82.6, 302.4)(82.6, 439.5)(10.0, 439.5);GATE
Port:(24.7, 435.3)(67.9, 435.3)(67.9, 439.5)(24.7, 439.5);SD
Port:(10.0, 255.4)(65.7, 255.4)(65.7, 302.4)(82.6, 302.4)(82.6, 432.7)(10.0, 432.7);GATE
Port:(15.5, 259.9)(59.2, 259.9)(59.2, 267.3)(15.5, 267.3);SD
Module:M40
Boundary:(457.8, 568.8)(457.8, 632.6)(356.9, 632.6)(356.9, 647.0)(233.1, 647.0)(233.1, 568.8);GATE
Port:(233.1, 581.4)(237.5, 581.4)(237.5, 634.4)(233.1, 634.4);SD
Port:(457.8, 568.8)(457.8, 632.6)(356.9, 632.6)(356.9, 647.0)(239.2, 647.0)(239.2, 568.8);GATE
Port:(447.9, 574.4)(453.2, 574.4)(453.2, 626.0)(447.9, 626.0);SD
Module:M35
Boundary:(365.3, 164.8)(427.1, 164.8)(427.1, 164.8)(442.2, 164.8)(442.2, 298.0)(365.3, 298.0);GATE
Port:(377.1, 293.1)(430.4, 293.1)(430.4, 298.0)(377.1, 298.0);SD
Port:(365.3, 164.8)(427.1, 164.8)(427.1, 164.8)(442.2, 164.8)(442.2, 291.7)(365.3, 291.7);GATE
Port:(371.0, 169.5)(421.4, 169.5)(421.4, 174.9)(371.0, 174.9);SD
Module:M32
Boundary:(443.7, 687.0)(443.7, 734.1)(400.2, 734.1)(400.2, 747.4)(274.3, 747.4)(274.3, 687.0);GATE
Port:(274.3, 699.9)(278.9, 699.9)(278.9, 734.5)(274.3, 734.5);SD
Port:(443.7, 687.0)(443.7, 734.1)(400.2, 734.1)(400.2, 747.4)(280.9, 747.4)(280.9, 687.0);GATE
Port:(432.9, 693.5)(438.2, 693.5)(438.2, 726.6)(432.9, 726.6);SD
Module:M27
Boundary:(661.4, 439.1)(661.4, 499.3)(661.3, 499.3)(661.3, 513.4)(568.8, 513.4)(568.8, 439.1);GATE
Port:(568.8, 452.0)(574.2, 452.0)(574.2, 500.5)(568.8, 500.5);SD
Port:(661.4, 439.1)(661.4, 499.3)(661.3, 499.3)(661.3, 513.4)(576.3, 513.4)(576.3, 439.1);GATE
Port:(650.7, 444.7)(656.8, 444.7)(656.8, 493.7)(650.7, 493.7);SD
Module:M24
Boundary:(797.6, 558.6)(797.6, 652.0)(728.6, 652.0)(728.6, 669.3)(634.7, 669.3)(634.7, 558.6);GATE
Port:(634.7, 574.0)(639.0, 574.0)(639.0, 653.9)(634.7, 653.9);SD
Port:(797.6, 558.6)(797.6, 652.0)(728.6, 652.0)(728.6, 669.3)(640.1, 669.3)(640.1, 558.6);GATE
Port:(785.6, 564.4)(792.8, 564.4)(792.8, 645.2)(785.6, 645.2);SD
Module:M19
Boundary:(203.1, 592.7)(203.1, 680.2)(20.0, 680.2)(20.0, 592.7);GATE
Port:(20.0, 605.4)(26.0, 605.4)(26.0, 667.5)(20.0, 667.5);SD
Port:(203.1, 592.7)(203.1, 680.2)(28.9, 680.2)(28.9, 592.7);GATE
Port:(193.9, 597.8)(199.0, 597.8)(199.0, 675.1)(193.9, 675.1);SD
Module:M6
Boundary:(20.0, 910.6)(87.0, 910.6)(87.0, 925.7)(101.8, 925.7)(101.8, 1009.8)(20.0, 1009.8);GATE
Port:(33.2, 1004.4)(88.6, 1004.4)(88.6, 1009.8)(33.2, 1009.8);SD
Port:(20.0, 910.6)(87.0, 910.6)(87.0, 925.7)(101.8, 925.7)(101.8, 1002.3)(20.0, 1002.3);GATE
Port:(26.7, 916.3)(79.3, 916.3)(79.3, 922.3)(26.7, 922.3);SD
Module:M21
Boundary:(20.0, 720.2)(91.8, 720.2)(91.8, 870.6)(20.0, 870.6);GATE
Port:(34.2, 865.6)(77.6, 865.6)(77.6, 870.6)(34.2, 870.6);SD
Port:(20.0, 720.2)(91.8, 720.2)(91.8, 864.5)(20.0, 864.5);GATE
Port:(25.2, 724.4)(86.6, 724.4)(86.6, 731.3)(25.2, 731.3);SD
Module:M2
Boundary:(632.2, 709.3)(706.4, 709.3)(706.4, 782.3)(724.1, 782.3)(724.1, 915.2)(632.2, 915.2);GATE
Port:(646.3, 910.7)(710.0, 910.7)(710.0, 915.2)(646.3, 915.2);SD
Port:(632.2, 709.3)(706.4, 709.3)(706.4, 782.3)(724.1, 782.3)(724.1, 909.6)(632.2, 909.6);GATE
Port:(638.2, 714.3)(699.4, 714.3)(699.4, 720.3)(638.2, 720.3);SD
Module:M16
Boundary:(925.5, 20.0)(1001.7, 20.0)(1001.7, 58.8)(1015.0, 58.8)(1015.0, 125.6)(925.5, 125.6);GATE
Port:(938.2, 119.7)(1002.3, 119.7)(1002.3, 125.6)(938.2, 125.6);SD
Port:(925.5, 20.0)(1001.7, 20.0)(1001.7, 58.8)(1015.0, 58.8)(1015.0, 116.8)(925.5, 116.8);GATE
Port:(931.4, 24.9)(994.8, 24.9)(994.8, 31.1)(931.4, 31.1);SD
Module:M13
Boundary:(30.0, 30.0)(60.4, 30.0)(60.4, 30.2)(75.4, 30.2)(75.4, 215.4)(30.0, 215.4);GATE
Port:(41.9, 209.5)(63.5, 209.5)(63.5, 215.4)(41.9, 215.4);SD
Port:(30.0, 30.0)(60.4, 30.0)(60.4, 30.2)(75.4, 30.2)(75.4, 207.3)(30.0, 207.3);GATE
Port:(35.1, 34.1)(55.3, 34.1)(55.3, 39.5)(35.1, 39.5);SD
Module:M10
Boundary:(1011.5, 571.0)(1011.5, 661.6)(997.6, 661.6)(997.6, 678.8)(847.6, 678.8)(847.6, 571.0);GATE
Port:(847.6, 584.6)(852.2, 584.6)(852.2, 665.2)(847.6, 665.2);SD
Port:(1011.5, 571.0)(1011.5, 661.6)(997.6, 661.6)(997.6, 678.8)(854.2, 678.8)(854.2, 571.0);GATE
Port:(1000.7, 576.8)(1006.7, 576.8)(1006.7, 654.8)(1000.7, 654.8);SD
Module:M37
Boundary:(604.7, 543.4)(604.7, 610.9)(604.3, 610.9)(604.3, 623.7)(503.5, 623.7)(503.5, 543.4);GATE
Port:(503.5, 554.8)(508.5, 554.8)(508.5, 612.3)(503.5, 612.3);SD
Port:(604.7, 543.4)(604.7, 610.9)(604.3, 610.9)(604.3, 623.7)(510.8, 623.7)(510.8, 543.4);GATE
Port:(594.8, 548.6)(600.5, 548.6)(600.5, 605.7)(594.8, 605.7);SD
Module:M34
Boundary:(322.2, 287.3)(322.2, 399.7)(303.4, 399.7)(303.4, 417.3)(112.6, 417.3)(112.6, 287.3);GATE
Port:(112.6, 302.3)(118.0, 302.3)(118.0, 402.3)(112.6, 402.3);SD
Port:(322.2, 287.3)(322.2, 399.7)(303.4, 399.7)(303.4, 417.3)(120.7, 417.3)(120.7, 287.3);GATE
Port:(310.6, 293.5)(317.0, 293.5)(317.0, 392.5)(310.6, 392.5);SD
Module:M29
Boundary:(1021.1, 927.8)(1021.1, 1007.2)(914.8, 1007.2)(914.8, 927.8);GATE
Port:(914.8, 941.4)(920.3, 941.4)(920.3, 993.6)(914.8, 993.6);SD
Port:(1021.1, 927.8)(1021.1, 1007.2)(922.1, 1007.2)(922.1, 927.8);GATE
Port:(1009.9, 934.0)(1015.9, 934.0)(1015.9, 1001.0)(1009.9, 1001.0);SD
Module:M7
Boundary:(874.8, 924.2)(874.8, 994.4)(874.6, 994.4)(874.6, 1011.8)(764.1, 1011.8)(764.1, 924.2);GATE
Port:(764.1, 938.2)(768.5, 938.2)(768.5, 997.8)(764.1, 997.8);SD
Port:(874.8, 924.2)(874.8, 994.4)(874.6, 994.4)(874.6, 1011.8)(771.4, 1011.8)(771.4, 924.2);GATE
Port:(863.3, 929.3)(870.7, 929.3)(870.7, 989.3)(863.3, 989.3);SD
Module:M31
Boundary:(580.1, 20.0)(580.1, 124.8)(365.3, 124.8)(365.3, 20.0);GATE
Port:(365.3, 34.8)(370.9, 34.8)(370.9, 110.0)(365.3, 110.0);SD
Port:(580.1, 20.0)(580.1, 124.8)(372.9, 124.8)(372.9, 20.0);GATE
Port:(568.1, 26.6)(574.5, 26.6)(574.5, 118.2)(568.1, 118.2);SD
Module:M3
Boundary:(915.8, 165.6)(1012.7, 165.6)(1012.7, 382.4)(915.8, 382.4);GATE
Port:(929.6, 378.2)(998.9, 378.2)(998.9, 382.4)(929.6, 382.4);SD
Port:(915.8, 165.6)(1012.7, 165.6)(1012.7, 377.0)(915.8, 377.0);GATE
Port:(922.0, 170.8)(1006.5, 170.8)(1006.5, 176.9)(922.0, 176.9);SD
Module:M26
Boundary:(917.0, 728.8)(1005.7, 728.8)(1005.7, 768.1)(1022.2, 768.1)(1022.2, 887.8)(917.0, 887.8);GATE
Port:(930.9, 882.4)(1008.3, 882.4)(1008.3, 887.8)(930.9, 887.8);SD
Port:(917.0, 728.8)(1005.7, 728.8)(1005.7, 768.1)(1022.2, 768.1)(1022.2, 879.5)(917.0, 879.5);GATE
Port:(922.2, 733.0)(999.5, 733.0)(999.5, 740.1)(922.2, 740.1);SD
Module:M23
Boundary:(367.4, 913.3)(367.4, 985.1)(367.2, 985.1)(367.2, 1002.6)(151.8, 1002.6)(151.8, 913.3);GATE
Port:(151.8, 928.2)(157.6, 928.2)(157.6, 987.7)(151.8, 987.7);SD
Port:(367.4, 913.3)(367.4, 985.1)(367.2, 985.1)(367.2, 1002.6)(159.1, 1002.6)(159.1, 913.3);GATE
Port:(355.5, 919.7)(362.0, 919.7)(362.0, 978.7)(355.5, 978.7);SD
Module:M18
Boundary:(843.3, 315.3)(843.3, 372.2)(739.5, 372.2)(739.5, 389.1)(645.2, 389.1)(645.2, 315.3);GATE
Port:(645.2, 330.5)(650.4, 330.5)(650.4, 373.9)(645.2, 373.9);SD
Port:(843.3, 315.3)(843.3, 372.2)(739.5, 372.2)(739.5, 389.1)(651.8, 389.1)(651.8, 315.3);GATE
Port:(831.1, 321.9)(837.7, 321.9)(837.7, 364.6)(831.1, 364.6);SD
Module:M20
Boundary:(463.5, 459.0)(463.5, 512.8)(432.9, 512.8)(432.9, 528.8)(375.3, 528.8)(375.3, 459.0);GATE
Port:(375.3, 473.7)(381.3, 473.7)(381.3, 514.1)(375.3, 514.1);SD
Port:(463.5, 459.0)(463.5, 512.8)(432.9, 512.8)(432.9, 528.8)(384.2, 528.8)(384.2, 459.0);GATE
Port:(451.8, 465.9)(457.6, 465.9)(457.6, 504.9)(451.8, 504.9);SD
Module:M15
Boundary:(1002.4, 449.1)(1002.4, 496.1)(1002.2, 496.1)(1002.2, 511.0)(884.8, 511.0)(884.8, 449.1);GATE
Port:(884.8, 462.0)(890.4, 462.0)(890.4, 498.1)(884.8, 498.1);SD
Port:(1002.4, 449.1)(1002.4, 496.1)(1002.2, 496.1)(1002.2, 511.0)(892.6, 511.0)(892.6, 449.1);GATE
Port:(992.1, 455.2)(997.3, 455.2)(997.3, 490.0)(992.1, 490.0);SD
Module:M12
Boundary:(133.0, 469.5)(133.0, 536.9)(132.7, 536.9)(132.7, 552.7)(20.0, 552.7)(20.0, 469.5);GATE
Port:(20.0, 484.0)(24.6, 484.0)(24.6, 538.2)(20.0, 538.2);SD
Port:(133.0, 469.5)(133.0, 536.9)(132.7, 536.9)(132.7, 552.7)(26.0, 552.7)(26.0, 469.5);GATE
Port:(121.4, 476.4)(127.1, 476.4)(127.1, 530.0)(121.4, 530.0);SD
Module:M39
Boundary:(714.6, 945.2)(714.6, 1006.2)(714.5, 1006.2)(714.5, 1021.5)(622.2, 1021.5)(622.2, 945.2);GATE
Port:(622.2, 956.6)(627.0, 956.6)(627.0, 1010.1)(622.2, 1010.1);SD
Port:(714.6, 945.2)(714.6, 1006.2)(714.5, 1006.2)(714.5, 1021.5)(628.8, 1021.5)(628.8, 945.2);GATE
Port:(705.3, 950.3)(710.5, 950.3)(710.5, 1001.1)(705.3, 1001.1);SD
Module:M8
Boundary:(591.0, 903.5)(591.0, 998.2)(516.9, 998.2)(516.9, 1012.4)(417.4, 1012.4)(417.4, 903.5);GATE
Port:(417.4, 916.6)(422.5, 916.6)(422.5, 999.3)(417.4, 999.3);SD
Port:(591.0, 903.5)(591.0, 998.2)(516.9, 998.2)(516.9, 1012.4)(423.9, 1012.4)(423.9, 903.5);GATE
Port:(580.6, 909.1)(586.4, 909.1)(586.4, 991.6)(580.6, 991.6);SD
Module:M4
Boundary:(298.5, 152.4)(298.5, 232.6)(208.9, 232.6)(208.9, 247.3)(125.4, 247.3)(125.4, 152.4);GATE
Port:(125.4, 165.2)(130.6, 165.2)(130.6, 234.5)(125.4, 234.5);SD
Port:(298.5, 152.4)(298.5, 232.6)(208.9, 232.6)(208.9, 247.3)(132.5, 247.3)(132.5, 152.4);GATE
Port:(288.7, 157.8)(294.1, 157.8)(294.1, 226.2)(288.7, 226.2);SD
Module:M36
Boundary:(447.7, 787.4)(447.7, 857.1)(346.3, 857.1)(346.3, 873.3)(254.3, 873.3)(254.3, 787.4);GATE
Port:(254.3, 800.9)(260.3, 800.9)(260.3, 859.8)(254.3, 859.8);SD
Port:(447.7, 787.4)(447.7, 857.1)(346.3, 857.1)(346.3, 873.3)(263.2, 873.3)(263.2, 787.4);GATE
Port:(436.7, 792.5)(443.6, 792.5)(443.6, 851.0)(436.7, 851.0);SD
Module:M33
Boundary:(325.3, 20.0)(325.3, 112.4)(125.4, 112.4)(125.4, 20.0);GATE
Port:(125.4, 34.4)(129.9, 34.4)(129.9, 98.0)(125.4, 98.0);SD
Port:(325.3, 20.0)(325.3, 112.4)(131.4, 112.4)(131.4, 20.0);GATE
Port:(314.1, 26.4)(319.9, 26.4)(319.9, 106.0)(314.1, 106.0);SD
Module:M28
Boundary:(493.7, 653.7)(576.6, 653.7)(576.6, 709.3)(592.2, 709.3)(592.2, 863.5)(493.7, 863.5);GATE
Port:(506.4, 858.3)(579.5, 858.3)(579.5, 863.5)(506.4, 863.5);SD
Port:(493.7, 653.7)(576.6, 653.7)(576.6, 709.3)(592.2, 709.3)(592.2, 857.2)(493.7, 857.2);GATE
Port:(498.7, 657.7)(570.6, 657.7)(570.6, 663.2)(498.7, 663.2);SD
Module:M30
Boundary:(834.8, 439.1)(834.8, 503.9)(790.2, 503.9)(790.2, 518.6)(701.4, 518.6)(701.4, 439.1);GATE
Port:(701.4, 452.0)(705.7, 452.0)(705.7, 505.7)(701.4, 505.7);SD
Port:(834.8, 439.1)(834.8, 503.9)(790.2, 503.9)(790.2, 518.6)(706.8, 518.6)(706.8, 439.1);GATE
Port:(824.4, 444.4)(830.5, 444.4)(830.5, 497.6)(824.4, 497.6);SD
Module:M25
Boundary:(620.1, 20.0)(673.3, 20.0)(673.3, 20.1)(690.7, 20.1)(690.7, 99.7)(620.1, 99.7);GATE
Port:(634.8, 94.6)(676.0, 94.6)(676.0, 99.7)(634.8, 99.7);SD
Port:(620.1, 20.0)(673.3, 20.0)(673.3, 20.1)(690.7, 20.1)(690.7, 93.0)(620.1, 93.0);GATE
Port:(626.2, 25.1)(667.2, 25.1)(667.2, 31.4)(626.2, 31.4);SD
Module:M22
Boundary:(528.8, 347.1)(528.8, 394.3)(514.9, 394.3)(514.9, 409.0)(365.3, 409.0)(365.3, 347.1);GATE
Port:(365.3, 359.0)(370.1, 359.0)(370.1, 397.1)(365.3, 397.1);SD
Port:(528.8, 347.1)(528.8, 394.3)(514.9, 394.3)(514.9, 409.0)(372.4, 409.0)(372.4, 347.1);GATE
Port:(519.4, 352.3)(524.6, 352.3)(524.6, 388.1)(519.4, 388.1);SD
Module:M17
Boundary:(131.8, 720.2)(208.8, 720.2)(208.8, 720.4)(224.3, 720.4)(224.3, 838.8)(131.8, 838.8);GATE
Port:(143.5, 833.5)(212.6, 833.5)(212.6, 838.8)(143.5, 838.8);SD
Port:(131.8, 720.2)(208.8, 720.2)(208.8, 720.4)(224.3, 720.4)(224.3, 831.2)(131.8, 831.2);GATE
Port:(137.0, 724.4)(203.6, 724.4)(203.6, 729.3)(137.0, 729.3);SD
