Area:(-20.0, -20.0)(1264.0, -20.0)(1264.0, 957.0)(-20.0, 957.0)
Rule:GATE(5,5);SD(5,5);GATE_SD(0.5);GATE_ITO(0.5);SD_ITO(0.5)
Module:M14
Boundary:(835.0, 647.0)(908.0, 647.0)(908.0, 783.0)(835.0, 783.0);GATE
Port:(849.5, 773.0)(893.5, 773.0)(893.5, 783.0)(849.5, 783.0);SD
Port:(835.0, 647.0)(908.0, 647.0)(908.0, 768.0)(835.0, 768.0);GATE
Port:(845.0, 652.0)(898.0, 652.0)(898.0, 656.0)(845.0, 656.0);SD
Module:M9
Boundary:(401.0, 377.0)(401.0, 450.0)(285.0, 450.0)(285.0, 377.0);GATE
Port:(285.0, 391.5)(295.0, 391.5)(295.0, 435.5)(285.0, 435.5);SD
Port:(401.0, 377.0)(401.0, 450.0)(300.0, 450.0)(300.0, 377.0);GATE
Port:(392.0, 387.0)(396.0, 387.0)(396.0, 440.0)(392.0, 440.0);SD
Module:M5
Boundary:(182.0, 223.0)(182.0, 299.0)(174.0, 299.0)(174.0, 314.0)(20.0, 314.0)(20.0, 223.0);GATE
Port:(20.0, 237.5)(30.0, 237.5)(30.0, 299.5)(20.0, 299.5);SD
Port:(182.0, 223.0)(182.0, 299.0)(174.0, 299.0)(174.0, 314.0)(35.0, 314.0)(35.0, 223.0);GATE
Port:(173.0, 233.0)(177.0, 233.0)(177.0, 284.0)(173.0, 284.0);SD
Module:M11
Boundary:(646.0, 790.0)(646.0, 901.5)(628.0, 901.5)(628.0, 917.0)(582.0, 917.0)(582.0, 790.0);GATE
Port:(582.0, 804.5)(592.0, 804.5)(592.0, 902.5)(582.0, 902.5);SD
Port:(646.0, 790.0)(646.0, 901.5)(628.0, 901.5)(628.0, 917.0)(597.0, 917.0)(597.0, 790.0);GATE
Port:(637.0, 800.0)(641.0, 800.0)(641.0, 887.0)(637.0, 887.0);SD
Module:M1
Boundary:(409.0, 20.0)(409.0, 167.5)(393.0, 167.5)(393.0, 183.0)(241.0, 183.0)(241.0, 20.0);GATE
Port:(241.0, 34.5)(251.0, 34.5)(251.0, 168.5)(241.0, 168.5);SD
Port:(409.0, 20.0)(409.0, 167.5)(393.0, 167.5)(393.0, 183.0)(256.0, 183.0)(256.0, 20.0);GATE
Port:(400.0, 30.0)(404.0, 30.0)(404.0, 153.0)(400.0, 153.0);SD
Module:M38
Boundary:(783.0, 251.0)(783.0, 324.0)(664.0, 324.0)(664.0, 251.0);GATE
Port:(664.0, 265.5)(674.0, 265.5)(674.0, 309.5)(664.0, 309.5);SD
Port:(783.0, 251.0)(783.0, 324.0)(679.0, 324.0)(679.0, 251.0);GATE
Port:(774.0, 261.0)(778.0, 261.0)(778.0, 314.0)(774.0, 314.0);SD
Module:M40
Boundary:(768.0, 834.0)(768.0, 907.0)(696.0, 907.0)(696.0, 834.0);GATE
Port:(696.0, 848.5)(706.0, 848.5)(706.0, 892.5)(696.0, 892.5);SD
Port:(768.0, 834.0)(768.0, 907.0)(711.0, 907.0)(711.0, 834.0);GATE
Port:(759.0, 844.0)(763.0, 844.0)(763.0, 897.0)(759.0, 897.0);SD
Module:M35
Boundary:(233.0, 642.0)(380.5, 642.0)(380.5, 683.7)(414.0, 683.7)(414.0, 739.0)(233.0, 739.0);GATE
Port:(247.5, 729.0)(399.5, 729.0)(399.5, 739.0)(247.5, 739.0);SD
Port:(233.0, 642.0)(380.5, 642.0)(380.5, 683.7)(414.0, 683.7)(414.0, 724.0)(233.0, 724.0);GATE
Port:(243.0, 647.0)(366.0, 647.0)(366.0, 651.0)(243.0, 651.0);SD
Module:M32
Boundary:(20.0, 636.0)(167.5, 636.0)(167.5, 652.0)(183.0, 652.0)(183.0, 803.0)(20.0, 803.0);GATE
Port:(34.5, 793.0)(168.5, 793.0)(168.5, 803.0)(34.5, 803.0);SD
Port:(20.0, 636.0)(167.5, 636.0)(167.5, 652.0)(183.0, 652.0)(183.0, 788.0)(20.0, 788.0);GATE
Port:(30.0, 641.0)(153.0, 641.0)(153.0, 645.0)(30.0, 645.0);SD
Module:M27
Boundary:(222.0, 223.0)(297.5, 223.0)(297.5, 267.2)(403.0, 267.2)(403.0, 337.0)(222.0, 337.0);GATE
Port:(236.5, 327.0)(388.5, 327.0)(388.5, 337.0)(236.5, 337.0);SD
Port:(222.0, 223.0)(297.5, 223.0)(297.5, 267.2)(403.0, 267.2)(403.0, 322.0)(222.0, 322.0);GATE
Port:(232.0, 228.0)(283.0, 228.0)(283.0, 232.0)(232.0, 232.0);SD
Module:M24
Boundary:(981.0, 249.0)(981.0, 360.5)(969.0, 360.5)(969.0, 376.0)(839.0, 376.0)(839.0, 249.0);GATE
Port:(839.0, 263.5)(849.0, 263.5)(849.0, 361.5)(839.0, 361.5);SD
Port:(981.0, 249.0)(981.0, 360.5)(969.0, 360.5)(969.0, 376.0)(854.0, 376.0)(854.0, 249.0);GATE
Port:(972.0, 259.0)(976.0, 259.0)(976.0, 346.0)(972.0, 346.0);SD
Module:M19
Boundary:(208.0, 490.0)(284.0, 490.0)(284.0, 498.0)(299.0, 498.0)(299.0, 590.0)(208.0, 590.0);GATE
Port:(222.5, 580.0)(284.5, 580.0)(284.5, 590.0)(222.5, 590.0);SD
Port:(208.0, 490.0)(284.0, 490.0)(284.0, 498.0)(299.0, 498.0)(299.0, 575.0)(208.0, 575.0);GATE
Port:(218.0, 495.0)(269.0, 495.0)(269.0, 499.0)(218.0, 499.0);SD
Module:M6
Boundary:(696.0, 505.0)(769.0, 505.0)(769.0, 668.0)(696.0, 668.0);GATE
Port:(710.5, 658.0)(754.5, 658.0)(754.5, 668.0)(710.5, 668.0);SD
Port:(696.0, 505.0)(769.0, 505.0)(769.0, 653.0)(696.0, 653.0);GATE
Port:(706.0, 510.0)(759.0, 510.0)(759.0, 514.0)(706.0, 514.0);SD
Module:M21
Boundary:(835.0, 416.0)(911.0, 416.0)(911.0, 424.0)(926.0, 424.0)(926.0, 607.0)(835.0, 607.0);GATE
Port:(849.5, 597.0)(911.5, 597.0)(911.5, 607.0)(849.5, 607.0);SD
Port:(835.0, 416.0)(911.0, 416.0)(911.0, 424.0)(926.0, 424.0)(926.0, 592.0)(835.0, 592.0);GATE
Port:(845.0, 421.0)(896.0, 421.0)(896.0, 425.0)(845.0, 425.0);SD
Module:M2
Boundary:(459.0, 30.0)(588.5, 30.0)(588.5, 44.0)(604.0, 44.0)(604.0, 166.0)(459.0, 166.0);GATE
Port:(473.5, 156.0)(589.5, 156.0)(589.5, 166.0)(473.5, 166.0);SD
Port:(459.0, 30.0)(588.5, 30.0)(588.5, 44.0)(604.0, 44.0)(604.0, 151.0)(459.0, 151.0);GATE
Port:(469.0, 35.0)(574.0, 35.0)(574.0, 39.0)(469.0, 39.0);SD
Module:M16
Boundary:(818.0, 824.0)(891.0, 824.0)(891.0, 895.0)(818.0, 895.0);GATE
Port:(832.5, 885.0)(876.5, 885.0)(876.5, 895.0)(832.5, 895.0);SD
Port:(818.0, 824.0)(891.0, 824.0)(891.0, 880.0)(818.0, 880.0);GATE
Port:(828.0, 829.0)(881.0, 829.0)(881.0, 833.0)(828.0, 833.0);SD
Module:M13
Boundary:(339.0, 490.0)(412.0, 490.0)(412.0, 592.0)(339.0, 592.0);GATE
Port:(353.5, 582.0)(397.5, 582.0)(397.5, 592.0)(353.5, 592.0);SD
Port:(339.0, 490.0)(412.0, 490.0)(412.0, 577.0)(339.0, 577.0);GATE
Port:(349.0, 495.0)(402.0, 495.0)(402.0, 499.0)(349.0, 499.0);SD
Module:M10
Boundary:(1079.0, 313.0)(1208.5, 313.0)(1208.5, 327.0)(1224.0, 327.0)(1224.0, 379.0)(1079.0, 379.0);GATE
Port:(1093.5, 369.0)(1209.5, 369.0)(1209.5, 379.0)(1093.5, 379.0);SD
Port:(1079.0, 313.0)(1208.5, 313.0)(1208.5, 327.0)(1224.0, 327.0)(1224.0, 364.0)(1079.0, 364.0);GATE
Port:(1089.0, 318.0)(1194.0, 318.0)(1194.0, 322.0)(1089.0, 322.0);SD
Module:M37
Boundary:(966.0, 416.0)(1039.0, 416.0)(1039.0, 607.0)(966.0, 607.0);GATE
Port:(980.5, 597.0)(1024.5, 597.0)(1024.5, 607.0)(980.5, 607.0);SD
Port:(966.0, 416.0)(1039.0, 416.0)(1039.0, 592.0)(966.0, 592.0);GATE
Port:(976.0, 421.0)(1029.0, 421.0)(1029.0, 425.0)(976.0, 425.0);SD
Module:M34
Boundary:(1223.0, 20.0)(1223.0, 95.5)(1100.8, 95.5)(1100.8, 273.0)(1042.0, 273.0)(1042.0, 20.0);GATE
Port:(1042.0, 34.5)(1052.0, 34.5)(1052.0, 258.5)(1042.0, 258.5);SD
Port:(1223.0, 20.0)(1223.0, 95.5)(1100.8, 95.5)(1100.8, 273.0)(1057.0, 273.0)(1057.0, 20.0);GATE
Port:(1214.0, 30.0)(1218.0, 30.0)(1218.0, 81.0)(1214.0, 81.0);SD
Module:M29
Boundary:(1215.0, 542.0)(1215.0, 653.5)(1203.0, 653.5)(1203.0, 669.0)(1089.0, 669.0)(1089.0, 542.0);GATE
Port:(1089.0, 556.5)(1099.0, 556.5)(1099.0, 654.5)(1089.0, 654.5);SD
Port:(1215.0, 542.0)(1215.0, 653.5)(1203.0, 653.5)(1203.0, 669.0)(1104.0, 669.0)(1104.0, 542.0);GATE
Port:(1206.0, 552.0)(1210.0, 552.0)(1210.0, 639.0)(1206.0, 639.0);SD
Module:M7
Boundary:(172.0, 377.0)(245.0, 377.0)(245.0, 440.0)(172.0, 440.0);GATE
Port:(186.5, 430.0)(230.5, 430.0)(230.5, 440.0)(186.5, 440.0);SD
Port:(172.0, 377.0)(245.0, 377.0)(245.0, 425.0)(172.0, 425.0);GATE
Port:(182.0, 382.0)(235.0, 382.0)(235.0, 386.0)(182.0, 386.0);SD
Module:M31
Boundary:(379.0, 790.0)(526.5, 790.0)(526.5, 807.0)(542.0, 807.0)(542.0, 905.0)(379.0, 905.0);GATE
Port:(393.5, 895.0)(527.5, 895.0)(527.5, 905.0)(393.5, 905.0);SD
Port:(379.0, 790.0)(526.5, 790.0)(526.5, 807.0)(542.0, 807.0)(542.0, 890.0)(379.0, 890.0);GATE
Port:(389.0, 795.0)(512.0, 795.0)(512.0, 799.0)(389.0, 799.0);SD
Module:M3
Boundary:(464.0, 663.0)(611.5, 663.0)(611.5, 679.0)(627.0, 679.0)(627.0, 750.0)(464.0, 750.0);GATE
Port:(478.5, 740.0)(612.5, 740.0)(612.5, 750.0)(478.5, 750.0);SD
Port:(464.0, 663.0)(611.5, 663.0)(611.5, 679.0)(627.0, 679.0)(627.0, 735.0)(464.0, 735.0);GATE
Port:(474.0, 668.0)(597.0, 668.0)(597.0, 672.0)(474.0, 672.0);SD
Module:M26
Boundary:(1089.0, 729.0)(1182.5, 729.0)(1182.5, 807.2)(1216.0, 807.2)(1216.0, 905.0)(1089.0, 905.0);GATE
Port:(1103.5, 895.0)(1201.5, 895.0)(1201.5, 905.0)(1103.5, 905.0);SD
Port:(1089.0, 729.0)(1182.5, 729.0)(1182.5, 807.2)(1216.0, 807.2)(1216.0, 890.0)(1089.0, 890.0);GATE
Port:(1099.0, 734.0)(1168.0, 734.0)(1168.0, 738.0)(1099.0, 738.0);SD
Module:M23
Boundary:(179.0, 843.0)(179.0, 916.0)(20.0, 916.0)(20.0, 843.0);GATE
Port:(20.0, 857.5)(30.0, 857.5)(30.0, 901.5)(20.0, 901.5);SD
Port:(179.0, 843.0)(179.0, 916.0)(35.0, 916.0)(35.0, 843.0);GATE
Port:(170.0, 853.0)(174.0, 853.0)(174.0, 906.0)(170.0, 906.0);SD
Module:M18
Boundary:(656.0, 514.0)(656.0, 607.5)(646.0, 607.5)(646.0, 623.0)(464.0, 623.0)(464.0, 514.0);GATE
Port:(464.0, 528.5)(474.0, 528.5)(474.0, 608.5)(464.0, 608.5);SD
Port:(656.0, 514.0)(656.0, 607.5)(646.0, 607.5)(646.0, 623.0)(479.0, 623.0)(479.0, 514.0);GATE
Port:(647.0, 524.0)(651.0, 524.0)(651.0, 593.0)(647.0, 593.0);SD
Module:M20
Boundary:(1221.0, 419.0)(1221.0, 492.0)(1079.0, 492.0)(1079.0, 419.0);GATE
Port:(1079.0, 433.5)(1089.0, 433.5)(1089.0, 477.5)(1079.0, 477.5);SD
Port:(1221.0, 419.0)(1221.0, 492.0)(1094.0, 492.0)(1094.0, 419.0);GATE
Port:(1212.0, 429.0)(1216.0, 429.0)(1216.0, 482.0)(1212.0, 482.0);SD
Module:M15
Boundary:(790.0, 374.0)(790.0, 450.0)(782.0, 450.0)(782.0, 465.0)(639.0, 465.0)(639.0, 374.0);GATE
Port:(639.0, 388.5)(649.0, 388.5)(649.0, 450.5)(639.0, 450.5);SD
Port:(790.0, 374.0)(790.0, 450.0)(782.0, 450.0)(782.0, 465.0)(654.0, 465.0)(654.0, 374.0);GATE
Port:(781.0, 384.0)(785.0, 384.0)(785.0, 435.0)(781.0, 435.0);SD
Module:M12
Boundary:(201.0, 20.0)(201.0, 77.5)(148.5, 77.5)(148.5, 183.0)(20.0, 183.0)(20.0, 20.0);GATE
Port:(20.0, 34.5)(30.0, 34.5)(30.0, 168.5)(20.0, 168.5);SD
Port:(201.0, 20.0)(201.0, 77.5)(148.5, 77.5)(148.5, 183.0)(35.0, 183.0)(35.0, 20.0);GATE
Port:(192.0, 30.0)(196.0, 30.0)(196.0, 63.0)(192.0, 63.0);SD
Module:M39
Boundary:(686.0, 708.0)(779.5, 708.0)(779.5, 718.0)(795.0, 718.0)(795.0, 784.0)(686.0, 784.0);GATE
Port:(700.5, 774.0)(780.5, 774.0)(780.5, 784.0)(700.5, 784.0);SD
Port:(686.0, 708.0)(779.5, 708.0)(779.5, 718.0)(795.0, 718.0)(795.0, 769.0)(686.0, 769.0);GATE
Port:(696.0, 713.0)(765.0, 713.0)(765.0, 717.0)(696.0, 717.0);SD
Module:M8
Boundary:(799.0, 20.0)(799.0, 149.5)(755.2, 149.5)(755.2, 201.0)(654.0, 201.0)(654.0, 20.0);GATE
Port:(654.0, 34.5)(664.0, 34.5)(664.0, 186.5)(654.0, 186.5);SD
Port:(799.0, 20.0)(799.0, 149.5)(755.2, 149.5)(755.2, 201.0)(669.0, 201.0)(669.0, 20.0);GATE
Port:(790.0, 30.0)(794.0, 30.0)(794.0, 135.0)(790.0, 135.0);SD
Module:M4
Boundary:(948.0, 807.0)(1024.0, 807.0)(1024.0, 815.0)(1039.0, 815.0)(1039.0, 899.0)(948.0, 899.0);GATE
Port:(962.5, 889.0)(1024.5, 889.0)(1024.5, 899.0)(962.5, 899.0);SD
Port:(948.0, 807.0)(1024.0, 807.0)(1024.0, 815.0)(1039.0, 815.0)(1039.0, 884.0)(948.0, 884.0);GATE
Port:(958.0, 812.0)(1009.0, 812.0)(1009.0, 816.0)(958.0, 816.0);SD
Module:M36
Boundary:(443.0, 223.0)(590.5, 223.0)(590.5, 239.0)(606.0, 239.0)(606.0, 332.0)(443.0, 332.0);GATE
Port:(457.5, 322.0)(591.5, 322.0)(591.5, 332.0)(457.5, 332.0);SD
Port:(443.0, 223.0)(590.5, 223.0)(590.5, 239.0)(606.0, 239.0)(606.0, 317.0)(443.0, 317.0);GATE
Port:(453.0, 228.0)(576.0, 228.0)(576.0, 232.0)(453.0, 232.0);SD
Module:M33
Boundary:(839.0, 20.0)(986.5, 20.0)(986.5, 36.0)(1002.0, 36.0)(1002.0, 209.0)(839.0, 209.0);GATE
Port:(853.5, 199.0)(987.5, 199.0)(987.5, 209.0)(853.5, 209.0);SD
Port:(839.0, 20.0)(986.5, 20.0)(986.5, 36.0)(1002.0, 36.0)(1002.0, 194.0)(839.0, 194.0);GATE
Port:(849.0, 25.0)(972.0, 25.0)(972.0, 29.0)(849.0, 29.0);SD
Module:M28
Boundary:(948.0, 647.0)(1024.0, 647.0)(1024.0, 655.0)(1039.0, 655.0)(1039.0, 767.0)(948.0, 767.0);GATE
Port:(962.5, 757.0)(1024.5, 757.0)(1024.5, 767.0)(962.5, 767.0);SD
Port:(948.0, 647.0)(1024.0, 647.0)(1024.0, 655.0)(1039.0, 655.0)(1039.0, 752.0)(948.0, 752.0);GATE
Port:(958.0, 652.0)(1009.0, 652.0)(1009.0, 656.0)(958.0, 656.0);SD
Module:M30
Boundary:(158.0, 495.0)(158.0, 571.0)(150.0, 571.0)(150.0, 586.0)(30.0, 586.0)(30.0, 495.0);GATE
Port:(30.0, 509.5)(40.0, 509.5)(40.0, 571.5)(30.0, 571.5);SD
Port:(158.0, 495.0)(158.0, 571.0)(150.0, 571.0)(150.0, 586.0)(45.0, 586.0)(45.0, 495.0);GATE
Port:(149.0, 505.0)(153.0, 505.0)(153.0, 556.0)(149.0, 556.0);SD
Module:M25
Boundary:(132.0, 354.0)(132.0, 430.0)(124.0, 430.0)(124.0, 445.0)(20.0, 445.0)(20.0, 354.0);GATE
Port:(20.0, 368.5)(30.0, 368.5)(30.0, 430.5)(20.0, 430.5);SD
Port:(132.0, 354.0)(132.0, 430.0)(124.0, 430.0)(124.0, 445.0)(35.0, 445.0)(35.0, 354.0);GATE
Port:(123.0, 364.0)(127.0, 364.0)(127.0, 415.0)(123.0, 415.0);SD
Module:M22
Boundary:(462.0, 382.0)(573.5, 382.0)(573.5, 394.0)(589.0, 394.0)(589.0, 464.0)(462.0, 464.0);GATE
Port:(476.5, 454.0)(574.5, 454.0)(574.5, 464.0)(476.5, 464.0);SD
Port:(462.0, 382.0)(573.5, 382.0)(573.5, 394.0)(589.0, 394.0)(589.0, 449.0)(462.0, 449.0);GATE
Port:(472.0, 387.0)(559.0, 387.0)(559.0, 391.0)(472.0, 391.0);SD
Module:M17
Boundary:(339.0, 789.0)(339.0, 882.5)(290.8, 882.5)(290.8, 916.0)(223.0, 916.0)(223.0, 789.0);GATE
Port:(223.0, 803.5)(233.0, 803.5)(233.0, 901.5)(223.0, 901.5);SD
Port:(339.0, 789.0)(339.0, 882.5)(290.8, 882.5)(290.8, 916.0)(238.0, 916.0)(238.0, 789.0);GATE
Port:(330.0, 799.0)(334.0, 799.0)(334.0, 868.0)(330.0, 868.0);SD
