Area:(2.3, -15.1)(480.4, -15.1)(480.4, 391.5)(2.3, 391.5)
Rule:GATE(5,5);SD(5,5);GATE_SD(0.5);GATE_ITO(0.5);SD_ITO(0.5)
Module:M1
Boundary:(156.3, 77.0)(156.3, 170.5)(146.3, 170.5)(146.3, 186.0)(42.3, 186.0)(42.3, 77.0);GATE
Port:(42.3, 91.5)(52.3, 91.5)(52.3, 171.5)(42.3, 171.5);SD
Port:(156.3, 77.0)(156.3, 170.5)(146.3, 170.5)(146.3, 186.0)(57.3, 186.0)(57.3, 77.0);GATE
Port:(147.3, 87.0)(151.3, 87.0)(151.3, 156.0)(147.3, 156.0);SD
Module:M2
Boundary:(249.2, 151.9)(249.2, 40.4)(261.2, 40.4)(261.2, 24.9)(396.2, 24.9)(396.2, 151.9);GATE
Port:(386.2, 39.4)(396.2, 39.4)(396.2, 137.4)(386.2, 137.4);SD
Port:(249.2, 151.9)(249.2, 40.4)(261.2, 40.4)(261.2, 24.9)(381.2, 24.9)(381.2, 151.9);GATE
Port:(254.2, 54.9)(258.2, 54.9)(258.2, 141.9)(254.2, 141.9);SD
Module:M3
Boundary:(162.6, 172.6)(235.6, 172.6)(235.6, 37.6)(162.6, 37.6);GATE
Port:(177.1, 37.6)(221.1, 37.6)(221.1, 47.6)(177.1, 47.6);SD
Port:(162.6, 172.6)(235.6, 172.6)(235.6, 52.6)(162.6, 52.6);GATE
Port:(172.6, 163.6)(225.6, 163.6)(225.6, 167.6)(172.6, 167.6);SD
Module:M4
Boundary:(241.1, 188.5)(241.1, 300.0)(182.6, 300.0)(182.6, 351.5)(50.1, 351.5)(50.1, 188.5);GATE
Port:(50.1, 203.0)(60.1, 203.0)(60.1, 337.0)(50.1, 337.0);SD
Port:(241.1, 188.5)(241.1, 300.0)(182.6, 300.0)(182.6, 351.5)(65.1, 351.5)(65.1, 188.5);GATE
Port:(232.1, 198.5)(236.1, 198.5)(236.1, 285.5)(232.1, 285.5);SD
Module:M5
Boundary:(440.4, 316.4)(440.4, 168.9)(424.4, 168.9)(424.4, 153.4)(247.4, 153.4)(247.4, 316.4);GATE
Port:(247.4, 167.9)(257.4, 167.9)(257.4, 301.9)(247.4, 301.9);SD
Port:(440.4, 316.4)(440.4, 168.9)(424.4, 168.9)(424.4, 153.4)(262.4, 153.4)(262.4, 316.4);GATE
Port:(431.4, 183.4)(435.4, 183.4)(435.4, 306.4)(431.4, 306.4);SD
