Area:(-20.0, -20.0)(641.9, -20.0)(641.9, 972.9)(-20.0, 972.9)
Rule:GATE(5,5);SD(5,5);GATE_SD(0.5);GATE_ITO(0.5);SD_ITO(0.5)
Module:M14
Boundary:(529.6, 317.1)(577.1, 317.1)(577.1, 322.0)(591.6, 322.0)(591.6, 391.0)(529.6, 391.0);GATE
Port:(541.3, 385.2)(579.9, 385.2)(579.9, 391.0)(541.3, 391.0);SD
Port:(529.6, 317.1)(577.1, 317.1)(577.1, 322.0)(591.6, 322.0)(591.6, 382.6)(529.6, 382.6);GATE
Port:(535.0, 321.5)(570.7, 321.5)(570.7, 326.5)(535.0, 326.5);SD
Module:M9
Boundary:(458.3, 448.3)(458.3, 501.6)(458.1, 501.6)(458.1, 519.3)(333.4, 519.3)(333.4, 448.3);GATE
Port:(333.4, 462.1)(339.3, 462.1)(339.3, 505.5)(333.4, 505.5);SD
Port:(458.3, 448.3)(458.3, 501.6)(458.1, 501.6)(458.1, 519.3)(340.7, 519.3)(340.7, 448.3);GATE
Port:(447.8, 454.2)(453.4, 454.2)(453.4, 495.7)(447.8, 495.7);SD
Module:M5
Boundary:(229.8, 718.6)(229.8, 817.2)(229.4, 817.2)(229.4, 833.1)(138.7, 833.1)(138.7, 718.6);GATE
Port:(138.7, 732.9)(143.5, 732.9)(143.5, 818.8)(138.7, 818.8);SD
Port:(229.8, 718.6)(229.8, 817.2)(229.4, 817.2)(229.4, 833.1)(146.3, 833.1)(146.3, 718.6);GATE
Port:(218.1, 725.3)(224.1, 725.3)(224.1, 810.5)(218.1, 810.5);SD
Module:M11
Boundary:(186.5, 20.0)(186.5, 103.5)(186.4, 103.5)(186.4, 120.4)(20.0, 120.4)(20.0, 20.0);GATE
Port:(20.0, 32.6)(24.3, 32.6)(24.3, 107.8)(20.0, 107.8);SD
Port:(186.5, 20.0)(186.5, 103.5)(186.4, 103.5)(186.4, 120.4)(26.2, 120.4)(26.2, 20.0);GATE
Port:(177.0, 26.3)(181.2, 26.3)(181.2, 97.2)(177.0, 97.2);SD
Module:M1
Boundary:(305.1, 276.6)(305.1, 371.6)(304.5, 371.6)(304.5, 387.5)(147.4, 387.5)(147.4, 276.6);GATE
Port:(147.4, 288.8)(153.0, 288.8)(153.0, 375.3)(147.4, 375.3);SD
Port:(305.1, 276.6)(305.1, 371.6)(304.5, 371.6)(304.5, 387.5)(155.6, 387.5)(155.6, 276.6);GATE
Port:(295.6, 281.7)(301.0, 281.7)(301.0, 366.5)(295.6, 366.5);SD
Module:M24
Boundary:(143.5, 559.8)(241.5, 559.8)(241.5, 607.1)(256.9, 607.1)(256.9, 678.6)(143.5, 678.6);GATE
Port:(155.8, 673.9)(244.6, 673.9)(244.6, 678.6)(155.8, 678.6);SD
Port:(143.5, 559.8)(241.5, 559.8)(241.5, 607.1)(256.9, 607.1)(256.9, 671.3)(143.5, 671.3);GATE
Port:(148.9, 564.2)(235.1, 564.2)(235.1, 569.3)(148.9, 569.3);SD
Module:M19
Boundary:(489.6, 184.1)(489.6, 264.1)(347.7, 264.1)(347.7, 184.1);GATE
Port:(347.7, 196.8)(353.5, 196.8)(353.5, 251.4)(347.7, 251.4);SD
Port:(489.6, 184.1)(489.6, 264.1)(354.9, 264.1)(354.9, 184.1);GATE
Port:(479.3, 189.2)(485.5, 189.2)(485.5, 259.0)(479.3, 259.0);SD
Module:M6
Boundary:(20.0, 465.1)(88.0, 465.1)(88.0, 516.3)(103.5, 516.3)(103.5, 619.8)(20.0, 619.8);GATE
Port:(33.5, 613.8)(90.0, 613.8)(90.0, 619.8)(33.5, 619.8);SD
Port:(20.0, 465.1)(88.0, 465.1)(88.0, 516.3)(103.5, 516.3)(103.5, 612.4)(20.0, 612.4);GATE
Port:(25.9, 470.0)(81.1, 470.0)(81.1, 476.3)(25.9, 476.3);SD
Module:M21
Boundary:(269.8, 729.9)(318.2, 729.9)(318.2, 730.0)(334.0, 730.0)(334.0, 929.5)(269.8, 929.5);GATE
Port:(282.3, 924.3)(321.5, 924.3)(321.5, 929.5)(282.3, 929.5);SD
Port:(269.8, 729.9)(318.2, 729.9)(318.2, 730.0)(334.0, 730.0)(334.0, 921.7)(269.8, 921.7);GATE
Port:(275.4, 734.5)(312.6, 734.5)(312.6, 740.5)(275.4, 740.5);SD
Module:M2
Boundary:(533.7, 20.0)(584.6, 20.0)(584.6, 90.9)(600.1, 90.9)(600.1, 161.5)(533.7, 161.5);GATE
Port:(547.4, 157.0)(586.4, 157.0)(586.4, 161.5)(547.4, 161.5);SD
Port:(533.7, 20.0)(584.6, 20.0)(584.6, 90.9)(600.1, 90.9)(600.1, 154.5)(533.7, 154.5);GATE
Port:(539.3, 24.6)(578.0, 24.6)(578.0, 30.5)(539.3, 30.5);SD
Module:M16
Boundary:(493.7, 20.0)(493.7, 127.4)(445.4, 127.4)(445.4, 144.1)(347.7, 144.1)(347.7, 20.0);GATE
Port:(347.7, 34.6)(352.2, 34.6)(352.2, 129.5)(347.7, 129.5);SD
Port:(493.7, 20.0)(493.7, 127.4)(445.4, 127.4)(445.4, 144.1)(354.2, 144.1)(354.2, 20.0);GATE
Port:(482.6, 26.7)(488.0, 26.7)(488.0, 119.7)(482.6, 119.7);SD
Module:M13
Boundary:(208.3, 873.1)(208.3, 909.4)(208.1, 909.4)(208.1, 925.3)(20.0, 925.3)(20.0, 873.1);GATE
Port:(20.0, 887.3)(24.6, 887.3)(24.6, 911.1)(20.0, 911.1);SD
Port:(208.3, 873.1)(208.3, 909.4)(208.1, 909.4)(208.1, 925.3)(26.3, 925.3)(26.3, 873.1);GATE
Port:(196.0, 879.4)(203.0, 879.4)(203.0, 903.1)(196.0, 903.1);SD
Module:M10
Boundary:(293.4, 427.5)(293.4, 502.9)(257.6, 502.9)(257.6, 519.8)(147.4, 519.8)(147.4, 427.5);GATE
Port:(147.4, 443.3)(152.9, 443.3)(152.9, 504.0)(147.4, 504.0);SD
Port:(293.4, 427.5)(293.4, 502.9)(257.6, 502.9)(257.6, 519.8)(154.1, 519.8)(154.1, 427.5);GATE
Port:(281.1, 434.1)(287.8, 434.1)(287.8, 495.3)(281.1, 495.3);SD
Module:M7
Boundary:(115.0, 160.4)(115.0, 209.1)(114.9, 209.1)(114.9, 223.8)(20.0, 223.8)(20.0, 160.4);GATE
Port:(20.0, 173.8)(24.2, 173.8)(24.2, 210.4)(20.0, 210.4);SD
Port:(115.0, 160.4)(115.0, 209.1)(114.9, 209.1)(114.9, 223.8)(26.9, 223.8)(26.9, 160.4);GATE
Port:(103.3, 167.3)(109.1, 167.3)(109.1, 202.2)(103.3, 202.2);SD
Module:M3
Boundary:(298.3, 160.4)(298.3, 218.2)(298.0, 218.2)(298.0, 236.6)(155.0, 236.6)(155.0, 160.4);GATE
Port:(155.0, 176.6)(160.9, 176.6)(160.9, 220.4)(155.0, 220.4);SD
Port:(298.3, 160.4)(298.3, 218.2)(298.0, 218.2)(298.0, 236.6)(163.6, 236.6)(163.6, 160.4);GATE
Port:(285.4, 166.8)(292.9, 166.8)(292.9, 211.8)(285.4, 211.8);SD
Module:M23
Boundary:(448.9, 559.8)(448.9, 671.7)(448.3, 671.7)(448.3, 689.9)(296.9, 689.9)(296.9, 559.8);GATE
Port:(296.9, 575.4)(302.6, 575.4)(302.6, 674.3)(296.9, 674.3);SD
Port:(448.9, 559.8)(448.9, 671.7)(448.3, 671.7)(448.3, 689.9)(305.0, 689.9)(305.0, 559.8);GATE
Port:(436.3, 566.5)(443.2, 566.5)(443.2, 665.0)(436.3, 665.0);SD
Module:M18
Boundary:(20.0, 659.8)(83.7, 659.8)(83.7, 729.7)(98.7, 729.7)(98.7, 820.2)(20.0, 820.2);GATE
Port:(31.4, 815.4)(87.3, 815.4)(87.3, 820.2)(31.4, 820.2);SD
Port:(20.0, 659.8)(83.7, 659.8)(83.7, 729.7)(98.7, 729.7)(98.7, 813.9)(20.0, 813.9);GATE
Port:(25.3, 664.1)(77.4, 664.1)(77.4, 669.0)(25.3, 669.0);SD
Module:M20
Boundary:(591.9, 448.3)(591.9, 517.2)(558.1, 517.2)(558.1, 532.1)(498.3, 532.1)(498.3, 448.3);GATE
Port:(498.3, 462.9)(503.4, 462.9)(503.4, 517.5)(498.3, 517.5);SD
Port:(591.9, 448.3)(591.9, 517.2)(558.1, 517.2)(558.1, 532.1)(505.6, 532.1)(505.6, 448.3);GATE
Port:(579.9, 455.0)(586.2, 455.0)(586.2, 509.5)(579.9, 509.5);SD
Module:M15
Boundary:(529.6, 201.5)(573.6, 201.5)(573.6, 201.6)(588.4, 201.6)(588.4, 277.1)(529.6, 277.1);GATE
Port:(540.7, 272.3)(577.3, 272.3)(577.3, 277.1)(540.7, 277.1);SD
Port:(529.6, 201.5)(573.6, 201.5)(573.6, 201.6)(588.4, 201.6)(588.4, 269.6)(529.6, 269.6);GATE
Port:(534.8, 205.7)(568.4, 205.7)(568.4, 210.4)(534.8, 210.4);SD
Module:M12
Boundary:(599.3, 572.1)(599.3, 683.8)(574.0, 683.8)(574.0, 701.0)(488.9, 701.0)(488.9, 572.1);GATE
Port:(488.9, 587.1)(494.9, 587.1)(494.9, 686.0)(488.9, 686.0);SD
Port:(599.3, 572.1)(599.3, 683.8)(574.0, 683.8)(574.0, 701.0)(496.9, 701.0)(496.9, 572.1);GATE
Port:(587.5, 578.6)(593.8, 578.6)(593.8, 676.3)(587.5, 676.3);SD
Module:M8
Boundary:(486.7, 304.1)(486.7, 392.2)(451.3, 392.2)(451.3, 408.3)(345.1, 408.3)(345.1, 304.1);GATE
Port:(345.1, 318.1)(349.6, 318.1)(349.6, 394.3)(345.1, 394.3);SD
Port:(486.7, 304.1)(486.7, 392.2)(451.3, 392.2)(451.3, 408.3)(352.1, 408.3)(352.1, 304.1);GATE
Port:(475.1, 310.4)(481.4, 310.4)(481.4, 384.9)(475.1, 384.9);SD
Module:M4
Boundary:(307.7, 20.0)(307.7, 86.3)(274.9, 86.3)(274.9, 100.9)(226.5, 100.9)(226.5, 20.0);GATE
Port:(226.5, 34.0)(231.3, 34.0)(231.3, 86.9)(226.5, 86.9);SD
Port:(307.7, 20.0)(307.7, 86.3)(274.9, 86.3)(274.9, 100.9)(233.7, 100.9)(233.7, 20.0);GATE
Port:(296.0, 25.6)(303.1, 25.6)(303.1, 79.7)(296.0, 79.7);SD
Module:M25
Boundary:(374.0, 741.0)(494.8, 741.0)(494.8, 922.9)(374.0, 922.9);GATE
Port:(388.0, 918.1)(480.8, 918.1)(480.8, 922.9)(388.0, 922.9);SD
Port:(374.0, 741.0)(494.8, 741.0)(494.8, 916.1)(374.0, 916.1);GATE
Port:(379.5, 745.5)(489.3, 745.5)(489.3, 752.7)(379.5, 752.7);SD
Module:M22
Boundary:(20.0, 263.8)(94.5, 263.8)(94.5, 359.5)(107.4, 359.5)(107.4, 425.1)(20.0, 425.1);GATE
Port:(32.8, 420.7)(94.6, 420.7)(94.6, 425.1)(32.8, 425.1);SD
Port:(20.0, 263.8)(94.5, 263.8)(94.5, 359.5)(107.4, 359.5)(107.4, 418.1)(20.0, 418.1);GATE
Port:(26.5, 269.3)(87.0, 269.3)(87.0, 274.4)(26.5, 274.4);SD
Module:M17
Boundary:(534.8, 741.0)(585.4, 741.0)(585.4, 741.3)(601.9, 741.3)(601.9, 932.9)(534.8, 932.9);GATE
Port:(548.8, 928.0)(587.9, 928.0)(587.9, 932.9)(548.8, 932.9);SD
Port:(534.8, 741.0)(585.4, 741.0)(585.4, 741.3)(601.9, 741.3)(601.9, 926.2)(534.8, 926.2);GATE
Port:(541.4, 746.6)(578.8, 746.6)(578.8, 751.8)(541.4, 751.8);SD
