Area:(-20.0, -20.0)(1023.2, -20.0)(1023.2, 1201.5)(-20.0, 1201.5)
Rule:GATE(5,5);SD(5,5);GATE_SD(0.5);GATE_ITO(0.5);SD_ITO(0.5)
Module:M14
Boundary:(497.4, 625.2)(542.4, 625.2)(542.4, 680.8)(555.7, 680.8)(555.7, 743.8)(497.4, 743.8);GATE
Port:(508.9, 738.3)(544.2, 738.3)(544.2, 743.8)(508.9, 743.8);SD
Port:(497.4, 625.2)(542.4, 625.2)(542.4, 680.8)(555.7, 680.8)(555.7, 735.3)(497.4, 735.3);GATE
Port:(502.7, 629.5)(536.1, 629.5)(536.1, 634.7)(502.7, 634.7);SD
Module:M9
Boundary:(533.7, 1030.3)(533.7, 1116.4)(533.2, 1116.4)(533.2, 1129.9)(437.7, 1129.9)(437.7, 1030.3);GATE
Port:(437.7, 1042.7)(441.9, 1042.7)(441.9, 1117.5)(437.7, 1117.5);SD
Port:(533.7, 1030.3)(533.7, 1116.4)(533.2, 1116.4)(533.2, 1129.9)(442.9, 1129.9)(442.9, 1030.3);GATE
Port:(522.9, 1036.2)(528.8, 1036.2)(528.8, 1110.5)(522.9, 1110.5);SD
Module:M5
Boundary:(131.3, 20.0)(198.2, 20.0)(198.2, 20.3)(213.5, 20.3)(213.5, 130.7)(131.3, 130.7);GATE
Port:(145.8, 125.7)(199.0, 125.7)(199.0, 130.7)(145.8, 130.7);SD
Port:(131.3, 20.0)(198.2, 20.0)(198.2, 20.3)(213.5, 20.3)(213.5, 123.9)(131.3, 123.9);GATE
Port:(138.3, 26.0)(191.2, 26.0)(191.2, 32.4)(138.3, 32.4);SD
Module:M11
Boundary:(457.4, 503.0)(457.4, 604.4)(367.6, 604.4)(367.6, 503.0);GATE
Port:(367.6, 518.0)(372.2, 518.0)(372.2, 589.4)(367.6, 589.4);SD
Port:(457.4, 503.0)(457.4, 604.4)(374.3, 604.4)(374.3, 503.0);GATE
Port:(445.5, 509.6)(451.8, 509.6)(451.8, 597.8)(445.5, 597.8);SD
Module:M1
Boundary:(636.5, 369.3)(636.5, 453.4)(636.3, 453.4)(636.3, 469.9)(520.5, 469.9)(520.5, 369.3);GATE
Port:(520.5, 383.4)(526.1, 383.4)(526.1, 455.8)(520.5, 455.8);SD
Port:(636.5, 369.3)(636.5, 453.4)(636.3, 453.4)(636.3, 469.9)(528.5, 469.9)(528.5, 369.3);GATE
Port:(625.4, 375.8)(631.0, 375.8)(631.0, 446.9)(625.4, 446.9);SD
Module:M43
Boundary:(302.2, 738.3)(302.2, 849.9)(176.5, 849.9)(176.5, 738.3);GATE
Port:(176.5, 751.2)(181.3, 751.2)(181.3, 837.0)(176.5, 837.0);SD
Port:(302.2, 738.3)(302.2, 849.9)(182.8, 849.9)(182.8, 738.3);GATE
Port:(291.5, 744.9)(296.6, 744.9)(296.6, 843.3)(291.5, 843.3);SD
Module:M38
Boundary:(298.4, 889.9)(298.4, 973.2)(269.7, 973.2)(269.7, 988.4)(178.2, 988.4)(178.2, 889.9);GATE
Port:(178.2, 903.5)(184.0, 903.5)(184.0, 974.8)(178.2, 974.8);SD
Port:(298.4, 889.9)(298.4, 973.2)(269.7, 973.2)(269.7, 988.4)(185.2, 988.4)(185.2, 889.9);GATE
Port:(288.0, 896.3)(293.0, 896.3)(293.0, 965.8)(288.0, 965.8);SD
Module:M40
Boundary:(967.4, 30.0)(967.4, 141.1)(891.2, 141.1)(891.2, 158.1)(787.2, 158.1)(787.2, 30.0);GATE
Port:(787.2, 45.6)(793.0, 45.6)(793.0, 142.5)(787.2, 142.5);SD
Port:(967.4, 30.0)(967.4, 141.1)(891.2, 141.1)(891.2, 158.1)(795.3, 158.1)(795.3, 30.0);GATE
Port:(955.0, 35.7)(962.7, 35.7)(962.7, 134.4)(955.0, 134.4);SD
Module:M35
Boundary:(834.0, 502.0)(834.0, 586.4)(834.0, 586.4)(834.0, 600.2)(676.5, 600.2)(676.5, 502.0);GATE
Port:(676.5, 513.5)(682.4, 513.5)(682.4, 588.7)(676.5, 588.7);SD
Port:(834.0, 502.0)(834.0, 586.4)(834.0, 586.4)(834.0, 600.2)(685.4, 600.2)(685.4, 502.0);GATE
Port:(824.4, 507.1)(829.9, 507.1)(829.9, 581.3)(824.4, 581.3);SD
Module:M32
Boundary:(861.4, 650.2)(861.4, 696.7)(861.2, 696.7)(861.2, 711.1)(735.2, 711.1)(735.2, 650.2);GATE
Port:(735.2, 662.6)(740.9, 662.6)(740.9, 698.7)(735.2, 698.7);SD
Port:(861.4, 650.2)(861.4, 696.7)(861.2, 696.7)(861.2, 711.1)(743.7, 711.1)(743.7, 650.2);GATE
Port:(850.6, 655.2)(857.4, 655.2)(857.4, 691.7)(850.6, 691.7);SD
Module:M27
Boundary:(983.2, 877.6)(983.2, 979.3)(909.7, 979.3)(909.7, 877.6);GATE
Port:(909.7, 891.6)(913.9, 891.6)(913.9, 965.3)(909.7, 965.3);SD
Port:(983.2, 877.6)(983.2, 979.3)(916.8, 979.3)(916.8, 877.6);GATE
Port:(971.7, 882.8)(979.0, 882.8)(979.0, 974.1)(971.7, 974.1);SD
Module:M24
Boundary:(20.0, 20.0)(78.4, 20.0)(78.4, 91.2)(91.3, 91.2)(91.3, 220.0)(20.0, 220.0);GATE
Port:(31.6, 216.0)(79.7, 216.0)(79.7, 220.0)(31.6, 220.0);SD
Port:(20.0, 20.0)(78.4, 20.0)(78.4, 91.2)(91.3, 91.2)(91.3, 214.1)(20.0, 214.1);GATE
Port:(25.9, 24.9)(71.5, 24.9)(71.5, 29.5)(25.9, 29.5);SD
Module:M19
Boundary:(206.4, 1076.3)(206.4, 1147.7)(30.0, 1147.7)(30.0, 1076.3);GATE
Port:(30.0, 1087.6)(34.7, 1087.6)(34.7, 1136.4)(30.0, 1136.4);SD
Port:(206.4, 1076.3)(206.4, 1147.7)(37.6, 1147.7)(37.6, 1076.3);GATE
Port:(196.8, 1081.4)(202.3, 1081.4)(202.3, 1142.6)(196.8, 1142.6);SD
Module:M6
Boundary:(138.2, 961.4)(138.2, 1012.2)(73.0, 1012.2)(73.0, 1026.3)(20.0, 1026.3)(20.0, 961.4);GATE
Port:(20.0, 975.6)(24.8, 975.6)(24.8, 1012.1)(20.0, 1012.1);SD
Port:(138.2, 961.4)(138.2, 1012.2)(73.0, 1012.2)(73.0, 1026.3)(26.3, 1026.3)(26.3, 961.4);GATE
Port:(126.1, 967.3)(133.3, 967.3)(133.3, 1005.3)(126.1, 1005.3);SD
Module:M21
Boundary:(872.5, 761.1)(872.5, 837.6)(726.5, 837.6)(726.5, 761.1);GATE
Port:(726.5, 776.8)(730.6, 776.8)(730.6, 821.9)(726.5, 821.9);SD
Port:(872.5, 761.1)(872.5, 837.6)(732.9, 837.6)(732.9, 761.1);GATE
Port:(860.1, 767.6)(867.0, 767.6)(867.0, 831.1)(860.1, 831.1);SD
Module:M2
Boundary:(397.7, 1030.3)(397.7, 1138.5)(318.4, 1138.5)(318.4, 1154.9)(256.4, 1154.9)(256.4, 1030.3);GATE
Port:(256.4, 1045.7)(262.3, 1045.7)(262.3, 1139.5)(256.4, 1139.5);SD
Port:(397.7, 1030.3)(397.7, 1138.5)(318.4, 1138.5)(318.4, 1154.9)(264.5, 1154.9)(264.5, 1030.3);GATE
Port:(385.2, 1036.8)(392.2, 1036.8)(392.2, 1131.0)(385.2, 1131.0);SD
Module:M16
Boundary:(153.5, 467.4)(153.5, 531.4)(98.6, 531.4)(98.6, 544.7)(20.0, 544.7)(20.0, 467.4);GATE
Port:(20.0, 481.3)(24.1, 481.3)(24.1, 530.8)(20.0, 530.8);SD
Port:(153.5, 467.4)(153.5, 531.4)(98.6, 531.4)(98.6, 544.7)(25.4, 544.7)(25.4, 467.4);GATE
Port:(141.1, 473.2)(148.7, 473.2)(148.7, 524.6)(141.1, 524.6);SD
Module:M13
Boundary:(136.5, 699.3)(136.5, 766.8)(136.1, 766.8)(136.1, 782.6)(20.0, 782.6)(20.0, 699.3);GATE
Port:(20.0, 714.2)(24.9, 714.2)(24.9, 767.7)(20.0, 767.7);SD
Port:(136.5, 699.3)(136.5, 766.8)(136.1, 766.8)(136.1, 782.6)(27.9, 782.6)(27.9, 699.3);GATE
Port:(124.1, 705.5)(131.3, 705.5)(131.3, 760.6)(124.1, 760.6);SD
Module:M45
Boundary:(726.5, 1009.1)(813.1, 1009.1)(813.1, 1009.6)(830.3, 1009.6)(830.3, 1161.5)(726.5, 1161.5);GATE
Port:(740.7, 1157.4)(816.1, 1157.4)(816.1, 1161.5)(740.7, 1161.5);SD
Port:(726.5, 1009.1)(813.1, 1009.1)(813.1, 1009.6)(830.3, 1009.6)(830.3, 1155.9)(726.5, 1155.9);GATE
Port:(731.7, 1013.3)(807.9, 1013.3)(807.9, 1020.3)(731.7, 1020.3);SD
Module:M10
Boundary:(731.3, 256.6)(731.3, 316.0)(661.1, 316.0)(661.1, 329.3)(534.6, 329.3)(534.6, 256.6);GATE
Port:(534.6, 268.3)(539.8, 268.3)(539.8, 317.6)(534.6, 317.6);SD
Port:(731.3, 256.6)(731.3, 316.0)(661.1, 316.0)(661.1, 329.3)(541.2, 329.3)(541.2, 256.6);GATE
Port:(721.6, 262.2)(726.7, 262.2)(726.7, 309.4)(721.6, 309.4);SD
Module:M42
Boundary:(349.9, 20.0)(349.9, 121.5)(307.1, 121.5)(307.1, 136.8)(253.5, 136.8)(253.5, 20.0);GATE
Port:(253.5, 34.4)(258.7, 34.4)(258.7, 122.4)(253.5, 122.4);SD
Port:(349.9, 20.0)(349.9, 121.5)(307.1, 121.5)(307.1, 136.8)(260.0, 136.8)(260.0, 20.0);GATE
Port:(338.4, 25.7)(345.2, 25.7)(345.2, 114.8)(338.4, 114.8);SD
Module:M37
Boundary:(327.6, 467.0)(327.6, 564.0)(193.5, 564.0)(193.5, 467.0);GATE
Port:(193.5, 482.1)(198.1, 482.1)(198.1, 548.9)(193.5, 548.9);SD
Port:(327.6, 467.0)(327.6, 564.0)(200.1, 564.0)(200.1, 467.0);GATE
Port:(314.4, 473.4)(322.2, 473.4)(322.2, 557.6)(314.4, 557.6);SD
Module:M34
Boundary:(20.0, 822.6)(120.3, 822.6)(120.3, 845.0)(135.6, 845.0)(135.6, 921.4)(20.0, 921.4);GATE
Port:(33.3, 916.2)(122.3, 916.2)(122.3, 921.4)(33.3, 921.4);SD
Port:(20.0, 822.6)(120.3, 822.6)(120.3, 845.0)(135.6, 845.0)(135.6, 914.6)(20.0, 914.6);GATE
Port:(26.3, 827.9)(113.0, 827.9)(113.0, 833.1)(26.3, 833.1);SD
Module:M29
Boundary:(912.5, 583.1)(972.4, 583.1)(972.4, 758.8)(912.5, 758.8);GATE
Port:(924.9, 754.7)(960.0, 754.7)(960.0, 758.8)(924.9, 758.8);SD
Port:(912.5, 583.1)(972.4, 583.1)(972.4, 752.8)(912.5, 752.8);GATE
Port:(918.7, 588.3)(966.2, 588.3)(966.2, 593.6)(918.7, 593.6);SD
Module:M7
Boundary:(531.7, 913.5)(531.7, 990.3)(344.2, 990.3)(344.2, 913.5);GATE
Port:(344.2, 926.1)(349.0, 926.1)(349.0, 977.7)(344.2, 977.7);SD
Port:(531.7, 913.5)(531.7, 990.3)(350.8, 990.3)(350.8, 913.5);GATE
Port:(520.8, 919.3)(526.9, 919.3)(526.9, 984.5)(520.8, 984.5);SD
Module:M31
Boundary:(350.7, 317.2)(350.7, 412.0)(350.4, 412.0)(350.4, 427.0)(131.3, 427.0)(131.3, 317.2);GATE
Port:(131.3, 331.5)(136.5, 331.5)(136.5, 412.7)(131.3, 412.7);SD
Port:(350.7, 317.2)(350.7, 412.0)(350.4, 412.0)(350.4, 427.0)(138.7, 427.0)(138.7, 317.2);GATE
Port:(338.7, 323.1)(345.8, 323.1)(345.8, 406.1)(338.7, 406.1);SD
Module:M3
Boundary:(534.1, 783.8)(534.1, 873.5)(344.2, 873.5)(344.2, 783.8);GATE
Port:(344.2, 796.4)(348.6, 796.4)(348.6, 860.9)(344.2, 860.9);SD
Port:(534.1, 783.8)(534.1, 873.5)(350.7, 873.5)(350.7, 783.8);GATE
Port:(523.1, 790.3)(528.6, 790.3)(528.6, 867.0)(523.1, 867.0);SD
Module:M26
Boundary:(950.2, 218.1)(950.2, 303.2)(893.9, 303.2)(893.9, 318.9)(781.3, 318.9)(781.3, 218.1);GATE
Port:(781.3, 231.4)(786.9, 231.4)(786.9, 305.6)(781.3, 305.6);SD
Port:(950.2, 218.1)(950.2, 303.2)(893.9, 303.2)(893.9, 318.9)(789.4, 318.9)(789.4, 218.1);GATE
Port:(939.7, 223.9)(945.4, 223.9)(945.4, 296.4)(939.7, 296.4);SD
Module:M23
Boundary:(897.8, 368.9)(964.5, 368.9)(964.5, 369.2)(981.8, 369.2)(981.8, 543.1)(897.8, 543.1);GATE
Port:(910.1, 538.7)(969.5, 538.7)(969.5, 543.1)(910.1, 543.1);SD
Port:(897.8, 368.9)(964.5, 368.9)(964.5, 369.2)(981.8, 369.2)(981.8, 537.1)(897.8, 537.1);GATE
Port:(903.2, 373.3)(959.1, 373.3)(959.1, 377.9)(903.2, 377.9);SD
Module:M18
Boundary:(399.9, 30.0)(469.6, 30.0)(469.6, 78.3)(484.6, 78.3)(484.6, 216.1)(399.9, 216.1);GATE
Port:(414.3, 211.7)(470.2, 211.7)(470.2, 216.1)(414.3, 216.1);SD
Port:(399.9, 30.0)(469.6, 30.0)(469.6, 78.3)(484.6, 78.3)(484.6, 210.0)(399.9, 210.0);GATE
Port:(406.2, 35.3)(462.3, 35.3)(462.3, 42.8)(406.2, 42.8);SD
Module:M20
Boundary:(329.1, 176.8)(329.1, 264.4)(294.6, 264.4)(294.6, 277.2)(131.3, 277.2)(131.3, 176.8);GATE
Port:(131.3, 189.0)(136.9, 189.0)(136.9, 265.0)(131.3, 265.0);SD
Port:(329.1, 176.8)(329.1, 264.4)(294.6, 264.4)(294.6, 277.2)(138.3, 277.2)(138.3, 176.8);GATE
Port:(318.8, 182.2)(324.7, 182.2)(324.7, 258.0)(318.8, 258.0);SD
Module:M15
Boundary:(870.3, 1019.3)(945.9, 1019.3)(945.9, 1019.3)(959.7, 1019.3)(959.7, 1156.2)(870.3, 1156.2);GATE
Port:(884.3, 1151.1)(945.7, 1151.1)(945.7, 1156.2)(884.3, 1156.2);SD
Port:(870.3, 1019.3)(945.9, 1019.3)(945.9, 1019.3)(959.7, 1019.3)(959.7, 1150.0)(870.3, 1150.0);GATE
Port:(876.8, 1024.8)(939.4, 1024.8)(939.4, 1031.4)(876.8, 1031.4);SD
Module:M12
Boundary:(595.7, 640.2)(672.4, 640.2)(672.4, 727.9)(685.2, 727.9)(685.2, 791.7)(595.7, 791.7);GATE
Port:(609.8, 786.9)(671.1, 786.9)(671.1, 791.7)(609.8, 791.7);SD
Port:(595.7, 640.2)(672.4, 640.2)(672.4, 727.9)(685.2, 727.9)(685.2, 784.6)(595.7, 784.6);GATE
Port:(601.8, 645.3)(665.3, 645.3)(665.3, 652.6)(601.8, 652.6);SD
Module:M44
Boundary:(304.2, 604.0)(304.2, 698.3)(193.5, 698.3)(193.5, 604.0);GATE
Port:(193.5, 617.4)(198.4, 617.4)(198.4, 684.9)(193.5, 684.9);SD
Port:(304.2, 604.0)(304.2, 698.3)(200.4, 698.3)(200.4, 604.0);GATE
Port:(292.5, 610.4)(298.8, 610.4)(298.8, 691.9)(292.5, 691.9);SD
Module:M39
Boundary:(584.1, 841.7)(676.5, 841.7)(676.5, 1003.5)(584.1, 1003.5);GATE
Port:(596.2, 998.8)(664.4, 998.8)(664.4, 1003.5)(596.2, 1003.5);SD
Port:(584.1, 841.7)(676.5, 841.7)(676.5, 997.1)(584.1, 997.1);GATE
Port:(589.6, 846.2)(671.0, 846.2)(671.0, 851.4)(589.6, 851.4);SD
Module:M8
Boundary:(711.6, 143.6)(711.6, 203.3)(602.8, 203.3)(602.8, 216.6)(534.6, 216.6)(534.6, 143.6);GATE
Port:(534.6, 155.6)(539.3, 155.6)(539.3, 204.6)(534.6, 204.6);SD
Port:(711.6, 143.6)(711.6, 203.3)(602.8, 203.3)(602.8, 216.6)(540.8, 216.6)(540.8, 143.6);GATE
Port:(702.2, 149.3)(706.9, 149.3)(706.9, 196.6)(702.2, 196.6);SD
Module:M41
Boundary:(20.0, 260.0)(64.5, 260.0)(64.5, 260.0)(78.5, 260.0)(78.5, 427.4)(20.0, 427.4);GATE
Port:(32.0, 421.4)(66.5, 421.4)(66.5, 427.4)(32.0, 427.4);SD
Port:(20.0, 260.0)(64.5, 260.0)(64.5, 260.0)(78.5, 260.0)(78.5, 419.9)(20.0, 419.9);GATE
Port:(26.3, 265.3)(58.2, 265.3)(58.2, 269.9)(26.3, 269.9);SD
Module:M4
Boundary:(621.6, 509.9)(621.6, 571.4)(590.8, 571.4)(590.8, 585.2)(520.5, 585.2)(520.5, 509.9);GATE
Port:(520.5, 522.3)(526.1, 522.3)(526.1, 572.8)(520.5, 572.8);SD
Port:(621.6, 509.9)(621.6, 571.4)(590.8, 571.4)(590.8, 585.2)(527.6, 585.2)(527.6, 509.9);GATE
Port:(611.6, 515.2)(617.3, 515.2)(617.3, 565.1)(611.6, 565.1);SD
Module:M36
Boundary:(390.7, 266.1)(464.1, 266.1)(464.1, 385.7)(480.5, 385.7)(480.5, 463.0)(390.7, 463.0);GATE
Port:(406.4, 457.9)(464.8, 457.9)(464.8, 463.0)(406.4, 463.0);SD
Port:(390.7, 266.1)(464.1, 266.1)(464.1, 385.7)(480.5, 385.7)(480.5, 455.8)(390.7, 455.8);GATE
Port:(396.3, 270.7)(457.5, 270.7)(457.5, 278.7)(396.3, 278.7);SD
Module:M33
Boundary:(574.1, 1053.5)(671.9, 1053.5)(671.9, 1158.6)(574.1, 1158.6);GATE
Port:(589.1, 1153.1)(656.9, 1153.1)(656.9, 1158.6)(589.1, 1158.6);SD
Port:(574.1, 1053.5)(671.9, 1053.5)(671.9, 1150.1)(574.1, 1150.1);GATE
Port:(580.9, 1059.3)(665.1, 1059.3)(665.1, 1065.9)(580.9, 1065.9);SD
Module:M28
Boundary:(857.8, 369.3)(857.8, 444.9)(780.1, 444.9)(780.1, 462.0)(676.5, 462.0)(676.5, 369.3);GATE
Port:(676.5, 384.9)(681.4, 384.9)(681.4, 446.4)(676.5, 446.4);SD
Port:(857.8, 369.3)(857.8, 444.9)(780.1, 444.9)(780.1, 462.0)(683.0, 462.0)(683.0, 369.3);GATE
Port:(845.4, 375.9)(852.2, 375.9)(852.2, 437.3)(845.4, 437.3);SD
Module:M30
Boundary:(367.6, 644.4)(432.4, 644.4)(432.4, 665.5)(447.9, 665.5)(447.9, 737.7)(367.6, 737.7);GATE
Port:(379.6, 732.0)(435.9, 732.0)(435.9, 737.7)(379.6, 737.7);SD
Port:(367.6, 644.4)(432.4, 644.4)(432.4, 665.5)(447.9, 665.5)(447.9, 729.7)(367.6, 729.7);GATE
Port:(372.7, 648.5)(426.3, 648.5)(426.3, 653.5)(372.7, 653.5);SD
Module:M25
Boundary:(737.2, 20.0)(737.2, 103.6)(534.6, 103.6)(534.6, 20.0);GATE
Port:(534.6, 32.1)(540.1, 32.1)(540.1, 91.5)(534.6, 91.5);SD
Port:(737.2, 20.0)(737.2, 103.6)(542.3, 103.6)(542.3, 20.0);GATE
Port:(728.4, 25.4)(732.8, 25.4)(732.8, 98.2)(728.4, 98.2);SD
Module:M22
Boundary:(869.7, 877.6)(869.7, 955.9)(834.2, 955.9)(834.2, 969.1)(726.5, 969.1)(726.5, 877.6);GATE
Port:(726.5, 891.6)(731.0, 891.6)(731.0, 955.1)(726.5, 955.1);SD
Port:(869.7, 877.6)(869.7, 955.9)(834.2, 955.9)(834.2, 969.1)(732.7, 969.1)(732.7, 877.6);GATE
Port:(857.7, 884.5)(863.8, 884.5)(863.8, 948.0)(857.7, 948.0);SD
Module:M17
Boundary:(139.9, 594.7)(139.9, 649.3)(30.0, 649.3)(30.0, 594.7);GATE
Port:(30.0, 610.4)(35.4, 610.4)(35.4, 633.6)(30.0, 633.6);SD
Port:(139.9, 594.7)(139.9, 649.3)(38.3, 649.3)(38.3, 594.7);GATE
Port:(127.4, 601.4)(134.2, 601.4)(134.2, 642.6)(127.4, 642.6);SD
