Area:(-20.0, -20.0)(259.4, -20.0)(259.4, 618.1)(-20.0, 618.1)
Rule:GATE(5,5);SD(5,5);GATE_SD(0.5);GATE_ITO(0.5);SD_ITO(0.5)
Module:M5
Boundary:(111.9, 210.8)(111.9, 276.9)(20.0, 276.9)(20.0, 210.8);GATE
Port:(20.0, 223.7)(24.0, 223.7)(24.0, 264.0)(20.0, 264.0);SD
Port:(111.9, 210.8)(111.9, 276.9)(26.0, 276.9)(26.0, 210.8);GATE
Port:(101.5, 216.9)(106.8, 216.9)(106.8, 270.8)(101.5, 270.8);SD
Module:M1
Boundary:(20.0, 20.0)(102.3, 20.0)(102.3, 20.0)(117.8, 20.0)(117.8, 170.8)(20.0, 170.8);GATE
Port:(34.3, 166.3)(103.5, 166.3)(103.5, 170.8)(34.3, 170.8);SD
Port:(20.0, 20.0)(102.3, 20.0)(102.3, 20.0)(117.8, 20.0)(117.8, 165.1)(20.0, 165.1);GATE
Port:(26.5, 25.5)(95.8, 25.5)(95.8, 32.0)(26.5, 32.0);SD
Module:M2
Boundary:(187.0, 316.9)(187.0, 406.9)(186.8, 406.9)(186.8, 421.4)(20.0, 421.4)(20.0, 316.9);GATE
Port:(20.0, 329.8)(25.7, 329.8)(25.7, 408.5)(20.0, 408.5);SD
Port:(187.0, 316.9)(187.0, 406.9)(186.8, 406.9)(186.8, 421.4)(28.2, 421.4)(28.2, 316.9);GATE
Port:(176.7, 322.6)(182.3, 322.6)(182.3, 401.2)(176.7, 401.2);SD
Module:M3
Boundary:(184.5, 461.4)(184.5, 578.1)(20.0, 578.1)(20.0, 461.4);GATE
Port:(20.0, 475.2)(25.7, 475.2)(25.7, 564.3)(20.0, 564.3);SD
Port:(184.5, 461.4)(184.5, 578.1)(26.8, 578.1)(26.8, 461.4);GATE
Port:(174.0, 467.8)(179.1, 467.8)(179.1, 571.7)(174.0, 571.7);SD
Module:M4
Boundary:(157.8, 20.0)(205.2, 20.0)(205.2, 97.6)(219.4, 97.6)(219.4, 199.7)(157.8, 199.7);GATE
Port:(170.3, 194.6)(206.9, 194.6)(206.9, 199.7)(170.3, 199.7);SD
Port:(157.8, 20.0)(205.2, 20.0)(205.2, 97.6)(219.4, 97.6)(219.4, 192.7)(157.8, 192.7);GATE
Port:(162.8, 24.0)(199.2, 24.0)(199.2, 30.3)(162.8, 30.3);SD
