Area:(-20.0, -20.0)(1066.0, -20.0)(1066.0, 629.0)(-20.0, 629.0)
Rule:GATE(5,5);SD(5,5);GATE_SD(0.5);GATE_ITO(0.5);SD_ITO(0.5)
Module:M14
Boundary:(570.0, 408.0)(570.0, 465.5)(501.6, 465.5)(501.6, 589.0)(385.0, 589.0)(385.0, 408.0);GATE
Port:(385.0, 422.5)(395.0, 422.5)(395.0, 574.5)(385.0, 574.5);SD
Port:(570.0, 408.0)(570.0, 465.5)(501.6, 465.5)(501.6, 589.0)(400.0, 589.0)(400.0, 408.0);GATE
Port:(561.0, 418.0)(565.0, 418.0)(565.0, 451.0)(561.0, 451.0);SD
Module:M9
Boundary:(410.0, 223.0)(410.0, 352.5)(396.0, 352.5)(396.0, 368.0)(241.0, 368.0)(241.0, 223.0);GATE
Port:(241.0, 237.5)(251.0, 237.5)(251.0, 353.5)(241.0, 353.5);SD
Port:(410.0, 223.0)(410.0, 352.5)(396.0, 352.5)(396.0, 368.0)(256.0, 368.0)(256.0, 223.0);GATE
Port:(401.0, 233.0)(405.0, 233.0)(405.0, 338.0)(401.0, 338.0);SD
Module:M5
Boundary:(804.0, 357.0)(877.0, 357.0)(877.0, 473.0)(804.0, 473.0);GATE
Port:(818.5, 463.0)(862.5, 463.0)(862.5, 473.0)(818.5, 473.0);SD
Port:(804.0, 357.0)(877.0, 357.0)(877.0, 458.0)(804.0, 458.0);GATE
Port:(814.0, 362.0)(867.0, 362.0)(867.0, 366.0)(814.0, 366.0);SD
Module:M11
Boundary:(795.0, 515.0)(795.0, 588.0)(610.0, 588.0)(610.0, 515.0);GATE
Port:(610.0, 529.5)(620.0, 529.5)(620.0, 573.5)(610.0, 573.5);SD
Port:(795.0, 515.0)(795.0, 588.0)(625.0, 588.0)(625.0, 515.0);GATE
Port:(786.0, 525.0)(790.0, 525.0)(790.0, 578.0)(786.0, 578.0);SD
Module:M1
Boundary:(1011.0, 514.0)(1011.0, 587.0)(835.0, 587.0)(835.0, 514.0);GATE
Port:(835.0, 528.5)(845.0, 528.5)(845.0, 572.5)(835.0, 572.5);SD
Port:(1011.0, 514.0)(1011.0, 587.0)(850.0, 587.0)(850.0, 514.0);GATE
Port:(1002.0, 524.0)(1006.0, 524.0)(1006.0, 577.0)(1002.0, 577.0);SD
Module:M19
Boundary:(434.0, 20.0)(545.5, 20.0)(545.5, 86.4)(651.0, 86.4)(651.0, 177.0)(434.0, 177.0);GATE
Port:(448.5, 167.0)(636.5, 167.0)(636.5, 177.0)(448.5, 177.0);SD
Port:(434.0, 20.0)(545.5, 20.0)(545.5, 86.4)(651.0, 86.4)(651.0, 162.0)(434.0, 162.0);GATE
Port:(444.0, 25.0)(531.0, 25.0)(531.0, 29.0)(444.0, 29.0);SD
Module:M6
Boundary:(20.0, 20.0)(149.5, 20.0)(149.5, 62.0)(201.0, 62.0)(201.0, 104.0)(20.0, 104.0);GATE
Port:(34.5, 94.0)(186.5, 94.0)(186.5, 104.0)(34.5, 104.0);SD
Port:(20.0, 20.0)(149.5, 20.0)(149.5, 62.0)(201.0, 62.0)(201.0, 89.0)(20.0, 89.0);GATE
Port:(30.0, 25.0)(135.0, 25.0)(135.0, 29.0)(30.0, 29.0);SD
Module:M2
Boundary:(863.0, 20.0)(863.0, 131.5)(851.0, 131.5)(851.0, 147.0)(691.0, 147.0)(691.0, 20.0);GATE
Port:(691.0, 34.5)(701.0, 34.5)(701.0, 132.5)(691.0, 132.5);SD
Port:(863.0, 20.0)(863.0, 131.5)(851.0, 131.5)(851.0, 147.0)(706.0, 147.0)(706.0, 20.0);GATE
Port:(854.0, 30.0)(858.0, 30.0)(858.0, 117.0)(854.0, 117.0);SD
Module:M16
Boundary:(764.0, 366.0)(764.0, 459.5)(754.0, 459.5)(754.0, 475.0)(610.0, 475.0)(610.0, 366.0);GATE
Port:(610.0, 380.5)(620.0, 380.5)(620.0, 460.5)(610.0, 460.5);SD
Port:(764.0, 366.0)(764.0, 459.5)(754.0, 459.5)(754.0, 475.0)(625.0, 475.0)(625.0, 366.0);GATE
Port:(755.0, 376.0)(759.0, 376.0)(759.0, 445.0)(755.0, 445.0);SD
Module:M13
Boundary:(691.0, 187.0)(820.5, 187.0)(820.5, 201.0)(836.0, 201.0)(836.0, 317.0)(691.0, 317.0);GATE
Port:(705.5, 307.0)(821.5, 307.0)(821.5, 317.0)(705.5, 317.0);SD
Port:(691.0, 187.0)(820.5, 187.0)(820.5, 201.0)(836.0, 201.0)(836.0, 302.0)(691.0, 302.0);GATE
Port:(701.0, 192.0)(806.0, 192.0)(806.0, 196.0)(701.0, 196.0);SD
Module:M10
Boundary:(20.0, 144.0)(149.5, 144.0)(149.5, 159.0)(165.0, 159.0)(165.0, 207.0)(20.0, 207.0);GATE
Port:(34.5, 197.0)(150.5, 197.0)(150.5, 207.0)(34.5, 207.0);SD
Port:(20.0, 144.0)(149.5, 144.0)(149.5, 159.0)(165.0, 159.0)(165.0, 192.0)(20.0, 192.0);GATE
Port:(30.0, 149.0)(135.0, 149.0)(135.0, 153.0)(30.0, 153.0);SD
Module:M7
Boundary:(345.0, 412.0)(345.0, 559.5)(329.0, 559.5)(329.0, 575.0)(187.0, 575.0)(187.0, 412.0);GATE
Port:(187.0, 426.5)(197.0, 426.5)(197.0, 560.5)(187.0, 560.5);SD
Port:(345.0, 412.0)(345.0, 559.5)(329.0, 559.5)(329.0, 575.0)(202.0, 575.0)(202.0, 412.0);GATE
Port:(336.0, 422.0)(340.0, 422.0)(340.0, 545.0)(336.0, 545.0);SD
Module:M3
Boundary:(20.0, 247.0)(149.5, 247.0)(149.5, 284.2)(201.0, 284.2)(201.0, 372.0)(20.0, 372.0);GATE
Port:(34.5, 362.0)(186.5, 362.0)(186.5, 372.0)(34.5, 372.0);SD
Port:(20.0, 247.0)(149.5, 247.0)(149.5, 284.2)(201.0, 284.2)(201.0, 357.0)(20.0, 357.0);GATE
Port:(30.0, 252.0)(135.0, 252.0)(135.0, 256.0)(30.0, 256.0);SD
Module:M18
Boundary:(917.0, 343.0)(1010.5, 343.0)(1010.5, 353.0)(1026.0, 353.0)(1026.0, 474.0)(917.0, 474.0);GATE
Port:(931.5, 464.0)(1011.5, 464.0)(1011.5, 474.0)(931.5, 474.0);SD
Port:(917.0, 343.0)(1010.5, 343.0)(1010.5, 353.0)(1026.0, 353.0)(1026.0, 459.0)(917.0, 459.0);GATE
Port:(927.0, 348.0)(996.0, 348.0)(996.0, 352.0)(927.0, 352.0);SD
Module:M20
Boundary:(394.0, 20.0)(394.0, 167.5)(378.0, 167.5)(378.0, 183.0)(241.0, 183.0)(241.0, 20.0);GATE
Port:(241.0, 34.5)(251.0, 34.5)(251.0, 168.5)(241.0, 168.5);SD
Port:(394.0, 20.0)(394.0, 167.5)(378.0, 167.5)(378.0, 183.0)(256.0, 183.0)(256.0, 20.0);GATE
Port:(385.0, 30.0)(389.0, 30.0)(389.0, 153.0)(385.0, 153.0);SD
Module:M15
Boundary:(646.0, 217.0)(646.0, 310.5)(636.0, 310.5)(636.0, 326.0)(450.0, 326.0)(450.0, 217.0);GATE
Port:(450.0, 231.5)(460.0, 231.5)(460.0, 311.5)(450.0, 311.5);SD
Port:(646.0, 217.0)(646.0, 310.5)(636.0, 310.5)(636.0, 326.0)(465.0, 326.0)(465.0, 217.0);GATE
Port:(637.0, 227.0)(641.0, 227.0)(641.0, 296.0)(637.0, 296.0);SD
Module:M12
Boundary:(903.0, 20.0)(996.5, 20.0)(996.5, 30.0)(1012.0, 30.0)(1012.0, 189.0)(903.0, 189.0);GATE
Port:(917.5, 179.0)(997.5, 179.0)(997.5, 189.0)(917.5, 189.0);SD
Port:(903.0, 20.0)(996.5, 20.0)(996.5, 30.0)(1012.0, 30.0)(1012.0, 174.0)(903.0, 174.0);GATE
Port:(913.0, 25.0)(982.0, 25.0)(982.0, 29.0)(913.0, 29.0);SD
Module:M8
Boundary:(876.0, 229.0)(1005.5, 229.0)(1005.5, 246.0)(1021.0, 246.0)(1021.0, 303.0)(876.0, 303.0);GATE
Port:(890.5, 293.0)(1006.5, 293.0)(1006.5, 303.0)(890.5, 303.0);SD
Port:(876.0, 229.0)(1005.5, 229.0)(1005.5, 246.0)(1021.0, 246.0)(1021.0, 288.0)(876.0, 288.0);GATE
Port:(886.0, 234.0)(991.0, 234.0)(991.0, 238.0)(886.0, 238.0);SD
Module:M4
Boundary:(20.0, 522.0)(131.5, 522.0)(131.5, 534.0)(147.0, 534.0)(147.0, 589.0)(20.0, 589.0);GATE
Port:(34.5, 579.0)(132.5, 579.0)(132.5, 589.0)(34.5, 589.0);SD
Port:(20.0, 522.0)(131.5, 522.0)(131.5, 534.0)(147.0, 534.0)(147.0, 574.0)(20.0, 574.0);GATE
Port:(30.0, 527.0)(117.0, 527.0)(117.0, 531.0)(30.0, 531.0);SD
Module:M17
Boundary:(20.0, 412.0)(93.0, 412.0)(93.0, 482.0)(20.0, 482.0);GATE
Port:(34.5, 472.0)(78.5, 472.0)(78.5, 482.0)(34.5, 482.0);SD
Port:(20.0, 412.0)(93.0, 412.0)(93.0, 467.0)(20.0, 467.0);GATE
Port:(30.0, 417.0)(83.0, 417.0)(83.0, 421.0)(30.0, 421.0);SD
