Area:(-20.0, -20.0)(336.0, -20.0)(336.0, 624.0)(-20.0, 624.0)
Rule:GATE(5,5);SD(5,5);GATE_SD(0.5);GATE_ITO(0.5);SD_ITO(0.5)
Module:M5
Boundary:(20.0, 20.0)(93.0, 20.0)(93.0, 95.0)(20.0, 95.0);GATE
Port:(34.5, 85.0)(78.5, 85.0)(78.5, 95.0)(34.5, 95.0);SD
Port:(20.0, 20.0)(93.0, 20.0)(93.0, 80.0)(20.0, 80.0);GATE
Port:(30.0, 25.0)(83.0, 25.0)(83.0, 29.0)(30.0, 29.0);SD
Module:M1
Boundary:(20.0, 135.0)(93.0, 135.0)(93.0, 321.0)(20.0, 321.0);GATE
Port:(34.5, 311.0)(78.5, 311.0)(78.5, 321.0)(34.5, 321.0);SD
Port:(20.0, 135.0)(93.0, 135.0)(93.0, 306.0)(20.0, 306.0);GATE
Port:(30.0, 140.0)(83.0, 140.0)(83.0, 144.0)(30.0, 144.0);SD
Module:M2
Boundary:(133.0, 242.0)(208.5, 242.0)(208.5, 302.6)(296.0, 302.6)(296.0, 417.0)(133.0, 417.0);GATE
Port:(147.5, 407.0)(281.5, 407.0)(281.5, 417.0)(147.5, 417.0);SD
Port:(133.0, 242.0)(208.5, 242.0)(208.5, 302.6)(296.0, 302.6)(296.0, 402.0)(133.0, 402.0);GATE
Port:(143.0, 247.0)(194.0, 247.0)(194.0, 251.0)(143.0, 251.0);SD
Module:M3
Boundary:(192.0, 457.0)(192.0, 568.5)(180.0, 568.5)(180.0, 584.0)(20.0, 584.0)(20.0, 457.0);GATE
Port:(20.0, 471.5)(30.0, 471.5)(30.0, 569.5)(20.0, 569.5);SD
Port:(192.0, 457.0)(192.0, 568.5)(180.0, 568.5)(180.0, 584.0)(35.0, 584.0)(35.0, 457.0);GATE
Port:(183.0, 467.0)(187.0, 467.0)(187.0, 554.0)(183.0, 554.0);SD
Module:M4
Boundary:(133.0, 20.0)(280.5, 20.0)(280.5, 36.0)(296.0, 36.0)(296.0, 202.0)(133.0, 202.0);GATE
Port:(147.5, 192.0)(281.5, 192.0)(281.5, 202.0)(147.5, 202.0);SD
Port:(133.0, 20.0)(280.5, 20.0)(280.5, 36.0)(296.0, 36.0)(296.0, 187.0)(133.0, 187.0);GATE
Port:(143.0, 25.0)(266.0, 25.0)(266.0, 29.0)(143.0, 29.0);SD
