Area:(2.9, -20.0)(550.0, -20.0)(550.0, 281.9)(2.9, 281.9)
Rule:GATE(5,5);SD(5,5);GATE_SD(0.5);GATE_ITO(0.5);SD_ITO(0.5)
Module:M3
Boundary:(198.9, 45.3)(198.9, 121.3)(190.8, 121.3)(190.8, 136.3)(42.9, 136.3)(42.9, 45.3);GATE
Port:(42.9, 59.8)(52.9, 59.8)(52.9, 121.8)(42.9, 121.8);SD
Port:(198.9, 45.3)(198.9, 121.3)(190.8, 121.3)(190.8, 136.3)(57.9, 136.3)(57.9, 45.3);GATE
Port:(189.9, 55.3)(193.9, 55.3)(193.9, 106.3)(189.9, 106.3);SD
Module:M1
Boundary:(331.6, 46.6)(331.6, 122.6)(323.6, 122.6)(323.6, 137.6)(222.6, 137.6)(222.6, 46.6);GATE
Port:(222.6, 61.1)(232.6, 61.1)(232.6, 123.1)(222.6, 123.1);SD
Port:(331.6, 46.6)(331.6, 122.6)(323.6, 122.6)(323.6, 137.6)(237.6, 137.6)(237.6, 46.6);GATE
Port:(322.6, 56.6)(326.6, 56.6)(326.6, 107.6)(322.6, 107.6);SD
Module:M5
Boundary:(383.0, 20.0)(494.5, 20.0)(494.5, 32.0)(510.0, 32.0)(510.0, 194.0)(383.0, 194.0);GATE
Port:(397.5, 184.0)(495.5, 184.0)(495.5, 194.0)(397.5, 194.0);SD
Port:(383.0, 20.0)(494.5, 20.0)(494.5, 32.0)(510.0, 32.0)(510.0, 179.0)(383.0, 179.0);GATE
Port:(393.0, 25.0)(480.0, 25.0)(480.0, 29.0)(393.0, 29.0);SD
Module:M2
Boundary:(189.7, 137.9)(60.1, 137.9)(60.1, 151.9)(44.6, 151.9)(44.6, 212.9)(189.7, 212.9);GATE
Port:(59.1, 202.9)(175.2, 202.9)(175.2, 212.9)(59.1, 212.9);SD
Port:(189.7, 137.9)(60.1, 137.9)(60.1, 151.9)(44.6, 151.9)(44.6, 197.9)(189.7, 197.9);GATE
Port:(74.7, 142.9)(179.7, 142.9)(179.7, 146.9)(74.7, 146.9);SD
Module:M4
Boundary:(227.1, 147.9)(338.6, 147.9)(338.6, 159.9)(354.1, 159.9)(354.1, 241.9)(227.1, 241.9);GATE
Port:(241.6, 231.9)(339.6, 231.9)(339.6, 241.9)(241.6, 241.9);SD
Port:(227.1, 147.9)(338.6, 147.9)(338.6, 159.9)(354.1, 159.9)(354.1, 226.9)(227.1, 226.9);GATE
Port:(237.1, 152.9)(324.1, 152.9)(324.1, 156.9)(237.1, 156.9);SD
