Area:(-20.0, -20.0)(499.4, -20.0)(499.4, 907.5)(-20.0, 907.5)
Rule:GATE(5,5);SD(5,5);GATE_SD(0.5);GATE_ITO(0.5);SD_ITO(0.5)
Module:M14
Boundary:(299.1, 621.9)(398.4, 621.9)(398.4, 649.9)(413.0, 649.9)(413.0, 692.0)(299.1, 692.0);GATE
Port:(313.6, 687.7)(398.5, 687.7)(398.5, 692.0)(313.6, 692.0);SD
Port:(299.1, 621.9)(398.4, 621.9)(398.4, 649.9)(413.0, 649.9)(413.0, 686.1)(299.1, 686.1);GATE
Port:(305.8, 627.6)(390.7, 627.6)(390.7, 634.4)(305.8, 634.4);SD
Module:M9
Boundary:(458.2, 302.0)(458.2, 423.8)(335.5, 423.8)(335.5, 302.0);GATE
Port:(335.5, 318.3)(340.6, 318.3)(340.6, 407.5)(335.5, 407.5);SD
Port:(458.2, 302.0)(458.2, 423.8)(341.8, 423.8)(341.8, 302.0);GATE
Port:(444.6, 308.6)(452.6, 308.6)(452.6, 417.2)(444.6, 417.2);SD
Module:M5
Boundary:(173.3, 398.7)(249.1, 398.7)(249.1, 589.6)(173.3, 589.6);GATE
Port:(189.2, 584.2)(233.2, 584.2)(233.2, 589.6)(189.2, 589.6);SD
Port:(173.3, 398.7)(249.1, 398.7)(249.1, 582.8)(173.3, 582.8);GATE
Port:(179.9, 404.3)(242.5, 404.3)(242.5, 411.7)(179.9, 411.7);SD
Module:M11
Boundary:(238.7, 631.9)(238.7, 720.0)(238.5, 720.0)(238.5, 733.9)(20.0, 733.9)(20.0, 631.9);GATE
Port:(20.0, 645.1)(24.6, 645.1)(24.6, 720.7)(20.0, 720.7);SD
Port:(238.7, 631.9)(238.7, 720.0)(238.5, 720.0)(238.5, 733.9)(27.2, 733.9)(27.2, 631.9);GATE
Port:(227.0, 637.9)(233.7, 637.9)(233.7, 714.0)(227.0, 714.0);SD
Module:M1
Boundary:(285.5, 281.5)(285.5, 332.7)(285.2, 332.7)(285.2, 348.7)(183.3, 348.7)(183.3, 281.5);GATE
Port:(183.3, 295.5)(187.8, 295.5)(187.8, 334.7)(183.3, 334.7);SD
Port:(285.5, 281.5)(285.5, 332.7)(285.2, 332.7)(285.2, 348.7)(190.2, 348.7)(190.2, 281.5);GATE
Port:(274.1, 287.3)(280.7, 287.3)(280.7, 326.9)(274.1, 326.9);SD
Module:M6
Boundary:(451.2, 742.0)(451.2, 844.8)(397.0, 844.8)(397.0, 860.5)(287.7, 860.5)(287.7, 742.0);GATE
Port:(287.7, 756.2)(293.6, 756.2)(293.6, 846.3)(287.7, 846.3);SD
Port:(451.2, 742.0)(451.2, 844.8)(397.0, 844.8)(397.0, 860.5)(296.6, 860.5)(296.6, 742.0);GATE
Port:(440.0, 748.9)(445.3, 748.9)(445.3, 836.9)(440.0, 836.9);SD
Module:M2
Boundary:(299.6, 157.0)(299.6, 214.1)(272.2, 214.1)(272.2, 231.5)(134.8, 231.5)(134.8, 157.0);GATE
Port:(134.8, 172.2)(139.5, 172.2)(139.5, 216.3)(134.8, 216.3);SD
Port:(299.6, 157.0)(299.6, 214.1)(272.2, 214.1)(272.2, 231.5)(141.9, 231.5)(141.9, 157.0);GATE
Port:(287.6, 163.3)(294.3, 163.3)(294.3, 206.8)(287.6, 206.8);SD
Module:M16
Boundary:(20.0, 20.0)(81.4, 20.0)(81.4, 58.9)(94.8, 58.9)(94.8, 239.3)(20.0, 239.3);GATE
Port:(32.4, 234.6)(82.4, 234.6)(82.4, 239.3)(32.4, 239.3);SD
Port:(20.0, 20.0)(81.4, 20.0)(81.4, 58.9)(94.8, 58.9)(94.8, 232.3)(20.0, 232.3);GATE
Port:(25.3, 24.3)(75.1, 24.3)(75.1, 30.9)(25.3, 30.9);SD
Module:M13
Boundary:(20.0, 493.8)(133.3, 493.8)(133.3, 591.9)(20.0, 591.9);GATE
Port:(33.1, 587.4)(120.2, 587.4)(120.2, 591.9)(33.1, 591.9);SD
Port:(20.0, 493.8)(133.3, 493.8)(133.3, 585.8)(20.0, 585.8);GATE
Port:(25.0, 497.8)(128.3, 497.8)(128.3, 504.7)(25.0, 504.7);SD
Module:M10
Boundary:(445.3, 157.0)(445.3, 246.0)(421.4, 246.0)(421.4, 262.0)(339.6, 262.0)(339.6, 157.0);GATE
Port:(339.6, 171.9)(345.3, 171.9)(345.3, 247.1)(339.6, 247.1);SD
Port:(445.3, 157.0)(445.3, 246.0)(421.4, 246.0)(421.4, 262.0)(346.6, 262.0)(346.6, 157.0);GATE
Port:(433.7, 163.7)(439.6, 163.7)(439.6, 238.3)(433.7, 238.3);SD
Module:M7
Boundary:(125.8, 369.7)(125.8, 437.2)(125.5, 437.2)(125.5, 453.8)(20.0, 453.8)(20.0, 369.7);GATE
Port:(20.0, 383.5)(25.2, 383.5)(25.2, 440.0)(20.0, 440.0);SD
Port:(125.8, 369.7)(125.8, 437.2)(125.5, 437.2)(125.5, 453.8)(28.0, 453.8)(28.0, 369.7);GATE
Port:(115.0, 374.9)(121.6, 374.9)(121.6, 432.0)(115.0, 432.0);SD
Module:M3
Boundary:(459.4, 20.0)(459.4, 117.0)(245.6, 117.0)(245.6, 20.0);GATE
Port:(245.6, 33.7)(251.4, 33.7)(251.4, 103.3)(245.6, 103.3);SD
Port:(459.4, 20.0)(459.4, 117.0)(252.6, 117.0)(252.6, 20.0);GATE
Port:(448.9, 26.7)(453.7, 26.7)(453.7, 110.3)(448.9, 110.3);SD
Module:M15
Boundary:(124.1, 279.3)(124.1, 314.2)(123.9, 314.2)(123.9, 329.7)(20.0, 329.7)(20.0, 279.3);GATE
Port:(20.0, 293.7)(24.2, 293.7)(24.2, 315.3)(20.0, 315.3);SD
Port:(124.1, 279.3)(124.1, 314.2)(123.9, 314.2)(123.9, 329.7)(25.4, 329.7)(25.4, 279.3);GATE
Port:(112.8, 285.7)(118.7, 285.7)(118.7, 307.8)(112.8, 307.8);SD
Module:M12
Boundary:(452.0, 463.8)(452.0, 557.7)(368.8, 557.7)(368.8, 571.9)(289.1, 571.9)(289.1, 463.8);GATE
Port:(289.1, 476.7)(294.7, 476.7)(294.7, 559.0)(289.1, 559.0);SD
Port:(452.0, 463.8)(452.0, 557.7)(368.8, 557.7)(368.8, 571.9)(296.0, 571.9)(296.0, 463.8);GATE
Port:(441.6, 469.4)(447.4, 469.4)(447.4, 551.1)(441.6, 551.1);SD
Module:M8
Boundary:(134.8, 20.0)(188.2, 20.0)(188.2, 20.3)(205.6, 20.3)(205.6, 94.3)(134.8, 94.3);GATE
Port:(149.3, 88.3)(191.1, 88.3)(191.1, 94.3)(149.3, 94.3);SD
Port:(134.8, 20.0)(188.2, 20.0)(188.2, 20.3)(205.6, 20.3)(205.6, 85.4)(134.8, 85.4);GATE
Port:(141.7, 25.9)(181.3, 25.9)(181.3, 31.6)(141.7, 31.6);SD
Module:M4
Boundary:(247.7, 773.9)(247.7, 853.8)(227.8, 853.8)(227.8, 867.5)(20.0, 867.5)(20.0, 773.9);GATE
Port:(20.0, 788.2)(25.7, 788.2)(25.7, 853.2)(20.0, 853.2);SD
Port:(247.7, 773.9)(247.7, 853.8)(227.8, 853.8)(227.8, 867.5)(28.7, 867.5)(28.7, 773.9);GATE
Port:(235.5, 780.6)(242.0, 780.6)(242.0, 846.1)(235.5, 846.1);SD
