Area:(-20.0, 23.4)(522.7, 23.4)(522.7, 1287.3)(-20.0, 1287.3)
Rule:GATE(5,5);SD(5,5);GATE_SD(0.5);GATE_ITO(0.5);SD_ITO(0.5)
Module:M8
Boundary:(204.7, 67.6)(204.7, 158.3)(175.4, 158.3)(175.4, 171.9)(34.5, 171.9)(34.5, 67.6);GATE
Port:(34.5, 80.2)(40.5, 80.2)(40.5, 159.3)(34.5, 159.3);SD
Port:(204.7, 67.6)(204.7, 158.3)(175.4, 158.3)(175.4, 171.9)(41.9, 171.9)(41.9, 67.6);GATE
Port:(194.8, 73.9)(199.4, 73.9)(199.4, 151.0)(194.8, 151.0);SD
Module:M17
Boundary:(336.6, 235.2)(435.2, 235.2)(435.2, 63.4)(336.6, 63.4);GATE
Port:(349.2, 63.4)(422.6, 63.4)(422.6, 68.4)(349.2, 68.4);SD
Port:(336.6, 235.2)(435.2, 235.2)(435.2, 70.6)(336.6, 70.6);GATE
Port:(341.8, 225.5)(430.0, 225.5)(430.0, 231.0)(341.8, 231.0);SD
Module:M9
Boundary:(330.3, 90.3)(222.2, 90.3)(222.2, 275.4)(330.3, 275.4);GATE
Port:(234.7, 270.2)(317.8, 270.2)(317.8, 275.4)(234.7, 275.4);SD
Port:(330.3, 90.3)(222.2, 90.3)(222.2, 268.8)(330.3, 268.8);GATE
Port:(227.4, 94.5)(325.1, 94.5)(325.1, 101.2)(227.4, 101.2);SD
Module:M14
Boundary:(178.7, 174.9)(178.7, 268.7)(178.5, 268.7)(178.5, 283.9)(20.0, 283.9)(20.0, 174.9);GATE
Port:(20.0, 187.8)(24.2, 187.8)(24.2, 271.0)(20.0, 271.0);SD
Port:(178.7, 174.9)(178.7, 268.7)(178.5, 268.7)(178.5, 283.9)(25.7, 283.9)(25.7, 174.9);GATE
Port:(168.2, 181.7)(172.9, 181.7)(172.9, 261.9)(168.2, 261.9);SD
Module:M12
Boundary:(224.3, 343.9)(224.3, 298.1)(290.5, 298.1)(290.5, 284.4)(379.1, 284.4)(379.1, 343.9);GATE
Port:(374.5, 295.8)(379.1, 295.8)(379.1, 332.5)(374.5, 332.5);SD
Port:(224.3, 343.9)(224.3, 298.1)(290.5, 298.1)(290.5, 284.4)(372.6, 284.4)(372.6, 343.9);GATE
Port:(228.6, 304.4)(233.9, 304.4)(233.9, 338.6)(228.6, 338.6);SD
Module:M7
Boundary:(482.7, 254.5)(447.2, 254.5)(447.2, 254.7)(429.2, 254.7)(429.2, 328.8)(482.7, 328.8);GATE
Port:(443.3, 324.0)(468.6, 324.0)(468.6, 328.8)(443.3, 328.8);SD
Port:(482.7, 254.5)(447.2, 254.5)(447.2, 254.7)(429.2, 254.7)(429.2, 322.5)(482.7, 322.5);GATE
Port:(453.3, 259.6)(476.6, 259.6)(476.6, 265.4)(453.3, 265.4);SD
Module:M5
Boundary:(367.3, 500.7)(367.3, 416.0)(367.0, 416.0)(367.0, 400.0)(235.2, 400.0)(235.2, 500.7);GATE
Port:(235.2, 415.2)(240.0, 415.2)(240.0, 485.5)(235.2, 485.5);SD
Port:(367.3, 500.7)(367.3, 416.0)(367.0, 416.0)(367.0, 400.0)(242.2, 400.0)(242.2, 500.7);GATE
Port:(354.6, 422.8)(361.5, 422.8)(361.5, 493.9)(354.6, 493.9);SD
Module:M18
Boundary:(45.3, 331.0)(89.6, 331.0)(89.6, 387.0)(102.2, 387.0)(102.2, 466.9)(45.3, 466.9);GATE
Port:(56.9, 461.4)(90.6, 461.4)(90.6, 466.9)(56.9, 466.9);SD
Port:(45.3, 331.0)(89.6, 331.0)(89.6, 387.0)(102.2, 387.0)(102.2, 459.2)(45.3, 459.2);GATE
Port:(50.8, 335.5)(83.1, 335.5)(83.1, 340.7)(50.8, 340.7);SD
Module:M20
Boundary:(226.6, 503.5)(162.6, 503.5)(162.6, 444.7)(148.3, 444.7)(148.3, 359.4)(226.6, 359.4);GATE
Port:(161.3, 359.4)(213.6, 359.4)(213.6, 365.2)(161.3, 365.2);SD
Port:(226.6, 503.5)(162.6, 503.5)(162.6, 444.7)(148.3, 444.7)(148.3, 368.2)(226.6, 368.2);GATE
Port:(168.6, 493.1)(221.6, 493.1)(221.6, 499.5)(168.6, 499.5);SD
Module:M2
Boundary:(458.1, 529.6)(402.2, 529.6)(402.2, 514.0)(385.1, 514.0)(385.1, 348.7)(458.1, 348.7);GATE
Port:(399.6, 348.7)(443.6, 348.7)(443.6, 354.1)(399.6, 354.1);SD
Port:(458.1, 529.6)(402.2, 529.6)(402.2, 514.0)(385.1, 514.0)(385.1, 355.3)(458.1, 355.3);GATE
Port:(409.3, 518.3)(452.0, 518.3)(452.0, 524.5)(409.3, 524.5);SD
Module:M11
Boundary:(260.0, 511.9)(260.0, 614.3)(367.7, 614.3)(367.7, 511.9);GATE
Port:(361.7, 526.6)(367.7, 526.6)(367.7, 599.6)(361.7, 599.6);SD
Port:(260.0, 511.9)(260.0, 614.3)(360.5, 614.3)(360.5, 511.9);GATE
Port:(265.4, 518.3)(271.3, 518.3)(271.3, 607.9)(265.4, 607.9);SD
Module:M16
Boundary:(222.5, 506.4)(222.5, 582.8)(133.8, 582.8)(133.8, 597.0)(22.5, 597.0)(22.5, 506.4);GATE
Port:(22.5, 518.1)(27.0, 518.1)(27.0, 585.2)(22.5, 585.2);SD
Port:(222.5, 506.4)(222.5, 582.8)(133.8, 582.8)(133.8, 597.0)(28.5, 597.0)(28.5, 506.4);GATE
Port:(213.5, 511.4)(218.5, 511.4)(218.5, 576.8)(213.5, 576.8);SD
Module:M4
Boundary:(383.8, 627.6)(383.8, 679.9)(365.9, 679.9)(365.9, 695.1)(180.5, 695.1)(180.5, 627.6);GATE
Port:(180.5, 641.3)(185.1, 641.3)(185.1, 681.4)(180.5, 681.4);SD
Port:(383.8, 627.6)(383.8, 679.9)(365.9, 679.9)(365.9, 695.1)(187.8, 695.1)(187.8, 627.6);GATE
Port:(372.3, 634.1)(378.3, 634.1)(378.3, 672.4)(372.3, 672.4);SD
Module:M13
Boundary:(410.3, 554.2)(475.8, 554.2)(475.8, 764.9)(410.3, 764.9);GATE
Port:(424.3, 760.1)(461.8, 760.1)(461.8, 764.9)(424.3, 764.9);SD
Port:(410.3, 554.2)(475.8, 554.2)(475.8, 759.0)(410.3, 759.0);GATE
Port:(416.1, 559.0)(470.0, 559.0)(470.0, 566.0)(416.1, 566.0);SD
Module:M24
Boundary:(300.4, 798.9)(300.4, 734.3)(242.4, 734.3)(242.4, 720.0)(178.9, 720.0)(178.9, 798.9);GATE
Port:(178.9, 732.7)(183.4, 732.7)(183.4, 786.2)(178.9, 786.2);SD
Port:(300.4, 798.9)(300.4, 734.3)(242.4, 734.3)(242.4, 720.0)(185.7, 720.0)(185.7, 798.9);GATE
Port:(289.6, 742.1)(294.6, 742.1)(294.6, 792.1)(289.6, 792.1);SD
Module:M19
Boundary:(158.6, 821.6)(47.0, 821.6)(47.0, 633.9)(158.6, 633.9);GATE
Port:(62.6, 633.9)(143.0, 633.9)(143.0, 638.1)(62.6, 638.1);SD
Port:(158.6, 821.6)(47.0, 821.6)(47.0, 640.6)(158.6, 640.6);GATE
Port:(53.5, 808.8)(152.1, 808.8)(152.1, 816.1)(53.5, 816.1);SD
Module:M6
Boundary:(42.2, 845.3)(42.2, 891.8)(159.4, 891.8)(159.4, 904.3)(263.1, 904.3)(263.1, 845.3);GATE
Port:(258.1, 858.0)(263.1, 858.0)(263.1, 891.6)(258.1, 891.6);SD
Port:(42.2, 845.3)(42.2, 891.8)(159.4, 891.8)(159.4, 904.3)(255.4, 904.3)(255.4, 845.3);GATE
Port:(47.0, 851.1)(53.3, 851.1)(53.3, 885.0)(47.0, 885.0);SD
Module:M25
Boundary:(280.9, 840.0)(332.4, 840.0)(332.4, 840.2)(349.6, 840.2)(349.6, 994.7)(280.9, 994.7);GATE
Port:(294.2, 989.5)(336.3, 989.5)(336.3, 994.7)(294.2, 994.7);SD
Port:(280.9, 840.0)(332.4, 840.0)(332.4, 840.2)(349.6, 840.2)(349.6, 988.1)(280.9, 988.1);GATE
Port:(286.9, 845.0)(326.4, 845.0)(326.4, 850.6)(286.9, 850.6);SD
Module:M22
Boundary:(251.5, 991.0)(251.5, 940.8)(123.6, 940.8)(123.6, 926.5)(44.8, 926.5)(44.8, 991.0);GATE
Port:(44.8, 939.7)(49.2, 939.7)(49.2, 977.8)(44.8, 977.8);SD
Port:(251.5, 991.0)(251.5, 940.8)(123.6, 940.8)(123.6, 926.5)(50.9, 926.5)(50.9, 991.0);GATE
Port:(240.0, 948.4)(245.9, 948.4)(245.9, 984.4)(240.0, 984.4);SD
Module:M1
Boundary:(461.8, 817.7)(366.5, 817.7)(366.5, 1024.6)(461.8, 1024.6);GATE
Port:(379.3, 1019.4)(449.0, 1019.4)(449.0, 1024.6)(379.3, 1024.6);SD
Port:(461.8, 817.7)(366.5, 817.7)(366.5, 1016.7)(461.8, 1016.7);GATE
Port:(372.7, 822.9)(455.6, 822.9)(455.6, 828.9)(372.7, 828.9);SD
Module:M3
Boundary:(134.0, 1056.1)(134.0, 1104.3)(213.3, 1104.3)(213.3, 1056.1);GATE
Port:(207.9, 1068.5)(213.3, 1068.5)(213.3, 1091.9)(207.9, 1091.9);SD
Port:(134.0, 1056.1)(134.0, 1104.3)(206.7, 1104.3)(206.7, 1056.1);GATE
Port:(138.1, 1061.2)(143.9, 1061.2)(143.9, 1099.2)(138.1, 1099.2);SD
Module:M21
Boundary:(43.8, 1042.3)(43.8, 1101.0)(43.9, 1101.0)(43.9, 1115.3)(117.0, 1115.3)(117.0, 1042.3);GATE
Port:(111.3, 1053.4)(117.0, 1053.4)(117.0, 1104.2)(111.3, 1104.2);SD
Port:(43.8, 1042.3)(43.8, 1101.0)(43.9, 1101.0)(43.9, 1115.3)(108.8, 1115.3)(108.8, 1042.3);GATE
Port:(49.0, 1048.5)(53.4, 1048.5)(53.4, 1094.8)(49.0, 1094.8);SD
Module:M23
Boundary:(246.8, 1242.3)(311.1, 1242.3)(311.1, 1048.5)(246.8, 1048.5);GATE
Port:(259.8, 1048.5)(298.1, 1048.5)(298.1, 1053.1)(259.8, 1053.1);SD
Port:(246.8, 1242.3)(311.1, 1242.3)(311.1, 1055.0)(246.8, 1055.0);GATE
Port:(252.1, 1230.8)(305.8, 1230.8)(305.8, 1238.0)(252.1, 1238.0);SD
Module:M10
Boundary:(371.0, 1247.3)(462.0, 1247.3)(462.0, 1153.3)(475.2, 1153.3)(475.2, 1064.6)(371.0, 1064.6);GATE
Port:(384.3, 1064.6)(461.9, 1064.6)(461.9, 1069.6)(384.3, 1069.6);SD
Port:(371.0, 1247.3)(462.0, 1247.3)(462.0, 1153.3)(475.2, 1153.3)(475.2, 1072.5)(371.0, 1072.5);GATE
Port:(377.8, 1235.6)(454.2, 1235.6)(454.2, 1241.5)(377.8, 1241.5);SD
Module:M15
Boundary:(20.0, 1163.6)(20.0, 1226.1)(20.2, 1226.1)(20.2, 1241.1)(214.5, 1241.1)(214.5, 1163.6);GATE
Port:(208.6, 1176.0)(214.5, 1176.0)(214.5, 1228.7)(208.6, 1228.7);SD
Port:(20.0, 1163.6)(20.0, 1226.1)(20.2, 1226.1)(20.2, 1241.1)(207.4, 1241.1)(207.4, 1163.6);GATE
Port:(25.4, 1170.0)(30.5, 1170.0)(30.5, 1219.7)(25.4, 1219.7);SD
