Area:(-20.0, -20.0)(596.7, -20.0)(596.7, 517.4)(-20.0, 517.4)
Rule:GATE(5,5);SD(5,5);GATE_SD(0.5);GATE_ITO(0.5);SD_ITO(0.5)
Module:M9
Boundary:(223.0, 274.4)(274.8, 274.4)(274.8, 460.2)(223.0, 460.2);GATE
Port:(237.4, 455.4)(260.4, 455.4)(260.4, 460.2)(237.4, 460.2);SD
Port:(223.0, 274.4)(274.8, 274.4)(274.8, 452.7)(223.0, 452.7);GATE
Port:(230.0, 280.4)(267.8, 280.4)(267.8, 287.0)(230.0, 287.0);SD
Module:M5
Boundary:(268.5, 30.0)(378.3, 30.0)(378.3, 30.7)(396.8, 30.7)(396.8, 221.6)(268.5, 221.6);GATE
Port:(283.1, 217.5)(382.2, 217.5)(382.2, 221.6)(283.1, 221.6);SD
Port:(268.5, 30.0)(378.3, 30.0)(378.3, 30.7)(396.8, 30.7)(396.8, 216.2)(268.5, 216.2);GATE
Port:(273.8, 34.3)(373.0, 34.3)(373.0, 41.1)(273.8, 41.1);SD
Module:M1
Boundary:(462.2, 348.1)(545.5, 348.1)(545.5, 455.4)(462.2, 455.4);GATE
Port:(475.5, 449.4)(532.2, 449.4)(532.2, 455.4)(475.5, 455.4);SD
Port:(462.2, 348.1)(545.5, 348.1)(545.5, 446.9)(462.2, 446.9);GATE
Port:(467.9, 352.8)(539.8, 352.8)(539.8, 358.6)(467.9, 358.6);SD
Module:M6
Boundary:(314.8, 271.6)(408.4, 271.6)(408.4, 307.8)(422.2, 307.8)(422.2, 477.4)(314.8, 477.4);GATE
Port:(328.4, 471.5)(408.6, 471.5)(408.6, 477.4)(328.4, 477.4);SD
Port:(314.8, 271.6)(408.4, 271.6)(408.4, 307.8)(422.2, 307.8)(422.2, 469.4)(314.8, 469.4);GATE
Port:(320.8, 276.6)(401.4, 276.6)(401.4, 282.5)(320.8, 282.5);SD
Module:M2
Boundary:(20.0, 392.4)(71.9, 392.4)(71.9, 414.3)(86.0, 414.3)(86.0, 462.9)(20.0, 462.9);GATE
Port:(34.5, 458.1)(71.5, 458.1)(71.5, 462.9)(34.5, 462.9);SD
Port:(20.0, 392.4)(71.9, 392.4)(71.9, 414.3)(86.0, 414.3)(86.0, 456.8)(20.0, 456.8);GATE
Port:(26.1, 397.5)(64.8, 397.5)(64.8, 405.2)(26.1, 405.2);SD
Module:M10
Boundary:(190.6, 158.2)(190.6, 208.3)(121.7, 208.3)(121.7, 224.4)(30.0, 224.4)(30.0, 158.2);GATE
Port:(30.0, 171.0)(34.0, 171.0)(34.0, 211.6)(30.0, 211.6);SD
Port:(190.6, 158.2)(190.6, 208.3)(121.7, 208.3)(121.7, 224.4)(35.3, 224.4)(35.3, 158.2);GATE
Port:(181.3, 163.4)(186.4, 163.4)(186.4, 202.1)(181.3, 202.1);SD
Module:M7
Boundary:(218.5, 20.0)(218.5, 108.2)(20.0, 108.2)(20.0, 20.0);GATE
Port:(20.0, 35.0)(25.4, 35.0)(25.4, 93.2)(20.0, 93.2);SD
Port:(218.5, 20.0)(218.5, 108.2)(27.1, 108.2)(27.1, 20.0);GATE
Port:(206.5, 26.5)(213.0, 26.5)(213.0, 101.7)(206.5, 101.7);SD
Module:M3
Boundary:(462.2, 181.6)(541.8, 181.6)(541.8, 181.8)(556.7, 181.8)(556.7, 308.1)(462.2, 308.1);GATE
Port:(476.3, 303.5)(542.6, 303.5)(542.6, 308.1)(476.3, 308.1);SD
Port:(462.2, 181.6)(541.8, 181.6)(541.8, 181.8)(556.7, 181.8)(556.7, 301.0)(462.2, 301.0);GATE
Port:(469.1, 187.5)(534.9, 187.5)(534.9, 193.5)(469.1, 193.5);SD
Module:M8
Boundary:(183.0, 274.4)(183.0, 338.9)(169.5, 338.9)(169.5, 352.4)(20.0, 352.4)(20.0, 274.4);GATE
Port:(20.0, 288.5)(25.8, 288.5)(25.8, 338.3)(20.0, 338.3);SD
Port:(183.0, 274.4)(183.0, 338.9)(169.5, 338.9)(169.5, 352.4)(27.5, 352.4)(27.5, 274.4);GATE
Port:(170.8, 281.2)(177.2, 281.2)(177.2, 331.1)(170.8, 331.1);SD
Module:M4
Boundary:(556.1, 20.0)(556.1, 125.3)(505.4, 125.3)(505.4, 141.6)(446.8, 141.6)(446.8, 20.0);GATE
Port:(446.8, 33.8)(451.5, 33.8)(451.5, 127.8)(446.8, 127.8);SD
Port:(556.1, 20.0)(556.1, 125.3)(505.4, 125.3)(505.4, 141.6)(453.6, 141.6)(453.6, 20.0);GATE
Port:(545.2, 26.3)(550.8, 26.3)(550.8, 118.0)(545.2, 118.0);SD
