Area:(-20.0, -20.0)(1805.0, -20.0)(1805.0, 922.0)(-20.0, 922.0)
Rule:GATE(5,5);SD(5,5);GATE_SD(0.5);GATE_ITO(0.5);SD_ITO(0.5)
Module:M14
Boundary:(1489.0, 438.0)(1600.5, 438.0)(1600.5, 450.0)(1616.0, 450.0)(1616.0, 526.0)(1489.0, 526.0);GATE
Port:(1503.5, 516.0)(1601.5, 516.0)(1601.5, 526.0)(1503.5, 526.0);SD
Port:(1489.0, 438.0)(1600.5, 438.0)(1600.5, 450.0)(1616.0, 450.0)(1616.0, 511.0)(1489.0, 511.0);GATE
Port:(1499.0, 443.0)(1586.0, 443.0)(1586.0, 447.0)(1499.0, 447.0);SD
Module:M9
Boundary:(773.0, 643.0)(846.0, 643.0)(846.0, 751.0)(773.0, 751.0);GATE
Port:(787.5, 741.0)(831.5, 741.0)(831.5, 751.0)(787.5, 751.0);SD
Port:(773.0, 643.0)(846.0, 643.0)(846.0, 736.0)(773.0, 736.0);GATE
Port:(783.0, 648.0)(836.0, 648.0)(836.0, 652.0)(783.0, 652.0);SD
Module:M5
Boundary:(1762.0, 794.0)(1762.0, 867.0)(1590.0, 867.0)(1590.0, 794.0);GATE
Port:(1590.0, 808.5)(1600.0, 808.5)(1600.0, 852.5)(1590.0, 852.5);SD
Port:(1762.0, 794.0)(1762.0, 867.0)(1605.0, 867.0)(1605.0, 794.0);GATE
Port:(1753.0, 804.0)(1757.0, 804.0)(1757.0, 857.0)(1753.0, 857.0);SD
Module:M11
Boundary:(1416.0, 20.0)(1416.0, 131.5)(1404.0, 131.5)(1404.0, 147.0)(1340.0, 147.0)(1340.0, 20.0);GATE
Port:(1340.0, 34.5)(1350.0, 34.5)(1350.0, 132.5)(1340.0, 132.5);SD
Port:(1416.0, 20.0)(1416.0, 131.5)(1404.0, 131.5)(1404.0, 147.0)(1355.0, 147.0)(1355.0, 20.0);GATE
Port:(1407.0, 30.0)(1411.0, 30.0)(1411.0, 117.0)(1407.0, 117.0);SD
Module:M1
Boundary:(894.0, 791.0)(894.0, 867.0)(886.0, 867.0)(886.0, 882.0)(762.0, 882.0)(762.0, 791.0);GATE
Port:(762.0, 805.5)(772.0, 805.5)(772.0, 867.5)(762.0, 867.5);SD
Port:(894.0, 791.0)(894.0, 867.0)(886.0, 867.0)(886.0, 882.0)(777.0, 882.0)(777.0, 791.0);GATE
Port:(885.0, 801.0)(889.0, 801.0)(889.0, 852.0)(885.0, 852.0);SD
Module:M43
Boundary:(494.0, 514.0)(494.0, 625.5)(482.0, 625.5)(482.0, 641.0)(412.0, 641.0)(412.0, 514.0);GATE
Port:(412.0, 528.5)(422.0, 528.5)(422.0, 626.5)(412.0, 626.5);SD
Port:(494.0, 514.0)(494.0, 625.5)(482.0, 625.5)(482.0, 641.0)(427.0, 641.0)(427.0, 514.0);GATE
Port:(485.0, 524.0)(489.0, 524.0)(489.0, 611.0)(485.0, 611.0);SD
Module:M38
Boundary:(1329.0, 752.0)(1329.0, 791.5)(1294.0, 791.5)(1294.0, 879.0)(1135.0, 879.0)(1135.0, 752.0);GATE
Port:(1135.0, 766.5)(1145.0, 766.5)(1145.0, 864.5)(1135.0, 864.5);SD
Port:(1329.0, 752.0)(1329.0, 791.5)(1294.0, 791.5)(1294.0, 879.0)(1150.0, 879.0)(1150.0, 752.0);GATE
Port:(1320.0, 762.0)(1324.0, 762.0)(1324.0, 777.0)(1320.0, 777.0);SD
Module:M40
Boundary:(1756.0, 581.0)(1756.0, 728.5)(1740.0, 728.5)(1740.0, 744.0)(1608.0, 744.0)(1608.0, 581.0);GATE
Port:(1608.0, 595.5)(1618.0, 595.5)(1618.0, 729.5)(1608.0, 729.5);SD
Port:(1756.0, 581.0)(1756.0, 728.5)(1740.0, 728.5)(1740.0, 744.0)(1623.0, 744.0)(1623.0, 581.0);GATE
Port:(1747.0, 591.0)(1751.0, 591.0)(1751.0, 714.0)(1747.0, 714.0);SD
Module:M35
Boundary:(1468.0, 187.0)(1468.0, 260.0)(1340.0, 260.0)(1340.0, 187.0);GATE
Port:(1340.0, 201.5)(1350.0, 201.5)(1350.0, 245.5)(1340.0, 245.5);SD
Port:(1468.0, 187.0)(1468.0, 260.0)(1355.0, 260.0)(1355.0, 187.0);GATE
Port:(1459.0, 197.0)(1463.0, 197.0)(1463.0, 250.0)(1459.0, 250.0);SD
Module:M32
Boundary:(30.0, 361.0)(106.0, 361.0)(106.0, 369.0)(121.0, 369.0)(121.0, 436.0)(30.0, 436.0);GATE
Port:(44.5, 426.0)(106.5, 426.0)(106.5, 436.0)(44.5, 436.0);SD
Port:(30.0, 361.0)(106.0, 361.0)(106.0, 369.0)(121.0, 369.0)(121.0, 421.0)(30.0, 421.0);GATE
Port:(40.0, 366.0)(91.0, 366.0)(91.0, 370.0)(40.0, 370.0);SD
Module:M27
Boundary:(1137.0, 20.0)(1230.5, 20.0)(1230.5, 62.2)(1300.0, 62.2)(1300.0, 128.0)(1137.0, 128.0);GATE
Port:(1151.5, 118.0)(1285.5, 118.0)(1285.5, 128.0)(1151.5, 128.0);SD
Port:(1137.0, 20.0)(1230.5, 20.0)(1230.5, 62.2)(1300.0, 62.2)(1300.0, 113.0)(1137.0, 113.0);GATE
Port:(1147.0, 25.0)(1216.0, 25.0)(1216.0, 29.0)(1147.0, 29.0);SD
Module:M24
Boundary:(872.0, 20.0)(872.0, 149.5)(858.0, 149.5)(858.0, 165.0)(731.0, 165.0)(731.0, 20.0);GATE
Port:(731.0, 34.5)(741.0, 34.5)(741.0, 150.5)(731.0, 150.5);SD
Port:(872.0, 20.0)(872.0, 149.5)(858.0, 149.5)(858.0, 165.0)(746.0, 165.0)(746.0, 20.0);GATE
Port:(863.0, 30.0)(867.0, 30.0)(867.0, 135.0)(863.0, 135.0);SD
Module:M19
Boundary:(759.0, 215.0)(835.0, 215.0)(835.0, 223.0)(850.0, 223.0)(850.0, 408.0)(759.0, 408.0);GATE
Port:(773.5, 398.0)(835.5, 398.0)(835.5, 408.0)(773.5, 408.0);SD
Port:(759.0, 215.0)(835.0, 215.0)(835.0, 223.0)(850.0, 223.0)(850.0, 393.0)(759.0, 393.0);GATE
Port:(769.0, 220.0)(820.0, 220.0)(820.0, 224.0)(769.0, 224.0);SD
Module:M6
Boundary:(1558.0, 566.0)(1558.0, 695.5)(1544.0, 695.5)(1544.0, 711.0)(1428.0, 711.0)(1428.0, 566.0);GATE
Port:(1428.0, 580.5)(1438.0, 580.5)(1438.0, 696.5)(1428.0, 696.5);SD
Port:(1558.0, 566.0)(1558.0, 695.5)(1544.0, 695.5)(1544.0, 711.0)(1443.0, 711.0)(1443.0, 566.0);GATE
Port:(1549.0, 576.0)(1553.0, 576.0)(1553.0, 681.0)(1549.0, 681.0);SD
Module:M21
Boundary:(1097.0, 20.0)(1097.0, 93.0)(912.0, 93.0)(912.0, 20.0);GATE
Port:(912.0, 34.5)(922.0, 34.5)(922.0, 78.5)(912.0, 78.5);SD
Port:(1097.0, 20.0)(1097.0, 93.0)(927.0, 93.0)(927.0, 20.0);GATE
Port:(1088.0, 30.0)(1092.0, 30.0)(1092.0, 83.0)(1088.0, 83.0);SD
Module:M2
Boundary:(1539.0, 20.0)(1539.0, 131.5)(1524.0, 131.5)(1524.0, 147.0)(1456.0, 147.0)(1456.0, 20.0);GATE
Port:(1456.0, 34.5)(1466.0, 34.5)(1466.0, 132.5)(1456.0, 132.5);SD
Port:(1539.0, 20.0)(1539.0, 131.5)(1524.0, 131.5)(1524.0, 147.0)(1471.0, 147.0)(1471.0, 20.0);GATE
Port:(1530.0, 30.0)(1534.0, 30.0)(1534.0, 117.0)(1530.0, 117.0);SD
Module:M16
Boundary:(1579.0, 20.0)(1652.0, 20.0)(1652.0, 182.0)(1579.0, 182.0);GATE
Port:(1593.5, 172.0)(1637.5, 172.0)(1637.5, 182.0)(1593.5, 182.0);SD
Port:(1579.0, 20.0)(1652.0, 20.0)(1652.0, 167.0)(1579.0, 167.0);GATE
Port:(1589.0, 25.0)(1642.0, 25.0)(1642.0, 29.0)(1589.0, 29.0);SD
Module:M13
Boundary:(733.0, 659.0)(733.0, 735.0)(725.0, 735.0)(725.0, 750.0)(534.0, 750.0)(534.0, 659.0);GATE
Port:(534.0, 673.5)(544.0, 673.5)(544.0, 735.5)(534.0, 735.5);SD
Port:(733.0, 659.0)(733.0, 735.0)(725.0, 735.0)(725.0, 750.0)(549.0, 750.0)(549.0, 659.0);GATE
Port:(724.0, 669.0)(728.0, 669.0)(728.0, 720.0)(724.0, 720.0);SD
Module:M45
Boundary:(373.0, 259.0)(373.0, 370.5)(361.0, 370.5)(361.0, 386.0)(205.0, 386.0)(205.0, 259.0);GATE
Port:(205.0, 273.5)(215.0, 273.5)(215.0, 371.5)(205.0, 371.5);SD
Port:(373.0, 259.0)(373.0, 370.5)(361.0, 370.5)(361.0, 386.0)(220.0, 386.0)(220.0, 259.0);GATE
Port:(364.0, 269.0)(368.0, 269.0)(368.0, 356.0)(364.0, 356.0);SD
Module:M10
Boundary:(546.0, 20.0)(657.5, 20.0)(657.5, 108.8)(691.0, 108.8)(691.0, 215.0)(546.0, 215.0);GATE
Port:(560.5, 205.0)(676.5, 205.0)(676.5, 215.0)(560.5, 215.0);SD
Port:(546.0, 20.0)(657.5, 20.0)(657.5, 108.8)(691.0, 108.8)(691.0, 200.0)(546.0, 200.0);GATE
Port:(556.0, 25.0)(643.0, 25.0)(643.0, 29.0)(556.0, 29.0);SD
Module:M42
Boundary:(1137.0, 168.0)(1230.5, 168.0)(1230.5, 220.7)(1300.0, 220.7)(1300.0, 297.0)(1137.0, 297.0);GATE
Port:(1151.5, 287.0)(1285.5, 287.0)(1285.5, 297.0)(1151.5, 297.0);SD
Port:(1137.0, 168.0)(1230.5, 168.0)(1230.5, 220.7)(1300.0, 220.7)(1300.0, 282.0)(1137.0, 282.0);GATE
Port:(1147.0, 173.0)(1216.0, 173.0)(1216.0, 177.0)(1147.0, 177.0);SD
Module:M37
Boundary:(104.0, 486.0)(104.0, 633.5)(88.0, 633.5)(88.0, 649.0)(20.0, 649.0)(20.0, 486.0);GATE
Port:(20.0, 500.5)(30.0, 500.5)(30.0, 634.5)(20.0, 634.5);SD
Port:(104.0, 486.0)(104.0, 633.5)(88.0, 633.5)(88.0, 649.0)(35.0, 649.0)(35.0, 486.0);GATE
Port:(95.0, 496.0)(99.0, 496.0)(99.0, 619.0)(95.0, 619.0);SD
Module:M34
Boundary:(863.0, 458.0)(863.0, 533.5)(817.3, 533.5)(817.3, 603.0)(747.0, 603.0)(747.0, 458.0);GATE
Port:(747.0, 472.5)(757.0, 472.5)(757.0, 588.5)(747.0, 588.5);SD
Port:(863.0, 458.0)(863.0, 533.5)(817.3, 533.5)(817.3, 603.0)(762.0, 603.0)(762.0, 458.0);GATE
Port:(854.0, 468.0)(858.0, 468.0)(858.0, 519.0)(854.0, 519.0);SD
Module:M29
Boundary:(1692.0, 20.0)(1765.0, 20.0)(1765.0, 171.0)(1692.0, 171.0);GATE
Port:(1706.5, 161.0)(1750.5, 161.0)(1750.5, 171.0)(1706.5, 171.0);SD
Port:(1692.0, 20.0)(1765.0, 20.0)(1765.0, 156.0)(1692.0, 156.0);GATE
Port:(1702.0, 25.0)(1755.0, 25.0)(1755.0, 29.0)(1702.0, 29.0);SD
Module:M7
Boundary:(20.0, 20.0)(167.5, 20.0)(167.5, 36.0)(183.0, 36.0)(183.0, 170.0)(20.0, 170.0);GATE
Port:(34.5, 160.0)(168.5, 160.0)(168.5, 170.0)(34.5, 170.0);SD
Port:(20.0, 20.0)(167.5, 20.0)(167.5, 36.0)(183.0, 36.0)(183.0, 155.0)(20.0, 155.0);GATE
Port:(30.0, 25.0)(153.0, 25.0)(153.0, 29.0)(30.0, 29.0);SD
Module:M31
Boundary:(20.0, 210.0)(149.5, 210.0)(149.5, 224.0)(165.0, 224.0)(165.0, 311.0)(20.0, 311.0);GATE
Port:(34.5, 301.0)(150.5, 301.0)(150.5, 311.0)(34.5, 311.0);SD
Port:(20.0, 210.0)(149.5, 210.0)(149.5, 224.0)(165.0, 224.0)(165.0, 296.0)(20.0, 296.0);GATE
Port:(30.0, 215.0)(135.0, 215.0)(135.0, 219.0)(30.0, 219.0);SD
Module:M3
Boundary:(1135.0, 519.0)(1246.5, 519.0)(1246.5, 663.5)(1388.0, 663.5)(1388.0, 712.0)(1135.0, 712.0);GATE
Port:(1149.5, 702.0)(1373.5, 702.0)(1373.5, 712.0)(1149.5, 712.0);SD
Port:(1135.0, 519.0)(1246.5, 519.0)(1246.5, 663.5)(1388.0, 663.5)(1388.0, 697.0)(1135.0, 697.0);GATE
Port:(1145.0, 524.0)(1232.0, 524.0)(1232.0, 528.0)(1145.0, 528.0);SD
Module:M26
Boundary:(181.0, 436.0)(274.5, 436.0)(274.5, 503.0)(362.0, 503.0)(362.0, 626.0)(181.0, 626.0);GATE
Port:(195.5, 616.0)(347.5, 616.0)(347.5, 626.0)(195.5, 626.0);SD
Port:(181.0, 436.0)(274.5, 436.0)(274.5, 503.0)(362.0, 503.0)(362.0, 611.0)(181.0, 611.0);GATE
Port:(191.0, 441.0)(260.0, 441.0)(260.0, 445.0)(191.0, 445.0);SD
Module:M23
Boundary:(722.0, 790.0)(722.0, 866.0)(714.0, 866.0)(714.0, 881.0)(534.0, 881.0)(534.0, 790.0);GATE
Port:(534.0, 804.5)(544.0, 804.5)(544.0, 866.5)(534.0, 866.5);SD
Port:(722.0, 790.0)(722.0, 866.0)(714.0, 866.0)(714.0, 881.0)(549.0, 881.0)(549.0, 790.0);GATE
Port:(713.0, 800.0)(717.0, 800.0)(717.0, 851.0)(713.0, 851.0);SD
Module:M18
Boundary:(922.0, 143.0)(1069.5, 143.0)(1069.5, 160.0)(1085.0, 160.0)(1085.0, 248.0)(922.0, 248.0);GATE
Port:(936.5, 238.0)(1070.5, 238.0)(1070.5, 248.0)(936.5, 248.0);SD
Port:(922.0, 143.0)(1069.5, 143.0)(1069.5, 160.0)(1085.0, 160.0)(1085.0, 233.0)(922.0, 233.0);GATE
Port:(932.0, 148.0)(1055.0, 148.0)(1055.0, 152.0)(932.0, 152.0);SD
Module:M20
Boundary:(20.0, 689.0)(167.5, 689.0)(167.5, 707.0)(183.0, 707.0)(183.0, 882.0)(20.0, 882.0);GATE
Port:(34.5, 872.0)(168.5, 872.0)(168.5, 882.0)(34.5, 882.0);SD
Port:(20.0, 689.0)(167.5, 689.0)(167.5, 707.0)(183.0, 707.0)(183.0, 867.0)(20.0, 867.0);GATE
Port:(30.0, 694.0)(153.0, 694.0)(153.0, 698.0)(30.0, 698.0);SD
Module:M15
Boundary:(1090.0, 298.0)(1090.0, 409.5)(941.0, 409.5)(941.0, 713.0)(903.0, 713.0)(903.0, 298.0);GATE
Port:(903.0, 312.5)(913.0, 312.5)(913.0, 698.5)(903.0, 698.5);SD
Port:(1090.0, 298.0)(1090.0, 409.5)(941.0, 409.5)(941.0, 713.0)(918.0, 713.0)(918.0, 298.0);GATE
Port:(1081.0, 308.0)(1085.0, 308.0)(1085.0, 395.0)(1081.0, 395.0);SD
Module:M12
Boundary:(413.0, 410.0)(489.0, 410.0)(489.0, 418.0)(504.0, 418.0)(504.0, 474.0)(413.0, 474.0);GATE
Port:(427.5, 464.0)(489.5, 464.0)(489.5, 474.0)(427.5, 474.0);SD
Port:(413.0, 410.0)(489.0, 410.0)(489.0, 418.0)(504.0, 418.0)(504.0, 459.0)(413.0, 459.0);GATE
Port:(423.0, 415.0)(474.0, 415.0)(474.0, 419.0)(423.0, 419.0);SD
Module:M44
Boundary:(504.0, 225.0)(504.0, 354.5)(490.0, 354.5)(490.0, 370.0)(413.0, 370.0)(413.0, 225.0);GATE
Port:(413.0, 239.5)(423.0, 239.5)(423.0, 355.5)(413.0, 355.5);SD
Port:(504.0, 225.0)(504.0, 354.5)(490.0, 354.5)(490.0, 370.0)(428.0, 370.0)(428.0, 225.0);GATE
Port:(495.0, 235.0)(499.0, 235.0)(499.0, 340.0)(495.0, 340.0);SD
Module:M39
Boundary:(1518.0, 232.0)(1665.5, 232.0)(1665.5, 336.3)(1753.0, 336.3)(1753.0, 388.0)(1518.0, 388.0);GATE
Port:(1532.5, 378.0)(1738.5, 378.0)(1738.5, 388.0)(1532.5, 388.0);SD
Port:(1518.0, 232.0)(1665.5, 232.0)(1665.5, 336.3)(1753.0, 336.3)(1753.0, 373.0)(1518.0, 373.0);GATE
Port:(1528.0, 237.0)(1651.0, 237.0)(1651.0, 241.0)(1528.0, 241.0);SD
Module:M8
Boundary:(1093.0, 753.0)(1093.0, 864.5)(1081.0, 864.5)(1081.0, 880.0)(934.0, 880.0)(934.0, 753.0);GATE
Port:(934.0, 767.5)(944.0, 767.5)(944.0, 865.5)(934.0, 865.5);SD
Port:(1093.0, 753.0)(1093.0, 864.5)(1081.0, 864.5)(1081.0, 880.0)(949.0, 880.0)(949.0, 753.0);GATE
Port:(1084.0, 763.0)(1088.0, 763.0)(1088.0, 850.0)(1084.0, 850.0);SD
Module:M41
Boundary:(1656.0, 438.0)(1749.5, 438.0)(1749.5, 448.0)(1765.0, 448.0)(1765.0, 531.0)(1656.0, 531.0);GATE
Port:(1670.5, 521.0)(1750.5, 521.0)(1750.5, 531.0)(1670.5, 531.0);SD
Port:(1656.0, 438.0)(1749.5, 438.0)(1749.5, 448.0)(1765.0, 448.0)(1765.0, 516.0)(1656.0, 516.0);GATE
Port:(1666.0, 443.0)(1735.0, 443.0)(1735.0, 447.0)(1666.0, 447.0);SD
Module:M4
Boundary:(349.0, 20.0)(349.0, 131.5)(288.0, 131.5)(288.0, 219.0)(223.0, 219.0)(223.0, 20.0);GATE
Port:(223.0, 34.5)(233.0, 34.5)(233.0, 204.5)(223.0, 204.5);SD
Port:(349.0, 20.0)(349.0, 131.5)(288.0, 131.5)(288.0, 219.0)(238.0, 219.0)(238.0, 20.0);GATE
Port:(340.0, 30.0)(344.0, 30.0)(344.0, 117.0)(340.0, 117.0);SD
Module:M36
Boundary:(546.0, 255.0)(603.5, 255.0)(603.5, 308.4)(709.0, 308.4)(709.0, 388.0)(546.0, 388.0);GATE
Port:(560.5, 378.0)(694.5, 378.0)(694.5, 388.0)(560.5, 388.0);SD
Port:(546.0, 255.0)(603.5, 255.0)(603.5, 308.4)(709.0, 308.4)(709.0, 373.0)(546.0, 373.0);GATE
Port:(556.0, 260.0)(589.0, 260.0)(589.0, 264.0)(556.0, 264.0);SD
Module:M33
Boundary:(544.0, 428.0)(691.5, 428.0)(691.5, 444.0)(707.0, 444.0)(707.0, 619.0)(544.0, 619.0);GATE
Port:(558.5, 609.0)(692.5, 609.0)(692.5, 619.0)(558.5, 619.0);SD
Port:(544.0, 428.0)(691.5, 428.0)(691.5, 444.0)(707.0, 444.0)(707.0, 604.0)(544.0, 604.0);GATE
Port:(554.0, 433.0)(677.0, 433.0)(677.0, 437.0)(554.0, 437.0);SD
Module:M28
Boundary:(1137.0, 337.0)(1266.5, 337.0)(1266.5, 348.0)(1300.0, 348.0)(1300.0, 479.0)(1137.0, 479.0);GATE
Port:(1151.5, 469.0)(1285.5, 469.0)(1285.5, 479.0)(1151.5, 479.0);SD
Port:(1137.0, 337.0)(1266.5, 337.0)(1266.5, 348.0)(1300.0, 348.0)(1300.0, 464.0)(1137.0, 464.0);GATE
Port:(1147.0, 342.0)(1252.0, 342.0)(1252.0, 346.0)(1147.0, 346.0);SD
Module:M30
Boundary:(1340.0, 300.0)(1433.5, 300.0)(1433.5, 310.0)(1449.0, 310.0)(1449.0, 471.0)(1340.0, 471.0);GATE
Port:(1354.5, 461.0)(1434.5, 461.0)(1434.5, 471.0)(1354.5, 471.0);SD
Port:(1340.0, 300.0)(1433.5, 300.0)(1433.5, 310.0)(1449.0, 310.0)(1449.0, 456.0)(1340.0, 456.0);GATE
Port:(1350.0, 305.0)(1419.0, 305.0)(1419.0, 309.0)(1350.0, 309.0);SD
Module:M25
Boundary:(223.0, 681.0)(298.5, 681.0)(298.5, 790.8)(494.0, 790.8)(494.0, 881.0)(223.0, 881.0);GATE
Port:(237.5, 871.0)(479.5, 871.0)(479.5, 881.0)(237.5, 881.0);SD
Port:(223.0, 681.0)(298.5, 681.0)(298.5, 790.8)(494.0, 790.8)(494.0, 866.0)(223.0, 866.0);GATE
Port:(233.0, 686.0)(284.0, 686.0)(284.0, 690.0)(233.0, 690.0);SD
Module:M22
Boundary:(1369.0, 752.0)(1462.5, 752.0)(1462.5, 796.0)(1550.0, 796.0)(1550.0, 882.0)(1369.0, 882.0);GATE
Port:(1383.5, 872.0)(1535.5, 872.0)(1535.5, 882.0)(1383.5, 882.0);SD
Port:(1369.0, 752.0)(1462.5, 752.0)(1462.5, 796.0)(1550.0, 796.0)(1550.0, 867.0)(1369.0, 867.0);GATE
Port:(1379.0, 757.0)(1448.0, 757.0)(1448.0, 761.0)(1379.0, 761.0);SD
Module:M17
Boundary:(496.0, 30.0)(496.0, 159.5)(482.0, 159.5)(482.0, 175.0)(399.0, 175.0)(399.0, 30.0);GATE
Port:(399.0, 44.5)(409.0, 44.5)(409.0, 160.5)(399.0, 160.5);SD
Port:(496.0, 30.0)(496.0, 159.5)(482.0, 159.5)(482.0, 175.0)(414.0, 175.0)(414.0, 30.0);GATE
Port:(487.0, 40.0)(491.0, 40.0)(491.0, 145.0)(487.0, 145.0);SD
