Area:(-20.0, -20.0)(1900.0, -20.0)(1900.0, 806.0)(-20.0, 806.0)
Rule:GATE(5,5);SD(5,5);GATE_SD(0.5);GATE_ITO(0.5);SD_ITO(0.5)
Module:M14
Boundary:(742.0, 413.0)(799.5, 413.0)(799.5, 532.0)(1031.0, 532.0)(1031.0, 596.0)(742.0, 596.0);GATE
Port:(756.5, 586.0)(1016.5, 586.0)(1016.5, 596.0)(756.5, 596.0);SD
Port:(742.0, 413.0)(799.5, 413.0)(799.5, 532.0)(1031.0, 532.0)(1031.0, 581.0)(742.0, 581.0);GATE
Port:(752.0, 418.0)(785.0, 418.0)(785.0, 422.0)(752.0, 422.0);SD
Module:M9
Boundary:(777.0, 636.0)(777.0, 747.5)(765.0, 747.5)(765.0, 763.0)(629.0, 763.0)(629.0, 636.0);GATE
Port:(629.0, 650.5)(639.0, 650.5)(639.0, 748.5)(629.0, 748.5);SD
Port:(777.0, 636.0)(777.0, 747.5)(765.0, 747.5)(765.0, 763.0)(644.0, 763.0)(644.0, 636.0);GATE
Port:(768.0, 646.0)(772.0, 646.0)(772.0, 733.0)(768.0, 733.0);SD
Module:M5
Boundary:(20.0, 686.0)(131.5, 686.0)(131.5, 718.4)(219.0, 718.4)(219.0, 765.0)(20.0, 765.0);GATE
Port:(34.5, 755.0)(204.5, 755.0)(204.5, 765.0)(34.5, 765.0);SD
Port:(20.0, 686.0)(131.5, 686.0)(131.5, 718.4)(219.0, 718.4)(219.0, 750.0)(20.0, 750.0);GATE
Port:(30.0, 691.0)(117.0, 691.0)(117.0, 695.0)(30.0, 695.0);SD
Module:M11
Boundary:(390.0, 372.0)(465.5, 372.0)(465.5, 429.4)(589.0, 429.4)(589.0, 499.0)(390.0, 499.0);GATE
Port:(404.5, 489.0)(574.5, 489.0)(574.5, 499.0)(404.5, 499.0);SD
Port:(390.0, 372.0)(465.5, 372.0)(465.5, 429.4)(589.0, 429.4)(589.0, 484.0)(390.0, 484.0);GATE
Port:(400.0, 377.0)(451.0, 377.0)(451.0, 381.0)(400.0, 381.0);SD
Module:M1
Boundary:(1458.0, 157.0)(1534.0, 157.0)(1534.0, 165.0)(1549.0, 165.0)(1549.0, 228.0)(1458.0, 228.0);GATE
Port:(1472.5, 218.0)(1534.5, 218.0)(1534.5, 228.0)(1472.5, 228.0);SD
Port:(1458.0, 157.0)(1534.0, 157.0)(1534.0, 165.0)(1549.0, 165.0)(1549.0, 213.0)(1458.0, 213.0);GATE
Port:(1468.0, 162.0)(1519.0, 162.0)(1519.0, 166.0)(1468.0, 166.0);SD
Module:M43
Boundary:(629.0, 392.0)(702.0, 392.0)(702.0, 583.0)(629.0, 583.0);GATE
Port:(643.5, 573.0)(687.5, 573.0)(687.5, 583.0)(643.5, 583.0);SD
Port:(629.0, 392.0)(702.0, 392.0)(702.0, 568.0)(629.0, 568.0);GATE
Port:(639.0, 397.0)(692.0, 397.0)(692.0, 401.0)(639.0, 401.0);SD
Module:M38
Boundary:(205.0, 372.0)(334.5, 372.0)(334.5, 386.0)(350.0, 386.0)(350.0, 534.0)(205.0, 534.0);GATE
Port:(219.5, 524.0)(335.5, 524.0)(335.5, 534.0)(219.5, 534.0);SD
Port:(205.0, 372.0)(334.5, 372.0)(334.5, 386.0)(350.0, 386.0)(350.0, 519.0)(205.0, 519.0);GATE
Port:(215.0, 377.0)(320.0, 377.0)(320.0, 381.0)(215.0, 381.0);SD
Module:M40
Boundary:(1466.0, 278.0)(1539.0, 278.0)(1539.0, 361.0)(1466.0, 361.0);GATE
Port:(1480.5, 351.0)(1524.5, 351.0)(1524.5, 361.0)(1480.5, 361.0);SD
Port:(1466.0, 278.0)(1539.0, 278.0)(1539.0, 346.0)(1466.0, 346.0);GATE
Port:(1476.0, 283.0)(1529.0, 283.0)(1529.0, 287.0)(1476.0, 287.0);SD
Module:M35
Boundary:(1453.0, 411.0)(1529.0, 411.0)(1529.0, 419.0)(1544.0, 419.0)(1544.0, 596.0)(1453.0, 596.0);GATE
Port:(1467.5, 586.0)(1529.5, 586.0)(1529.5, 596.0)(1467.5, 596.0);SD
Port:(1453.0, 411.0)(1529.0, 411.0)(1529.0, 419.0)(1544.0, 419.0)(1544.0, 581.0)(1453.0, 581.0);GATE
Port:(1463.0, 416.0)(1514.0, 416.0)(1514.0, 420.0)(1463.0, 420.0);SD
Module:M32
Boundary:(1390.0, 581.0)(1390.0, 692.5)(1358.5, 692.5)(1358.5, 744.0)(1280.0, 744.0)(1280.0, 581.0);GATE
Port:(1280.0, 595.5)(1290.0, 595.5)(1290.0, 729.5)(1280.0, 729.5);SD
Port:(1390.0, 581.0)(1390.0, 692.5)(1358.5, 692.5)(1358.5, 744.0)(1295.0, 744.0)(1295.0, 581.0);GATE
Port:(1381.0, 591.0)(1385.0, 591.0)(1385.0, 678.0)(1381.0, 678.0);SD
Module:M27
Boundary:(426.0, 539.0)(589.0, 539.0)(589.0, 602.0)(426.0, 602.0);GATE
Port:(440.5, 592.0)(574.5, 592.0)(574.5, 602.0)(440.5, 602.0);SD
Port:(426.0, 539.0)(589.0, 539.0)(589.0, 587.0)(426.0, 587.0);GATE
Port:(436.0, 544.0)(579.0, 544.0)(579.0, 548.0)(436.0, 548.0);SD
Module:M24
Boundary:(1584.0, 579.0)(1713.5, 579.0)(1713.5, 593.0)(1729.0, 593.0)(1729.0, 758.0)(1584.0, 758.0);GATE
Port:(1598.5, 748.0)(1714.5, 748.0)(1714.5, 758.0)(1598.5, 758.0);SD
Port:(1584.0, 579.0)(1713.5, 579.0)(1713.5, 593.0)(1729.0, 593.0)(1729.0, 743.0)(1584.0, 743.0);GATE
Port:(1594.0, 584.0)(1699.0, 584.0)(1699.0, 588.0)(1594.0, 588.0);SD
Module:M19
Boundary:(1705.0, 30.0)(1705.0, 159.5)(1691.0, 159.5)(1691.0, 175.0)(1599.0, 175.0)(1599.0, 30.0);GATE
Port:(1599.0, 44.5)(1609.0, 44.5)(1609.0, 160.5)(1599.0, 160.5);SD
Port:(1705.0, 30.0)(1705.0, 159.5)(1691.0, 159.5)(1691.0, 175.0)(1614.0, 175.0)(1614.0, 30.0);GATE
Port:(1696.0, 40.0)(1700.0, 40.0)(1700.0, 145.0)(1696.0, 145.0);SD
Module:M6
Boundary:(20.0, 20.0)(131.5, 20.0)(131.5, 32.0)(147.0, 32.0)(147.0, 205.0)(20.0, 205.0);GATE
Port:(34.5, 195.0)(132.5, 195.0)(132.5, 205.0)(34.5, 205.0);SD
Port:(20.0, 20.0)(131.5, 20.0)(131.5, 32.0)(147.0, 32.0)(147.0, 190.0)(20.0, 190.0);GATE
Port:(30.0, 25.0)(117.0, 25.0)(117.0, 29.0)(30.0, 29.0);SD
Module:M21
Boundary:(1537.0, 636.0)(1537.0, 729.5)(1527.0, 729.5)(1527.0, 745.0)(1440.0, 745.0)(1440.0, 636.0);GATE
Port:(1440.0, 650.5)(1450.0, 650.5)(1450.0, 730.5)(1440.0, 730.5);SD
Port:(1537.0, 636.0)(1537.0, 729.5)(1527.0, 729.5)(1527.0, 745.0)(1455.0, 745.0)(1455.0, 636.0);GATE
Port:(1528.0, 646.0)(1532.0, 646.0)(1532.0, 715.0)(1528.0, 715.0);SD
Module:M2
Boundary:(1589.0, 427.0)(1662.0, 427.0)(1662.0, 539.0)(1589.0, 539.0);GATE
Port:(1603.5, 529.0)(1647.5, 529.0)(1647.5, 539.0)(1603.5, 539.0);SD
Port:(1589.0, 427.0)(1662.0, 427.0)(1662.0, 524.0)(1589.0, 524.0);GATE
Port:(1599.0, 432.0)(1652.0, 432.0)(1652.0, 436.0)(1599.0, 436.0);SD
Module:M16
Boundary:(842.0, 20.0)(842.0, 131.5)(830.0, 131.5)(830.0, 147.0)(760.0, 147.0)(760.0, 20.0);GATE
Port:(760.0, 34.5)(770.0, 34.5)(770.0, 132.5)(760.0, 132.5);SD
Port:(842.0, 20.0)(842.0, 131.5)(830.0, 131.5)(830.0, 147.0)(775.0, 147.0)(775.0, 20.0);GATE
Port:(833.0, 30.0)(837.0, 30.0)(837.0, 117.0)(833.0, 117.0);SD
Module:M13
Boundary:(259.0, 574.0)(370.5, 574.0)(370.5, 586.0)(386.0, 586.0)(386.0, 766.0)(259.0, 766.0);GATE
Port:(273.5, 756.0)(371.5, 756.0)(371.5, 766.0)(273.5, 766.0);SD
Port:(259.0, 574.0)(370.5, 574.0)(370.5, 586.0)(386.0, 586.0)(386.0, 751.0)(259.0, 751.0);GATE
Port:(269.0, 579.0)(356.0, 579.0)(356.0, 583.0)(269.0, 583.0);SD
Module:M45
Boundary:(1043.0, 133.0)(1043.0, 244.5)(1031.0, 244.5)(1031.0, 260.0)(882.0, 260.0)(882.0, 133.0);GATE
Port:(882.0, 147.5)(892.0, 147.5)(892.0, 245.5)(882.0, 245.5);SD
Port:(1043.0, 133.0)(1043.0, 244.5)(1031.0, 244.5)(1031.0, 260.0)(897.0, 260.0)(897.0, 133.0);GATE
Port:(1034.0, 143.0)(1038.0, 143.0)(1038.0, 230.0)(1034.0, 230.0);SD
Module:M10
Boundary:(1041.0, 686.0)(1188.5, 686.0)(1188.5, 703.0)(1204.0, 703.0)(1204.0, 765.0)(1041.0, 765.0);GATE
Port:(1055.5, 755.0)(1189.5, 755.0)(1189.5, 765.0)(1055.5, 765.0);SD
Port:(1041.0, 686.0)(1188.5, 686.0)(1188.5, 703.0)(1204.0, 703.0)(1204.0, 750.0)(1041.0, 750.0);GATE
Port:(1051.0, 691.0)(1174.0, 691.0)(1174.0, 695.0)(1051.0, 695.0);SD
Module:M42
Boundary:(318.0, 20.0)(394.0, 20.0)(394.0, 28.0)(409.0, 28.0)(409.0, 164.0)(318.0, 164.0);GATE
Port:(332.5, 154.0)(394.5, 154.0)(394.5, 164.0)(332.5, 164.0);SD
Port:(318.0, 20.0)(394.0, 20.0)(394.0, 28.0)(409.0, 28.0)(409.0, 149.0)(318.0, 149.0);GATE
Port:(328.0, 25.0)(379.0, 25.0)(379.0, 29.0)(328.0, 29.0);SD
Module:M37
Boundary:(144.0, 245.0)(144.0, 338.5)(69.0, 338.5)(69.0, 498.0)(20.0, 498.0)(20.0, 245.0);GATE
Port:(20.0, 259.5)(30.0, 259.5)(30.0, 483.5)(20.0, 483.5);SD
Port:(144.0, 245.0)(144.0, 338.5)(69.0, 338.5)(69.0, 498.0)(35.0, 498.0)(35.0, 245.0);GATE
Port:(135.0, 255.0)(139.0, 255.0)(139.0, 324.0)(135.0, 324.0);SD
Module:M34
Boundary:(187.0, 179.0)(263.0, 179.0)(263.0, 187.0)(278.0, 187.0)(278.0, 329.0)(187.0, 329.0);GATE
Port:(201.5, 319.0)(263.5, 319.0)(263.5, 329.0)(201.5, 329.0);SD
Port:(187.0, 179.0)(263.0, 179.0)(263.0, 187.0)(278.0, 187.0)(278.0, 314.0)(187.0, 314.0);GATE
Port:(197.0, 184.0)(248.0, 184.0)(248.0, 188.0)(197.0, 188.0);SD
Module:M29
Boundary:(318.0, 223.0)(465.5, 223.0)(465.5, 294.0)(589.0, 294.0)(589.0, 332.0)(318.0, 332.0);GATE
Port:(332.5, 322.0)(574.5, 322.0)(574.5, 332.0)(332.5, 332.0);SD
Port:(318.0, 223.0)(465.5, 223.0)(465.5, 294.0)(589.0, 294.0)(589.0, 317.0)(318.0, 317.0);GATE
Port:(328.0, 228.0)(451.0, 228.0)(451.0, 232.0)(328.0, 232.0);SD
Module:M7
Boundary:(1702.0, 427.0)(1813.5, 427.0)(1813.5, 472.2)(1847.0, 472.2)(1847.0, 535.0)(1702.0, 535.0);GATE
Port:(1716.5, 525.0)(1832.5, 525.0)(1832.5, 535.0)(1716.5, 535.0);SD
Port:(1702.0, 427.0)(1813.5, 427.0)(1813.5, 472.2)(1847.0, 472.2)(1847.0, 520.0)(1702.0, 520.0);GATE
Port:(1712.0, 432.0)(1799.0, 432.0)(1799.0, 436.0)(1712.0, 436.0);SD
Module:M31
Boundary:(1249.0, 20.0)(1249.0, 93.0)(1067.0, 93.0)(1067.0, 20.0);GATE
Port:(1067.0, 34.5)(1077.0, 34.5)(1077.0, 78.5)(1067.0, 78.5);SD
Port:(1249.0, 20.0)(1249.0, 93.0)(1082.0, 93.0)(1082.0, 20.0);GATE
Port:(1240.0, 30.0)(1244.0, 30.0)(1244.0, 83.0)(1240.0, 83.0);SD
Module:M3
Boundary:(1589.0, 225.0)(1682.5, 225.0)(1682.5, 319.1)(1860.0, 319.1)(1860.0, 387.0)(1589.0, 387.0);GATE
Port:(1603.5, 377.0)(1845.5, 377.0)(1845.5, 387.0)(1603.5, 387.0);SD
Port:(1589.0, 225.0)(1682.5, 225.0)(1682.5, 319.1)(1860.0, 319.1)(1860.0, 372.0)(1589.0, 372.0);GATE
Port:(1599.0, 230.0)(1668.0, 230.0)(1668.0, 234.0)(1599.0, 234.0);SD
Module:M26
Boundary:(991.0, 646.0)(991.0, 739.5)(981.0, 739.5)(981.0, 755.0)(827.0, 755.0)(827.0, 646.0);GATE
Port:(827.0, 660.5)(837.0, 660.5)(837.0, 740.5)(827.0, 740.5);SD
Port:(991.0, 646.0)(991.0, 739.5)(981.0, 739.5)(981.0, 755.0)(842.0, 755.0)(842.0, 646.0);GATE
Port:(982.0, 656.0)(986.0, 656.0)(986.0, 725.0)(982.0, 725.0);SD
Module:M23
Boundary:(1286.0, 403.0)(1397.5, 403.0)(1397.5, 415.0)(1413.0, 415.0)(1413.0, 531.0)(1286.0, 531.0);GATE
Port:(1300.5, 521.0)(1398.5, 521.0)(1398.5, 531.0)(1300.5, 531.0);SD
Port:(1286.0, 403.0)(1397.5, 403.0)(1397.5, 415.0)(1413.0, 415.0)(1413.0, 516.0)(1286.0, 516.0);GATE
Port:(1296.0, 408.0)(1383.0, 408.0)(1383.0, 412.0)(1296.0, 412.0);SD
Module:M18
Boundary:(1850.0, 30.0)(1850.0, 159.5)(1836.0, 159.5)(1836.0, 175.0)(1765.0, 175.0)(1765.0, 30.0);GATE
Port:(1765.0, 44.5)(1775.0, 44.5)(1775.0, 160.5)(1765.0, 160.5);SD
Port:(1850.0, 30.0)(1850.0, 159.5)(1836.0, 159.5)(1836.0, 175.0)(1780.0, 175.0)(1780.0, 30.0);GATE
Port:(1841.0, 40.0)(1845.0, 40.0)(1845.0, 145.0)(1841.0, 145.0);SD
Module:M20
Boundary:(1769.0, 575.0)(1845.0, 575.0)(1845.0, 583.0)(1860.0, 583.0)(1860.0, 762.0)(1769.0, 762.0);GATE
Port:(1783.5, 752.0)(1845.5, 752.0)(1845.5, 762.0)(1783.5, 762.0);SD
Port:(1769.0, 575.0)(1845.0, 575.0)(1845.0, 583.0)(1860.0, 583.0)(1860.0, 747.0)(1769.0, 747.0);GATE
Port:(1779.0, 580.0)(1830.0, 580.0)(1830.0, 584.0)(1779.0, 584.0);SD
Module:M15
Boundary:(426.0, 642.0)(573.5, 642.0)(573.5, 658.0)(589.0, 658.0)(589.0, 766.0)(426.0, 766.0);GATE
Port:(440.5, 756.0)(574.5, 756.0)(574.5, 766.0)(440.5, 766.0);SD
Port:(426.0, 642.0)(573.5, 642.0)(573.5, 658.0)(589.0, 658.0)(589.0, 751.0)(426.0, 751.0);GATE
Port:(436.0, 647.0)(559.0, 647.0)(559.0, 651.0)(436.0, 651.0);SD
Module:M12
Boundary:(1178.0, 352.0)(1178.0, 428.0)(1170.0, 428.0)(1170.0, 443.0)(1083.0, 443.0)(1083.0, 352.0);GATE
Port:(1083.0, 366.5)(1093.0, 366.5)(1093.0, 428.5)(1083.0, 428.5);SD
Port:(1178.0, 352.0)(1178.0, 428.0)(1170.0, 428.0)(1170.0, 443.0)(1098.0, 443.0)(1098.0, 352.0);GATE
Port:(1169.0, 362.0)(1173.0, 362.0)(1173.0, 413.0)(1169.0, 413.0);SD
Module:M44
Boundary:(20.0, 538.0)(149.5, 538.0)(149.5, 553.0)(165.0, 553.0)(165.0, 646.0)(20.0, 646.0);GATE
Port:(34.5, 636.0)(150.5, 636.0)(150.5, 646.0)(34.5, 646.0);SD
Port:(20.0, 538.0)(149.5, 538.0)(149.5, 553.0)(165.0, 553.0)(165.0, 631.0)(20.0, 631.0);GATE
Port:(30.0, 543.0)(135.0, 543.0)(135.0, 547.0)(30.0, 547.0);SD
Module:M39
Boundary:(829.0, 197.0)(829.0, 326.5)(815.0, 326.5)(815.0, 342.0)(639.0, 342.0)(639.0, 197.0);GATE
Port:(639.0, 211.5)(649.0, 211.5)(649.0, 327.5)(639.0, 327.5);SD
Port:(829.0, 197.0)(829.0, 326.5)(815.0, 326.5)(815.0, 342.0)(654.0, 342.0)(654.0, 197.0);GATE
Port:(820.0, 207.0)(824.0, 207.0)(824.0, 312.0)(820.0, 312.0);SD
Module:M8
Boundary:(1230.0, 483.0)(1230.0, 630.5)(1214.0, 630.5)(1214.0, 646.0)(1071.0, 646.0)(1071.0, 483.0);GATE
Port:(1071.0, 497.5)(1081.0, 497.5)(1081.0, 631.5)(1071.0, 631.5);SD
Port:(1230.0, 483.0)(1230.0, 630.5)(1214.0, 630.5)(1214.0, 646.0)(1086.0, 646.0)(1086.0, 483.0);GATE
Port:(1221.0, 493.0)(1225.0, 493.0)(1225.0, 616.0)(1221.0, 616.0);SD
Module:M41
Boundary:(1289.0, 225.0)(1382.5, 225.0)(1382.5, 284.2)(1416.0, 284.2)(1416.0, 363.0)(1289.0, 363.0);GATE
Port:(1303.5, 353.0)(1401.5, 353.0)(1401.5, 363.0)(1303.5, 363.0);SD
Port:(1289.0, 225.0)(1382.5, 225.0)(1382.5, 284.2)(1416.0, 284.2)(1416.0, 348.0)(1289.0, 348.0);GATE
Port:(1299.0, 230.0)(1368.0, 230.0)(1368.0, 234.0)(1299.0, 234.0);SD
Module:M4
Boundary:(587.0, 20.0)(587.0, 167.5)(571.0, 167.5)(571.0, 183.0)(449.0, 183.0)(449.0, 20.0);GATE
Port:(449.0, 34.5)(459.0, 34.5)(459.0, 168.5)(449.0, 168.5);SD
Port:(587.0, 20.0)(587.0, 167.5)(571.0, 167.5)(571.0, 183.0)(464.0, 183.0)(464.0, 20.0);GATE
Port:(578.0, 30.0)(582.0, 30.0)(582.0, 153.0)(578.0, 153.0);SD
Module:M36
Boundary:(187.0, 20.0)(263.0, 20.0)(263.0, 28.0)(278.0, 28.0)(278.0, 139.0)(187.0, 139.0);GATE
Port:(201.5, 129.0)(263.5, 129.0)(263.5, 139.0)(201.5, 139.0);SD
Port:(187.0, 20.0)(263.0, 20.0)(263.0, 28.0)(278.0, 28.0)(278.0, 124.0)(187.0, 124.0);GATE
Port:(197.0, 25.0)(248.0, 25.0)(248.0, 29.0)(197.0, 29.0);SD
Module:M33
Boundary:(1083.0, 133.0)(1230.5, 133.0)(1230.5, 149.0)(1246.0, 149.0)(1246.0, 312.0)(1083.0, 312.0);GATE
Port:(1097.5, 302.0)(1231.5, 302.0)(1231.5, 312.0)(1097.5, 312.0);SD
Port:(1083.0, 133.0)(1230.5, 133.0)(1230.5, 149.0)(1246.0, 149.0)(1246.0, 297.0)(1083.0, 297.0);GATE
Port:(1093.0, 138.0)(1216.0, 138.0)(1216.0, 142.0)(1093.0, 142.0);SD
Module:M28
Boundary:(629.0, 20.0)(705.0, 20.0)(705.0, 28.0)(720.0, 28.0)(720.0, 136.0)(629.0, 136.0);GATE
Port:(643.5, 126.0)(705.5, 126.0)(705.5, 136.0)(643.5, 136.0);SD
Port:(629.0, 20.0)(705.0, 20.0)(705.0, 28.0)(720.0, 28.0)(720.0, 121.0)(629.0, 121.0);GATE
Port:(639.0, 25.0)(690.0, 25.0)(690.0, 29.0)(639.0, 29.0);SD
Module:M30
Boundary:(1027.0, 20.0)(1027.0, 93.0)(882.0, 93.0)(882.0, 20.0);GATE
Port:(882.0, 34.5)(892.0, 34.5)(892.0, 78.5)(882.0, 78.5);SD
Port:(1027.0, 20.0)(1027.0, 93.0)(897.0, 93.0)(897.0, 20.0);GATE
Port:(1018.0, 30.0)(1022.0, 30.0)(1022.0, 83.0)(1018.0, 83.0);SD
Module:M25
Boundary:(1458.0, 20.0)(1534.0, 20.0)(1534.0, 28.0)(1549.0, 28.0)(1549.0, 117.0)(1458.0, 117.0);GATE
Port:(1472.5, 107.0)(1534.5, 107.0)(1534.5, 117.0)(1472.5, 117.0);SD
Port:(1458.0, 20.0)(1534.0, 20.0)(1534.0, 28.0)(1549.0, 28.0)(1549.0, 102.0)(1458.0, 102.0);GATE
Port:(1468.0, 25.0)(1519.0, 25.0)(1519.0, 29.0)(1468.0, 29.0);SD
Module:M22
Boundary:(1043.0, 300.0)(1043.0, 373.0)(879.0, 373.0)(879.0, 300.0);GATE
Port:(879.0, 314.5)(889.0, 314.5)(889.0, 358.5)(879.0, 358.5);SD
Port:(1043.0, 300.0)(1043.0, 373.0)(894.0, 373.0)(894.0, 300.0);GATE
Port:(1034.0, 310.0)(1038.0, 310.0)(1038.0, 363.0)(1034.0, 363.0);SD
Module:M17
Boundary:(1408.0, 30.0)(1408.0, 159.5)(1394.0, 159.5)(1394.0, 175.0)(1299.0, 175.0)(1299.0, 30.0);GATE
Port:(1299.0, 44.5)(1309.0, 44.5)(1309.0, 160.5)(1299.0, 160.5);SD
Port:(1408.0, 30.0)(1408.0, 159.5)(1394.0, 159.5)(1394.0, 175.0)(1314.0, 175.0)(1314.0, 30.0);GATE
Port:(1399.0, 40.0)(1403.0, 40.0)(1403.0, 145.0)(1399.0, 145.0);SD
