Area:(-20.0, -20.0)(651.9, -20.0)(651.9, 791.9)(-20.0, 791.9)
Rule:GATE(5,5);SD(5,5);GATE_SD(0.5);GATE_ITO(0.5);SD_ITO(0.5)
Module:M5
Boundary:(27.1, 23.1)(27.1, 85.1)(179.8, 85.1)(179.8, 23.1);GATE
Port:(175.7, 35.1)(179.8, 35.1)(179.8, 73.1)(175.7, 73.1);SD
Port:(27.1, 23.1)(27.1, 85.1)(174.0, 85.1)(174.0, 23.1);GATE
Port:(31.6, 28.6)(36.8, 28.6)(36.8, 79.6)(31.6, 79.6);SD
Module:M8
Boundary:(212.7, 20.0)(282.3, 20.0)(282.3, 90.9)(298.7, 90.9)(298.7, 162.1)(212.7, 162.1);GATE
Port:(226.4, 157.2)(285.0, 157.2)(285.0, 162.1)(226.4, 162.1);SD
Port:(212.7, 20.0)(282.3, 20.0)(282.3, 90.9)(298.7, 90.9)(298.7, 154.8)(212.7, 154.8);GATE
Port:(218.4, 24.7)(275.6, 24.7)(275.6, 30.6)(218.4, 30.6);SD
Module:M11
Boundary:(194.8, 211.1)(194.8, 162.2)(194.7, 162.2)(194.7, 148.0)(45.3, 148.0)(45.3, 211.1);GATE
Port:(45.3, 162.2)(50.9, 162.2)(50.9, 196.9)(45.3, 196.9);SD
Port:(194.8, 211.1)(194.8, 162.2)(194.7, 162.2)(194.7, 148.0)(53.1, 148.0)(53.1, 211.1);GATE
Port:(182.5, 168.7)(189.3, 168.7)(189.3, 204.6)(182.5, 204.6);SD
Module:M14
Boundary:(439.5, 48.1)(323.5, 48.1)(323.5, 76.5)(305.5, 76.5)(305.5, 218.9)(439.5, 218.9);GATE
Port:(321.3, 213.1)(423.7, 213.1)(423.7, 218.9)(321.3, 218.9);SD
Port:(439.5, 48.1)(323.5, 48.1)(323.5, 76.5)(305.5, 76.5)(305.5, 210.5)(439.5, 210.5);GATE
Port:(331.5, 54.1)(432.5, 54.1)(432.5, 60.5)(331.5, 60.5);SD
Module:M15
Boundary:(505.4, 80.4)(609.2, 80.4)(609.2, 252.6)(505.4, 252.6);GATE
Port:(519.9, 247.3)(594.7, 247.3)(594.7, 252.6)(519.9, 252.6);SD
Port:(505.4, 80.4)(609.2, 80.4)(609.2, 244.9)(505.4, 244.9);GATE
Port:(511.6, 85.6)(603.0, 85.6)(603.0, 92.3)(511.6, 92.3);SD
Module:M3
Boundary:(204.0, 253.1)(204.0, 331.1)(203.6, 331.1)(203.6, 346.5)(20.0, 346.5)(20.0, 253.1);GATE
Port:(20.0, 265.6)(24.2, 265.6)(24.2, 334.0)(20.0, 334.0);SD
Port:(204.0, 253.1)(204.0, 331.1)(203.6, 331.1)(203.6, 346.5)(26.2, 346.5)(26.2, 253.1);GATE
Port:(193.7, 258.5)(199.6, 258.5)(199.6, 325.7)(193.7, 325.7);SD
Module:M16
Boundary:(356.0, 353.1)(356.0, 273.6)(314.3, 273.6)(314.3, 259.8)(247.3, 259.8)(247.3, 353.1);GATE
Port:(247.3, 273.2)(251.3, 273.2)(251.3, 339.7)(247.3, 339.7);SD
Port:(356.0, 353.1)(356.0, 273.6)(314.3, 273.6)(314.3, 259.8)(253.6, 259.8)(253.6, 353.1);GATE
Port:(344.2, 280.8)(350.8, 280.8)(350.8, 346.9)(344.2, 346.9);SD
Module:M7
Boundary:(363.4, 372.1)(363.4, 260.4)(576.0, 260.4)(576.0, 372.1);GATE
Port:(572.0, 276.4)(576.0, 276.4)(576.0, 356.1)(572.0, 356.1);SD
Port:(363.4, 372.1)(363.4, 260.4)(570.2, 260.4)(570.2, 372.1);GATE
Port:(369.0, 267.0)(376.7, 267.0)(376.7, 365.5)(369.0, 365.5);SD
Module:M1
Boundary:(339.7, 414.7)(339.7, 361.2)(164.7, 361.2)(164.7, 414.7);GATE
Port:(164.7, 372.1)(169.4, 372.1)(169.4, 403.8)(164.7, 403.8);SD
Port:(339.7, 414.7)(339.7, 361.2)(172.0, 361.2)(172.0, 414.7);GATE
Port:(330.3, 367.1)(334.8, 367.1)(334.8, 408.8)(330.3, 408.8);SD
Module:M4
Boundary:(145.3, 435.3)(145.3, 370.8)(118.4, 370.8)(118.4, 356.9)(29.8, 356.9)(29.8, 435.3);GATE
Port:(29.8, 370.2)(34.5, 370.2)(34.5, 422.0)(29.8, 422.0);SD
Port:(145.3, 435.3)(145.3, 370.8)(118.4, 370.8)(118.4, 356.9)(37.2, 356.9)(37.2, 435.3);GATE
Port:(133.7, 377.7)(140.4, 377.7)(140.4, 429.4)(133.7, 429.4);SD
Module:M20
Boundary:(446.6, 383.9)(391.8, 383.9)(391.8, 404.4)(376.0, 404.4)(376.0, 478.5)(446.6, 478.5);GATE
Port:(390.8, 472.9)(431.8, 472.9)(431.8, 478.5)(390.8, 478.5);SD
Port:(446.6, 383.9)(391.8, 383.9)(391.8, 404.4)(376.0, 404.4)(376.0, 470.5)(446.6, 470.5);GATE
Port:(399.4, 389.5)(440.0, 389.5)(440.0, 395.9)(399.4, 395.9);SD
Module:M19
Boundary:(356.2, 478.8)(356.2, 417.3)(209.3, 417.3)(209.3, 478.8);GATE
Port:(209.3, 429.3)(213.8, 429.3)(213.8, 466.8)(209.3, 466.8);SD
Port:(356.2, 478.8)(356.2, 417.3)(216.2, 417.3)(216.2, 478.8);GATE
Port:(345.8, 423.0)(351.5, 423.0)(351.5, 473.1)(345.8, 473.1);SD
Module:M2
Boundary:(124.9, 534.4)(168.2, 534.4)(168.2, 495.8)(179.8, 495.8)(179.8, 445.8)(124.9, 445.8);GATE
Port:(136.6, 445.8)(168.1, 445.8)(168.1, 449.8)(136.6, 449.8);SD
Port:(124.9, 534.4)(168.2, 534.4)(168.2, 495.8)(179.8, 495.8)(179.8, 452.3)(124.9, 452.3);GATE
Port:(130.3, 524.2)(161.8, 524.2)(161.8, 530.0)(130.3, 530.0);SD
Module:M6
Boundary:(406.7, 513.8)(457.5, 513.8)(457.5, 552.9)(471.6, 552.9)(471.6, 595.6)(406.7, 595.6);GATE
Port:(420.9, 589.9)(457.4, 589.9)(457.4, 595.6)(420.9, 595.6);SD
Port:(406.7, 513.8)(457.5, 513.8)(457.5, 552.9)(471.6, 552.9)(471.6, 587.5)(406.7, 587.5);GATE
Port:(413.1, 519.2)(450.1, 519.2)(450.1, 525.9)(413.1, 525.9);SD
Module:M13
Boundary:(510.2, 382.5)(611.9, 382.5)(611.9, 603.1)(510.2, 603.1);GATE
Port:(524.1, 599.0)(598.0, 599.0)(598.0, 603.1)(524.1, 603.1);SD
Port:(510.2, 382.5)(611.9, 382.5)(611.9, 597.0)(510.2, 597.0);GATE
Port:(515.8, 387.1)(606.3, 387.1)(606.3, 393.8)(515.8, 393.8);SD
Module:M10
Boundary:(379.6, 606.6)(379.6, 555.1)(297.1, 555.1)(297.1, 540.2)(237.6, 540.2)(237.6, 606.6);GATE
Port:(237.6, 554.2)(241.8, 554.2)(241.8, 592.6)(237.6, 592.6);SD
Port:(379.6, 606.6)(379.6, 555.1)(297.1, 555.1)(297.1, 540.2)(244.3, 540.2)(244.3, 606.6);GATE
Port:(368.1, 562.1)(374.6, 562.1)(374.6, 600.6)(368.1, 600.6);SD
Module:M18
Boundary:(90.4, 594.6)(39.8, 594.6)(39.8, 569.6)(25.5, 569.6)(25.5, 444.1)(90.4, 444.1);GATE
Port:(39.2, 444.1)(76.7, 444.1)(76.7, 449.9)(39.2, 449.9);SD
Port:(90.4, 594.6)(39.8, 594.6)(39.8, 569.6)(25.5, 569.6)(25.5, 451.0)(90.4, 451.0);GATE
Port:(46.6, 582.9)(84.6, 582.9)(84.6, 589.8)(46.6, 589.8);SD
Module:M9
Boundary:(417.1, 717.7)(417.1, 638.0)(417.2, 638.0)(417.2, 622.9)(547.2, 622.9)(547.2, 717.7);GATE
Port:(543.1, 637.0)(547.2, 637.0)(547.2, 703.6)(543.1, 703.6);SD
Port:(417.1, 717.7)(417.1, 638.0)(417.2, 638.0)(417.2, 622.9)(541.7, 622.9)(541.7, 717.7);GATE
Port:(422.7, 644.6)(429.0, 644.6)(429.0, 711.1)(422.7, 711.1);SD
Module:M17
Boundary:(220.6, 667.4)(220.6, 751.9)(38.2, 751.9)(38.2, 667.4);GATE
Port:(38.2, 680.2)(42.7, 680.2)(42.7, 739.1)(38.2, 739.1);SD
Port:(220.6, 667.4)(220.6, 751.9)(43.9, 751.9)(43.9, 667.4);GATE
Port:(209.7, 673.3)(215.7, 673.3)(215.7, 732.8)(209.7, 732.8);SD
Module:M12
Boundary:(416.1, 655.6)(416.1, 730.9)(372.0, 730.9)(372.0, 743.9)(242.4, 743.9)(242.4, 655.6);GATE
Port:(242.4, 668.6)(247.3, 668.6)(247.3, 730.9)(242.4, 730.9);SD
Port:(416.1, 655.6)(416.1, 730.9)(372.0, 730.9)(372.0, 743.9)(248.9, 743.9)(248.9, 655.6);GATE
Port:(404.7, 662.3)(410.4, 662.3)(410.4, 723.2)(404.7, 723.2);SD
