Area:(-20.0, -16.3)(710.2, -16.3)(710.2, 795.6)(-20.0, 795.6)
Rule:GATE(5,5);SD(5,5);GATE_SD(0.5);GATE_ITO(0.5);SD_ITO(0.5)
Module:M10
Boundary:(337.4, 23.7)(445.3, 23.7)(445.3, 61.3)(461.9, 61.3)(461.9, 101.1)(337.4, 101.1);GATE
Port:(352.4, 96.7)(446.9, 96.7)(446.9, 101.1)(352.4, 101.1);SD
Port:(337.4, 23.7)(445.3, 23.7)(445.3, 61.3)(461.9, 61.3)(461.9, 95.3)(337.4, 95.3);GATE
Port:(343.5, 28.8)(438.2, 28.8)(438.2, 35.6)(343.5, 35.6);SD
Module:M4
Boundary:(550.1, 38.1)(480.9, 38.1)(480.9, 106.2)(465.5, 106.2)(465.5, 161.1)(550.1, 161.1);GATE
Port:(480.1, 155.2)(535.5, 155.2)(535.5, 161.1)(480.1, 161.1);SD
Port:(550.1, 38.1)(480.9, 38.1)(480.9, 106.2)(465.5, 106.2)(465.5, 152.6)(550.1, 152.6);GATE
Port:(488.9, 44.1)(543.1, 44.1)(543.1, 49.4)(488.9, 49.4);SD
Module:M11
Boundary:(640.7, 62.6)(588.2, 62.6)(588.2, 62.8)(572.0, 62.8)(572.0, 208.8)(640.7, 208.8);GATE
Port:(587.0, 204.3)(625.7, 204.3)(625.7, 208.8)(587.0, 208.8);SD
Port:(640.7, 62.6)(588.2, 62.6)(588.2, 62.8)(572.0, 62.8)(572.0, 202.1)(640.7, 202.1);GATE
Port:(594.8, 68.2)(634.1, 68.2)(634.1, 75.1)(594.8, 75.1);SD
Module:M6
Boundary:(56.6, 203.3)(105.5, 203.3)(105.5, 177.5)(120.6, 177.5)(120.6, 50.2)(56.6, 50.2);GATE
Port:(68.6, 50.2)(108.6, 50.2)(108.6, 55.9)(68.6, 55.9);SD
Port:(56.6, 203.3)(105.5, 203.3)(105.5, 177.5)(120.6, 177.5)(120.6, 57.8)(56.6, 57.8);GATE
Port:(61.8, 193.7)(99.3, 193.7)(99.3, 199.1)(61.8, 199.1);SD
Module:M18
Boundary:(227.6, 39.2)(174.8, 39.2)(174.8, 55.1)(159.3, 55.1)(159.3, 219.7)(227.6, 219.7);GATE
Port:(173.6, 215.7)(213.3, 215.7)(213.3, 219.7)(173.6, 219.7);SD
Port:(227.6, 39.2)(174.8, 39.2)(174.8, 55.1)(159.3, 55.1)(159.3, 214.2)(227.6, 214.2);GATE
Port:(181.4, 43.8)(222.0, 43.8)(222.0, 50.5)(181.4, 50.5);SD
Module:M5
Boundary:(337.2, 254.8)(337.2, 190.3)(337.2, 190.3)(337.2, 174.1)(460.9, 174.1)(460.9, 254.8);GATE
Port:(455.6, 186.4)(460.9, 186.4)(460.9, 242.5)(455.6, 242.5);SD
Port:(337.2, 254.8)(337.2, 190.3)(337.2, 190.3)(337.2, 174.1)(453.6, 174.1)(453.6, 254.8);GATE
Port:(341.8, 195.9)(347.2, 195.9)(347.2, 249.2)(341.8, 249.2);SD
Module:M21
Boundary:(301.6, 34.0)(236.7, 34.0)(236.7, 259.8)(301.6, 259.8);GATE
Port:(251.1, 254.7)(287.2, 254.7)(287.2, 259.8)(251.1, 259.8);SD
Port:(301.6, 34.0)(236.7, 34.0)(236.7, 253.3)(301.6, 253.3);GATE
Port:(243.4, 39.7)(294.9, 39.7)(294.9, 46.3)(243.4, 46.3);SD
Module:M14
Boundary:(577.2, 209.0)(642.1, 209.0)(642.1, 233.6)(656.6, 233.6)(656.6, 282.7)(577.2, 282.7);GATE
Port:(590.3, 277.4)(643.5, 277.4)(643.5, 282.7)(590.3, 282.7);SD
Port:(577.2, 209.0)(642.1, 209.0)(642.1, 233.6)(656.6, 233.6)(656.6, 275.6)(577.2, 275.6);GATE
Port:(583.0, 213.8)(635.3, 213.8)(635.3, 220.0)(583.0, 220.0);SD
Module:M7
Boundary:(568.9, 310.3)(505.1, 310.3)(505.1, 205.9)(568.9, 205.9);GATE
Port:(518.8, 205.9)(555.2, 205.9)(555.2, 210.4)(518.8, 210.4);SD
Port:(568.9, 310.3)(505.1, 310.3)(505.1, 212.1)(568.9, 212.1);GATE
Port:(511.8, 299.1)(562.2, 299.1)(562.2, 304.6)(511.8, 304.6);SD
Module:M23
Boundary:(135.3, 245.8)(204.6, 245.8)(204.6, 337.1)(135.3, 337.1);GATE
Port:(149.7, 332.6)(190.2, 332.6)(190.2, 337.1)(149.7, 337.1);SD
Port:(135.3, 245.8)(204.6, 245.8)(204.6, 330.6)(135.3, 330.6);GATE
Port:(141.6, 251.1)(198.3, 251.1)(198.3, 257.1)(141.6, 257.1);SD
Module:M15
Boundary:(36.8, 237.7)(95.6, 237.7)(95.6, 363.7)(36.8, 363.7);GATE
Port:(48.7, 358.6)(83.7, 358.6)(83.7, 363.7)(48.7, 363.7);SD
Port:(36.8, 237.7)(95.6, 237.7)(95.6, 357.2)(36.8, 357.2);GATE
Port:(43.0, 242.9)(89.4, 242.9)(89.4, 247.8)(43.0, 247.8);SD
Module:M17
Boundary:(338.8, 284.4)(235.7, 284.4)(235.7, 409.4)(338.8, 409.4);GATE
Port:(248.6, 404.5)(325.9, 404.5)(325.9, 409.4)(248.6, 409.4);SD
Port:(338.8, 284.4)(235.7, 284.4)(235.7, 403.4)(338.8, 403.4);GATE
Port:(241.5, 289.2)(333.0, 289.2)(333.0, 295.0)(241.5, 295.0);SD
Module:M20
Boundary:(659.4, 329.4)(659.4, 409.0)(570.0, 409.0)(570.0, 423.4)(487.1, 423.4)(487.1, 329.4);GATE
Port:(487.1, 342.6)(492.0, 342.6)(492.0, 410.2)(487.1, 410.2);SD
Port:(659.4, 329.4)(659.4, 409.0)(570.0, 409.0)(570.0, 423.4)(494.8, 423.4)(494.8, 329.4);GATE
Port:(649.0, 334.6)(655.2, 334.6)(655.2, 402.8)(649.0, 402.8);SD
Module:M12
Boundary:(375.4, 267.1)(458.4, 267.1)(458.4, 352.3)(473.2, 352.3)(473.2, 434.2)(375.4, 434.2);GATE
Port:(389.2, 428.4)(459.4, 428.4)(459.4, 434.2)(389.2, 434.2);SD
Port:(375.4, 267.1)(458.4, 267.1)(458.4, 352.3)(473.2, 352.3)(473.2, 425.6)(375.4, 425.6);GATE
Port:(382.3, 273.0)(450.5, 273.0)(450.5, 278.1)(382.3, 278.1);SD
Module:M22
Boundary:(180.5, 383.3)(180.5, 463.1)(113.0, 463.1)(113.0, 477.6)(20.0, 477.6)(20.0, 383.3);GATE
Port:(20.0, 395.7)(24.7, 395.7)(24.7, 465.2)(20.0, 465.2);SD
Port:(180.5, 383.3)(180.5, 463.1)(113.0, 463.1)(113.0, 477.6)(27.3, 477.6)(27.3, 383.3);GATE
Port:(169.7, 389.0)(175.8, 389.0)(175.8, 456.4)(169.7, 456.4);SD
Module:M16
Boundary:(235.3, 449.3)(287.2, 449.3)(287.2, 472.3)(302.3, 472.3)(302.3, 534.1)(235.3, 534.1);GATE
Port:(249.3, 528.3)(288.3, 528.3)(288.3, 534.1)(249.3, 534.1);SD
Port:(235.3, 449.3)(287.2, 449.3)(287.2, 472.3)(302.3, 472.3)(302.3, 527.0)(235.3, 527.0);GATE
Port:(241.8, 454.8)(279.7, 454.8)(279.7, 460.7)(241.8, 460.7);SD
Module:M1
Boundary:(338.6, 451.0)(338.6, 520.9)(338.7, 520.9)(338.7, 538.1)(504.2, 538.1)(504.2, 451.0);GATE
Port:(499.6, 465.2)(504.2, 465.2)(504.2, 523.9)(499.6, 523.9);SD
Port:(338.6, 451.0)(338.6, 520.9)(338.7, 520.9)(338.7, 538.1)(498.2, 538.1)(498.2, 451.0);GATE
Port:(344.4, 457.8)(349.5, 457.8)(349.5, 514.1)(344.4, 514.1);SD
Module:M3
Boundary:(523.2, 434.0)(633.8, 434.0)(633.8, 537.2)(523.2, 537.2);GATE
Port:(538.2, 533.0)(618.8, 533.0)(618.8, 537.2)(538.2, 537.2);SD
Port:(523.2, 434.0)(633.8, 434.0)(633.8, 531.1)(523.2, 531.1);GATE
Port:(528.7, 438.5)(628.3, 438.5)(628.3, 445.7)(528.7, 445.7);SD
Module:M24
Boundary:(150.2, 486.1)(51.0, 486.1)(51.0, 528.2)(36.0, 528.2)(36.0, 617.8)(150.2, 617.8);GATE
Port:(49.4, 613.2)(136.8, 613.2)(136.8, 617.8)(49.4, 617.8);SD
Port:(150.2, 486.1)(51.0, 486.1)(51.0, 528.2)(36.0, 528.2)(36.0, 610.9)(150.2, 610.9);GATE
Port:(57.8, 490.9)(144.4, 490.9)(144.4, 497.6)(57.8, 497.6);SD
Module:M8
Boundary:(188.9, 658.3)(285.7, 658.3)(285.7, 620.9)(300.1, 620.9)(300.1, 558.7)(188.9, 558.7);GATE
Port:(202.6, 558.7)(286.4, 558.7)(286.4, 564.0)(202.6, 564.0);SD
Port:(188.9, 658.3)(285.7, 658.3)(285.7, 620.9)(300.1, 620.9)(300.1, 565.3)(188.9, 565.3);GATE
Port:(194.2, 646.8)(279.4, 646.8)(279.4, 654.0)(194.2, 654.0);SD
Module:M25
Boundary:(537.6, 562.0)(439.4, 562.0)(439.4, 731.3)(537.6, 731.3);GATE
Port:(453.6, 727.1)(523.4, 727.1)(523.4, 731.3)(453.6, 731.3);SD
Port:(537.6, 562.0)(439.4, 562.0)(439.4, 724.7)(537.6, 724.7);GATE
Port:(445.1, 566.7)(531.9, 566.7)(531.9, 574.1)(445.1, 574.1);SD
Module:M9
Boundary:(52.5, 750.5)(148.4, 750.5)(148.4, 750.0)(164.4, 750.0)(164.4, 655.0)(52.5, 655.0);GATE
Port:(64.6, 655.0)(152.3, 655.0)(152.3, 660.9)(64.6, 660.9);SD
Port:(52.5, 750.5)(148.4, 750.5)(148.4, 750.0)(164.4, 750.0)(164.4, 663.1)(52.5, 663.1);GATE
Port:(58.7, 741.0)(142.2, 741.0)(142.2, 745.2)(58.7, 745.2);SD
Module:M13
Boundary:(433.2, 566.1)(338.2, 566.1)(338.2, 566.6)(323.3, 566.6)(323.3, 755.6)(433.2, 755.6);GATE
Port:(337.7, 750.9)(418.8, 750.9)(418.8, 755.6)(337.7, 755.6);SD
Port:(433.2, 566.1)(338.2, 566.1)(338.2, 566.6)(323.3, 566.6)(323.3, 748.6)(433.2, 748.6);GATE
Port:(344.7, 571.6)(426.7, 571.6)(426.7, 578.4)(344.7, 578.4);SD
Module:M19
Boundary:(600.1, 716.5)(670.2, 716.5)(670.2, 539.3)(600.1, 539.3);GATE
Port:(615.2, 539.3)(655.1, 539.3)(655.1, 544.8)(615.2, 544.8);SD
Port:(600.1, 716.5)(670.2, 716.5)(670.2, 547.6)(600.1, 547.6);GATE
Port:(607.0, 704.3)(663.3, 704.3)(663.3, 710.6)(607.0, 710.6);SD
Module:M2
Boundary:(311.1, 669.7)(311.1, 722.5)(266.8, 722.5)(266.8, 736.8)(195.8, 736.8)(195.8, 669.7);GATE
Port:(195.8, 684.6)(200.0, 684.6)(200.0, 721.9)(195.8, 721.9);SD
Port:(311.1, 669.7)(311.1, 722.5)(266.8, 722.5)(266.8, 736.8)(202.4, 736.8)(202.4, 669.7);GATE
Port:(298.2, 676.1)(305.7, 676.1)(305.7, 715.1)(298.2, 715.1);SD
