Area:(-20.0, -20.0)(798.4, -20.0)(798.4, 1588.1)(-20.0, 1588.1)
Rule:GATE(5,5);SD(5,5);GATE_SD(0.5);GATE_ITO(0.5);SD_ITO(0.5)
Module:M14
Boundary:(305.2, 1357.7)(375.2, 1357.7)(375.2, 1374.1)(391.6, 1374.1)(391.6, 1546.7)(305.2, 1546.7);GATE
Port:(318.6, 1540.7)(378.2, 1540.7)(378.2, 1546.7)(318.6, 1546.7);SD
Port:(305.2, 1357.7)(375.2, 1357.7)(375.2, 1374.1)(391.6, 1374.1)(391.6, 1538.8)(305.2, 1538.8);GATE
Port:(310.5, 1362.0)(368.9, 1362.0)(368.9, 1368.0)(310.5, 1368.0);SD
Module:M9
Boundary:(514.6, 537.1)(616.5, 537.1)(616.5, 537.5)(633.8, 537.5)(633.8, 762.2)(514.6, 762.2);GATE
Port:(527.1, 756.5)(621.3, 756.5)(621.3, 762.2)(527.1, 762.2);SD
Port:(514.6, 537.1)(616.5, 537.1)(616.5, 537.5)(633.8, 537.5)(633.8, 754.1)(514.6, 754.1);GATE
Port:(519.7, 541.2)(611.4, 541.2)(611.4, 547.1)(519.7, 547.1);SD
Module:M5
Boundary:(402.1, 398.6)(474.5, 398.6)(474.5, 560.0)(402.1, 560.0);GATE
Port:(415.0, 556.0)(461.6, 556.0)(461.6, 560.0)(415.0, 560.0);SD
Port:(402.1, 398.6)(474.5, 398.6)(474.5, 553.1)(402.1, 553.1);GATE
Port:(408.3, 403.8)(468.3, 403.8)(468.3, 409.6)(408.3, 409.6);SD
Module:M11
Boundary:(314.1, 568.9)(314.1, 648.6)(313.8, 648.6)(313.8, 664.5)(211.1, 664.5)(211.1, 568.9);GATE
Port:(211.1, 581.5)(216.8, 581.5)(216.8, 651.9)(211.1, 651.9);SD
Port:(314.1, 568.9)(314.1, 648.6)(313.8, 648.6)(313.8, 664.5)(219.0, 664.5)(219.0, 568.9);GATE
Port:(304.4, 575.2)(308.8, 575.2)(308.8, 642.3)(304.4, 642.3);SD
Module:M1
Boundary:(388.2, 242.1)(513.0, 242.1)(513.0, 358.6)(388.2, 358.6);GATE
Port:(402.5, 354.3)(498.7, 354.3)(498.7, 358.6)(402.5, 358.6);SD
Port:(388.2, 242.1)(513.0, 242.1)(513.0, 352.0)(388.2, 352.0);GATE
Port:(393.6, 246.5)(507.6, 246.5)(507.6, 253.4)(393.6, 253.4);SD
Module:M43
Boundary:(211.1, 704.5)(293.3, 704.5)(293.3, 704.7)(309.5, 704.7)(309.5, 869.0)(211.1, 869.0);GATE
Port:(224.2, 864.8)(296.4, 864.8)(296.4, 869.0)(224.2, 869.0);SD
Port:(211.1, 704.5)(293.3, 704.5)(293.3, 704.7)(309.5, 704.7)(309.5, 863.5)(211.1, 863.5);GATE
Port:(216.7, 709.1)(287.7, 709.1)(287.7, 715.2)(216.7, 715.2);SD
Module:M38
Boundary:(395.0, 1109.7)(395.0, 1163.3)(307.0, 1163.3)(307.0, 1178.9)(195.9, 1178.9)(195.9, 1109.7);GATE
Port:(195.9, 1124.5)(200.3, 1124.5)(200.3, 1164.1)(195.9, 1164.1);SD
Port:(395.0, 1109.7)(395.0, 1163.3)(307.0, 1163.3)(307.0, 1178.9)(201.4, 1178.9)(201.4, 1109.7);GATE
Port:(383.0, 1116.2)(389.5, 1116.2)(389.5, 1155.8)(383.0, 1155.8);SD
Module:M40
Boundary:(145.9, 1048.6)(145.9, 1133.0)(100.3, 1133.0)(100.3, 1145.4)(30.0, 1145.4)(30.0, 1048.6);GATE
Port:(30.0, 1060.2)(35.1, 1060.2)(35.1, 1133.8)(30.0, 1133.8);SD
Port:(145.9, 1048.6)(145.9, 1133.0)(100.3, 1133.0)(100.3, 1145.4)(36.8, 1145.4)(36.8, 1048.6);GATE
Port:(135.8, 1054.8)(140.7, 1054.8)(140.7, 1125.8)(135.8, 1125.8);SD
Module:M35
Boundary:(755.1, 1328.7)(755.1, 1387.2)(606.6, 1387.2)(606.6, 1328.7);GATE
Port:(606.6, 1339.5)(612.3, 1339.5)(612.3, 1376.4)(606.6, 1376.4);SD
Port:(755.1, 1328.7)(755.1, 1387.2)(614.8, 1387.2)(614.8, 1328.7);GATE
Port:(746.1, 1334.0)(750.8, 1334.0)(750.8, 1381.9)(746.1, 1381.9);SD
Module:M32
Boundary:(30.0, 315.5)(128.8, 315.5)(128.8, 405.4)(144.0, 405.4)(144.0, 520.1)(30.0, 520.1);GATE
Port:(43.1, 514.9)(130.9, 514.9)(130.9, 520.1)(43.1, 520.1);SD
Port:(30.0, 315.5)(128.8, 315.5)(128.8, 405.4)(144.0, 405.4)(144.0, 512.0)(30.0, 512.0);GATE
Port:(35.7, 320.2)(122.1, 320.2)(122.1, 326.1)(35.7, 326.1);SD
Module:M27
Boundary:(102.8, 20.0)(171.1, 20.0)(171.1, 150.2)(102.8, 150.2);GATE
Port:(116.4, 145.5)(157.5, 145.5)(157.5, 150.2)(116.4, 150.2);SD
Port:(102.8, 20.0)(171.1, 20.0)(171.1, 144.1)(102.8, 144.1);GATE
Port:(109.4, 25.6)(164.5, 25.6)(164.5, 31.0)(109.4, 31.0);SD
Module:M24
Boundary:(673.8, 639.0)(742.5, 639.0)(742.5, 701.5)(758.4, 701.5)(758.4, 766.9)(673.8, 766.9);GATE
Port:(687.6, 762.8)(744.6, 762.8)(744.6, 766.9)(687.6, 766.9);SD
Port:(673.8, 639.0)(742.5, 639.0)(742.5, 701.5)(758.4, 701.5)(758.4, 760.1)(673.8, 760.1);GATE
Port:(679.2, 643.4)(736.1, 643.4)(736.1, 650.0)(679.2, 650.0);SD
Module:M19
Boundary:(563.0, 30.0)(613.5, 30.0)(613.5, 164.0)(563.0, 164.0);GATE
Port:(576.9, 158.7)(599.6, 158.7)(599.6, 164.0)(576.9, 164.0);SD
Port:(563.0, 30.0)(613.5, 30.0)(613.5, 157.2)(563.0, 157.2);GATE
Port:(569.7, 35.7)(606.8, 35.7)(606.8, 41.7)(569.7, 41.7);SD
Module:M6
Boundary:(441.4, 952.6)(490.4, 952.6)(490.4, 1024.7)(505.7, 1024.7)(505.7, 1118.8)(441.4, 1118.8);GATE
Port:(453.5, 1114.1)(493.6, 1114.1)(493.6, 1118.8)(453.5, 1118.8);SD
Port:(441.4, 952.6)(490.4, 952.6)(490.4, 1024.7)(505.7, 1024.7)(505.7, 1111.7)(441.4, 1111.7);GATE
Port:(447.1, 957.3)(483.7, 957.3)(483.7, 962.1)(447.1, 962.1);SD
Module:M21
Boundary:(349.5, 704.9)(474.6, 704.9)(474.6, 912.6)(349.5, 912.6);GATE
Port:(363.7, 908.2)(460.4, 908.2)(460.4, 912.6)(363.7, 912.6);SD
Port:(349.5, 704.9)(474.6, 704.9)(474.6, 905.9)(349.5, 905.9);GATE
Port:(354.7, 709.1)(469.4, 709.1)(469.4, 716.2)(354.7, 716.2);SD
Module:M2
Boundary:(156.2, 1451.7)(156.2, 1526.2)(90.2, 1526.2)(90.2, 1542.7)(20.0, 1542.7)(20.0, 1451.7);GATE
Port:(20.0, 1467.1)(25.4, 1467.1)(25.4, 1527.3)(20.0, 1527.3);SD
Port:(156.2, 1451.7)(156.2, 1526.2)(90.2, 1526.2)(90.2, 1542.7)(26.9, 1542.7)(26.9, 1451.7);GATE
Port:(143.6, 1458.5)(150.4, 1458.5)(150.4, 1518.4)(143.6, 1518.4);SD
Module:M16
Boundary:(169.4, 570.1)(169.4, 629.5)(145.0, 629.5)(145.0, 647.2)(20.0, 647.2)(20.0, 570.1);GATE
Port:(20.0, 586.0)(24.5, 586.0)(24.5, 631.3)(20.0, 631.3);SD
Port:(169.4, 570.1)(169.4, 629.5)(145.0, 629.5)(145.0, 647.2)(27.2, 647.2)(27.2, 570.1);GATE
Port:(156.7, 576.8)(163.7, 576.8)(163.7, 621.8)(156.7, 621.8);SD
Module:M13
Boundary:(20.0, 20.0)(62.8, 20.0)(62.8, 175.0)(20.0, 175.0);GATE
Port:(31.7, 171.0)(51.1, 171.0)(51.1, 175.0)(31.7, 175.0);SD
Port:(20.0, 20.0)(62.8, 20.0)(62.8, 169.3)(20.0, 169.3);GATE
Port:(25.1, 24.1)(57.7, 24.1)(57.7, 30.1)(25.1, 30.1);SD
Module:M45
Boundary:(758.4, 277.9)(758.4, 370.5)(652.7, 370.5)(652.7, 277.9);GATE
Port:(652.7, 291.4)(657.3, 291.4)(657.3, 357.0)(652.7, 357.0);SD
Port:(758.4, 277.9)(758.4, 370.5)(658.7, 370.5)(658.7, 277.9);GATE
Port:(747.6, 284.0)(753.3, 284.0)(753.3, 364.4)(747.6, 364.4);SD
Module:M10
Boundary:(348.2, 249.1)(348.2, 355.6)(303.8, 355.6)(303.8, 371.6)(211.1, 371.6)(211.1, 249.1);GATE
Port:(211.1, 264.2)(216.2, 264.2)(216.2, 356.5)(211.1, 356.5);SD
Port:(348.2, 249.1)(348.2, 355.6)(303.8, 355.6)(303.8, 371.6)(218.2, 371.6)(218.2, 249.1);GATE
Port:(335.5, 255.1)(343.2, 255.1)(343.2, 348.6)(335.5, 348.6);SD
Module:M42
Boundary:(20.0, 1195.4)(131.6, 1195.4)(131.6, 1310.2)(148.9, 1310.2)(148.9, 1411.7)(20.0, 1411.7);GATE
Port:(34.8, 1407.1)(134.1, 1407.1)(134.1, 1411.7)(34.8, 1411.7);SD
Port:(20.0, 1195.4)(131.6, 1195.4)(131.6, 1310.2)(148.9, 1310.2)(148.9, 1405.2)(20.0, 1405.2);GATE
Port:(26.3, 1200.7)(124.3, 1200.7)(124.3, 1207.0)(26.3, 1207.0);SD
Module:M37
Boundary:(620.8, 1453.2)(620.8, 1548.1)(431.6, 1548.1)(431.6, 1453.2);GATE
Port:(431.6, 1466.5)(436.2, 1466.5)(436.2, 1534.8)(431.6, 1534.8);SD
Port:(620.8, 1453.2)(620.8, 1548.1)(438.3, 1548.1)(438.3, 1453.2);GATE
Port:(609.5, 1458.9)(616.1, 1458.9)(616.1, 1542.4)(609.5, 1542.4);SD
Module:M34
Boundary:(660.8, 1427.2)(738.6, 1427.2)(738.6, 1456.6)(753.1, 1456.6)(753.1, 1548.0)(660.8, 1548.0);GATE
Port:(672.4, 1542.3)(741.5, 1542.3)(741.5, 1548.0)(672.4, 1548.0);SD
Port:(660.8, 1427.2)(738.6, 1427.2)(738.6, 1456.6)(753.1, 1456.6)(753.1, 1540.6)(660.8, 1540.6);GATE
Port:(666.2, 1431.6)(732.2, 1431.6)(732.2, 1436.2)(666.2, 1436.2);SD
Module:M29
Boundary:(545.7, 802.2)(614.9, 802.2)(614.9, 802.5)(632.2, 802.5)(632.2, 1020.9)(545.7, 1020.9);GATE
Port:(559.2, 1016.4)(618.7, 1016.4)(618.7, 1020.9)(559.2, 1020.9);SD
Port:(545.7, 802.2)(614.9, 802.2)(614.9, 802.5)(632.2, 802.5)(632.2, 1014.2)(545.7, 1014.2);GATE
Port:(550.8, 806.3)(609.8, 806.3)(609.8, 812.9)(550.8, 812.9);SD
Module:M7
Boundary:(553.0, 214.0)(612.7, 214.0)(612.7, 374.2)(553.0, 374.2);GATE
Port:(565.4, 368.9)(600.3, 368.9)(600.3, 374.2)(565.4, 374.2);SD
Port:(553.0, 214.0)(612.7, 214.0)(612.7, 366.4)(553.0, 366.4);GATE
Port:(558.9, 218.9)(606.8, 218.9)(606.8, 224.6)(558.9, 224.6);SD
Module:M31
Boundary:(337.2, 952.6)(401.4, 952.6)(401.4, 1069.1)(337.2, 1069.1);GATE
Port:(350.8, 1064.9)(387.8, 1064.9)(387.8, 1069.1)(350.8, 1069.1);SD
Port:(337.2, 952.6)(401.4, 952.6)(401.4, 1063.1)(337.2, 1063.1);GATE
Port:(343.4, 957.8)(395.2, 957.8)(395.2, 964.2)(343.4, 964.2);SD
Module:M3
Boundary:(470.5, 600.0)(470.5, 649.2)(470.4, 649.2)(470.4, 664.9)(354.1, 664.9)(354.1, 600.0);GATE
Port:(354.1, 613.3)(359.2, 613.3)(359.2, 651.6)(354.1, 651.6);SD
Port:(470.5, 600.0)(470.5, 649.2)(470.4, 649.2)(470.4, 664.9)(360.6, 664.9)(360.6, 600.0);GATE
Port:(459.9, 605.6)(465.9, 605.6)(465.9, 643.6)(459.9, 643.6);SD
Module:M26
Boundary:(132.5, 697.2)(132.5, 743.1)(109.6, 743.1)(109.6, 756.6)(30.0, 756.6)(30.0, 697.2);GATE
Port:(30.0, 708.9)(35.9, 708.9)(35.9, 744.9)(30.0, 744.9);SD
Port:(132.5, 697.2)(132.5, 743.1)(109.6, 743.1)(109.6, 756.6)(38.8, 756.6)(38.8, 697.2);GATE
Port:(122.9, 703.0)(127.7, 703.0)(127.7, 736.3)(122.9, 736.3);SD
Module:M23
Boundary:(362.1, 411.6)(362.1, 528.9)(211.1, 528.9)(211.1, 411.6);GATE
Port:(211.1, 425.7)(216.8, 425.7)(216.8, 514.8)(211.1, 514.8);SD
Port:(362.1, 411.6)(362.1, 528.9)(218.2, 528.9)(218.2, 411.6);GATE
Port:(350.6, 418.3)(356.4, 418.3)(356.4, 522.2)(350.6, 522.2);SD
Module:M18
Boundary:(367.1, 1228.9)(367.1, 1294.1)(282.0, 1294.1)(282.0, 1307.7)(198.9, 1307.7)(198.9, 1228.9);GATE
Port:(198.9, 1243.2)(203.4, 1243.2)(203.4, 1293.4)(198.9, 1293.4);SD
Port:(367.1, 1228.9)(367.1, 1294.1)(282.0, 1294.1)(282.0, 1307.7)(206.1, 1307.7)(206.1, 1228.9);GATE
Port:(354.6, 1235.9)(361.1, 1235.9)(361.1, 1286.1)(354.6, 1286.1);SD
Module:M20
Boundary:(634.2, 414.2)(634.2, 480.6)(634.2, 480.6)(634.2, 497.1)(514.6, 497.1)(514.6, 414.2);GATE
Port:(514.6, 427.4)(519.7, 427.4)(519.7, 483.9)(514.6, 483.9);SD
Port:(634.2, 414.2)(634.2, 480.6)(634.2, 480.6)(634.2, 497.1)(522.6, 497.1)(522.6, 414.2);GATE
Port:(623.6, 419.3)(630.1, 419.3)(630.1, 475.5)(623.6, 475.5);SD
Module:M15
Boundary:(196.2, 1357.7)(265.2, 1357.7)(265.2, 1544.6)(196.2, 1544.6);GATE
Port:(210.5, 1539.8)(250.9, 1539.8)(250.9, 1544.6)(210.5, 1544.6);SD
Port:(196.2, 1357.7)(265.2, 1357.7)(265.2, 1537.0)(196.2, 1537.0);GATE
Port:(202.8, 1363.3)(258.6, 1363.3)(258.6, 1369.1)(202.8, 1369.1);SD
Module:M12
Boundary:(663.5, 20.0)(742.0, 20.0)(742.0, 154.4)(755.6, 154.4)(755.6, 237.9)(663.5, 237.9);GATE
Port:(676.9, 233.6)(742.2, 233.6)(742.2, 237.9)(676.9, 237.9);SD
Port:(663.5, 20.0)(742.0, 20.0)(742.0, 154.4)(755.6, 154.4)(755.6, 231.5)(663.5, 231.5);GATE
Port:(669.9, 25.4)(734.6, 25.4)(734.6, 31.2)(669.9, 31.2);SD
Module:M44
Boundary:(323.3, 20.0)(378.7, 20.0)(378.7, 82.9)(394.4, 82.9)(394.4, 202.1)(323.3, 202.1);GATE
Port:(338.3, 196.7)(379.4, 196.7)(379.4, 202.1)(338.3, 202.1);SD
Port:(323.3, 20.0)(378.7, 20.0)(378.7, 82.9)(394.4, 82.9)(394.4, 195.0)(323.3, 195.0);GATE
Port:(330.1, 25.8)(370.9, 25.8)(370.9, 32.7)(330.1, 32.7);SD
Module:M39
Boundary:(451.4, 1317.6)(556.6, 1317.6)(556.6, 1403.2)(451.4, 1403.2);GATE
Port:(465.1, 1398.2)(542.9, 1398.2)(542.9, 1403.2)(465.1, 1403.2);SD
Port:(451.4, 1317.6)(556.6, 1317.6)(556.6, 1395.3)(451.4, 1395.3);GATE
Port:(457.1, 1322.3)(550.9, 1322.3)(550.9, 1328.1)(457.1, 1328.1);SD
Module:M8
Boundary:(674.2, 410.5)(744.3, 410.5)(744.3, 460.3)(756.9, 460.3)(756.9, 599.0)(674.2, 599.0);GATE
Port:(685.3, 593.6)(745.8, 593.6)(745.8, 599.0)(685.3, 599.0);SD
Port:(674.2, 410.5)(744.3, 410.5)(744.3, 460.3)(756.9, 460.3)(756.9, 590.8)(674.2, 590.8);GATE
Port:(679.7, 415.0)(737.8, 415.0)(737.8, 419.5)(679.7, 419.5);SD
Module:M41
Boundary:(211.1, 20.0)(283.3, 20.0)(283.3, 209.1)(211.1, 209.1);GATE
Port:(225.6, 205.0)(268.8, 205.0)(268.8, 209.1)(225.6, 209.1);SD
Port:(211.1, 20.0)(283.3, 20.0)(283.3, 202.3)(211.1, 202.3);GATE
Port:(217.2, 25.1)(277.2, 25.1)(277.2, 31.6)(217.2, 31.6);SD
Module:M4
Boundary:(102.8, 190.2)(155.5, 190.2)(155.5, 195.2)(170.4, 195.2)(170.4, 265.5)(102.8, 265.5);GATE
Port:(117.2, 261.0)(156.0, 261.0)(156.0, 265.5)(117.2, 265.5);SD
Port:(102.8, 190.2)(155.5, 190.2)(155.5, 195.2)(170.4, 195.2)(170.4, 259.0)(102.8, 259.0);GATE
Port:(109.7, 196.1)(147.6, 196.1)(147.6, 202.4)(109.7, 202.4);SD
Module:M36
Boundary:(590.1, 1183.7)(590.1, 1251.4)(514.1, 1251.4)(514.1, 1267.6)(441.4, 1267.6)(441.4, 1183.7);GATE
Port:(441.4, 1196.3)(446.1, 1196.3)(446.1, 1255.0)(441.4, 1255.0);SD
Port:(590.1, 1183.7)(590.1, 1251.4)(514.1, 1251.4)(514.1, 1267.6)(447.9, 1267.6)(447.9, 1183.7);GATE
Port:(580.9, 1189.3)(585.5, 1189.3)(585.5, 1244.8)(580.9, 1244.8);SD
Module:M33
Boundary:(630.1, 1183.7)(724.0, 1183.7)(724.0, 1184.1)(739.4, 1184.1)(739.4, 1288.7)(630.1, 1288.7);GATE
Port:(642.7, 1283.3)(726.8, 1283.3)(726.8, 1288.7)(642.7, 1288.7);SD
Port:(630.1, 1183.7)(724.0, 1183.7)(724.0, 1184.1)(739.4, 1184.1)(739.4, 1282.2)(630.1, 1282.2);GATE
Port:(636.9, 1189.5)(717.2, 1189.5)(717.2, 1193.8)(636.9, 1193.8);SD
Module:M28
Boundary:(20.0, 806.6)(126.5, 806.6)(126.5, 922.9)(142.5, 922.9)(142.5, 998.6)(20.0, 998.6);GATE
Port:(35.3, 993.6)(127.2, 993.6)(127.2, 998.6)(35.3, 998.6);SD
Port:(20.0, 806.6)(126.5, 806.6)(126.5, 922.9)(142.5, 922.9)(142.5, 991.9)(20.0, 991.9);GATE
Port:(26.9, 812.5)(118.6, 812.5)(118.6, 818.8)(26.9, 818.8);SD
Module:M30
Boundary:(750.3, 1062.1)(750.3, 1129.1)(643.4, 1129.1)(643.4, 1143.7)(545.7, 1143.7)(545.7, 1062.1);GATE
Port:(545.7, 1075.5)(551.7, 1075.5)(551.7, 1130.3)(545.7, 1130.3);SD
Port:(750.3, 1062.1)(750.3, 1129.1)(643.4, 1129.1)(643.4, 1143.7)(553.2, 1143.7)(553.2, 1062.1);GATE
Port:(738.5, 1068.9)(744.5, 1068.9)(744.5, 1121.3)(738.5, 1121.3);SD
Module:M25
Boundary:(210.4, 909.0)(297.2, 909.0)(297.2, 1069.7)(210.4, 1069.7);GATE
Port:(223.1, 1063.9)(284.5, 1063.9)(284.5, 1069.7)(223.1, 1069.7);SD
Port:(210.4, 909.0)(297.2, 909.0)(297.2, 1062.3)(210.4, 1062.3);GATE
Port:(216.0, 913.6)(291.6, 913.6)(291.6, 920.1)(216.0, 920.1);SD
Module:M22
Boundary:(434.4, 20.0)(485.7, 20.0)(485.7, 90.4)(501.0, 90.4)(501.0, 185.2)(434.4, 185.2);GATE
Port:(447.8, 180.3)(487.6, 180.3)(487.6, 185.2)(447.8, 185.2);SD
Port:(434.4, 20.0)(485.7, 20.0)(485.7, 90.4)(501.0, 90.4)(501.0, 178.3)(434.4, 178.3);GATE
Port:(439.5, 24.1)(479.6, 24.1)(479.6, 31.2)(439.5, 31.2);SD
Module:M17
Boundary:(682.2, 816.9)(731.3, 816.9)(731.3, 817.0)(747.9, 817.0)(747.9, 1012.1)(682.2, 1012.1);GATE
Port:(694.9, 1008.1)(735.2, 1008.1)(735.2, 1012.1)(694.9, 1012.1);SD
Port:(682.2, 816.9)(731.3, 816.9)(731.3, 817.0)(747.9, 817.0)(747.9, 1006.0)(682.2, 1006.0);GATE
Port:(687.4, 821.1)(726.1, 821.1)(726.1, 827.3)(687.4, 827.3);SD
