Area:(-20.0, -7.3)(530.0, -7.3)(530.0, 1560.7)(-20.0, 1560.7)
Rule:GATE(5,5);SD(5,5);GATE_SD(0.5);GATE_ITO(0.5);SD_ITO(0.5)
Module:M7
Boundary:(230.5, 66.3)(157.5, 66.3)(157.5, 156.3)(230.5, 156.3);GATE
Port:(172.0, 146.3)(216.0, 146.3)(216.0, 156.3)(172.0, 156.3);SD
Port:(230.5, 66.3)(157.5, 66.3)(157.5, 141.3)(230.5, 141.3);GATE
Port:(167.5, 71.3)(220.5, 71.3)(220.5, 75.3)(167.5, 75.3);SD
Module:M25
Boundary:(117.4, 32.7)(117.4, 108.8)(109.4, 108.8)(109.4, 123.7)(22.4, 123.7)(22.4, 32.7);GATE
Port:(22.4, 47.2)(32.4, 47.2)(32.4, 109.2)(22.4, 109.2);SD
Port:(117.4, 32.7)(117.4, 108.8)(109.4, 108.8)(109.4, 123.7)(37.4, 123.7)(37.4, 32.7);GATE
Port:(108.4, 42.7)(112.4, 42.7)(112.4, 93.7)(108.4, 93.7);SD
Module:M20
Boundary:(339.7, 48.1)(246.2, 48.1)(246.2, 58.1)(230.7, 58.1)(230.7, 192.1)(339.7, 192.1);GATE
Port:(245.2, 182.1)(325.2, 182.1)(325.2, 192.1)(245.2, 192.1);SD
Port:(339.7, 48.1)(246.2, 48.1)(246.2, 58.1)(230.7, 58.1)(230.7, 177.1)(339.7, 177.1);GATE
Port:(260.7, 53.1)(329.7, 53.1)(329.7, 57.1)(260.7, 57.1);SD
Module:M1
Boundary:(488.0, 53.4)(415.0, 53.4)(415.0, 203.4)(488.0, 203.4);GATE
Port:(429.5, 193.4)(473.5, 193.4)(473.5, 203.4)(429.5, 203.4);SD
Port:(488.0, 53.4)(415.0, 53.4)(415.0, 188.4)(488.0, 188.4);GATE
Port:(425.0, 58.4)(478.0, 58.4)(478.0, 62.4)(425.0, 62.4);SD
Module:M13
Boundary:(456.0, 264.8)(362.5, 264.8)(362.5, 319.8)(257.0, 319.8)(257.0, 373.8)(456.0, 373.8);GATE
Port:(271.5, 363.8)(441.5, 363.8)(441.5, 373.8)(271.5, 373.8);SD
Port:(456.0, 264.8)(362.5, 264.8)(362.5, 319.8)(257.0, 319.8)(257.0, 358.8)(456.0, 358.8);GATE
Port:(377.0, 269.8)(446.0, 269.8)(446.0, 273.8)(377.0, 273.8);SD
Module:M4
Boundary:(234.5, 193.4)(234.5, 304.9)(103.3, 304.9)(103.3, 554.4)(39.5, 554.4)(39.5, 193.4);GATE
Port:(39.5, 207.9)(49.5, 207.9)(49.5, 539.9)(39.5, 539.9);SD
Port:(234.5, 193.4)(234.5, 304.9)(103.3, 304.9)(103.3, 554.4)(54.5, 554.4)(54.5, 193.4);GATE
Port:(225.5, 203.4)(229.5, 203.4)(229.5, 290.4)(225.5, 290.4);SD
Module:M12
Boundary:(490.0, 375.8)(414.5, 375.8)(414.5, 470.1)(255.0, 470.1)(255.0, 544.8)(490.0, 544.8);GATE
Port:(269.5, 534.8)(475.5, 534.8)(475.5, 544.8)(269.5, 544.8);SD
Port:(490.0, 375.8)(414.5, 375.8)(414.5, 470.1)(255.0, 470.1)(255.0, 529.8)(490.0, 529.8);GATE
Port:(429.0, 380.8)(480.0, 380.8)(480.0, 384.8)(429.0, 384.8);SD
Module:M10
Boundary:(218.0, 580.3)(291.0, 580.3)(291.0, 689.3)(218.0, 689.3);GATE
Port:(232.5, 679.3)(276.5, 679.3)(276.5, 689.3)(232.5, 689.3);SD
Port:(218.0, 580.3)(291.0, 580.3)(291.0, 674.3)(218.0, 674.3);GATE
Port:(228.0, 585.3)(281.0, 585.3)(281.0, 589.3)(228.0, 589.3);SD
Module:M14
Boundary:(309.1, 604.1)(402.6, 604.1)(402.6, 638.3)(454.1, 638.3)(454.1, 724.1)(309.1, 724.1);GATE
Port:(323.6, 714.1)(439.6, 714.1)(439.6, 724.1)(323.6, 724.1);SD
Port:(309.1, 604.1)(402.6, 604.1)(402.6, 638.3)(454.1, 638.3)(454.1, 709.1)(309.1, 709.1);GATE
Port:(319.1, 609.1)(388.1, 609.1)(388.1, 613.1)(319.1, 613.1);SD
Module:M5
Boundary:(196.0, 566.5)(196.0, 696.0)(182.0, 696.0)(182.0, 711.5)(20.0, 711.5)(20.0, 566.5);GATE
Port:(20.0, 581.0)(30.0, 581.0)(30.0, 697.0)(20.0, 697.0);SD
Port:(196.0, 566.5)(196.0, 696.0)(182.0, 696.0)(182.0, 711.5)(35.0, 711.5)(35.0, 566.5);GATE
Port:(187.0, 576.5)(191.0, 576.5)(191.0, 681.5)(187.0, 681.5);SD
Module:M2
Boundary:(242.0, 735.1)(166.0, 735.1)(166.0, 743.1)(151.0, 743.1)(151.0, 831.1)(242.0, 831.1);GATE
Port:(165.5, 821.1)(227.5, 821.1)(227.5, 831.1)(165.5, 831.1);SD
Port:(242.0, 735.1)(166.0, 735.1)(166.0, 743.1)(151.0, 743.1)(151.0, 816.1)(242.0, 816.1);GATE
Port:(181.0, 740.1)(232.0, 740.1)(232.0, 744.1)(181.0, 744.1);SD
Module:M16
Boundary:(111.0, 737.0)(35.0, 737.0)(35.0, 745.0)(20.0, 745.0)(20.0, 888.0)(111.0, 888.0);GATE
Port:(34.5, 878.0)(96.5, 878.0)(96.5, 888.0)(34.5, 888.0);SD
Port:(111.0, 737.0)(35.0, 737.0)(35.0, 745.0)(20.0, 745.0)(20.0, 873.0)(111.0, 873.0);GATE
Port:(50.0, 742.0)(101.0, 742.0)(101.0, 746.0)(50.0, 746.0);SD
Module:M23
Boundary:(467.0, 728.0)(337.5, 728.0)(337.5, 830.5)(250.0, 830.5)(250.0, 923.0)(467.0, 923.0);GATE
Port:(264.5, 913.0)(452.5, 913.0)(452.5, 923.0)(264.5, 923.0);SD
Port:(467.0, 728.0)(337.5, 728.0)(337.5, 830.5)(250.0, 830.5)(250.0, 908.0)(467.0, 908.0);GATE
Port:(352.0, 733.0)(457.0, 733.0)(457.0, 737.0)(352.0, 737.0);SD
Module:M18
Boundary:(248.0, 926.8)(324.0, 926.8)(324.0, 934.8)(339.0, 934.8)(339.0, 998.8)(248.0, 998.8);GATE
Port:(262.5, 988.8)(324.5, 988.8)(324.5, 998.8)(262.5, 998.8);SD
Port:(248.0, 926.8)(324.0, 926.8)(324.0, 934.8)(339.0, 934.8)(339.0, 983.8)(248.0, 983.8);GATE
Port:(258.0, 931.8)(309.0, 931.8)(309.0, 935.8)(258.0, 935.8);SD
Module:M22
Boundary:(477.9, 998.2)(477.9, 925.2)(390.9, 925.2)(390.9, 998.2);GATE
Port:(390.9, 939.7)(400.9, 939.7)(400.9, 983.7)(390.9, 983.7);SD
Port:(477.9, 998.2)(477.9, 925.2)(405.9, 925.2)(405.9, 998.2);GATE
Port:(468.9, 935.2)(472.9, 935.2)(472.9, 988.2)(468.9, 988.2);SD
Module:M9
Boundary:(149.9, 895.5)(149.9, 1007.0)(137.9, 1007.0)(137.9, 1022.5)(41.9, 1022.5)(41.9, 895.5);GATE
Port:(41.9, 910.0)(51.9, 910.0)(51.9, 1008.0)(41.9, 1008.0);SD
Port:(149.9, 895.5)(149.9, 1007.0)(137.9, 1007.0)(137.9, 1022.5)(56.9, 1022.5)(56.9, 895.5);GATE
Port:(140.9, 905.5)(144.9, 905.5)(144.9, 992.5)(140.9, 992.5);SD
Module:M15
Boundary:(168.6, 1056.0)(241.6, 1056.0)(241.6, 873.0)(168.6, 873.0);GATE
Port:(183.1, 873.0)(227.1, 873.0)(227.1, 883.0)(183.1, 883.0);SD
Port:(168.6, 1056.0)(241.6, 1056.0)(241.6, 888.0)(168.6, 888.0);GATE
Port:(178.6, 1047.0)(231.6, 1047.0)(231.6, 1051.0)(178.6, 1051.0);SD
Module:M21
Boundary:(315.1, 1113.4)(315.1, 1040.4)(472.1, 1040.4)(472.1, 1113.4);GATE
Port:(462.1, 1054.9)(472.1, 1054.9)(472.1, 1098.9)(462.1, 1098.9);SD
Port:(315.1, 1113.4)(315.1, 1040.4)(457.1, 1040.4)(457.1, 1113.4);GATE
Port:(320.1, 1050.4)(324.1, 1050.4)(324.1, 1103.4)(320.1, 1103.4);SD
Module:M6
Boundary:(20.0, 1203.1)(20.0, 1109.6)(30.0, 1109.6)(30.0, 1094.1)(170.0, 1094.1)(170.0, 1203.1);GATE
Port:(160.0, 1108.6)(170.0, 1108.6)(170.0, 1188.6)(160.0, 1188.6);SD
Port:(20.0, 1203.1)(20.0, 1109.6)(30.0, 1109.6)(30.0, 1094.1)(155.0, 1094.1)(155.0, 1203.1);GATE
Port:(25.0, 1124.1)(29.0, 1124.1)(29.0, 1193.1)(25.0, 1193.1);SD
Module:M3
Boundary:(193.6, 1198.5)(193.6, 1105.0)(205.6, 1105.0)(205.6, 1089.5)(273.6, 1089.5)(273.6, 1198.5);GATE
Port:(263.6, 1104.0)(273.6, 1104.0)(273.6, 1184.0)(263.6, 1184.0);SD
Port:(193.6, 1198.5)(193.6, 1105.0)(205.6, 1105.0)(205.6, 1089.5)(258.6, 1089.5)(258.6, 1198.5);GATE
Port:(198.6, 1119.5)(202.6, 1119.5)(202.6, 1188.5)(198.6, 1188.5);SD
Module:M8
Boundary:(300.6, 1347.6)(448.1, 1347.6)(448.1, 1331.6)(463.6, 1331.6)(463.6, 1188.6)(300.6, 1188.6);GATE
Port:(315.1, 1188.6)(449.1, 1188.6)(449.1, 1198.6)(315.1, 1198.6);SD
Port:(300.6, 1347.6)(448.1, 1347.6)(448.1, 1331.6)(463.6, 1331.6)(463.6, 1203.6)(300.6, 1203.6);GATE
Port:(310.6, 1338.6)(433.6, 1338.6)(433.6, 1342.6)(310.6, 1342.6);SD
Module:M11
Boundary:(59.4, 1331.6)(188.9, 1331.6)(188.9, 1279.3)(294.4, 1279.3)(294.4, 1227.6)(59.4, 1227.6);GATE
Port:(73.9, 1227.6)(279.9, 1227.6)(279.9, 1237.6)(73.9, 1237.6);SD
Port:(59.4, 1331.6)(188.9, 1331.6)(188.9, 1279.3)(294.4, 1279.3)(294.4, 1242.6)(59.4, 1242.6);GATE
Port:(69.4, 1322.6)(174.4, 1322.6)(174.4, 1326.6)(69.4, 1326.6);SD
Module:M17
Boundary:(59.2, 1385.7)(152.7, 1385.7)(152.7, 1395.7)(168.2, 1395.7)(168.2, 1516.7)(59.2, 1516.7);GATE
Port:(73.7, 1506.7)(153.7, 1506.7)(153.7, 1516.7)(73.7, 1516.7);SD
Port:(59.2, 1385.7)(152.7, 1385.7)(152.7, 1395.7)(168.2, 1395.7)(168.2, 1501.7)(59.2, 1501.7);GATE
Port:(69.2, 1390.7)(138.2, 1390.7)(138.2, 1394.7)(69.2, 1394.7);SD
Module:M19
Boundary:(174.4, 1515.3)(321.9, 1515.3)(321.9, 1499.3)(337.4, 1499.3)(337.4, 1375.3)(174.4, 1375.3);GATE
Port:(188.9, 1375.3)(322.9, 1375.3)(322.9, 1385.3)(188.9, 1385.3);SD
Port:(174.4, 1515.3)(321.9, 1515.3)(321.9, 1499.3)(337.4, 1499.3)(337.4, 1390.3)(174.4, 1390.3);GATE
Port:(184.4, 1506.3)(307.4, 1506.3)(307.4, 1510.3)(184.4, 1510.3);SD
Module:M24
Boundary:(358.1, 1520.7)(358.1, 1427.2)(393.6, 1427.2)(393.6, 1375.7)(482.1, 1375.7)(482.1, 1520.7);GATE
Port:(472.1, 1390.2)(482.1, 1390.2)(482.1, 1506.2)(472.1, 1506.2);SD
Port:(358.1, 1520.7)(358.1, 1427.2)(393.6, 1427.2)(393.6, 1375.7)(467.1, 1375.7)(467.1, 1520.7);GATE
Port:(363.1, 1441.7)(367.1, 1441.7)(367.1, 1510.7)(363.1, 1510.7);SD
