Area:(15.6, 4.6)(488.1, 4.6)(488.1, 543.4)(15.6, 543.4)
Rule:GATE(5,5);SD(5,5);GATE_SD(0.5);GATE_ITO(0.5);SD_ITO(0.5)
Module:M1
Boundary:(259.0, 125.9)(185.1, 125.9)(185.1, 44.6)(259.0, 44.6);GATE
Port:(196.6, 44.6)(247.5, 44.6)(247.5, 49.7)(196.6, 49.7);SD
Port:(259.0, 125.9)(185.1, 125.9)(185.1, 51.9)(259.0, 51.9);GATE
Port:(190.4, 117.1)(253.7, 117.1)(253.7, 121.6)(190.4, 121.6);SD
Module:M3
Boundary:(167.8, 74.5)(71.4, 74.5)(71.4, 75.0)(55.6, 75.0)(55.6, 160.7)(167.8, 160.7);GATE
Port:(68.9, 155.5)(154.5, 155.5)(154.5, 160.7)(68.9, 160.7);SD
Port:(167.8, 74.5)(71.4, 74.5)(71.4, 75.0)(55.6, 75.0)(55.6, 154.4)(167.8, 154.4);GATE
Port:(78.3, 80.4)(160.9, 80.4)(160.9, 85.0)(78.3, 85.0);SD
Module:M6
Boundary:(357.0, 56.6)(425.4, 56.6)(425.4, 90.1)(439.8, 90.1)(439.8, 195.5)(357.0, 195.5);GATE
Port:(371.7, 190.0)(425.1, 190.0)(425.1, 195.5)(371.7, 195.5);SD
Port:(357.0, 56.6)(425.4, 56.6)(425.4, 90.1)(439.8, 90.1)(439.8, 188.9)(357.0, 188.9);GATE
Port:(363.9, 62.5)(417.5, 62.5)(417.5, 69.0)(363.9, 69.0);SD
Module:M2
Boundary:(286.1, 219.0)(334.6, 219.0)(334.6, 144.9)(347.3, 144.9)(347.3, 45.6)(286.1, 45.6);GATE
Port:(299.5, 45.6)(333.9, 45.6)(333.9, 49.8)(299.5, 49.8);SD
Port:(286.1, 219.0)(334.6, 219.0)(334.6, 144.9)(347.3, 144.9)(347.3, 52.4)(286.1, 52.4);GATE
Port:(292.7, 207.4)(327.0, 207.4)(327.0, 213.4)(292.7, 213.4);SD
Module:M5
Boundary:(92.1, 186.6)(92.1, 284.8)(253.3, 284.8)(253.3, 186.6);GATE
Port:(247.8, 198.5)(253.3, 198.5)(253.3, 272.9)(247.8, 272.9);SD
Port:(92.1, 186.6)(92.1, 284.8)(246.3, 284.8)(246.3, 186.6);GATE
Port:(96.5, 192.0)(101.2, 192.0)(101.2, 279.4)(96.5, 279.4);SD
Module:M8
Boundary:(442.7, 213.8)(370.3, 213.8)(370.3, 214.2)(353.0, 214.2)(353.0, 359.2)(442.7, 359.2);GATE
Port:(368.7, 353.7)(427.0, 353.7)(427.0, 359.2)(368.7, 359.2);SD
Port:(442.7, 213.8)(370.3, 213.8)(370.3, 214.2)(353.0, 214.2)(353.0, 351.6)(442.7, 351.6);GATE
Port:(377.0, 219.5)(436.0, 219.5)(436.0, 226.1)(377.0, 226.1);SD
Module:M10
Boundary:(71.7, 304.2)(71.7, 356.2)(134.3, 356.2)(134.3, 371.9)(223.7, 371.9)(223.7, 304.2);GATE
Port:(217.9, 317.8)(223.7, 317.8)(223.7, 358.3)(217.9, 358.3);SD
Port:(71.7, 304.2)(71.7, 356.2)(134.3, 356.2)(134.3, 371.9)(215.8, 371.9)(215.8, 304.2);GATE
Port:(76.1, 309.6)(82.8, 309.6)(82.8, 349.8)(76.1, 349.8);SD
Module:M9
Boundary:(66.8, 451.3)(66.8, 403.7)(204.3, 403.7)(204.3, 451.3);GATE
Port:(199.0, 417.0)(204.3, 417.0)(204.3, 438.0)(199.0, 438.0);SD
Port:(66.8, 451.3)(66.8, 403.7)(196.8, 403.7)(196.8, 451.3);GATE
Port:(72.0, 409.9)(77.5, 409.9)(77.5, 445.1)(72.0, 445.1);SD
Module:M4
Boundary:(448.1, 384.0)(365.4, 384.0)(365.4, 426.9)(350.3, 426.9)(350.3, 492.4)(448.1, 492.4);GATE
Port:(363.0, 487.8)(435.4, 487.8)(435.4, 492.4)(363.0, 492.4);SD
Port:(448.1, 384.0)(365.4, 384.0)(365.4, 426.9)(350.3, 426.9)(350.3, 486.6)(448.1, 486.6);GATE
Port:(372.1, 388.7)(442.4, 388.7)(442.4, 394.2)(372.1, 394.2);SD
Module:M7
Boundary:(232.0, 503.4)(325.8, 503.4)(325.8, 503.0)(341.6, 503.0)(341.6, 304.4)(232.0, 304.4);GATE
Port:(244.1, 304.4)(329.5, 304.4)(329.5, 310.2)(244.1, 310.2);SD
Port:(232.0, 503.4)(325.8, 503.4)(325.8, 503.0)(341.6, 503.0)(341.6, 311.2)(232.0, 311.2);GATE
Port:(237.6, 494.4)(320.2, 494.4)(320.2, 498.8)(237.6, 498.8);SD
