Area:(-20.0, -20.0)(821.0, -20.0)(821.0, 988.0)(-20.0, 988.0)
Rule:GATE(5,5);SD(5,5);GATE_SD(0.5);GATE_ITO(0.5);SD_ITO(0.5)
Module:M14
Boundary:(20.0, 226.0)(95.5, 226.0)(95.5, 264.0)(183.0, 264.0)(183.0, 314.0)(20.0, 314.0);GATE
Port:(34.5, 304.0)(168.5, 304.0)(168.5, 314.0)(34.5, 314.0);SD
Port:(20.0, 226.0)(95.5, 226.0)(95.5, 264.0)(183.0, 264.0)(183.0, 299.0)(20.0, 299.0);GATE
Port:(30.0, 231.0)(81.0, 231.0)(81.0, 235.0)(30.0, 235.0);SD
Module:M9
Boundary:(246.0, 188.0)(322.0, 188.0)(322.0, 196.0)(337.0, 196.0)(337.0, 300.0)(246.0, 300.0);GATE
Port:(260.5, 290.0)(322.5, 290.0)(322.5, 300.0)(260.5, 300.0);SD
Port:(246.0, 188.0)(322.0, 188.0)(322.0, 196.0)(337.0, 196.0)(337.0, 285.0)(246.0, 285.0);GATE
Port:(256.0, 193.0)(307.0, 193.0)(307.0, 197.0)(256.0, 197.0);SD
Module:M5
Boundary:(223.0, 507.0)(316.5, 507.0)(316.5, 519.0)(332.0, 519.0)(332.0, 613.0)(223.0, 613.0);GATE
Port:(237.5, 603.0)(317.5, 603.0)(317.5, 613.0)(237.5, 613.0);SD
Port:(223.0, 507.0)(316.5, 507.0)(316.5, 519.0)(332.0, 519.0)(332.0, 598.0)(223.0, 598.0);GATE
Port:(233.0, 512.0)(302.0, 512.0)(302.0, 516.0)(233.0, 516.0);SD
Module:M11
Boundary:(246.0, 20.0)(375.5, 20.0)(375.5, 34.0)(391.0, 34.0)(391.0, 148.0)(246.0, 148.0);GATE
Port:(260.5, 138.0)(376.5, 138.0)(376.5, 148.0)(260.5, 148.0);SD
Port:(246.0, 20.0)(375.5, 20.0)(375.5, 34.0)(391.0, 34.0)(391.0, 133.0)(246.0, 133.0);GATE
Port:(256.0, 25.0)(361.0, 25.0)(361.0, 29.0)(256.0, 29.0);SD
Module:M1
Boundary:(380.0, 803.0)(380.0, 932.5)(366.0, 932.5)(366.0, 948.0)(215.0, 948.0)(215.0, 803.0);GATE
Port:(215.0, 817.5)(225.0, 817.5)(225.0, 933.5)(215.0, 933.5);SD
Port:(380.0, 803.0)(380.0, 932.5)(366.0, 932.5)(366.0, 948.0)(230.0, 948.0)(230.0, 803.0);GATE
Port:(371.0, 813.0)(375.0, 813.0)(375.0, 918.0)(371.0, 918.0);SD
Module:M24
Boundary:(20.0, 467.0)(167.5, 467.0)(167.5, 483.0)(183.0, 483.0)(183.0, 612.0)(20.0, 612.0);GATE
Port:(34.5, 602.0)(168.5, 602.0)(168.5, 612.0)(34.5, 612.0);SD
Port:(20.0, 467.0)(167.5, 467.0)(167.5, 483.0)(183.0, 483.0)(183.0, 597.0)(20.0, 597.0);GATE
Port:(30.0, 472.0)(153.0, 472.0)(153.0, 476.0)(30.0, 476.0);SD
Module:M19
Boundary:(574.0, 552.0)(649.5, 552.0)(649.5, 651.6)(773.0, 651.6)(773.0, 719.0)(574.0, 719.0);GATE
Port:(588.5, 709.0)(758.5, 709.0)(758.5, 719.0)(588.5, 719.0);SD
Port:(574.0, 552.0)(649.5, 552.0)(649.5, 651.6)(773.0, 651.6)(773.0, 704.0)(574.0, 704.0);GATE
Port:(584.0, 557.0)(635.0, 557.0)(635.0, 561.0)(584.0, 561.0);SD
Module:M6
Boundary:(172.0, 354.0)(172.0, 427.0)(20.0, 427.0)(20.0, 354.0);GATE
Port:(20.0, 368.5)(30.0, 368.5)(30.0, 412.5)(20.0, 412.5);SD
Port:(172.0, 354.0)(172.0, 427.0)(35.0, 427.0)(35.0, 354.0);GATE
Port:(163.0, 364.0)(167.0, 364.0)(167.0, 417.0)(163.0, 417.0);SD
Module:M21
Boundary:(242.0, 653.0)(318.0, 653.0)(318.0, 661.0)(333.0, 661.0)(333.0, 760.0)(242.0, 760.0);GATE
Port:(256.5, 750.0)(318.5, 750.0)(318.5, 760.0)(256.5, 760.0);SD
Port:(242.0, 653.0)(318.0, 653.0)(318.0, 661.0)(333.0, 661.0)(333.0, 745.0)(242.0, 745.0);GATE
Port:(252.0, 658.0)(303.0, 658.0)(303.0, 662.0)(252.0, 662.0);SD
Module:M2
Boundary:(450.0, 253.0)(450.0, 400.5)(432.0, 400.5)(432.0, 416.0)(377.0, 416.0)(377.0, 253.0);GATE
Port:(377.0, 267.5)(387.0, 267.5)(387.0, 401.5)(377.0, 401.5);SD
Port:(450.0, 253.0)(450.0, 400.5)(432.0, 400.5)(432.0, 416.0)(392.0, 416.0)(392.0, 253.0);GATE
Port:(441.0, 263.0)(445.0, 263.0)(445.0, 386.0)(441.0, 386.0);SD
Module:M16
Boundary:(202.0, 653.0)(202.0, 746.5)(192.0, 746.5)(192.0, 762.0)(20.0, 762.0)(20.0, 653.0);GATE
Port:(20.0, 667.5)(30.0, 667.5)(30.0, 747.5)(20.0, 747.5);SD
Port:(202.0, 653.0)(202.0, 746.5)(192.0, 746.5)(192.0, 762.0)(35.0, 762.0)(35.0, 653.0);GATE
Port:(193.0, 663.0)(197.0, 663.0)(197.0, 732.0)(193.0, 732.0);SD
Module:M13
Boundary:(206.0, 20.0)(206.0, 95.5)(181.8, 95.5)(181.8, 165.0)(133.0, 165.0)(133.0, 20.0);GATE
Port:(133.0, 34.5)(143.0, 34.5)(143.0, 150.5)(133.0, 150.5);SD
Port:(206.0, 20.0)(206.0, 95.5)(181.8, 95.5)(181.8, 165.0)(148.0, 165.0)(148.0, 20.0);GATE
Port:(197.0, 30.0)(201.0, 30.0)(201.0, 81.0)(197.0, 81.0);SD
Module:M10
Boundary:(766.0, 759.0)(766.0, 816.5)(672.3, 816.5)(672.3, 940.0)(575.0, 940.0)(575.0, 759.0);GATE
Port:(575.0, 773.5)(585.0, 773.5)(585.0, 925.5)(575.0, 925.5);SD
Port:(766.0, 759.0)(766.0, 816.5)(672.3, 816.5)(672.3, 940.0)(590.0, 940.0)(590.0, 759.0);GATE
Port:(757.0, 769.0)(761.0, 769.0)(761.0, 802.0)(757.0, 802.0);SD
Module:M7
Boundary:(771.0, 20.0)(771.0, 167.5)(750.0, 167.5)(750.0, 183.0)(693.0, 183.0)(693.0, 20.0);GATE
Port:(693.0, 34.5)(703.0, 34.5)(703.0, 168.5)(693.0, 168.5);SD
Port:(771.0, 20.0)(771.0, 167.5)(750.0, 167.5)(750.0, 183.0)(708.0, 183.0)(708.0, 20.0);GATE
Port:(762.0, 30.0)(766.0, 30.0)(766.0, 153.0)(762.0, 153.0);SD
Module:M3
Boundary:(331.0, 340.0)(331.0, 451.5)(319.0, 451.5)(319.0, 467.0)(223.0, 467.0)(223.0, 340.0);GATE
Port:(223.0, 354.5)(233.0, 354.5)(233.0, 452.5)(223.0, 452.5);SD
Port:(331.0, 340.0)(331.0, 451.5)(319.0, 451.5)(319.0, 467.0)(238.0, 467.0)(238.0, 340.0);GATE
Port:(322.0, 350.0)(326.0, 350.0)(326.0, 437.0)(322.0, 437.0);SD
Module:M23
Boundary:(175.0, 802.0)(175.0, 931.5)(160.0, 931.5)(160.0, 947.0)(20.0, 947.0)(20.0, 802.0);GATE
Port:(20.0, 816.5)(30.0, 816.5)(30.0, 932.5)(20.0, 932.5);SD
Port:(175.0, 802.0)(175.0, 931.5)(160.0, 931.5)(160.0, 947.0)(35.0, 947.0)(35.0, 802.0);GATE
Port:(166.0, 812.0)(170.0, 812.0)(170.0, 917.0)(166.0, 917.0);SD
Module:M18
Boundary:(515.0, 672.0)(515.0, 748.0)(507.0, 748.0)(507.0, 763.0)(373.0, 763.0)(373.0, 672.0);GATE
Port:(373.0, 686.5)(383.0, 686.5)(383.0, 748.5)(373.0, 748.5);SD
Port:(515.0, 672.0)(515.0, 748.0)(507.0, 748.0)(507.0, 763.0)(388.0, 763.0)(388.0, 672.0);GATE
Port:(506.0, 682.0)(510.0, 682.0)(510.0, 733.0)(506.0, 733.0);SD
Module:M20
Boundary:(580.0, 20.0)(653.0, 20.0)(653.0, 153.0)(580.0, 153.0);GATE
Port:(594.5, 143.0)(638.5, 143.0)(638.5, 153.0)(594.5, 153.0);SD
Port:(580.0, 20.0)(653.0, 20.0)(653.0, 138.0)(580.0, 138.0);GATE
Port:(590.0, 25.0)(643.0, 25.0)(643.0, 29.0)(590.0, 29.0);SD
Module:M15
Boundary:(431.0, 20.0)(524.5, 20.0)(524.5, 31.0)(540.0, 31.0)(540.0, 88.0)(431.0, 88.0);GATE
Port:(445.5, 78.0)(525.5, 78.0)(525.5, 88.0)(445.5, 88.0);SD
Port:(431.0, 20.0)(524.5, 20.0)(524.5, 31.0)(540.0, 31.0)(540.0, 73.0)(431.0, 73.0);GATE
Port:(441.0, 25.0)(510.0, 25.0)(510.0, 29.0)(441.0, 29.0);SD
Module:M12
Boundary:(535.0, 803.0)(535.0, 932.5)(521.0, 932.5)(521.0, 948.0)(420.0, 948.0)(420.0, 803.0);GATE
Port:(420.0, 817.5)(430.0, 817.5)(430.0, 933.5)(420.0, 933.5);SD
Port:(535.0, 803.0)(535.0, 932.5)(521.0, 932.5)(521.0, 948.0)(435.0, 948.0)(435.0, 803.0);GATE
Port:(526.0, 813.0)(530.0, 813.0)(530.0, 918.0)(526.0, 918.0);SD
Module:M8
Boundary:(490.0, 253.0)(583.5, 253.0)(583.5, 263.0)(599.0, 263.0)(599.0, 447.0)(490.0, 447.0);GATE
Port:(504.5, 437.0)(584.5, 437.0)(584.5, 447.0)(504.5, 447.0);SD
Port:(490.0, 253.0)(583.5, 253.0)(583.5, 263.0)(599.0, 263.0)(599.0, 432.0)(490.0, 432.0);GATE
Port:(500.0, 258.0)(569.0, 258.0)(569.0, 262.0)(500.0, 262.0);SD
Module:M4
Boundary:(431.0, 128.0)(524.5, 128.0)(524.5, 138.0)(540.0, 138.0)(540.0, 213.0)(431.0, 213.0);GATE
Port:(445.5, 203.0)(525.5, 203.0)(525.5, 213.0)(445.5, 213.0);SD
Port:(431.0, 128.0)(524.5, 128.0)(524.5, 138.0)(540.0, 138.0)(540.0, 198.0)(431.0, 198.0);GATE
Port:(441.0, 133.0)(510.0, 133.0)(510.0, 137.0)(441.0, 137.0);SD
Module:M25
Boundary:(534.0, 487.0)(534.0, 616.5)(520.0, 616.5)(520.0, 632.0)(377.0, 632.0)(377.0, 487.0);GATE
Port:(377.0, 501.5)(387.0, 501.5)(387.0, 617.5)(377.0, 617.5);SD
Port:(534.0, 487.0)(534.0, 616.5)(520.0, 616.5)(520.0, 632.0)(392.0, 632.0)(392.0, 487.0);GATE
Port:(525.0, 497.0)(529.0, 497.0)(529.0, 602.0)(525.0, 602.0);SD
Module:M22
Boundary:(20.0, 20.0)(93.0, 20.0)(93.0, 186.0)(20.0, 186.0);GATE
Port:(34.5, 176.0)(78.5, 176.0)(78.5, 186.0)(34.5, 186.0);SD
Port:(20.0, 20.0)(93.0, 20.0)(93.0, 171.0)(20.0, 171.0);GATE
Port:(30.0, 25.0)(83.0, 25.0)(83.0, 29.0)(30.0, 29.0);SD
Module:M17
Boundary:(781.0, 223.0)(781.0, 334.5)(689.0, 334.5)(689.0, 512.0)(639.0, 512.0)(639.0, 223.0);GATE
Port:(639.0, 237.5)(649.0, 237.5)(649.0, 497.5)(639.0, 497.5);SD
Port:(781.0, 223.0)(781.0, 334.5)(689.0, 334.5)(689.0, 512.0)(654.0, 512.0)(654.0, 223.0);GATE
Port:(772.0, 233.0)(776.0, 233.0)(776.0, 320.0)(772.0, 320.0);SD
