Area:(-20.0, -20.0)(805.2, -20.0)(805.2, 619.1)(-20.0, 619.1)
Rule:GATE(5,5);SD(5,5);GATE_SD(0.5);GATE_ITO(0.5);SD_ITO(0.5)
Module:M14
Boundary:(697.7, 257.9)(749.5, 257.9)(749.5, 314.4)(765.2, 314.4)(765.2, 394.5)(697.7, 394.5);GATE
Port:(711.0, 389.5)(751.9, 389.5)(751.9, 394.5)(711.0, 394.5);SD
Port:(697.7, 257.9)(749.5, 257.9)(749.5, 314.4)(765.2, 314.4)(765.2, 388.3)(697.7, 388.3);GATE
Port:(704.1, 263.3)(742.1, 263.3)(742.1, 268.8)(704.1, 268.8);SD
Module:M9
Boundary:(458.4, 463.6)(555.2, 463.6)(555.2, 575.3)(458.4, 575.3);GATE
Port:(471.6, 570.2)(542.0, 570.2)(542.0, 575.3)(471.6, 575.3);SD
Port:(458.4, 463.6)(555.2, 463.6)(555.2, 567.3)(458.4, 567.3);GATE
Port:(463.8, 468.0)(549.8, 468.0)(549.8, 474.6)(463.8, 474.6);SD
Module:M5
Boundary:(125.8, 249.8)(125.8, 306.1)(125.7, 306.1)(125.7, 324.2)(20.0, 324.2)(20.0, 249.8);GATE
Port:(20.0, 265.4)(24.1, 265.4)(24.1, 308.6)(20.0, 308.6);SD
Port:(125.8, 249.8)(125.8, 306.1)(125.7, 306.1)(125.7, 324.2)(25.3, 324.2)(25.3, 249.8);GATE
Port:(113.5, 256.5)(120.1, 256.5)(120.1, 299.4)(113.5, 299.4);SD
Module:M11
Boundary:(154.1, 488.5)(218.0, 488.5)(218.0, 579.1)(154.1, 579.1);GATE
Port:(168.1, 574.5)(204.0, 574.5)(204.0, 579.1)(168.1, 579.1);SD
Port:(154.1, 488.5)(218.0, 488.5)(218.0, 572.5)(154.1, 572.5);GATE
Port:(160.1, 493.5)(212.0, 493.5)(212.0, 500.9)(160.1, 500.9);SD
Module:M1
Boundary:(20.0, 488.5)(114.1, 488.5)(114.1, 575.5)(20.0, 575.5);GATE
Port:(33.0, 570.2)(101.1, 570.2)(101.1, 575.5)(33.0, 575.5);SD
Port:(20.0, 488.5)(114.1, 488.5)(114.1, 568.4)(20.0, 568.4);GATE
Port:(26.0, 493.5)(108.1, 493.5)(108.1, 498.6)(26.0, 498.6);SD
Module:M19
Boundary:(203.3, 136.7)(203.3, 209.8)(20.0, 209.8)(20.0, 136.7);GATE
Port:(20.0, 148.2)(25.4, 148.2)(25.4, 198.3)(20.0, 198.3);SD
Port:(203.3, 136.7)(203.3, 209.8)(27.5, 209.8)(27.5, 136.7);GATE
Port:(193.4, 143.0)(198.0, 143.0)(198.0, 203.5)(193.4, 203.5);SD
Module:M6
Boundary:(761.4, 437.9)(761.4, 521.2)(676.5, 521.2)(676.5, 536.7)(595.2, 536.7)(595.2, 437.9);GATE
Port:(595.2, 451.2)(599.4, 451.2)(599.4, 523.4)(595.2, 523.4);SD
Port:(761.4, 437.9)(761.4, 521.2)(676.5, 521.2)(676.5, 536.7)(601.5, 536.7)(601.5, 437.9);GATE
Port:(750.8, 443.3)(757.0, 443.3)(757.0, 514.8)(750.8, 514.8);SD
Module:M2
Boundary:(589.8, 257.9)(642.3, 257.9)(642.3, 292.3)(657.7, 292.3)(657.7, 397.9)(589.8, 397.9);GATE
Port:(603.9, 392.6)(643.6, 392.6)(643.6, 397.9)(603.9, 397.9);SD
Port:(589.8, 257.9)(642.3, 257.9)(642.3, 292.3)(657.7, 292.3)(657.7, 390.0)(589.8, 390.0);GATE
Port:(596.2, 263.3)(634.9, 263.3)(634.9, 269.1)(596.2, 269.1);SD
Module:M16
Boundary:(283.7, 382.2)(400.1, 382.2)(400.1, 467.7)(418.4, 467.7)(418.4, 578.4)(283.7, 578.4);GATE
Port:(298.9, 573.3)(403.2, 573.3)(403.2, 578.4)(298.9, 578.4);SD
Port:(283.7, 382.2)(400.1, 382.2)(400.1, 467.7)(418.4, 467.7)(418.4, 571.7)(283.7, 571.7);GATE
Port:(289.8, 387.3)(393.0, 387.3)(393.0, 394.0)(289.8, 394.0);SD
Module:M13
Boundary:(474.5, 158.6)(534.5, 158.6)(534.5, 159.0)(549.8, 159.0)(549.8, 262.2)(474.5, 262.2);GATE
Port:(485.9, 256.5)(538.4, 256.5)(538.4, 262.2)(485.9, 262.2);SD
Port:(474.5, 158.6)(534.5, 158.6)(534.5, 159.0)(549.8, 159.0)(549.8, 255.0)(474.5, 255.0);GATE
Port:(479.7, 162.8)(529.3, 162.8)(529.3, 167.3)(479.7, 167.3);SD
Module:M10
Boundary:(540.7, 20.0)(609.8, 20.0)(609.8, 70.0)(625.3, 70.0)(625.3, 118.6)(540.7, 118.6);GATE
Port:(554.9, 113.1)(611.1, 113.1)(611.1, 118.6)(554.9, 118.6);SD
Port:(540.7, 20.0)(609.8, 20.0)(609.8, 70.0)(625.3, 70.0)(625.3, 111.1)(540.7, 111.1);GATE
Port:(547.1, 25.4)(602.4, 25.4)(602.4, 31.6)(547.1, 31.6);SD
Module:M7
Boundary:(257.6, 20.0)(257.6, 94.8)(166.5, 94.8)(166.5, 20.0);GATE
Port:(166.5, 32.1)(170.5, 32.1)(170.5, 82.7)(166.5, 82.7);SD
Port:(257.6, 20.0)(257.6, 94.8)(173.3, 94.8)(173.3, 20.0);GATE
Port:(247.7, 26.4)(252.2, 26.4)(252.2, 88.4)(247.7, 88.4);SD
Module:M3
Boundary:(243.7, 364.2)(243.7, 432.5)(243.4, 432.5)(243.4, 448.5)(20.0, 448.5)(20.0, 364.2);GATE
Port:(20.0, 378.5)(24.2, 378.5)(24.2, 434.2)(20.0, 434.2);SD
Port:(243.7, 364.2)(243.7, 432.5)(243.4, 432.5)(243.4, 448.5)(25.2, 448.5)(25.2, 364.2);GATE
Port:(231.9, 370.9)(238.0, 370.9)(238.0, 425.8)(231.9, 425.8);SD
Module:M18
Boundary:(434.5, 156.6)(434.5, 207.6)(351.6, 207.6)(351.6, 222.7)(243.3, 222.7)(243.3, 156.6);GATE
Port:(243.3, 170.5)(248.5, 170.5)(248.5, 208.8)(243.3, 208.8);SD
Port:(434.5, 156.6)(434.5, 207.6)(351.6, 207.6)(351.6, 222.7)(251.5, 222.7)(251.5, 156.6);GATE
Port:(423.6, 163.1)(429.0, 163.1)(429.0, 200.1)(423.6, 200.1);SD
Module:M20
Boundary:(549.2, 302.2)(549.2, 407.7)(536.7, 407.7)(536.7, 423.6)(458.4, 423.6)(458.4, 302.2);GATE
Port:(458.4, 317.3)(463.3, 317.3)(463.3, 408.5)(458.4, 408.5);SD
Port:(549.2, 302.2)(549.2, 407.7)(536.7, 407.7)(536.7, 423.6)(465.5, 423.6)(465.5, 302.2);GATE
Port:(537.6, 309.0)(543.4, 309.0)(543.4, 399.9)(537.6, 399.9);SD
Module:M15
Boundary:(126.5, 20.0)(126.5, 96.7)(20.0, 96.7)(20.0, 20.0);GATE
Port:(20.0, 32.3)(25.1, 32.3)(25.1, 84.4)(20.0, 84.4);SD
Port:(126.5, 20.0)(126.5, 96.7)(26.3, 96.7)(26.3, 20.0);GATE
Port:(116.3, 25.8)(121.7, 25.8)(121.7, 90.9)(116.3, 90.9);SD
Module:M12
Boundary:(314.1, 262.7)(384.6, 262.7)(384.6, 273.5)(399.5, 273.5)(399.5, 342.2)(314.1, 342.2);GATE
Port:(328.1, 336.6)(385.5, 336.6)(385.5, 342.2)(328.1, 342.2);SD
Port:(314.1, 262.7)(384.6, 262.7)(384.6, 273.5)(399.5, 273.5)(399.5, 335.5)(314.1, 335.5);GATE
Port:(320.5, 268.1)(376.2, 268.1)(376.2, 273.9)(320.5, 273.9);SD
Module:M8
Boundary:(665.3, 20.0)(748.2, 20.0)(748.2, 124.9)(763.3, 124.9)(763.3, 217.9)(665.3, 217.9);GATE
Port:(678.5, 213.2)(750.1, 213.2)(750.1, 217.9)(678.5, 217.9);SD
Port:(665.3, 20.0)(748.2, 20.0)(748.2, 124.9)(763.3, 124.9)(763.3, 211.5)(665.3, 211.5);GATE
Port:(671.6, 25.3)(740.9, 25.3)(740.9, 30.6)(671.6, 30.6);SD
Module:M4
Boundary:(500.7, 20.0)(500.7, 101.7)(482.4, 101.7)(482.4, 116.6)(297.6, 116.6)(297.6, 20.0);GATE
Port:(297.6, 32.5)(301.9, 32.5)(301.9, 104.1)(297.6, 104.1);SD
Port:(500.7, 20.0)(500.7, 101.7)(482.4, 101.7)(482.4, 116.6)(303.4, 116.6)(303.4, 20.0);GATE
Port:(489.9, 25.1)(496.6, 25.1)(496.6, 95.6)(489.9, 95.6);SD
Module:M17
Boundary:(274.1, 262.7)(274.1, 323.8)(165.8, 323.8)(165.8, 262.7);GATE
Port:(165.8, 274.6)(171.7, 274.6)(171.7, 311.9)(165.8, 311.9);SD
Port:(274.1, 262.7)(274.1, 323.8)(174.3, 323.8)(174.3, 262.7);GATE
Port:(264.8, 267.8)(270.0, 267.8)(270.0, 318.7)(264.8, 318.7);SD
