Area:(0.9, -10.4)(335.1, -10.4)(335.1, 422.2)(0.9, 422.2)
Rule:GATE(5,5);SD(5,5);GATE_SD(0.5);GATE_ITO(0.5);SD_ITO(0.5)
Module:M1
Boundary:(152.8, 109.2)(221.9, 109.2)(221.9, 264.6)(152.8, 264.6);GATE
Port:(167.3, 259.0)(207.4, 259.0)(207.4, 264.6)(167.3, 264.6);SD
Port:(152.8, 109.2)(221.9, 109.2)(221.9, 257.3)(152.8, 257.3);GATE
Port:(158.9, 114.3)(215.8, 114.3)(215.8, 120.6)(158.9, 120.6);SD
Module:M5
Boundary:(59.5, 29.6)(130.6, 29.6)(130.6, 29.8)(146.9, 29.8)(146.9, 208.1)(59.5, 208.1);GATE
Port:(75.0, 202.7)(131.4, 202.7)(131.4, 208.1)(75.0, 208.1);SD
Port:(59.5, 29.6)(130.6, 29.6)(130.6, 29.8)(146.9, 29.8)(146.9, 200.0)(59.5, 200.0);GATE
Port:(66.5, 35.5)(123.7, 35.5)(123.7, 42.9)(66.5, 42.9);SD
Module:M3
Boundary:(295.1, 30.4)(244.7, 30.4)(244.7, 30.6)(228.3, 30.6)(228.3, 247.2)(295.1, 247.2);GATE
Port:(242.2, 242.6)(281.2, 242.6)(281.2, 247.2)(242.2, 247.2);SD
Port:(295.1, 30.4)(244.7, 30.4)(244.7, 30.6)(228.3, 30.6)(228.3, 240.4)(295.1, 240.4);GATE
Port:(250.7, 35.4)(289.1, 35.4)(289.1, 41.2)(250.7, 41.2);SD
Module:M2
Boundary:(40.9, 330.4)(121.2, 330.4)(121.2, 321.4)(135.9, 321.4)(135.9, 217.0)(40.9, 217.0);GATE
Port:(53.0, 217.0)(123.8, 217.0)(123.8, 222.0)(53.0, 222.0);SD
Port:(40.9, 330.4)(121.2, 330.4)(121.2, 321.4)(135.9, 321.4)(135.9, 223.7)(40.9, 223.7);GATE
Port:(47.4, 320.6)(113.7, 320.6)(113.7, 324.9)(47.4, 324.9);SD
Module:M4
Boundary:(280.6, 382.2)(174.0, 382.2)(174.0, 339.5)(157.5, 339.5)(157.5, 272.9)(280.6, 272.9);GATE
Port:(171.4, 272.9)(266.7, 272.9)(266.7, 278.9)(171.4, 278.9);SD
Port:(280.6, 382.2)(174.0, 382.2)(174.0, 339.5)(157.5, 339.5)(157.5, 281.1)(280.6, 281.1);GATE
Port:(181.1, 370.9)(274.5, 370.9)(274.5, 377.1)(181.1, 377.1);SD
