Area:(-20.0, -20.0)(273.1, -20.0)(273.1, 561.8)(-20.0, 561.8)
Rule:GATE(5,5);SD(5,5);GATE_SD(0.5);GATE_ITO(0.5);SD_ITO(0.5)
Module:M5
Boundary:(20.0, 20.0)(116.9, 20.0)(116.9, 137.7)(20.0, 137.7);GATE
Port:(31.9, 132.0)(105.0, 132.0)(105.0, 137.7)(31.9, 137.7);SD
Port:(20.0, 20.0)(116.9, 20.0)(116.9, 129.2)(20.0, 129.2);GATE
Port:(26.1, 25.1)(110.8, 25.1)(110.8, 30.1)(26.1, 30.1);SD
Module:M1
Boundary:(121.9, 177.7)(230.6, 177.7)(230.6, 383.4)(121.9, 383.4);GATE
Port:(136.4, 379.2)(216.1, 379.2)(216.1, 383.4)(136.4, 383.4);SD
Port:(121.9, 177.7)(230.6, 177.7)(230.6, 376.9)(121.9, 376.9);GATE
Port:(128.8, 183.6)(223.7, 183.6)(223.7, 188.7)(128.8, 188.7);SD
Module:M2
Boundary:(156.9, 20.0)(218.7, 20.0)(218.7, 56.7)(233.1, 56.7)(233.1, 117.1)(156.9, 117.1);GATE
Port:(168.7, 111.7)(221.3, 111.7)(221.3, 117.1)(168.7, 117.1);SD
Port:(156.9, 20.0)(218.7, 20.0)(218.7, 56.7)(233.1, 56.7)(233.1, 109.3)(156.9, 109.3);GATE
Port:(162.2, 24.3)(212.4, 24.3)(212.4, 28.8)(162.2, 28.8);SD
Module:M3
Boundary:(195.1, 423.4)(195.1, 521.8)(20.0, 521.8)(20.0, 423.4);GATE
Port:(20.0, 437.8)(25.4, 437.8)(25.4, 507.4)(20.0, 507.4);SD
Port:(195.1, 423.4)(195.1, 521.8)(27.2, 521.8)(27.2, 423.4);GATE
Port:(183.2, 429.9)(189.6, 429.9)(189.6, 515.3)(183.2, 515.3);SD
Module:M4
Boundary:(20.0, 177.7)(68.4, 177.7)(68.4, 231.5)(81.9, 231.5)(81.9, 292.4)(20.0, 292.4);GATE
Port:(33.3, 286.9)(68.6, 286.9)(68.6, 292.4)(33.3, 292.4);SD
Port:(20.0, 177.7)(68.4, 177.7)(68.4, 231.5)(81.9, 231.5)(81.9, 284.7)(20.0, 284.7);GATE
Port:(26.3, 183.0)(61.1, 183.0)(61.1, 189.0)(26.3, 189.0);SD
