Area:(-20.0, -20.0)(878.0, -20.0)(878.0, 877.0)(-20.0, 877.0)
Rule:GATE(5,5);SD(5,5);GATE_SD(0.5);GATE_ITO(0.5);SD_ITO(0.5)
Module:M14
Boundary:(562.0, 649.0)(638.0, 649.0)(638.0, 657.0)(653.0, 657.0)(653.0, 837.0)(562.0, 837.0);GATE
Port:(576.5, 827.0)(638.5, 827.0)(638.5, 837.0)(576.5, 837.0);SD
Port:(562.0, 649.0)(638.0, 649.0)(638.0, 657.0)(653.0, 657.0)(653.0, 822.0)(562.0, 822.0);GATE
Port:(572.0, 654.0)(623.0, 654.0)(623.0, 658.0)(572.0, 658.0);SD
Module:M9
Boundary:(543.0, 241.0)(636.5, 241.0)(636.5, 251.0)(652.0, 251.0)(652.0, 318.0)(543.0, 318.0);GATE
Port:(557.5, 308.0)(637.5, 308.0)(637.5, 318.0)(557.5, 318.0);SD
Port:(543.0, 241.0)(636.5, 241.0)(636.5, 251.0)(652.0, 251.0)(652.0, 303.0)(543.0, 303.0);GATE
Port:(553.0, 246.0)(622.0, 246.0)(622.0, 250.0)(553.0, 250.0);SD
Module:M5
Boundary:(264.0, 20.0)(337.0, 20.0)(337.0, 189.0)(264.0, 189.0);GATE
Port:(278.5, 179.0)(322.5, 179.0)(322.5, 189.0)(278.5, 189.0);SD
Port:(264.0, 20.0)(337.0, 20.0)(337.0, 174.0)(264.0, 174.0);GATE
Port:(274.0, 25.0)(327.0, 25.0)(327.0, 29.0)(274.0, 29.0);SD
Module:M11
Boundary:(838.0, 764.0)(838.0, 837.0)(693.0, 837.0)(693.0, 764.0);GATE
Port:(693.0, 778.5)(703.0, 778.5)(703.0, 822.5)(693.0, 822.5);SD
Port:(838.0, 764.0)(838.0, 837.0)(708.0, 837.0)(708.0, 764.0);GATE
Port:(829.0, 774.0)(833.0, 774.0)(833.0, 827.0)(829.0, 827.0);SD
Module:M1
Boundary:(562.0, 529.0)(638.0, 529.0)(638.0, 537.0)(653.0, 537.0)(653.0, 609.0)(562.0, 609.0);GATE
Port:(576.5, 599.0)(638.5, 599.0)(638.5, 609.0)(576.5, 609.0);SD
Port:(562.0, 529.0)(638.0, 529.0)(638.0, 537.0)(653.0, 537.0)(653.0, 594.0)(562.0, 594.0);GATE
Port:(572.0, 534.0)(623.0, 534.0)(623.0, 538.0)(572.0, 538.0);SD
Module:M24
Boundary:(20.0, 417.0)(167.5, 417.0)(167.5, 433.0)(183.0, 433.0)(183.0, 576.0)(20.0, 576.0);GATE
Port:(34.5, 566.0)(168.5, 566.0)(168.5, 576.0)(34.5, 576.0);SD
Port:(20.0, 417.0)(167.5, 417.0)(167.5, 433.0)(183.0, 433.0)(183.0, 561.0)(20.0, 561.0);GATE
Port:(30.0, 422.0)(153.0, 422.0)(153.0, 426.0)(30.0, 426.0);SD
Module:M19
Boundary:(187.0, 229.0)(262.5, 229.0)(262.5, 299.0)(386.0, 299.0)(386.0, 377.0)(187.0, 377.0);GATE
Port:(201.5, 367.0)(371.5, 367.0)(371.5, 377.0)(201.5, 377.0);SD
Port:(187.0, 229.0)(262.5, 229.0)(262.5, 299.0)(386.0, 299.0)(386.0, 362.0)(187.0, 362.0);GATE
Port:(197.0, 234.0)(248.0, 234.0)(248.0, 238.0)(197.0, 238.0);SD
Module:M6
Boundary:(20.0, 243.0)(131.5, 243.0)(131.5, 255.0)(147.0, 255.0)(147.0, 371.0)(20.0, 371.0);GATE
Port:(34.5, 361.0)(132.5, 361.0)(132.5, 371.0)(34.5, 371.0);SD
Port:(20.0, 243.0)(131.5, 243.0)(131.5, 255.0)(147.0, 255.0)(147.0, 356.0)(20.0, 356.0);GATE
Port:(30.0, 248.0)(117.0, 248.0)(117.0, 252.0)(30.0, 252.0);SD
Module:M21
Boundary:(20.0, 20.0)(96.0, 20.0)(96.0, 28.0)(111.0, 28.0)(111.0, 203.0)(20.0, 203.0);GATE
Port:(34.5, 193.0)(96.5, 193.0)(96.5, 203.0)(34.5, 203.0);SD
Port:(20.0, 20.0)(96.0, 20.0)(96.0, 28.0)(111.0, 28.0)(111.0, 188.0)(20.0, 188.0);GATE
Port:(30.0, 25.0)(81.0, 25.0)(81.0, 29.0)(30.0, 29.0);SD
Module:M2
Boundary:(692.0, 181.0)(803.5, 181.0)(803.5, 266.8)(837.0, 266.8)(837.0, 370.0)(692.0, 370.0);GATE
Port:(706.5, 360.0)(822.5, 360.0)(822.5, 370.0)(706.5, 370.0);SD
Port:(692.0, 181.0)(803.5, 181.0)(803.5, 266.8)(837.0, 266.8)(837.0, 355.0)(692.0, 355.0);GATE
Port:(702.0, 186.0)(789.0, 186.0)(789.0, 190.0)(702.0, 190.0);SD
Module:M16
Boundary:(151.0, 20.0)(224.0, 20.0)(224.0, 150.0)(151.0, 150.0);GATE
Port:(165.5, 140.0)(209.5, 140.0)(209.5, 150.0)(165.5, 150.0);SD
Port:(151.0, 20.0)(224.0, 20.0)(224.0, 135.0)(151.0, 135.0);GATE
Port:(161.0, 25.0)(214.0, 25.0)(214.0, 29.0)(161.0, 29.0);SD
Module:M13
Boundary:(501.0, 151.0)(501.0, 224.0)(426.0, 224.0)(426.0, 151.0);GATE
Port:(426.0, 165.5)(436.0, 165.5)(436.0, 209.5)(426.0, 209.5);SD
Port:(501.0, 151.0)(501.0, 224.0)(441.0, 224.0)(441.0, 151.0);GATE
Port:(492.0, 161.0)(496.0, 161.0)(496.0, 214.0)(492.0, 214.0);SD
Module:M10
Boundary:(667.0, 410.0)(796.5, 410.0)(796.5, 441.6)(830.0, 441.6)(830.0, 489.0)(667.0, 489.0);GATE
Port:(681.5, 479.0)(815.5, 479.0)(815.5, 489.0)(681.5, 489.0);SD
Port:(667.0, 410.0)(796.5, 410.0)(796.5, 441.6)(830.0, 441.6)(830.0, 474.0)(667.0, 474.0);GATE
Port:(677.0, 415.0)(782.0, 415.0)(782.0, 419.0)(677.0, 419.0);SD
Module:M7
Boundary:(692.0, 20.0)(785.5, 20.0)(785.5, 70.7)(819.0, 70.7)(819.0, 141.0)(692.0, 141.0);GATE
Port:(706.5, 131.0)(804.5, 131.0)(804.5, 141.0)(706.5, 141.0);SD
Port:(692.0, 20.0)(785.5, 20.0)(785.5, 70.7)(819.0, 70.7)(819.0, 126.0)(692.0, 126.0);GATE
Port:(702.0, 25.0)(771.0, 25.0)(771.0, 29.0)(702.0, 29.0);SD
Module:M3
Boundary:(693.0, 529.0)(822.5, 529.0)(822.5, 543.0)(838.0, 543.0)(838.0, 724.0)(693.0, 724.0);GATE
Port:(707.5, 714.0)(823.5, 714.0)(823.5, 724.0)(707.5, 724.0);SD
Port:(693.0, 529.0)(822.5, 529.0)(822.5, 543.0)(838.0, 543.0)(838.0, 709.0)(693.0, 709.0);GATE
Port:(703.0, 534.0)(808.0, 534.0)(808.0, 538.0)(703.0, 538.0);SD
Module:M23
Boundary:(522.0, 745.0)(522.0, 821.0)(514.0, 821.0)(514.0, 836.0)(405.0, 836.0)(405.0, 745.0);GATE
Port:(405.0, 759.5)(415.0, 759.5)(415.0, 821.5)(405.0, 821.5);SD
Port:(522.0, 745.0)(522.0, 821.0)(514.0, 821.0)(514.0, 836.0)(420.0, 836.0)(420.0, 745.0);GATE
Port:(513.0, 755.0)(517.0, 755.0)(517.0, 806.0)(513.0, 806.0);SD
Module:M18
Boundary:(501.0, 264.0)(501.0, 337.0)(426.0, 337.0)(426.0, 264.0);GATE
Port:(426.0, 278.5)(436.0, 278.5)(436.0, 322.5)(426.0, 322.5);SD
Port:(501.0, 264.0)(501.0, 337.0)(441.0, 337.0)(441.0, 264.0);GATE
Port:(492.0, 274.0)(496.0, 274.0)(496.0, 327.0)(492.0, 327.0);SD
Module:M20
Boundary:(503.0, 20.0)(503.0, 96.0)(495.0, 96.0)(495.0, 111.0)(377.0, 111.0)(377.0, 20.0);GATE
Port:(377.0, 34.5)(387.0, 34.5)(387.0, 96.5)(377.0, 96.5);SD
Port:(503.0, 20.0)(503.0, 96.0)(495.0, 96.0)(495.0, 111.0)(392.0, 111.0)(392.0, 20.0);GATE
Port:(494.0, 30.0)(498.0, 30.0)(498.0, 81.0)(494.0, 81.0);SD
Module:M15
Boundary:(365.0, 744.0)(365.0, 820.0)(357.0, 820.0)(357.0, 835.0)(225.0, 835.0)(225.0, 744.0);GATE
Port:(225.0, 758.5)(235.0, 758.5)(235.0, 820.5)(225.0, 820.5);SD
Port:(365.0, 744.0)(365.0, 820.0)(357.0, 820.0)(357.0, 835.0)(240.0, 835.0)(240.0, 744.0);GATE
Port:(356.0, 754.0)(360.0, 754.0)(360.0, 805.0)(356.0, 805.0);SD
Module:M12
Boundary:(225.0, 602.0)(372.5, 602.0)(372.5, 618.0)(388.0, 618.0)(388.0, 704.0)(225.0, 704.0);GATE
Port:(239.5, 694.0)(373.5, 694.0)(373.5, 704.0)(239.5, 704.0);SD
Port:(225.0, 602.0)(372.5, 602.0)(372.5, 618.0)(388.0, 618.0)(388.0, 689.0)(225.0, 689.0);GATE
Port:(235.0, 607.0)(358.0, 607.0)(358.0, 611.0)(235.0, 611.0);SD
Module:M8
Boundary:(185.0, 616.0)(185.0, 709.5)(105.0, 709.5)(105.0, 833.0)(20.0, 833.0)(20.0, 616.0);GATE
Port:(20.0, 630.5)(30.0, 630.5)(30.0, 818.5)(20.0, 818.5);SD
Port:(185.0, 616.0)(185.0, 709.5)(105.0, 709.5)(105.0, 833.0)(35.0, 833.0)(35.0, 616.0);GATE
Port:(176.0, 626.0)(180.0, 626.0)(180.0, 695.0)(176.0, 695.0);SD
Module:M4
Boundary:(648.0, 20.0)(648.0, 113.5)(585.8, 113.5)(585.8, 201.0)(543.0, 201.0)(543.0, 20.0);GATE
Port:(543.0, 34.5)(553.0, 34.5)(553.0, 186.5)(543.0, 186.5);SD
Port:(648.0, 20.0)(648.0, 113.5)(585.8, 113.5)(585.8, 201.0)(558.0, 201.0)(558.0, 20.0);GATE
Port:(639.0, 30.0)(643.0, 30.0)(643.0, 99.0)(639.0, 99.0);SD
Module:M25
Boundary:(375.0, 417.0)(375.0, 546.5)(361.0, 546.5)(361.0, 562.0)(223.0, 562.0)(223.0, 417.0);GATE
Port:(223.0, 431.5)(233.0, 431.5)(233.0, 547.5)(223.0, 547.5);SD
Port:(375.0, 417.0)(375.0, 546.5)(361.0, 546.5)(361.0, 562.0)(238.0, 562.0)(238.0, 417.0);GATE
Port:(366.0, 427.0)(370.0, 427.0)(370.0, 532.0)(366.0, 532.0);SD
Module:M22
Boundary:(428.0, 528.0)(504.0, 528.0)(504.0, 536.0)(519.0, 536.0)(519.0, 705.0)(428.0, 705.0);GATE
Port:(442.5, 695.0)(504.5, 695.0)(504.5, 705.0)(442.5, 705.0);SD
Port:(428.0, 528.0)(504.0, 528.0)(504.0, 536.0)(519.0, 536.0)(519.0, 690.0)(428.0, 690.0);GATE
Port:(438.0, 533.0)(489.0, 533.0)(489.0, 537.0)(438.0, 537.0);SD
Module:M17
Boundary:(428.0, 377.0)(575.5, 377.0)(575.5, 436.6)(627.0, 436.6)(627.0, 488.0)(428.0, 488.0);GATE
Port:(442.5, 478.0)(612.5, 478.0)(612.5, 488.0)(442.5, 488.0);SD
Port:(428.0, 377.0)(575.5, 377.0)(575.5, 436.6)(627.0, 436.6)(627.0, 473.0)(428.0, 473.0);GATE
Port:(438.0, 382.0)(561.0, 382.0)(561.0, 386.0)(438.0, 386.0);SD
