Area:(-17.1, -20.0)(1199.0, -20.0)(1199.0, 511.8)(-17.1, 511.8)
Rule:GATE(5,5);SD(5,5);GATE_SD(0.5);GATE_ITO(0.5);SD_ITO(0.5)
Module:M6
Boundary:(218.9, 37.9)(218.9, 110.9)(22.9, 110.9)(22.9, 37.9);GATE
Port:(22.9, 52.4)(32.9, 52.4)(32.9, 96.4)(22.9, 96.4);SD
Port:(218.9, 37.9)(218.9, 110.9)(37.9, 110.9)(37.9, 37.9);GATE
Port:(209.9, 47.9)(213.9, 47.9)(213.9, 100.9)(209.9, 100.9);SD
Module:M2
Boundary:(278.8, 96.0)(408.3, 96.0)(408.3, 65.9)(441.8, 65.9)(441.8, 20.0)(278.8, 20.0);GATE
Port:(293.3, 20.0)(427.3, 20.0)(427.3, 30.0)(293.3, 30.0);SD
Port:(278.8, 96.0)(408.3, 96.0)(408.3, 65.9)(441.8, 65.9)(441.8, 35.0)(278.8, 35.0);GATE
Port:(288.8, 87.0)(393.8, 87.0)(393.8, 91.0)(288.8, 91.0);SD
Module:M19
Boundary:(764.0, 36.9)(634.5, 36.9)(634.5, 50.9)(619.0, 50.9)(619.0, 140.9)(764.0, 140.9);GATE
Port:(633.5, 130.9)(749.5, 130.9)(749.5, 140.9)(633.5, 140.9);SD
Port:(764.0, 36.9)(634.5, 36.9)(634.5, 50.9)(619.0, 50.9)(619.0, 125.9)(764.0, 125.9);GATE
Port:(649.0, 41.9)(754.0, 41.9)(754.0, 45.9)(649.0, 45.9);SD
Module:M5
Boundary:(595.0, 36.6)(595.0, 130.1)(585.0, 130.1)(585.0, 145.6)(459.0, 145.6)(459.0, 36.6);GATE
Port:(459.0, 51.1)(469.0, 51.1)(469.0, 131.1)(459.0, 131.1);SD
Port:(595.0, 36.6)(595.0, 130.1)(585.0, 130.1)(585.0, 145.6)(474.0, 145.6)(474.0, 36.6);GATE
Port:(586.0, 46.6)(590.0, 46.6)(590.0, 115.6)(586.0, 115.6);SD
Module:M4
Boundary:(961.2, 129.3)(961.2, 35.8)(951.2, 35.8)(951.2, 20.3)(792.2, 20.3)(792.2, 129.3);GATE
Port:(792.2, 34.8)(802.2, 34.8)(802.2, 114.8)(792.2, 114.8);SD
Port:(961.2, 129.3)(961.2, 35.8)(951.2, 35.8)(951.2, 20.3)(807.2, 20.3)(807.2, 129.3);GATE
Port:(952.2, 50.3)(956.2, 50.3)(956.2, 119.3)(952.2, 119.3);SD
Module:M10
Boundary:(1156.0, 20.0)(1044.5, 20.0)(1044.5, 32.0)(1029.0, 32.0)(1029.0, 172.0)(1156.0, 172.0);GATE
Port:(1043.5, 162.0)(1141.5, 162.0)(1141.5, 172.0)(1043.5, 172.0);SD
Port:(1156.0, 20.0)(1044.5, 20.0)(1044.5, 32.0)(1029.0, 32.0)(1029.0, 157.0)(1156.0, 157.0);GATE
Port:(1059.0, 25.0)(1146.0, 25.0)(1146.0, 29.0)(1059.0, 29.0);SD
Module:M7
Boundary:(31.6, 156.2)(31.6, 249.7)(41.6, 249.7)(41.6, 265.2)(208.6, 265.2)(208.6, 156.2);GATE
Port:(198.6, 170.7)(208.6, 170.7)(208.6, 250.7)(198.6, 250.7);SD
Port:(31.6, 156.2)(31.6, 249.7)(41.6, 249.7)(41.6, 265.2)(193.6, 265.2)(193.6, 156.2);GATE
Port:(36.6, 166.2)(40.6, 166.2)(40.6, 235.2)(36.6, 235.2);SD
Module:M12
Boundary:(496.8, 200.8)(496.8, 294.2)(452.1, 294.2)(452.1, 327.8)(387.8, 327.8)(387.8, 200.8);GATE
Port:(387.8, 215.2)(397.8, 215.2)(397.8, 313.2)(387.8, 313.2);SD
Port:(496.8, 200.8)(496.8, 294.2)(452.1, 294.2)(452.1, 327.8)(402.8, 327.8)(402.8, 200.8);GATE
Port:(487.8, 210.8)(491.8, 210.8)(491.8, 279.8)(487.8, 279.8);SD
Module:M8
Boundary:(332.0, 301.9)(332.0, 208.4)(290.4, 208.4)(290.4, 120.9)(237.0, 120.9)(237.0, 301.9);GATE
Port:(237.0, 135.4)(247.0, 135.4)(247.0, 287.4)(237.0, 287.4);SD
Port:(332.0, 301.9)(332.0, 208.4)(290.4, 208.4)(290.4, 120.9)(252.0, 120.9)(252.0, 301.9);GATE
Port:(323.0, 222.9)(327.0, 222.9)(327.0, 291.9)(323.0, 291.9);SD
Module:M3
Boundary:(922.5, 170.5)(775.0, 170.5)(775.0, 238.7)(741.5, 238.7)(741.5, 320.5)(922.5, 320.5);GATE
Port:(756.0, 310.5)(908.0, 310.5)(908.0, 320.5)(756.0, 320.5);SD
Port:(922.5, 170.5)(775.0, 170.5)(775.0, 238.7)(741.5, 238.7)(741.5, 305.5)(922.5, 305.5);GATE
Port:(789.5, 175.5)(912.5, 175.5)(912.5, 179.5)(789.5, 179.5);SD
Module:M14
Boundary:(616.5, 164.0)(710.0, 164.0)(710.0, 174.0)(725.5, 174.0)(725.5, 325.0)(616.5, 325.0);GATE
Port:(631.0, 315.0)(711.0, 315.0)(711.0, 325.0)(631.0, 325.0);SD
Port:(616.5, 164.0)(710.0, 164.0)(710.0, 174.0)(725.5, 174.0)(725.5, 310.0)(616.5, 310.0);GATE
Port:(626.5, 169.0)(695.5, 169.0)(695.5, 173.0)(626.5, 173.0);SD
Module:M11
Boundary:(586.0, 169.0)(586.0, 316.5)(570.0, 316.5)(570.0, 332.0)(521.0, 332.0)(521.0, 169.0);GATE
Port:(521.0, 183.5)(531.0, 183.5)(531.0, 317.5)(521.0, 317.5);SD
Port:(586.0, 169.0)(586.0, 316.5)(570.0, 316.5)(570.0, 332.0)(536.0, 332.0)(536.0, 169.0);GATE
Port:(577.0, 179.0)(581.0, 179.0)(581.0, 302.0)(577.0, 302.0);SD
Module:M18
Boundary:(196.0, 265.4)(196.0, 341.4)(188.0, 341.4)(188.0, 356.4)(68.0, 356.4)(68.0, 265.4);GATE
Port:(68.0, 279.9)(78.0, 279.9)(78.0, 341.9)(68.0, 341.9);SD
Port:(196.0, 265.4)(196.0, 341.4)(188.0, 341.4)(188.0, 356.4)(83.0, 356.4)(83.0, 265.4);GATE
Port:(187.0, 275.4)(191.0, 275.4)(191.0, 326.4)(187.0, 326.4);SD
Module:M1
Boundary:(699.4, 352.0)(699.4, 425.0)(628.4, 425.0)(628.4, 352.0);GATE
Port:(628.4, 366.5)(638.4, 366.5)(638.4, 410.5)(628.4, 410.5);SD
Port:(699.4, 352.0)(699.4, 425.0)(643.4, 425.0)(643.4, 352.0);GATE
Port:(690.4, 362.0)(694.4, 362.0)(694.4, 415.0)(690.4, 415.0);SD
Module:M16
Boundary:(586.4, 341.0)(456.9, 341.0)(456.9, 359.0)(441.4, 359.0)(441.4, 438.0)(586.4, 438.0);GATE
Port:(455.9, 428.0)(571.9, 428.0)(571.9, 438.0)(455.9, 438.0);SD
Port:(586.4, 341.0)(456.9, 341.0)(456.9, 359.0)(441.4, 359.0)(441.4, 423.0)(586.4, 423.0);GATE
Port:(471.4, 346.0)(576.4, 346.0)(576.4, 350.0)(471.4, 350.0);SD
Module:M13
Boundary:(1159.0, 200.8)(1159.0, 330.3)(1065.0, 330.3)(1065.0, 471.8)(1007.0, 471.8)(1007.0, 200.8);GATE
Port:(1007.0, 215.3)(1017.0, 215.3)(1017.0, 457.3)(1007.0, 457.3);SD
Port:(1159.0, 200.8)(1159.0, 330.3)(1065.0, 330.3)(1065.0, 471.8)(1022.0, 471.8)(1022.0, 200.8);GATE
Port:(1150.0, 210.8)(1154.0, 210.8)(1154.0, 315.8)(1150.0, 315.8);SD
Module:M15
Boundary:(276.9, 338.9)(276.9, 450.4)(288.9, 450.4)(288.9, 465.9)(448.9, 465.9)(448.9, 338.9);GATE
Port:(438.9, 353.4)(448.9, 353.4)(448.9, 451.4)(438.9, 451.4);SD
Port:(276.9, 338.9)(276.9, 450.4)(288.9, 450.4)(288.9, 465.9)(433.9, 465.9)(433.9, 338.9);GATE
Port:(281.9, 348.9)(285.9, 348.9)(285.9, 435.9)(281.9, 435.9);SD
Module:M20
Boundary:(706.0, 456.9)(779.0, 456.9)(779.0, 337.9)(706.0, 337.9);GATE
Port:(720.5, 337.9)(764.5, 337.9)(764.5, 347.9)(720.5, 347.9);SD
Port:(706.0, 456.9)(779.0, 456.9)(779.0, 352.9)(706.0, 352.9);GATE
Port:(716.0, 447.9)(769.0, 447.9)(769.0, 451.9)(716.0, 451.9);SD
Module:M9
Boundary:(237.2, 450.2)(237.2, 377.2)(68.2, 377.2)(68.2, 450.2);GATE
Port:(68.2, 391.7)(78.2, 391.7)(78.2, 435.7)(68.2, 435.7);SD
Port:(237.2, 450.2)(237.2, 377.2)(83.2, 377.2)(83.2, 450.2);GATE
Port:(228.2, 387.2)(232.2, 387.2)(232.2, 440.2)(228.2, 440.2);SD
Module:M17
Boundary:(840.4, 456.8)(840.4, 345.3)(852.4, 345.3)(852.4, 329.8)(948.4, 329.8)(948.4, 456.8);GATE
Port:(938.4, 344.3)(948.4, 344.3)(948.4, 442.3)(938.4, 442.3);SD
Port:(840.4, 456.8)(840.4, 345.3)(852.4, 345.3)(852.4, 329.8)(933.4, 329.8)(933.4, 456.8);GATE
Port:(845.4, 359.8)(849.4, 359.8)(849.4, 446.8)(845.4, 446.8);SD
