Area:(-15.7, 20.8)(259.6, 20.8)(259.6, 700.8)(-15.7, 700.8)
Rule:GATE(5,5);SD(5,5);GATE_SD(0.5);GATE_ITO(0.5);SD_ITO(0.5)
Module:M1
Boundary:(173.0, 60.8)(43.5, 60.8)(43.5, 74.8)(28.0, 74.8)(28.0, 202.8)(173.0, 202.8);GATE
Port:(42.5, 192.8)(158.5, 192.8)(158.5, 202.8)(42.5, 202.8);SD
Port:(173.0, 60.8)(43.5, 60.8)(43.5, 74.8)(28.0, 74.8)(28.0, 187.8)(173.0, 187.8);GATE
Port:(58.0, 65.8)(163.0, 65.8)(163.0, 69.8)(58.0, 69.8);SD
Module:M3
Boundary:(128.1, 254.4)(204.1, 254.4)(204.1, 262.4)(219.1, 262.4)(219.1, 346.4)(128.1, 346.4);GATE
Port:(142.6, 336.4)(204.6, 336.4)(204.6, 346.4)(142.6, 346.4);SD
Port:(128.1, 254.4)(204.1, 254.4)(204.1, 262.4)(219.1, 262.4)(219.1, 331.4)(128.1, 331.4);GATE
Port:(138.1, 259.4)(189.1, 259.4)(189.1, 263.4)(138.1, 263.4);SD
Module:M5
Boundary:(120.7, 217.4)(44.7, 217.4)(44.7, 225.4)(29.7, 225.4)(29.7, 351.4)(120.7, 351.4);GATE
Port:(44.2, 341.4)(106.2, 341.4)(106.2, 351.4)(44.2, 351.4);SD
Port:(120.7, 217.4)(44.7, 217.4)(44.7, 225.4)(29.7, 225.4)(29.7, 336.4)(120.7, 336.4);GATE
Port:(59.7, 222.4)(110.7, 222.4)(110.7, 226.4)(59.7, 226.4);SD
Module:M2
Boundary:(219.6, 358.0)(219.6, 469.5)(207.6, 469.5)(207.6, 485.0)(33.6, 485.0)(33.6, 358.0);GATE
Port:(33.6, 372.5)(43.6, 372.5)(43.6, 470.5)(33.6, 470.5);SD
Port:(219.6, 358.0)(219.6, 469.5)(207.6, 469.5)(207.6, 485.0)(48.6, 485.0)(48.6, 358.0);GATE
Port:(210.6, 368.0)(214.6, 368.0)(214.6, 455.0)(210.6, 455.0);SD
Module:M4
Boundary:(208.3, 660.8)(208.3, 531.3)(194.3, 531.3)(194.3, 515.8)(24.3, 515.8)(24.3, 660.8);GATE
Port:(24.3, 530.3)(34.3, 530.3)(34.3, 646.3)(24.3, 646.3);SD
Port:(208.3, 660.8)(208.3, 531.3)(194.3, 531.3)(194.3, 515.8)(39.3, 515.8)(39.3, 660.8);GATE
Port:(199.3, 545.8)(203.3, 545.8)(203.3, 650.8)(199.3, 650.8);SD
