Area:(-20.0, -20.0)(587.0, -20.0)(587.0, 635.0)(-20.0, 635.0)
Rule:GATE(5,5);SD(5,5);GATE_SD(0.5);GATE_ITO(0.5);SD_ITO(0.5)
Module:M9
Boundary:(395.0, 241.0)(395.0, 317.0)(387.0, 317.0)(387.0, 332.0)(241.0, 332.0)(241.0, 241.0);GATE
Port:(241.0, 255.5)(251.0, 255.5)(251.0, 317.5)(241.0, 317.5);SD
Port:(395.0, 241.0)(395.0, 317.0)(387.0, 317.0)(387.0, 332.0)(256.0, 332.0)(256.0, 241.0);GATE
Port:(386.0, 251.0)(390.0, 251.0)(390.0, 302.0)(386.0, 302.0);SD
Module:M5
Boundary:(537.0, 233.0)(537.0, 380.5)(521.0, 380.5)(521.0, 396.0)(445.0, 396.0)(445.0, 233.0);GATE
Port:(445.0, 247.5)(455.0, 247.5)(455.0, 381.5)(445.0, 381.5);SD
Port:(537.0, 233.0)(537.0, 380.5)(521.0, 380.5)(521.0, 396.0)(460.0, 396.0)(460.0, 233.0);GATE
Port:(528.0, 243.0)(532.0, 243.0)(532.0, 366.0)(528.0, 366.0);SD
Module:M1
Boundary:(348.0, 20.0)(348.0, 131.5)(287.0, 131.5)(287.0, 201.0)(241.0, 201.0)(241.0, 20.0);GATE
Port:(241.0, 34.5)(251.0, 34.5)(251.0, 186.5)(241.0, 186.5);SD
Port:(348.0, 20.0)(348.0, 131.5)(287.0, 131.5)(287.0, 201.0)(256.0, 201.0)(256.0, 20.0);GATE
Port:(339.0, 30.0)(343.0, 30.0)(343.0, 117.0)(339.0, 117.0);SD
Module:M6
Boundary:(20.0, 408.0)(113.5, 408.0)(113.5, 418.0)(129.0, 418.0)(129.0, 595.0)(20.0, 595.0);GATE
Port:(34.5, 585.0)(114.5, 585.0)(114.5, 595.0)(34.5, 595.0);SD
Port:(20.0, 408.0)(113.5, 408.0)(113.5, 418.0)(129.0, 418.0)(129.0, 580.0)(20.0, 580.0);GATE
Port:(30.0, 413.0)(99.0, 413.0)(99.0, 417.0)(30.0, 417.0);SD
Module:M2
Boundary:(546.0, 20.0)(546.0, 167.5)(530.0, 167.5)(530.0, 183.0)(388.0, 183.0)(388.0, 20.0);GATE
Port:(388.0, 34.5)(398.0, 34.5)(398.0, 168.5)(388.0, 168.5);SD
Port:(546.0, 20.0)(546.0, 167.5)(530.0, 167.5)(530.0, 183.0)(403.0, 183.0)(403.0, 20.0);GATE
Port:(537.0, 30.0)(541.0, 30.0)(541.0, 153.0)(537.0, 153.0);SD
Module:M10
Boundary:(30.0, 168.0)(123.5, 168.0)(123.5, 178.0)(139.0, 178.0)(139.0, 358.0)(30.0, 358.0);GATE
Port:(44.5, 348.0)(124.5, 348.0)(124.5, 358.0)(44.5, 358.0);SD
Port:(30.0, 168.0)(123.5, 168.0)(123.5, 178.0)(139.0, 178.0)(139.0, 343.0)(30.0, 343.0);GATE
Port:(40.0, 173.0)(109.0, 173.0)(109.0, 177.0)(40.0, 177.0);SD
Module:M7
Boundary:(348.0, 372.0)(348.0, 445.0)(189.0, 445.0)(189.0, 372.0);GATE
Port:(189.0, 386.5)(199.0, 386.5)(199.0, 430.5)(189.0, 430.5);SD
Port:(348.0, 372.0)(348.0, 445.0)(204.0, 445.0)(204.0, 372.0);GATE
Port:(339.0, 382.0)(343.0, 382.0)(343.0, 435.0)(339.0, 435.0);SD
Module:M3
Boundary:(20.0, 20.0)(167.5, 20.0)(167.5, 62.2)(201.0, 62.2)(201.0, 118.0)(20.0, 118.0);GATE
Port:(34.5, 108.0)(186.5, 108.0)(186.5, 118.0)(34.5, 118.0);SD
Port:(20.0, 20.0)(167.5, 20.0)(167.5, 62.2)(201.0, 62.2)(201.0, 103.0)(20.0, 103.0);GATE
Port:(30.0, 25.0)(153.0, 25.0)(153.0, 29.0)(30.0, 29.0);SD
Module:M8
Boundary:(547.0, 446.0)(547.0, 503.5)(501.2, 503.5)(501.2, 591.0)(408.0, 591.0)(408.0, 446.0);GATE
Port:(408.0, 460.5)(418.0, 460.5)(418.0, 576.5)(408.0, 576.5);SD
Port:(547.0, 446.0)(547.0, 503.5)(501.2, 503.5)(501.2, 591.0)(423.0, 591.0)(423.0, 446.0);GATE
Port:(538.0, 456.0)(542.0, 456.0)(542.0, 489.0)(538.0, 489.0);SD
Module:M4
Boundary:(169.0, 485.0)(298.5, 485.0)(298.5, 527.7)(368.0, 527.7)(368.0, 592.0)(169.0, 592.0);GATE
Port:(183.5, 582.0)(353.5, 582.0)(353.5, 592.0)(183.5, 592.0);SD
Port:(169.0, 485.0)(298.5, 485.0)(298.5, 527.7)(368.0, 527.7)(368.0, 577.0)(169.0, 577.0);GATE
Port:(179.0, 490.0)(284.0, 490.0)(284.0, 494.0)(179.0, 494.0);SD
