Area:(-17.8, -5.9)(560.4, -5.9)(560.4, 528.5)(-17.8, 528.5)
Rule:GATE(5,5);SD(5,5);GATE_SD(0.5);GATE_ITO(0.5);SD_ITO(0.5)
Module:M7
Boundary:(517.6, 179.1)(406.1, 179.1)(406.1, 167.1)(390.6, 167.1)(390.6, 36.1)(517.6, 36.1);GATE
Port:(405.1, 36.1)(503.1, 36.1)(503.1, 46.1)(405.1, 46.1);SD
Port:(517.6, 179.1)(406.1, 179.1)(406.1, 167.1)(390.6, 167.1)(390.6, 51.1)(517.6, 51.1);GATE
Port:(420.6, 170.1)(507.6, 170.1)(507.6, 174.1)(420.6, 174.1);SD
Module:M10
Boundary:(374.5, 87.0)(374.5, 234.5)(358.5, 234.5)(358.5, 250.0)(284.5, 250.0)(284.5, 87.0);GATE
Port:(284.5, 101.5)(294.5, 101.5)(294.5, 235.5)(284.5, 235.5);SD
Port:(374.5, 87.0)(374.5, 234.5)(358.5, 234.5)(358.5, 250.0)(299.5, 250.0)(299.5, 87.0);GATE
Port:(365.5, 97.0)(369.5, 97.0)(369.5, 220.0)(365.5, 220.0);SD
Module:M6
Boundary:(128.4, 215.1)(128.4, 103.6)(70.4, 103.6)(70.4, 34.1)(25.4, 34.1)(25.4, 215.1);GATE
Port:(25.4, 48.6)(35.4, 48.6)(35.4, 200.6)(25.4, 200.6);SD
Port:(128.4, 215.1)(128.4, 103.6)(70.4, 103.6)(70.4, 34.1)(40.4, 34.1)(40.4, 215.1);GATE
Port:(119.4, 118.1)(123.4, 118.1)(123.4, 205.1)(119.4, 205.1);SD
Module:M4
Boundary:(181.1, 230.8)(181.1, 83.3)(218.1, 83.3)(218.1, 49.8)(264.1, 49.8)(264.1, 230.8);GATE
Port:(254.1, 64.3)(264.1, 64.3)(264.1, 216.3)(254.1, 216.3);SD
Port:(181.1, 230.8)(181.1, 83.3)(218.1, 83.3)(218.1, 49.8)(249.1, 49.8)(249.1, 230.8);GATE
Port:(186.1, 97.8)(190.1, 97.8)(190.1, 220.8)(186.1, 220.8);SD
Module:M8
Boundary:(187.2, 236.8)(187.2, 309.8)(22.2, 309.8)(22.2, 236.8);GATE
Port:(22.2, 251.3)(32.2, 251.3)(32.2, 295.3)(22.2, 295.3);SD
Port:(187.2, 236.8)(187.2, 309.8)(37.2, 309.8)(37.2, 236.8);GATE
Port:(178.2, 246.8)(182.2, 246.8)(182.2, 299.8)(178.2, 299.8);SD
Module:M5
Boundary:(221.9, 251.7)(351.4, 251.7)(351.4, 265.6)(366.9, 265.6)(366.9, 319.7)(221.9, 319.7);GATE
Port:(236.4, 309.7)(352.4, 309.7)(352.4, 319.7)(236.4, 319.7);SD
Port:(221.9, 251.7)(351.4, 251.7)(351.4, 265.6)(366.9, 265.6)(366.9, 304.7)(221.9, 304.7);GATE
Port:(231.9, 256.7)(336.9, 256.7)(336.9, 260.7)(231.9, 260.7);SD
Module:M9
Boundary:(393.4, 353.0)(468.9, 353.0)(468.9, 309.5)(520.4, 309.5)(520.4, 203.0)(393.4, 203.0);GATE
Port:(407.9, 203.0)(505.9, 203.0)(505.9, 213.0)(407.9, 213.0);SD
Port:(393.4, 353.0)(468.9, 353.0)(468.9, 309.5)(520.4, 309.5)(520.4, 218.0)(393.4, 218.0);GATE
Port:(403.4, 344.0)(454.4, 344.0)(454.4, 348.0)(403.4, 348.0);SD
Module:M1
Boundary:(116.4, 323.9)(43.4, 323.9)(43.4, 485.9)(116.4, 485.9);GATE
Port:(57.9, 475.9)(101.9, 475.9)(101.9, 485.9)(57.9, 485.9);SD
Port:(116.4, 323.9)(43.4, 323.9)(43.4, 470.9)(116.4, 470.9);GATE
Port:(53.4, 328.9)(106.4, 328.9)(106.4, 332.9)(53.4, 332.9);SD
Module:M3
Boundary:(145.0, 325.6)(292.5, 325.6)(292.5, 341.6)(308.0, 341.6)(308.0, 474.6)(145.0, 474.6);GATE
Port:(159.5, 464.6)(293.5, 464.6)(293.5, 474.6)(159.5, 474.6);SD
Port:(145.0, 325.6)(292.5, 325.6)(292.5, 341.6)(308.0, 341.6)(308.0, 459.6)(145.0, 459.6);GATE
Port:(155.0, 330.6)(278.0, 330.6)(278.0, 334.6)(155.0, 334.6);SD
Module:M2
Boundary:(462.7, 488.5)(462.7, 377.0)(450.7, 377.0)(450.7, 361.5)(308.7, 361.5)(308.7, 488.5);GATE
Port:(308.7, 376.0)(318.7, 376.0)(318.7, 474.0)(308.7, 474.0);SD
Port:(462.7, 488.5)(462.7, 377.0)(450.7, 377.0)(450.7, 361.5)(323.7, 361.5)(323.7, 488.5);GATE
Port:(453.7, 391.5)(457.7, 391.5)(457.7, 478.5)(453.7, 478.5);SD
