Area:(-20.0, -20.0)(1054.0, -20.0)(1054.0, 510.0)(-20.0, 510.0)
Rule:GATE(5,5);SD(5,5);GATE_SD(0.5);GATE_ITO(0.5);SD_ITO(0.5)
Module:M14
Boundary:(324.0, 161.0)(324.0, 234.0)(161.0, 234.0)(161.0, 161.0);GATE
Port:(161.0, 175.5)(171.0, 175.5)(171.0, 219.5)(161.0, 219.5);SD
Port:(324.0, 161.0)(324.0, 234.0)(176.0, 234.0)(176.0, 161.0);GATE
Port:(315.0, 171.0)(319.0, 171.0)(319.0, 224.0)(315.0, 224.0);SD
Module:M9
Boundary:(463.0, 20.0)(536.0, 20.0)(536.0, 123.0)(463.0, 123.0);GATE
Port:(477.5, 113.0)(521.5, 113.0)(521.5, 123.0)(477.5, 123.0);SD
Port:(463.0, 20.0)(536.0, 20.0)(536.0, 108.0)(463.0, 108.0);GATE
Port:(473.0, 25.0)(526.0, 25.0)(526.0, 29.0)(473.0, 29.0);SD
Module:M5
Boundary:(777.0, 305.0)(777.0, 452.5)(761.0, 452.5)(761.0, 468.0)(599.0, 468.0)(599.0, 305.0);GATE
Port:(599.0, 319.5)(609.0, 319.5)(609.0, 453.5)(599.0, 453.5);SD
Port:(777.0, 305.0)(777.0, 452.5)(761.0, 452.5)(761.0, 468.0)(614.0, 468.0)(614.0, 305.0);GATE
Port:(768.0, 315.0)(772.0, 315.0)(772.0, 438.0)(768.0, 438.0);SD
Module:M11
Boundary:(20.0, 152.0)(96.0, 152.0)(96.0, 160.0)(111.0, 160.0)(111.0, 279.0)(20.0, 279.0);GATE
Port:(34.5, 269.0)(96.5, 269.0)(96.5, 279.0)(34.5, 279.0);SD
Port:(20.0, 152.0)(96.0, 152.0)(96.0, 160.0)(111.0, 160.0)(111.0, 264.0)(20.0, 264.0);GATE
Port:(30.0, 157.0)(81.0, 157.0)(81.0, 161.0)(30.0, 161.0);SD
Module:M1
Boundary:(404.0, 302.0)(533.5, 302.0)(533.5, 316.0)(549.0, 316.0)(549.0, 458.0)(404.0, 458.0);GATE
Port:(418.5, 448.0)(534.5, 448.0)(534.5, 458.0)(418.5, 458.0);SD
Port:(404.0, 302.0)(533.5, 302.0)(533.5, 316.0)(549.0, 316.0)(549.0, 443.0)(404.0, 443.0);GATE
Port:(414.0, 307.0)(519.0, 307.0)(519.0, 311.0)(414.0, 311.0);SD
Module:M6
Boundary:(139.0, 319.0)(139.0, 448.5)(125.0, 448.5)(125.0, 464.0)(20.0, 464.0)(20.0, 319.0);GATE
Port:(20.0, 333.5)(30.0, 333.5)(30.0, 449.5)(20.0, 449.5);SD
Port:(139.0, 319.0)(139.0, 448.5)(125.0, 448.5)(125.0, 464.0)(35.0, 464.0)(35.0, 319.0);GATE
Port:(130.0, 329.0)(134.0, 329.0)(134.0, 434.0)(130.0, 434.0);SD
Module:M2
Boundary:(179.0, 397.0)(326.5, 397.0)(326.5, 413.0)(342.0, 413.0)(342.0, 468.0)(179.0, 468.0);GATE
Port:(193.5, 458.0)(327.5, 458.0)(327.5, 468.0)(193.5, 468.0);SD
Port:(179.0, 397.0)(326.5, 397.0)(326.5, 413.0)(342.0, 413.0)(342.0, 453.0)(179.0, 453.0);GATE
Port:(189.0, 402.0)(312.0, 402.0)(312.0, 406.0)(189.0, 406.0);SD
Module:M16
Boundary:(615.0, 184.0)(762.5, 184.0)(762.5, 200.0)(778.0, 200.0)(778.0, 265.0)(615.0, 265.0);GATE
Port:(629.5, 255.0)(763.5, 255.0)(763.5, 265.0)(629.5, 265.0);SD
Port:(615.0, 184.0)(762.5, 184.0)(762.5, 200.0)(778.0, 200.0)(778.0, 250.0)(615.0, 250.0);GATE
Port:(625.0, 189.0)(748.0, 189.0)(748.0, 193.0)(625.0, 193.0);SD
Module:M13
Boundary:(240.0, 20.0)(240.0, 96.0)(232.0, 96.0)(232.0, 111.0)(133.0, 111.0)(133.0, 20.0);GATE
Port:(133.0, 34.5)(143.0, 34.5)(143.0, 96.5)(133.0, 96.5);SD
Port:(240.0, 20.0)(240.0, 96.0)(232.0, 96.0)(232.0, 111.0)(148.0, 111.0)(148.0, 20.0);GATE
Port:(231.0, 30.0)(235.0, 30.0)(235.0, 81.0)(231.0, 81.0);SD
Module:M10
Boundary:(20.0, 20.0)(93.0, 20.0)(93.0, 112.0)(20.0, 112.0);GATE
Port:(34.5, 102.0)(78.5, 102.0)(78.5, 112.0)(34.5, 112.0);SD
Port:(20.0, 20.0)(93.0, 20.0)(93.0, 97.0)(20.0, 97.0);GATE
Port:(30.0, 25.0)(83.0, 25.0)(83.0, 29.0)(30.0, 29.0);SD
Module:M7
Boundary:(394.0, 184.0)(523.5, 184.0)(523.5, 202.1)(575.0, 202.1)(575.0, 252.0)(394.0, 252.0);GATE
Port:(408.5, 242.0)(560.5, 242.0)(560.5, 252.0)(408.5, 252.0);SD
Port:(394.0, 184.0)(523.5, 184.0)(523.5, 202.1)(575.0, 202.1)(575.0, 237.0)(394.0, 237.0);GATE
Port:(404.0, 189.0)(509.0, 189.0)(509.0, 193.0)(404.0, 193.0);SD
Module:M3
Boundary:(576.0, 20.0)(723.5, 20.0)(723.5, 88.3)(775.0, 88.3)(775.0, 144.0)(576.0, 144.0);GATE
Port:(590.5, 134.0)(760.5, 134.0)(760.5, 144.0)(590.5, 144.0);SD
Port:(576.0, 20.0)(723.5, 20.0)(723.5, 88.3)(775.0, 88.3)(775.0, 129.0)(576.0, 129.0);GATE
Port:(586.0, 25.0)(709.0, 25.0)(709.0, 29.0)(586.0, 29.0);SD
Module:M15
Boundary:(1014.0, 145.0)(1014.0, 292.5)(862.7, 292.5)(862.7, 470.0)(818.0, 470.0)(818.0, 145.0);GATE
Port:(818.0, 159.5)(828.0, 159.5)(828.0, 455.5)(818.0, 455.5);SD
Port:(1014.0, 145.0)(1014.0, 292.5)(862.7, 292.5)(862.7, 470.0)(833.0, 470.0)(833.0, 145.0);GATE
Port:(1005.0, 155.0)(1009.0, 155.0)(1009.0, 278.0)(1005.0, 278.0);SD
Module:M12
Boundary:(815.0, 20.0)(962.5, 20.0)(962.5, 36.0)(978.0, 36.0)(978.0, 105.0)(815.0, 105.0);GATE
Port:(829.5, 95.0)(963.5, 95.0)(963.5, 105.0)(829.5, 105.0);SD
Port:(815.0, 20.0)(962.5, 20.0)(962.5, 36.0)(978.0, 36.0)(978.0, 90.0)(815.0, 90.0);GATE
Port:(825.0, 25.0)(948.0, 25.0)(948.0, 29.0)(825.0, 29.0);SD
Module:M8
Boundary:(423.0, 20.0)(423.0, 96.0)(415.0, 96.0)(415.0, 111.0)(280.0, 111.0)(280.0, 20.0);GATE
Port:(280.0, 34.5)(290.0, 34.5)(290.0, 96.5)(280.0, 96.5);SD
Port:(423.0, 20.0)(423.0, 96.0)(415.0, 96.0)(415.0, 111.0)(295.0, 111.0)(295.0, 20.0);GATE
Port:(414.0, 30.0)(418.0, 30.0)(418.0, 81.0)(414.0, 81.0);SD
Module:M4
Boundary:(354.0, 284.0)(354.0, 357.0)(179.0, 357.0)(179.0, 284.0);GATE
Port:(179.0, 298.5)(189.0, 298.5)(189.0, 342.5)(179.0, 342.5);SD
Port:(354.0, 284.0)(354.0, 357.0)(194.0, 357.0)(194.0, 284.0);GATE
Port:(345.0, 294.0)(349.0, 294.0)(349.0, 347.0)(345.0, 347.0);SD
