Area:(-20.0, -20.0)(641.4, -20.0)(641.4, 1878.5)(-20.0, 1878.5)
Rule:GATE(5,5);SD(5,5);GATE_SD(0.5);GATE_ITO(0.5);SD_ITO(0.5)
Module:M14
Boundary:(128.6, 1403.4)(128.6, 1479.0)(88.5, 1479.0)(88.5, 1496.7)(20.0, 1496.7)(20.0, 1403.4);GATE
Port:(20.0, 1418.3)(25.9, 1418.3)(25.9, 1481.8)(20.0, 1481.8);SD
Port:(128.6, 1403.4)(128.6, 1479.0)(88.5, 1479.0)(88.5, 1496.7)(28.1, 1496.7)(28.1, 1403.4);GATE
Port:(116.9, 1410.2)(122.8, 1410.2)(122.8, 1471.2)(116.9, 1471.2);SD
Module:M9
Boundary:(497.3, 838.1)(576.5, 838.1)(576.5, 838.3)(592.0, 838.3)(592.0, 1015.7)(497.3, 1015.7);GATE
Port:(510.3, 1010.6)(579.0, 1010.6)(579.0, 1015.7)(510.3, 1015.7);SD
Port:(497.3, 838.1)(576.5, 838.1)(576.5, 838.3)(592.0, 838.3)(592.0, 1008.4)(497.3, 1008.4);GATE
Port:(502.5, 842.3)(571.3, 842.3)(571.3, 848.5)(502.5, 848.5);SD
Module:M5
Boundary:(369.6, 217.7)(440.1, 217.7)(440.1, 217.7)(457.7, 217.7)(457.7, 355.4)(369.6, 355.4);GATE
Port:(383.8, 349.9)(443.5, 349.9)(443.5, 355.4)(383.8, 355.4);SD
Port:(369.6, 217.7)(440.1, 217.7)(440.1, 217.7)(457.7, 217.7)(457.7, 348.2)(369.6, 348.2);GATE
Port:(375.3, 222.4)(434.4, 222.4)(434.4, 228.8)(375.3, 228.8);SD
Module:M11
Boundary:(145.3, 939.7)(145.3, 972.6)(145.3, 972.6)(145.3, 988.2)(20.0, 988.2)(20.0, 939.7);GATE
Port:(20.0, 952.7)(24.3, 952.7)(24.3, 975.2)(20.0, 975.2);SD
Port:(145.3, 939.7)(145.3, 972.6)(145.3, 972.6)(145.3, 988.2)(26.0, 988.2)(26.0, 939.7);GATE
Port:(134.8, 946.5)(139.5, 946.5)(139.5, 965.8)(134.8, 965.8);SD
Module:M1
Boundary:(298.0, 1160.6)(298.0, 1208.3)(125.9, 1208.3)(125.9, 1160.6);GATE
Port:(125.9, 1174.0)(131.3, 1174.0)(131.3, 1194.9)(125.9, 1194.9);SD
Port:(298.0, 1160.6)(298.0, 1208.3)(133.2, 1208.3)(133.2, 1160.6);GATE
Port:(287.3, 1166.4)(293.2, 1166.4)(293.2, 1202.5)(287.3, 1202.5);SD
Module:M43
Boundary:(342.4, 1023.9)(407.8, 1023.9)(407.8, 1024.1)(423.8, 1024.1)(423.8, 1187.2)(342.4, 1187.2);GATE
Port:(355.7, 1182.9)(410.5, 1182.9)(410.5, 1187.2)(355.7, 1187.2);SD
Port:(342.4, 1023.9)(407.8, 1023.9)(407.8, 1024.1)(423.8, 1024.1)(423.8, 1180.3)(342.4, 1180.3);GATE
Port:(347.7, 1028.2)(402.5, 1028.2)(402.5, 1034.4)(347.7, 1034.4);SD
Module:M38
Boundary:(360.6, 1227.2)(425.8, 1227.2)(425.8, 1279.4)(440.1, 1279.4)(440.1, 1356.9)(360.6, 1356.9);GATE
Port:(374.0, 1352.1)(426.7, 1352.1)(426.7, 1356.9)(374.0, 1356.9);SD
Port:(360.6, 1227.2)(425.8, 1227.2)(425.8, 1279.4)(440.1, 1279.4)(440.1, 1350.9)(360.6, 1350.9);GATE
Port:(366.4, 1232.0)(419.0, 1232.0)(419.0, 1238.0)(366.4, 1238.0);SD
Module:M40
Boundary:(195.7, 396.3)(195.7, 497.7)(30.0, 497.7)(30.0, 396.3);GATE
Port:(30.0, 409.9)(35.9, 409.9)(35.9, 484.1)(30.0, 484.1);SD
Port:(195.7, 396.3)(195.7, 497.7)(38.3, 497.7)(38.3, 396.3);GATE
Port:(184.6, 401.6)(191.4, 401.6)(191.4, 492.4)(184.6, 492.4);SD
Module:M35
Boundary:(595.4, 1055.7)(595.4, 1178.7)(463.8, 1178.7)(463.8, 1055.7);GATE
Port:(463.8, 1070.8)(468.9, 1070.8)(468.9, 1163.6)(463.8, 1163.6);SD
Port:(595.4, 1055.7)(595.4, 1178.7)(471.7, 1178.7)(471.7, 1055.7);GATE
Port:(583.2, 1061.5)(590.6, 1061.5)(590.6, 1172.9)(583.2, 1172.9);SD
Module:M32
Boundary:(235.5, 1697.7)(235.5, 1805.0)(218.1, 1805.0)(218.1, 1821.0)(30.0, 1821.0)(30.0, 1697.7);GATE
Port:(30.0, 1713.4)(35.2, 1713.4)(35.2, 1805.3)(30.0, 1805.3);SD
Port:(235.5, 1697.7)(235.5, 1805.0)(218.1, 1805.0)(218.1, 1821.0)(36.7, 1821.0)(36.7, 1697.7);GATE
Port:(222.6, 1704.7)(229.5, 1704.7)(229.5, 1797.0)(222.6, 1797.0);SD
Module:M27
Boundary:(259.9, 1577.7)(259.9, 1630.9)(259.8, 1630.9)(259.8, 1647.7)(170.4, 1647.7)(170.4, 1577.7);GATE
Port:(170.4, 1592.2)(174.7, 1592.2)(174.7, 1633.2)(170.4, 1633.2);SD
Port:(259.9, 1577.7)(259.9, 1630.9)(259.8, 1630.9)(259.8, 1647.7)(175.9, 1647.7)(175.9, 1577.7);GATE
Port:(248.5, 1584.0)(254.6, 1584.0)(254.6, 1624.6)(248.5, 1624.6);SD
Module:M24
Boundary:(126.9, 1283.7)(126.9, 1348.7)(77.2, 1348.7)(77.2, 1363.4)(20.0, 1363.4)(20.0, 1283.7);GATE
Port:(20.0, 1296.1)(24.4, 1296.1)(24.4, 1351.0)(20.0, 1351.0);SD
Port:(126.9, 1283.7)(126.9, 1348.7)(77.2, 1348.7)(77.2, 1363.4)(26.8, 1363.4)(26.8, 1283.7);GATE
Port:(116.8, 1289.8)(121.8, 1289.8)(121.8, 1341.6)(116.8, 1341.6);SD
Module:M19
Boundary:(513.9, 212.3)(568.3, 212.3)(568.3, 212.6)(585.3, 212.6)(585.3, 399.5)(513.9, 399.5);GATE
Port:(529.0, 395.0)(570.2, 395.0)(570.2, 399.5)(529.0, 399.5);SD
Port:(513.9, 212.3)(568.3, 212.3)(568.3, 212.6)(585.3, 212.6)(585.3, 393.2)(513.9, 393.2);GATE
Port:(520.7, 218.1)(561.5, 218.1)(561.5, 224.1)(520.7, 224.1);SD
Module:M6
Boundary:(389.9, 1396.9)(473.7, 1396.9)(473.7, 1429.1)(489.4, 1429.1)(489.4, 1583.8)(389.9, 1583.8);GATE
Port:(402.3, 1579.7)(477.0, 1579.7)(477.0, 1583.8)(402.3, 1583.8);SD
Port:(389.9, 1396.9)(473.7, 1396.9)(473.7, 1429.1)(489.4, 1429.1)(489.4, 1577.3)(389.9, 1577.3);GATE
Port:(395.2, 1401.2)(467.4, 1401.2)(467.4, 1406.6)(395.2, 1406.6);SD
Module:M21
Boundary:(497.7, 576.5)(597.0, 576.5)(597.0, 798.1)(497.7, 798.1);GATE
Port:(511.8, 793.6)(582.9, 793.6)(582.9, 798.1)(511.8, 798.1);SD
Port:(497.7, 576.5)(597.0, 576.5)(597.0, 791.2)(497.7, 791.2);GATE
Port:(503.2, 581.0)(591.5, 581.0)(591.5, 587.6)(503.2, 587.6);SD
Module:M2
Boundary:(254.8, 20.0)(312.0, 20.0)(312.0, 106.5)(329.6, 106.5)(329.6, 218.1)(254.8, 218.1);GATE
Port:(270.0, 213.2)(314.4, 213.2)(314.4, 218.1)(270.0, 218.1);SD
Port:(254.8, 20.0)(312.0, 20.0)(312.0, 106.5)(329.6, 106.5)(329.6, 211.8)(254.8, 211.8);GATE
Port:(260.1, 24.3)(305.7, 24.3)(305.7, 31.9)(260.1, 31.9);SD
Module:M16
Boundary:(282.5, 810.8)(282.5, 886.9)(233.4, 886.9)(233.4, 900.9)(187.8, 900.9)(187.8, 810.8);GATE
Port:(187.8, 822.2)(193.7, 822.2)(193.7, 889.5)(187.8, 889.5);SD
Port:(282.5, 810.8)(282.5, 886.9)(233.4, 886.9)(233.4, 900.9)(195.7, 900.9)(195.7, 810.8);GATE
Port:(273.4, 816.2)(278.1, 816.2)(278.1, 880.5)(273.4, 880.5);SD
Module:M13
Boundary:(480.1, 1218.7)(579.0, 1218.7)(579.0, 1219.3)(595.0, 1219.3)(595.0, 1341.4)(480.1, 1341.4);GATE
Port:(494.5, 1335.8)(580.6, 1335.8)(580.6, 1341.4)(494.5, 1341.4);SD
Port:(480.1, 1218.7)(579.0, 1218.7)(579.0, 1219.3)(595.0, 1219.3)(595.0, 1334.8)(480.1, 1334.8);GATE
Port:(486.4, 1224.0)(572.7, 1224.0)(572.7, 1229.7)(486.4, 1229.7);SD
Module:M45
Boundary:(170.4, 1417.7)(243.9, 1417.7)(243.9, 1417.9)(257.2, 1417.9)(257.2, 1537.7)(170.4, 1537.7);GATE
Port:(184.0, 1533.6)(243.6, 1533.6)(243.6, 1537.7)(184.0, 1537.7);SD
Port:(170.4, 1417.7)(243.9, 1417.7)(243.9, 1417.9)(257.2, 1417.9)(257.2, 1532.1)(170.4, 1532.1);GATE
Port:(177.3, 1423.6)(237.0, 1423.6)(237.0, 1429.4)(177.3, 1429.4);SD
Module:M10
Boundary:(20.0, 20.0)(92.7, 20.0)(92.7, 72.3)(105.4, 72.3)(105.4, 146.7)(20.0, 146.7);GATE
Port:(31.6, 142.4)(93.8, 142.4)(93.8, 146.7)(31.6, 146.7);SD
Port:(20.0, 20.0)(92.7, 20.0)(92.7, 72.3)(105.4, 72.3)(105.4, 141.0)(20.0, 141.0);GATE
Port:(25.1, 24.1)(86.6, 24.1)(86.6, 30.1)(25.1, 30.1);SD
Module:M42
Boundary:(497.7, 449.5)(584.8, 449.5)(584.8, 487.0)(597.1, 487.0)(597.1, 536.5)(497.7, 536.5);GATE
Port:(510.8, 531.5)(584.0, 531.5)(584.0, 536.5)(510.8, 536.5);SD
Port:(497.7, 449.5)(584.8, 449.5)(584.8, 487.0)(597.1, 487.0)(597.1, 529.0)(497.7, 529.0);GATE
Port:(504.6, 455.4)(576.9, 455.4)(576.9, 460.9)(504.6, 460.9);SD
Module:M37
Boundary:(145.4, 20.0)(201.6, 20.0)(201.6, 20.2)(214.8, 20.2)(214.8, 223.9)(145.4, 223.9);GATE
Port:(156.8, 218.8)(203.4, 218.8)(203.4, 223.9)(156.8, 223.9);SD
Port:(145.4, 20.0)(201.6, 20.0)(201.6, 20.2)(214.8, 20.2)(214.8, 216.0)(145.4, 216.0);GATE
Port:(150.7, 24.3)(196.3, 24.3)(196.3, 29.8)(150.7, 29.8);SD
Module:M34
Boundary:(20.0, 1028.2)(70.8, 1028.2)(70.8, 1104.5)(85.9, 1104.5)(85.9, 1243.7)(20.0, 1243.7);GATE
Port:(33.5, 1238.6)(72.4, 1238.6)(72.4, 1243.7)(33.5, 1243.7);SD
Port:(20.0, 1028.2)(70.8, 1028.2)(70.8, 1104.5)(85.9, 1104.5)(85.9, 1237.1)(20.0, 1237.1);GATE
Port:(26.2, 1033.4)(63.6, 1033.4)(63.6, 1039.3)(26.2, 1039.3);SD
Module:M29
Boundary:(330.4, 890.2)(433.4, 890.2)(433.4, 890.7)(449.9, 890.7)(449.9, 983.9)(330.4, 983.9);GATE
Port:(345.3, 978.7)(435.0, 978.7)(435.0, 983.9)(345.3, 983.9);SD
Port:(330.4, 890.2)(433.4, 890.2)(433.4, 890.7)(449.9, 890.7)(449.9, 976.9)(330.4, 976.9);GATE
Port:(336.9, 895.7)(426.9, 895.7)(426.9, 902.8)(336.9, 902.8);SD
Module:M7
Boundary:(457.3, 395.4)(457.3, 445.7)(457.3, 445.7)(457.3, 462.4)(245.7, 462.4)(245.7, 395.4);GATE
Port:(245.7, 409.0)(249.7, 409.0)(249.7, 448.8)(245.7, 448.8);SD
Port:(457.3, 395.4)(457.3, 445.7)(457.3, 445.7)(457.3, 462.4)(252.4, 462.4)(252.4, 395.4);GATE
Port:(446.4, 400.6)(453.1, 400.6)(453.1, 440.5)(446.4, 440.5);SD
Module:M31
Boundary:(20.0, 1536.7)(114.8, 1536.7)(114.8, 1537.2)(130.4, 1537.2)(130.4, 1623.6)(20.0, 1623.6);GATE
Port:(33.2, 1618.3)(117.2, 1618.3)(117.2, 1623.6)(33.2, 1623.6);SD
Port:(20.0, 1536.7)(114.8, 1536.7)(114.8, 1537.2)(130.4, 1537.2)(130.4, 1616.2)(20.0, 1616.2);GATE
Port:(26.1, 1541.8)(108.7, 1541.8)(108.7, 1546.8)(26.1, 1546.8);SD
Module:M3
Boundary:(494.3, 1625.1)(494.3, 1680.0)(299.9, 1680.0)(299.9, 1625.1);GATE
Port:(299.9, 1639.9)(305.7, 1639.9)(305.7, 1665.2)(299.9, 1665.2);SD
Port:(494.3, 1625.1)(494.3, 1680.0)(307.5, 1680.0)(307.5, 1625.1);GATE
Port:(482.7, 1631.2)(489.2, 1631.2)(489.2, 1673.9)(482.7, 1673.9);SD
Module:M26
Boundary:(30.0, 557.7)(124.9, 557.7)(124.9, 635.5)(139.1, 635.5)(139.1, 735.9)(30.0, 735.9);GATE
Port:(42.8, 731.8)(126.3, 731.8)(126.3, 735.9)(42.8, 735.9);SD
Port:(30.0, 557.7)(124.9, 557.7)(124.9, 635.5)(139.1, 635.5)(139.1, 729.5)(30.0, 729.5);GATE
Port:(35.7, 562.4)(118.2, 562.4)(118.2, 568.2)(35.7, 568.2);SD
Module:M23
Boundary:(534.3, 1381.4)(595.6, 1381.4)(595.6, 1575.6)(534.3, 1575.6);GATE
Port:(546.6, 1571.6)(583.3, 1571.6)(583.3, 1575.6)(546.6, 1575.6);SD
Port:(534.3, 1381.4)(595.6, 1381.4)(595.6, 1569.9)(534.3, 1569.9);GATE
Port:(540.0, 1386.1)(589.9, 1386.1)(589.9, 1390.9)(540.0, 1390.9);SD
Module:M18
Boundary:(137.8, 795.9)(137.8, 877.2)(82.1, 877.2)(82.1, 889.7)(30.0, 889.7)(30.0, 795.9);GATE
Port:(30.0, 810.5)(35.9, 810.5)(35.9, 875.1)(30.0, 875.1);SD
Port:(137.8, 795.9)(137.8, 877.2)(82.1, 877.2)(82.1, 889.7)(38.3, 889.7)(38.3, 795.9);GATE
Port:(124.8, 802.4)(132.3, 802.4)(132.3, 868.7)(124.8, 868.7);SD
Module:M20
Boundary:(369.6, 20.0)(449.9, 20.0)(449.9, 46.7)(463.9, 46.7)(463.9, 177.7)(369.6, 177.7);GATE
Port:(383.4, 173.0)(450.1, 173.0)(450.1, 177.7)(383.4, 177.7);SD
Port:(369.6, 20.0)(449.9, 20.0)(449.9, 46.7)(463.9, 46.7)(463.9, 171.3)(369.6, 171.3);GATE
Port:(375.5, 24.9)(443.0, 24.9)(443.0, 31.6)(375.5, 31.6);SD
Module:M15
Boundary:(299.9, 1417.7)(349.9, 1417.7)(349.9, 1585.1)(299.9, 1585.1);GATE
Port:(312.7, 1579.5)(337.1, 1579.5)(337.1, 1585.1)(312.7, 1585.1);SD
Port:(299.9, 1417.7)(349.9, 1417.7)(349.9, 1577.2)(299.9, 1577.2);GATE
Port:(305.0, 1421.8)(344.8, 1421.8)(344.8, 1427.7)(305.0, 1427.7);SD
Module:M12
Boundary:(189.1, 547.7)(290.7, 547.7)(290.7, 565.6)(305.7, 565.6)(305.7, 633.9)(189.1, 633.9);GATE
Port:(204.1, 629.7)(290.7, 629.7)(290.7, 633.9)(204.1, 633.9);SD
Port:(189.1, 547.7)(290.7, 547.7)(290.7, 565.6)(305.7, 565.6)(305.7, 628.0)(189.1, 628.0);GATE
Port:(196.1, 553.7)(282.7, 553.7)(282.7, 559.6)(196.1, 559.6);SD
Module:M44
Boundary:(493.5, 1720.0)(493.5, 1822.7)(365.5, 1822.7)(365.5, 1838.5)(285.5, 1838.5)(285.5, 1720.0);GATE
Port:(285.5, 1733.8)(291.0, 1733.8)(291.0, 1824.7)(285.5, 1824.7);SD
Port:(493.5, 1720.0)(493.5, 1822.7)(365.5, 1822.7)(365.5, 1838.5)(293.0, 1838.5)(293.0, 1720.0);GATE
Port:(482.5, 1726.6)(487.9, 1726.6)(487.9, 1815.1)(482.5, 1815.1);SD
Module:M39
Boundary:(30.0, 196.7)(93.0, 196.7)(93.0, 323.9)(30.0, 323.9);GATE
Port:(44.1, 319.8)(78.9, 319.8)(78.9, 323.9)(44.1, 323.9);SD
Port:(30.0, 196.7)(93.0, 196.7)(93.0, 318.3)(30.0, 318.3);GATE
Port:(36.0, 201.7)(87.0, 201.7)(87.0, 209.2)(36.0, 209.2);SD
Module:M8
Boundary:(313.7, 263.9)(313.7, 332.2)(243.2, 332.2)(243.2, 346.3)(143.0, 346.3)(143.0, 263.9);GATE
Port:(143.0, 278.9)(149.0, 278.9)(149.0, 331.3)(143.0, 331.3);SD
Port:(313.7, 263.9)(313.7, 332.2)(243.2, 332.2)(243.2, 346.3)(151.6, 346.3)(151.6, 263.9);GATE
Port:(300.3, 270.9)(307.7, 270.9)(307.7, 324.2)(300.3, 324.2);SD
Module:M41
Boundary:(433.2, 629.6)(433.2, 678.7)(433.2, 678.7)(433.2, 694.7)(345.7, 694.7)(345.7, 629.6);GATE
Port:(345.7, 642.5)(350.1, 642.5)(350.1, 681.8)(345.7, 681.8);SD
Port:(433.2, 629.6)(433.2, 678.7)(433.2, 678.7)(433.2, 694.7)(351.5, 694.7)(351.5, 629.6);GATE
Port:(422.7, 636.1)(427.7, 636.1)(427.7, 672.2)(422.7, 672.2);SD
Module:M4
Boundary:(302.4, 1044.7)(302.4, 1107.6)(256.8, 1107.6)(256.8, 1120.6)(125.9, 1120.6)(125.9, 1044.7);GATE
Port:(125.9, 1058.4)(130.5, 1058.4)(130.5, 1106.9)(125.9, 1106.9);SD
Port:(302.4, 1044.7)(302.4, 1107.6)(256.8, 1107.6)(256.8, 1120.6)(131.8, 1120.6)(131.8, 1044.7);GATE
Port:(290.5, 1050.9)(297.2, 1050.9)(297.2, 1100.4)(290.5, 1100.4);SD
Module:M36
Boundary:(290.4, 940.9)(290.4, 990.6)(234.7, 990.6)(234.7, 1004.7)(185.3, 1004.7)(185.3, 940.9);GATE
Port:(185.3, 954.1)(190.3, 954.1)(190.3, 991.5)(185.3, 991.5);SD
Port:(290.4, 940.9)(290.4, 990.6)(234.7, 990.6)(234.7, 1004.7)(193.3, 1004.7)(193.3, 940.9);GATE
Port:(278.9, 946.8)(285.5, 946.8)(285.5, 983.7)(278.9, 983.7);SD
Module:M33
Boundary:(534.3, 1615.6)(601.4, 1615.6)(601.4, 1833.1)(534.3, 1833.1);GATE
Port:(547.4, 1827.9)(588.3, 1827.9)(588.3, 1833.1)(547.4, 1833.1);SD
Port:(534.3, 1615.6)(601.4, 1615.6)(601.4, 1826.5)(534.3, 1826.5);GATE
Port:(541.0, 1621.3)(594.7, 1621.3)(594.7, 1626.2)(541.0, 1626.2);SD
Module:M28
Boundary:(457.3, 734.7)(457.3, 834.7)(403.0, 834.7)(403.0, 850.2)(342.1, 850.2)(342.1, 734.7);GATE
Port:(342.1, 747.5)(347.5, 747.5)(347.5, 837.4)(342.1, 837.4);SD
Port:(457.3, 734.7)(457.3, 834.7)(403.0, 834.7)(403.0, 850.2)(349.5, 850.2)(349.5, 734.7);GATE
Port:(447.0, 740.4)(452.6, 740.4)(452.6, 828.0)(447.0, 828.0);SD
Module:M30
Boundary:(345.7, 502.4)(437.1, 502.4)(437.1, 539.5)(453.7, 539.5)(453.7, 589.6)(345.7, 589.6);GATE
Port:(361.2, 585.3)(438.2, 585.3)(438.2, 589.6)(361.2, 589.6);SD
Port:(345.7, 502.4)(437.1, 502.4)(437.1, 539.5)(453.7, 539.5)(453.7, 583.3)(345.7, 583.3);GATE
Port:(351.8, 507.5)(430.0, 507.5)(430.0, 514.6)(351.8, 514.6);SD
Module:M25
Boundary:(503.9, 20.0)(581.6, 20.0)(581.6, 20.1)(595.7, 20.1)(595.7, 162.3)(503.9, 162.3);GATE
Port:(518.2, 156.9)(581.4, 156.9)(581.4, 162.3)(518.2, 162.3);SD
Port:(503.9, 20.0)(581.6, 20.0)(581.6, 20.1)(595.7, 20.1)(595.7, 155.2)(503.9, 155.2);GATE
Port:(510.8, 25.9)(574.7, 25.9)(574.7, 32.6)(510.8, 32.6);SD
Module:M22
Boundary:(302.1, 673.9)(302.1, 755.8)(266.2, 755.8)(266.2, 770.8)(189.1, 770.8)(189.1, 673.9);GATE
Port:(189.1, 686.9)(193.7, 686.9)(193.7, 757.8)(189.1, 757.8);SD
Port:(302.1, 673.9)(302.1, 755.8)(266.2, 755.8)(266.2, 770.8)(195.6, 770.8)(195.6, 673.9);GATE
Port:(291.8, 680.4)(296.6, 680.4)(296.6, 748.3)(291.8, 748.3);SD
Module:M17
Boundary:(310.6, 1258.3)(310.6, 1352.3)(310.5, 1352.3)(310.5, 1367.7)(180.4, 1367.7)(180.4, 1258.3);GATE
Port:(180.4, 1271.1)(185.9, 1271.1)(185.9, 1354.9)(180.4, 1354.9);SD
Port:(310.6, 1258.3)(310.6, 1352.3)(310.5, 1352.3)(310.5, 1367.7)(187.2, 1367.7)(187.2, 1258.3);GATE
Port:(300.2, 1264.7)(305.2, 1264.7)(305.2, 1345.9)(300.2, 1345.9);SD
