Area:(-20.0, -20.0)(735.3, -20.0)(735.3, 713.9)(-20.0, 713.9)
Rule:GATE(5,5);SD(5,5);GATE_SD(0.5);GATE_ITO(0.5);SD_ITO(0.5)
Module:M14
Boundary:(695.3, 20.0)(695.3, 87.4)(605.7, 87.4)(605.7, 102.8)(523.2, 102.8)(523.2, 20.0);GATE
Port:(523.2, 33.0)(528.7, 33.0)(528.7, 89.8)(523.2, 89.8);SD
Port:(695.3, 20.0)(695.3, 87.4)(605.7, 87.4)(605.7, 102.8)(529.9, 102.8)(529.9, 20.0);GATE
Port:(684.3, 25.6)(690.7, 25.6)(690.7, 80.8)(684.3, 80.8);SD
Module:M9
Boundary:(625.1, 450.6)(688.3, 450.6)(688.3, 673.9)(625.1, 673.9);GATE
Port:(639.6, 669.3)(673.8, 669.3)(673.8, 673.9)(639.6, 673.9);SD
Port:(625.1, 450.6)(688.3, 450.6)(688.3, 667.0)(625.1, 667.0);GATE
Port:(632.0, 456.5)(681.4, 456.5)(681.4, 463.5)(632.0, 463.5);SD
Module:M5
Boundary:(437.4, 185.8)(437.4, 278.0)(240.8, 278.0)(240.8, 185.8);GATE
Port:(240.8, 200.1)(244.9, 200.1)(244.9, 263.7)(240.8, 263.7);SD
Port:(437.4, 185.8)(437.4, 278.0)(246.0, 278.0)(246.0, 185.8);GATE
Port:(425.4, 192.6)(431.6, 192.6)(431.6, 271.2)(425.4, 271.2);SD
Module:M11
Boundary:(593.3, 246.2)(677.8, 246.2)(677.8, 246.4)(694.7, 246.4)(694.7, 410.6)(593.3, 410.6);GATE
Port:(606.7, 405.7)(681.3, 405.7)(681.3, 410.6)(606.7, 410.6);SD
Port:(593.3, 246.2)(677.8, 246.2)(677.8, 246.4)(694.7, 246.4)(694.7, 403.6)(593.3, 403.6);GATE
Port:(598.6, 250.5)(672.5, 250.5)(672.5, 256.4)(598.6, 256.4);SD
Module:M1
Boundary:(579.3, 562.7)(579.3, 657.7)(579.0, 657.7)(579.0, 672.5)(364.2, 672.5)(364.2, 562.7);GATE
Port:(364.2, 576.9)(369.8, 576.9)(369.8, 658.3)(364.2, 658.3);SD
Port:(579.3, 562.7)(579.3, 657.7)(579.0, 657.7)(579.0, 672.5)(371.3, 672.5)(371.3, 562.7);GATE
Port:(566.8, 569.2)(573.8, 569.2)(573.8, 651.2)(566.8, 651.2);SD
Module:M19
Boundary:(324.2, 603.0)(324.2, 653.5)(324.2, 653.5)(324.2, 669.0)(200.3, 669.0)(200.3, 603.0);GATE
Port:(200.3, 617.4)(204.3, 617.4)(204.3, 654.6)(200.3, 654.6);SD
Port:(324.2, 603.0)(324.2, 653.5)(324.2, 653.5)(324.2, 669.0)(206.9, 669.0)(206.9, 603.0);GATE
Port:(312.1, 609.0)(319.2, 609.0)(319.2, 647.5)(312.1, 647.5);SD
Module:M6
Boundary:(691.7, 142.8)(691.7, 191.7)(654.0, 191.7)(654.0, 206.2)(593.3, 206.2)(593.3, 142.8);GATE
Port:(593.3, 155.7)(597.7, 155.7)(597.7, 193.3)(593.3, 193.3);SD
Port:(691.7, 142.8)(691.7, 191.7)(654.0, 191.7)(654.0, 206.2)(600.1, 206.2)(600.1, 142.8);GATE
Port:(680.8, 148.0)(687.5, 148.0)(687.5, 185.5)(680.8, 185.5);SD
Module:M2
Boundary:(240.8, 318.0)(315.1, 318.0)(315.1, 324.4)(331.2, 324.4)(331.2, 408.3)(240.8, 408.3);GATE
Port:(257.1, 402.9)(314.9, 402.9)(314.9, 408.3)(257.1, 408.3);SD
Port:(240.8, 318.0)(315.1, 318.0)(315.1, 324.4)(331.2, 324.4)(331.2, 400.9)(240.8, 400.9);GATE
Port:(247.8, 324.0)(307.1, 324.0)(307.1, 331.3)(247.8, 331.3);SD
Module:M16
Boundary:(135.2, 20.0)(185.1, 20.0)(185.1, 112.1)(200.8, 112.1)(200.8, 196.1)(135.2, 196.1);GATE
Port:(147.8, 191.4)(188.2, 191.4)(188.2, 196.1)(147.8, 196.1);SD
Port:(135.2, 20.0)(185.1, 20.0)(185.1, 112.1)(200.8, 112.1)(200.8, 190.3)(135.2, 190.3);GATE
Port:(140.4, 24.2)(178.9, 24.2)(178.9, 29.5)(140.4, 29.5);SD
Module:M13
Boundary:(526.4, 343.0)(526.4, 404.9)(526.2, 404.9)(526.2, 419.3)(371.2, 419.3)(371.2, 343.0);GATE
Port:(371.2, 356.0)(375.6, 356.0)(375.6, 406.3)(371.2, 406.3);SD
Port:(526.4, 343.0)(526.4, 404.9)(526.2, 404.9)(526.2, 419.3)(377.4, 419.3)(377.4, 343.0);GATE
Port:(515.3, 349.0)(521.4, 349.0)(521.4, 398.9)(515.3, 398.9);SD
Module:M10
Boundary:(477.4, 145.5)(540.0, 145.5)(540.0, 185.7)(553.3, 185.7)(553.3, 303.0)(477.4, 303.0);GATE
Port:(490.6, 298.8)(540.1, 298.8)(540.1, 303.0)(490.6, 303.0);SD
Port:(477.4, 145.5)(540.0, 145.5)(540.0, 185.7)(553.3, 185.7)(553.3, 296.6)(477.4, 296.6);GATE
Port:(483.8, 150.9)(532.6, 150.9)(532.6, 156.5)(483.8, 156.5);SD
Module:M7
Boundary:(135.2, 236.1)(180.3, 236.1)(180.3, 236.2)(194.3, 236.2)(194.3, 389.8)(135.2, 389.8);GATE
Port:(147.3, 385.2)(182.2, 385.2)(182.2, 389.8)(147.3, 389.8);SD
Port:(135.2, 236.1)(180.3, 236.1)(180.3, 236.2)(194.3, 236.2)(194.3, 383.0)(135.2, 383.0);GATE
Port:(141.0, 240.9)(174.5, 240.9)(174.5, 246.2)(141.0, 246.2);SD
Module:M3
Boundary:(585.1, 459.3)(585.1, 508.2)(585.0, 508.2)(585.0, 522.7)(371.2, 522.7)(371.2, 459.3);GATE
Port:(371.2, 473.2)(376.1, 473.2)(376.1, 508.8)(371.2, 508.8);SD
Port:(585.1, 459.3)(585.1, 508.2)(585.0, 508.2)(585.0, 522.7)(378.5, 522.7)(378.5, 459.3);GATE
Port:(573.6, 465.7)(579.7, 465.7)(579.7, 501.8)(573.6, 501.8);SD
Module:M18
Boundary:(483.2, 20.0)(483.2, 89.8)(461.0, 89.8)(461.0, 105.5)(381.8, 105.5)(381.8, 20.0);GATE
Port:(381.8, 34.3)(387.7, 34.3)(387.7, 91.2)(381.8, 91.2);SD
Port:(483.2, 20.0)(483.2, 89.8)(461.0, 89.8)(461.0, 105.5)(389.4, 105.5)(389.4, 20.0);GATE
Port:(471.4, 25.2)(479.0, 25.2)(479.0, 83.6)(471.4, 83.6);SD
Module:M20
Boundary:(240.8, 20.0)(326.4, 20.0)(326.4, 70.4)(341.8, 70.4)(341.8, 145.8)(240.8, 145.8);GATE
Port:(255.2, 141.6)(327.4, 141.6)(327.4, 145.8)(255.2, 145.8);SD
Port:(240.8, 20.0)(326.4, 20.0)(326.4, 70.4)(341.8, 70.4)(341.8, 139.4)(240.8, 139.4);GATE
Port:(246.7, 24.9)(319.5, 24.9)(319.5, 31.9)(246.7, 31.9);SD
Module:M15
Boundary:(317.6, 448.3)(317.6, 563.0)(178.7, 563.0)(178.7, 448.3);GATE
Port:(178.7, 464.0)(184.6, 464.0)(184.6, 547.3)(178.7, 547.3);SD
Port:(317.6, 448.3)(317.6, 563.0)(187.1, 563.0)(187.1, 448.3);GATE
Port:(305.1, 454.0)(312.9, 454.0)(312.9, 557.3)(305.1, 557.3);SD
Module:M12
Boundary:(20.0, 20.0)(77.5, 20.0)(77.5, 95.9)(95.2, 95.9)(95.2, 197.1)(20.0, 197.1);GATE
Port:(34.9, 192.0)(80.3, 192.0)(80.3, 197.1)(34.9, 197.1);SD
Port:(20.0, 20.0)(77.5, 20.0)(77.5, 95.9)(95.2, 95.9)(95.2, 190.1)(20.0, 190.1);GATE
Port:(25.7, 24.7)(70.8, 24.7)(70.8, 31.8)(25.7, 31.8);SD
Module:M8
Boundary:(20.0, 237.1)(82.1, 237.1)(82.1, 328.8)(95.1, 328.8)(95.1, 393.3)(20.0, 393.3);GATE
Port:(33.1, 387.5)(82.0, 387.5)(82.0, 393.3)(33.1, 393.3);SD
Port:(20.0, 237.1)(82.1, 237.1)(82.1, 328.8)(95.1, 328.8)(95.1, 385.4)(20.0, 385.4);GATE
Port:(26.2, 242.3)(74.9, 242.3)(74.9, 248.4)(26.2, 248.4);SD
Module:M4
Boundary:(20.0, 433.3)(123.3, 433.3)(123.3, 497.9)(138.7, 497.9)(138.7, 588.6)(20.0, 588.6);GATE
Port:(35.0, 583.0)(123.7, 583.0)(123.7, 588.6)(35.0, 588.6);SD
Port:(20.0, 433.3)(123.3, 433.3)(123.3, 497.9)(138.7, 497.9)(138.7, 581.3)(20.0, 581.3);GATE
Port:(26.9, 439.2)(115.4, 439.2)(115.4, 445.2)(26.9, 445.2);SD
Module:M17
Boundary:(160.3, 628.6)(160.3, 659.6)(160.2, 659.6)(160.2, 673.9)(20.0, 673.9)(20.0, 628.6);GATE
Port:(20.0, 640.6)(25.9, 640.6)(25.9, 661.9)(20.0, 661.9);SD
Port:(160.3, 628.6)(160.3, 659.6)(160.2, 659.6)(160.2, 673.9)(27.9, 673.9)(27.9, 628.6);GATE
Port:(149.8, 634.2)(155.7, 634.2)(155.7, 654.0)(149.8, 654.0);SD
