Area:(-20.0, -20.0)(607.0, -20.0)(607.0, 1472.0)(-20.0, 1472.0)
Rule:GATE(5,5);SD(5,5);GATE_SD(0.5);GATE_ITO(0.5);SD_ITO(0.5)
Module:M14
Boundary:(448.0, 711.0)(448.0, 822.5)(436.0, 822.5)(436.0, 838.0)(384.0, 838.0)(384.0, 711.0);GATE
Port:(384.0, 725.5)(394.0, 725.5)(394.0, 823.5)(384.0, 823.5);SD
Port:(448.0, 711.0)(448.0, 822.5)(436.0, 822.5)(436.0, 838.0)(399.0, 838.0)(399.0, 711.0);GATE
Port:(439.0, 721.0)(443.0, 721.0)(443.0, 808.0)(439.0, 808.0);SD
Module:M9
Boundary:(367.0, 902.0)(440.0, 902.0)(440.0, 1076.0)(367.0, 1076.0);GATE
Port:(381.5, 1066.0)(425.5, 1066.0)(425.5, 1076.0)(381.5, 1076.0);SD
Port:(367.0, 902.0)(440.0, 902.0)(440.0, 1061.0)(367.0, 1061.0);GATE
Port:(377.0, 907.0)(430.0, 907.0)(430.0, 911.0)(377.0, 911.0);SD
Module:M5
Boundary:(319.0, 20.0)(319.0, 113.5)(309.0, 113.5)(309.0, 129.0)(151.0, 129.0)(151.0, 20.0);GATE
Port:(151.0, 34.5)(161.0, 34.5)(161.0, 114.5)(151.0, 114.5);SD
Port:(319.0, 20.0)(319.0, 113.5)(309.0, 113.5)(309.0, 129.0)(166.0, 129.0)(166.0, 20.0);GATE
Port:(310.0, 30.0)(314.0, 30.0)(314.0, 99.0)(310.0, 99.0);SD
Module:M11
Boundary:(20.0, 20.0)(96.0, 20.0)(96.0, 28.0)(111.0, 28.0)(111.0, 208.0)(20.0, 208.0);GATE
Port:(34.5, 198.0)(96.5, 198.0)(96.5, 208.0)(34.5, 208.0);SD
Port:(20.0, 20.0)(96.0, 20.0)(96.0, 28.0)(111.0, 28.0)(111.0, 193.0)(20.0, 193.0);GATE
Port:(30.0, 25.0)(81.0, 25.0)(81.0, 29.0)(30.0, 29.0);SD
Module:M1
Boundary:(30.0, 495.0)(106.0, 495.0)(106.0, 503.0)(121.0, 503.0)(121.0, 605.0)(30.0, 605.0);GATE
Port:(44.5, 595.0)(106.5, 595.0)(106.5, 605.0)(44.5, 605.0);SD
Port:(30.0, 495.0)(106.0, 495.0)(106.0, 503.0)(121.0, 503.0)(121.0, 590.0)(30.0, 590.0);GATE
Port:(40.0, 500.0)(91.0, 500.0)(91.0, 504.0)(40.0, 504.0);SD
Module:M27
Boundary:(470.0, 1129.0)(546.0, 1129.0)(546.0, 1137.0)(561.0, 1137.0)(561.0, 1208.0)(470.0, 1208.0);GATE
Port:(484.5, 1198.0)(546.5, 1198.0)(546.5, 1208.0)(484.5, 1208.0);SD
Port:(470.0, 1129.0)(546.0, 1129.0)(546.0, 1137.0)(561.0, 1137.0)(561.0, 1193.0)(470.0, 1193.0);GATE
Port:(480.0, 1134.0)(531.0, 1134.0)(531.0, 1138.0)(480.0, 1138.0);SD
Module:M24
Boundary:(565.0, 701.0)(565.0, 830.5)(538.0, 830.5)(538.0, 864.0)(498.0, 864.0)(498.0, 701.0);GATE
Port:(498.0, 715.5)(508.0, 715.5)(508.0, 849.5)(498.0, 849.5);SD
Port:(565.0, 701.0)(565.0, 830.5)(538.0, 830.5)(538.0, 864.0)(513.0, 864.0)(513.0, 701.0);GATE
Port:(556.0, 711.0)(560.0, 711.0)(560.0, 816.0)(556.0, 816.0);SD
Module:M19
Boundary:(30.0, 1244.0)(106.0, 1244.0)(106.0, 1252.0)(121.0, 1252.0)(121.0, 1424.0)(30.0, 1424.0);GATE
Port:(44.5, 1414.0)(106.5, 1414.0)(106.5, 1424.0)(44.5, 1424.0);SD
Port:(30.0, 1244.0)(106.0, 1244.0)(106.0, 1252.0)(121.0, 1252.0)(121.0, 1409.0)(30.0, 1409.0);GATE
Port:(40.0, 1249.0)(91.0, 1249.0)(91.0, 1253.0)(40.0, 1253.0);SD
Module:M6
Boundary:(490.0, 904.0)(563.0, 904.0)(563.0, 1089.0)(490.0, 1089.0);GATE
Port:(504.5, 1079.0)(548.5, 1079.0)(548.5, 1089.0)(504.5, 1089.0);SD
Port:(490.0, 904.0)(563.0, 904.0)(563.0, 1074.0)(490.0, 1074.0);GATE
Port:(500.0, 909.0)(553.0, 909.0)(553.0, 913.0)(500.0, 913.0);SD
Module:M21
Boundary:(20.0, 248.0)(96.0, 248.0)(96.0, 256.0)(111.0, 256.0)(111.0, 445.0)(20.0, 445.0);GATE
Port:(34.5, 435.0)(96.5, 435.0)(96.5, 445.0)(34.5, 445.0);SD
Port:(20.0, 248.0)(96.0, 248.0)(96.0, 256.0)(111.0, 256.0)(111.0, 430.0)(20.0, 430.0);GATE
Port:(30.0, 253.0)(81.0, 253.0)(81.0, 257.0)(30.0, 257.0);SD
Module:M2
Boundary:(30.0, 665.0)(106.0, 665.0)(106.0, 673.0)(121.0, 673.0)(121.0, 817.0)(30.0, 817.0);GATE
Port:(44.5, 807.0)(106.5, 807.0)(106.5, 817.0)(44.5, 817.0);SD
Port:(30.0, 665.0)(106.0, 665.0)(106.0, 673.0)(121.0, 673.0)(121.0, 802.0)(30.0, 802.0);GATE
Port:(40.0, 670.0)(91.0, 670.0)(91.0, 674.0)(40.0, 674.0);SD
Module:M16
Boundary:(171.0, 699.0)(318.5, 699.0)(318.5, 715.0)(334.0, 715.0)(334.0, 852.0)(171.0, 852.0);GATE
Port:(185.5, 842.0)(319.5, 842.0)(319.5, 852.0)(185.5, 852.0);SD
Port:(171.0, 699.0)(318.5, 699.0)(318.5, 715.0)(334.0, 715.0)(334.0, 837.0)(171.0, 837.0);GATE
Port:(181.0, 704.0)(304.0, 704.0)(304.0, 708.0)(181.0, 708.0);SD
Module:M13
Boundary:(558.0, 20.0)(558.0, 131.5)(546.0, 131.5)(546.0, 147.0)(359.0, 147.0)(359.0, 20.0);GATE
Port:(359.0, 34.5)(369.0, 34.5)(369.0, 132.5)(359.0, 132.5);SD
Port:(558.0, 20.0)(558.0, 131.5)(546.0, 131.5)(546.0, 147.0)(374.0, 147.0)(374.0, 20.0);GATE
Port:(549.0, 30.0)(553.0, 30.0)(553.0, 117.0)(549.0, 117.0);SD
Module:M10
Boundary:(317.0, 892.0)(317.0, 1003.5)(255.3, 1003.5)(255.3, 1073.0)(171.0, 1073.0)(171.0, 892.0);GATE
Port:(171.0, 906.5)(181.0, 906.5)(181.0, 1058.5)(171.0, 1058.5);SD
Port:(317.0, 892.0)(317.0, 1003.5)(255.3, 1003.5)(255.3, 1073.0)(186.0, 1073.0)(186.0, 892.0);GATE
Port:(308.0, 902.0)(312.0, 902.0)(312.0, 989.0)(308.0, 989.0);SD
Module:M29
Boundary:(20.0, 867.0)(113.5, 867.0)(113.5, 877.0)(129.0, 877.0)(129.0, 958.0)(20.0, 958.0);GATE
Port:(34.5, 948.0)(114.5, 948.0)(114.5, 958.0)(34.5, 958.0);SD
Port:(20.0, 867.0)(113.5, 867.0)(113.5, 877.0)(129.0, 877.0)(129.0, 943.0)(20.0, 943.0);GATE
Port:(30.0, 872.0)(99.0, 872.0)(99.0, 876.0)(30.0, 876.0);SD
Module:M7
Boundary:(566.0, 1248.0)(566.0, 1359.5)(521.6, 1359.5)(521.6, 1429.0)(481.0, 1429.0)(481.0, 1248.0);GATE
Port:(481.0, 1262.5)(491.0, 1262.5)(491.0, 1414.5)(481.0, 1414.5);SD
Port:(566.0, 1248.0)(566.0, 1359.5)(521.6, 1359.5)(521.6, 1429.0)(496.0, 1429.0)(496.0, 1248.0);GATE
Port:(557.0, 1258.0)(561.0, 1258.0)(561.0, 1345.0)(557.0, 1345.0);SD
Module:M3
Boundary:(441.0, 1358.0)(441.0, 1431.0)(356.0, 1431.0)(356.0, 1358.0);GATE
Port:(356.0, 1372.5)(366.0, 1372.5)(366.0, 1416.5)(356.0, 1416.5);SD
Port:(441.0, 1358.0)(441.0, 1431.0)(371.0, 1431.0)(371.0, 1358.0);GATE
Port:(432.0, 1368.0)(436.0, 1368.0)(436.0, 1421.0)(432.0, 1421.0);SD
Module:M26
Boundary:(171.0, 1113.0)(300.5, 1113.0)(300.5, 1127.0)(316.0, 1127.0)(316.0, 1222.0)(171.0, 1222.0);GATE
Port:(185.5, 1212.0)(301.5, 1212.0)(301.5, 1222.0)(185.5, 1222.0);SD
Port:(171.0, 1113.0)(300.5, 1113.0)(300.5, 1127.0)(316.0, 1127.0)(316.0, 1207.0)(171.0, 1207.0);GATE
Port:(181.0, 1118.0)(286.0, 1118.0)(286.0, 1122.0)(181.0, 1122.0);SD
Module:M23
Boundary:(374.0, 591.0)(521.5, 591.0)(521.5, 619.1)(555.0, 619.1)(555.0, 661.0)(374.0, 661.0);GATE
Port:(388.5, 651.0)(540.5, 651.0)(540.5, 661.0)(388.5, 661.0);SD
Port:(374.0, 591.0)(521.5, 591.0)(521.5, 619.1)(555.0, 619.1)(555.0, 646.0)(374.0, 646.0);GATE
Port:(384.0, 596.0)(507.0, 596.0)(507.0, 600.0)(384.0, 600.0);SD
Module:M18
Boundary:(30.0, 1008.0)(106.0, 1008.0)(106.0, 1016.0)(121.0, 1016.0)(121.0, 1184.0)(30.0, 1184.0);GATE
Port:(44.5, 1174.0)(106.5, 1174.0)(106.5, 1184.0)(44.5, 1184.0);SD
Port:(30.0, 1008.0)(106.0, 1008.0)(106.0, 1016.0)(121.0, 1016.0)(121.0, 1169.0)(30.0, 1169.0);GATE
Port:(40.0, 1013.0)(91.0, 1013.0)(91.0, 1017.0)(40.0, 1017.0);SD
Module:M20
Boundary:(171.0, 343.0)(300.5, 343.0)(300.5, 430.8)(334.0, 430.8)(334.0, 534.0)(171.0, 534.0);GATE
Port:(185.5, 524.0)(319.5, 524.0)(319.5, 534.0)(185.5, 534.0);SD
Port:(171.0, 343.0)(300.5, 343.0)(300.5, 430.8)(334.0, 430.8)(334.0, 519.0)(171.0, 519.0);GATE
Port:(181.0, 348.0)(286.0, 348.0)(286.0, 352.0)(181.0, 352.0);SD
Module:M15
Boundary:(449.0, 406.0)(449.0, 499.5)(415.0, 499.5)(415.0, 551.0)(374.0, 551.0)(374.0, 406.0);GATE
Port:(374.0, 420.5)(384.0, 420.5)(384.0, 536.5)(374.0, 536.5);SD
Port:(449.0, 406.0)(449.0, 499.5)(415.0, 499.5)(415.0, 551.0)(389.0, 551.0)(389.0, 406.0);GATE
Port:(440.0, 416.0)(444.0, 416.0)(444.0, 485.0)(440.0, 485.0);SD
Module:M12
Boundary:(357.0, 1126.0)(430.0, 1126.0)(430.0, 1217.0)(357.0, 1217.0);GATE
Port:(371.5, 1207.0)(415.5, 1207.0)(415.5, 1217.0)(371.5, 1217.0);SD
Port:(357.0, 1126.0)(430.0, 1126.0)(430.0, 1202.0)(357.0, 1202.0);GATE
Port:(367.0, 1131.0)(420.0, 1131.0)(420.0, 1135.0)(367.0, 1135.0);SD
Module:M8
Boundary:(161.0, 179.0)(236.5, 179.0)(236.5, 223.7)(306.0, 223.7)(306.0, 293.0)(161.0, 293.0);GATE
Port:(175.5, 283.0)(291.5, 283.0)(291.5, 293.0)(175.5, 293.0);SD
Port:(161.0, 179.0)(236.5, 179.0)(236.5, 223.7)(306.0, 223.7)(306.0, 278.0)(161.0, 278.0);GATE
Port:(171.0, 184.0)(222.0, 184.0)(222.0, 188.0)(171.0, 188.0);SD
Module:M4
Boundary:(356.0, 1257.0)(429.0, 1257.0)(429.0, 1318.0)(356.0, 1318.0);GATE
Port:(370.5, 1308.0)(414.5, 1308.0)(414.5, 1318.0)(370.5, 1318.0);SD
Port:(356.0, 1257.0)(429.0, 1257.0)(429.0, 1303.0)(356.0, 1303.0);GATE
Port:(366.0, 1262.0)(419.0, 1262.0)(419.0, 1266.0)(366.0, 1266.0);SD
Module:M28
Boundary:(359.0, 187.0)(488.5, 187.0)(488.5, 220.0)(540.0, 220.0)(540.0, 258.0)(359.0, 258.0);GATE
Port:(373.5, 248.0)(525.5, 248.0)(525.5, 258.0)(373.5, 258.0);SD
Port:(359.0, 187.0)(488.5, 187.0)(488.5, 220.0)(540.0, 220.0)(540.0, 243.0)(359.0, 243.0);GATE
Port:(369.0, 192.0)(474.0, 192.0)(474.0, 196.0)(369.0, 196.0);SD
Module:M30
Boundary:(171.0, 574.0)(318.5, 574.0)(318.5, 590.0)(334.0, 590.0)(334.0, 659.0)(171.0, 659.0);GATE
Port:(185.5, 649.0)(319.5, 649.0)(319.5, 659.0)(185.5, 659.0);SD
Port:(171.0, 574.0)(318.5, 574.0)(318.5, 590.0)(334.0, 590.0)(334.0, 644.0)(171.0, 644.0);GATE
Port:(181.0, 579.0)(304.0, 579.0)(304.0, 583.0)(181.0, 583.0);SD
Module:M25
Boundary:(374.0, 298.0)(467.5, 298.0)(467.5, 323.0)(501.0, 323.0)(501.0, 366.0)(374.0, 366.0);GATE
Port:(388.5, 356.0)(486.5, 356.0)(486.5, 366.0)(388.5, 366.0);SD
Port:(374.0, 298.0)(467.5, 298.0)(467.5, 323.0)(501.0, 323.0)(501.0, 351.0)(374.0, 351.0);GATE
Port:(384.0, 303.0)(453.0, 303.0)(453.0, 307.0)(384.0, 307.0);SD
Module:M22
Boundary:(567.0, 406.0)(567.0, 535.5)(553.0, 535.5)(553.0, 551.0)(489.0, 551.0)(489.0, 406.0);GATE
Port:(489.0, 420.5)(499.0, 420.5)(499.0, 536.5)(489.0, 536.5);SD
Port:(567.0, 406.0)(567.0, 535.5)(553.0, 535.5)(553.0, 551.0)(504.0, 551.0)(504.0, 406.0);GATE
Port:(558.0, 416.0)(562.0, 416.0)(562.0, 521.0)(558.0, 521.0);SD
Module:M17
Boundary:(171.0, 1262.0)(300.5, 1262.0)(300.5, 1276.0)(316.0, 1276.0)(316.0, 1432.0)(171.0, 1432.0);GATE
Port:(185.5, 1422.0)(301.5, 1422.0)(301.5, 1432.0)(185.5, 1432.0);SD
Port:(171.0, 1262.0)(300.5, 1262.0)(300.5, 1276.0)(316.0, 1276.0)(316.0, 1417.0)(171.0, 1417.0);GATE
Port:(181.0, 1267.0)(286.0, 1267.0)(286.0, 1271.0)(181.0, 1271.0);SD
