Area:(-20.0, -20.0)(418.6, -20.0)(418.6, 954.7)(-20.0, 954.7)
Rule:GATE(5,5);SD(5,5);GATE_SD(0.5);GATE_ITO(0.5);SD_ITO(0.5)
Module:M8
Boundary:(133.7, 20.0)(133.7, 149.5)(119.7, 149.5)(119.7, 165.0)(45.7, 165.0)(45.7, 20.0);GATE
Port:(45.7, 34.5)(55.7, 34.5)(55.7, 150.5)(45.7, 150.5);SD
Port:(133.7, 20.0)(133.7, 149.5)(119.7, 149.5)(119.7, 165.0)(60.7, 165.0)(60.7, 20.0);GATE
Port:(124.7, 30.0)(128.7, 30.0)(128.7, 135.0)(124.7, 135.0);SD
Module:M9
Boundary:(363.5, 221.4)(363.5, 73.9)(347.5, 73.9)(347.5, 58.4)(167.5, 58.4)(167.5, 221.4);GATE
Port:(167.5, 72.9)(177.5, 72.9)(177.5, 206.9)(167.5, 206.9);SD
Port:(363.5, 221.4)(363.5, 73.9)(347.5, 73.9)(347.5, 58.4)(182.5, 58.4)(182.5, 221.4);GATE
Port:(354.5, 88.4)(358.5, 88.4)(358.5, 211.4)(354.5, 211.4);SD
Module:M2
Boundary:(205.0, 259.9)(205.0, 371.4)(192.0, 371.4)(192.0, 386.9)(20.0, 386.9)(20.0, 259.9);GATE
Port:(20.0, 274.4)(30.0, 274.4)(30.0, 372.4)(20.0, 372.4);SD
Port:(205.0, 259.9)(205.0, 371.4)(192.0, 371.4)(192.0, 386.9)(35.0, 386.9)(35.0, 259.9);GATE
Port:(196.0, 269.9)(200.0, 269.9)(200.0, 356.9)(196.0, 356.9);SD
Module:M5
Boundary:(324.3, 239.6)(230.8, 239.6)(230.8, 249.6)(215.3, 249.6)(215.3, 429.6)(324.3, 429.6);GATE
Port:(229.8, 419.6)(309.8, 419.6)(309.8, 429.6)(229.8, 429.6);SD
Port:(324.3, 239.6)(230.8, 239.6)(230.8, 249.6)(215.3, 249.6)(215.3, 414.6)(324.3, 414.6);GATE
Port:(245.3, 244.6)(314.3, 244.6)(314.3, 248.6)(245.3, 248.6);SD
Module:M10
Boundary:(201.6, 397.4)(201.6, 490.9)(100.6, 490.9)(100.6, 542.4)(25.6, 542.4)(25.6, 397.4);GATE
Port:(25.6, 411.9)(35.6, 411.9)(35.6, 527.9)(25.6, 527.9);SD
Port:(201.6, 397.4)(201.6, 490.9)(100.6, 490.9)(100.6, 542.4)(40.6, 542.4)(40.6, 397.4);GATE
Port:(192.6, 407.4)(196.6, 407.4)(196.6, 476.4)(192.6, 476.4);SD
Module:M1
Boundary:(20.0, 590.1)(149.5, 590.1)(149.5, 637.3)(219.0, 637.3)(219.0, 706.1)(20.0, 706.1);GATE
Port:(34.5, 696.1)(204.5, 696.1)(204.5, 706.1)(34.5, 706.1);SD
Port:(20.0, 590.1)(149.5, 590.1)(149.5, 637.3)(219.0, 637.3)(219.0, 691.1)(20.0, 691.1);GATE
Port:(30.0, 595.1)(135.0, 595.1)(135.0, 599.1)(30.0, 599.1);SD
Module:M7
Boundary:(255.6, 696.9)(255.6, 603.4)(339.6, 603.4)(339.6, 443.9)(378.6, 443.9)(378.6, 696.9);GATE
Port:(368.6, 458.4)(378.6, 458.4)(378.6, 682.4)(368.6, 682.4);SD
Port:(255.6, 696.9)(255.6, 603.4)(339.6, 603.4)(339.6, 443.9)(363.6, 443.9)(363.6, 696.9);GATE
Port:(260.6, 617.9)(264.6, 617.9)(264.6, 686.9)(260.6, 686.9);SD
Module:M3
Boundary:(21.8, 804.5)(21.8, 731.5)(198.8, 731.5)(198.8, 804.5);GATE
Port:(188.8, 746.0)(198.8, 746.0)(198.8, 790.0)(188.8, 790.0);SD
Port:(21.8, 804.5)(21.8, 731.5)(183.8, 731.5)(183.8, 804.5);GATE
Port:(26.8, 741.5)(30.8, 741.5)(30.8, 794.5)(26.8, 794.5);SD
Module:M6
Boundary:(212.3, 912.1)(341.8, 912.1)(341.8, 898.1)(357.3, 898.1)(357.3, 735.1)(212.3, 735.1);GATE
Port:(226.8, 735.1)(342.8, 735.1)(342.8, 745.1)(226.8, 745.1);SD
Port:(212.3, 912.1)(341.8, 912.1)(341.8, 898.1)(357.3, 898.1)(357.3, 750.1)(212.3, 750.1);GATE
Port:(222.3, 903.1)(327.3, 903.1)(327.3, 907.1)(222.3, 907.1);SD
Module:M4
Boundary:(178.4, 914.7)(178.4, 838.7)(170.4, 838.7)(170.4, 823.7)(54.4, 823.7)(54.4, 914.7);GATE
Port:(54.4, 838.2)(64.4, 838.2)(64.4, 900.2)(54.4, 900.2);SD
Port:(178.4, 914.7)(178.4, 838.7)(170.4, 838.7)(170.4, 823.7)(69.4, 823.7)(69.4, 914.7);GATE
Port:(169.4, 853.7)(173.4, 853.7)(173.4, 904.7)(169.4, 904.7);SD
