Area:(-20.0, -17.6)(987.0, -17.6)(987.0, 601.7)(-20.0, 601.7)
Rule:GATE(5,5);SD(5,5);GATE_SD(0.5);GATE_ITO(0.5);SD_ITO(0.5)
Module:M2
Boundary:(766.0, 47.0)(895.5, 47.0)(895.5, 106.0)(947.0, 106.0)(947.0, 155.0)(766.0, 155.0);GATE
Port:(780.5, 145.0)(932.5, 145.0)(932.5, 155.0)(780.5, 155.0);SD
Port:(766.0, 47.0)(895.5, 47.0)(895.5, 106.0)(947.0, 106.0)(947.0, 140.0)(766.0, 140.0);GATE
Port:(776.0, 52.0)(881.0, 52.0)(881.0, 56.0)(776.0, 56.0);SD
Module:M12
Boundary:(749.8, 52.9)(749.8, 182.4)(735.8, 182.4)(735.8, 197.9)(635.8, 197.9)(635.8, 52.9);GATE
Port:(635.8, 67.4)(645.8, 67.4)(645.8, 183.4)(635.8, 183.4);SD
Port:(749.8, 52.9)(749.8, 182.4)(735.8, 182.4)(735.8, 197.9)(650.8, 197.9)(650.8, 52.9);GATE
Port:(740.8, 62.9)(744.8, 62.9)(744.8, 167.9)(740.8, 167.9);SD
Module:M14
Boundary:(513.4, 230.2)(513.4, 82.7)(529.4, 82.7)(529.4, 67.2)(599.4, 67.2)(599.4, 230.2);GATE
Port:(589.4, 81.7)(599.4, 81.7)(599.4, 215.7)(589.4, 215.7);SD
Port:(513.4, 230.2)(513.4, 82.7)(529.4, 82.7)(529.4, 67.2)(584.4, 67.2)(584.4, 230.2);GATE
Port:(518.4, 97.2)(522.4, 97.2)(522.4, 220.2)(518.4, 220.2);SD
Module:M7
Boundary:(513.3, 212.2)(383.8, 212.2)(383.8, 90.5)(152.3, 90.5)(152.3, 40.2)(513.3, 40.2);GATE
Port:(166.8, 40.2)(498.8, 40.2)(498.8, 50.2)(166.8, 50.2);SD
Port:(513.3, 212.2)(383.8, 212.2)(383.8, 90.5)(152.3, 90.5)(152.3, 55.2)(513.3, 55.2);GATE
Port:(398.3, 203.2)(503.3, 203.2)(503.3, 207.2)(398.3, 207.2);SD
Module:M5
Boundary:(54.3, 22.4)(127.3, 22.4)(127.3, 201.4)(54.3, 201.4);GATE
Port:(68.8, 191.4)(112.8, 191.4)(112.8, 201.4)(68.8, 201.4);SD
Port:(54.3, 22.4)(127.3, 22.4)(127.3, 186.4)(54.3, 186.4);GATE
Port:(64.3, 27.4)(117.3, 27.4)(117.3, 31.4)(64.3, 31.4);SD
Module:M16
Boundary:(783.0, 179.5)(930.5, 179.5)(930.5, 195.5)(946.0, 195.5)(946.0, 282.5)(783.0, 282.5);GATE
Port:(797.5, 272.5)(931.5, 272.5)(931.5, 282.5)(797.5, 282.5);SD
Port:(783.0, 179.5)(930.5, 179.5)(930.5, 195.5)(946.0, 195.5)(946.0, 267.5)(783.0, 267.5);GATE
Port:(793.0, 184.5)(916.0, 184.5)(916.0, 188.5)(793.0, 188.5);SD
Module:M13
Boundary:(608.1, 275.2)(701.6, 275.2)(701.6, 265.2)(717.1, 265.2)(717.1, 205.2)(608.1, 205.2);GATE
Port:(622.6, 205.2)(702.6, 205.2)(702.6, 215.2)(622.6, 215.2);SD
Port:(608.1, 275.2)(701.6, 275.2)(701.6, 265.2)(717.1, 265.2)(717.1, 220.2)(608.1, 220.2);GATE
Port:(618.1, 266.2)(687.1, 266.2)(687.1, 270.2)(618.1, 270.2);SD
Module:M9
Boundary:(20.0, 208.8)(20.0, 281.8)(164.0, 281.8)(164.0, 208.8);GATE
Port:(154.0, 223.3)(164.0, 223.3)(164.0, 267.3)(154.0, 267.3);SD
Port:(20.0, 208.8)(20.0, 281.8)(149.0, 281.8)(149.0, 208.8);GATE
Port:(25.0, 218.8)(29.0, 218.8)(29.0, 271.8)(25.0, 271.8);SD
Module:M3
Boundary:(481.6, 242.6)(352.1, 242.6)(352.1, 331.6)(228.6, 331.6)(228.6, 393.6)(481.6, 393.6);GATE
Port:(243.1, 383.6)(467.1, 383.6)(467.1, 393.6)(243.1, 393.6);SD
Port:(481.6, 242.6)(352.1, 242.6)(352.1, 331.6)(228.6, 331.6)(228.6, 378.6)(481.6, 378.6);GATE
Port:(366.6, 247.6)(471.6, 247.6)(471.6, 251.6)(366.6, 251.6);SD
Module:M6
Boundary:(602.8, 395.0)(602.8, 319.5)(545.9, 319.5)(545.9, 232.0)(481.8, 232.0)(481.8, 395.0);GATE
Port:(481.8, 246.5)(491.8, 246.5)(491.8, 380.5)(481.8, 380.5);SD
Port:(602.8, 395.0)(602.8, 319.5)(545.9, 319.5)(545.9, 232.0)(496.8, 232.0)(496.8, 395.0);GATE
Port:(593.8, 334.0)(597.8, 334.0)(597.8, 385.0)(593.8, 385.0);SD
Module:M8
Boundary:(730.6, 291.9)(657.6, 291.9)(657.6, 397.9)(730.6, 397.9);GATE
Port:(672.1, 387.9)(716.1, 387.9)(716.1, 397.9)(672.1, 397.9);SD
Port:(730.6, 291.9)(657.6, 291.9)(657.6, 382.9)(730.6, 382.9);GATE
Port:(667.6, 296.9)(720.6, 296.9)(720.6, 300.9)(667.6, 300.9);SD
Module:M18
Boundary:(173.0, 331.0)(173.0, 404.0)(28.0, 404.0)(28.0, 331.0);GATE
Port:(28.0, 345.5)(38.0, 345.5)(38.0, 389.5)(28.0, 389.5);SD
Port:(173.0, 331.0)(173.0, 404.0)(43.0, 404.0)(43.0, 331.0);GATE
Port:(164.0, 341.0)(168.0, 341.0)(168.0, 394.0)(164.0, 394.0);SD
Module:M10
Boundary:(935.8, 288.5)(935.8, 400.0)(923.8, 400.0)(923.8, 415.5)(842.8, 415.5)(842.8, 288.5);GATE
Port:(842.8, 303.0)(852.8, 303.0)(852.8, 401.0)(842.8, 401.0);SD
Port:(935.8, 288.5)(935.8, 400.0)(923.8, 400.0)(923.8, 415.5)(857.8, 415.5)(857.8, 288.5);GATE
Port:(926.8, 298.5)(930.8, 298.5)(930.8, 385.5)(926.8, 385.5);SD
Module:M20
Boundary:(742.9, 421.8)(815.9, 421.8)(815.9, 282.8)(742.9, 282.8);GATE
Port:(757.4, 282.8)(801.4, 282.8)(801.4, 292.8)(757.4, 292.8);SD
Port:(742.9, 421.8)(815.9, 421.8)(815.9, 297.8)(742.9, 297.8);GATE
Port:(752.9, 412.8)(805.9, 412.8)(805.9, 416.8)(752.9, 416.8);SD
Module:M4
Boundary:(939.3, 444.1)(939.3, 517.1)(859.3, 517.1)(859.3, 444.1);GATE
Port:(859.3, 458.6)(869.3, 458.6)(869.3, 502.6)(859.3, 502.6);SD
Port:(939.3, 444.1)(939.3, 517.1)(874.3, 517.1)(874.3, 444.1);GATE
Port:(930.3, 454.1)(934.3, 454.1)(934.3, 507.1)(930.3, 507.1);SD
Module:M1
Boundary:(207.8, 420.4)(114.3, 420.4)(114.3, 471.4)(62.8, 471.4)(62.8, 518.4)(207.8, 518.4);GATE
Port:(77.3, 508.4)(193.3, 508.4)(193.3, 518.4)(77.3, 518.4);SD
Port:(207.8, 420.4)(114.3, 420.4)(114.3, 471.4)(62.8, 471.4)(62.8, 503.4)(207.8, 503.4);GATE
Port:(128.8, 425.4)(197.8, 425.4)(197.8, 429.4)(128.8, 429.4);SD
Module:M19
Boundary:(530.0, 432.7)(382.5, 432.7)(382.5, 448.8)(367.0, 448.8)(367.0, 561.7)(530.0, 561.7);GATE
Port:(381.5, 551.7)(515.5, 551.7)(515.5, 561.7)(381.5, 561.7);SD
Port:(530.0, 432.7)(382.5, 432.7)(382.5, 448.8)(367.0, 448.8)(367.0, 546.7)(530.0, 546.7);GATE
Port:(397.0, 437.7)(520.0, 437.7)(520.0, 441.7)(397.0, 441.7);SD
Module:M17
Boundary:(736.5, 531.6)(830.0, 531.6)(830.0, 521.6)(845.5, 521.6)(845.5, 460.6)(736.5, 460.6);GATE
Port:(751.0, 460.6)(831.0, 460.6)(831.0, 470.6)(751.0, 470.6);SD
Port:(736.5, 531.6)(830.0, 531.6)(830.0, 521.6)(845.5, 521.6)(845.5, 475.6)(736.5, 475.6);GATE
Port:(746.5, 522.6)(815.5, 522.6)(815.5, 526.6)(746.5, 526.6);SD
Module:M11
Boundary:(683.2, 438.4)(538.2, 438.4)(538.2, 543.4)(683.2, 543.4);GATE
Port:(552.7, 533.4)(668.7, 533.4)(668.7, 543.4)(552.7, 543.4);SD
Port:(683.2, 438.4)(538.2, 438.4)(538.2, 528.4)(683.2, 528.4);GATE
Port:(548.2, 443.4)(673.2, 443.4)(673.2, 447.4)(548.2, 447.4);SD
Module:M15
Boundary:(364.9, 411.2)(364.9, 540.7)(350.9, 540.7)(350.9, 556.2)(242.9, 556.2)(242.9, 411.2);GATE
Port:(242.9, 425.7)(252.9, 425.7)(252.9, 541.7)(242.9, 541.7);SD
Port:(364.9, 411.2)(364.9, 540.7)(350.9, 540.7)(350.9, 556.2)(257.9, 556.2)(257.9, 411.2);GATE
Port:(355.9, 421.2)(359.9, 421.2)(359.9, 526.2)(355.9, 526.2);SD
