Area:(-20.0, -20.0)(767.9, -20.0)(767.9, 1518.7)(-20.0, 1518.7)
Rule:GATE(5,5);SD(5,5);GATE_SD(0.5);GATE_ITO(0.5);SD_ITO(0.5)
Module:M14
Boundary:(208.5, 777.1)(313.9, 777.1)(313.9, 784.2)(329.3, 784.2)(329.3, 869.5)(208.5, 869.5);GATE
Port:(224.0, 864.6)(313.8, 864.6)(313.8, 869.5)(224.0, 869.5);SD
Port:(208.5, 777.1)(313.9, 777.1)(313.9, 784.2)(329.3, 784.2)(329.3, 863.4)(208.5, 863.4);GATE
Port:(215.3, 782.9)(306.1, 782.9)(306.1, 790.7)(215.3, 790.7);SD
Module:M9
Boundary:(334.4, 1041.2)(367.1, 1041.2)(367.1, 1041.3)(383.1, 1041.3)(383.1, 1188.0)(334.4, 1188.0);GATE
Port:(347.6, 1182.1)(369.9, 1182.1)(369.9, 1188.0)(347.6, 1188.0);SD
Port:(334.4, 1041.2)(367.1, 1041.2)(367.1, 1041.3)(383.1, 1041.3)(383.1, 1180.7)(334.4, 1180.7);GATE
Port:(340.6, 1046.4)(360.9, 1046.4)(360.9, 1051.3)(340.6, 1051.3);SD
Module:M5
Boundary:(121.1, 20.0)(121.1, 85.7)(120.8, 85.7)(120.8, 101.5)(20.0, 101.5)(20.0, 20.0);GATE
Port:(20.0, 34.0)(25.3, 34.0)(25.3, 87.5)(20.0, 87.5);SD
Port:(121.1, 20.0)(121.1, 85.7)(120.8, 85.7)(120.8, 101.5)(27.8, 101.5)(27.8, 20.0);GATE
Port:(110.2, 25.9)(116.2, 25.9)(116.2, 79.8)(110.2, 79.8);SD
Module:M11
Boundary:(20.0, 393.0)(99.0, 393.0)(99.0, 595.5)(20.0, 595.5);GATE
Port:(33.1, 590.2)(85.9, 590.2)(85.9, 595.5)(33.1, 595.5);SD
Port:(20.0, 393.0)(99.0, 393.0)(99.0, 588.2)(20.0, 588.2);GATE
Port:(25.9, 397.9)(93.1, 397.9)(93.1, 404.4)(25.9, 404.4);SD
Module:M1
Boundary:(371.3, 281.6)(469.7, 281.6)(469.7, 282.1)(485.8, 282.1)(485.8, 429.6)(371.3, 429.6);GATE
Port:(384.5, 423.6)(472.6, 423.6)(472.6, 429.6)(384.5, 429.6);SD
Port:(371.3, 281.6)(469.7, 281.6)(469.7, 282.1)(485.8, 282.1)(485.8, 421.7)(371.3, 421.7);GATE
Port:(378.2, 287.5)(462.8, 287.5)(462.8, 292.4)(378.2, 292.4);SD
Module:M43
Boundary:(208.5, 643.7)(313.3, 643.7)(313.3, 644.1)(330.8, 644.1)(330.8, 737.1)(208.5, 737.1);GATE
Port:(222.8, 731.7)(316.5, 731.7)(316.5, 737.1)(222.8, 737.1);SD
Port:(208.5, 643.7)(313.3, 643.7)(313.3, 644.1)(330.8, 644.1)(330.8, 730.0)(208.5, 730.0);GATE
Port:(214.6, 648.8)(307.2, 648.8)(307.2, 654.5)(214.6, 654.5);SD
Module:M38
Boundary:(20.0, 1145.9)(100.1, 1145.9)(100.1, 1146.2)(115.4, 1146.2)(115.4, 1327.7)(20.0, 1327.7);GATE
Port:(33.4, 1321.9)(102.0, 1321.9)(102.0, 1327.7)(33.4, 1327.7);SD
Port:(20.0, 1145.9)(100.1, 1145.9)(100.1, 1146.2)(115.4, 1146.2)(115.4, 1319.6)(20.0, 1319.6);GATE
Port:(26.0, 1150.9)(94.1, 1150.9)(94.1, 1157.3)(26.0, 1157.3);SD
Module:M40
Boundary:(545.9, 1056.7)(600.5, 1056.7)(600.5, 1139.6)(612.5, 1139.6)(612.5, 1215.2)(545.9, 1215.2);GATE
Port:(556.6, 1210.7)(601.8, 1210.7)(601.8, 1215.2)(556.6, 1215.2);SD
Port:(545.9, 1056.7)(600.5, 1056.7)(600.5, 1139.6)(612.5, 1139.6)(612.5, 1208.8)(545.9, 1208.8);GATE
Port:(551.4, 1061.2)(594.0, 1061.2)(594.0, 1065.5)(551.4, 1065.5);SD
Module:M35
Boundary:(161.1, 20.0)(208.4, 20.0)(208.4, 20.3)(224.5, 20.3)(224.5, 237.4)(161.1, 237.4);GATE
Port:(173.3, 232.3)(212.3, 232.3)(212.3, 237.4)(173.3, 237.4);SD
Port:(161.1, 20.0)(208.4, 20.0)(208.4, 20.3)(224.5, 20.3)(224.5, 231.1)(161.1, 231.1);GATE
Port:(166.3, 24.2)(203.2, 24.2)(203.2, 29.9)(166.3, 29.9);SD
Module:M32
Boundary:(30.0, 645.5)(141.7, 645.5)(141.7, 700.2)(158.5, 700.2)(158.5, 782.8)(30.0, 782.8);GATE
Port:(46.7, 778.2)(141.8, 778.2)(141.8, 782.8)(46.7, 782.8);SD
Port:(30.0, 645.5)(141.7, 645.5)(141.7, 700.2)(158.5, 700.2)(158.5, 777.1)(30.0, 777.1);GATE
Port:(36.6, 651.1)(134.1, 651.1)(134.1, 658.7)(36.6, 658.7);SD
Module:M27
Boundary:(149.0, 832.8)(149.0, 942.4)(20.0, 942.4)(20.0, 832.8);GATE
Port:(20.0, 847.8)(24.5, 847.8)(24.5, 927.4)(20.0, 927.4);SD
Port:(149.0, 832.8)(149.0, 942.4)(26.6, 942.4)(26.6, 832.8);GATE
Port:(137.1, 838.6)(144.2, 838.6)(144.2, 936.6)(137.1, 936.6);SD
Module:M24
Boundary:(612.0, 1376.5)(612.0, 1447.0)(557.0, 1447.0)(557.0, 1463.1)(495.6, 1463.1)(495.6, 1376.5);GATE
Port:(495.6, 1390.9)(500.0, 1390.9)(500.0, 1448.7)(495.6, 1448.7);SD
Port:(612.0, 1376.5)(612.0, 1447.0)(557.0, 1447.0)(557.0, 1463.1)(502.3, 1463.1)(502.3, 1376.5);GATE
Port:(600.6, 1381.5)(608.0, 1381.5)(608.0, 1441.0)(600.6, 1441.0);SD
Module:M19
Boundary:(284.4, 1051.2)(284.4, 1152.2)(175.6, 1152.2)(175.6, 1051.2);GATE
Port:(175.6, 1063.9)(179.6, 1063.9)(179.6, 1139.5)(175.6, 1139.5);SD
Port:(284.4, 1051.2)(284.4, 1152.2)(181.7, 1152.2)(181.7, 1051.2);GATE
Port:(273.7, 1056.2)(280.4, 1056.2)(280.4, 1147.2)(273.7, 1147.2);SD
Module:M6
Boundary:(646.6, 396.4)(710.2, 396.4)(710.2, 487.7)(724.6, 487.7)(724.6, 571.2)(646.6, 571.2);GATE
Port:(658.7, 567.2)(712.5, 567.2)(712.5, 571.2)(658.7, 571.2);SD
Port:(646.6, 396.4)(710.2, 396.4)(710.2, 487.7)(724.6, 487.7)(724.6, 564.9)(646.6, 564.9);GATE
Port:(652.8, 401.6)(703.0, 401.6)(703.0, 406.2)(652.8, 406.2);SD
Module:M21
Boundary:(657.8, 1278.9)(724.4, 1278.9)(724.4, 1478.7)(657.8, 1478.7);GATE
Port:(672.1, 1473.0)(710.1, 1473.0)(710.1, 1478.7)(672.1, 1478.7);SD
Port:(657.8, 1278.9)(724.4, 1278.9)(724.4, 1471.8)(657.8, 1471.8);GATE
Port:(664.1, 1284.2)(718.1, 1284.2)(718.1, 1289.9)(664.1, 1289.9);SD
Module:M2
Boundary:(161.1, 277.4)(209.1, 277.4)(209.1, 316.4)(223.5, 316.4)(223.5, 432.5)(161.1, 432.5);GATE
Port:(173.3, 427.1)(211.3, 427.1)(211.3, 432.5)(173.3, 432.5);SD
Port:(161.1, 277.4)(209.1, 277.4)(209.1, 316.4)(223.5, 316.4)(223.5, 425.4)(161.1, 425.4);GATE
Port:(166.3, 281.6)(202.9, 281.6)(202.9, 287.5)(166.3, 287.5);SD
Module:M16
Boundary:(525.8, 281.6)(592.0, 281.6)(592.0, 305.1)(606.6, 305.1)(606.6, 422.6)(525.8, 422.6);GATE
Port:(539.4, 418.4)(593.0, 418.4)(593.0, 422.6)(539.4, 422.6);SD
Port:(525.8, 281.6)(592.0, 281.6)(592.0, 305.1)(606.6, 305.1)(606.6, 416.5)(525.8, 416.5);GATE
Port:(532.0, 286.8)(584.8, 286.8)(584.8, 293.3)(532.0, 293.3);SD
Module:M13
Boundary:(634.1, 737.2)(725.3, 737.2)(725.3, 895.8)(634.1, 895.8);GATE
Port:(645.5, 891.7)(713.9, 891.7)(713.9, 895.8)(645.5, 895.8);SD
Port:(634.1, 737.2)(725.3, 737.2)(725.3, 889.3)(634.1, 889.3);GATE
Port:(639.2, 741.3)(720.2, 741.3)(720.2, 746.3)(639.2, 746.3);SD
Module:M45
Boundary:(139.0, 472.5)(206.4, 472.5)(206.4, 472.9)(223.4, 472.9)(223.4, 593.0)(139.0, 593.0);GATE
Port:(152.4, 588.2)(210.0, 588.2)(210.0, 593.0)(152.4, 593.0);SD
Port:(139.0, 472.5)(206.4, 472.5)(206.4, 472.9)(223.4, 472.9)(223.4, 586.9)(139.0, 586.9);GATE
Port:(144.1, 476.6)(201.3, 476.6)(201.3, 482.8)(144.1, 482.8);SD
Module:M10
Boundary:(589.0, 158.7)(589.0, 225.9)(491.5, 225.9)(491.5, 241.6)(403.4, 241.6)(403.4, 158.7);GATE
Port:(403.4, 171.2)(407.8, 171.2)(407.8, 229.1)(403.4, 229.1);SD
Port:(589.0, 158.7)(589.0, 225.9)(491.5, 225.9)(491.5, 241.6)(409.7, 241.6)(409.7, 158.7);GATE
Port:(579.3, 164.1)(584.6, 164.1)(584.6, 219.5)(579.3, 219.5);SD
Module:M42
Boundary:(710.4, 611.2)(710.4, 681.7)(631.3, 681.7)(631.3, 697.2)(523.1, 697.2)(523.1, 611.2);GATE
Port:(523.1, 626.3)(528.5, 626.3)(528.5, 682.1)(523.1, 682.1);SD
Port:(710.4, 611.2)(710.4, 681.7)(631.3, 681.7)(631.3, 697.2)(531.0, 697.2)(531.0, 611.2);GATE
Port:(698.0, 617.0)(705.6, 617.0)(705.6, 674.9)(698.0, 674.9);SD
Module:M37
Boundary:(384.7, 20.0)(384.7, 105.6)(264.5, 105.6)(264.5, 20.0);GATE
Port:(264.5, 33.0)(268.6, 33.0)(268.6, 92.6)(264.5, 92.6);SD
Port:(384.7, 20.0)(384.7, 105.6)(270.6, 105.6)(270.6, 20.0);GATE
Port:(374.3, 25.4)(380.3, 25.4)(380.3, 100.2)(374.3, 100.2);SD
Module:M34
Boundary:(328.5, 909.5)(328.5, 983.5)(282.7, 983.5)(282.7, 1001.2)(189.0, 1001.2)(189.0, 909.5);GATE
Port:(189.0, 923.4)(193.3, 923.4)(193.3, 987.3)(189.0, 987.3);SD
Port:(328.5, 909.5)(328.5, 983.5)(282.7, 983.5)(282.7, 1001.2)(196.0, 1001.2)(196.0, 909.5);GATE
Port:(317.7, 914.6)(324.4, 914.6)(324.4, 977.4)(317.7, 977.4);SD
Module:M29
Boundary:(525.8, 462.6)(606.2, 462.6)(606.2, 570.5)(525.8, 570.5);GATE
Port:(538.1, 565.2)(593.9, 565.2)(593.9, 570.5)(538.1, 570.5);SD
Port:(525.8, 462.6)(606.2, 462.6)(606.2, 563.2)(525.8, 563.2);GATE
Port:(531.8, 467.6)(600.2, 467.6)(600.2, 472.4)(531.8, 472.4);SD
Module:M7
Boundary:(571.0, 886.0)(571.0, 966.7)(570.5, 966.7)(570.5, 982.7)(370.8, 982.7)(370.8, 886.0);GATE
Port:(370.8, 899.2)(376.7, 899.2)(376.7, 969.5)(370.8, 969.5);SD
Port:(571.0, 886.0)(571.0, 966.7)(570.5, 966.7)(570.5, 982.7)(379.2, 982.7)(379.2, 886.0);GATE
Port:(561.1, 891.5)(566.5, 891.5)(566.5, 961.2)(561.1, 961.2);SD
Module:M31
Boundary:(155.4, 1202.2)(269.7, 1202.2)(269.7, 1298.9)(155.4, 1298.9);GATE
Port:(168.7, 1293.1)(256.4, 1293.1)(256.4, 1298.9)(168.7, 1298.9);SD
Port:(155.4, 1202.2)(269.7, 1202.2)(269.7, 1290.5)(155.4, 1290.5);GATE
Port:(160.9, 1206.7)(264.2, 1206.7)(264.2, 1212.9)(160.9, 1212.9);SD
Module:M3
Boundary:(124.7, 1367.7)(124.7, 1476.2)(20.0, 1476.2)(20.0, 1367.7);GATE
Port:(20.0, 1379.7)(25.7, 1379.7)(25.7, 1464.2)(20.0, 1464.2);SD
Port:(124.7, 1367.7)(124.7, 1476.2)(28.4, 1476.2)(28.4, 1367.7);GATE
Port:(115.3, 1373.7)(119.7, 1373.7)(119.7, 1470.2)(115.3, 1470.2);SD
Module:M26
Boundary:(381.3, 479.6)(458.5, 479.6)(458.5, 479.6)(473.1, 479.6)(473.1, 663.8)(381.3, 663.8);GATE
Port:(394.8, 659.0)(459.6, 659.0)(459.6, 663.8)(394.8, 663.8);SD
Port:(381.3, 479.6)(458.5, 479.6)(458.5, 479.6)(473.1, 479.6)(473.1, 656.6)(381.3, 656.6);GATE
Port:(387.3, 484.6)(452.5, 484.6)(452.5, 490.8)(387.3, 490.8);SD
Module:M23
Boundary:(455.6, 1368.7)(455.6, 1468.2)(334.4, 1468.2)(334.4, 1368.7);GATE
Port:(334.4, 1381.4)(340.3, 1381.4)(340.3, 1455.5)(334.4, 1455.5);SD
Port:(455.6, 1368.7)(455.6, 1468.2)(342.7, 1468.2)(342.7, 1368.7);GATE
Port:(445.4, 1373.8)(451.5, 1373.8)(451.5, 1463.1)(445.4, 1463.1);SD
Module:M18
Boundary:(30.0, 992.4)(100.7, 992.4)(100.7, 1039.1)(115.6, 1039.1)(115.6, 1095.9)(30.0, 1095.9);GATE
Port:(45.0, 1091.8)(100.6, 1091.8)(100.6, 1095.9)(45.0, 1095.9);SD
Port:(30.0, 992.4)(100.7, 992.4)(100.7, 1039.1)(115.6, 1039.1)(115.6, 1090.5)(30.0, 1090.5);GATE
Port:(36.8, 998.2)(92.9, 998.2)(92.9, 1005.7)(36.8, 1005.7);SD
Module:M20
Boundary:(264.5, 280.6)(319.9, 280.6)(319.9, 338.9)(331.3, 338.9)(331.3, 420.6)(264.5, 420.6);GATE
Port:(276.2, 415.7)(319.6, 415.7)(319.6, 420.6)(276.2, 420.6);SD
Port:(264.5, 280.6)(319.9, 280.6)(319.9, 338.9)(331.3, 338.9)(331.3, 413.6)(264.5, 413.6);GATE
Port:(271.0, 286.1)(312.4, 286.1)(312.4, 290.7)(271.0, 290.7);SD
Module:M15
Boundary:(423.1, 1022.7)(495.9, 1022.7)(495.9, 1219.3)(423.1, 1219.3);GATE
Port:(435.6, 1214.2)(483.4, 1214.2)(483.4, 1219.3)(435.6, 1219.3);SD
Port:(423.1, 1022.7)(495.9, 1022.7)(495.9, 1212.4)(423.1, 1212.4);GATE
Port:(428.3, 1026.9)(490.7, 1026.9)(490.7, 1033.2)(428.3, 1033.2);SD
Module:M12
Boundary:(641.4, 20.0)(711.6, 20.0)(711.6, 67.1)(727.9, 67.1)(727.9, 162.4)(641.4, 162.4);GATE
Port:(654.9, 158.4)(714.4, 158.4)(714.4, 162.4)(654.9, 162.4);SD
Port:(641.4, 20.0)(711.6, 20.0)(711.6, 67.1)(727.9, 67.1)(727.9, 156.3)(641.4, 156.3);GATE
Port:(648.1, 25.7)(703.9, 25.7)(703.9, 30.4)(648.1, 30.4);SD
Module:M44
Boundary:(370.8, 713.8)(428.8, 713.8)(428.8, 767.9)(441.3, 767.9)(441.3, 846.0)(370.8, 846.0);GATE
Port:(382.4, 840.2)(429.7, 840.2)(429.7, 846.0)(382.4, 846.0);SD
Port:(370.8, 713.8)(428.8, 713.8)(428.8, 767.9)(441.3, 767.9)(441.3, 838.1)(370.8, 838.1);GATE
Port:(376.4, 718.4)(422.2, 718.4)(422.2, 723.7)(376.4, 723.7);SD
Module:M39
Boundary:(591.4, 30.0)(591.4, 93.1)(591.4, 93.1)(591.4, 108.7)(434.7, 108.7)(434.7, 30.0);GATE
Port:(434.7, 42.4)(439.1, 42.4)(439.1, 96.3)(434.7, 96.3);SD
Port:(591.4, 30.0)(591.4, 93.1)(591.4, 93.1)(591.4, 108.7)(441.7, 108.7)(441.7, 30.0);GATE
Port:(581.6, 36.3)(586.1, 36.3)(586.1, 86.8)(581.6, 86.8);SD
Module:M8
Boundary:(463.9, 1259.3)(463.9, 1313.2)(422.9, 1313.2)(422.9, 1328.7)(334.4, 1328.7)(334.4, 1259.3);GATE
Port:(334.4, 1273.8)(340.1, 1273.8)(340.1, 1314.2)(334.4, 1314.2);SD
Port:(463.9, 1259.3)(463.9, 1313.2)(422.9, 1313.2)(422.9, 1328.7)(342.8, 1328.7)(342.8, 1259.3);GATE
Port:(451.7, 1265.7)(458.5, 1265.7)(458.5, 1305.8)(451.7, 1305.8);SD
Module:M41
Boundary:(726.6, 935.8)(726.6, 989.3)(726.4, 989.3)(726.4, 1006.7)(611.0, 1006.7)(611.0, 935.8);GATE
Port:(611.0, 950.2)(616.3, 950.2)(616.3, 992.3)(611.0, 992.3);SD
Port:(726.6, 935.8)(726.6, 989.3)(726.4, 989.3)(726.4, 1006.7)(617.5, 1006.7)(617.5, 935.8);GATE
Port:(715.1, 942.5)(720.9, 942.5)(720.9, 982.6)(715.1, 982.6);SD
Module:M4
Boundary:(594.1, 737.2)(594.1, 830.1)(568.1, 830.1)(568.1, 843.9)(481.3, 843.9)(481.3, 737.2);GATE
Port:(481.3, 750.0)(487.2, 750.0)(487.2, 831.1)(481.3, 831.1);SD
Port:(594.1, 737.2)(594.1, 830.1)(568.1, 830.1)(568.1, 843.9)(488.6, 843.9)(488.6, 737.2);GATE
Port:(583.3, 743.7)(588.6, 743.7)(588.6, 822.6)(583.3, 822.6);SD
Module:M36
Boundary:(646.6, 202.4)(710.4, 202.4)(710.4, 291.5)(724.2, 291.5)(724.2, 356.4)(646.6, 356.4);GATE
Port:(659.3, 350.5)(711.5, 350.5)(711.5, 356.4)(659.3, 356.4);SD
Port:(646.6, 202.4)(710.4, 202.4)(710.4, 291.5)(724.2, 291.5)(724.2, 347.7)(646.6, 347.7);GATE
Port:(652.6, 207.4)(703.4, 207.4)(703.4, 213.2)(652.6, 213.2);SD
Module:M33
Boundary:(617.8, 1265.2)(617.8, 1318.9)(617.6, 1318.9)(617.6, 1336.5)(503.9, 1336.5)(503.9, 1265.2);GATE
Port:(503.9, 1279.9)(508.3, 1279.9)(508.3, 1321.8)(503.9, 1321.8);SD
Port:(617.8, 1265.2)(617.8, 1318.9)(617.6, 1318.9)(617.6, 1336.5)(509.7, 1336.5)(509.7, 1265.2);GATE
Port:(606.2, 1272.1)(611.9, 1272.1)(611.9, 1312.0)(606.2, 1312.0);SD
Module:M28
Boundary:(662.5, 1046.7)(709.0, 1046.7)(709.0, 1113.3)(721.5, 1113.3)(721.5, 1238.9)(662.5, 1238.9);GATE
Port:(675.5, 1234.5)(708.5, 1234.5)(708.5, 1238.9)(675.5, 1238.9);SD
Port:(662.5, 1046.7)(709.0, 1046.7)(709.0, 1113.3)(721.5, 1113.3)(721.5, 1231.6)(662.5, 1231.6);GATE
Port:(668.7, 1051.9)(701.8, 1051.9)(701.8, 1057.7)(668.7, 1057.7);SD
Module:M30
Boundary:(164.7, 1338.9)(274.0, 1338.9)(274.0, 1406.1)(291.2, 1406.1)(291.2, 1476.7)(164.7, 1476.7);GATE
Port:(178.8, 1472.2)(277.1, 1472.2)(277.1, 1476.7)(178.8, 1476.7);SD
Port:(164.7, 1338.9)(274.0, 1338.9)(274.0, 1406.1)(291.2, 1406.1)(291.2, 1469.6)(164.7, 1469.6);GATE
Port:(171.0, 1344.2)(266.7, 1344.2)(266.7, 1349.8)(171.0, 1349.8);SD
Module:M25
Boundary:(264.5, 145.6)(363.4, 145.6)(363.4, 240.6)(264.5, 240.6);GATE
Port:(278.0, 236.6)(349.9, 236.6)(349.9, 240.6)(278.0, 240.6);SD
Port:(264.5, 145.6)(363.4, 145.6)(363.4, 234.2)(264.5, 234.2);GATE
Port:(270.2, 150.3)(357.7, 150.3)(357.7, 156.1)(270.2, 156.1);SD
Module:M22
Boundary:(264.5, 460.6)(315.4, 460.6)(315.4, 520.4)(330.8, 520.4)(330.8, 603.7)(264.5, 603.7);GATE
Port:(278.0, 599.6)(317.3, 599.6)(317.3, 603.7)(278.0, 603.7);SD
Port:(264.5, 460.6)(315.4, 460.6)(315.4, 520.4)(330.8, 520.4)(330.8, 597.2)(264.5, 597.2);GATE
Port:(270.5, 465.6)(308.4, 465.6)(308.4, 471.1)(270.5, 471.1);SD
Module:M17
Boundary:(30.0, 151.5)(104.4, 151.5)(104.4, 343.0)(30.0, 343.0);GATE
Port:(45.5, 337.8)(88.9, 337.8)(88.9, 343.0)(45.5, 343.0);SD
Port:(30.0, 151.5)(104.4, 151.5)(104.4, 335.6)(30.0, 335.6);GATE
Port:(36.1, 156.6)(98.3, 156.6)(98.3, 163.5)(36.1, 163.5);SD
