Area:(-10.0, -20.0)(575.2, -20.0)(575.2, 488.7)(-10.0, 488.7)
Rule:GATE(5,5);SD(5,5);GATE_SD(0.5);GATE_ITO(0.5);SD_ITO(0.5)
Module:M3
Boundary:(219.2, 92.7)(219.2, 48.3)(219.0, 48.3)(219.0, 34.9)(57.0, 34.9)(57.0, 92.7);GATE
Port:(57.0, 47.2)(61.9, 47.2)(61.9, 80.4)(57.0, 80.4);SD
Port:(219.2, 92.7)(219.2, 48.3)(219.0, 48.3)(219.0, 34.9)(64.8, 34.9)(64.8, 92.7);GATE
Port:(208.6, 53.6)(214.9, 53.6)(214.9, 87.4)(208.6, 87.4);SD
Module:M6
Boundary:(319.2, 20.0)(319.2, 114.9)(312.8, 114.9)(312.8, 128.8)(222.2, 128.8)(222.2, 20.0);GATE
Port:(222.2, 34.1)(228.2, 34.1)(228.2, 114.7)(222.2, 114.7);SD
Port:(319.2, 20.0)(319.2, 114.9)(312.8, 114.9)(312.8, 128.8)(230.3, 128.8)(230.3, 20.0);GATE
Port:(307.2, 25.7)(314.5, 25.7)(314.5, 108.2)(307.2, 108.2);SD
Module:M4
Boundary:(432.2, 20.0)(348.7, 20.0)(348.7, 90.0)(336.1, 90.0)(336.1, 182.4)(432.2, 182.4);GATE
Port:(346.8, 178.4)(421.5, 178.4)(421.5, 182.4)(346.8, 182.4);SD
Port:(432.2, 20.0)(348.7, 20.0)(348.7, 90.0)(336.1, 90.0)(336.1, 175.7)(432.2, 175.7);GATE
Port:(355.0, 24.3)(426.9, 24.3)(426.9, 29.1)(355.0, 29.1);SD
Module:M10
Boundary:(160.0, 139.4)(160.0, 215.9)(97.2, 215.9)(97.2, 229.0)(30.0, 229.0)(30.0, 139.4);GATE
Port:(30.0, 152.9)(34.6, 152.9)(34.6, 215.5)(30.0, 215.5);SD
Port:(160.0, 139.4)(160.0, 215.9)(97.2, 215.9)(97.2, 229.0)(35.7, 229.0)(35.7, 139.4);GATE
Port:(148.6, 145.3)(155.1, 145.3)(155.1, 209.0)(148.6, 209.0);SD
Module:M2
Boundary:(474.5, 20.0)(521.6, 20.0)(521.6, 38.6)(535.2, 38.6)(535.2, 224.9)(474.5, 224.9);GATE
Port:(486.4, 220.4)(523.3, 220.4)(523.3, 224.9)(486.4, 224.9);SD
Port:(474.5, 20.0)(521.6, 20.0)(521.6, 38.6)(535.2, 38.6)(535.2, 219.1)(474.5, 219.1);GATE
Port:(481.0, 25.5)(514.1, 25.5)(514.1, 30.2)(481.0, 30.2);SD
Module:M8
Boundary:(443.1, 226.9)(443.1, 338.7)(348.7, 338.7)(348.7, 356.3)(226.5, 356.3)(226.5, 226.9);GATE
Port:(226.5, 241.3)(230.7, 241.3)(230.7, 341.9)(226.5, 341.9);SD
Port:(443.1, 226.9)(443.1, 338.7)(348.7, 338.7)(348.7, 356.3)(233.4, 356.3)(233.4, 226.9);GATE
Port:(431.8, 232.0)(439.0, 232.0)(439.0, 332.6)(431.8, 332.6);SD
Module:M5
Boundary:(163.0, 364.2)(163.0, 294.2)(162.9, 294.2)(162.9, 277.4)(30.0, 277.4)(30.0, 364.2);GATE
Port:(30.0, 291.8)(36.0, 291.8)(36.0, 349.8)(30.0, 349.8);SD
Port:(163.0, 364.2)(163.0, 294.2)(162.9, 294.2)(162.9, 277.4)(37.9, 277.4)(37.9, 364.2);GATE
Port:(151.3, 301.0)(157.2, 301.0)(157.2, 357.4)(151.3, 357.4);SD
Module:M7
Boundary:(534.9, 264.9)(466.3, 264.9)(466.3, 265.0)(449.0, 265.0)(449.0, 448.7)(534.9, 448.7);GATE
Port:(462.6, 443.1)(521.3, 443.1)(521.3, 448.7)(462.6, 448.7);SD
Port:(534.9, 264.9)(466.3, 264.9)(466.3, 265.0)(449.0, 265.0)(449.0, 441.8)(534.9, 441.8);GATE
Port:(472.3, 269.9)(528.9, 269.9)(528.9, 275.5)(472.3, 275.5);SD
Module:M1
Boundary:(402.3, 445.0)(402.3, 381.2)(402.2, 381.2)(402.2, 365.6)(217.9, 365.6)(217.9, 445.0);GATE
Port:(217.9, 378.4)(222.6, 378.4)(222.6, 432.2)(217.9, 432.2);SD
Port:(402.3, 445.0)(402.3, 381.2)(402.2, 381.2)(402.2, 365.6)(225.2, 365.6)(225.2, 445.0);GATE
Port:(391.4, 386.5)(398.0, 386.5)(398.0, 439.7)(391.4, 439.7);SD
Module:M9
Boundary:(214.1, 380.2)(214.1, 443.8)(50.7, 443.8)(50.7, 380.2);GATE
Port:(50.7, 392.7)(55.7, 392.7)(55.7, 431.3)(50.7, 431.3);SD
Port:(214.1, 380.2)(214.1, 443.8)(58.6, 443.8)(58.6, 380.2);GATE
Port:(203.2, 386.4)(208.9, 386.4)(208.9, 437.6)(203.2, 437.6);SD
