Area:(-20.0, -20.0)(991.0, -20.0)(991.0, 1382.0)(-20.0, 1382.0)
Rule:GATE(5,5);SD(5,5);GATE_SD(0.5);GATE_ITO(0.5);SD_ITO(0.5)
Module:M14
Boundary:(639.0, 554.0)(712.0, 554.0)(712.0, 661.0)(639.0, 661.0);GATE
Port:(653.5, 651.0)(697.5, 651.0)(697.5, 661.0)(653.5, 661.0);SD
Port:(639.0, 554.0)(712.0, 554.0)(712.0, 646.0)(639.0, 646.0);GATE
Port:(649.0, 559.0)(702.0, 559.0)(702.0, 563.0)(649.0, 563.0);SD
Module:M9
Boundary:(20.0, 250.0)(167.5, 250.0)(167.5, 266.0)(183.0, 266.0)(183.0, 433.0)(20.0, 433.0);GATE
Port:(34.5, 423.0)(168.5, 423.0)(168.5, 433.0)(34.5, 433.0);SD
Port:(20.0, 250.0)(167.5, 250.0)(167.5, 266.0)(183.0, 266.0)(183.0, 418.0)(20.0, 418.0);GATE
Port:(30.0, 255.0)(153.0, 255.0)(153.0, 259.0)(30.0, 259.0);SD
Module:M5
Boundary:(231.0, 687.0)(360.5, 687.0)(360.5, 701.0)(376.0, 701.0)(376.0, 878.0)(231.0, 878.0);GATE
Port:(245.5, 868.0)(361.5, 868.0)(361.5, 878.0)(245.5, 878.0);SD
Port:(231.0, 687.0)(360.5, 687.0)(360.5, 701.0)(376.0, 701.0)(376.0, 863.0)(231.0, 863.0);GATE
Port:(241.0, 692.0)(346.0, 692.0)(346.0, 696.0)(241.0, 696.0);SD
Module:M11
Boundary:(945.0, 308.0)(945.0, 401.5)(826.2, 401.5)(826.2, 669.0)(755.0, 669.0)(755.0, 308.0);GATE
Port:(755.0, 322.5)(765.0, 322.5)(765.0, 654.5)(755.0, 654.5);SD
Port:(945.0, 308.0)(945.0, 401.5)(826.2, 401.5)(826.2, 669.0)(770.0, 669.0)(770.0, 308.0);GATE
Port:(936.0, 318.0)(940.0, 318.0)(940.0, 387.0)(936.0, 387.0);SD
Module:M1
Boundary:(542.0, 20.0)(671.5, 20.0)(671.5, 34.0)(687.0, 34.0)(687.0, 98.0)(542.0, 98.0);GATE
Port:(556.5, 88.0)(672.5, 88.0)(672.5, 98.0)(556.5, 98.0);SD
Port:(542.0, 20.0)(671.5, 20.0)(671.5, 34.0)(687.0, 34.0)(687.0, 83.0)(542.0, 83.0);GATE
Port:(552.0, 25.0)(657.0, 25.0)(657.0, 29.0)(552.0, 29.0);SD
Module:M38
Boundary:(574.0, 844.0)(703.5, 844.0)(703.5, 858.0)(719.0, 858.0)(719.0, 1024.0)(574.0, 1024.0);GATE
Port:(588.5, 1014.0)(704.5, 1014.0)(704.5, 1024.0)(588.5, 1024.0);SD
Port:(574.0, 844.0)(703.5, 844.0)(703.5, 858.0)(719.0, 858.0)(719.0, 1009.0)(574.0, 1009.0);GATE
Port:(584.0, 849.0)(689.0, 849.0)(689.0, 853.0)(584.0, 853.0);SD
Module:M40
Boundary:(700.0, 711.0)(700.0, 784.0)(593.0, 784.0)(593.0, 711.0);GATE
Port:(593.0, 725.5)(603.0, 725.5)(603.0, 769.5)(593.0, 769.5);SD
Port:(700.0, 711.0)(700.0, 784.0)(608.0, 784.0)(608.0, 711.0);GATE
Port:(691.0, 721.0)(695.0, 721.0)(695.0, 774.0)(691.0, 774.0);SD
Module:M35
Boundary:(479.0, 953.0)(479.0, 1026.0)(372.0, 1026.0)(372.0, 953.0);GATE
Port:(372.0, 967.5)(382.0, 967.5)(382.0, 1011.5)(372.0, 1011.5);SD
Port:(479.0, 953.0)(479.0, 1026.0)(387.0, 1026.0)(387.0, 953.0);GATE
Port:(470.0, 963.0)(474.0, 963.0)(474.0, 1016.0)(470.0, 1016.0);SD
Module:M32
Boundary:(502.0, 20.0)(502.0, 113.5)(492.0, 113.5)(492.0, 129.0)(354.0, 129.0)(354.0, 20.0);GATE
Port:(354.0, 34.5)(364.0, 34.5)(364.0, 114.5)(354.0, 114.5);SD
Port:(502.0, 20.0)(502.0, 113.5)(492.0, 113.5)(492.0, 129.0)(369.0, 129.0)(369.0, 20.0);GATE
Port:(493.0, 30.0)(497.0, 30.0)(497.0, 99.0)(493.0, 99.0);SD
Module:M27
Boundary:(81.0, 1048.0)(81.0, 1159.5)(59.5, 1159.5)(59.5, 1193.0)(20.0, 1193.0)(20.0, 1048.0);GATE
Port:(20.0, 1062.5)(30.0, 1062.5)(30.0, 1178.5)(20.0, 1178.5);SD
Port:(81.0, 1048.0)(81.0, 1159.5)(59.5, 1159.5)(59.5, 1193.0)(35.0, 1193.0)(35.0, 1048.0);GATE
Port:(72.0, 1058.0)(76.0, 1058.0)(76.0, 1145.0)(72.0, 1145.0);SD
Module:M24
Boundary:(231.0, 918.0)(307.0, 918.0)(307.0, 926.0)(322.0, 926.0)(322.0, 1029.0)(231.0, 1029.0);GATE
Port:(245.5, 1019.0)(307.5, 1019.0)(307.5, 1029.0)(245.5, 1029.0);SD
Port:(231.0, 918.0)(307.0, 918.0)(307.0, 926.0)(322.0, 926.0)(322.0, 1014.0)(231.0, 1014.0);GATE
Port:(241.0, 923.0)(292.0, 923.0)(292.0, 927.0)(241.0, 927.0);SD
Module:M19
Boundary:(191.0, 1048.0)(191.0, 1159.5)(164.9, 1159.5)(164.9, 1193.0)(121.0, 1193.0)(121.0, 1048.0);GATE
Port:(121.0, 1062.5)(131.0, 1062.5)(131.0, 1178.5)(121.0, 1178.5);SD
Port:(191.0, 1048.0)(191.0, 1159.5)(164.9, 1159.5)(164.9, 1193.0)(136.0, 1193.0)(136.0, 1048.0);GATE
Port:(182.0, 1058.0)(186.0, 1058.0)(186.0, 1145.0)(182.0, 1145.0);SD
Module:M6
Boundary:(182.0, 710.0)(182.0, 803.5)(126.2, 803.5)(126.2, 891.0)(20.0, 891.0)(20.0, 710.0);GATE
Port:(20.0, 724.5)(30.0, 724.5)(30.0, 876.5)(20.0, 876.5);SD
Port:(182.0, 710.0)(182.0, 803.5)(126.2, 803.5)(126.2, 891.0)(35.0, 891.0)(35.0, 710.0);GATE
Port:(173.0, 720.0)(177.0, 720.0)(177.0, 789.0)(173.0, 789.0);SD
Module:M21
Boundary:(524.0, 740.0)(524.0, 833.5)(462.8, 833.5)(462.8, 903.0)(416.0, 903.0)(416.0, 740.0);GATE
Port:(416.0, 754.5)(426.0, 754.5)(426.0, 888.5)(416.0, 888.5);SD
Port:(524.0, 740.0)(524.0, 833.5)(462.8, 833.5)(462.8, 903.0)(431.0, 903.0)(431.0, 740.0);GATE
Port:(515.0, 750.0)(519.0, 750.0)(519.0, 819.0)(515.0, 819.0);SD
Module:M2
Boundary:(426.0, 379.0)(573.5, 379.0)(573.5, 399.0)(589.0, 399.0)(589.0, 548.0)(426.0, 548.0);GATE
Port:(440.5, 538.0)(574.5, 538.0)(574.5, 548.0)(440.5, 548.0);SD
Port:(426.0, 379.0)(573.5, 379.0)(573.5, 399.0)(589.0, 399.0)(589.0, 533.0)(426.0, 533.0);GATE
Port:(436.0, 384.0)(559.0, 384.0)(559.0, 388.0)(436.0, 388.0);SD
Module:M16
Boundary:(769.0, 709.0)(898.5, 709.0)(898.5, 817.3)(950.0, 817.3)(950.0, 894.0)(769.0, 894.0);GATE
Port:(783.5, 884.0)(935.5, 884.0)(935.5, 894.0)(783.5, 894.0);SD
Port:(769.0, 709.0)(898.5, 709.0)(898.5, 817.3)(950.0, 817.3)(950.0, 879.0)(769.0, 879.0);GATE
Port:(779.0, 714.0)(884.0, 714.0)(884.0, 718.0)(779.0, 718.0);SD
Module:M13
Boundary:(235.0, 1228.0)(310.5, 1228.0)(310.5, 1278.0)(434.0, 1278.0)(434.0, 1341.0)(235.0, 1341.0);GATE
Port:(249.5, 1331.0)(419.5, 1331.0)(419.5, 1341.0)(249.5, 1341.0);SD
Port:(235.0, 1228.0)(310.5, 1228.0)(310.5, 1278.0)(434.0, 1278.0)(434.0, 1326.0)(235.0, 1326.0);GATE
Port:(245.0, 1233.0)(296.0, 1233.0)(296.0, 1237.0)(245.0, 1237.0);SD
Module:M10
Boundary:(715.0, 369.0)(715.0, 498.5)(701.0, 498.5)(701.0, 514.0)(639.0, 514.0)(639.0, 369.0);GATE
Port:(639.0, 383.5)(649.0, 383.5)(649.0, 499.5)(639.0, 499.5);SD
Port:(715.0, 369.0)(715.0, 498.5)(701.0, 498.5)(701.0, 514.0)(654.0, 514.0)(654.0, 369.0);GATE
Port:(706.0, 379.0)(710.0, 379.0)(710.0, 484.0)(706.0, 484.0);SD
Module:M37
Boundary:(513.0, 1076.0)(586.0, 1076.0)(586.0, 1206.0)(513.0, 1206.0);GATE
Port:(527.5, 1196.0)(571.5, 1196.0)(571.5, 1206.0)(527.5, 1206.0);SD
Port:(513.0, 1076.0)(586.0, 1076.0)(586.0, 1191.0)(513.0, 1191.0);GATE
Port:(523.0, 1081.0)(576.0, 1081.0)(576.0, 1085.0)(523.0, 1085.0);SD
Module:M34
Boundary:(373.0, 502.0)(373.0, 631.5)(359.0, 631.5)(359.0, 647.0)(223.0, 647.0)(223.0, 502.0);GATE
Port:(223.0, 516.5)(233.0, 516.5)(233.0, 632.5)(223.0, 632.5);SD
Port:(373.0, 502.0)(373.0, 631.5)(359.0, 631.5)(359.0, 647.0)(238.0, 647.0)(238.0, 502.0);GATE
Port:(364.0, 512.0)(368.0, 512.0)(368.0, 617.0)(364.0, 617.0);SD
Module:M29
Boundary:(233.0, 364.0)(308.5, 364.0)(308.5, 387.0)(360.0, 387.0)(360.0, 452.0)(233.0, 452.0);GATE
Port:(247.5, 442.0)(345.5, 442.0)(345.5, 452.0)(247.5, 452.0);SD
Port:(233.0, 364.0)(308.5, 364.0)(308.5, 387.0)(360.0, 387.0)(360.0, 437.0)(233.0, 437.0);GATE
Port:(243.0, 369.0)(294.0, 369.0)(294.0, 373.0)(243.0, 373.0);SD
Module:M7
Boundary:(20.0, 473.0)(167.5, 473.0)(167.5, 489.0)(183.0, 489.0)(183.0, 670.0)(20.0, 670.0);GATE
Port:(34.5, 660.0)(168.5, 660.0)(168.5, 670.0)(34.5, 670.0);SD
Port:(20.0, 473.0)(167.5, 473.0)(167.5, 489.0)(183.0, 489.0)(183.0, 655.0)(20.0, 655.0);GATE
Port:(30.0, 478.0)(153.0, 478.0)(153.0, 482.0)(30.0, 482.0);SD
Module:M31
Boundary:(416.0, 598.0)(491.5, 598.0)(491.5, 625.5)(543.0, 625.5)(543.0, 700.0)(416.0, 700.0);GATE
Port:(430.5, 690.0)(528.5, 690.0)(528.5, 700.0)(430.5, 700.0);SD
Port:(416.0, 598.0)(491.5, 598.0)(491.5, 625.5)(543.0, 625.5)(543.0, 685.0)(416.0, 685.0);GATE
Port:(426.0, 603.0)(477.0, 603.0)(477.0, 607.0)(426.0, 607.0);SD
Module:M3
Boundary:(382.0, 1076.0)(458.0, 1076.0)(458.0, 1084.0)(473.0, 1084.0)(473.0, 1184.0)(382.0, 1184.0);GATE
Port:(396.5, 1174.0)(458.5, 1174.0)(458.5, 1184.0)(396.5, 1184.0);SD
Port:(382.0, 1076.0)(458.0, 1076.0)(458.0, 1084.0)(473.0, 1084.0)(473.0, 1169.0)(382.0, 1169.0);GATE
Port:(392.0, 1081.0)(443.0, 1081.0)(443.0, 1085.0)(392.0, 1085.0);SD
Module:M26
Boundary:(929.0, 185.0)(929.0, 258.0)(855.0, 258.0)(855.0, 185.0);GATE
Port:(855.0, 199.5)(865.0, 199.5)(865.0, 243.5)(855.0, 243.5);SD
Port:(929.0, 185.0)(929.0, 258.0)(870.0, 258.0)(870.0, 185.0);GATE
Port:(920.0, 195.0)(924.0, 195.0)(924.0, 248.0)(920.0, 248.0);SD
Module:M23
Boundary:(205.0, 20.0)(298.5, 20.0)(298.5, 30.0)(314.0, 30.0)(314.0, 125.0)(205.0, 125.0);GATE
Port:(219.5, 115.0)(299.5, 115.0)(299.5, 125.0)(219.5, 125.0);SD
Port:(205.0, 20.0)(298.5, 20.0)(298.5, 30.0)(314.0, 30.0)(314.0, 110.0)(205.0, 110.0);GATE
Port:(215.0, 25.0)(284.0, 25.0)(284.0, 29.0)(215.0, 29.0);SD
Module:M18
Boundary:(223.0, 169.0)(352.5, 169.0)(352.5, 183.0)(368.0, 183.0)(368.0, 310.0)(223.0, 310.0);GATE
Port:(237.5, 300.0)(353.5, 300.0)(353.5, 310.0)(237.5, 310.0);SD
Port:(223.0, 169.0)(352.5, 169.0)(352.5, 183.0)(368.0, 183.0)(368.0, 295.0)(223.0, 295.0);GATE
Port:(233.0, 174.0)(338.0, 174.0)(338.0, 178.0)(233.0, 178.0);SD
Module:M20
Boundary:(20.0, 931.0)(167.5, 931.0)(167.5, 951.0)(183.0, 951.0)(183.0, 1008.0)(20.0, 1008.0);GATE
Port:(34.5, 998.0)(168.5, 998.0)(168.5, 1008.0)(34.5, 1008.0);SD
Port:(20.0, 931.0)(167.5, 931.0)(167.5, 951.0)(183.0, 951.0)(183.0, 993.0)(20.0, 993.0);GATE
Port:(30.0, 936.0)(153.0, 936.0)(153.0, 940.0)(30.0, 940.0);SD
Module:M15
Boundary:(502.0, 169.0)(502.0, 280.5)(463.8, 280.5)(463.8, 314.0)(408.0, 314.0)(408.0, 169.0);GATE
Port:(408.0, 183.5)(418.0, 183.5)(418.0, 299.5)(408.0, 299.5);SD
Port:(502.0, 169.0)(502.0, 280.5)(463.8, 280.5)(463.8, 314.0)(423.0, 314.0)(423.0, 169.0);GATE
Port:(493.0, 179.0)(497.0, 179.0)(497.0, 266.0)(493.0, 266.0);SD
Module:M12
Boundary:(802.0, 169.0)(802.0, 242.0)(727.0, 242.0)(727.0, 169.0);GATE
Port:(727.0, 183.5)(737.0, 183.5)(737.0, 227.5)(727.0, 227.5);SD
Port:(802.0, 169.0)(802.0, 242.0)(742.0, 242.0)(742.0, 169.0);GATE
Port:(793.0, 179.0)(797.0, 179.0)(797.0, 232.0)(793.0, 232.0);SD
Module:M39
Boundary:(845.0, 20.0)(921.0, 20.0)(921.0, 28.0)(936.0, 28.0)(936.0, 135.0)(845.0, 135.0);GATE
Port:(859.5, 125.0)(921.5, 125.0)(921.5, 135.0)(859.5, 135.0);SD
Port:(845.0, 20.0)(921.0, 20.0)(921.0, 28.0)(936.0, 28.0)(936.0, 120.0)(845.0, 120.0);GATE
Port:(855.0, 25.0)(906.0, 25.0)(906.0, 29.0)(855.0, 29.0);SD
Module:M8
Boundary:(743.0, 1074.0)(743.0, 1147.0)(626.0, 1147.0)(626.0, 1074.0);GATE
Port:(626.0, 1088.5)(636.0, 1088.5)(636.0, 1132.5)(626.0, 1132.5);SD
Port:(743.0, 1074.0)(743.0, 1147.0)(641.0, 1147.0)(641.0, 1074.0);GATE
Port:(734.0, 1084.0)(738.0, 1084.0)(738.0, 1137.0)(734.0, 1137.0);SD
Module:M4
Boundary:(20.0, 20.0)(113.5, 20.0)(113.5, 77.5)(165.0, 77.5)(165.0, 210.0)(20.0, 210.0);GATE
Port:(34.5, 200.0)(150.5, 200.0)(150.5, 210.0)(34.5, 210.0);SD
Port:(20.0, 20.0)(113.5, 20.0)(113.5, 77.5)(165.0, 77.5)(165.0, 195.0)(20.0, 195.0);GATE
Port:(30.0, 25.0)(99.0, 25.0)(99.0, 29.0)(30.0, 29.0);SD
Module:M36
Boundary:(195.0, 1233.0)(195.0, 1326.5)(185.0, 1326.5)(185.0, 1342.0)(20.0, 1342.0)(20.0, 1233.0);GATE
Port:(20.0, 1247.5)(30.0, 1247.5)(30.0, 1327.5)(20.0, 1327.5);SD
Port:(195.0, 1233.0)(195.0, 1326.5)(185.0, 1326.5)(185.0, 1342.0)(35.0, 1342.0)(35.0, 1233.0);GATE
Port:(186.0, 1243.0)(190.0, 1243.0)(190.0, 1312.0)(186.0, 1312.0);SD
Module:M33
Boundary:(626.0, 1187.0)(701.5, 1187.0)(701.5, 1294.3)(951.0, 1294.3)(951.0, 1341.0)(626.0, 1341.0);GATE
Port:(640.5, 1331.0)(936.5, 1331.0)(936.5, 1341.0)(640.5, 1341.0);SD
Port:(626.0, 1187.0)(701.5, 1187.0)(701.5, 1294.3)(951.0, 1294.3)(951.0, 1326.0)(626.0, 1326.0);GATE
Port:(636.0, 1192.0)(687.0, 1192.0)(687.0, 1196.0)(636.0, 1196.0);SD
Module:M28
Boundary:(542.0, 138.0)(671.5, 138.0)(671.5, 152.0)(687.0, 152.0)(687.0, 329.0)(542.0, 329.0);GATE
Port:(556.5, 319.0)(672.5, 319.0)(672.5, 329.0)(556.5, 329.0);SD
Port:(542.0, 138.0)(671.5, 138.0)(671.5, 152.0)(687.0, 152.0)(687.0, 314.0)(542.0, 314.0);GATE
Port:(552.0, 143.0)(657.0, 143.0)(657.0, 147.0)(552.0, 147.0);SD
Module:M30
Boundary:(241.0, 1086.0)(317.0, 1086.0)(317.0, 1094.0)(332.0, 1094.0)(332.0, 1178.0)(241.0, 1178.0);GATE
Port:(255.5, 1168.0)(317.5, 1168.0)(317.5, 1178.0)(255.5, 1178.0);SD
Port:(241.0, 1086.0)(317.0, 1086.0)(317.0, 1094.0)(332.0, 1094.0)(332.0, 1163.0)(241.0, 1163.0);GATE
Port:(251.0, 1091.0)(302.0, 1091.0)(302.0, 1095.0)(251.0, 1095.0);SD
Module:M25
Boundary:(474.0, 1246.0)(567.5, 1246.0)(567.5, 1262.0)(583.0, 1262.0)(583.0, 1339.0)(474.0, 1339.0);GATE
Port:(488.5, 1329.0)(568.5, 1329.0)(568.5, 1339.0)(488.5, 1339.0);SD
Port:(474.0, 1246.0)(567.5, 1246.0)(567.5, 1262.0)(583.0, 1262.0)(583.0, 1324.0)(474.0, 1324.0);GATE
Port:(484.0, 1251.0)(553.0, 1251.0)(553.0, 1255.0)(484.0, 1255.0);SD
Module:M22
Boundary:(793.0, 944.0)(904.5, 944.0)(904.5, 956.0)(920.0, 956.0)(920.0, 1135.0)(793.0, 1135.0);GATE
Port:(807.5, 1125.0)(905.5, 1125.0)(905.5, 1135.0)(807.5, 1135.0);SD
Port:(793.0, 944.0)(904.5, 944.0)(904.5, 956.0)(920.0, 956.0)(920.0, 1120.0)(793.0, 1120.0);GATE
Port:(803.0, 949.0)(890.0, 949.0)(890.0, 953.0)(803.0, 953.0);SD
Module:M17
Boundary:(805.0, 20.0)(805.0, 113.5)(795.0, 113.5)(795.0, 129.0)(727.0, 129.0)(727.0, 20.0);GATE
Port:(727.0, 34.5)(737.0, 34.5)(737.0, 114.5)(727.0, 114.5);SD
Port:(805.0, 20.0)(805.0, 113.5)(795.0, 113.5)(795.0, 129.0)(742.0, 129.0)(742.0, 20.0);GATE
Port:(796.0, 30.0)(800.0, 30.0)(800.0, 99.0)(796.0, 99.0);SD
