Area:(-20.0, -20.0)(840.4, -20.0)(840.4, 821.6)(-20.0, 821.6)
Rule:GATE(5,5);SD(5,5);GATE_SD(0.5);GATE_ITO(0.5);SD_ITO(0.5)
Module:M14
Boundary:(435.2, 231.5)(515.0, 231.5)(515.0, 248.2)(529.0, 248.2)(529.0, 312.9)(435.2, 312.9);GATE
Port:(448.8, 308.4)(515.4, 308.4)(515.4, 312.9)(448.8, 312.9);SD
Port:(435.2, 231.5)(515.0, 231.5)(515.0, 248.2)(529.0, 248.2)(529.0, 306.0)(435.2, 306.0);GATE
Port:(441.1, 236.4)(508.1, 236.4)(508.1, 242.6)(441.1, 242.6);SD
Module:M9
Boundary:(139.9, 20.0)(239.1, 20.0)(239.1, 243.4)(139.9, 243.4);GATE
Port:(154.2, 239.2)(224.8, 239.2)(224.8, 243.4)(154.2, 243.4);SD
Port:(139.9, 20.0)(239.1, 20.0)(239.1, 238.1)(139.9, 238.1);GATE
Port:(146.7, 25.8)(232.3, 25.8)(232.3, 31.9)(146.7, 31.9);SD
Module:M5
Boundary:(717.9, 436.8)(784.0, 436.8)(784.0, 437.2)(800.4, 437.2)(800.4, 630.8)(717.9, 630.8);GATE
Port:(731.0, 625.5)(787.3, 625.5)(787.3, 630.8)(731.0, 630.8);SD
Port:(717.9, 436.8)(784.0, 436.8)(784.0, 437.2)(800.4, 437.2)(800.4, 623.3)(717.9, 623.3);GATE
Port:(723.9, 441.8)(778.0, 441.8)(778.0, 447.4)(723.9, 447.4);SD
Module:M11
Boundary:(169.3, 635.8)(206.2, 635.8)(206.2, 635.8)(224.9, 635.8)(224.9, 776.0)(169.3, 776.0);GATE
Port:(184.0, 770.7)(210.2, 770.7)(210.2, 776.0)(184.0, 776.0);SD
Port:(169.3, 635.8)(206.2, 635.8)(206.2, 635.8)(224.9, 635.8)(224.9, 769.5)(169.3, 769.5);GATE
Port:(174.5, 640.0)(201.0, 640.0)(201.0, 647.3)(174.5, 647.3);SD
Module:M1
Boundary:(673.7, 543.8)(673.7, 625.1)(673.2, 625.1)(673.2, 640.9)(569.0, 640.9)(569.0, 543.8);GATE
Port:(569.0, 557.5)(573.5, 557.5)(573.5, 627.2)(569.0, 627.2);SD
Port:(673.7, 543.8)(673.7, 625.1)(673.2, 625.1)(673.2, 640.9)(576.3, 640.9)(576.3, 543.8);GATE
Port:(662.5, 549.4)(669.1, 549.4)(669.1, 619.5)(662.5, 619.5);SD
Module:M24
Boundary:(439.1, 129.9)(439.1, 178.3)(384.8, 178.3)(384.8, 191.5)(279.1, 191.5)(279.1, 129.9);GATE
Port:(279.1, 143.0)(283.3, 143.0)(283.3, 178.4)(279.1, 178.4);SD
Port:(439.1, 129.9)(439.1, 178.3)(384.8, 178.3)(384.8, 191.5)(285.2, 191.5)(285.2, 129.9);GATE
Port:(428.1, 136.8)(433.2, 136.8)(433.2, 170.4)(428.1, 170.4);SD
Module:M19
Boundary:(713.7, 670.8)(781.8, 670.8)(781.8, 671.0)(799.2, 671.0)(799.2, 773.1)(713.7, 773.1);GATE
Port:(727.3, 768.7)(785.6, 768.7)(785.6, 773.1)(727.3, 773.1);SD
Port:(713.7, 670.8)(781.8, 670.8)(781.8, 671.0)(799.2, 671.0)(799.2, 766.4)(713.7, 766.4);GATE
Port:(718.8, 674.9)(776.7, 674.9)(776.7, 681.0)(718.8, 681.0);SD
Module:M6
Boundary:(494.9, 20.0)(494.9, 74.1)(361.7, 74.1)(361.7, 89.9)(279.1, 89.9)(279.1, 20.0);GATE
Port:(279.1, 34.4)(285.0, 34.4)(285.0, 75.5)(279.1, 75.5);SD
Port:(494.9, 20.0)(494.9, 74.1)(361.7, 74.1)(361.7, 89.9)(287.2, 89.9)(287.2, 20.0);GATE
Port:(482.7, 26.9)(489.0, 26.9)(489.0, 66.2)(482.7, 66.2);SD
Module:M21
Boundary:(265.1, 586.4)(355.5, 586.4)(355.5, 586.7)(370.5, 586.7)(370.5, 779.6)(265.1, 779.6);GATE
Port:(276.6, 774.1)(359.0, 774.1)(359.0, 779.6)(276.6, 779.6);SD
Port:(265.1, 586.4)(355.5, 586.4)(355.5, 586.7)(370.5, 586.7)(370.5, 771.6)(265.1, 771.6);GATE
Port:(270.9, 591.2)(349.7, 591.2)(349.7, 596.0)(270.9, 596.0);SD
Module:M2
Boundary:(416.7, 577.7)(510.6, 577.7)(510.6, 649.2)(528.8, 649.2)(528.8, 781.6)(416.7, 781.6);GATE
Port:(430.5, 775.8)(515.0, 775.8)(515.0, 781.6)(430.5, 781.6);SD
Port:(416.7, 577.7)(510.6, 577.7)(510.6, 649.2)(528.8, 649.2)(528.8, 773.4)(416.7, 773.4);GATE
Port:(422.0, 582.0)(504.3, 582.0)(504.3, 588.2)(422.0, 588.2);SD
Module:M16
Boundary:(677.9, 436.8)(677.9, 488.8)(644.5, 488.8)(644.5, 503.8)(569.0, 503.8)(569.0, 436.8);GATE
Port:(569.0, 450.8)(573.7, 450.8)(573.7, 489.8)(569.0, 489.8);SD
Port:(677.9, 436.8)(677.9, 488.8)(644.5, 488.8)(644.5, 503.8)(575.8, 503.8)(575.8, 436.8);GATE
Port:(666.5, 442.6)(673.1, 442.6)(673.1, 482.0)(666.5, 482.0);SD
Module:M13
Boundary:(435.2, 352.9)(521.3, 352.9)(521.3, 537.7)(435.2, 537.7);GATE
Port:(448.6, 533.1)(507.9, 533.1)(507.9, 537.7)(448.6, 537.7);SD
Port:(435.2, 352.9)(521.3, 352.9)(521.3, 531.7)(435.2, 531.7);GATE
Port:(440.3, 357.0)(516.2, 357.0)(516.2, 362.9)(440.3, 362.9);SD
Module:M10
Boundary:(656.3, 227.3)(765.8, 227.3)(765.8, 241.5)(782.8, 241.5)(782.8, 396.8)(656.3, 396.8);GATE
Port:(670.6, 391.6)(768.5, 391.6)(768.5, 396.8)(670.6, 396.8);SD
Port:(656.3, 227.3)(765.8, 227.3)(765.8, 241.5)(782.8, 241.5)(782.8, 390.4)(656.3, 390.4);GATE
Port:(662.8, 232.8)(758.3, 232.8)(758.3, 238.9)(662.8, 238.9);SD
Module:M7
Boundary:(655.1, 20.0)(655.1, 80.7)(655.1, 80.7)(655.1, 95.5)(534.9, 95.5)(534.9, 20.0);GATE
Port:(534.9, 32.3)(540.1, 32.3)(540.1, 83.2)(534.9, 83.2);SD
Port:(655.1, 20.0)(655.1, 80.7)(655.1, 80.7)(655.1, 95.5)(542.0, 95.5)(542.0, 20.0);GATE
Port:(645.0, 26.1)(650.0, 26.1)(650.0, 74.6)(645.0, 74.6);SD
Module:M3
Boundary:(20.0, 20.0)(99.9, 20.0)(99.9, 231.1)(20.0, 231.1);GATE
Port:(33.1, 226.1)(86.8, 226.1)(86.8, 231.1)(33.1, 231.1);SD
Port:(20.0, 20.0)(99.9, 20.0)(99.9, 223.7)(20.0, 223.7);GATE
Port:(25.6, 24.6)(94.3, 24.6)(94.3, 31.5)(25.6, 31.5);SD
Module:M23
Boundary:(652.4, 135.5)(652.4, 187.3)(479.1, 187.3)(479.1, 135.5);GATE
Port:(479.1, 149.2)(484.2, 149.2)(484.2, 173.6)(479.1, 173.6);SD
Port:(652.4, 135.5)(652.4, 187.3)(486.8, 187.3)(486.8, 135.5);GATE
Port:(641.3, 142.1)(646.8, 142.1)(646.8, 180.7)(641.3, 180.7);SD
Module:M18
Boundary:(129.3, 635.8)(129.3, 735.6)(78.5, 735.6)(78.5, 750.7)(20.0, 750.7)(20.0, 635.8);GATE
Port:(20.0, 649.4)(24.2, 649.4)(24.2, 737.1)(20.0, 737.1);SD
Port:(129.3, 635.8)(129.3, 735.6)(78.5, 735.6)(78.5, 750.7)(26.1, 750.7)(26.1, 635.8);GATE
Port:(118.2, 641.8)(124.3, 641.8)(124.3, 728.6)(118.2, 728.6);SD
Module:M20
Boundary:(225.1, 473.3)(225.1, 579.4)(206.7, 579.4)(206.7, 595.8)(20.0, 595.8)(20.0, 473.3);GATE
Port:(20.0, 487.4)(24.7, 487.4)(24.7, 581.7)(20.0, 581.7);SD
Port:(225.1, 473.3)(225.1, 579.4)(206.7, 579.4)(206.7, 595.8)(26.9, 595.8)(26.9, 473.3);GATE
Port:(214.3, 478.8)(220.6, 478.8)(220.6, 572.9)(214.3, 572.9);SD
Module:M15
Boundary:(279.1, 231.5)(378.7, 231.5)(378.7, 231.6)(395.2, 231.6)(395.2, 377.2)(279.1, 377.2);GATE
Port:(292.3, 373.2)(382.0, 373.2)(382.0, 377.2)(292.3, 377.2);SD
Port:(279.1, 231.5)(378.7, 231.5)(378.7, 231.6)(395.2, 231.6)(395.2, 371.5)(279.1, 371.5);GATE
Port:(284.1, 235.5)(373.7, 235.5)(373.7, 242.3)(284.1, 242.3);SD
Module:M12
Boundary:(20.0, 271.1)(80.1, 271.1)(80.1, 325.9)(92.5, 325.9)(92.5, 433.3)(20.0, 433.3);GATE
Port:(33.0, 429.0)(79.5, 429.0)(79.5, 433.3)(33.0, 433.3);SD
Port:(20.0, 271.1)(80.1, 271.1)(80.1, 325.9)(92.5, 325.9)(92.5, 427.4)(20.0, 427.4);GATE
Port:(27.0, 277.1)(72.1, 277.1)(72.1, 282.3)(27.0, 282.3);SD
Module:M8
Boundary:(132.5, 283.4)(197.5, 283.4)(197.5, 339.1)(211.8, 339.1)(211.8, 418.4)(132.5, 418.4);GATE
Port:(145.4, 413.8)(198.9, 413.8)(198.9, 418.4)(145.4, 418.4);SD
Port:(132.5, 283.4)(197.5, 283.4)(197.5, 339.1)(211.8, 339.1)(211.8, 411.5)(132.5, 411.5);GATE
Port:(138.0, 287.9)(191.0, 287.9)(191.0, 294.2)(138.0, 294.2);SD
Module:M4
Boundary:(671.1, 680.9)(671.1, 754.0)(632.6, 754.0)(632.6, 766.4)(569.0, 766.4)(569.0, 680.9);GATE
Port:(569.0, 693.4)(573.8, 693.4)(573.8, 753.9)(569.0, 753.9);SD
Port:(671.1, 680.9)(671.1, 754.0)(632.6, 754.0)(632.6, 766.4)(576.6, 766.4)(576.6, 680.9);GATE
Port:(660.3, 687.7)(665.3, 687.7)(665.3, 746.2)(660.3, 746.2);SD
Module:M25
Boundary:(279.1, 417.2)(360.0, 417.2)(360.0, 417.3)(376.7, 417.3)(376.7, 546.4)(279.1, 546.4);GATE
Port:(291.2, 540.8)(364.6, 540.8)(364.6, 546.4)(291.2, 546.4);SD
Port:(279.1, 417.2)(360.0, 417.2)(360.0, 417.3)(376.7, 417.3)(376.7, 539.2)(279.1, 539.2);GATE
Port:(284.1, 421.2)(355.0, 421.2)(355.0, 426.0)(284.1, 426.0);SD
Module:M22
Boundary:(695.1, 20.0)(765.8, 20.0)(765.8, 86.1)(780.7, 86.1)(780.7, 179.5)(695.1, 179.5);GATE
Port:(710.7, 175.1)(765.1, 175.1)(765.1, 179.5)(710.7, 179.5);SD
Port:(695.1, 20.0)(765.8, 20.0)(765.8, 86.1)(780.7, 86.1)(780.7, 173.0)(695.1, 173.0);GATE
Port:(702.1, 26.0)(757.8, 26.0)(757.8, 33.5)(702.1, 33.5);SD
Module:M17
Boundary:(569.0, 227.3)(602.2, 227.3)(602.2, 227.4)(616.3, 227.4)(616.3, 375.3)(569.0, 375.3);GATE
Port:(582.5, 370.8)(602.8, 370.8)(602.8, 375.3)(582.5, 375.3);SD
Port:(569.0, 227.3)(602.2, 227.3)(602.2, 227.4)(616.3, 227.4)(616.3, 368.5)(569.0, 368.5);GATE
Port:(574.9, 232.2)(596.3, 232.2)(596.3, 238.8)(574.9, 238.8);SD
