Area:(-20.0, -20.0)(433.3, -20.0)(433.3, 602.4)(-20.0, 602.4)
Rule:GATE(5,5);SD(5,5);GATE_SD(0.5);GATE_ITO(0.5);SD_ITO(0.5)
Module:M9
Boundary:(175.3, 311.9)(212.0, 311.9)(212.0, 312.0)(229.0, 312.0)(229.0, 387.1)(175.3, 387.1);GATE
Port:(189.9, 382.6)(214.4, 382.6)(214.4, 387.1)(189.9, 387.1);SD
Port:(175.3, 311.9)(212.0, 311.9)(212.0, 312.0)(229.0, 312.0)(229.0, 379.8)(175.3, 379.8);GATE
Port:(182.1, 317.7)(205.2, 317.7)(205.2, 323.3)(182.1, 323.3);SD
Module:M5
Boundary:(30.0, 30.0)(84.6, 30.0)(84.6, 30.3)(101.5, 30.3)(101.5, 124.9)(30.0, 124.9);GATE
Port:(45.1, 119.0)(86.4, 119.0)(86.4, 124.9)(45.1, 124.9);SD
Port:(30.0, 30.0)(84.6, 30.0)(84.6, 30.3)(101.5, 30.3)(101.5, 116.6)(30.0, 116.6);GATE
Port:(36.6, 35.6)(78.0, 35.6)(78.0, 42.4)(36.6, 42.4);SD
Module:M1
Boundary:(20.0, 174.9)(74.2, 174.9)(74.2, 175.1)(92.3, 175.1)(92.3, 326.6)(20.0, 326.6);GATE
Port:(34.3, 320.7)(78.0, 320.7)(78.0, 326.6)(34.3, 326.6);SD
Port:(20.0, 174.9)(74.2, 174.9)(74.2, 175.1)(92.3, 175.1)(92.3, 318.9)(20.0, 318.9);GATE
Port:(26.6, 180.5)(67.6, 180.5)(67.6, 186.0)(26.6, 186.0);SD
Module:M6
Boundary:(20.0, 366.6)(121.2, 366.6)(121.2, 452.0)(135.3, 452.0)(135.3, 562.1)(20.0, 562.1);GATE
Port:(33.5, 558.0)(121.8, 558.0)(121.8, 562.1)(33.5, 562.1);SD
Port:(20.0, 366.6)(121.2, 366.6)(121.2, 452.0)(135.3, 452.0)(135.3, 555.5)(20.0, 555.5);GATE
Port:(25.7, 371.3)(113.5, 371.3)(113.5, 377.8)(25.7, 377.8);SD
Module:M2
Boundary:(151.5, 20.0)(213.9, 20.0)(213.9, 67.4)(227.8, 67.4)(227.8, 162.2)(151.5, 162.2);GATE
Port:(163.6, 158.2)(215.7, 158.2)(215.7, 162.2)(163.6, 162.2);SD
Port:(151.5, 20.0)(213.9, 20.0)(213.9, 67.4)(227.8, 67.4)(227.8, 155.8)(151.5, 155.8);GATE
Port:(156.8, 24.3)(207.6, 24.3)(207.6, 29.9)(156.8, 29.9);SD
Module:M10
Boundary:(279.0, 232.0)(362.9, 232.0)(362.9, 305.8)(378.7, 305.8)(378.7, 380.1)(279.0, 380.1);GATE
Port:(292.0, 374.7)(365.7, 374.7)(365.7, 380.1)(292.0, 380.1);SD
Port:(279.0, 232.0)(362.9, 232.0)(362.9, 305.8)(378.7, 305.8)(378.7, 373.0)(279.0, 373.0);GATE
Port:(284.1, 236.1)(356.8, 236.1)(356.8, 241.6)(284.1, 241.6);SD
Module:M7
Boundary:(214.3, 202.2)(214.3, 271.9)(132.3, 271.9)(132.3, 202.2);GATE
Port:(132.3, 216.3)(137.1, 216.3)(137.1, 257.8)(132.3, 257.8);SD
Port:(214.3, 202.2)(214.3, 271.9)(138.8, 271.9)(138.8, 202.2);GATE
Port:(203.1, 208.3)(209.2, 208.3)(209.2, 265.8)(203.1, 265.8);SD
Module:M3
Boundary:(309.0, 430.1)(385.5, 430.1)(385.5, 558.5)(309.0, 558.5);GATE
Port:(321.5, 553.2)(373.0, 553.2)(373.0, 558.5)(321.5, 558.5);SD
Port:(309.0, 430.1)(385.5, 430.1)(385.5, 550.4)(309.0, 550.4);GATE
Port:(314.1, 434.2)(380.4, 434.2)(380.4, 441.1)(314.1, 441.1);SD
Module:M8
Boundary:(175.3, 430.1)(254.5, 430.1)(254.5, 496.1)(269.0, 496.1)(269.0, 562.4)(175.3, 562.4);GATE
Port:(187.2, 556.9)(257.1, 556.9)(257.1, 562.4)(187.2, 562.4);SD
Port:(175.3, 430.1)(254.5, 430.1)(254.5, 496.1)(269.0, 496.1)(269.0, 555.1)(175.3, 555.1);GATE
Port:(180.8, 434.6)(248.0, 434.6)(248.0, 440.0)(180.8, 440.0);SD
Module:M4
Boundary:(267.8, 20.0)(376.1, 20.0)(376.1, 20.3)(393.3, 20.3)(393.3, 182.0)(267.8, 182.0);GATE
Port:(283.6, 176.5)(377.5, 176.5)(377.5, 182.0)(283.6, 182.0);SD
Port:(267.8, 20.0)(376.1, 20.0)(376.1, 20.3)(393.3, 20.3)(393.3, 173.7)(267.8, 173.7);GATE
Port:(274.8, 26.0)(369.1, 26.0)(369.1, 33.4)(274.8, 33.4);SD
