Area:(-20.0, -13.6)(772.6, -13.6)(772.6, 974.5)(-20.0, 974.5)
Rule:GATE(5,5);SD(5,5);GATE_SD(0.5);GATE_ITO(0.5);SD_ITO(0.5)
Module:M14
Boundary:(400.9, 183.7)(494.4, 183.7)(494.4, 173.7)(509.9, 173.7)(509.9, 51.7)(400.9, 51.7);GATE
Port:(415.4, 51.7)(495.4, 51.7)(495.4, 61.7)(415.4, 61.7);SD
Port:(400.9, 183.7)(494.4, 183.7)(494.4, 173.7)(509.9, 173.7)(509.9, 66.7)(400.9, 66.7);GATE
Port:(410.9, 174.7)(479.9, 174.7)(479.9, 178.7)(410.9, 178.7);SD
Module:M10
Boundary:(709.7, 26.4)(562.2, 26.4)(562.2, 101.3)(510.7, 101.3)(510.7, 160.4)(709.7, 160.4);GATE
Port:(525.2, 150.4)(695.2, 150.4)(695.2, 160.4)(525.2, 160.4);SD
Port:(709.7, 26.4)(562.2, 26.4)(562.2, 101.3)(510.7, 101.3)(510.7, 145.4)(709.7, 145.4);GATE
Port:(576.7, 31.4)(699.7, 31.4)(699.7, 35.4)(576.7, 35.4);SD
Module:M16
Boundary:(183.0, 60.7)(294.5, 60.7)(294.5, 121.2)(400.0, 121.2)(400.0, 205.7)(183.0, 205.7);GATE
Port:(197.5, 195.7)(385.5, 195.7)(385.5, 205.7)(197.5, 205.7);SD
Port:(183.0, 60.7)(294.5, 60.7)(294.5, 121.2)(400.0, 121.2)(400.0, 190.7)(183.0, 190.7);GATE
Port:(193.0, 65.7)(280.0, 65.7)(280.0, 69.7)(193.0, 69.7);SD
Module:M7
Boundary:(154.9, 38.5)(78.9, 38.5)(78.9, 46.5)(63.9, 46.5)(63.9, 218.5)(154.9, 218.5);GATE
Port:(78.4, 208.5)(140.4, 208.5)(140.4, 218.5)(78.4, 218.5);SD
Port:(154.9, 38.5)(78.9, 38.5)(78.9, 46.5)(63.9, 46.5)(63.9, 203.5)(154.9, 203.5);GATE
Port:(93.9, 43.5)(144.9, 43.5)(144.9, 47.5)(93.9, 47.5);SD
Module:M12
Boundary:(260.2, 326.5)(260.2, 250.5)(252.2, 250.5)(252.2, 235.5)(183.2, 235.5)(183.2, 326.5);GATE
Port:(183.2, 250.0)(193.2, 250.0)(193.2, 312.0)(183.2, 312.0);SD
Port:(260.2, 326.5)(260.2, 250.5)(252.2, 250.5)(252.2, 235.5)(198.2, 235.5)(198.2, 326.5);GATE
Port:(251.2, 265.5)(255.2, 265.5)(255.2, 316.5)(251.2, 316.5);SD
Module:M6
Boundary:(269.5, 220.2)(269.5, 331.7)(281.5, 331.7)(281.5, 347.2)(420.5, 347.2)(420.5, 220.2);GATE
Port:(410.5, 234.7)(420.5, 234.7)(420.5, 332.7)(410.5, 332.7);SD
Port:(269.5, 220.2)(269.5, 331.7)(281.5, 331.7)(281.5, 347.2)(405.5, 347.2)(405.5, 220.2);GATE
Port:(274.5, 230.2)(278.5, 230.2)(278.5, 317.2)(274.5, 317.2);SD
Module:M23
Boundary:(438.0, 194.0)(514.0, 194.0)(514.0, 202.0)(529.0, 202.0)(529.0, 347.0)(438.0, 347.0);GATE
Port:(452.5, 337.0)(514.5, 337.0)(514.5, 347.0)(452.5, 347.0);SD
Port:(438.0, 194.0)(514.0, 194.0)(514.0, 202.0)(529.0, 202.0)(529.0, 332.0)(438.0, 332.0);GATE
Port:(448.0, 199.0)(499.0, 199.0)(499.0, 203.0)(448.0, 203.0);SD
Module:M3
Boundary:(718.7, 236.7)(589.2, 236.7)(589.2, 250.7)(573.7, 250.7)(573.7, 416.7)(718.7, 416.7);GATE
Port:(588.2, 406.7)(704.2, 406.7)(704.2, 416.7)(588.2, 416.7);SD
Port:(718.7, 236.7)(589.2, 236.7)(589.2, 250.7)(573.7, 250.7)(573.7, 401.7)(718.7, 401.7);GATE
Port:(603.7, 241.7)(708.7, 241.7)(708.7, 245.7)(603.7, 245.7);SD
Module:M11
Boundary:(132.9, 263.6)(59.9, 263.6)(59.9, 461.6)(132.9, 461.6);GATE
Port:(74.4, 451.6)(118.4, 451.6)(118.4, 461.6)(74.4, 461.6);SD
Port:(132.9, 263.6)(59.9, 263.6)(59.9, 446.6)(132.9, 446.6);GATE
Port:(69.9, 268.6)(122.9, 268.6)(122.9, 272.6)(69.9, 272.6);SD
Module:M18
Boundary:(138.5, 459.2)(214.5, 459.2)(214.5, 451.2)(229.5, 451.2)(229.5, 357.2)(138.5, 357.2);GATE
Port:(153.0, 357.2)(215.0, 357.2)(215.0, 367.2)(153.0, 367.2);SD
Port:(138.5, 459.2)(214.5, 459.2)(214.5, 451.2)(229.5, 451.2)(229.5, 372.2)(138.5, 372.2);GATE
Port:(148.5, 450.2)(199.5, 450.2)(199.5, 454.2)(148.5, 454.2);SD
Module:M15
Boundary:(271.2, 469.0)(400.8, 469.0)(400.8, 455.0)(416.2, 455.0)(416.2, 388.0)(271.2, 388.0);GATE
Port:(285.8, 388.0)(401.8, 388.0)(401.8, 398.0)(285.8, 398.0);SD
Port:(271.2, 469.0)(400.8, 469.0)(400.8, 455.0)(416.2, 455.0)(416.2, 403.0)(271.2, 403.0);GATE
Port:(281.2, 460.0)(386.2, 460.0)(386.2, 464.0)(281.2, 464.0);SD
Module:M21
Boundary:(426.9, 537.0)(426.9, 389.5)(442.9, 389.5)(442.9, 374.0)(497.9, 374.0)(497.9, 537.0);GATE
Port:(487.9, 388.5)(497.9, 388.5)(497.9, 522.5)(487.9, 522.5);SD
Port:(426.9, 537.0)(426.9, 389.5)(442.9, 389.5)(442.9, 374.0)(482.9, 374.0)(482.9, 537.0);GATE
Port:(431.9, 404.0)(435.9, 404.0)(435.9, 527.0)(431.9, 527.0);SD
Module:M4
Boundary:(542.8, 440.8)(615.8, 440.8)(615.8, 594.8)(542.8, 594.8);GATE
Port:(557.3, 584.8)(601.3, 584.8)(601.3, 594.8)(557.3, 594.8);SD
Port:(542.8, 440.8)(615.8, 440.8)(615.8, 579.8)(542.8, 579.8);GATE
Port:(552.8, 445.8)(605.8, 445.8)(605.8, 449.8)(552.8, 449.8);SD
Module:M17
Boundary:(732.6, 423.3)(732.6, 570.8)(708.1, 570.8)(708.1, 604.3)(669.6, 604.3)(669.6, 423.3);GATE
Port:(669.6, 437.8)(679.6, 437.8)(679.6, 589.8)(669.6, 589.8);SD
Port:(732.6, 423.3)(732.6, 570.8)(708.1, 570.8)(708.1, 604.3)(684.6, 604.3)(684.6, 423.3);GATE
Port:(723.6, 433.3)(727.6, 433.3)(727.6, 556.3)(723.6, 556.3);SD
Module:M1
Boundary:(208.0, 624.7)(208.0, 495.2)(194.0, 495.2)(194.0, 479.7)(20.0, 479.7)(20.0, 624.7);GATE
Port:(20.0, 494.2)(30.0, 494.2)(30.0, 610.2)(20.0, 610.2);SD
Port:(208.0, 624.7)(208.0, 495.2)(194.0, 495.2)(194.0, 479.7)(35.0, 479.7)(35.0, 624.7);GATE
Port:(199.0, 509.7)(203.0, 509.7)(203.0, 614.7)(199.0, 614.7);SD
Module:M9
Boundary:(248.0, 489.7)(248.0, 619.2)(262.0, 619.2)(262.0, 634.7)(418.0, 634.7)(418.0, 489.7);GATE
Port:(408.0, 504.2)(418.0, 504.2)(418.0, 620.2)(408.0, 620.2);SD
Port:(248.0, 489.7)(248.0, 619.2)(262.0, 619.2)(262.0, 634.7)(403.0, 634.7)(403.0, 489.7);GATE
Port:(253.0, 499.7)(257.0, 499.7)(257.0, 604.7)(253.0, 604.7);SD
Module:M8
Boundary:(572.8, 604.8)(572.8, 677.8)(448.8, 677.8)(448.8, 604.8);GATE
Port:(448.8, 619.3)(458.8, 619.3)(458.8, 663.3)(448.8, 663.3);SD
Port:(572.8, 604.8)(572.8, 677.8)(463.8, 677.8)(463.8, 604.8);GATE
Port:(563.8, 614.8)(567.8, 614.8)(567.8, 667.8)(563.8, 667.8);SD
Module:M19
Boundary:(715.6, 610.7)(604.1, 610.7)(604.1, 622.7)(588.6, 622.7)(588.6, 745.7)(715.6, 745.7);GATE
Port:(603.1, 735.7)(701.1, 735.7)(701.1, 745.7)(603.1, 745.7);SD
Port:(715.6, 610.7)(604.1, 610.7)(604.1, 622.7)(588.6, 622.7)(588.6, 730.7)(715.6, 730.7);GATE
Port:(618.6, 615.7)(705.6, 615.7)(705.6, 619.7)(618.6, 619.7);SD
Module:M20
Boundary:(427.8, 648.7)(334.3, 648.7)(334.3, 710.7)(246.8, 710.7)(246.8, 777.7)(427.8, 777.7);GATE
Port:(261.3, 767.7)(413.3, 767.7)(413.3, 777.7)(261.3, 777.7);SD
Port:(427.8, 648.7)(334.3, 648.7)(334.3, 710.7)(246.8, 710.7)(246.8, 762.7)(427.8, 762.7);GATE
Port:(348.8, 653.7)(417.8, 653.7)(417.8, 657.7)(348.8, 657.7);SD
Module:M24
Boundary:(50.5, 806.9)(50.5, 677.4)(64.5, 677.4)(64.5, 661.9)(233.5, 661.9)(233.5, 806.9);GATE
Port:(223.5, 676.4)(233.5, 676.4)(233.5, 792.4)(223.5, 792.4);SD
Port:(50.5, 806.9)(50.5, 677.4)(64.5, 677.4)(64.5, 661.9)(218.5, 661.9)(218.5, 806.9);GATE
Port:(55.5, 691.9)(59.5, 691.9)(59.5, 796.9)(55.5, 796.9);SD
Module:M22
Boundary:(464.0, 806.1)(557.5, 806.1)(557.5, 792.1)(573.0, 792.1)(573.0, 700.1)(464.0, 700.1);GATE
Port:(478.5, 700.1)(558.5, 700.1)(558.5, 710.1)(478.5, 710.1);SD
Port:(464.0, 806.1)(557.5, 806.1)(557.5, 792.1)(573.0, 792.1)(573.0, 715.1)(464.0, 715.1);GATE
Port:(474.0, 797.1)(543.0, 797.1)(543.0, 801.1)(474.0, 801.1);SD
Module:M2
Boundary:(464.0, 825.5)(575.5, 825.5)(575.5, 837.5)(591.0, 837.5)(591.0, 895.5)(464.0, 895.5);GATE
Port:(478.5, 885.5)(576.5, 885.5)(576.5, 895.5)(478.5, 895.5);SD
Port:(464.0, 825.5)(575.5, 825.5)(575.5, 837.5)(591.0, 837.5)(591.0, 880.5)(464.0, 880.5);GATE
Port:(474.0, 830.5)(561.0, 830.5)(561.0, 834.5)(474.0, 834.5);SD
Module:M5
Boundary:(720.6, 807.5)(720.6, 919.0)(708.5, 919.0)(708.5, 934.5)(597.6, 934.5)(597.6, 807.5);GATE
Port:(597.6, 822.0)(607.6, 822.0)(607.6, 920.0)(597.6, 920.0);SD
Port:(720.6, 807.5)(720.6, 919.0)(708.5, 919.0)(708.5, 934.5)(612.6, 934.5)(612.6, 807.5);GATE
Port:(711.6, 817.5)(715.6, 817.5)(715.6, 904.5)(711.6, 904.5);SD
Module:M13
Boundary:(375.3, 808.2)(375.3, 884.2)(367.3, 884.2)(367.3, 899.2)(203.3, 899.2)(203.3, 808.2);GATE
Port:(203.3, 822.7)(213.3, 822.7)(213.3, 884.7)(203.3, 884.7);SD
Port:(375.3, 808.2)(375.3, 884.2)(367.3, 884.2)(367.3, 899.2)(218.3, 899.2)(218.3, 808.2);GATE
Port:(366.3, 818.2)(370.3, 818.2)(370.3, 869.2)(366.3, 869.2);SD
Module:M25
Boundary:(193.6, 839.6)(193.6, 915.6)(185.6, 915.6)(185.6, 930.6)(22.6, 930.6)(22.6, 839.6);GATE
Port:(22.6, 854.1)(32.6, 854.1)(32.6, 916.1)(22.6, 916.1);SD
Port:(193.6, 839.6)(193.6, 915.6)(185.6, 915.6)(185.6, 930.6)(37.6, 930.6)(37.6, 839.6);GATE
Port:(184.6, 849.6)(188.6, 849.6)(188.6, 900.6)(184.6, 900.6);SD
