Area:(39.8, -20.0)(1649.4, -20.0)(1649.4, 704.8)(39.8, 704.8)
Rule:GATE(5,5);SD(5,5);GATE_SD(0.5);GATE_ITO(0.5);SD_ITO(0.5)
Module:M33
Boundary:(439.1, 29.9)(439.1, 81.5)(438.8, 81.5)(438.8, 97.3)(251.7, 97.3)(251.7, 29.9);GATE
Port:(251.7, 43.8)(255.8, 43.8)(255.8, 83.4)(251.7, 83.4);SD
Port:(439.1, 29.9)(439.1, 81.5)(438.8, 81.5)(438.8, 97.3)(257.3, 97.3)(257.3, 29.9);GATE
Port:(427.2, 36.1)(433.9, 36.1)(433.9, 75.3)(427.2, 75.3);SD
Module:M32
Boundary:(1028.6, 81.8)(1028.6, 131.5)(968.8, 131.5)(968.8, 147.2)(905.7, 147.2)(905.7, 81.8);GATE
Port:(905.7, 94.5)(909.9, 94.5)(909.9, 134.5)(905.7, 134.5);SD
Port:(1028.6, 81.8)(1028.6, 131.5)(968.8, 131.5)(968.8, 147.2)(912.5, 147.2)(912.5, 81.8);GATE
Port:(1019.3, 87.5)(1023.9, 87.5)(1023.9, 124.8)(1019.3, 124.8);SD
Module:M10
Boundary:(283.9, 20.0)(283.9, 97.6)(194.5, 97.6)(194.5, 111.1)(132.1, 111.1)(132.1, 20.0);GATE
Port:(132.1, 33.4)(137.2, 33.4)(137.2, 97.7)(132.1, 97.7);SD
Port:(283.9, 20.0)(283.9, 97.6)(194.5, 97.6)(194.5, 111.1)(138.8, 111.1)(138.8, 20.0);GATE
Port:(272.3, 25.9)(279.0, 25.9)(279.0, 90.7)(272.3, 90.7);SD
Module:M44
Boundary:(905.5, 62.6)(905.5, 144.0)(838.5, 144.0)(838.5, 158.3)(747.0, 158.3)(747.0, 62.6);GATE
Port:(747.0, 76.5)(752.0, 76.5)(752.0, 144.4)(747.0, 144.4);SD
Port:(905.5, 62.6)(905.5, 144.0)(838.5, 144.0)(838.5, 158.3)(753.5, 158.3)(753.5, 62.6);GATE
Port:(893.8, 68.9)(900.2, 68.9)(900.2, 136.7)(893.8, 136.7);SD
Module:M18
Boundary:(1065.8, 91.8)(1166.7, 91.8)(1166.7, 127.7)(1181.9, 127.7)(1181.9, 237.2)(1065.8, 237.2);GATE
Port:(1079.8, 232.0)(1167.9, 232.0)(1167.9, 237.2)(1079.8, 237.2);SD
Port:(1065.8, 91.8)(1166.7, 91.8)(1166.7, 127.7)(1181.9, 127.7)(1181.9, 230.2)(1065.8, 230.2);GATE
Port:(1072.3, 97.3)(1159.2, 97.3)(1159.2, 103.3)(1072.3, 103.3);SD
Module:M41
Boundary:(439.2, 54.3)(531.5, 54.3)(531.5, 54.5)(545.9, 54.5)(545.9, 219.8)(439.2, 219.8);GATE
Port:(453.1, 215.0)(532.0, 215.0)(532.0, 219.8)(453.1, 219.8);SD
Port:(439.2, 54.3)(531.5, 54.3)(531.5, 54.5)(545.9, 54.5)(545.9, 213.1)(439.2, 213.1);GATE
Port:(446.2, 60.3)(524.5, 60.3)(524.5, 66.5)(446.2, 66.5);SD
Module:M34
Boundary:(454.5, 129.3)(454.5, 178.6)(439.1, 178.6)(439.1, 193.1)(276.3, 193.1)(276.3, 129.3);GATE
Port:(276.3, 142.7)(281.7, 142.7)(281.7, 179.7)(276.3, 179.7);SD
Port:(454.5, 129.3)(454.5, 178.6)(439.1, 178.6)(439.1, 193.1)(284.5, 193.1)(284.5, 129.3);GATE
Port:(443.8, 134.4)(450.4, 134.4)(450.4, 172.5)(443.8, 172.5);SD
Module:M16
Boundary:(1238.2, 45.5)(1307.3, 45.5)(1307.3, 124.5)(1323.7, 124.5)(1323.7, 226.0)(1238.2, 226.0);GATE
Port:(1251.0, 221.6)(1310.9, 221.6)(1310.9, 226.0)(1251.0, 226.0);SD
Port:(1238.2, 45.5)(1307.3, 45.5)(1307.3, 124.5)(1323.7, 124.5)(1323.7, 219.9)(1238.2, 219.9);GATE
Port:(1243.7, 50.0)(1300.8, 50.0)(1300.8, 55.5)(1243.7, 55.5);SD
Module:M21
Boundary:(587.1, 54.4)(686.8, 54.4)(686.8, 236.5)(587.1, 236.5);GATE
Port:(601.3, 231.1)(672.6, 231.1)(672.6, 236.5)(601.3, 236.5);SD
Port:(587.1, 54.4)(686.8, 54.4)(686.8, 228.4)(587.1, 228.4);GATE
Port:(593.8, 60.1)(680.1, 60.1)(680.1, 65.7)(593.8, 65.7);SD
Module:M26
Boundary:(1442.6, 35.3)(1556.5, 35.3)(1556.5, 52.6)(1574.2, 52.6)(1574.2, 228.9)(1442.6, 228.9);GATE
Port:(1458.0, 224.8)(1558.8, 224.8)(1558.8, 228.9)(1458.0, 228.9);SD
Port:(1442.6, 35.3)(1556.5, 35.3)(1556.5, 52.6)(1574.2, 52.6)(1574.2, 223.6)(1442.6, 223.6);GATE
Port:(1448.9, 40.6)(1549.2, 40.6)(1549.2, 47.3)(1448.9, 47.3);SD
Module:M3
Boundary:(1369.6, 77.8)(1420.0, 77.8)(1420.0, 77.9)(1436.9, 77.9)(1436.9, 282.4)(1369.6, 282.4);GATE
Port:(1383.1, 277.5)(1423.4, 277.5)(1423.4, 282.4)(1383.1, 282.4);SD
Port:(1369.6, 77.8)(1420.0, 77.8)(1420.0, 77.9)(1436.9, 77.9)(1436.9, 275.6)(1369.6, 275.6);GATE
Port:(1375.8, 83.0)(1413.8, 83.0)(1413.8, 88.1)(1375.8, 88.1);SD
Module:M17
Boundary:(904.3, 165.7)(904.3, 254.5)(743.7, 254.5)(743.7, 165.7);GATE
Port:(743.7, 178.1)(749.0, 178.1)(749.0, 242.1)(743.7, 242.1);SD
Port:(904.3, 165.7)(904.3, 254.5)(750.7, 254.5)(750.7, 165.7);GATE
Port:(894.3, 171.4)(899.6, 171.4)(899.6, 248.8)(894.3, 248.8);SD
Module:M30
Boundary:(934.0, 163.6)(1038.1, 163.6)(1038.1, 222.9)(1053.8, 222.9)(1053.8, 287.3)(934.0, 287.3);GATE
Port:(948.9, 282.0)(1038.9, 282.0)(1038.9, 287.3)(948.9, 287.3);SD
Port:(934.0, 163.6)(1038.1, 163.6)(1038.1, 222.9)(1053.8, 222.9)(1053.8, 280.6)(934.0, 280.6);GATE
Port:(940.4, 169.0)(1030.7, 169.0)(1030.7, 175.5)(940.4, 175.5);SD
Module:M36
Boundary:(112.4, 164.7)(215.9, 164.7)(215.9, 223.7)(232.2, 223.7)(232.2, 306.1)(112.4, 306.1);GATE
Port:(125.4, 302.0)(219.2, 302.0)(219.2, 306.1)(125.4, 306.1);SD
Port:(112.4, 164.7)(215.9, 164.7)(215.9, 223.7)(232.2, 223.7)(232.2, 300.4)(112.4, 300.4);GATE
Port:(118.3, 169.6)(209.0, 169.6)(209.0, 174.8)(118.3, 174.8);SD
Module:M13
Boundary:(1232.6, 308.9)(1232.6, 358.6)(1232.5, 358.6)(1232.5, 375.5)(1076.6, 375.5)(1076.6, 308.9);GATE
Port:(1076.6, 321.6)(1080.8, 321.6)(1080.8, 362.8)(1076.6, 362.8);SD
Port:(1232.6, 308.9)(1232.6, 358.6)(1232.5, 358.6)(1232.5, 375.5)(1082.7, 375.5)(1082.7, 308.9);GATE
Port:(1223.0, 314.8)(1227.7, 314.8)(1227.7, 352.7)(1223.0, 352.7);SD
Module:M2
Boundary:(546.9, 255.9)(634.8, 255.9)(634.8, 278.3)(648.1, 278.3)(648.1, 353.6)(546.9, 353.6);GATE
Port:(557.8, 347.8)(637.2, 347.8)(637.2, 353.6)(557.8, 353.6);SD
Port:(546.9, 255.9)(634.8, 255.9)(634.8, 278.3)(648.1, 278.3)(648.1, 345.9)(546.9, 345.9);GATE
Port:(552.6, 260.6)(628.1, 260.6)(628.1, 265.4)(552.6, 265.4);SD
Module:M9
Boundary:(449.9, 248.0)(449.9, 346.6)(337.9, 346.6)(337.9, 248.0);GATE
Port:(337.9, 262.6)(342.1, 262.6)(342.1, 332.0)(337.9, 332.0);SD
Port:(449.9, 248.0)(449.9, 346.6)(344.0, 346.6)(344.0, 248.0);GATE
Port:(438.3, 254.9)(444.0, 254.9)(444.0, 339.7)(438.3, 339.7);SD
Module:M12
Boundary:(233.0, 245.3)(283.9, 245.3)(283.9, 291.5)(298.8, 291.5)(298.8, 346.6)(233.0, 346.6);GATE
Port:(246.1, 341.2)(285.7, 341.2)(285.7, 346.6)(246.1, 346.6);SD
Port:(233.0, 245.3)(283.9, 245.3)(283.9, 291.5)(298.8, 291.5)(298.8, 340.1)(233.0, 340.1);GATE
Port:(239.7, 251.0)(276.2, 251.0)(276.2, 255.9)(239.7, 255.9);SD
Module:M38
Boundary:(633.3, 242.1)(722.2, 242.1)(722.2, 292.8)(738.4, 292.8)(738.4, 338.1)(633.3, 338.1);GATE
Port:(647.8, 333.7)(723.9, 333.7)(723.9, 338.1)(647.8, 338.1);SD
Port:(633.3, 242.1)(722.2, 242.1)(722.2, 292.8)(738.4, 292.8)(738.4, 331.1)(633.3, 331.1);GATE
Port:(640.2, 248.0)(714.3, 248.0)(714.3, 254.0)(640.2, 254.0);SD
Module:M1
Boundary:(1347.1, 296.6)(1461.1, 296.6)(1461.1, 297.3)(1479.7, 297.3)(1479.7, 439.1)(1347.1, 439.1);GATE
Port:(1363.0, 434.7)(1463.8, 434.7)(1463.8, 439.1)(1363.0, 439.1);SD
Port:(1347.1, 296.6)(1461.1, 296.6)(1461.1, 297.3)(1479.7, 297.3)(1479.7, 433.6)(1347.1, 433.6);GATE
Port:(1354.1, 302.6)(1454.1, 302.6)(1454.1, 309.1)(1354.1, 309.1);SD
Module:M5
Boundary:(998.8, 287.8)(1043.2, 287.8)(1043.2, 396.2)(998.8, 396.2);GATE
Port:(1010.9, 391.2)(1031.1, 391.2)(1031.1, 396.2)(1010.9, 396.2);SD
Port:(998.8, 287.8)(1043.2, 287.8)(1043.2, 389.7)(998.8, 389.7);GATE
Port:(1005.0, 293.0)(1037.0, 293.0)(1037.0, 297.9)(1005.0, 297.9);SD
Module:M39
Boundary:(921.3, 306.7)(921.3, 393.0)(921.3, 393.0)(921.3, 409.9)(832.4, 409.9)(832.4, 306.7);GATE
Port:(832.4, 321.4)(837.1, 321.4)(837.1, 395.2)(832.4, 395.2);SD
Port:(921.3, 306.7)(921.3, 393.0)(921.3, 393.0)(921.3, 409.9)(839.2, 409.9)(839.2, 306.7);GATE
Port:(910.1, 312.3)(916.7, 312.3)(916.7, 387.4)(910.1, 387.4);SD
Module:M7
Boundary:(1248.8, 233.0)(1311.7, 233.0)(1311.7, 418.0)(1248.8, 418.0);GATE
Port:(1262.2, 413.0)(1298.2, 413.0)(1298.2, 418.0)(1262.2, 418.0);SD
Port:(1248.8, 233.0)(1311.7, 233.0)(1311.7, 410.1)(1248.8, 410.1);GATE
Port:(1254.8, 238.0)(1305.7, 238.0)(1305.7, 244.6)(1254.8, 244.6);SD
Module:M23
Boundary:(1236.9, 362.5)(1236.9, 431.3)(1236.7, 431.3)(1236.7, 444.4)(1075.9, 444.4)(1075.9, 362.5);GATE
Port:(1075.9, 374.1)(1080.9, 374.1)(1080.9, 432.8)(1075.9, 432.8);SD
Port:(1236.9, 362.5)(1236.9, 431.3)(1236.7, 431.3)(1236.7, 444.4)(1083.1, 444.4)(1083.1, 362.5);GATE
Port:(1227.2, 368.0)(1232.4, 368.0)(1232.4, 425.8)(1227.2, 425.8);SD
Module:M35
Boundary:(732.8, 279.7)(815.7, 279.7)(815.7, 279.7)(832.3, 279.7)(832.3, 413.6)(732.8, 413.6);GATE
Port:(746.1, 409.1)(819.0, 409.1)(819.0, 413.6)(746.1, 413.6);SD
Port:(732.8, 279.7)(815.7, 279.7)(815.7, 279.7)(832.3, 279.7)(832.3, 407.4)(732.8, 407.4);GATE
Port:(738.0, 283.9)(810.5, 283.9)(810.5, 290.3)(738.0, 290.3);SD
Module:M45
Boundary:(1517.2, 229.8)(1580.1, 229.8)(1580.1, 229.9)(1595.4, 229.9)(1595.4, 431.8)(1517.2, 431.8);GATE
Port:(1529.5, 426.6)(1583.1, 426.6)(1583.1, 431.8)(1529.5, 431.8);SD
Port:(1517.2, 229.8)(1580.1, 229.8)(1580.1, 229.9)(1595.4, 229.9)(1595.4, 425.3)(1517.2, 425.3);GATE
Port:(1523.1, 234.7)(1574.2, 234.7)(1574.2, 240.1)(1523.1, 240.1);SD
Module:M42
Boundary:(465.0, 322.3)(465.0, 409.5)(381.1, 409.5)(381.1, 425.7)(271.6, 425.7)(271.6, 322.3);GATE
Port:(271.6, 336.4)(277.3, 336.4)(277.3, 411.6)(271.6, 411.6);SD
Port:(465.0, 322.3)(465.0, 409.5)(381.1, 409.5)(381.1, 425.7)(279.1, 425.7)(279.1, 322.3);GATE
Port:(454.2, 328.7)(459.6, 328.7)(459.6, 402.1)(454.2, 402.1);SD
Module:M14
Boundary:(450.9, 310.1)(554.4, 310.1)(554.4, 361.6)(570.0, 361.6)(570.0, 418.7)(450.9, 418.7);GATE
Port:(465.4, 414.0)(555.5, 414.0)(555.5, 418.7)(465.4, 418.7);SD
Port:(450.9, 310.1)(554.4, 310.1)(554.4, 361.6)(570.0, 361.6)(570.0, 412.8)(450.9, 412.8);GATE
Port:(457.4, 315.6)(546.9, 315.6)(546.9, 321.6)(457.4, 321.6);SD
Module:M27
Boundary:(79.8, 307.5)(183.0, 307.5)(183.0, 308.0)(200.0, 308.0)(200.0, 476.8)(79.8, 476.8);GATE
Port:(93.8, 471.0)(186.0, 471.0)(186.0, 476.8)(93.8, 476.8);SD
Port:(79.8, 307.5)(183.0, 307.5)(183.0, 308.0)(200.0, 308.0)(200.0, 468.3)(79.8, 468.3);GATE
Port:(85.4, 312.1)(177.4, 312.1)(177.4, 319.1)(85.4, 319.1);SD
Module:M20
Boundary:(602.4, 326.8)(699.7, 326.8)(699.7, 353.6)(714.2, 353.6)(714.2, 487.2)(602.4, 487.2);GATE
Port:(616.4, 481.9)(700.2, 481.9)(700.2, 487.2)(616.4, 487.2);SD
Port:(602.4, 326.8)(699.7, 326.8)(699.7, 353.6)(714.2, 353.6)(714.2, 479.8)(602.4, 479.8);GATE
Port:(608.0, 331.4)(693.1, 331.4)(693.1, 338.3)(608.0, 338.3);SD
Module:M11
Boundary:(841.7, 445.0)(841.7, 492.8)(841.5, 492.8)(841.5, 508.4)(740.2, 508.4)(740.2, 445.0);GATE
Port:(740.2, 457.6)(745.9, 457.6)(745.9, 495.8)(740.2, 495.8);SD
Port:(841.7, 445.0)(841.7, 492.8)(841.5, 492.8)(841.5, 508.4)(748.7, 508.4)(748.7, 445.0);GATE
Port:(831.4, 450.4)(837.3, 450.4)(837.3, 487.4)(831.4, 487.4);SD
Module:M28
Boundary:(1016.0, 448.3)(1016.0, 513.7)(931.1, 513.7)(931.1, 527.5)(848.3, 527.5)(848.3, 448.3);GATE
Port:(848.3, 462.4)(853.5, 462.4)(853.5, 513.4)(848.3, 513.4);SD
Port:(1016.0, 448.3)(1016.0, 513.7)(931.1, 513.7)(931.1, 527.5)(856.0, 527.5)(856.0, 448.3);GATE
Port:(1003.7, 455.0)(1010.3, 455.0)(1010.3, 506.0)(1003.7, 506.0);SD
Module:M8
Boundary:(1458.9, 444.7)(1458.9, 539.0)(1398.8, 539.0)(1398.8, 553.1)(1337.4, 553.1)(1337.4, 444.7);GATE
Port:(1337.4, 457.4)(1342.1, 457.4)(1342.1, 540.4)(1337.4, 540.4);SD
Port:(1458.9, 444.7)(1458.9, 539.0)(1398.8, 539.0)(1398.8, 553.1)(1343.4, 553.1)(1343.4, 444.7);GATE
Port:(1448.2, 451.6)(1453.0, 451.6)(1453.0, 531.1)(1448.2, 531.1);SD
Module:M6
Boundary:(1194.1, 444.4)(1194.1, 531.7)(1184.8, 531.7)(1184.8, 547.0)(1076.2, 547.0)(1076.2, 444.4);GATE
Port:(1076.2, 459.2)(1081.2, 459.2)(1081.2, 532.2)(1076.2, 532.2);SD
Port:(1194.1, 444.4)(1194.1, 531.7)(1184.8, 531.7)(1184.8, 547.0)(1082.6, 547.0)(1082.6, 444.4);GATE
Port:(1181.9, 451.4)(1188.1, 451.4)(1188.1, 523.7)(1181.9, 523.7);SD
Module:M25
Boundary:(1329.1, 451.5)(1329.1, 570.1)(1200.2, 570.1)(1200.2, 451.5);GATE
Port:(1200.2, 465.1)(1205.5, 465.1)(1205.5, 556.5)(1200.2, 556.5);SD
Port:(1329.1, 451.5)(1329.1, 570.1)(1207.8, 570.1)(1207.8, 451.5);GATE
Port:(1318.1, 457.7)(1323.9, 457.7)(1323.9, 563.9)(1318.1, 563.9);SD
Module:M40
Boundary:(444.0, 512.7)(543.7, 512.7)(543.7, 562.5)(558.8, 562.5)(558.8, 636.2)(444.0, 636.2);GATE
Port:(457.4, 631.3)(545.4, 631.3)(545.4, 636.2)(457.4, 636.2);SD
Port:(444.0, 512.7)(543.7, 512.7)(543.7, 562.5)(558.8, 562.5)(558.8, 629.9)(444.0, 629.9);GATE
Port:(450.9, 518.6)(535.8, 518.6)(535.8, 523.9)(450.9, 523.9);SD
Module:M24
Boundary:(1536.0, 392.4)(1592.3, 392.4)(1592.3, 437.4)(1609.4, 437.4)(1609.4, 529.9)(1536.0, 529.9);GATE
Port:(1551.3, 525.0)(1594.1, 525.0)(1594.1, 529.9)(1551.3, 529.9);SD
Port:(1536.0, 392.4)(1592.3, 392.4)(1592.3, 437.4)(1609.4, 437.4)(1609.4, 524.0)(1536.0, 524.0);GATE
Port:(1542.4, 397.8)(1584.9, 397.8)(1584.9, 404.4)(1542.4, 404.4);SD
Module:M19
Boundary:(321.0, 477.1)(321.0, 591.2)(121.1, 591.2)(121.1, 477.1);GATE
Port:(121.1, 489.2)(125.2, 489.2)(125.2, 579.1)(121.1, 579.1);SD
Port:(321.0, 477.1)(321.0, 591.2)(126.4, 591.2)(126.4, 477.1);GATE
Port:(311.8, 482.5)(316.6, 482.5)(316.6, 585.8)(311.8, 585.8);SD
Module:M4
Boundary:(338.6, 453.6)(392.1, 453.6)(392.1, 529.9)(407.9, 529.9)(407.9, 606.6)(338.6, 606.6);GATE
Port:(353.4, 602.2)(393.1, 602.2)(393.1, 606.6)(353.4, 606.6);SD
Port:(338.6, 453.6)(392.1, 453.6)(392.1, 529.9)(407.9, 529.9)(407.9, 599.7)(338.6, 599.7);GATE
Port:(345.4, 459.4)(384.3, 459.4)(384.3, 465.2)(345.4, 465.2);SD
Module:M29
Boundary:(1134.3, 557.1)(1134.3, 603.4)(1134.2, 603.4)(1134.2, 619.1)(1024.0, 619.1)(1024.0, 557.1);GATE
Port:(1024.0, 569.3)(1029.2, 569.3)(1029.2, 606.9)(1024.0, 606.9);SD
Port:(1134.3, 557.1)(1134.3, 603.4)(1134.2, 603.4)(1134.2, 619.1)(1031.4, 619.1)(1031.4, 557.1);GATE
Port:(1125.1, 562.8)(1129.6, 562.8)(1129.6, 597.7)(1125.1, 597.7);SD
Module:M22
Boundary:(1514.4, 556.6)(1514.4, 610.0)(1504.0, 610.0)(1504.0, 625.9)(1384.7, 625.9)(1384.7, 556.6);GATE
Port:(1384.7, 570.8)(1390.4, 570.8)(1390.4, 611.7)(1384.7, 611.7);SD
Port:(1514.4, 556.6)(1514.4, 610.0)(1504.0, 610.0)(1504.0, 625.9)(1391.5, 625.9)(1391.5, 556.6);GATE
Port:(1503.1, 562.3)(1509.7, 562.3)(1509.7, 603.3)(1503.1, 603.3);SD
Module:M31
Boundary:(1023.9, 540.9)(1023.9, 624.4)(877.1, 624.4)(877.1, 540.9);GATE
Port:(877.1, 554.3)(882.4, 554.3)(882.4, 611.0)(877.1, 611.0);SD
Port:(1023.9, 540.9)(1023.9, 624.4)(883.8, 624.4)(883.8, 540.9);GATE
Port:(1013.6, 546.3)(1019.5, 546.3)(1019.5, 619.0)(1013.6, 619.0);SD
Module:M43
Boundary:(852.8, 539.0)(852.8, 615.2)(852.5, 615.2)(852.5, 634.0)(729.9, 634.0)(729.9, 539.0);GATE
Port:(729.9, 554.5)(735.7, 554.5)(735.7, 618.5)(729.9, 618.5);SD
Port:(852.8, 539.0)(852.8, 615.2)(852.5, 615.2)(852.5, 634.0)(738.5, 634.0)(738.5, 539.0);GATE
Port:(840.7, 544.8)(848.0, 544.8)(848.0, 609.4)(840.7, 609.4);SD
Module:M37
Boundary:(698.0, 565.3)(698.0, 648.7)(697.8, 648.7)(697.8, 664.8)(588.8, 664.8)(588.8, 565.3);GATE
Port:(588.8, 579.6)(594.7, 579.6)(594.7, 650.5)(588.8, 650.5);SD
Port:(698.0, 565.3)(698.0, 648.7)(697.8, 648.7)(697.8, 664.8)(595.9, 664.8)(595.9, 565.3);GATE
Port:(686.1, 571.9)(692.4, 571.9)(692.4, 642.1)(686.1, 642.1);SD
Module:M15
Boundary:(1287.5, 593.2)(1287.5, 644.8)(1157.2, 644.8)(1157.2, 593.2);GATE
Port:(1157.2, 607.7)(1161.6, 607.7)(1161.6, 630.3)(1157.2, 630.3);SD
Port:(1287.5, 593.2)(1287.5, 644.8)(1163.3, 644.8)(1163.3, 593.2);GATE
Port:(1276.4, 600.1)(1281.6, 600.1)(1281.6, 637.9)(1276.4, 637.9);SD
