Area:(-20.0, 14.5)(504.8, 14.5)(504.8, 1220.3)(-20.0, 1220.3)
Rule:GATE(5,5);SD(5,5);GATE_SD(0.5);GATE_ITO(0.5);SD_ITO(0.5)
Module:M24
Boundary:(170.7, 54.5)(255.7, 54.5)(255.7, 77.0)(271.0, 77.0)(271.0, 127.2)(170.7, 127.2);GATE
Port:(185.2, 121.4)(256.5, 121.4)(256.5, 127.2)(185.2, 127.2);SD
Port:(170.7, 54.5)(255.7, 54.5)(255.7, 77.0)(271.0, 77.0)(271.0, 120.0)(170.7, 120.0);GATE
Port:(176.5, 59.3)(248.9, 59.3)(248.9, 66.3)(176.5, 66.3);SD
Module:M11
Boundary:(148.5, 67.0)(148.5, 131.8)(148.3, 131.8)(148.3, 146.3)(56.9, 146.3)(56.9, 67.0);GATE
Port:(56.9, 81.5)(61.2, 81.5)(61.2, 131.8)(56.9, 131.8);SD
Port:(148.5, 67.0)(148.5, 131.8)(148.3, 131.8)(148.3, 146.3)(62.2, 146.3)(62.2, 67.0);GATE
Port:(135.9, 73.9)(142.6, 73.9)(142.6, 124.9)(135.9, 124.9);SD
Module:M14
Boundary:(455.2, 71.6)(455.2, 143.4)(424.3, 143.4)(424.3, 158.7)(277.6, 158.7)(277.6, 71.6);GATE
Port:(277.6, 85.2)(282.2, 85.2)(282.2, 145.1)(277.6, 145.1);SD
Port:(455.2, 71.6)(455.2, 143.4)(424.3, 143.4)(424.3, 158.7)(284.2, 158.7)(284.2, 71.6);GATE
Port:(443.8, 77.6)(450.2, 77.6)(450.2, 135.4)(443.8, 135.4);SD
Module:M1
Boundary:(28.7, 162.7)(28.7, 247.6)(28.8, 247.6)(28.8, 264.3)(249.4, 264.3)(249.4, 162.7);GATE
Port:(245.3, 176.5)(249.4, 176.5)(249.4, 250.5)(245.3, 250.5);SD
Port:(28.7, 162.7)(28.7, 247.6)(28.8, 247.6)(28.8, 264.3)(243.4, 264.3)(243.4, 162.7);GATE
Port:(33.4, 168.4)(39.9, 168.4)(39.9, 241.9)(33.4, 241.9);SD
Module:M9
Boundary:(255.8, 288.7)(316.0, 288.7)(316.0, 172.6)(255.8, 172.6);GATE
Port:(268.2, 172.6)(303.6, 172.6)(303.6, 177.4)(268.2, 177.4);SD
Port:(255.8, 288.7)(316.0, 288.7)(316.0, 179.1)(255.8, 179.1);GATE
Port:(261.9, 278.1)(309.9, 278.1)(309.9, 283.6)(261.9, 283.6);SD
Module:M10
Boundary:(355.0, 177.6)(426.2, 177.6)(426.2, 191.6)(438.8, 191.6)(438.8, 343.0)(355.0, 343.0);GATE
Port:(366.6, 338.2)(427.2, 338.2)(427.2, 343.0)(366.6, 343.0);SD
Port:(355.0, 177.6)(426.2, 177.6)(426.2, 191.6)(438.8, 191.6)(438.8, 335.2)(355.0, 335.2);GATE
Port:(360.7, 182.3)(419.5, 182.3)(419.5, 187.2)(360.7, 187.2);SD
Module:M2
Boundary:(20.0, 324.5)(20.0, 388.9)(46.7, 388.9)(46.7, 402.0)(181.9, 402.0)(181.9, 324.5);GATE
Port:(177.2, 339.0)(181.9, 339.0)(181.9, 387.5)(177.2, 387.5);SD
Port:(20.0, 324.5)(20.0, 388.9)(46.7, 388.9)(46.7, 402.0)(175.3, 402.0)(175.3, 324.5);GATE
Port:(25.3, 330.8)(32.8, 330.8)(32.8, 381.6)(25.3, 381.6);SD
Module:M8
Boundary:(325.3, 329.2)(325.3, 379.8)(293.9, 379.8)(293.9, 394.5)(237.3, 394.5)(237.3, 329.2);GATE
Port:(237.3, 343.1)(242.7, 343.1)(242.7, 380.6)(237.3, 380.6);SD
Port:(325.3, 329.2)(325.3, 379.8)(293.9, 379.8)(293.9, 394.5)(245.0, 394.5)(245.0, 329.2);GATE
Port:(314.1, 335.6)(319.9, 335.6)(319.9, 372.4)(314.1, 372.4);SD
Module:M5
Boundary:(461.4, 389.0)(373.2, 389.0)(373.2, 389.4)(359.2, 389.4)(359.2, 530.8)(461.4, 530.8);GATE
Port:(372.2, 526.2)(448.4, 526.2)(448.4, 530.8)(372.2, 530.8);SD
Port:(461.4, 389.0)(373.2, 389.0)(373.2, 389.4)(359.2, 389.4)(359.2, 524.9)(461.4, 524.9);GATE
Port:(380.0, 394.8)(454.6, 394.8)(454.6, 400.4)(380.0, 400.4);SD
Module:M13
Boundary:(339.9, 452.9)(339.9, 546.3)(208.4, 546.3)(208.4, 452.9);GATE
Port:(208.4, 466.4)(212.5, 466.4)(212.5, 532.8)(208.4, 532.8);SD
Port:(339.9, 452.9)(339.9, 546.3)(215.2, 546.3)(215.2, 452.9);GATE
Port:(328.8, 458.0)(335.8, 458.0)(335.8, 541.2)(328.8, 541.2);SD
Module:M7
Boundary:(200.8, 537.2)(200.8, 447.0)(200.4, 447.0)(200.4, 429.6)(54.2, 429.6)(54.2, 537.2);GATE
Port:(54.2, 445.3)(58.7, 445.3)(58.7, 521.5)(54.2, 521.5);SD
Port:(200.8, 537.2)(200.8, 447.0)(200.4, 447.0)(200.4, 429.6)(60.5, 429.6)(60.5, 537.2);GATE
Port:(188.5, 453.4)(195.4, 453.4)(195.4, 530.8)(188.5, 530.8);SD
Module:M3
Boundary:(437.3, 606.3)(437.3, 557.8)(437.2, 557.8)(437.2, 542.2)(348.2, 542.2)(348.2, 606.3);GATE
Port:(348.2, 555.2)(352.5, 555.2)(352.5, 593.3)(348.2, 593.3);SD
Port:(437.3, 606.3)(437.3, 557.8)(437.2, 557.8)(437.2, 542.2)(353.6, 542.2)(353.6, 606.3);GATE
Port:(427.1, 563.3)(432.8, 563.3)(432.8, 600.8)(427.1, 600.8);SD
Module:M6
Boundary:(230.7, 550.8)(308.8, 550.8)(308.8, 564.4)(323.0, 564.4)(323.0, 644.1)(230.7, 644.1);GATE
Port:(243.4, 638.9)(310.3, 638.9)(310.3, 644.1)(243.4, 644.1);SD
Port:(230.7, 550.8)(308.8, 550.8)(308.8, 564.4)(323.0, 564.4)(323.0, 636.7)(230.7, 636.7);GATE
Port:(235.7, 554.8)(302.8, 554.8)(302.8, 561.4)(235.7, 561.4);SD
Module:M15
Boundary:(115.7, 546.0)(203.4, 546.0)(203.4, 546.5)(220.5, 546.5)(220.5, 679.8)(115.7, 679.8);GATE
Port:(130.2, 675.7)(206.0, 675.7)(206.0, 679.8)(130.2, 679.8);SD
Port:(115.7, 546.0)(203.4, 546.0)(203.4, 546.5)(220.5, 546.5)(220.5, 673.4)(115.7, 673.4);GATE
Port:(122.6, 551.9)(196.5, 551.9)(196.5, 557.8)(122.6, 557.8);SD
Module:M25
Boundary:(88.7, 546.0)(39.3, 546.0)(39.3, 682.1)(88.7, 682.1);GATE
Port:(52.0, 676.8)(76.0, 676.8)(76.0, 682.1)(52.0, 682.1);SD
Port:(88.7, 546.0)(39.3, 546.0)(39.3, 674.6)(88.7, 674.6);GATE
Port:(45.2, 550.9)(82.8, 550.9)(82.8, 555.6)(45.2, 555.6);SD
Module:M21
Boundary:(374.5, 612.0)(431.7, 612.0)(431.7, 612.2)(450.2, 612.2)(450.2, 747.3)(374.5, 747.3);GATE
Port:(390.0, 742.2)(434.7, 742.2)(434.7, 747.3)(390.0, 747.3);SD
Port:(374.5, 612.0)(431.7, 612.0)(431.7, 612.2)(450.2, 612.2)(450.2, 739.3)(374.5, 739.3);GATE
Port:(380.5, 617.0)(425.7, 617.0)(425.7, 624.3)(380.5, 624.3);SD
Module:M18
Boundary:(332.5, 654.7)(332.5, 745.8)(299.5, 745.8)(299.5, 759.6)(227.4, 759.6)(227.4, 654.7);GATE
Port:(227.4, 666.9)(232.3, 666.9)(232.3, 747.4)(227.4, 747.4);SD
Port:(332.5, 654.7)(332.5, 745.8)(299.5, 745.8)(299.5, 759.6)(234.0, 759.6)(234.0, 654.7);GATE
Port:(322.7, 660.2)(328.0, 660.2)(328.0, 739.3)(322.7, 739.3);SD
Module:M12
Boundary:(216.3, 796.0)(216.3, 721.0)(167.8, 721.0)(167.8, 702.8)(32.8, 702.8)(32.8, 796.0);GATE
Port:(32.8, 717.0)(36.9, 717.0)(36.9, 781.8)(32.8, 781.8);SD
Port:(216.3, 796.0)(216.3, 721.0)(167.8, 721.0)(167.8, 702.8)(39.2, 702.8)(39.2, 796.0);GATE
Port:(205.6, 727.4)(211.9, 727.4)(211.9, 790.6)(205.6, 790.6);SD
Module:M20
Boundary:(464.8, 806.5)(464.8, 850.7)(405.7, 850.7)(405.7, 863.2)(243.1, 863.2)(243.1, 806.5);GATE
Port:(243.1, 818.2)(248.4, 818.2)(248.4, 851.5)(243.1, 851.5);SD
Port:(464.8, 806.5)(464.8, 850.7)(405.7, 850.7)(405.7, 863.2)(250.7, 863.2)(250.7, 806.5);GATE
Port:(455.1, 812.8)(459.4, 812.8)(459.4, 843.4)(455.1, 843.4);SD
Module:M19
Boundary:(425.7, 890.5)(425.7, 962.1)(249.3, 962.1)(249.3, 890.5);GATE
Port:(249.3, 906.2)(254.8, 906.2)(254.8, 946.4)(249.3, 946.4);SD
Port:(425.7, 890.5)(425.7, 962.1)(257.4, 962.1)(257.4, 890.5);GATE
Port:(413.2, 897.3)(419.9, 897.3)(419.9, 955.3)(413.2, 955.3);SD
Module:M17
Boundary:(245.9, 884.4)(182.5, 884.4)(182.5, 884.8)(166.7, 884.8)(166.7, 966.9)(245.9, 966.9);GATE
Port:(178.9, 962.5)(233.7, 962.5)(233.7, 966.9)(178.9, 966.9);SD
Port:(245.9, 884.4)(182.5, 884.4)(182.5, 884.8)(166.7, 884.8)(166.7, 960.6)(245.9, 960.6);GATE
Port:(188.2, 889.1)(240.2, 889.1)(240.2, 894.6)(188.2, 894.6);SD
Module:M22
Boundary:(43.8, 811.6)(142.2, 811.6)(142.2, 855.9)(157.1, 855.9)(157.1, 982.8)(43.8, 982.8);GATE
Port:(57.7, 977.8)(143.2, 977.8)(143.2, 982.8)(57.7, 982.8);SD
Port:(43.8, 811.6)(142.2, 811.6)(142.2, 855.9)(157.1, 855.9)(157.1, 976.5)(43.8, 976.5);GATE
Port:(50.0, 816.8)(135.0, 816.8)(135.0, 822.3)(50.0, 822.3);SD
Module:M4
Boundary:(305.8, 1168.7)(204.1, 1168.7)(204.1, 1088.7)(188.8, 1088.7)(188.8, 1028.8)(305.8, 1028.8);GATE
Port:(202.9, 1028.8)(291.7, 1028.8)(291.7, 1033.7)(202.9, 1033.7);SD
Port:(305.8, 1168.7)(204.1, 1168.7)(204.1, 1088.7)(188.8, 1088.7)(188.8, 1036.1)(305.8, 1036.1);GATE
Port:(210.7, 1156.9)(300.2, 1156.9)(300.2, 1164.1)(210.7, 1164.1);SD
Module:M16
Boundary:(311.8, 1028.4)(421.0, 1028.4)(421.0, 1040.9)(438.0, 1040.9)(438.0, 1180.3)(311.8, 1180.3);GATE
Port:(326.0, 1174.4)(423.8, 1174.4)(423.8, 1180.3)(326.0, 1180.3);SD
Port:(311.8, 1028.4)(421.0, 1028.4)(421.0, 1040.9)(438.0, 1040.9)(438.0, 1171.6)(311.8, 1171.6);GATE
Port:(317.2, 1032.8)(414.6, 1032.8)(414.6, 1039.2)(317.2, 1039.2);SD
Module:M23
Boundary:(69.6, 1108.8)(69.6, 994.7)(188.7, 994.7)(188.7, 1108.8);GATE
Port:(184.6, 1008.4)(188.7, 1008.4)(188.7, 1095.1)(184.6, 1095.1);SD
Port:(69.6, 1108.8)(69.6, 994.7)(182.9, 994.7)(182.9, 1108.8);GATE
Port:(74.0, 1000.1)(81.0, 1000.1)(81.0, 1103.4)(74.0, 1103.4);SD
