Area:(-18.8, -3.2)(1206.8, -3.2)(1206.8, 687.5)(-18.8, 687.5)
Rule:GATE(5,5);SD(5,5);GATE_SD(0.5);GATE_ITO(0.5);SD_ITO(0.5)
Module:M23
Boundary:(197.4, 61.6)(197.4, 113.9)(197.2, 113.9)(197.2, 130.0)(62.6, 130.0)(62.6, 61.6);GATE
Port:(62.6, 76.2)(68.3, 76.2)(68.3, 115.4)(62.6, 115.4);SD
Port:(197.4, 61.6)(197.4, 113.9)(197.2, 113.9)(197.2, 130.0)(70.3, 130.0)(70.3, 61.6);GATE
Port:(185.3, 67.8)(192.2, 67.8)(192.2, 107.7)(185.3, 107.7);SD
Module:M21
Boundary:(595.4, 139.7)(595.4, 71.2)(595.1, 71.2)(595.1, 54.8)(451.3, 54.8)(451.3, 139.7);GATE
Port:(451.3, 69.1)(455.7, 69.1)(455.7, 125.4)(451.3, 125.4);SD
Port:(595.4, 139.7)(595.4, 71.2)(595.1, 71.2)(595.1, 54.8)(456.9, 54.8)(456.9, 139.7);GATE
Port:(584.2, 77.4)(590.2, 77.4)(590.2, 133.5)(584.2, 133.5);SD
Module:M20
Boundary:(381.9, 52.9)(381.9, 123.7)(335.9, 123.7)(335.9, 140.1)(205.0, 140.1)(205.0, 52.9);GATE
Port:(205.0, 67.0)(210.3, 67.0)(210.3, 126.0)(205.0, 126.0);SD
Port:(381.9, 52.9)(381.9, 123.7)(335.9, 123.7)(335.9, 140.1)(212.4, 140.1)(212.4, 52.9);GATE
Port:(370.9, 58.9)(376.9, 58.9)(376.9, 116.7)(370.9, 116.7);SD
Module:M2
Boundary:(837.6, 133.4)(837.6, 58.3)(957.0, 58.3)(957.0, 45.4)(1031.8, 45.4)(1031.8, 133.4);GATE
Port:(1027.2, 58.4)(1031.8, 58.4)(1031.8, 120.4)(1027.2, 120.4);SD
Port:(837.6, 133.4)(837.6, 58.3)(957.0, 58.3)(957.0, 45.4)(1025.4, 45.4)(1025.4, 133.4);GATE
Port:(842.9, 65.6)(848.4, 65.6)(848.4, 127.1)(842.9, 127.1);SD
Module:M16
Boundary:(813.2, 141.8)(813.2, 53.3)(797.1, 53.3)(797.1, 36.8)(623.5, 36.8)(623.5, 141.8);GATE
Port:(623.5, 50.7)(629.5, 50.7)(629.5, 127.9)(623.5, 127.9);SD
Port:(813.2, 141.8)(813.2, 53.3)(797.1, 53.3)(797.1, 36.8)(631.2, 36.8)(631.2, 141.8);GATE
Port:(802.1, 59.4)(809.1, 59.4)(809.1, 136.7)(802.1, 136.7);SD
Module:M12
Boundary:(123.0, 215.4)(123.0, 161.8)(103.1, 161.8)(103.1, 150.0)(33.4, 150.0)(33.4, 215.4);GATE
Port:(33.4, 160.3)(39.0, 160.3)(39.0, 205.1)(33.4, 205.1);SD
Port:(123.0, 215.4)(123.0, 161.8)(103.1, 161.8)(103.1, 150.0)(41.9, 150.0)(41.9, 215.4);GATE
Port:(114.3, 167.9)(118.9, 167.9)(118.9, 210.3)(114.3, 210.3);SD
Module:M26
Boundary:(296.7, 166.7)(296.7, 220.8)(251.3, 220.8)(251.3, 238.3)(181.3, 238.3)(181.3, 166.7);GATE
Port:(181.3, 180.2)(186.7, 180.2)(186.7, 224.8)(181.3, 224.8);SD
Port:(296.7, 166.7)(296.7, 220.8)(251.3, 220.8)(251.3, 238.3)(188.4, 238.3)(188.4, 166.7);GATE
Port:(286.7, 172.4)(292.0, 172.4)(292.0, 214.1)(286.7, 214.1);SD
Module:M15
Boundary:(1137.5, 45.1)(1037.6, 45.1)(1037.6, 248.0)(1137.5, 248.0);GATE
Port:(1051.2, 242.4)(1123.9, 242.4)(1123.9, 248.0)(1051.2, 248.0);SD
Port:(1137.5, 45.1)(1037.6, 45.1)(1037.6, 240.6)(1137.5, 240.6);GATE
Port:(1043.3, 49.8)(1131.8, 49.8)(1131.8, 56.2)(1043.3, 56.2);SD
Module:M9
Boundary:(342.4, 194.2)(373.9, 194.2)(373.9, 194.2)(390.5, 194.2)(390.5, 287.9)(342.4, 287.9);GATE
Port:(354.7, 283.1)(378.2, 283.1)(378.2, 287.9)(354.7, 287.9);SD
Port:(342.4, 194.2)(373.9, 194.2)(373.9, 194.2)(390.5, 194.2)(390.5, 281.7)(342.4, 281.7);GATE
Port:(347.5, 198.3)(368.8, 198.3)(368.8, 203.3)(347.5, 203.3);SD
Module:M10
Boundary:(525.5, 190.4)(525.5, 297.6)(518.9, 297.6)(518.9, 314.1)(428.2, 314.1)(428.2, 190.4);GATE
Port:(428.2, 205.0)(434.0, 205.0)(434.0, 299.5)(428.2, 299.5);SD
Port:(525.5, 190.4)(525.5, 297.6)(518.9, 297.6)(518.9, 314.1)(435.5, 314.1)(435.5, 190.4);GATE
Port:(513.8, 196.1)(520.8, 196.1)(520.8, 290.9)(513.8, 290.9);SD
Module:M28
Boundary:(753.4, 173.9)(753.4, 267.3)(733.5, 267.3)(733.5, 284.6)(533.6, 284.6)(533.6, 173.9);GATE
Port:(533.6, 189.1)(537.8, 189.1)(537.8, 269.4)(533.6, 269.4);SD
Port:(753.4, 173.9)(753.4, 267.3)(733.5, 267.3)(733.5, 284.6)(539.5, 284.6)(539.5, 173.9);GATE
Port:(741.6, 179.9)(748.4, 179.9)(748.4, 260.3)(741.6, 260.3);SD
Module:M7
Boundary:(779.4, 206.1)(779.4, 307.4)(779.8, 307.4)(779.8, 324.1)(999.0, 324.1)(999.0, 206.1);GATE
Port:(993.6, 219.4)(999.0, 219.4)(999.0, 310.8)(993.6, 310.8);SD
Port:(779.4, 206.1)(779.4, 307.4)(779.8, 307.4)(779.8, 324.1)(991.0, 324.1)(991.0, 206.1);GATE
Port:(783.6, 211.3)(790.0, 211.3)(790.0, 302.2)(783.6, 302.2);SD
Module:M22
Boundary:(39.8, 327.2)(107.1, 327.2)(107.1, 297.7)(122.1, 297.7)(122.1, 244.4)(39.8, 244.4);GATE
Port:(53.2, 244.4)(108.7, 244.4)(108.7, 248.7)(53.2, 248.7);SD
Port:(39.8, 327.2)(107.1, 327.2)(107.1, 297.7)(122.1, 297.7)(122.1, 249.9)(39.8, 249.9);GATE
Port:(46.6, 316.5)(99.3, 316.5)(99.3, 321.4)(46.6, 321.4);SD
Module:M24
Boundary:(503.7, 334.6)(503.7, 390.0)(474.9, 390.0)(474.9, 406.9)(331.5, 406.9)(331.5, 334.6);GATE
Port:(331.5, 349.7)(337.4, 349.7)(337.4, 391.8)(331.5, 391.8);SD
Port:(503.7, 334.6)(503.7, 390.0)(474.9, 390.0)(474.9, 406.9)(339.8, 406.9)(339.8, 334.6);GATE
Port:(491.9, 340.2)(499.1, 340.2)(499.1, 383.4)(491.9, 383.4);SD
Module:M3
Boundary:(1052.4, 290.0)(1150.6, 290.0)(1150.6, 290.1)(1166.8, 290.1)(1166.8, 425.9)(1052.4, 425.9);GATE
Port:(1065.6, 421.4)(1153.6, 421.4)(1153.6, 425.9)(1065.6, 425.9);SD
Port:(1052.4, 290.0)(1150.6, 290.0)(1150.6, 290.1)(1166.8, 290.1)(1166.8, 419.2)(1052.4, 419.2);GATE
Port:(1058.4, 295.0)(1144.6, 295.0)(1144.6, 300.2)(1058.4, 300.2);SD
Module:M19
Boundary:(851.8, 401.3)(851.8, 337.3)(941.7, 337.3)(941.7, 401.3);GATE
Port:(937.1, 350.7)(941.7, 350.7)(941.7, 387.9)(937.1, 387.9);SD
Port:(851.8, 401.3)(851.8, 337.3)(935.2, 337.3)(935.2, 401.3);GATE
Port:(857.1, 343.6)(862.6, 343.6)(862.6, 395.0)(857.1, 395.0);SD
Module:M18
Boundary:(826.6, 330.3)(826.6, 379.8)(775.9, 379.8)(775.9, 394.7)(633.6, 394.7)(633.6, 330.3);GATE
Port:(633.6, 343.6)(637.7, 343.6)(637.7, 381.4)(633.6, 381.4);SD
Port:(826.6, 330.3)(826.6, 379.8)(775.9, 379.8)(775.9, 394.7)(639.0, 394.7)(639.0, 330.3);GATE
Port:(816.6, 335.9)(822.0, 335.9)(822.0, 373.2)(816.6, 373.2);SD
Module:M30
Boundary:(171.9, 256.0)(278.7, 256.0)(278.7, 329.4)(295.3, 329.4)(295.3, 462.8)(171.9, 462.8);GATE
Port:(185.9, 458.0)(281.3, 458.0)(281.3, 462.8)(185.9, 462.8);SD
Port:(171.9, 256.0)(278.7, 256.0)(278.7, 329.4)(295.3, 329.4)(295.3, 456.4)(171.9, 456.4);GATE
Port:(177.8, 260.9)(271.8, 260.9)(271.8, 267.2)(177.8, 267.2);SD
Module:M5
Boundary:(102.4, 324.5)(37.5, 324.5)(37.5, 324.8)(21.2, 324.8)(21.2, 466.9)(102.4, 466.9);GATE
Port:(33.5, 461.4)(90.1, 461.4)(90.1, 466.9)(33.5, 466.9);SD
Port:(102.4, 324.5)(37.5, 324.5)(37.5, 324.8)(21.2, 324.8)(21.2, 459.2)(102.4, 459.2);GATE
Port:(43.0, 329.0)(96.9, 329.0)(96.9, 334.1)(43.0, 334.1);SD
Module:M6
Boundary:(668.4, 522.6)(764.9, 522.6)(764.9, 494.8)(779.4, 494.8)(779.4, 444.1)(668.4, 444.1);GATE
Port:(681.8, 444.1)(766.0, 444.1)(766.0, 449.6)(681.8, 449.6);SD
Port:(668.4, 522.6)(764.9, 522.6)(764.9, 494.8)(779.4, 494.8)(779.4, 450.6)(668.4, 450.6);GATE
Port:(673.8, 511.9)(758.5, 511.9)(758.5, 518.2)(673.8, 518.2);SD
Module:M8
Boundary:(548.7, 325.7)(622.6, 325.7)(622.6, 415.3)(639.2, 415.3)(639.2, 530.6)(548.7, 530.6);GATE
Port:(563.8, 526.6)(624.1, 526.6)(624.1, 530.6)(563.8, 530.6);SD
Port:(548.7, 325.7)(622.6, 325.7)(622.6, 415.3)(639.2, 415.3)(639.2, 524.9)(548.7, 524.9);GATE
Port:(555.6, 331.6)(614.7, 331.6)(614.7, 337.7)(555.6, 337.7);SD
Module:M14
Boundary:(363.5, 416.9)(459.5, 416.9)(459.5, 466.2)(473.6, 466.2)(473.6, 524.3)(363.5, 524.3);GATE
Port:(377.6, 519.3)(459.5, 519.3)(459.5, 524.3)(377.6, 524.3);SD
Port:(363.5, 416.9)(459.5, 416.9)(459.5, 466.2)(473.6, 466.2)(473.6, 516.9)(363.5, 516.9);GATE
Port:(369.2, 421.6)(452.8, 421.6)(452.8, 429.1)(369.2, 429.1);SD
Module:M1
Boundary:(1020.0, 460.4)(1020.0, 539.8)(817.5, 539.8)(817.5, 460.4);GATE
Port:(817.5, 473.1)(822.5, 473.1)(822.5, 527.1)(817.5, 527.1);SD
Port:(1020.0, 460.4)(1020.0, 539.8)(824.1, 539.8)(824.1, 460.4);GATE
Port:(1009.4, 466.4)(1015.0, 466.4)(1015.0, 533.8)(1009.4, 533.8);SD
Module:M29
Boundary:(141.2, 551.4)(141.2, 509.3)(141.4, 509.3)(141.4, 496.1)(288.5, 496.1)(288.5, 551.4);GATE
Port:(284.1, 507.4)(288.5, 507.4)(288.5, 540.1)(284.1, 540.1);SD
Port:(141.2, 551.4)(141.2, 509.3)(141.4, 509.3)(141.4, 496.1)(283.0, 496.1)(283.0, 551.4);GATE
Port:(145.2, 514.3)(150.9, 514.3)(150.9, 546.4)(145.2, 546.4);SD
Module:M27
Boundary:(1063.3, 427.2)(1147.8, 427.2)(1147.8, 427.3)(1163.9, 427.3)(1163.9, 634.7)(1063.3, 634.7);GATE
Port:(1077.7, 629.4)(1149.5, 629.4)(1149.5, 634.7)(1077.7, 634.7);SD
Port:(1063.3, 427.2)(1147.8, 427.2)(1147.8, 427.3)(1163.9, 427.3)(1163.9, 628.1)(1063.3, 628.1);GATE
Port:(1069.9, 432.8)(1141.2, 432.8)(1141.2, 439.4)(1069.9, 439.4);SD
Module:M4
Boundary:(600.4, 619.1)(600.4, 566.6)(592.5, 566.6)(592.5, 552.1)(493.8, 552.1)(493.8, 619.1);GATE
Port:(493.8, 566.4)(499.2, 566.4)(499.2, 604.8)(493.8, 604.8);SD
Port:(600.4, 619.1)(600.4, 566.6)(592.5, 566.6)(592.5, 552.1)(501.6, 552.1)(501.6, 619.1);GATE
Port:(587.9, 574.3)(594.7, 574.3)(594.7, 612.4)(587.9, 612.4);SD
Module:M13
Boundary:(754.0, 553.3)(754.0, 616.9)(753.9, 616.9)(753.9, 632.3)(640.2, 632.3)(640.2, 553.3);GATE
Port:(640.2, 566.4)(645.3, 566.4)(645.3, 619.2)(640.2, 619.2);SD
Port:(754.0, 553.3)(754.0, 616.9)(753.9, 616.9)(753.9, 632.3)(646.4, 632.3)(646.4, 553.3);GATE
Port:(743.6, 559.7)(748.6, 559.7)(748.6, 610.5)(743.6, 610.5);SD
Module:M25
Boundary:(49.0, 635.7)(105.4, 635.7)(105.4, 635.4)(119.3, 635.4)(119.3, 526.4)(49.0, 526.4);GATE
Port:(60.3, 526.4)(108.0, 526.4)(108.0, 531.8)(60.3, 531.8);SD
Port:(49.0, 635.7)(105.4, 635.7)(105.4, 635.4)(119.3, 635.4)(119.3, 533.3)(49.0, 533.3);GATE
Port:(54.2, 626.8)(100.2, 626.8)(100.2, 631.5)(54.2, 631.5);SD
Module:M11
Boundary:(412.2, 647.5)(412.2, 614.1)(412.0, 614.1)(412.0, 597.4)(216.8, 597.4)(216.8, 647.5);GATE
Port:(216.8, 610.5)(221.3, 610.5)(221.3, 634.4)(216.8, 634.4);SD
Port:(412.2, 647.5)(412.2, 614.1)(412.0, 614.1)(412.0, 597.4)(223.2, 597.4)(223.2, 647.5);GATE
Port:(401.5, 619.7)(407.6, 619.7)(407.6, 641.9)(401.5, 641.9);SD
Module:M17
Boundary:(761.7, 568.7)(761.7, 617.2)(762.0, 617.2)(762.0, 633.2)(970.8, 633.2)(970.8, 568.7);GATE
Port:(965.2, 581.9)(970.8, 581.9)(970.8, 620.0)(965.2, 620.0);SD
Port:(761.7, 568.7)(761.7, 617.2)(762.0, 617.2)(762.0, 633.2)(963.4, 633.2)(963.4, 568.7);GATE
Port:(766.1, 574.1)(772.2, 574.1)(772.2, 611.8)(766.1, 611.8);SD
