Area:(-20.0, -20.0)(667.0, -20.0)(667.0, 1882.0)(-20.0, 1882.0)
Rule:GATE(5,5);SD(5,5);GATE_SD(0.5);GATE_ITO(0.5);SD_ITO(0.5)
Module:M14
Boundary:(20.0, 1015.0)(93.0, 1015.0)(93.0, 1183.0)(20.0, 1183.0);GATE
Port:(34.5, 1173.0)(78.5, 1173.0)(78.5, 1183.0)(34.5, 1183.0);SD
Port:(20.0, 1015.0)(93.0, 1015.0)(93.0, 1168.0)(20.0, 1168.0);GATE
Port:(30.0, 1020.0)(83.0, 1020.0)(83.0, 1024.0)(30.0, 1024.0);SD
Module:M9
Boundary:(151.0, 1069.0)(244.5, 1069.0)(244.5, 1154.3)(278.0, 1154.3)(278.0, 1259.0)(151.0, 1259.0);GATE
Port:(165.5, 1249.0)(263.5, 1249.0)(263.5, 1259.0)(165.5, 1259.0);SD
Port:(151.0, 1069.0)(244.5, 1069.0)(244.5, 1154.3)(278.0, 1154.3)(278.0, 1244.0)(151.0, 1244.0);GATE
Port:(161.0, 1074.0)(230.0, 1074.0)(230.0, 1078.0)(161.0, 1078.0);SD
Module:M5
Boundary:(300.0, 374.0)(373.0, 374.0)(373.0, 436.0)(300.0, 436.0);GATE
Port:(314.5, 426.0)(358.5, 426.0)(358.5, 436.0)(314.5, 436.0);SD
Port:(300.0, 374.0)(373.0, 374.0)(373.0, 421.0)(300.0, 421.0);GATE
Port:(310.0, 379.0)(363.0, 379.0)(363.0, 383.0)(310.0, 383.0);SD
Module:M11
Boundary:(482.0, 1276.0)(611.5, 1276.0)(611.5, 1290.0)(627.0, 1290.0)(627.0, 1434.0)(482.0, 1434.0);GATE
Port:(496.5, 1424.0)(612.5, 1424.0)(612.5, 1434.0)(496.5, 1434.0);SD
Port:(482.0, 1276.0)(611.5, 1276.0)(611.5, 1290.0)(627.0, 1290.0)(627.0, 1419.0)(482.0, 1419.0);GATE
Port:(492.0, 1281.0)(597.0, 1281.0)(597.0, 1285.0)(492.0, 1285.0);SD
Module:M1
Boundary:(615.0, 990.0)(615.0, 1083.5)(605.0, 1083.5)(605.0, 1099.0)(469.0, 1099.0)(469.0, 990.0);GATE
Port:(469.0, 1004.5)(479.0, 1004.5)(479.0, 1084.5)(469.0, 1084.5);SD
Port:(615.0, 990.0)(615.0, 1083.5)(605.0, 1083.5)(605.0, 1099.0)(484.0, 1099.0)(484.0, 990.0);GATE
Port:(606.0, 1000.0)(610.0, 1000.0)(610.0, 1069.0)(606.0, 1069.0);SD
Module:M38
Boundary:(616.0, 1484.0)(616.0, 1577.5)(589.0, 1577.5)(589.0, 1647.0)(499.0, 1647.0)(499.0, 1484.0);GATE
Port:(499.0, 1498.5)(509.0, 1498.5)(509.0, 1632.5)(499.0, 1632.5);SD
Port:(616.0, 1484.0)(616.0, 1577.5)(589.0, 1577.5)(589.0, 1647.0)(514.0, 1647.0)(514.0, 1484.0);GATE
Port:(607.0, 1494.0)(611.0, 1494.0)(611.0, 1563.0)(607.0, 1563.0);SD
Module:M40
Boundary:(104.0, 635.0)(104.0, 764.5)(90.0, 764.5)(90.0, 780.0)(30.0, 780.0)(30.0, 635.0);GATE
Port:(30.0, 649.5)(40.0, 649.5)(40.0, 765.5)(30.0, 765.5);SD
Port:(104.0, 635.0)(104.0, 764.5)(90.0, 764.5)(90.0, 780.0)(45.0, 780.0)(45.0, 635.0);GATE
Port:(95.0, 645.0)(99.0, 645.0)(99.0, 750.0)(95.0, 750.0);SD
Module:M35
Boundary:(246.0, 384.0)(246.0, 531.5)(230.0, 531.5)(230.0, 547.0)(143.0, 547.0)(143.0, 384.0);GATE
Port:(143.0, 398.5)(153.0, 398.5)(153.0, 532.5)(143.0, 532.5);SD
Port:(246.0, 384.0)(246.0, 531.5)(230.0, 531.5)(230.0, 547.0)(158.0, 547.0)(158.0, 384.0);GATE
Port:(237.0, 394.0)(241.0, 394.0)(241.0, 517.0)(237.0, 517.0);SD
Module:M32
Boundary:(517.0, 398.0)(610.5, 398.0)(610.5, 408.0)(626.0, 408.0)(626.0, 562.0)(517.0, 562.0);GATE
Port:(531.5, 552.0)(611.5, 552.0)(611.5, 562.0)(531.5, 562.0);SD
Port:(517.0, 398.0)(610.5, 398.0)(610.5, 408.0)(626.0, 408.0)(626.0, 547.0)(517.0, 547.0);GATE
Port:(527.0, 403.0)(596.0, 403.0)(596.0, 407.0)(527.0, 407.0);SD
Module:M27
Boundary:(121.0, 20.0)(121.0, 95.5)(76.0, 95.5)(76.0, 183.0)(20.0, 183.0)(20.0, 20.0);GATE
Port:(20.0, 34.5)(30.0, 34.5)(30.0, 168.5)(20.0, 168.5);SD
Port:(121.0, 20.0)(121.0, 95.5)(76.0, 95.5)(76.0, 183.0)(35.0, 183.0)(35.0, 20.0);GATE
Port:(112.0, 30.0)(116.0, 30.0)(116.0, 81.0)(112.0, 81.0);SD
Module:M24
Boundary:(20.0, 1223.0)(96.0, 1223.0)(96.0, 1231.0)(111.0, 1231.0)(111.0, 1370.0)(20.0, 1370.0);GATE
Port:(34.5, 1360.0)(96.5, 1360.0)(96.5, 1370.0)(34.5, 1370.0);SD
Port:(20.0, 1223.0)(96.0, 1223.0)(96.0, 1231.0)(111.0, 1231.0)(111.0, 1355.0)(20.0, 1355.0);GATE
Port:(30.0, 1228.0)(81.0, 1228.0)(81.0, 1232.0)(30.0, 1232.0);SD
Module:M19
Boundary:(300.0, 607.0)(393.5, 607.0)(393.5, 632.1)(427.0, 632.1)(427.0, 677.0)(300.0, 677.0);GATE
Port:(314.5, 667.0)(412.5, 667.0)(412.5, 677.0)(314.5, 677.0);SD
Port:(300.0, 607.0)(393.5, 607.0)(393.5, 632.1)(427.0, 632.1)(427.0, 662.0)(300.0, 662.0);GATE
Port:(310.0, 612.0)(379.0, 612.0)(379.0, 616.0)(310.0, 616.0);SD
Module:M6
Boundary:(364.0, 476.0)(364.0, 552.0)(356.0, 552.0)(356.0, 567.0)(300.0, 567.0)(300.0, 476.0);GATE
Port:(300.0, 490.5)(310.0, 490.5)(310.0, 552.5)(300.0, 552.5);SD
Port:(364.0, 476.0)(364.0, 552.0)(356.0, 552.0)(356.0, 567.0)(315.0, 567.0)(315.0, 476.0);GATE
Port:(355.0, 486.0)(359.0, 486.0)(359.0, 537.0)(355.0, 537.0);SD
Module:M21
Boundary:(258.0, 782.0)(258.0, 893.5)(246.0, 893.5)(246.0, 909.0)(154.0, 909.0)(154.0, 782.0);GATE
Port:(154.0, 796.5)(164.0, 796.5)(164.0, 894.5)(154.0, 894.5);SD
Port:(258.0, 782.0)(258.0, 893.5)(246.0, 893.5)(246.0, 909.0)(169.0, 909.0)(169.0, 782.0);GATE
Port:(249.0, 792.0)(253.0, 792.0)(253.0, 879.0)(249.0, 879.0);SD
Module:M2
Boundary:(161.0, 1310.0)(218.5, 1310.0)(218.5, 1410.0)(432.0, 1410.0)(432.0, 1509.0)(161.0, 1509.0);GATE
Port:(175.5, 1499.0)(417.5, 1499.0)(417.5, 1509.0)(175.5, 1509.0);SD
Port:(161.0, 1310.0)(218.5, 1310.0)(218.5, 1410.0)(432.0, 1410.0)(432.0, 1494.0)(161.0, 1494.0);GATE
Port:(171.0, 1315.0)(204.0, 1315.0)(204.0, 1319.0)(171.0, 1319.0);SD
Module:M16
Boundary:(478.0, 277.0)(589.5, 277.0)(589.5, 289.0)(605.0, 289.0)(605.0, 358.0)(478.0, 358.0);GATE
Port:(492.5, 348.0)(590.5, 348.0)(590.5, 358.0)(492.5, 358.0);SD
Port:(478.0, 277.0)(589.5, 277.0)(589.5, 289.0)(605.0, 289.0)(605.0, 343.0)(478.0, 343.0);GATE
Port:(488.0, 282.0)(575.0, 282.0)(575.0, 286.0)(488.0, 286.0);SD
Module:M13
Boundary:(477.0, 398.0)(477.0, 545.5)(461.0, 545.5)(461.0, 561.0)(413.0, 561.0)(413.0, 398.0);GATE
Port:(413.0, 412.5)(423.0, 412.5)(423.0, 546.5)(413.0, 546.5);SD
Port:(477.0, 398.0)(477.0, 545.5)(461.0, 545.5)(461.0, 561.0)(428.0, 561.0)(428.0, 398.0);GATE
Port:(468.0, 408.0)(472.0, 408.0)(472.0, 531.0)(468.0, 531.0);SD
Module:M10
Boundary:(151.0, 949.0)(244.5, 949.0)(244.5, 966.0)(260.0, 966.0)(260.0, 1029.0)(151.0, 1029.0);GATE
Port:(165.5, 1019.0)(245.5, 1019.0)(245.5, 1029.0)(165.5, 1029.0);SD
Port:(151.0, 949.0)(244.5, 949.0)(244.5, 966.0)(260.0, 966.0)(260.0, 1014.0)(151.0, 1014.0);GATE
Port:(161.0, 954.0)(230.0, 954.0)(230.0, 958.0)(161.0, 958.0);SD
Module:M37
Boundary:(469.0, 20.0)(469.0, 149.5)(389.0, 149.5)(389.0, 219.0)(339.0, 219.0)(339.0, 20.0);GATE
Port:(339.0, 34.5)(349.0, 34.5)(349.0, 204.5)(339.0, 204.5);SD
Port:(469.0, 20.0)(469.0, 149.5)(389.0, 149.5)(389.0, 219.0)(354.0, 219.0)(354.0, 20.0);GATE
Port:(460.0, 30.0)(464.0, 30.0)(464.0, 135.0)(460.0, 135.0);SD
Module:M34
Boundary:(20.0, 444.0)(93.0, 444.0)(93.0, 585.0)(20.0, 585.0);GATE
Port:(34.5, 575.0)(78.5, 575.0)(78.5, 585.0)(34.5, 585.0);SD
Port:(20.0, 444.0)(93.0, 444.0)(93.0, 570.0)(20.0, 570.0);GATE
Port:(30.0, 449.0)(83.0, 449.0)(83.0, 453.0)(30.0, 453.0);SD
Module:M29
Boundary:(224.0, 1758.0)(224.0, 1831.0)(30.0, 1831.0)(30.0, 1758.0);GATE
Port:(30.0, 1772.5)(40.0, 1772.5)(40.0, 1816.5)(30.0, 1816.5);SD
Port:(224.0, 1758.0)(224.0, 1831.0)(45.0, 1831.0)(45.0, 1758.0);GATE
Port:(215.0, 1768.0)(219.0, 1768.0)(219.0, 1821.0)(215.0, 1821.0);SD
Module:M7
Boundary:(439.0, 1151.0)(439.0, 1244.5)(429.0, 1244.5)(429.0, 1260.0)(318.0, 1260.0)(318.0, 1151.0);GATE
Port:(318.0, 1165.5)(328.0, 1165.5)(328.0, 1245.5)(318.0, 1245.5);SD
Port:(439.0, 1151.0)(439.0, 1244.5)(429.0, 1244.5)(429.0, 1260.0)(333.0, 1260.0)(333.0, 1151.0);GATE
Port:(430.0, 1161.0)(434.0, 1161.0)(434.0, 1230.0)(430.0, 1230.0);SD
Module:M31
Boundary:(141.0, 1559.0)(141.0, 1670.5)(129.0, 1670.5)(129.0, 1686.0)(20.0, 1686.0)(20.0, 1559.0);GATE
Port:(20.0, 1573.5)(30.0, 1573.5)(30.0, 1671.5)(20.0, 1671.5);SD
Port:(141.0, 1559.0)(141.0, 1670.5)(129.0, 1670.5)(129.0, 1686.0)(35.0, 1686.0)(35.0, 1559.0);GATE
Port:(132.0, 1569.0)(136.0, 1569.0)(136.0, 1656.0)(132.0, 1656.0);SD
Module:M3
Boundary:(110.0, 830.0)(110.0, 959.5)(89.0, 959.5)(89.0, 975.0)(20.0, 975.0)(20.0, 830.0);GATE
Port:(20.0, 844.5)(30.0, 844.5)(30.0, 960.5)(20.0, 960.5);SD
Port:(110.0, 830.0)(110.0, 959.5)(89.0, 959.5)(89.0, 975.0)(35.0, 975.0)(35.0, 830.0);GATE
Port:(101.0, 840.0)(105.0, 840.0)(105.0, 945.0)(101.0, 945.0);SD
Module:M26
Boundary:(259.0, 251.0)(259.0, 324.0)(143.0, 324.0)(143.0, 251.0);GATE
Port:(143.0, 265.5)(153.0, 265.5)(153.0, 309.5)(143.0, 309.5);SD
Port:(259.0, 251.0)(259.0, 324.0)(158.0, 324.0)(158.0, 251.0);GATE
Port:(250.0, 261.0)(254.0, 261.0)(254.0, 314.0)(250.0, 314.0);SD
Module:M23
Boundary:(627.0, 1697.0)(627.0, 1790.5)(586.0, 1790.5)(586.0, 1842.0)(489.0, 1842.0)(489.0, 1697.0);GATE
Port:(489.0, 1711.5)(499.0, 1711.5)(499.0, 1827.5)(489.0, 1827.5);SD
Port:(627.0, 1697.0)(627.0, 1790.5)(586.0, 1790.5)(586.0, 1842.0)(504.0, 1842.0)(504.0, 1697.0);GATE
Port:(618.0, 1707.0)(622.0, 1707.0)(622.0, 1776.0)(618.0, 1776.0);SD
Module:M18
Boundary:(626.0, 787.0)(626.0, 898.5)(537.0, 898.5)(537.0, 950.0)(469.0, 950.0)(469.0, 787.0);GATE
Port:(469.0, 801.5)(479.0, 801.5)(479.0, 935.5)(469.0, 935.5);SD
Port:(626.0, 787.0)(626.0, 898.5)(537.0, 898.5)(537.0, 950.0)(484.0, 950.0)(484.0, 787.0);GATE
Port:(617.0, 797.0)(621.0, 797.0)(621.0, 884.0)(617.0, 884.0);SD
Module:M20
Boundary:(274.0, 1762.0)(421.5, 1762.0)(421.5, 1778.0)(437.0, 1778.0)(437.0, 1823.0)(274.0, 1823.0);GATE
Port:(288.5, 1813.0)(422.5, 1813.0)(422.5, 1823.0)(288.5, 1823.0);SD
Port:(274.0, 1762.0)(421.5, 1762.0)(421.5, 1778.0)(437.0, 1778.0)(437.0, 1808.0)(274.0, 1808.0);GATE
Port:(284.0, 1767.0)(407.0, 1767.0)(407.0, 1771.0)(284.0, 1771.0);SD
Module:M15
Boundary:(255.0, 597.0)(255.0, 726.5)(241.0, 726.5)(241.0, 742.0)(154.0, 742.0)(154.0, 597.0);GATE
Port:(154.0, 611.5)(164.0, 611.5)(164.0, 727.5)(154.0, 727.5);SD
Port:(255.0, 597.0)(255.0, 726.5)(241.0, 726.5)(241.0, 742.0)(169.0, 742.0)(169.0, 597.0);GATE
Port:(246.0, 607.0)(250.0, 607.0)(250.0, 712.0)(246.0, 712.0);SD
Module:M12
Boundary:(438.0, 259.0)(438.0, 332.0)(309.0, 332.0)(309.0, 259.0);GATE
Port:(309.0, 273.5)(319.0, 273.5)(319.0, 317.5)(309.0, 317.5);SD
Port:(438.0, 259.0)(438.0, 332.0)(324.0, 332.0)(324.0, 259.0);GATE
Port:(429.0, 269.0)(433.0, 269.0)(433.0, 322.0)(429.0, 322.0);SD
Module:M39
Boundary:(449.0, 1559.0)(449.0, 1688.5)(389.3, 1688.5)(389.3, 1722.0)(314.0, 1722.0)(314.0, 1559.0);GATE
Port:(314.0, 1573.5)(324.0, 1573.5)(324.0, 1707.5)(314.0, 1707.5);SD
Port:(449.0, 1559.0)(449.0, 1688.5)(389.3, 1688.5)(389.3, 1722.0)(329.0, 1722.0)(329.0, 1559.0);GATE
Port:(440.0, 1569.0)(444.0, 1569.0)(444.0, 1674.0)(440.0, 1674.0);SD
Module:M8
Boundary:(299.0, 20.0)(299.0, 167.5)(236.8, 167.5)(236.8, 201.0)(161.0, 201.0)(161.0, 20.0);GATE
Port:(161.0, 34.5)(171.0, 34.5)(171.0, 186.5)(161.0, 186.5);SD
Port:(299.0, 20.0)(299.0, 167.5)(236.8, 167.5)(236.8, 201.0)(176.0, 201.0)(176.0, 20.0);GATE
Port:(290.0, 30.0)(294.0, 30.0)(294.0, 153.0)(290.0, 153.0);SD
Module:M4
Boundary:(91.0, 223.0)(91.0, 352.5)(71.0, 352.5)(71.0, 404.0)(20.0, 404.0)(20.0, 223.0);GATE
Port:(20.0, 237.5)(30.0, 237.5)(30.0, 389.5)(20.0, 389.5);SD
Port:(91.0, 223.0)(91.0, 352.5)(71.0, 352.5)(71.0, 404.0)(35.0, 404.0)(35.0, 223.0);GATE
Port:(82.0, 233.0)(86.0, 233.0)(86.0, 338.0)(82.0, 338.0);SD
Module:M36
Boundary:(20.0, 1410.0)(96.0, 1410.0)(96.0, 1418.0)(111.0, 1418.0)(111.0, 1510.0)(20.0, 1510.0);GATE
Port:(34.5, 1500.0)(96.5, 1500.0)(96.5, 1510.0)(34.5, 1510.0);SD
Port:(20.0, 1410.0)(96.0, 1410.0)(96.0, 1418.0)(111.0, 1418.0)(111.0, 1495.0)(20.0, 1495.0);GATE
Port:(30.0, 1415.0)(81.0, 1415.0)(81.0, 1419.0)(30.0, 1419.0);SD
Module:M33
Boundary:(482.0, 1139.0)(611.5, 1139.0)(611.5, 1153.0)(627.0, 1153.0)(627.0, 1236.0)(482.0, 1236.0);GATE
Port:(496.5, 1226.0)(612.5, 1226.0)(612.5, 1236.0)(496.5, 1236.0);SD
Port:(482.0, 1139.0)(611.5, 1139.0)(611.5, 1153.0)(627.0, 1153.0)(627.0, 1221.0)(482.0, 1221.0);GATE
Port:(492.0, 1144.0)(597.0, 1144.0)(597.0, 1148.0)(492.0, 1148.0);SD
Module:M28
Boundary:(627.0, 602.0)(627.0, 713.5)(555.8, 713.5)(555.8, 747.0)(467.0, 747.0)(467.0, 602.0);GATE
Port:(467.0, 616.5)(477.0, 616.5)(477.0, 732.5)(467.0, 732.5);SD
Port:(627.0, 602.0)(627.0, 713.5)(555.8, 713.5)(555.8, 747.0)(482.0, 747.0)(482.0, 602.0);GATE
Port:(618.0, 612.0)(622.0, 612.0)(622.0, 699.0)(618.0, 699.0);SD
Module:M30
Boundary:(328.0, 903.0)(404.0, 903.0)(404.0, 911.0)(419.0, 911.0)(419.0, 1101.0)(328.0, 1101.0);GATE
Port:(342.5, 1091.0)(404.5, 1091.0)(404.5, 1101.0)(342.5, 1101.0);SD
Port:(328.0, 903.0)(404.0, 903.0)(404.0, 911.0)(419.0, 911.0)(419.0, 1086.0)(328.0, 1086.0);GATE
Port:(338.0, 908.0)(389.0, 908.0)(389.0, 912.0)(338.0, 912.0);SD
Module:M25
Boundary:(300.0, 717.0)(411.5, 717.0)(411.5, 729.0)(427.0, 729.0)(427.0, 853.0)(300.0, 853.0);GATE
Port:(314.5, 843.0)(412.5, 843.0)(412.5, 853.0)(314.5, 853.0);SD
Port:(300.0, 717.0)(411.5, 717.0)(411.5, 729.0)(427.0, 729.0)(427.0, 838.0)(300.0, 838.0);GATE
Port:(310.0, 722.0)(397.0, 722.0)(397.0, 726.0)(310.0, 726.0);SD
Module:M22
Boundary:(191.0, 1569.0)(264.0, 1569.0)(264.0, 1698.0)(191.0, 1698.0);GATE
Port:(205.5, 1688.0)(249.5, 1688.0)(249.5, 1698.0)(205.5, 1698.0);SD
Port:(191.0, 1569.0)(264.0, 1569.0)(264.0, 1683.0)(191.0, 1683.0);GATE
Port:(201.0, 1574.0)(254.0, 1574.0)(254.0, 1578.0)(201.0, 1578.0);SD
Module:M17
Boundary:(626.0, 20.0)(626.0, 149.5)(570.3, 149.5)(570.3, 237.0)(509.0, 237.0)(509.0, 20.0);GATE
Port:(509.0, 34.5)(519.0, 34.5)(519.0, 222.5)(509.0, 222.5);SD
Port:(626.0, 20.0)(626.0, 149.5)(570.3, 149.5)(570.3, 237.0)(524.0, 237.0)(524.0, 20.0);GATE
Port:(617.0, 30.0)(621.0, 30.0)(621.0, 135.0)(617.0, 135.0);SD
