Area:(-20.0, -20.0)(420.0, -20.0)(420.0, 533.0)(-20.0, 533.0)
Rule:GATE(5,5);SD(5,5);GATE_SD(0.5);GATE_ITO(0.5);SD_ITO(0.5)
Module:M5
Boundary:(164.0, 20.0)(164.0, 149.5)(99.8, 149.5)(99.8, 183.0)(20.0, 183.0)(20.0, 20.0);GATE
Port:(20.0, 34.5)(30.0, 34.5)(30.0, 168.5)(20.0, 168.5);SD
Port:(164.0, 20.0)(164.0, 149.5)(99.8, 149.5)(99.8, 183.0)(35.0, 183.0)(35.0, 20.0);GATE
Port:(155.0, 30.0)(159.0, 30.0)(159.0, 135.0)(155.0, 135.0);SD
Module:M1
Boundary:(152.0, 223.0)(152.0, 296.0)(20.0, 296.0)(20.0, 223.0);GATE
Port:(20.0, 237.5)(30.0, 237.5)(30.0, 281.5)(20.0, 281.5);SD
Port:(152.0, 223.0)(152.0, 296.0)(35.0, 296.0)(35.0, 223.0);GATE
Port:(143.0, 233.0)(147.0, 233.0)(147.0, 286.0)(143.0, 286.0);SD
Module:M2
Boundary:(20.0, 336.0)(95.5, 336.0)(95.5, 417.2)(237.0, 417.2)(237.0, 493.0)(20.0, 493.0);GATE
Port:(34.5, 483.0)(222.5, 483.0)(222.5, 493.0)(34.5, 493.0);SD
Port:(20.0, 336.0)(95.5, 336.0)(95.5, 417.2)(237.0, 417.2)(237.0, 478.0)(20.0, 478.0);GATE
Port:(30.0, 341.0)(81.0, 341.0)(81.0, 345.0)(30.0, 345.0);SD
Module:M3
Boundary:(380.0, 20.0)(380.0, 95.5)(273.9, 95.5)(273.9, 219.0)(204.0, 219.0)(204.0, 20.0);GATE
Port:(204.0, 34.5)(214.0, 34.5)(214.0, 204.5)(204.0, 204.5);SD
Port:(380.0, 20.0)(380.0, 95.5)(273.9, 95.5)(273.9, 219.0)(219.0, 219.0)(219.0, 20.0);GATE
Port:(371.0, 30.0)(375.0, 30.0)(375.0, 81.0)(371.0, 81.0);SD
Module:M4
Boundary:(376.0, 259.0)(376.0, 370.5)(348.2, 370.5)(348.2, 422.0)(277.0, 422.0)(277.0, 259.0);GATE
Port:(277.0, 273.5)(287.0, 273.5)(287.0, 407.5)(277.0, 407.5);SD
Port:(376.0, 259.0)(376.0, 370.5)(348.2, 370.5)(348.2, 422.0)(292.0, 422.0)(292.0, 259.0);GATE
Port:(367.0, 269.0)(371.0, 269.0)(371.0, 356.0)(367.0, 356.0);SD
