Area:(8.6, -9.7)(676.8, -9.7)(676.8, 480.0)(8.6, 480.0)
Rule:GATE(5,5);SD(5,5);GATE_SD(0.5);GATE_ITO(0.5);SD_ITO(0.5)
Module:M6
Boundary:(636.8, 59.4)(636.8, 135.4)(628.8, 135.4)(628.8, 150.4)(568.8, 150.4)(568.8, 59.4);GATE
Port:(568.8, 73.9)(578.8, 73.9)(578.8, 135.9)(568.8, 135.9);SD
Port:(636.8, 59.4)(636.8, 135.4)(628.8, 135.4)(628.8, 150.4)(583.8, 150.4)(583.8, 59.4);GATE
Port:(627.8, 69.4)(631.8, 69.4)(631.8, 120.4)(627.8, 120.4);SD
Module:M8
Boundary:(527.6, 37.9)(527.6, 185.4)(510.6, 185.4)(510.6, 200.9)(463.6, 200.9)(463.6, 37.9);GATE
Port:(463.6, 52.4)(473.6, 52.4)(473.6, 186.4)(463.6, 186.4);SD
Port:(527.6, 37.9)(527.6, 185.4)(510.6, 185.4)(510.6, 200.9)(478.6, 200.9)(478.6, 37.9);GATE
Port:(518.6, 47.9)(522.6, 47.9)(522.6, 170.9)(518.6, 170.9);SD
Module:M5
Boundary:(448.5, 55.6)(355.0, 55.6)(355.0, 142.1)(177.5, 142.1)(177.5, 226.6)(448.5, 226.6);GATE
Port:(192.0, 216.6)(434.0, 216.6)(434.0, 226.6)(192.0, 226.6);SD
Port:(448.5, 55.6)(355.0, 55.6)(355.0, 142.1)(177.5, 142.1)(177.5, 211.6)(448.5, 211.6);GATE
Port:(369.5, 60.6)(438.5, 60.6)(438.5, 64.6)(369.5, 64.6);SD
Module:M10
Boundary:(78.9, 30.3)(154.9, 30.3)(154.9, 38.3)(169.9, 38.3)(169.9, 223.3)(78.9, 223.3);GATE
Port:(93.4, 213.3)(155.4, 213.3)(155.4, 223.3)(93.4, 223.3);SD
Port:(78.9, 30.3)(154.9, 30.3)(154.9, 38.3)(169.9, 38.3)(169.9, 208.3)(78.9, 208.3);GATE
Port:(88.9, 35.3)(139.9, 35.3)(139.9, 39.3)(88.9, 39.3);SD
Module:M2
Boundary:(330.5, 316.0)(330.5, 243.0)(202.5, 243.0)(202.5, 316.0);GATE
Port:(202.5, 257.5)(212.5, 257.5)(212.5, 301.5)(202.5, 301.5);SD
Port:(330.5, 316.0)(330.5, 243.0)(217.5, 243.0)(217.5, 316.0);GATE
Port:(321.5, 253.0)(325.5, 253.0)(325.5, 306.0)(321.5, 306.0);SD
Module:M9
Boundary:(437.0, 234.2)(437.0, 307.2)(334.0, 307.2)(334.0, 234.2);GATE
Port:(334.0, 248.7)(344.0, 248.7)(344.0, 292.7)(334.0, 292.7);SD
Port:(437.0, 234.2)(437.0, 307.2)(349.0, 307.2)(349.0, 234.2);GATE
Port:(428.0, 244.2)(432.0, 244.2)(432.0, 297.2)(428.0, 297.2);SD
Module:M3
Boundary:(48.6, 364.1)(142.1, 364.1)(142.1, 310.9)(175.6, 310.9)(175.6, 238.1)(48.6, 238.1);GATE
Port:(63.1, 238.1)(161.1, 238.1)(161.1, 248.1)(63.1, 248.1);SD
Port:(48.6, 364.1)(142.1, 364.1)(142.1, 310.9)(175.6, 310.9)(175.6, 253.1)(48.6, 253.1);GATE
Port:(58.6, 355.1)(127.6, 355.1)(127.6, 359.1)(58.6, 359.1);SD
Module:M1
Boundary:(297.2, 323.9)(297.2, 396.9)(196.2, 396.9)(196.2, 323.9);GATE
Port:(196.2, 338.4)(206.2, 338.4)(206.2, 382.4)(196.2, 382.4);SD
Port:(297.2, 323.9)(297.2, 396.9)(211.2, 396.9)(211.2, 323.9);GATE
Port:(288.2, 333.9)(292.2, 333.9)(292.2, 386.9)(288.2, 386.9);SD
Module:M7
Boundary:(303.3, 345.6)(303.3, 418.6)(385.3, 418.6)(385.3, 345.6);GATE
Port:(375.3, 360.1)(385.3, 360.1)(385.3, 404.1)(375.3, 404.1);SD
Port:(303.3, 345.6)(303.3, 418.6)(370.3, 418.6)(370.3, 345.6);GATE
Port:(308.3, 355.6)(312.3, 355.6)(312.3, 408.6)(308.3, 408.6);SD
Module:M4
Boundary:(456.7, 223.0)(456.7, 334.5)(522.6, 334.5)(522.6, 440.0)(581.7, 440.0)(581.7, 223.0);GATE
Port:(571.7, 237.5)(581.7, 237.5)(581.7, 425.5)(571.7, 425.5);SD
Port:(456.7, 223.0)(456.7, 334.5)(522.6, 334.5)(522.6, 440.0)(566.7, 440.0)(566.7, 223.0);GATE
Port:(461.7, 233.0)(465.7, 233.0)(465.7, 320.0)(461.7, 320.0);SD
