Area:(-20.0, -20.0)(1757.0, -20.0)(1757.0, 653.8)(-20.0, 653.8)
Rule:GATE(5,5);SD(5,5);GATE_SD(0.5);GATE_ITO(0.5);SD_ITO(0.5)
Module:M14
Boundary:(1582.4, 308.4)(1582.4, 358.9)(1528.5, 358.9)(1528.5, 374.9)(1424.8, 374.9)(1424.8, 308.4);GATE
Port:(1424.8, 321.2)(1429.9, 321.2)(1429.9, 362.1)(1424.8, 362.1);SD
Port:(1582.4, 308.4)(1582.4, 358.9)(1528.5, 358.9)(1528.5, 374.9)(1432.3, 374.9)(1432.3, 308.4);GATE
Port:(1572.7, 314.1)(1577.7, 314.1)(1577.7, 352.2)(1572.7, 352.2);SD
Module:M9
Boundary:(389.5, 517.5)(465.7, 517.5)(465.7, 610.9)(389.5, 610.9);GATE
Port:(401.6, 606.7)(453.6, 606.7)(453.6, 610.9)(401.6, 610.9);SD
Port:(389.5, 517.5)(465.7, 517.5)(465.7, 603.8)(389.5, 603.8);GATE
Port:(396.4, 523.4)(458.8, 523.4)(458.8, 527.9)(396.4, 527.9);SD
Module:M5
Boundary:(91.7, 20.0)(91.7, 90.2)(91.6, 90.2)(91.6, 107.4)(20.0, 107.4)(20.0, 20.0);GATE
Port:(20.0, 33.9)(24.2, 33.9)(24.2, 93.5)(20.0, 93.5);SD
Port:(91.7, 20.0)(91.7, 90.2)(91.6, 90.2)(91.6, 107.4)(27.0, 107.4)(27.0, 20.0);GATE
Port:(80.5, 25.5)(87.2, 25.5)(87.2, 84.7)(80.5, 84.7);SD
Module:M11
Boundary:(792.3, 286.9)(792.3, 345.8)(587.2, 345.8)(587.2, 286.9);GATE
Port:(587.2, 298.3)(592.9, 298.3)(592.9, 334.4)(587.2, 334.4);SD
Port:(792.3, 286.9)(792.3, 345.8)(595.5, 345.8)(595.5, 286.9);GATE
Port:(782.4, 292.4)(787.8, 292.4)(787.8, 340.3)(782.4, 340.3);SD
Module:M1
Boundary:(1522.0, 521.0)(1522.0, 613.8)(1394.4, 613.8)(1394.4, 521.0);GATE
Port:(1394.4, 534.8)(1400.0, 534.8)(1400.0, 600.0)(1394.4, 600.0);SD
Port:(1522.0, 521.0)(1522.0, 613.8)(1401.6, 613.8)(1401.6, 521.0);GATE
Port:(1510.5, 527.9)(1516.1, 527.9)(1516.1, 606.9)(1510.5, 606.9);SD
Module:M43
Boundary:(1377.0, 216.8)(1377.0, 299.5)(1184.1, 299.5)(1184.1, 216.8);GATE
Port:(1184.1, 229.6)(1189.4, 229.6)(1189.4, 286.7)(1184.1, 286.7);SD
Port:(1377.0, 216.8)(1377.0, 299.5)(1191.0, 299.5)(1191.0, 216.8);GATE
Port:(1366.9, 222.3)(1372.5, 222.3)(1372.5, 294.0)(1366.9, 294.0);SD
Module:M38
Boundary:(1039.3, 126.7)(1129.2, 126.7)(1129.2, 220.0)(1142.6, 220.0)(1142.6, 284.9)(1039.3, 284.9);GATE
Port:(1051.9, 279.2)(1130.0, 279.2)(1130.0, 284.9)(1051.9, 284.9);SD
Port:(1039.3, 126.7)(1129.2, 126.7)(1129.2, 220.0)(1142.6, 220.0)(1142.6, 276.8)(1039.3, 276.8);GATE
Port:(1045.2, 131.6)(1122.3, 131.6)(1122.3, 137.3)(1045.2, 137.3);SD
Module:M40
Boundary:(1710.5, 30.0)(1710.5, 139.6)(1647.6, 139.6)(1647.6, 157.0)(1527.0, 157.0)(1527.0, 30.0);GATE
Port:(1527.0, 43.7)(1532.3, 43.7)(1532.3, 143.3)(1527.0, 143.3);SD
Port:(1710.5, 30.0)(1710.5, 139.6)(1647.6, 139.6)(1647.6, 157.0)(1533.9, 157.0)(1533.9, 30.0);GATE
Port:(1699.8, 35.3)(1706.2, 35.3)(1706.2, 133.3)(1699.8, 133.3);SD
Module:M35
Boundary:(795.9, 169.7)(795.9, 246.9)(587.2, 246.9)(587.2, 169.7);GATE
Port:(587.2, 184.8)(591.5, 184.8)(591.5, 231.8)(587.2, 231.8);SD
Port:(795.9, 169.7)(795.9, 246.9)(593.8, 246.9)(593.8, 169.7);GATE
Port:(784.2, 175.0)(791.6, 175.0)(791.6, 241.6)(784.2, 241.6);SD
Module:M32
Boundary:(378.4, 168.4)(378.4, 221.8)(365.3, 221.8)(365.3, 235.6)(287.0, 235.6)(287.0, 168.4);GATE
Port:(287.0, 182.3)(292.9, 182.3)(292.9, 221.7)(287.0, 221.7);SD
Port:(378.4, 168.4)(378.4, 221.8)(365.3, 221.8)(365.3, 235.6)(294.3, 235.6)(294.3, 168.4);GATE
Port:(366.3, 175.2)(372.6, 175.2)(372.6, 213.0)(366.3, 213.0);SD
Module:M27
Boundary:(651.5, 523.8)(747.8, 523.8)(747.8, 524.1)(764.1, 524.1)(764.1, 607.3)(651.5, 607.3);GATE
Port:(663.3, 602.3)(752.3, 602.3)(752.3, 607.3)(663.3, 607.3);SD
Port:(651.5, 523.8)(747.8, 523.8)(747.8, 524.1)(764.1, 524.1)(764.1, 599.8)(651.5, 599.8);GATE
Port:(656.5, 527.8)(742.8, 527.8)(742.8, 533.4)(656.5, 533.4);SD
Module:M24
Boundary:(429.7, 287.3)(429.7, 368.1)(324.3, 368.1)(324.3, 383.0)(253.4, 383.0)(253.4, 287.3);GATE
Port:(253.4, 300.2)(259.1, 300.2)(259.1, 370.1)(253.4, 370.1);SD
Port:(429.7, 287.3)(429.7, 368.1)(324.3, 368.1)(324.3, 383.0)(261.3, 383.0)(261.3, 287.3);GATE
Port:(419.2, 292.6)(425.4, 292.6)(425.4, 361.8)(419.2, 361.8);SD
Module:M19
Boundary:(1105.9, 30.0)(1105.9, 62.4)(1105.9, 62.4)(1105.9, 76.7)(1029.3, 76.7)(1029.3, 30.0);GATE
Port:(1029.3, 43.0)(1034.8, 43.0)(1034.8, 63.7)(1029.3, 63.7);SD
Port:(1105.9, 30.0)(1105.9, 62.4)(1105.9, 62.4)(1105.9, 76.7)(1036.8, 76.7)(1036.8, 30.0);GATE
Port:(1095.0, 36.5)(1100.4, 36.5)(1100.4, 55.9)(1095.0, 55.9);SD
Module:M6
Boundary:(277.0, 20.0)(382.8, 20.0)(382.8, 56.7)(398.9, 56.7)(398.9, 118.4)(277.0, 118.4);GATE
Port:(291.4, 113.1)(384.5, 113.1)(384.5, 118.4)(291.4, 118.4);SD
Port:(277.0, 20.0)(382.8, 20.0)(382.8, 56.7)(398.9, 56.7)(398.9, 111.6)(277.0, 111.6);GATE
Port:(284.0, 26.0)(374.8, 26.0)(374.8, 31.8)(284.0, 31.8);SD
Module:M21
Boundary:(344.1, 545.0)(344.1, 596.0)(344.0, 596.0)(344.0, 611.3)(160.1, 611.3)(160.1, 545.0);GATE
Port:(160.1, 558.9)(165.9, 558.9)(165.9, 597.4)(160.1, 597.4);SD
Port:(344.1, 545.0)(344.1, 596.0)(344.0, 596.0)(344.0, 611.3)(168.7, 611.3)(168.7, 545.0);GATE
Port:(331.7, 551.9)(338.2, 551.9)(338.2, 589.1)(331.7, 589.1);SD
Module:M2
Boundary:(131.7, 20.0)(223.1, 20.0)(223.1, 101.1)(237.0, 101.1)(237.0, 247.3)(131.7, 247.3);GATE
Port:(143.8, 241.5)(224.9, 241.5)(224.9, 247.3)(143.8, 247.3);SD
Port:(131.7, 20.0)(223.1, 20.0)(223.1, 101.1)(237.0, 101.1)(237.0, 239.2)(131.7, 239.2);GATE
Port:(138.0, 25.3)(215.8, 25.3)(215.8, 29.6)(138.0, 29.6);SD
Module:M16
Boundary:(699.8, 20.0)(699.8, 111.0)(665.1, 111.0)(665.1, 128.0)(587.2, 128.0)(587.2, 20.0);GATE
Port:(587.2, 34.1)(591.7, 34.1)(591.7, 113.9)(587.2, 113.9);SD
Port:(699.8, 20.0)(699.8, 111.0)(665.1, 111.0)(665.1, 128.0)(594.5, 128.0)(594.5, 20.0);GATE
Port:(688.7, 25.7)(695.1, 25.7)(695.1, 104.3)(688.7, 104.3);SD
Module:M13
Boundary:(979.2, 288.1)(979.2, 334.8)(979.1, 334.8)(979.1, 348.4)(835.9, 348.4)(835.9, 288.1);GATE
Port:(835.9, 301.5)(841.4, 301.5)(841.4, 335.0)(835.9, 335.0);SD
Port:(979.2, 288.1)(979.2, 334.8)(979.1, 334.8)(979.1, 348.4)(842.6, 348.4)(842.6, 288.1);GATE
Port:(967.9, 294.4)(973.9, 294.4)(973.9, 328.5)(967.9, 328.5);SD
Module:M45
Boundary:(873.0, 144.2)(981.7, 144.2)(981.7, 144.5)(999.3, 144.5)(999.3, 248.1)(873.0, 248.1);GATE
Port:(888.3, 243.3)(984.0, 243.3)(984.0, 248.1)(888.3, 248.1);SD
Port:(873.0, 144.2)(981.7, 144.2)(981.7, 144.5)(999.3, 144.5)(999.3, 241.2)(873.0, 241.2);GATE
Port:(879.8, 150.0)(974.9, 150.0)(974.9, 156.5)(879.8, 156.5);SD
Module:M10
Boundary:(20.0, 535.3)(104.8, 535.3)(104.8, 553.7)(120.1, 553.7)(120.1, 608.9)(20.0, 608.9);GATE
Port:(34.0, 603.8)(106.1, 603.8)(106.1, 608.9)(34.0, 608.9);SD
Port:(20.0, 535.3)(104.8, 535.3)(104.8, 553.7)(120.1, 553.7)(120.1, 601.9)(20.0, 601.9);GATE
Port:(25.1, 539.4)(98.7, 539.4)(98.7, 547.0)(25.1, 547.0);SD
Module:M42
Boundary:(131.7, 287.3)(198.4, 287.3)(198.4, 342.0)(213.4, 342.0)(213.4, 495.3)(131.7, 495.3);GATE
Port:(145.4, 489.6)(199.7, 489.6)(199.7, 495.3)(145.4, 495.3);SD
Port:(131.7, 287.3)(198.4, 287.3)(198.4, 342.0)(213.4, 342.0)(213.4, 487.5)(131.7, 487.5);GATE
Port:(136.8, 291.4)(192.3, 291.4)(192.3, 298.0)(136.8, 298.0);SD
Module:M37
Boundary:(1716.8, 521.0)(1716.8, 607.4)(1562.0, 607.4)(1562.0, 521.0);GATE
Port:(1562.0, 536.0)(1566.4, 536.0)(1566.4, 592.4)(1562.0, 592.4);SD
Port:(1716.8, 521.0)(1716.8, 607.4)(1569.0, 607.4)(1569.0, 521.0);GATE
Port:(1704.8, 526.9)(1711.9, 526.9)(1711.9, 601.5)(1704.8, 601.5);SD
Module:M34
Boundary:(979.3, 20.0)(979.3, 88.5)(937.4, 88.5)(937.4, 104.2)(873.0, 104.2)(873.0, 20.0);GATE
Port:(873.0, 33.2)(877.1, 33.2)(877.1, 91.0)(873.0, 91.0);SD
Port:(979.3, 20.0)(979.3, 88.5)(937.4, 88.5)(937.4, 104.2)(878.7, 104.2)(878.7, 20.0);GATE
Port:(969.1, 25.9)(974.4, 25.9)(974.4, 81.6)(969.1, 81.6);SD
Module:M29
Boundary:(539.1, 423.0)(539.1, 459.2)(539.1, 459.2)(539.1, 477.5)(389.5, 477.5)(389.5, 423.0);GATE
Port:(389.5, 437.9)(393.7, 437.9)(393.7, 462.6)(389.5, 462.6);SD
Port:(539.1, 423.0)(539.1, 459.2)(539.1, 459.2)(539.1, 477.5)(396.7, 477.5)(396.7, 423.0);GATE
Port:(527.7, 428.1)(535.0, 428.1)(535.0, 454.1)(527.7, 454.1);SD
Module:M7
Boundary:(1184.1, 20.0)(1234.1, 20.0)(1234.1, 20.1)(1249.6, 20.1)(1249.6, 153.1)(1184.1, 153.1);GATE
Port:(1197.9, 148.2)(1235.8, 148.2)(1235.8, 153.1)(1197.9, 153.1);SD
Port:(1184.1, 20.0)(1234.1, 20.0)(1234.1, 20.1)(1249.6, 20.1)(1249.6, 145.9)(1184.1, 145.9);GATE
Port:(1190.5, 25.4)(1227.7, 25.4)(1227.7, 31.9)(1190.5, 31.9);SD
Module:M31
Boundary:(469.7, 280.2)(523.5, 280.2)(523.5, 280.3)(540.9, 280.3)(540.9, 351.9)(469.7, 351.9);GATE
Port:(484.0, 347.7)(526.6, 347.7)(526.6, 351.9)(484.0, 351.9);SD
Port:(469.7, 280.2)(523.5, 280.2)(523.5, 280.3)(540.9, 280.3)(540.9, 345.9)(469.7, 345.9);GATE
Port:(475.4, 284.9)(517.8, 284.9)(517.8, 292.0)(475.4, 292.0);SD
Module:M3
Boundary:(1289.6, 20.0)(1378.0, 20.0)(1378.0, 176.8)(1289.6, 176.8);GATE
Port:(1304.4, 172.0)(1363.2, 172.0)(1363.2, 176.8)(1304.4, 176.8);SD
Port:(1289.6, 20.0)(1378.0, 20.0)(1378.0, 170.7)(1289.6, 170.7);GATE
Port:(1295.5, 24.9)(1372.1, 24.9)(1372.1, 31.7)(1295.5, 31.7);SD
Module:M26
Boundary:(1374.8, 349.5)(1374.8, 432.7)(1297.3, 432.7)(1297.3, 448.1)(1194.1, 448.1)(1194.1, 349.5);GATE
Port:(1194.1, 362.8)(1199.7, 362.8)(1199.7, 434.8)(1194.1, 434.8);SD
Port:(1374.8, 349.5)(1374.8, 432.7)(1297.3, 432.7)(1297.3, 448.1)(1202.6, 448.1)(1202.6, 349.5);GATE
Port:(1364.2, 355.2)(1370.1, 355.2)(1370.1, 426.0)(1364.2, 426.0);SD
Module:M23
Boundary:(20.0, 296.4)(85.1, 296.4)(85.1, 482.9)(20.0, 482.9);GATE
Port:(34.2, 477.1)(70.9, 477.1)(70.9, 482.9)(34.2, 482.9);SD
Port:(20.0, 296.4)(85.1, 296.4)(85.1, 475.5)(20.0, 475.5);GATE
Port:(26.0, 301.4)(79.1, 301.4)(79.1, 308.8)(26.0, 308.8);SD
Module:M18
Boundary:(1035.8, 334.9)(1119.1, 334.9)(1119.1, 357.0)(1134.1, 357.0)(1134.1, 470.3)(1035.8, 470.3);GATE
Port:(1049.0, 464.4)(1120.9, 464.4)(1120.9, 470.3)(1049.0, 470.3);SD
Port:(1035.8, 334.9)(1119.1, 334.9)(1119.1, 357.0)(1134.1, 357.0)(1134.1, 462.5)(1035.8, 462.5);GATE
Port:(1042.0, 340.1)(1111.9, 340.1)(1111.9, 346.3)(1042.0, 346.3);SD
Module:M20
Boundary:(20.0, 147.4)(74.0, 147.4)(74.0, 203.9)(90.7, 203.9)(90.7, 256.4)(20.0, 256.4);GATE
Port:(34.4, 250.7)(76.3, 250.7)(76.3, 256.4)(34.4, 256.4);SD
Port:(20.0, 147.4)(74.0, 147.4)(74.0, 203.9)(90.7, 203.9)(90.7, 247.8)(20.0, 247.8);GATE
Port:(25.9, 152.3)(67.1, 152.3)(67.1, 158.4)(25.9, 158.4);SD
Module:M15
Boundary:(349.5, 423.0)(349.5, 488.9)(349.4, 488.9)(349.4, 505.0)(253.4, 505.0)(253.4, 423.0);GATE
Port:(253.4, 435.9)(259.3, 435.9)(259.3, 492.1)(253.4, 492.1);SD
Port:(349.5, 423.0)(349.5, 488.9)(349.4, 488.9)(349.4, 505.0)(261.8, 505.0)(261.8, 423.0);GATE
Port:(339.0, 429.0)(344.5, 429.0)(344.5, 482.9)(339.0, 482.9);SD
Module:M12
Boundary:(505.7, 523.8)(595.5, 523.8)(595.5, 549.1)(611.5, 549.1)(611.5, 601.4)(505.7, 601.4);GATE
Port:(521.1, 595.6)(596.1, 595.6)(596.1, 601.4)(521.1, 601.4);SD
Port:(505.7, 523.8)(595.5, 523.8)(595.5, 549.1)(611.5, 549.1)(611.5, 594.5)(505.7, 594.5);GATE
Port:(512.2, 529.3)(588.0, 529.3)(588.0, 536.5)(512.2, 536.5);SD
Module:M44
Boundary:(1418.0, 20.0)(1463.0, 20.0)(1463.0, 20.1)(1477.0, 20.1)(1477.0, 159.2)(1418.0, 159.2);GATE
Port:(1430.3, 155.0)(1464.7, 155.0)(1464.7, 159.2)(1430.3, 159.2);SD
Port:(1418.0, 20.0)(1463.0, 20.0)(1463.0, 20.1)(1477.0, 20.1)(1477.0, 153.8)(1418.0, 153.8);GATE
Port:(1423.5, 24.5)(1457.5, 24.5)(1457.5, 30.3)(1423.5, 30.3);SD
Module:M39
Boundary:(448.9, 30.0)(520.2, 30.0)(520.2, 30.1)(537.2, 30.1)(537.2, 230.2)(448.9, 230.2);GATE
Port:(463.9, 225.7)(522.2, 225.7)(522.2, 230.2)(463.9, 230.2);SD
Port:(448.9, 30.0)(520.2, 30.0)(520.2, 30.1)(537.2, 30.1)(537.2, 223.8)(448.9, 223.8);GATE
Port:(455.6, 35.7)(513.5, 35.7)(513.5, 42.0)(455.6, 42.0);SD
Module:M8
Boundary:(833.0, 20.0)(833.0, 115.4)(806.0, 115.4)(806.0, 129.7)(739.8, 129.7)(739.8, 20.0);GATE
Port:(739.8, 33.1)(745.0, 33.1)(745.0, 116.6)(739.8, 116.6);SD
Port:(833.0, 20.0)(833.0, 115.4)(806.0, 115.4)(806.0, 129.7)(746.9, 129.7)(746.9, 20.0);GATE
Port:(821.8, 26.2)(827.8, 26.2)(827.8, 108.2)(821.8, 108.2);SD
Module:M41
Boundary:(737.8, 385.8)(737.8, 483.8)(580.9, 483.8)(580.9, 385.8);GATE
Port:(580.9, 398.6)(585.3, 398.6)(585.3, 471.0)(580.9, 471.0);SD
Port:(737.8, 385.8)(737.8, 483.8)(586.8, 483.8)(586.8, 385.8);GATE
Port:(727.8, 391.6)(733.0, 391.6)(733.0, 478.0)(727.8, 478.0);SD
Module:M4
Boundary:(1717.0, 207.0)(1717.0, 261.7)(1669.3, 261.7)(1669.3, 278.1)(1622.5, 278.1)(1622.5, 207.0);GATE
Port:(1622.5, 221.7)(1628.3, 221.7)(1628.3, 263.4)(1622.5, 263.4);SD
Port:(1717.0, 207.0)(1717.0, 261.7)(1669.3, 261.7)(1669.3, 278.1)(1630.7, 278.1)(1630.7, 207.0);GATE
Port:(1705.1, 212.9)(1712.1, 212.9)(1712.1, 254.8)(1705.1, 254.8);SD
Module:M36
Boundary:(1582.5, 207.0)(1582.5, 255.3)(1512.9, 255.3)(1512.9, 268.4)(1418.0, 268.4)(1418.0, 207.0);GATE
Port:(1418.0, 220.5)(1423.8, 220.5)(1423.8, 254.9)(1418.0, 254.9);SD
Port:(1582.5, 207.0)(1582.5, 255.3)(1512.9, 255.3)(1512.9, 268.4)(1425.0, 268.4)(1425.0, 207.0);GATE
Port:(1570.5, 213.3)(1577.2, 213.3)(1577.2, 248.0)(1570.5, 248.0);SD
Module:M33
Boundary:(1560.0, 414.9)(1560.0, 481.0)(1424.8, 481.0)(1424.8, 414.9);GATE
Port:(1424.8, 428.8)(1429.1, 428.8)(1429.1, 467.1)(1424.8, 467.1);SD
Port:(1560.0, 414.9)(1560.0, 481.0)(1430.8, 481.0)(1430.8, 414.9);GATE
Port:(1548.8, 420.0)(1555.9, 420.0)(1555.9, 475.9)(1548.8, 475.9);SD
Module:M28
Boundary:(982.2, 510.6)(982.2, 594.1)(920.7, 594.1)(920.7, 606.2)(804.1, 606.2)(804.1, 510.6);GATE
Port:(804.1, 522.5)(808.5, 522.5)(808.5, 594.3)(804.1, 594.3);SD
Port:(982.2, 510.6)(982.2, 594.1)(920.7, 594.1)(920.7, 606.2)(810.0, 606.2)(810.0, 510.6);GATE
Port:(972.1, 516.7)(977.1, 516.7)(977.1, 587.0)(972.1, 587.0);SD
Module:M30
Boundary:(1177.8, 520.3)(1177.8, 592.7)(1101.7, 592.7)(1101.7, 610.0)(1025.8, 610.0)(1025.8, 520.3);GATE
Port:(1025.8, 534.4)(1030.2, 534.4)(1030.2, 595.9)(1025.8, 595.9);SD
Port:(1177.8, 520.3)(1177.8, 592.7)(1101.7, 592.7)(1101.7, 610.0)(1032.1, 610.0)(1032.1, 520.3);GATE
Port:(1167.2, 526.2)(1172.9, 526.2)(1172.9, 585.8)(1167.2, 585.8);SD
Module:M25
Boundary:(985.8, 388.4)(985.8, 455.0)(985.5, 455.0)(985.5, 470.6)(777.8, 470.6)(777.8, 388.4);GATE
Port:(777.8, 402.4)(782.7, 402.4)(782.7, 456.6)(777.8, 456.6);SD
Port:(985.8, 388.4)(985.8, 455.0)(985.5, 455.0)(985.5, 470.6)(785.1, 470.6)(785.1, 388.4);GATE
Port:(974.3, 395.0)(980.2, 395.0)(980.2, 448.4)(974.3, 448.4);SD
Module:M22
Boundary:(1622.4, 318.1)(1700.9, 318.1)(1700.9, 382.8)(1715.1, 382.8)(1715.1, 471.9)(1622.4, 471.9);GATE
Port:(1634.9, 467.4)(1702.6, 467.4)(1702.6, 471.9)(1634.9, 471.9);SD
Port:(1622.4, 318.1)(1700.9, 318.1)(1700.9, 382.8)(1715.1, 382.8)(1715.1, 465.1)(1622.4, 465.1);GATE
Port:(1627.7, 322.4)(1694.6, 322.4)(1694.6, 328.3)(1627.7, 328.3);SD
Module:M17
Boundary:(1344.4, 508.1)(1344.4, 572.5)(1344.1, 572.5)(1344.1, 587.8)(1227.8, 587.8)(1227.8, 508.1);GATE
Port:(1227.8, 521.2)(1232.6, 521.2)(1232.6, 574.7)(1227.8, 574.7);SD
Port:(1344.4, 508.1)(1344.4, 572.5)(1344.1, 572.5)(1344.1, 587.8)(1235.3, 587.8)(1235.3, 508.1);GATE
Port:(1333.5, 514.4)(1339.1, 514.4)(1339.1, 566.2)(1333.5, 566.2);SD
