Area:(-20.0, -20.0)(890.0, -20.0)(890.0, 884.0)(-20.0, 884.0)
Rule:GATE(5,5);SD(5,5);GATE_SD(0.5);GATE_ITO(0.5);SD_ITO(0.5)
Module:M14
Boundary:(122.0, 257.0)(122.0, 333.0)(114.0, 333.0)(114.0, 348.0)(20.0, 348.0)(20.0, 257.0);GATE
Port:(20.0, 271.5)(30.0, 271.5)(30.0, 333.5)(20.0, 333.5);SD
Port:(122.0, 257.0)(122.0, 333.0)(114.0, 333.0)(114.0, 348.0)(35.0, 348.0)(35.0, 257.0);GATE
Port:(113.0, 267.0)(117.0, 267.0)(117.0, 318.0)(113.0, 318.0);SD
Module:M9
Boundary:(838.0, 123.0)(838.0, 270.5)(800.0, 270.5)(800.0, 304.0)(753.0, 304.0)(753.0, 123.0);GATE
Port:(753.0, 137.5)(763.0, 137.5)(763.0, 289.5)(753.0, 289.5);SD
Port:(838.0, 123.0)(838.0, 270.5)(800.0, 270.5)(800.0, 304.0)(768.0, 304.0)(768.0, 123.0);GATE
Port:(829.0, 133.0)(833.0, 133.0)(833.0, 256.0)(829.0, 256.0);SD
Module:M5
Boundary:(640.0, 601.0)(733.5, 601.0)(733.5, 657.0)(839.0, 657.0)(839.0, 695.0)(640.0, 695.0);GATE
Port:(654.5, 685.0)(824.5, 685.0)(824.5, 695.0)(654.5, 695.0);SD
Port:(640.0, 601.0)(733.5, 601.0)(733.5, 657.0)(839.0, 657.0)(839.0, 680.0)(640.0, 680.0);GATE
Port:(650.0, 606.0)(719.0, 606.0)(719.0, 610.0)(650.0, 610.0);SD
Module:M11
Boundary:(600.0, 502.0)(600.0, 649.5)(512.2, 649.5)(512.2, 683.0)(411.0, 683.0)(411.0, 502.0);GATE
Port:(411.0, 516.5)(421.0, 516.5)(421.0, 668.5)(411.0, 668.5);SD
Port:(600.0, 502.0)(600.0, 649.5)(512.2, 649.5)(512.2, 683.0)(426.0, 683.0)(426.0, 502.0);GATE
Port:(591.0, 512.0)(595.0, 512.0)(595.0, 635.0)(591.0, 635.0);SD
Module:M1
Boundary:(300.0, 223.0)(447.5, 223.0)(447.5, 239.0)(463.0, 239.0)(463.0, 304.0)(300.0, 304.0);GATE
Port:(314.5, 294.0)(448.5, 294.0)(448.5, 304.0)(314.5, 304.0);SD
Port:(300.0, 223.0)(447.5, 223.0)(447.5, 239.0)(463.0, 239.0)(463.0, 289.0)(300.0, 289.0);GATE
Port:(310.0, 228.0)(433.0, 228.0)(433.0, 232.0)(310.0, 232.0);SD
Module:M24
Boundary:(504.0, 148.0)(580.0, 148.0)(580.0, 156.0)(595.0, 156.0)(595.0, 313.0)(504.0, 313.0);GATE
Port:(518.5, 303.0)(580.5, 303.0)(580.5, 313.0)(518.5, 313.0);SD
Port:(504.0, 148.0)(580.0, 148.0)(580.0, 156.0)(595.0, 156.0)(595.0, 298.0)(504.0, 298.0);GATE
Port:(514.0, 153.0)(565.0, 153.0)(565.0, 157.0)(514.0, 157.0);SD
Module:M19
Boundary:(20.0, 388.0)(149.5, 388.0)(149.5, 404.0)(165.0, 404.0)(165.0, 451.0)(20.0, 451.0);GATE
Port:(34.5, 441.0)(150.5, 441.0)(150.5, 451.0)(34.5, 451.0);SD
Port:(20.0, 388.0)(149.5, 388.0)(149.5, 404.0)(165.0, 404.0)(165.0, 436.0)(20.0, 436.0);GATE
Port:(30.0, 393.0)(135.0, 393.0)(135.0, 397.0)(30.0, 397.0);SD
Module:M6
Boundary:(169.0, 169.0)(245.0, 169.0)(245.0, 177.0)(260.0, 177.0)(260.0, 318.0)(169.0, 318.0);GATE
Port:(183.5, 308.0)(245.5, 308.0)(245.5, 318.0)(183.5, 318.0);SD
Port:(169.0, 169.0)(245.0, 169.0)(245.0, 177.0)(260.0, 177.0)(260.0, 303.0)(169.0, 303.0);GATE
Port:(179.0, 174.0)(230.0, 174.0)(230.0, 178.0)(179.0, 178.0);SD
Module:M21
Boundary:(411.0, 723.0)(558.5, 723.0)(558.5, 745.0)(574.0, 745.0)(574.0, 842.0)(411.0, 842.0);GATE
Port:(425.5, 832.0)(559.5, 832.0)(559.5, 842.0)(425.5, 842.0);SD
Port:(411.0, 723.0)(558.5, 723.0)(558.5, 745.0)(574.0, 745.0)(574.0, 827.0)(411.0, 827.0);GATE
Port:(421.0, 728.0)(544.0, 728.0)(544.0, 732.0)(421.0, 732.0);SD
Module:M2
Boundary:(20.0, 723.0)(131.5, 723.0)(131.5, 770.0)(165.0, 770.0)(165.0, 830.0)(20.0, 830.0);GATE
Port:(34.5, 820.0)(150.5, 820.0)(150.5, 830.0)(34.5, 830.0);SD
Port:(20.0, 723.0)(131.5, 723.0)(131.5, 770.0)(165.0, 770.0)(165.0, 815.0)(20.0, 815.0);GATE
Port:(30.0, 728.0)(117.0, 728.0)(117.0, 732.0)(30.0, 732.0);SD
Module:M16
Boundary:(713.0, 148.0)(713.0, 259.5)(701.0, 259.5)(701.0, 275.0)(635.0, 275.0)(635.0, 148.0);GATE
Port:(635.0, 162.5)(645.0, 162.5)(645.0, 260.5)(635.0, 260.5);SD
Port:(713.0, 148.0)(713.0, 259.5)(701.0, 259.5)(701.0, 275.0)(650.0, 275.0)(650.0, 148.0);GATE
Port:(704.0, 158.0)(708.0, 158.0)(708.0, 245.0)(704.0, 245.0);SD
Module:M13
Boundary:(207.0, 525.0)(354.5, 525.0)(354.5, 541.0)(370.0, 541.0)(370.0, 678.0)(207.0, 678.0);GATE
Port:(221.5, 668.0)(355.5, 668.0)(355.5, 678.0)(221.5, 678.0);SD
Port:(207.0, 525.0)(354.5, 525.0)(354.5, 541.0)(370.0, 541.0)(370.0, 663.0)(207.0, 663.0);GATE
Port:(217.0, 530.0)(340.0, 530.0)(340.0, 534.0)(217.0, 534.0);SD
Module:M10
Boundary:(504.0, 20.0)(597.5, 20.0)(597.5, 54.2)(631.0, 54.2)(631.0, 108.0)(504.0, 108.0);GATE
Port:(518.5, 98.0)(616.5, 98.0)(616.5, 108.0)(518.5, 108.0);SD
Port:(504.0, 20.0)(597.5, 20.0)(597.5, 54.2)(631.0, 54.2)(631.0, 93.0)(504.0, 93.0);GATE
Port:(514.0, 25.0)(583.0, 25.0)(583.0, 29.0)(514.0, 29.0);SD
Module:M7
Boundary:(671.0, 20.0)(818.5, 20.0)(818.5, 38.0)(834.0, 38.0)(834.0, 83.0)(671.0, 83.0);GATE
Port:(685.5, 73.0)(819.5, 73.0)(819.5, 83.0)(685.5, 83.0);SD
Port:(671.0, 20.0)(818.5, 20.0)(818.5, 38.0)(834.0, 38.0)(834.0, 68.0)(671.0, 68.0);GATE
Port:(681.0, 25.0)(804.0, 25.0)(804.0, 29.0)(681.0, 29.0);SD
Module:M3
Boundary:(371.0, 358.0)(371.0, 433.5)(322.2, 433.5)(322.2, 485.0)(205.0, 485.0)(205.0, 358.0);GATE
Port:(205.0, 372.5)(215.0, 372.5)(215.0, 470.5)(205.0, 470.5);SD
Port:(371.0, 358.0)(371.0, 433.5)(322.2, 433.5)(322.2, 485.0)(220.0, 485.0)(220.0, 358.0);GATE
Port:(362.0, 368.0)(366.0, 368.0)(366.0, 419.0)(362.0, 419.0);SD
Module:M23
Boundary:(20.0, 20.0)(113.5, 20.0)(113.5, 30.0)(129.0, 30.0)(129.0, 217.0)(20.0, 217.0);GATE
Port:(34.5, 207.0)(114.5, 207.0)(114.5, 217.0)(34.5, 217.0);SD
Port:(20.0, 20.0)(113.5, 20.0)(113.5, 30.0)(129.0, 30.0)(129.0, 202.0)(20.0, 202.0);GATE
Port:(30.0, 25.0)(99.0, 25.0)(99.0, 29.0)(30.0, 29.0);SD
Module:M18
Boundary:(20.0, 491.0)(149.5, 491.0)(149.5, 505.0)(165.0, 505.0)(165.0, 570.0)(20.0, 570.0);GATE
Port:(34.5, 560.0)(150.5, 560.0)(150.5, 570.0)(34.5, 570.0);SD
Port:(20.0, 491.0)(149.5, 491.0)(149.5, 505.0)(165.0, 505.0)(165.0, 555.0)(20.0, 555.0);GATE
Port:(30.0, 496.0)(135.0, 496.0)(135.0, 500.0)(30.0, 500.0);SD
Module:M20
Boundary:(306.0, 20.0)(306.0, 113.5)(296.0, 113.5)(296.0, 129.0)(169.0, 129.0)(169.0, 20.0);GATE
Port:(169.0, 34.5)(179.0, 34.5)(179.0, 114.5)(169.0, 114.5);SD
Port:(306.0, 20.0)(306.0, 113.5)(296.0, 113.5)(296.0, 129.0)(184.0, 129.0)(184.0, 20.0);GATE
Port:(297.0, 30.0)(301.0, 30.0)(301.0, 99.0)(297.0, 99.0);SD
Module:M15
Boundary:(727.0, 735.0)(727.0, 828.5)(717.0, 828.5)(717.0, 844.0)(614.0, 844.0)(614.0, 735.0);GATE
Port:(614.0, 749.5)(624.0, 749.5)(624.0, 829.5)(614.0, 829.5);SD
Port:(727.0, 735.0)(727.0, 828.5)(717.0, 828.5)(717.0, 844.0)(629.0, 844.0)(629.0, 735.0);GATE
Port:(718.0, 745.0)(722.0, 745.0)(722.0, 814.0)(718.0, 814.0);SD
Module:M12
Boundary:(464.0, 20.0)(464.0, 167.5)(448.0, 167.5)(448.0, 183.0)(346.0, 183.0)(346.0, 20.0);GATE
Port:(346.0, 34.5)(356.0, 34.5)(356.0, 168.5)(346.0, 168.5);SD
Port:(464.0, 20.0)(464.0, 167.5)(448.0, 167.5)(448.0, 183.0)(361.0, 183.0)(361.0, 20.0);GATE
Port:(455.0, 30.0)(459.0, 30.0)(459.0, 153.0)(455.0, 153.0);SD
Module:M8
Boundary:(850.0, 344.0)(850.0, 455.5)(706.8, 455.5)(706.8, 561.0)(651.0, 561.0)(651.0, 344.0);GATE
Port:(651.0, 358.5)(661.0, 358.5)(661.0, 546.5)(651.0, 546.5);SD
Port:(850.0, 344.0)(850.0, 455.5)(706.8, 455.5)(706.8, 561.0)(666.0, 561.0)(666.0, 344.0);GATE
Port:(841.0, 354.0)(845.0, 354.0)(845.0, 441.0)(841.0, 441.0);SD
Module:M4
Boundary:(611.0, 353.0)(611.0, 446.5)(601.0, 446.5)(601.0, 462.0)(411.0, 462.0)(411.0, 353.0);GATE
Port:(411.0, 367.5)(421.0, 367.5)(421.0, 447.5)(411.0, 447.5);SD
Port:(611.0, 353.0)(611.0, 446.5)(601.0, 446.5)(601.0, 462.0)(426.0, 462.0)(426.0, 353.0);GATE
Port:(602.0, 363.0)(606.0, 363.0)(606.0, 432.0)(602.0, 432.0);SD
Module:M25
Boundary:(207.0, 718.0)(354.5, 718.0)(354.5, 734.0)(370.0, 734.0)(370.0, 843.0)(207.0, 843.0);GATE
Port:(221.5, 833.0)(355.5, 833.0)(355.5, 843.0)(221.5, 843.0);SD
Port:(207.0, 718.0)(354.5, 718.0)(354.5, 734.0)(370.0, 734.0)(370.0, 828.0)(207.0, 828.0);GATE
Port:(217.0, 723.0)(340.0, 723.0)(340.0, 727.0)(217.0, 727.0);SD
Module:M22
Boundary:(167.0, 610.0)(167.0, 683.0)(20.0, 683.0)(20.0, 610.0);GATE
Port:(20.0, 624.5)(30.0, 624.5)(30.0, 668.5)(20.0, 668.5);SD
Port:(167.0, 610.0)(167.0, 683.0)(35.0, 683.0)(35.0, 610.0);GATE
Port:(158.0, 620.0)(162.0, 620.0)(162.0, 673.0)(158.0, 673.0);SD
Module:M17
Boundary:(849.0, 735.0)(849.0, 828.5)(839.0, 828.5)(839.0, 844.0)(767.0, 844.0)(767.0, 735.0);GATE
Port:(767.0, 749.5)(777.0, 749.5)(777.0, 829.5)(767.0, 829.5);SD
Port:(849.0, 735.0)(849.0, 828.5)(839.0, 828.5)(839.0, 844.0)(782.0, 844.0)(782.0, 735.0);GATE
Port:(840.0, 745.0)(844.0, 745.0)(844.0, 814.0)(840.0, 814.0);SD
