Area:(-20.0, -20.0)(512.0, -20.0)(512.0, 1503.0)(-20.0, 1503.0)
Rule:GATE(5,5);SD(5,5);GATE_SD(0.5);GATE_ITO(0.5);SD_ITO(0.5)
Module:M14
Boundary:(281.0, 205.0)(281.0, 298.5)(238.0, 298.5)(238.0, 386.0)(184.0, 386.0)(184.0, 205.0);GATE
Port:(184.0, 219.5)(194.0, 219.5)(194.0, 371.5)(184.0, 371.5);SD
Port:(281.0, 205.0)(281.0, 298.5)(238.0, 298.5)(238.0, 386.0)(199.0, 386.0)(199.0, 205.0);GATE
Port:(272.0, 215.0)(276.0, 215.0)(276.0, 284.0)(272.0, 284.0);SD
Module:M9
Boundary:(214.0, 20.0)(214.0, 131.5)(125.7, 131.5)(125.7, 165.0)(20.0, 165.0)(20.0, 20.0);GATE
Port:(20.0, 34.5)(30.0, 34.5)(30.0, 150.5)(20.0, 150.5);SD
Port:(214.0, 20.0)(214.0, 131.5)(125.7, 131.5)(125.7, 165.0)(35.0, 165.0)(35.0, 20.0);GATE
Port:(205.0, 30.0)(209.0, 30.0)(209.0, 117.0)(205.0, 117.0);SD
Module:M5
Boundary:(109.0, 336.0)(109.0, 409.0)(20.0, 409.0)(20.0, 336.0);GATE
Port:(20.0, 350.5)(30.0, 350.5)(30.0, 394.5)(20.0, 394.5);SD
Port:(109.0, 336.0)(109.0, 409.0)(35.0, 409.0)(35.0, 336.0);GATE
Port:(100.0, 346.0)(104.0, 346.0)(104.0, 399.0)(100.0, 399.0);SD
Module:M11
Boundary:(150.0, 1372.0)(150.0, 1448.0)(142.0, 1448.0)(142.0, 1463.0)(20.0, 1463.0)(20.0, 1372.0);GATE
Port:(20.0, 1386.5)(30.0, 1386.5)(30.0, 1448.5)(20.0, 1448.5);SD
Port:(150.0, 1372.0)(150.0, 1448.0)(142.0, 1448.0)(142.0, 1463.0)(35.0, 1463.0)(35.0, 1372.0);GATE
Port:(141.0, 1382.0)(145.0, 1382.0)(145.0, 1433.0)(141.0, 1433.0);SD
Module:M1
Boundary:(144.0, 205.0)(144.0, 281.0)(136.0, 281.0)(136.0, 296.0)(20.0, 296.0)(20.0, 205.0);GATE
Port:(20.0, 219.5)(30.0, 219.5)(30.0, 281.5)(20.0, 281.5);SD
Port:(144.0, 205.0)(144.0, 281.0)(136.0, 281.0)(136.0, 296.0)(35.0, 296.0)(35.0, 205.0);GATE
Port:(135.0, 215.0)(139.0, 215.0)(139.0, 266.0)(135.0, 266.0);SD
Module:M24
Boundary:(212.0, 557.0)(288.0, 557.0)(288.0, 565.0)(303.0, 565.0)(303.0, 678.0)(212.0, 678.0);GATE
Port:(226.5, 668.0)(288.5, 668.0)(288.5, 678.0)(226.5, 678.0);SD
Port:(212.0, 557.0)(288.0, 557.0)(288.0, 565.0)(303.0, 565.0)(303.0, 663.0)(212.0, 663.0);GATE
Port:(222.0, 562.0)(273.0, 562.0)(273.0, 566.0)(222.0, 566.0);SD
Module:M19
Boundary:(323.0, 1036.0)(323.0, 1165.5)(309.0, 1165.5)(309.0, 1181.0)(217.0, 1181.0)(217.0, 1036.0);GATE
Port:(217.0, 1050.5)(227.0, 1050.5)(227.0, 1166.5)(217.0, 1166.5);SD
Port:(323.0, 1036.0)(323.0, 1165.5)(309.0, 1165.5)(309.0, 1181.0)(232.0, 1181.0)(232.0, 1036.0);GATE
Port:(314.0, 1046.0)(318.0, 1046.0)(318.0, 1151.0)(314.0, 1151.0);SD
Module:M6
Boundary:(463.0, 820.0)(463.0, 949.5)(449.0, 949.5)(449.0, 965.0)(349.0, 965.0)(349.0, 820.0);GATE
Port:(349.0, 834.5)(359.0, 834.5)(359.0, 950.5)(349.0, 950.5);SD
Port:(463.0, 820.0)(463.0, 949.5)(449.0, 949.5)(449.0, 965.0)(364.0, 965.0)(364.0, 820.0);GATE
Port:(454.0, 830.0)(458.0, 830.0)(458.0, 935.0)(454.0, 935.0);SD
Module:M21
Boundary:(343.0, 658.0)(436.5, 658.0)(436.5, 709.2)(470.0, 709.2)(470.0, 780.0)(343.0, 780.0);GATE
Port:(357.5, 770.0)(455.5, 770.0)(455.5, 780.0)(357.5, 780.0);SD
Port:(343.0, 658.0)(436.5, 658.0)(436.5, 709.2)(470.0, 709.2)(470.0, 765.0)(343.0, 765.0);GATE
Port:(353.0, 663.0)(422.0, 663.0)(422.0, 667.0)(353.0, 667.0);SD
Module:M2
Boundary:(363.0, 1005.0)(456.5, 1005.0)(456.5, 1015.0)(472.0, 1015.0)(472.0, 1162.0)(363.0, 1162.0);GATE
Port:(377.5, 1152.0)(457.5, 1152.0)(457.5, 1162.0)(377.5, 1162.0);SD
Port:(363.0, 1005.0)(456.5, 1005.0)(456.5, 1015.0)(472.0, 1015.0)(472.0, 1147.0)(363.0, 1147.0);GATE
Port:(373.0, 1010.0)(442.0, 1010.0)(442.0, 1014.0)(373.0, 1014.0);SD
Module:M16
Boundary:(172.0, 688.0)(172.0, 817.5)(60.0, 817.5)(60.0, 995.0)(20.0, 995.0)(20.0, 688.0);GATE
Port:(20.0, 702.5)(30.0, 702.5)(30.0, 980.5)(20.0, 980.5);SD
Port:(172.0, 688.0)(172.0, 817.5)(60.0, 817.5)(60.0, 995.0)(35.0, 995.0)(35.0, 688.0);GATE
Port:(163.0, 698.0)(167.0, 698.0)(167.0, 803.0)(163.0, 803.0);SD
Module:M13
Boundary:(212.0, 718.0)(288.0, 718.0)(288.0, 726.0)(303.0, 726.0)(303.0, 865.0)(212.0, 865.0);GATE
Port:(226.5, 855.0)(288.5, 855.0)(288.5, 865.0)(226.5, 865.0);SD
Port:(212.0, 718.0)(288.0, 718.0)(288.0, 726.0)(303.0, 726.0)(303.0, 850.0)(212.0, 850.0);GATE
Port:(222.0, 723.0)(273.0, 723.0)(273.0, 727.0)(222.0, 727.0);SD
Module:M10
Boundary:(190.0, 1388.0)(266.0, 1388.0)(266.0, 1396.0)(281.0, 1396.0)(281.0, 1463.0)(190.0, 1463.0);GATE
Port:(204.5, 1453.0)(266.5, 1453.0)(266.5, 1463.0)(204.5, 1463.0);SD
Port:(190.0, 1388.0)(266.0, 1388.0)(266.0, 1396.0)(281.0, 1396.0)(281.0, 1448.0)(190.0, 1448.0);GATE
Port:(200.0, 1393.0)(251.0, 1393.0)(251.0, 1397.0)(200.0, 1397.0);SD
Module:M7
Boundary:(177.0, 1036.0)(177.0, 1165.5)(128.0, 1165.5)(128.0, 1217.0)(20.0, 1217.0)(20.0, 1036.0);GATE
Port:(20.0, 1050.5)(30.0, 1050.5)(30.0, 1202.5)(20.0, 1202.5);SD
Port:(177.0, 1036.0)(177.0, 1165.5)(128.0, 1165.5)(128.0, 1217.0)(35.0, 1217.0)(35.0, 1036.0);GATE
Port:(168.0, 1046.0)(172.0, 1046.0)(172.0, 1151.0)(168.0, 1151.0);SD
Module:M3
Boundary:(285.0, 426.0)(285.0, 502.0)(277.0, 502.0)(277.0, 517.0)(206.0, 517.0)(206.0, 426.0);GATE
Port:(206.0, 440.5)(216.0, 440.5)(216.0, 502.5)(206.0, 502.5);SD
Port:(285.0, 426.0)(285.0, 502.0)(277.0, 502.0)(277.0, 517.0)(221.0, 517.0)(221.0, 426.0);GATE
Port:(276.0, 436.0)(280.0, 436.0)(280.0, 487.0)(276.0, 487.0);SD
Module:M23
Boundary:(20.0, 1257.0)(167.5, 1257.0)(167.5, 1273.0)(183.0, 1273.0)(183.0, 1332.0)(20.0, 1332.0);GATE
Port:(34.5, 1322.0)(168.5, 1322.0)(168.5, 1332.0)(34.5, 1332.0);SD
Port:(20.0, 1257.0)(167.5, 1257.0)(167.5, 1273.0)(183.0, 1273.0)(183.0, 1317.0)(20.0, 1317.0);GATE
Port:(30.0, 1262.0)(153.0, 1262.0)(153.0, 1266.0)(30.0, 1266.0);SD
Module:M18
Boundary:(309.0, 905.0)(309.0, 981.0)(301.0, 981.0)(301.0, 996.0)(212.0, 996.0)(212.0, 905.0);GATE
Port:(212.0, 919.5)(222.0, 919.5)(222.0, 981.5)(212.0, 981.5);SD
Port:(309.0, 905.0)(309.0, 981.0)(301.0, 981.0)(301.0, 996.0)(227.0, 996.0)(227.0, 905.0);GATE
Port:(300.0, 915.0)(304.0, 915.0)(304.0, 966.0)(300.0, 966.0);SD
Module:M20
Boundary:(360.0, 1221.0)(360.0, 1332.5)(343.0, 1332.5)(343.0, 1348.0)(223.0, 1348.0)(223.0, 1221.0);GATE
Port:(223.0, 1235.5)(233.0, 1235.5)(233.0, 1333.5)(223.0, 1333.5);SD
Port:(360.0, 1221.0)(360.0, 1332.5)(343.0, 1332.5)(343.0, 1348.0)(238.0, 1348.0)(238.0, 1221.0);GATE
Port:(351.0, 1231.0)(355.0, 1231.0)(355.0, 1318.0)(351.0, 1318.0);SD
Module:M15
Boundary:(445.0, 1388.0)(445.0, 1461.0)(321.0, 1461.0)(321.0, 1388.0);GATE
Port:(321.0, 1402.5)(331.0, 1402.5)(331.0, 1446.5)(321.0, 1446.5);SD
Port:(445.0, 1388.0)(445.0, 1461.0)(336.0, 1461.0)(336.0, 1388.0);GATE
Port:(436.0, 1398.0)(440.0, 1398.0)(440.0, 1451.0)(436.0, 1451.0);SD
Module:M12
Boundary:(166.0, 449.0)(166.0, 542.5)(124.5, 542.5)(124.5, 648.0)(20.0, 648.0)(20.0, 449.0);GATE
Port:(20.0, 463.5)(30.0, 463.5)(30.0, 633.5)(20.0, 633.5);SD
Port:(166.0, 449.0)(166.0, 542.5)(124.5, 542.5)(124.5, 648.0)(35.0, 648.0)(35.0, 449.0);GATE
Port:(157.0, 459.0)(161.0, 459.0)(161.0, 528.0)(157.0, 528.0);SD
Module:M8
Boundary:(464.0, 336.0)(464.0, 483.5)(448.0, 483.5)(448.0, 499.0)(325.0, 499.0)(325.0, 336.0);GATE
Port:(325.0, 350.5)(335.0, 350.5)(335.0, 484.5)(325.0, 484.5);SD
Port:(464.0, 336.0)(464.0, 483.5)(448.0, 483.5)(448.0, 499.0)(340.0, 499.0)(340.0, 336.0);GATE
Port:(455.0, 346.0)(459.0, 346.0)(459.0, 469.0)(455.0, 469.0);SD
Module:M4
Boundary:(343.0, 539.0)(454.5, 539.0)(454.5, 555.0)(470.0, 555.0)(470.0, 618.0)(343.0, 618.0);GATE
Port:(357.5, 608.0)(455.5, 608.0)(455.5, 618.0)(357.5, 618.0);SD
Port:(343.0, 539.0)(454.5, 539.0)(454.5, 555.0)(470.0, 555.0)(470.0, 603.0)(343.0, 603.0);GATE
Port:(353.0, 544.0)(440.0, 544.0)(440.0, 548.0)(353.0, 548.0);SD
Module:M25
Boundary:(472.0, 1202.0)(472.0, 1295.5)(440.6, 1295.5)(440.6, 1347.0)(400.0, 1347.0)(400.0, 1202.0);GATE
Port:(400.0, 1216.5)(410.0, 1216.5)(410.0, 1332.5)(400.0, 1332.5);SD
Port:(472.0, 1202.0)(472.0, 1295.5)(440.6, 1295.5)(440.6, 1347.0)(415.0, 1347.0)(415.0, 1202.0);GATE
Port:(463.0, 1212.0)(467.0, 1212.0)(467.0, 1281.0)(463.0, 1281.0);SD
Module:M22
Boundary:(467.0, 133.0)(467.0, 280.5)(451.0, 280.5)(451.0, 296.0)(321.0, 296.0)(321.0, 133.0);GATE
Port:(321.0, 147.5)(331.0, 147.5)(331.0, 281.5)(321.0, 281.5);SD
Port:(467.0, 133.0)(467.0, 280.5)(451.0, 280.5)(451.0, 296.0)(336.0, 296.0)(336.0, 133.0);GATE
Port:(458.0, 143.0)(462.0, 143.0)(462.0, 266.0)(458.0, 266.0);SD
Module:M17
Boundary:(433.0, 20.0)(433.0, 93.0)(254.0, 93.0)(254.0, 20.0);GATE
Port:(254.0, 34.5)(264.0, 34.5)(264.0, 78.5)(254.0, 78.5);SD
Port:(433.0, 20.0)(433.0, 93.0)(269.0, 93.0)(269.0, 20.0);GATE
Port:(424.0, 30.0)(428.0, 30.0)(428.0, 83.0)(424.0, 83.0);SD
