Area:(-20.0, -20.0)(288.8, -20.0)(288.8, 450.6)(-20.0, 450.6)
Rule:GATE(5,5);SD(5,5);GATE_SD(0.5);GATE_ITO(0.5);SD_ITO(0.5)
Module:M5
Boundary:(20.0, 20.0)(97.7, 20.0)(97.7, 145.0)(20.0, 145.0);GATE
Port:(32.5, 140.3)(85.2, 140.3)(85.2, 145.0)(32.5, 145.0);SD
Port:(20.0, 20.0)(97.7, 20.0)(97.7, 138.3)(20.0, 138.3);GATE
Port:(25.4, 24.4)(92.3, 24.4)(92.3, 30.6)(25.4, 30.6);SD
Module:M1
Boundary:(137.4, 310.7)(137.4, 394.2)(137.2, 394.2)(137.2, 410.6)(20.0, 410.6)(20.0, 310.7);GATE
Port:(20.0, 324.1)(25.6, 324.1)(25.6, 397.2)(20.0, 397.2);SD
Port:(137.4, 310.7)(137.4, 394.2)(137.2, 394.2)(137.2, 410.6)(28.3, 410.6)(28.3, 310.7);GATE
Port:(126.4, 316.5)(132.6, 316.5)(132.6, 388.4)(126.4, 388.4);SD
Module:M2
Boundary:(137.7, 20.0)(225.4, 20.0)(225.4, 101.7)(242.2, 101.7)(242.2, 207.7)(137.7, 207.7);GATE
Port:(150.6, 202.4)(229.3, 202.4)(229.3, 207.7)(150.6, 207.7);SD
Port:(137.7, 20.0)(225.4, 20.0)(225.4, 101.7)(242.2, 101.7)(242.2, 201.1)(137.7, 201.1);GATE
Port:(143.4, 24.7)(218.7, 24.7)(218.7, 29.6)(143.4, 29.6);SD
Module:M3
Boundary:(177.4, 247.7)(248.8, 247.7)(248.8, 376.8)(177.4, 376.8);GATE
Port:(189.8, 371.1)(236.4, 371.1)(236.4, 376.8)(189.8, 376.8);SD
Port:(177.4, 247.7)(248.8, 247.7)(248.8, 369.0)(177.4, 369.0);GATE
Port:(184.4, 253.7)(241.8, 253.7)(241.8, 258.4)(184.4, 258.4);SD
Module:M4
Boundary:(20.0, 185.0)(67.9, 185.0)(67.9, 197.4)(82.3, 197.4)(82.3, 270.7)(20.0, 270.7);GATE
Port:(32.1, 265.6)(70.2, 265.6)(70.2, 270.7)(32.1, 270.7);SD
Port:(20.0, 185.0)(67.9, 185.0)(67.9, 197.4)(82.3, 197.4)(82.3, 263.4)(20.0, 263.4);GATE
Port:(25.2, 189.2)(61.7, 189.2)(61.7, 195.1)(25.2, 195.1);SD
