Area:(-20.0, -20.0)(642.6, -20.0)(642.6, 1864.0)(-20.0, 1864.0)
Rule:GATE(5,5);SD(5,5);GATE_SD(0.5);GATE_ITO(0.5);SD_ITO(0.5)
Module:M14
Boundary:(460.7, 1486.9)(460.7, 1557.0)(442.5, 1557.0)(442.5, 1573.6)(253.4, 1573.6)(253.4, 1486.9);GATE
Port:(253.4, 1500.0)(258.0, 1500.0)(258.0, 1560.5)(253.4, 1560.5);SD
Port:(460.7, 1486.9)(460.7, 1557.0)(442.5, 1557.0)(442.5, 1573.6)(259.8, 1573.6)(259.8, 1486.9);GATE
Port:(450.6, 1492.1)(456.5, 1492.1)(456.5, 1550.8)(450.6, 1550.8);SD
Module:M9
Boundary:(20.0, 826.6)(73.9, 826.6)(73.9, 826.8)(90.9, 826.8)(90.9, 974.9)(20.0, 974.9);GATE
Port:(34.6, 970.6)(76.3, 970.6)(76.3, 974.9)(34.6, 974.9);SD
Port:(20.0, 826.6)(73.9, 826.6)(73.9, 826.8)(90.9, 826.8)(90.9, 968.0)(20.0, 968.0);GATE
Port:(25.8, 831.4)(68.1, 831.4)(68.1, 838.7)(25.8, 838.7);SD
Module:M5
Boundary:(458.7, 186.3)(458.7, 229.7)(458.5, 229.7)(458.5, 243.0)(262.2, 243.0)(262.2, 186.3);GATE
Port:(262.2, 198.1)(268.0, 198.1)(268.0, 231.2)(262.2, 231.2);SD
Port:(458.7, 186.3)(458.7, 229.7)(458.5, 229.7)(458.5, 243.0)(270.7, 243.0)(270.7, 186.3);GATE
Port:(448.5, 192.1)(453.9, 192.1)(453.9, 223.9)(448.5, 223.9);SD
Module:M11
Boundary:(341.3, 427.7)(341.3, 499.9)(341.2, 499.9)(341.2, 513.9)(208.2, 513.9)(208.2, 427.7);GATE
Port:(208.2, 438.8)(213.4, 438.8)(213.4, 502.8)(208.2, 502.8);SD
Port:(341.3, 427.7)(341.3, 499.9)(341.2, 499.9)(341.2, 513.9)(215.7, 513.9)(215.7, 427.7);GATE
Port:(331.7, 432.9)(337.1, 432.9)(337.1, 494.7)(331.7, 494.7);SD
Module:M1
Boundary:(243.1, 1708.7)(349.7, 1708.7)(349.7, 1821.1)(243.1, 1821.1);GATE
Port:(258.1, 1816.9)(334.7, 1816.9)(334.7, 1821.1)(258.1, 1821.1);SD
Port:(243.1, 1708.7)(349.7, 1708.7)(349.7, 1814.8)(243.1, 1814.8);GATE
Port:(250.1, 1714.7)(342.7, 1714.7)(342.7, 1720.4)(250.1, 1720.4);SD
Module:M43
Boundary:(447.0, 699.0)(447.0, 789.4)(262.7, 789.4)(262.7, 699.0);GATE
Port:(262.7, 711.6)(267.8, 711.6)(267.8, 776.8)(262.7, 776.8);SD
Port:(447.0, 699.0)(447.0, 789.4)(270.7, 789.4)(270.7, 699.0);GATE
Port:(436.1, 704.1)(442.9, 704.1)(442.9, 784.3)(436.1, 784.3);SD
Module:M38
Boundary:(499.4, 1615.1)(586.8, 1615.1)(586.8, 1702.7)(602.6, 1702.7)(602.6, 1814.9)(499.4, 1814.9);GATE
Port:(513.9, 1810.3)(588.1, 1810.3)(588.1, 1814.9)(513.9, 1814.9);SD
Port:(499.4, 1615.1)(586.8, 1615.1)(586.8, 1702.7)(602.6, 1702.7)(602.6, 1808.1)(499.4, 1808.1);GATE
Port:(505.8, 1620.5)(579.4, 1620.5)(579.4, 1626.6)(505.8, 1626.6);SD
Module:M40
Boundary:(413.3, 433.7)(475.5, 433.7)(475.5, 447.8)(489.1, 447.8)(489.1, 502.9)(413.3, 502.9);GATE
Port:(426.1, 498.3)(476.3, 498.3)(476.3, 502.9)(426.1, 502.9);SD
Port:(413.3, 433.7)(475.5, 433.7)(475.5, 447.8)(489.1, 447.8)(489.1, 496.7)(413.3, 496.7);GATE
Port:(418.5, 437.9)(469.3, 437.9)(469.3, 444.5)(418.5, 444.5);SD
Module:M35
Boundary:(353.3, 1205.9)(353.3, 1309.9)(261.2, 1309.9)(261.2, 1205.9);GATE
Port:(261.2, 1218.5)(265.8, 1218.5)(265.8, 1297.3)(261.2, 1297.3);SD
Port:(353.3, 1205.9)(353.3, 1309.9)(267.3, 1309.9)(267.3, 1205.9);GATE
Port:(343.1, 1212.1)(348.1, 1212.1)(348.1, 1303.7)(343.1, 1303.7);SD
Module:M32
Boundary:(353.3, 293.0)(353.3, 377.7)(260.2, 377.7)(260.2, 293.0);GATE
Port:(260.2, 306.8)(264.3, 306.8)(264.3, 363.9)(260.2, 363.9);SD
Port:(353.3, 293.0)(353.3, 377.7)(265.8, 377.7)(265.8, 293.0);GATE
Port:(342.2, 299.6)(347.7, 299.6)(347.7, 371.1)(342.2, 371.1);SD
Module:M27
Boundary:(352.2, 1103.9)(352.2, 1151.9)(352.0, 1151.9)(352.0, 1165.9)(261.2, 1165.9)(261.2, 1103.9);GATE
Port:(261.2, 1117.9)(266.4, 1117.9)(266.4, 1151.9)(261.2, 1151.9);SD
Port:(352.2, 1103.9)(352.2, 1151.9)(352.0, 1151.9)(352.0, 1165.9)(268.4, 1165.9)(268.4, 1103.9);GATE
Port:(340.4, 1110.2)(346.9, 1110.2)(346.9, 1145.6)(340.4, 1145.6);SD
Module:M24
Boundary:(346.0, 553.9)(346.0, 645.7)(273.0, 645.7)(273.0, 659.0)(200.0, 659.0)(200.0, 553.9);GATE
Port:(200.0, 567.6)(204.0, 567.6)(204.0, 645.3)(200.0, 645.3);SD
Port:(346.0, 553.9)(346.0, 645.7)(273.0, 645.7)(273.0, 659.0)(205.7, 659.0)(205.7, 553.9);GATE
Port:(333.9, 559.8)(341.1, 559.8)(341.1, 638.8)(333.9, 638.8);SD
Module:M19
Boundary:(591.4, 1008.8)(591.4, 1093.7)(591.3, 1093.7)(591.3, 1109.8)(411.2, 1109.8)(411.2, 1008.8);GATE
Port:(411.2, 1023.9)(415.3, 1023.9)(415.3, 1094.7)(411.2, 1094.7);SD
Port:(591.4, 1008.8)(591.4, 1093.7)(591.3, 1093.7)(591.3, 1109.8)(417.9, 1109.8)(417.9, 1008.8);GATE
Port:(579.2, 1015.6)(585.6, 1015.6)(585.6, 1086.9)(579.2, 1086.9);SD
Module:M6
Boundary:(498.7, 151.0)(585.8, 151.0)(585.8, 212.6)(602.3, 212.6)(602.3, 279.3)(498.7, 279.3);GATE
Port:(512.0, 273.6)(589.0, 273.6)(589.0, 279.3)(512.0, 279.3);SD
Port:(498.7, 151.0)(585.8, 151.0)(585.8, 212.6)(602.3, 212.6)(602.3, 270.9)(498.7, 270.9);GATE
Port:(503.8, 155.1)(579.7, 155.1)(579.7, 161.1)(503.8, 161.1);SD
Module:M21
Boundary:(495.0, 572.4)(600.8, 572.4)(600.8, 754.8)(495.0, 754.8);GATE
Port:(510.2, 749.0)(585.6, 749.0)(585.6, 754.8)(510.2, 754.8);SD
Port:(495.0, 572.4)(600.8, 572.4)(600.8, 747.3)(495.0, 747.3);GATE
Port:(501.3, 577.7)(594.5, 577.7)(594.5, 584.3)(501.3, 584.3);SD
Module:M2
Boundary:(601.9, 1159.8)(601.9, 1242.8)(583.6, 1242.8)(583.6, 1257.7)(393.3, 1257.7)(393.3, 1159.8);GATE
Port:(393.3, 1173.7)(397.8, 1173.7)(397.8, 1243.8)(393.3, 1243.8);SD
Port:(601.9, 1159.8)(601.9, 1242.8)(583.6, 1242.8)(583.6, 1257.7)(399.7, 1257.7)(399.7, 1159.8);GATE
Port:(590.7, 1166.1)(596.6, 1166.1)(596.6, 1235.5)(590.7, 1235.5);SD
Module:M16
Boundary:(206.7, 1499.2)(206.7, 1549.6)(141.7, 1549.6)(141.7, 1564.0)(20.0, 1564.0)(20.0, 1499.2);GATE
Port:(20.0, 1512.3)(24.0, 1512.3)(24.0, 1550.9)(20.0, 1550.9);SD
Port:(206.7, 1499.2)(206.7, 1549.6)(141.7, 1549.6)(141.7, 1564.0)(26.7, 1564.0)(26.7, 1499.2);GATE
Port:(195.5, 1504.8)(202.1, 1504.8)(202.1, 1543.0)(195.5, 1543.0);SD
Module:M13
Boundary:(500.7, 1429.7)(600.1, 1429.7)(600.1, 1575.1)(500.7, 1575.1);GATE
Port:(514.3, 1569.4)(586.5, 1569.4)(586.5, 1575.1)(514.3, 1575.1);SD
Port:(500.7, 1429.7)(600.1, 1429.7)(600.1, 1567.7)(500.7, 1567.7);GATE
Port:(507.0, 1435.0)(593.8, 1435.0)(593.8, 1440.0)(507.0, 1440.0);SD
Module:M45
Boundary:(600.8, 20.0)(600.8, 111.0)(468.5, 111.0)(468.5, 20.0);GATE
Port:(468.5, 34.8)(472.7, 34.8)(472.7, 96.2)(468.5, 96.2);SD
Port:(600.8, 20.0)(600.8, 111.0)(475.5, 111.0)(475.5, 20.0);GATE
Port:(587.7, 26.9)(594.9, 26.9)(594.9, 104.1)(587.7, 104.1);SD
Module:M10
Boundary:(401.2, 829.4)(449.8, 829.4)(449.8, 840.2)(464.4, 840.2)(464.4, 958.8)(401.2, 958.8);GATE
Port:(413.8, 954.5)(451.8, 954.5)(451.8, 958.8)(413.8, 958.8);SD
Port:(401.2, 829.4)(449.8, 829.4)(449.8, 840.2)(464.4, 840.2)(464.4, 952.3)(401.2, 952.3);GATE
Port:(407.6, 834.8)(442.4, 834.8)(442.4, 839.2)(407.6, 839.2);SD
Module:M42
Boundary:(500.7, 1297.7)(575.9, 1297.7)(575.9, 1331.9)(592.9, 1331.9)(592.9, 1389.7)(500.7, 1389.7);GATE
Port:(516.3, 1385.2)(577.3, 1385.2)(577.3, 1389.7)(516.3, 1389.7);SD
Port:(500.7, 1297.7)(575.9, 1297.7)(575.9, 1331.9)(592.9, 1331.9)(592.9, 1384.2)(500.7, 1384.2);GATE
Port:(507.6, 1303.6)(568.0, 1303.6)(568.0, 1309.9)(507.6, 1309.9);SD
Module:M37
Boundary:(460.3, 1349.9)(460.3, 1446.9)(257.6, 1446.9)(257.6, 1349.9);GATE
Port:(257.6, 1363.5)(262.8, 1363.5)(262.8, 1433.3)(257.6, 1433.3);SD
Port:(460.3, 1349.9)(460.3, 1446.9)(265.0, 1446.9)(265.0, 1349.9);GATE
Port:(449.4, 1356.5)(454.7, 1356.5)(454.7, 1440.3)(449.4, 1440.3);SD
Module:M34
Boundary:(217.6, 1264.2)(217.6, 1329.5)(180.4, 1329.5)(180.4, 1343.6)(130.8, 1343.6)(130.8, 1264.2);GATE
Port:(130.8, 1278.0)(136.1, 1278.0)(136.1, 1329.8)(130.8, 1329.8);SD
Port:(217.6, 1264.2)(217.6, 1329.5)(180.4, 1329.5)(180.4, 1343.6)(137.4, 1343.6)(137.4, 1264.2);GATE
Port:(205.8, 1271.1)(211.7, 1271.1)(211.7, 1321.6)(205.8, 1321.6);SD
Module:M29
Boundary:(203.1, 1732.1)(203.1, 1824.0)(20.0, 1824.0)(20.0, 1732.1);GATE
Port:(20.0, 1744.9)(25.8, 1744.9)(25.8, 1811.2)(20.0, 1811.2);SD
Port:(203.1, 1732.1)(203.1, 1824.0)(27.7, 1824.0)(27.7, 1732.1);GATE
Port:(192.2, 1738.8)(197.4, 1738.8)(197.4, 1817.3)(192.2, 1817.3);SD
Module:M7
Boundary:(130.9, 1103.9)(204.1, 1103.9)(204.1, 1104.0)(221.2, 1104.0)(221.2, 1224.2)(130.9, 1224.2);GATE
Port:(147.1, 1219.3)(205.0, 1219.3)(205.0, 1224.2)(147.1, 1224.2);SD
Port:(130.9, 1103.9)(204.1, 1103.9)(204.1, 1104.0)(221.2, 1104.0)(221.2, 1216.6)(130.9, 1216.6);GATE
Port:(137.9, 1109.9)(197.1, 1109.9)(197.1, 1116.8)(137.9, 1116.8);SD
Module:M31
Boundary:(499.4, 319.3)(499.4, 383.7)(403.3, 383.7)(403.3, 319.3);GATE
Port:(403.3, 332.5)(407.4, 332.5)(407.4, 370.5)(403.3, 370.5);SD
Port:(499.4, 319.3)(499.4, 383.7)(408.8, 383.7)(408.8, 319.3);GATE
Port:(488.3, 325.2)(494.5, 325.2)(494.5, 377.8)(488.3, 377.8);SD
Module:M3
Boundary:(222.7, 710.1)(222.7, 768.0)(222.7, 768.0)(222.7, 786.6)(20.0, 786.6)(20.0, 710.1);GATE
Port:(20.0, 726.0)(24.6, 726.0)(24.6, 770.7)(20.0, 770.7);SD
Port:(222.7, 710.1)(222.7, 768.0)(222.7, 768.0)(222.7, 786.6)(26.4, 786.6)(26.4, 710.1);GATE
Port:(210.0, 716.5)(217.3, 716.5)(217.3, 761.6)(210.0, 761.6);SD
Module:M26
Boundary:(351.2, 839.4)(351.2, 900.2)(140.9, 900.2)(140.9, 839.4);GATE
Port:(140.9, 852.0)(145.5, 852.0)(145.5, 887.6)(140.9, 887.6);SD
Port:(351.2, 839.4)(351.2, 900.2)(148.3, 900.2)(148.3, 839.4);GATE
Port:(341.3, 846.2)(345.4, 846.2)(345.4, 893.4)(341.3, 893.4);SD
Module:M23
Boundary:(20.0, 20.0)(86.2, 20.0)(86.2, 20.4)(102.1, 20.4)(102.1, 218.4)(20.0, 218.4);GATE
Port:(33.9, 214.1)(88.2, 214.1)(88.2, 218.4)(33.9, 218.4);SD
Port:(20.0, 20.0)(86.2, 20.0)(86.2, 20.4)(102.1, 20.4)(102.1, 211.2)(20.0, 211.2);GATE
Port:(26.2, 25.2)(80.0, 25.2)(80.0, 31.5)(26.2, 31.5);SD
Module:M18
Boundary:(514.4, 804.8)(570.8, 804.8)(570.8, 861.1)(589.0, 861.1)(589.0, 943.1)(514.4, 943.1);GATE
Port:(528.5, 938.1)(574.9, 938.1)(574.9, 943.1)(528.5, 943.1);SD
Port:(514.4, 804.8)(570.8, 804.8)(570.8, 861.1)(589.0, 861.1)(589.0, 935.2)(514.4, 935.2);GATE
Port:(519.9, 809.3)(564.3, 809.3)(564.3, 815.7)(519.9, 815.7);SD
Module:M20
Boundary:(20.0, 1014.9)(75.1, 1014.9)(75.1, 1028.9)(90.8, 1028.9)(90.8, 1181.2)(20.0, 1181.2);GATE
Port:(35.6, 1175.9)(75.2, 1175.9)(75.2, 1181.2)(35.6, 1181.2);SD
Port:(20.0, 1014.9)(75.1, 1014.9)(75.1, 1028.9)(90.8, 1028.9)(90.8, 1174.7)(20.0, 1174.7);GATE
Port:(27.0, 1020.9)(67.1, 1020.9)(67.1, 1027.7)(27.0, 1027.7);SD
Module:M15
Boundary:(186.9, 1604.0)(186.9, 1692.1)(20.0, 1692.1)(20.0, 1604.0);GATE
Port:(20.0, 1618.9)(24.9, 1618.9)(24.9, 1677.2)(20.0, 1677.2);SD
Port:(186.9, 1604.0)(186.9, 1692.1)(26.5, 1692.1)(26.5, 1604.0);GATE
Port:(174.3, 1610.4)(181.5, 1610.4)(181.5, 1685.7)(174.3, 1685.7);SD
Module:M12
Boundary:(386.0, 552.9)(439.9, 552.9)(439.9, 588.8)(455.0, 588.8)(455.0, 650.8)(386.0, 650.8);GATE
Port:(401.0, 646.8)(440.0, 646.8)(440.0, 650.8)(401.0, 650.8);SD
Port:(386.0, 552.9)(439.9, 552.9)(439.9, 588.8)(455.0, 588.8)(455.0, 644.9)(386.0, 644.9);GATE
Port:(392.2, 558.1)(432.7, 558.1)(432.7, 565.5)(392.2, 565.5);SD
Module:M44
Boundary:(20.0, 1221.2)(66.8, 1221.2)(66.8, 1334.9)(80.6, 1334.9)(80.6, 1433.3)(20.0, 1433.3);GATE
Port:(32.2, 1428.6)(68.4, 1428.6)(68.4, 1433.3)(32.2, 1433.3);SD
Port:(20.0, 1221.2)(66.8, 1221.2)(66.8, 1334.9)(80.6, 1334.9)(80.6, 1427.0)(20.0, 1427.0);GATE
Port:(25.3, 1225.5)(60.5, 1225.5)(60.5, 1231.5)(25.3, 1231.5);SD
Module:M39
Boundary:(418.5, 30.0)(418.5, 136.3)(272.2, 136.3)(272.2, 30.0);GATE
Port:(272.2, 45.5)(277.8, 45.5)(277.8, 120.8)(272.2, 120.8);SD
Port:(418.5, 30.0)(418.5, 136.3)(280.4, 136.3)(280.4, 30.0);GATE
Port:(406.4, 36.7)(412.8, 36.7)(412.8, 129.6)(406.4, 129.6);SD
Module:M8
Boundary:(349.2, 950.2)(349.2, 1049.1)(270.5, 1049.1)(270.5, 1063.9)(130.9, 1063.9)(130.9, 950.2);GATE
Port:(130.9, 964.0)(135.0, 964.0)(135.0, 1050.1)(130.9, 1050.1);SD
Port:(349.2, 950.2)(349.2, 1049.1)(270.5, 1049.1)(270.5, 1063.9)(136.2, 1063.9)(136.2, 950.2);GATE
Port:(338.2, 956.5)(343.9, 956.5)(343.9, 1041.8)(338.2, 1041.8);SD
Module:M41
Boundary:(459.4, 1613.6)(459.4, 1668.7)(246.7, 1668.7)(246.7, 1613.6);GATE
Port:(246.7, 1629.5)(252.3, 1629.5)(252.3, 1652.8)(246.7, 1652.8);SD
Port:(459.4, 1613.6)(459.4, 1668.7)(253.6, 1668.7)(253.6, 1613.6);GATE
Port:(446.8, 1620.6)(453.4, 1620.6)(453.4, 1661.7)(446.8, 1661.7);SD
Module:M4
Boundary:(213.4, 1383.6)(213.4, 1445.9)(164.7, 1445.9)(164.7, 1459.2)(120.6, 1459.2)(120.6, 1383.6);GATE
Port:(120.6, 1396.8)(124.9, 1396.8)(124.9, 1446.0)(120.6, 1446.0);SD
Port:(213.4, 1383.6)(213.4, 1445.9)(164.7, 1445.9)(164.7, 1459.2)(125.9, 1459.2)(125.9, 1383.6);GATE
Port:(202.6, 1390.2)(207.8, 1390.2)(207.8, 1438.3)(202.6, 1438.3);SD
Module:M36
Boundary:(142.1, 20.0)(207.2, 20.0)(207.2, 73.2)(222.2, 73.2)(222.2, 176.0)(142.1, 176.0);GATE
Port:(154.2, 171.3)(210.1, 171.3)(210.1, 176.0)(154.2, 176.0);SD
Port:(142.1, 20.0)(207.2, 20.0)(207.2, 73.2)(222.2, 73.2)(222.2, 170.3)(142.1, 170.3);GATE
Port:(147.8, 24.7)(200.5, 24.7)(200.5, 29.6)(147.8, 29.6);SD
Module:M33
Boundary:(539.4, 319.3)(602.6, 319.3)(602.6, 532.4)(539.4, 532.4);GATE
Port:(552.7, 527.1)(589.3, 527.1)(589.3, 532.4)(552.7, 532.4);SD
Port:(539.4, 319.3)(602.6, 319.3)(602.6, 525.7)(539.4, 525.7);GATE
Port:(545.5, 324.4)(596.5, 324.4)(596.5, 330.3)(545.5, 330.3);SD
Module:M28
Boundary:(389.7, 1708.7)(434.1, 1708.7)(434.1, 1757.9)(445.7, 1757.9)(445.7, 1814.6)(389.7, 1814.6);GATE
Port:(402.0, 1810.4)(433.4, 1810.4)(433.4, 1814.6)(402.0, 1814.6);SD
Port:(389.7, 1708.7)(434.1, 1708.7)(434.1, 1757.9)(445.7, 1757.9)(445.7, 1808.3)(389.7, 1808.3);GATE
Port:(395.6, 1713.6)(427.2, 1713.6)(427.2, 1719.4)(395.6, 1719.4);SD
Module:M30
Boundary:(168.2, 404.3)(168.2, 484.3)(94.9, 484.3)(94.9, 498.8)(20.0, 498.8)(20.0, 404.3);GATE
Port:(20.0, 417.0)(25.9, 417.0)(25.9, 486.1)(20.0, 486.1);SD
Port:(168.2, 404.3)(168.2, 484.3)(94.9, 484.3)(94.9, 498.8)(28.3, 498.8)(28.3, 404.3);GATE
Port:(157.5, 410.4)(163.1, 410.4)(163.1, 477.2)(157.5, 477.2);SD
Module:M25
Boundary:(142.1, 216.0)(193.1, 216.0)(193.1, 216.2)(210.2, 216.2)(210.2, 357.8)(142.1, 357.8);GATE
Port:(155.1, 353.5)(197.2, 353.5)(197.2, 357.8)(155.1, 357.8);SD
Port:(142.1, 216.0)(193.1, 216.0)(193.1, 216.2)(210.2, 216.2)(210.2, 351.6)(142.1, 351.6);GATE
Port:(147.4, 220.3)(187.8, 220.3)(187.8, 226.2)(147.4, 226.2);SD
Module:M22
Boundary:(20.0, 258.4)(81.7, 258.4)(81.7, 300.7)(95.2, 300.7)(95.2, 364.3)(20.0, 364.3);GATE
Port:(32.5, 359.9)(82.7, 359.9)(82.7, 364.3)(32.5, 364.3);SD
Port:(20.0, 258.4)(81.7, 258.4)(81.7, 300.7)(95.2, 300.7)(95.2, 358.6)(20.0, 358.6);GATE
Port:(26.3, 263.7)(74.4, 263.7)(74.4, 268.8)(26.3, 268.8);SD
Module:M17
Boundary:(150.0, 548.8)(150.0, 641.2)(149.5, 641.2)(149.5, 660.1)(30.0, 660.1)(30.0, 548.8);GATE
Port:(30.0, 563.1)(34.3, 563.1)(34.3, 645.8)(30.0, 645.8);SD
Port:(150.0, 548.8)(150.0, 641.2)(149.5, 641.2)(149.5, 660.1)(36.2, 660.1)(36.2, 548.8);GATE
Port:(139.2, 554.2)(145.6, 554.2)(145.6, 635.8)(139.2, 635.8);SD
