Area:(-20.0, -20.0)(480.0, -20.0)(480.0, 1190.0)(-20.0, 1190.0)
Rule:GATE(5,5);SD(5,5);GATE_SD(0.5);GATE_ITO(0.5);SD_ITO(0.5)
Module:M14
Boundary:(30.0, 720.0)(123.5, 720.0)(123.5, 730.0)(139.0, 730.0)(139.0, 842.0)(30.0, 842.0);GATE
Port:(44.5, 832.0)(124.5, 832.0)(124.5, 842.0)(44.5, 842.0);SD
Port:(30.0, 720.0)(123.5, 720.0)(123.5, 730.0)(139.0, 730.0)(139.0, 827.0)(30.0, 827.0);GATE
Port:(40.0, 725.0)(109.0, 725.0)(109.0, 729.0)(40.0, 729.0);SD
Module:M9
Boundary:(252.0, 187.0)(399.5, 187.0)(399.5, 254.7)(433.0, 254.7)(433.0, 336.0)(252.0, 336.0);GATE
Port:(266.5, 326.0)(418.5, 326.0)(418.5, 336.0)(266.5, 336.0);SD
Port:(252.0, 187.0)(399.5, 187.0)(399.5, 254.7)(433.0, 254.7)(433.0, 321.0)(252.0, 321.0);GATE
Port:(262.0, 192.0)(385.0, 192.0)(385.0, 196.0)(262.0, 196.0);SD
Module:M5
Boundary:(208.0, 795.0)(281.0, 795.0)(281.0, 927.0)(208.0, 927.0);GATE
Port:(222.5, 917.0)(266.5, 917.0)(266.5, 927.0)(222.5, 927.0);SD
Port:(208.0, 795.0)(281.0, 795.0)(281.0, 912.0)(208.0, 912.0);GATE
Port:(218.0, 800.0)(271.0, 800.0)(271.0, 804.0)(218.0, 804.0);SD
Module:M11
Boundary:(426.0, 20.0)(426.0, 131.5)(414.0, 131.5)(414.0, 147.0)(351.0, 147.0)(351.0, 20.0);GATE
Port:(351.0, 34.5)(361.0, 34.5)(361.0, 132.5)(351.0, 132.5);SD
Port:(426.0, 20.0)(426.0, 131.5)(414.0, 131.5)(414.0, 147.0)(366.0, 147.0)(366.0, 20.0);GATE
Port:(417.0, 30.0)(421.0, 30.0)(421.0, 117.0)(417.0, 117.0);SD
Module:M1
Boundary:(202.0, 197.0)(202.0, 326.5)(188.0, 326.5)(188.0, 342.0)(30.0, 342.0)(30.0, 197.0);GATE
Port:(30.0, 211.5)(40.0, 211.5)(40.0, 327.5)(30.0, 327.5);SD
Port:(202.0, 197.0)(202.0, 326.5)(188.0, 326.5)(188.0, 342.0)(45.0, 342.0)(45.0, 197.0);GATE
Port:(193.0, 207.0)(197.0, 207.0)(197.0, 312.0)(193.0, 312.0);SD
Module:M6
Boundary:(189.0, 582.0)(265.0, 582.0)(265.0, 590.0)(280.0, 590.0)(280.0, 755.0)(189.0, 755.0);GATE
Port:(203.5, 745.0)(265.5, 745.0)(265.5, 755.0)(203.5, 755.0);SD
Port:(189.0, 582.0)(265.0, 582.0)(265.0, 590.0)(280.0, 590.0)(280.0, 740.0)(189.0, 740.0);GATE
Port:(199.0, 587.0)(250.0, 587.0)(250.0, 591.0)(199.0, 591.0);SD
Module:M2
Boundary:(219.0, 972.0)(312.5, 972.0)(312.5, 1073.0)(418.0, 1073.0)(418.0, 1150.0)(219.0, 1150.0);GATE
Port:(233.5, 1140.0)(403.5, 1140.0)(403.5, 1150.0)(233.5, 1150.0);SD
Port:(219.0, 972.0)(312.5, 972.0)(312.5, 1073.0)(418.0, 1073.0)(418.0, 1135.0)(219.0, 1135.0);GATE
Port:(229.0, 977.0)(298.0, 977.0)(298.0, 981.0)(229.0, 981.0);SD
Module:M16
Boundary:(134.0, 20.0)(134.0, 131.5)(122.0, 131.5)(122.0, 147.0)(20.0, 147.0)(20.0, 20.0);GATE
Port:(20.0, 34.5)(30.0, 34.5)(30.0, 132.5)(20.0, 132.5);SD
Port:(134.0, 20.0)(134.0, 131.5)(122.0, 131.5)(122.0, 147.0)(35.0, 147.0)(35.0, 20.0);GATE
Port:(125.0, 30.0)(129.0, 30.0)(129.0, 117.0)(125.0, 117.0);SD
Module:M13
Boundary:(179.0, 1023.0)(179.0, 1134.5)(167.0, 1134.5)(167.0, 1150.0)(20.0, 1150.0)(20.0, 1023.0);GATE
Port:(20.0, 1037.5)(30.0, 1037.5)(30.0, 1135.5)(20.0, 1135.5);SD
Port:(179.0, 1023.0)(179.0, 1134.5)(167.0, 1134.5)(167.0, 1150.0)(35.0, 1150.0)(35.0, 1023.0);GATE
Port:(170.0, 1033.0)(174.0, 1033.0)(174.0, 1120.0)(170.0, 1120.0);SD
Module:M10
Boundary:(168.0, 892.0)(168.0, 968.0)(160.0, 968.0)(160.0, 983.0)(20.0, 983.0)(20.0, 892.0);GATE
Port:(20.0, 906.5)(30.0, 906.5)(30.0, 968.5)(20.0, 968.5);SD
Port:(168.0, 892.0)(168.0, 968.0)(160.0, 968.0)(160.0, 983.0)(35.0, 983.0)(35.0, 892.0);GATE
Port:(159.0, 902.0)(163.0, 902.0)(163.0, 953.0)(159.0, 953.0);SD
Module:M7
Boundary:(436.0, 609.0)(436.0, 720.5)(424.0, 720.5)(424.0, 736.0)(320.0, 736.0)(320.0, 609.0);GATE
Port:(320.0, 623.5)(330.0, 623.5)(330.0, 721.5)(320.0, 721.5);SD
Port:(436.0, 609.0)(436.0, 720.5)(424.0, 720.5)(424.0, 736.0)(335.0, 736.0)(335.0, 609.0);GATE
Port:(427.0, 619.0)(431.0, 619.0)(431.0, 706.0)(427.0, 706.0);SD
Module:M3
Boundary:(20.0, 392.0)(131.5, 392.0)(131.5, 487.2)(291.0, 487.2)(291.0, 542.0)(20.0, 542.0);GATE
Port:(34.5, 532.0)(276.5, 532.0)(276.5, 542.0)(34.5, 542.0);SD
Port:(20.0, 392.0)(131.5, 392.0)(131.5, 487.2)(291.0, 487.2)(291.0, 527.0)(20.0, 527.0);GATE
Port:(30.0, 397.0)(117.0, 397.0)(117.0, 401.0)(30.0, 401.0);SD
Module:M15
Boundary:(20.0, 582.0)(131.5, 582.0)(131.5, 594.0)(147.0, 594.0)(147.0, 670.0)(20.0, 670.0);GATE
Port:(34.5, 660.0)(132.5, 660.0)(132.5, 670.0)(34.5, 670.0);SD
Port:(20.0, 582.0)(131.5, 582.0)(131.5, 594.0)(147.0, 594.0)(147.0, 655.0)(20.0, 655.0);GATE
Port:(30.0, 587.0)(117.0, 587.0)(117.0, 591.0)(30.0, 591.0);SD
Module:M12
Boundary:(331.0, 376.0)(424.5, 376.0)(424.5, 386.0)(440.0, 386.0)(440.0, 569.0)(331.0, 569.0);GATE
Port:(345.5, 559.0)(425.5, 559.0)(425.5, 569.0)(345.5, 569.0);SD
Port:(331.0, 376.0)(424.5, 376.0)(424.5, 386.0)(440.0, 386.0)(440.0, 554.0)(331.0, 554.0);GATE
Port:(341.0, 381.0)(410.0, 381.0)(410.0, 385.0)(341.0, 385.0);SD
Module:M8
Boundary:(311.0, 20.0)(311.0, 131.5)(299.0, 131.5)(299.0, 147.0)(174.0, 147.0)(174.0, 20.0);GATE
Port:(174.0, 34.5)(184.0, 34.5)(184.0, 132.5)(174.0, 132.5);SD
Port:(311.0, 20.0)(311.0, 131.5)(299.0, 131.5)(299.0, 147.0)(189.0, 147.0)(189.0, 20.0);GATE
Port:(302.0, 30.0)(306.0, 30.0)(306.0, 117.0)(302.0, 117.0);SD
Module:M4
Boundary:(321.0, 776.0)(397.0, 776.0)(397.0, 784.0)(412.0, 784.0)(412.0, 932.0)(321.0, 932.0);GATE
Port:(335.5, 922.0)(397.5, 922.0)(397.5, 932.0)(335.5, 932.0);SD
Port:(321.0, 776.0)(397.0, 776.0)(397.0, 784.0)(412.0, 784.0)(412.0, 917.0)(321.0, 917.0);GATE
Port:(331.0, 781.0)(382.0, 781.0)(382.0, 785.0)(331.0, 785.0);SD
