Area:(-3.8, -8.8)(1552.2, -8.8)(1552.2, 725.2)(-3.8, 725.2)
Rule:GATE(5,5);SD(5,5);GATE_SD(0.5);GATE_ITO(0.5);SD_ITO(0.5)
Module:M9
Boundary:(171.7, 45.1)(171.7, 115.2)(283.3, 115.2)(283.3, 45.1);GATE
Port:(277.4, 59.5)(283.3, 59.5)(283.3, 100.8)(277.4, 100.8);SD
Port:(171.7, 45.1)(171.7, 115.2)(274.6, 115.2)(274.6, 45.1);GATE
Port:(176.5, 50.9)(183.3, 50.9)(183.3, 109.4)(176.5, 109.4);SD
Module:M15
Boundary:(78.9, 31.2)(127.1, 31.2)(127.1, 103.4)(78.9, 103.4);GATE
Port:(91.3, 99.1)(114.7, 99.1)(114.7, 103.4)(91.3, 103.4);SD
Port:(78.9, 31.2)(127.1, 31.2)(127.1, 96.7)(78.9, 96.7);GATE
Port:(85.3, 36.6)(120.7, 36.6)(120.7, 41.5)(85.3, 41.5);SD
Module:M12
Boundary:(293.8, 42.2)(293.8, 115.0)(376.0, 115.0)(376.0, 42.2);GATE
Port:(370.6, 56.8)(376.0, 56.8)(376.0, 100.4)(370.6, 100.4);SD
Port:(293.8, 42.2)(293.8, 115.0)(368.5, 115.0)(368.5, 42.2);GATE
Port:(298.2, 47.6)(305.1, 47.6)(305.1, 109.6)(298.2, 109.6);SD
Module:M1
Boundary:(1131.7, 46.5)(1065.1, 46.5)(1065.1, 143.6)(1131.7, 143.6);GATE
Port:(1078.8, 139.3)(1118.0, 139.3)(1118.0, 143.6)(1078.8, 143.6);SD
Port:(1131.7, 46.5)(1065.1, 46.5)(1065.1, 137.6)(1131.7, 137.6);GATE
Port:(1070.9, 51.3)(1125.9, 51.3)(1125.9, 58.2)(1070.9, 58.2);SD
Module:M19
Boundary:(1146.4, 79.6)(1146.4, 169.9)(1284.6, 169.9)(1284.6, 79.6);GATE
Port:(1279.3, 94.1)(1284.6, 94.1)(1284.6, 155.4)(1279.3, 155.4);SD
Port:(1146.4, 79.6)(1146.4, 169.9)(1276.5, 169.9)(1276.5, 79.6);GATE
Port:(1152.0, 86.2)(1158.2, 86.2)(1158.2, 163.3)(1152.0, 163.3);SD
Module:M18
Boundary:(823.0, 38.1)(748.8, 38.1)(748.8, 52.7)(730.9, 52.7)(730.9, 131.1)(823.0, 131.1);GATE
Port:(744.7, 126.4)(809.2, 126.4)(809.2, 131.1)(744.7, 131.1);SD
Port:(823.0, 38.1)(748.8, 38.1)(748.8, 52.7)(730.9, 52.7)(730.9, 125.2)(823.0, 125.2);GATE
Port:(755.9, 43.2)(816.9, 43.2)(816.9, 48.4)(755.9, 48.4);SD
Module:M28
Boundary:(1033.5, 38.0)(1033.5, 128.9)(949.7, 128.9)(949.7, 142.6)(840.5, 142.6)(840.5, 38.0);GATE
Port:(840.5, 50.2)(845.3, 50.2)(845.3, 130.4)(840.5, 130.4);SD
Port:(1033.5, 38.0)(1033.5, 128.9)(949.7, 128.9)(949.7, 142.6)(847.9, 142.6)(847.9, 38.0);GATE
Port:(1022.9, 43.3)(1029.2, 43.3)(1029.2, 122.6)(1022.9, 122.6);SD
Module:M22
Boundary:(1474.1, 249.2)(1474.1, 160.0)(1436.4, 160.0)(1436.4, 143.2)(1373.0, 143.2)(1373.0, 249.2);GATE
Port:(1373.0, 156.9)(1377.9, 156.9)(1377.9, 235.5)(1373.0, 235.5);SD
Port:(1474.1, 249.2)(1474.1, 160.0)(1436.4, 160.0)(1436.4, 143.2)(1380.7, 143.2)(1380.7, 249.2);GATE
Port:(1463.2, 166.6)(1469.5, 166.6)(1469.5, 243.6)(1463.2, 243.6);SD
Module:M16
Boundary:(717.6, 185.0)(667.9, 185.0)(667.9, 184.7)(652.3, 184.7)(652.3, 53.8)(717.6, 53.8);GATE
Port:(665.6, 53.8)(704.3, 53.8)(704.3, 58.5)(665.6, 58.5);SD
Port:(717.6, 185.0)(667.9, 185.0)(667.9, 184.7)(652.3, 184.7)(652.3, 60.3)(717.6, 60.3);GATE
Port:(674.4, 174.1)(711.1, 174.1)(711.1, 179.5)(674.4, 179.5);SD
Module:M11
Boundary:(648.3, 220.6)(614.5, 220.6)(614.5, 220.5)(598.1, 220.5)(598.1, 58.7)(648.3, 58.7);GATE
Port:(611.2, 58.7)(635.2, 58.7)(635.2, 64.2)(611.2, 64.2);SD
Port:(648.3, 220.6)(614.5, 220.6)(614.5, 220.5)(598.1, 220.5)(598.1, 66.5)(648.3, 66.5);GATE
Port:(620.2, 210.3)(642.6, 210.3)(642.6, 215.9)(620.2, 215.9);SD
Module:M29
Boundary:(522.2, 225.1)(411.4, 225.1)(411.4, 225.1)(393.3, 225.1)(393.3, 59.9)(522.2, 59.9);GATE
Port:(409.0, 59.9)(506.5, 59.9)(506.5, 65.1)(409.0, 65.1);SD
Port:(522.2, 225.1)(411.4, 225.1)(411.4, 225.1)(393.3, 225.1)(393.3, 66.6)(522.2, 66.6);GATE
Port:(418.0, 212.5)(515.6, 212.5)(515.6, 219.5)(418.0, 219.5);SD
Module:M31
Boundary:(68.1, 258.3)(68.1, 189.6)(68.2, 189.6)(68.2, 172.9)(184.1, 172.9)(184.1, 258.3);GATE
Port:(179.5, 186.9)(184.1, 186.9)(184.1, 244.3)(179.5, 244.3);SD
Port:(68.1, 258.3)(68.1, 189.6)(68.2, 189.6)(68.2, 172.9)(176.8, 172.9)(176.8, 258.3);GATE
Port:(73.7, 196.2)(79.4, 196.2)(79.4, 251.7)(73.7, 251.7);SD
Module:M13
Boundary:(889.8, 192.0)(889.8, 240.1)(889.8, 240.1)(889.8, 255.0)(989.9, 255.0)(989.9, 192.0);GATE
Port:(984.1, 205.2)(989.9, 205.2)(989.9, 241.8)(984.1, 241.8);SD
Port:(889.8, 192.0)(889.8, 240.1)(889.8, 240.1)(889.8, 255.0)(983.0, 255.0)(983.0, 192.0);GATE
Port:(895.4, 198.6)(901.3, 198.6)(901.3, 233.5)(895.4, 233.5);SD
Module:M32
Boundary:(246.4, 163.9)(246.4, 252.5)(267.0, 252.5)(267.0, 268.1)(376.0, 268.1)(376.0, 163.9);GATE
Port:(370.6, 178.9)(376.0, 178.9)(376.0, 253.1)(370.6, 253.1);SD
Port:(246.4, 163.9)(246.4, 252.5)(267.0, 252.5)(267.0, 268.1)(368.7, 268.1)(368.7, 163.9);GATE
Port:(252.3, 170.8)(259.0, 170.8)(259.0, 244.6)(252.3, 244.6);SD
Module:M38
Boundary:(1139.0, 272.1)(1022.9, 272.1)(1022.9, 251.3)(1005.2, 251.3)(1005.2, 176.3)(1139.0, 176.3);GATE
Port:(1021.7, 176.3)(1122.5, 176.3)(1122.5, 181.4)(1021.7, 181.4);SD
Port:(1139.0, 272.1)(1022.9, 272.1)(1022.9, 251.3)(1005.2, 251.3)(1005.2, 184.2)(1139.0, 184.2);GATE
Port:(1030.6, 258.8)(1132.3, 258.8)(1132.3, 266.4)(1030.6, 266.4);SD
Module:M34
Boundary:(678.1, 210.7)(678.1, 282.0)(716.7, 282.0)(716.7, 297.8)(770.9, 297.8)(770.9, 210.7);GATE
Port:(765.4, 225.8)(770.9, 225.8)(770.9, 282.7)(765.4, 282.7);SD
Port:(678.1, 210.7)(678.1, 282.0)(716.7, 282.0)(716.7, 297.8)(763.6, 297.8)(763.6, 210.7);GATE
Port:(683.6, 217.2)(690.5, 217.2)(690.5, 274.5)(683.6, 274.5);SD
Module:M27
Boundary:(408.4, 283.2)(408.4, 230.0)(629.5, 230.0)(629.5, 283.2);GATE
Port:(624.7, 244.3)(629.5, 244.3)(629.5, 268.9)(624.7, 268.9);SD
Port:(408.4, 283.2)(408.4, 230.0)(623.0, 230.0)(623.0, 283.2);GATE
Port:(413.3, 235.9)(419.2, 235.9)(419.2, 277.3)(413.3, 277.3);SD
Module:M6
Boundary:(1361.0, 170.3)(1361.0, 265.8)(1345.2, 265.8)(1345.2, 283.8)(1182.7, 283.8)(1182.7, 170.3);GATE
Port:(1182.7, 185.2)(1187.3, 185.2)(1187.3, 268.9)(1182.7, 268.9);SD
Port:(1361.0, 170.3)(1361.0, 265.8)(1345.2, 265.8)(1345.2, 283.8)(1189.9, 283.8)(1189.9, 170.3);GATE
Port:(1349.5, 176.6)(1355.7, 176.6)(1355.7, 258.5)(1349.5, 258.5);SD
Module:M35
Boundary:(165.6, 267.1)(165.6, 300.9)(165.5, 300.9)(165.5, 315.7)(36.2, 315.7)(36.2, 267.1);GATE
Port:(36.2, 280.6)(40.8, 280.6)(40.8, 302.2)(36.2, 302.2);SD
Port:(165.6, 267.1)(165.6, 300.9)(165.5, 300.9)(165.5, 315.7)(43.8, 315.7)(43.8, 267.1);GATE
Port:(153.7, 273.4)(160.3, 273.4)(160.3, 294.6)(153.7, 294.6);SD
Module:M14
Boundary:(1428.0, 453.0)(1497.0, 453.0)(1497.0, 366.6)(1512.2, 366.6)(1512.2, 302.6)(1428.0, 302.6);GATE
Port:(1442.8, 302.6)(1497.4, 302.6)(1497.4, 308.2)(1442.8, 308.2);SD
Port:(1428.0, 453.0)(1497.0, 453.0)(1497.0, 366.6)(1512.2, 366.6)(1512.2, 309.6)(1428.0, 309.6);GATE
Port:(1434.3, 441.1)(1489.7, 441.1)(1489.7, 447.7)(1434.3, 447.7);SD
Module:M33
Boundary:(962.7, 369.6)(890.2, 369.6)(890.2, 369.3)(872.3, 369.3)(872.3, 294.6)(962.7, 294.6);GATE
Port:(887.0, 294.6)(948.0, 294.6)(948.0, 300.1)(887.0, 300.1);SD
Port:(962.7, 369.6)(890.2, 369.6)(890.2, 369.3)(872.3, 369.3)(872.3, 302.7)(962.7, 302.7);GATE
Port:(895.6, 357.9)(957.3, 357.9)(957.3, 365.2)(895.6, 365.2);SD
Module:M41
Boundary:(780.5, 222.1)(853.4, 222.1)(853.4, 222.3)(867.1, 222.3)(867.1, 396.2)(780.5, 396.2);GATE
Port:(793.0, 391.1)(854.6, 391.1)(854.6, 396.2)(793.0, 396.2);SD
Port:(780.5, 222.1)(853.4, 222.1)(853.4, 222.3)(867.1, 222.3)(867.1, 389.6)(780.5, 389.6);GATE
Port:(787.1, 227.7)(846.8, 227.7)(846.8, 232.8)(787.1, 232.8);SD
Module:M10
Boundary:(1167.8, 285.2)(1167.8, 338.6)(1110.9, 338.6)(1110.9, 354.0)(1062.3, 354.0)(1062.3, 285.2);GATE
Port:(1062.3, 300.0)(1066.4, 300.0)(1066.4, 339.2)(1062.3, 339.2);SD
Port:(1167.8, 285.2)(1167.8, 338.6)(1110.9, 338.6)(1110.9, 354.0)(1067.6, 354.0)(1067.6, 285.2);GATE
Port:(1156.0, 291.3)(1162.7, 291.3)(1162.7, 331.5)(1156.0, 331.5);SD
Module:M17
Boundary:(380.3, 334.6)(380.3, 393.0)(380.1, 393.0)(380.1, 406.4)(264.4, 406.4)(264.4, 334.6);GATE
Port:(264.4, 347.1)(270.0, 347.1)(270.0, 393.9)(264.4, 393.9);SD
Port:(380.3, 334.6)(380.3, 393.0)(380.1, 393.0)(380.1, 406.4)(271.0, 406.4)(271.0, 334.6);GATE
Port:(369.6, 341.4)(374.5, 341.4)(374.5, 386.2)(369.6, 386.2);SD
Module:M30
Boundary:(434.0, 412.7)(497.2, 412.7)(497.2, 318.4)(434.0, 318.4);GATE
Port:(445.7, 318.4)(485.5, 318.4)(485.5, 322.5)(445.7, 322.5);SD
Port:(434.0, 412.7)(497.2, 412.7)(497.2, 324.9)(434.0, 324.9);GATE
Port:(440.1, 403.4)(491.1, 403.4)(491.1, 407.6)(440.1, 407.6);SD
Module:M20
Boundary:(177.6, 421.7)(177.6, 362.6)(166.7, 362.6)(166.7, 350.5)(43.5, 350.5)(43.5, 421.7);GATE
Port:(43.5, 363.2)(48.0, 363.2)(48.0, 409.0)(43.5, 409.0);SD
Port:(177.6, 421.7)(177.6, 362.6)(166.7, 362.6)(166.7, 350.5)(50.1, 350.5)(50.1, 421.7);GATE
Port:(166.5, 370.4)(171.8, 370.4)(171.8, 414.9)(166.5, 414.9);SD
Module:M8
Boundary:(1227.5, 323.3)(1227.5, 406.9)(1301.3, 406.9)(1301.3, 420.5)(1375.5, 420.5)(1375.5, 323.3);GATE
Port:(1371.3, 337.6)(1375.5, 337.6)(1375.5, 406.2)(1371.3, 406.2);SD
Port:(1227.5, 323.3)(1227.5, 406.9)(1301.3, 406.9)(1301.3, 420.5)(1369.3, 420.5)(1369.3, 323.3);GATE
Port:(1232.4, 329.2)(1239.3, 329.2)(1239.3, 399.0)(1232.4, 399.0);SD
Module:M5
Boundary:(1482.1, 308.8)(1390.7, 308.8)(1390.7, 309.2)(1375.9, 309.2)(1375.9, 415.7)(1482.1, 415.7);GATE
Port:(1388.3, 410.3)(1469.7, 410.3)(1469.7, 415.7)(1388.3, 415.7);SD
Port:(1482.1, 308.8)(1390.7, 308.8)(1390.7, 309.2)(1375.9, 309.2)(1375.9, 409.2)(1482.1, 409.2);GATE
Port:(1397.0, 314.1)(1475.8, 314.1)(1475.8, 319.1)(1397.0, 319.1);SD
Module:M39
Boundary:(877.7, 499.3)(796.3, 499.3)(796.3, 396.3)(877.7, 396.3);GATE
Port:(809.0, 396.3)(865.0, 396.3)(865.0, 400.9)(809.0, 400.9);SD
Port:(877.7, 499.3)(796.3, 499.3)(796.3, 403.3)(877.7, 403.3);GATE
Port:(801.6, 489.0)(872.4, 489.0)(872.4, 495.0)(801.6, 495.0);SD
Module:M4
Boundary:(780.4, 236.9)(711.4, 236.9)(711.4, 304.2)(696.0, 304.2)(696.0, 430.1)(780.4, 430.1);GATE
Port:(710.6, 425.7)(765.8, 425.7)(765.8, 430.1)(710.6, 430.1);SD
Port:(780.4, 236.9)(711.4, 236.9)(711.4, 304.2)(696.0, 304.2)(696.0, 424.1)(780.4, 424.1);GATE
Port:(718.4, 241.9)(774.4, 241.9)(774.4, 248.6)(718.4, 248.6);SD
Module:M7
Boundary:(479.0, 495.5)(427.4, 495.5)(427.4, 495.3)(410.2, 495.3)(410.2, 422.0)(479.0, 422.0);GATE
Port:(423.5, 422.0)(465.7, 422.0)(465.7, 427.7)(423.5, 427.7);SD
Port:(479.0, 495.5)(427.4, 495.5)(427.4, 495.3)(410.2, 495.3)(410.2, 429.8)(479.0, 429.8);GATE
Port:(434.0, 485.2)(472.4, 485.2)(472.4, 489.9)(434.0, 489.9);SD
Module:M2
Boundary:(878.5, 530.0)(961.7, 530.0)(961.7, 457.3)(976.7, 457.3)(976.7, 382.6)(878.5, 382.6);GATE
Port:(892.3, 382.6)(962.9, 382.6)(962.9, 388.2)(892.3, 388.2);SD
Port:(878.5, 530.0)(961.7, 530.0)(961.7, 457.3)(976.7, 457.3)(976.7, 390.0)(878.5, 390.0);GATE
Port:(884.7, 518.5)(954.5, 518.5)(954.5, 524.8)(884.7, 524.8);SD
Module:M36
Boundary:(359.8, 406.5)(359.8, 492.6)(349.9, 492.6)(349.9, 507.9)(239.8, 507.9)(239.8, 406.5);GATE
Port:(239.8, 420.9)(244.6, 420.9)(244.6, 493.5)(239.8, 493.5);SD
Port:(359.8, 406.5)(359.8, 492.6)(349.9, 492.6)(349.9, 507.9)(246.8, 507.9)(246.8, 406.5);GATE
Port:(347.7, 412.4)(354.9, 412.4)(354.9, 485.7)(347.7, 485.7);SD
Module:M21
Boundary:(1158.4, 516.1)(1054.0, 516.1)(1054.0, 395.0)(1158.4, 395.0);GATE
Port:(1069.0, 395.0)(1143.4, 395.0)(1143.4, 400.0)(1069.0, 400.0);SD
Port:(1158.4, 516.1)(1054.0, 516.1)(1054.0, 401.3)(1158.4, 401.3);GATE
Port:(1061.0, 503.5)(1151.4, 503.5)(1151.4, 510.1)(1061.0, 510.1);SD
Module:M43
Boundary:(67.8, 433.8)(67.8, 513.9)(223.9, 513.9)(223.9, 433.8);GATE
Port:(218.4, 447.2)(223.9, 447.2)(223.9, 500.5)(218.4, 500.5);SD
Port:(67.8, 433.8)(67.8, 513.9)(216.5, 513.9)(216.5, 433.8);GATE
Port:(73.4, 440.4)(79.2, 440.4)(79.2, 507.3)(73.4, 507.3);SD
Module:M40
Boundary:(546.7, 537.2)(652.1, 537.2)(652.1, 500.8)(668.5, 500.8)(668.5, 328.1)(546.7, 328.1);GATE
Port:(560.3, 328.1)(654.9, 328.1)(654.9, 333.9)(560.3, 333.9);SD
Port:(546.7, 537.2)(652.1, 537.2)(652.1, 500.8)(668.5, 500.8)(668.5, 336.3)(546.7, 336.3);GATE
Port:(552.2, 526.3)(645.6, 526.3)(645.6, 532.7)(552.2, 532.7);SD
Module:M3
Boundary:(1386.2, 461.0)(1386.2, 558.3)(1386.2, 558.3)(1386.2, 574.1)(1209.4, 574.1)(1209.4, 461.0);GATE
Port:(1209.4, 474.1)(1214.5, 474.1)(1214.5, 561.0)(1209.4, 561.0);SD
Port:(1386.2, 461.0)(1386.2, 558.3)(1386.2, 558.3)(1386.2, 574.1)(1216.2, 574.1)(1216.2, 461.0);GATE
Port:(1375.2, 467.8)(1380.4, 467.8)(1380.4, 551.5)(1375.2, 551.5);SD
Module:M26
Boundary:(607.4, 607.0)(607.4, 516.4)(642.4, 516.4)(642.4, 502.7)(803.7, 502.7)(803.7, 607.0);GATE
Port:(799.6, 514.7)(803.7, 514.7)(803.7, 595.0)(799.6, 595.0);SD
Port:(607.4, 607.0)(607.4, 516.4)(642.4, 516.4)(642.4, 502.7)(798.2, 502.7)(798.2, 607.0);GATE
Port:(611.6, 522.6)(617.9, 522.6)(617.9, 601.8)(611.6, 601.8);SD
Module:M42
Boundary:(1420.2, 621.5)(1490.9, 621.5)(1490.9, 607.3)(1506.2, 607.3)(1506.2, 457.5)(1420.2, 457.5);GATE
Port:(1434.9, 457.5)(1491.5, 457.5)(1491.5, 461.6)(1434.9, 461.6);SD
Port:(1420.2, 621.5)(1490.9, 621.5)(1490.9, 607.3)(1506.2, 607.3)(1506.2, 464.3)(1420.2, 464.3);GATE
Port:(1426.9, 609.0)(1483.2, 609.0)(1483.2, 615.8)(1426.9, 615.8);SD
Module:M45
Boundary:(485.1, 504.8)(485.1, 593.7)(663.7, 593.7)(663.7, 504.8);GATE
Port:(658.5, 516.7)(663.7, 516.7)(663.7, 581.8)(658.5, 581.8);SD
Port:(485.1, 504.8)(485.1, 593.7)(655.5, 593.7)(655.5, 504.8);GATE
Port:(489.2, 509.9)(494.9, 509.9)(494.9, 588.6)(489.2, 588.6);SD
Module:M25
Boundary:(249.4, 526.4)(249.4, 621.9)(249.7, 621.9)(249.7, 637.9)(415.4, 637.9)(415.4, 526.4);GATE
Port:(409.9, 538.3)(415.4, 538.3)(415.4, 626.0)(409.9, 626.0);SD
Port:(249.4, 526.4)(249.4, 621.9)(249.7, 621.9)(249.7, 637.9)(407.9, 637.9)(407.9, 526.4);GATE
Port:(253.6, 531.6)(259.5, 531.6)(259.5, 616.7)(253.6, 616.7);SD
Module:M24
Boundary:(1118.2, 660.8)(1118.2, 549.1)(980.2, 549.1)(980.2, 660.8);GATE
Port:(980.2, 561.8)(985.7, 561.8)(985.7, 648.1)(980.2, 648.1);SD
Port:(1118.2, 660.8)(1118.2, 549.1)(988.7, 549.1)(988.7, 660.8);GATE
Port:(1108.3, 554.4)(1113.9, 554.4)(1113.9, 655.5)(1108.3, 655.5);SD
Module:M37
Boundary:(890.6, 643.1)(961.0, 643.1)(961.0, 530.1)(890.6, 530.1);GATE
Port:(905.1, 530.1)(946.5, 530.1)(946.5, 535.8)(905.1, 535.8);SD
Port:(890.6, 643.1)(961.0, 643.1)(961.0, 537.2)(890.6, 537.2);GATE
Port:(897.0, 631.8)(954.6, 631.8)(954.6, 637.7)(897.0, 637.7);SD
Module:M23
Boundary:(63.1, 543.4)(63.1, 650.7)(245.3, 650.7)(245.3, 543.4);GATE
Port:(240.2, 555.9)(245.3, 555.9)(245.3, 638.2)(240.2, 638.2);SD
Port:(63.1, 543.4)(63.1, 650.7)(239.0, 650.7)(239.0, 543.4);GATE
Port:(67.2, 548.5)(73.5, 548.5)(73.5, 645.6)(67.2, 645.6);SD
Module:M44
Boundary:(1369.4, 685.2)(1369.4, 614.1)(1170.0, 614.1)(1170.0, 685.2);GATE
Port:(1170.0, 627.7)(1175.6, 627.7)(1175.6, 671.6)(1170.0, 671.6);SD
Port:(1369.4, 685.2)(1369.4, 614.1)(1177.1, 614.1)(1177.1, 685.2);GATE
Port:(1359.1, 619.9)(1364.6, 619.9)(1364.6, 679.4)(1359.1, 679.4);SD
