Area:(-20.0, -20.0)(472.6, -20.0)(472.6, 280.3)(-20.0, 280.3)
Rule:GATE(5,5);SD(5,5);GATE_SD(0.5);GATE_ITO(0.5);SD_ITO(0.5)
Module:M5
Boundary:(152.5, 20.0)(182.9, 20.0)(182.9, 20.1)(197.3, 20.1)(197.3, 105.8)(152.5, 105.8);GATE
Port:(164.0, 100.1)(185.8, 100.1)(185.8, 105.8)(164.0, 105.8);SD
Port:(152.5, 20.0)(182.9, 20.0)(182.9, 20.1)(197.3, 20.1)(197.3, 98.1)(152.5, 98.1);GATE
Port:(158.7, 25.2)(176.7, 25.2)(176.7, 29.7)(158.7, 29.7);SD
Module:M1
Boundary:(168.0, 160.4)(168.0, 212.9)(167.9, 212.9)(167.9, 228.8)(20.0, 228.8)(20.0, 160.4);GATE
Port:(20.0, 175.4)(24.3, 175.4)(24.3, 213.8)(20.0, 213.8);SD
Port:(168.0, 160.4)(168.0, 212.9)(167.9, 212.9)(167.9, 228.8)(26.8, 228.8)(26.8, 160.4);GATE
Port:(155.6, 167.3)(162.1, 167.3)(162.1, 206.0)(155.6, 206.0);SD
Module:M2
Boundary:(432.6, 20.0)(432.6, 121.7)(330.4, 121.7)(330.4, 136.9)(237.3, 136.9)(237.3, 20.0);GATE
Port:(237.3, 34.8)(241.5, 34.8)(241.5, 122.1)(237.3, 122.1);SD
Port:(432.6, 20.0)(432.6, 121.7)(330.4, 121.7)(330.4, 136.9)(244.1, 136.9)(244.1, 20.0);GATE
Port:(420.4, 26.2)(427.4, 26.2)(427.4, 114.5)(420.4, 114.5);SD
Module:M3
Boundary:(386.5, 176.9)(386.5, 240.3)(208.0, 240.3)(208.0, 176.9);GATE
Port:(208.0, 190.5)(212.8, 190.5)(212.8, 226.7)(208.0, 226.7);SD
Port:(386.5, 176.9)(386.5, 240.3)(215.2, 240.3)(215.2, 176.9);GATE
Port:(374.8, 183.6)(380.8, 183.6)(380.8, 233.6)(374.8, 233.6);SD
Module:M4
Boundary:(112.5, 20.0)(112.5, 105.3)(85.5, 105.3)(85.5, 120.4)(20.0, 120.4)(20.0, 20.0);GATE
Port:(20.0, 34.3)(24.2, 34.3)(24.2, 106.1)(20.0, 106.1);SD
Port:(112.5, 20.0)(112.5, 105.3)(85.5, 105.3)(85.5, 120.4)(26.6, 120.4)(26.6, 20.0);GATE
Port:(100.3, 26.2)(107.3, 26.2)(107.3, 98.1)(100.3, 98.1);SD
