Area:(-20.0, -20.0)(658.0, -20.0)(658.0, 538.0)(-20.0, 538.0)
Rule:GATE(5,5);SD(5,5);GATE_SD(0.5);GATE_ITO(0.5);SD_ITO(0.5)
Module:M9
Boundary:(252.0, 356.0)(363.5, 356.0)(363.5, 437.0)(469.0, 437.0)(469.0, 480.0)(252.0, 480.0);GATE
Port:(266.5, 470.0)(454.5, 470.0)(454.5, 480.0)(266.5, 480.0);SD
Port:(252.0, 356.0)(363.5, 356.0)(363.5, 437.0)(469.0, 437.0)(469.0, 465.0)(252.0, 465.0);GATE
Port:(262.0, 361.0)(349.0, 361.0)(349.0, 365.0)(262.0, 365.0);SD
Module:M5
Boundary:(594.0, 171.0)(594.0, 244.0)(513.0, 244.0)(513.0, 171.0);GATE
Port:(513.0, 185.5)(523.0, 185.5)(523.0, 229.5)(513.0, 229.5);SD
Port:(594.0, 171.0)(594.0, 244.0)(528.0, 244.0)(528.0, 171.0);GATE
Port:(585.0, 181.0)(589.0, 181.0)(589.0, 234.0)(585.0, 234.0);SD
Module:M1
Boundary:(212.0, 371.0)(212.0, 482.5)(200.0, 482.5)(200.0, 498.0)(20.0, 498.0)(20.0, 371.0);GATE
Port:(20.0, 385.5)(30.0, 385.5)(30.0, 483.5)(20.0, 483.5);SD
Port:(212.0, 371.0)(212.0, 482.5)(200.0, 482.5)(200.0, 498.0)(35.0, 498.0)(35.0, 371.0);GATE
Port:(203.0, 381.0)(207.0, 381.0)(207.0, 468.0)(203.0, 468.0);SD
Module:M6
Boundary:(459.0, 20.0)(588.5, 20.0)(588.5, 34.0)(604.0, 34.0)(604.0, 121.0)(459.0, 121.0);GATE
Port:(473.5, 111.0)(589.5, 111.0)(589.5, 121.0)(473.5, 121.0);SD
Port:(459.0, 20.0)(588.5, 20.0)(588.5, 34.0)(604.0, 34.0)(604.0, 106.0)(459.0, 106.0);GATE
Port:(469.0, 25.0)(574.0, 25.0)(574.0, 29.0)(469.0, 29.0);SD
Module:M2
Boundary:(419.0, 20.0)(419.0, 131.5)(336.0, 131.5)(336.0, 165.0)(240.0, 165.0)(240.0, 20.0);GATE
Port:(240.0, 34.5)(250.0, 34.5)(250.0, 150.5)(240.0, 150.5);SD
Port:(419.0, 20.0)(419.0, 131.5)(336.0, 131.5)(336.0, 165.0)(255.0, 165.0)(255.0, 20.0);GATE
Port:(410.0, 30.0)(414.0, 30.0)(414.0, 117.0)(410.0, 117.0);SD
Module:M10
Boundary:(190.0, 30.0)(190.0, 106.0)(182.0, 106.0)(182.0, 121.0)(30.0, 121.0)(30.0, 30.0);GATE
Port:(30.0, 44.5)(40.0, 44.5)(40.0, 106.5)(30.0, 106.5);SD
Port:(190.0, 30.0)(190.0, 106.0)(182.0, 106.0)(182.0, 121.0)(45.0, 121.0)(45.0, 30.0);GATE
Port:(181.0, 40.0)(185.0, 40.0)(185.0, 91.0)(181.0, 91.0);SD
Module:M7
Boundary:(336.0, 205.0)(429.5, 205.0)(429.5, 250.2)(463.0, 250.2)(463.0, 315.0)(336.0, 315.0);GATE
Port:(350.5, 305.0)(448.5, 305.0)(448.5, 315.0)(350.5, 315.0);SD
Port:(336.0, 205.0)(429.5, 205.0)(429.5, 250.2)(463.0, 250.2)(463.0, 300.0)(336.0, 300.0);GATE
Port:(346.0, 210.0)(415.0, 210.0)(415.0, 214.0)(346.0, 214.0);SD
Module:M3
Boundary:(509.0, 294.0)(602.5, 294.0)(602.5, 304.0)(618.0, 304.0)(618.0, 489.0)(509.0, 489.0);GATE
Port:(523.5, 479.0)(603.5, 479.0)(603.5, 489.0)(523.5, 489.0);SD
Port:(509.0, 294.0)(602.5, 294.0)(602.5, 304.0)(618.0, 304.0)(618.0, 474.0)(509.0, 474.0);GATE
Port:(519.0, 299.0)(588.0, 299.0)(588.0, 303.0)(519.0, 303.0);SD
Module:M8
Boundary:(169.0, 205.0)(280.5, 205.0)(280.5, 217.0)(296.0, 217.0)(296.0, 316.0)(169.0, 316.0);GATE
Port:(183.5, 306.0)(281.5, 306.0)(281.5, 316.0)(183.5, 316.0);SD
Port:(169.0, 205.0)(280.5, 205.0)(280.5, 217.0)(296.0, 217.0)(296.0, 301.0)(169.0, 301.0);GATE
Port:(179.0, 210.0)(266.0, 210.0)(266.0, 214.0)(179.0, 214.0);SD
Module:M4
Boundary:(20.0, 171.0)(113.5, 171.0)(113.5, 181.0)(129.0, 181.0)(129.0, 331.0)(20.0, 331.0);GATE
Port:(34.5, 321.0)(114.5, 321.0)(114.5, 331.0)(34.5, 331.0);SD
Port:(20.0, 171.0)(113.5, 171.0)(113.5, 181.0)(129.0, 181.0)(129.0, 316.0)(20.0, 316.0);GATE
Port:(30.0, 176.0)(99.0, 176.0)(99.0, 180.0)(30.0, 180.0);SD
