Area:(-20.0, -20.0)(577.0, -20.0)(577.0, 511.8)(-20.0, 511.8)
Rule:GATE(5,5);SD(5,5);GATE_SD(0.5);GATE_ITO(0.5);SD_ITO(0.5)
Module:M9
Boundary:(404.1, 250.7)(404.1, 290.9)(404.0, 290.9)(404.0, 309.1)(270.9, 309.1)(270.9, 250.7);GATE
Port:(270.9, 267.0)(276.0, 267.0)(276.0, 292.8)(270.9, 292.8);SD
Port:(404.1, 250.7)(404.1, 290.9)(404.0, 290.9)(404.0, 309.1)(278.1, 309.1)(278.1, 250.7);GATE
Port:(390.6, 257.4)(398.4, 257.4)(398.4, 284.2)(390.6, 284.2);SD
Module:M5
Boundary:(525.8, 380.5)(525.8, 442.8)(525.6, 442.8)(525.6, 457.2)(413.3, 457.2)(413.3, 380.5);GATE
Port:(413.3, 393.9)(418.9, 393.9)(418.9, 443.8)(413.3, 443.8);SD
Port:(525.8, 380.5)(525.8, 442.8)(525.6, 442.8)(525.6, 457.2)(420.8, 457.2)(420.8, 380.5);GATE
Port:(514.2, 387.0)(520.3, 387.0)(520.3, 436.3)(514.2, 436.3);SD
Module:M1
Boundary:(363.3, 349.1)(363.3, 449.1)(363.3, 449.1)(363.3, 465.8)(270.9, 465.8)(270.9, 349.1);GATE
Port:(270.9, 362.5)(275.3, 362.5)(275.3, 452.4)(270.9, 452.4);SD
Port:(363.3, 349.1)(363.3, 449.1)(363.3, 449.1)(363.3, 465.8)(278.3, 465.8)(278.3, 349.1);GATE
Port:(352.8, 354.2)(359.2, 354.2)(359.2, 444.0)(352.8, 444.0);SD
Module:M6
Boundary:(230.9, 244.0)(230.9, 348.2)(193.4, 348.2)(193.4, 364.4)(20.0, 364.4)(20.0, 244.0);GATE
Port:(20.0, 257.2)(24.3, 257.2)(24.3, 351.2)(20.0, 351.2);SD
Port:(230.9, 244.0)(230.9, 348.2)(193.4, 348.2)(193.4, 364.4)(25.9, 364.4)(25.9, 244.0);GATE
Port:(220.0, 250.0)(225.9, 250.0)(225.9, 341.2)(220.0, 341.2);SD
Module:M2
Boundary:(171.0, 20.0)(238.7, 20.0)(238.7, 128.2)(254.2, 128.2)(254.2, 201.2)(171.0, 201.2);GATE
Port:(184.6, 196.1)(240.6, 196.1)(240.6, 201.2)(184.6, 201.2);SD
Port:(171.0, 20.0)(238.7, 20.0)(238.7, 128.2)(254.2, 128.2)(254.2, 193.3)(171.0, 193.3);GATE
Port:(176.7, 24.7)(232.0, 24.7)(232.0, 30.8)(176.7, 30.8);SD
Module:M10
Boundary:(537.0, 30.0)(537.0, 126.3)(502.0, 126.3)(502.0, 140.6)(442.6, 140.6)(442.6, 30.0);GATE
Port:(442.6, 43.9)(447.7, 43.9)(447.7, 126.7)(442.6, 126.7);SD
Port:(537.0, 30.0)(537.0, 126.3)(502.0, 126.3)(502.0, 140.6)(450.1, 140.6)(450.1, 30.0);GATE
Port:(525.6, 35.4)(532.6, 35.4)(532.6, 119.9)(525.6, 119.9);SD
Module:M7
Boundary:(444.1, 190.6)(527.2, 190.6)(527.2, 330.5)(444.1, 330.5);GATE
Port:(457.8, 326.4)(513.5, 326.4)(513.5, 330.5)(457.8, 330.5);SD
Port:(444.1, 190.6)(527.2, 190.6)(527.2, 324.5)(444.1, 324.5);GATE
Port:(449.6, 195.1)(521.7, 195.1)(521.7, 202.1)(449.6, 202.1);SD
Module:M3
Boundary:(204.9, 404.4)(204.9, 471.8)(20.0, 471.8)(20.0, 404.4);GATE
Port:(20.0, 418.0)(25.9, 418.0)(25.9, 458.2)(20.0, 458.2);SD
Port:(204.9, 404.4)(204.9, 471.8)(28.8, 471.8)(28.8, 404.4);GATE
Port:(194.0, 410.0)(200.3, 410.0)(200.3, 466.2)(194.0, 466.2);SD
Module:M8
Boundary:(20.0, 20.0)(116.6, 20.0)(116.6, 83.8)(131.0, 83.8)(131.0, 204.0)(20.0, 204.0);GATE
Port:(33.5, 199.1)(117.5, 199.1)(117.5, 204.0)(33.5, 204.0);SD
Port:(20.0, 20.0)(116.6, 20.0)(116.6, 83.8)(131.0, 83.8)(131.0, 198.0)(20.0, 198.0);GATE
Port:(25.4, 24.4)(110.2, 24.4)(110.2, 31.4)(25.4, 31.4);SD
Module:M4
Boundary:(294.2, 20.0)(377.8, 20.0)(377.8, 69.2)(392.6, 69.2)(392.6, 210.7)(294.2, 210.7);GATE
Port:(308.2, 205.2)(378.6, 205.2)(378.6, 210.7)(308.2, 210.7);SD
Port:(294.2, 20.0)(377.8, 20.0)(377.8, 69.2)(392.6, 69.2)(392.6, 203.3)(294.2, 203.3);GATE
Port:(300.8, 25.6)(370.2, 25.6)(370.2, 31.5)(300.8, 31.5);SD
