Area:(-10.9, 3.4)(485.0, 3.4)(485.0, 297.9)(-10.9, 297.9)
Rule:GATE(5,5);SD(5,5);GATE_SD(0.5);GATE_ITO(0.5);SD_ITO(0.5)
Module:M2
Boundary:(161.7, 170.6)(237.7, 170.6)(237.7, 162.6)(252.7, 162.6)(252.7, 51.6)(161.7, 51.6);GATE
Port:(176.2, 51.6)(238.2, 51.6)(238.2, 61.6)(176.2, 61.6);SD
Port:(161.7, 170.6)(237.7, 170.6)(237.7, 162.6)(252.7, 162.6)(252.7, 66.6)(161.7, 66.6);GATE
Port:(171.7, 161.6)(222.7, 161.6)(222.7, 165.6)(171.7, 165.6);SD
Module:M3
Boundary:(102.1, 46.0)(29.1, 46.0)(29.1, 166.0)(102.1, 166.0);GATE
Port:(43.6, 156.0)(87.6, 156.0)(87.6, 166.0)(43.6, 166.0);SD
Port:(102.1, 46.0)(29.1, 46.0)(29.1, 151.0)(102.1, 151.0);GATE
Port:(39.1, 51.0)(92.1, 51.0)(92.1, 55.0)(39.1, 55.0);SD
Module:M5
Boundary:(445.0, 173.4)(351.5, 173.4)(351.5, 90.4)(264.0, 90.4)(264.0, 43.4)(445.0, 43.4);GATE
Port:(278.5, 43.4)(430.5, 43.4)(430.5, 53.4)(278.5, 53.4);SD
Port:(445.0, 173.4)(351.5, 173.4)(351.5, 90.4)(264.0, 90.4)(264.0, 58.4)(445.0, 58.4);GATE
Port:(366.0, 164.4)(435.0, 164.4)(435.0, 168.4)(366.0, 168.4);SD
Module:M1
Boundary:(387.9, 251.6)(387.9, 178.6)(246.9, 178.6)(246.9, 251.6);GATE
Port:(246.9, 193.1)(256.9, 193.1)(256.9, 237.1)(246.9, 237.1);SD
Port:(387.9, 251.6)(387.9, 178.6)(261.9, 178.6)(261.9, 251.6);GATE
Port:(378.9, 188.6)(382.9, 188.6)(382.9, 241.6)(378.9, 241.6);SD
Module:M4
Boundary:(52.4, 169.9)(145.9, 169.9)(145.9, 204.1)(179.4, 204.1)(179.4, 257.9)(52.4, 257.9);GATE
Port:(66.9, 247.9)(164.9, 247.9)(164.9, 257.9)(66.9, 257.9);SD
Port:(52.4, 169.9)(145.9, 169.9)(145.9, 204.1)(179.4, 204.1)(179.4, 242.9)(52.4, 242.9);GATE
Port:(62.4, 174.9)(131.4, 174.9)(131.4, 178.9)(62.4, 178.9);SD
