Area:(6.8, 3.6)(531.0, 3.6)(531.0, 537.7)(6.8, 537.7)
Rule:GATE(5,5);SD(5,5);GATE_SD(0.5);GATE_ITO(0.5);SD_ITO(0.5)
Module:M10
Boundary:(280.6, 176.6)(280.6, 80.1)(211.8, 80.1)(211.8, 65.9)(82.1, 65.9)(82.1, 176.6);GATE
Port:(82.1, 80.0)(86.4, 80.0)(86.4, 162.5)(82.1, 162.5);SD
Port:(280.6, 176.6)(280.6, 80.1)(211.8, 80.1)(211.8, 65.9)(87.9, 65.9)(87.9, 176.6);GATE
Port:(268.4, 86.6)(276.1, 86.6)(276.1, 171.1)(268.4, 171.1);SD
Module:M6
Boundary:(409.4, 43.6)(476.7, 43.6)(476.7, 118.9)(491.0, 118.9)(491.0, 220.5)(409.4, 220.5);GATE
Port:(423.7, 215.4)(476.7, 215.4)(476.7, 220.5)(423.7, 220.5);SD
Port:(409.4, 43.6)(476.7, 43.6)(476.7, 118.9)(491.0, 118.9)(491.0, 213.5)(409.4, 213.5);GATE
Port:(416.4, 49.6)(468.7, 49.6)(468.7, 56.0)(416.4, 56.0);SD
Module:M5
Boundary:(372.9, 248.2)(288.5, 248.2)(288.5, 64.1)(372.9, 64.1);GATE
Port:(302.4, 64.1)(359.0, 64.1)(359.0, 68.7)(302.4, 68.7);SD
Port:(372.9, 248.2)(288.5, 248.2)(288.5, 70.8)(372.9, 70.8);GATE
Port:(294.7, 236.0)(366.7, 236.0)(366.7, 243.0)(294.7, 243.0);SD
Module:M3
Boundary:(252.0, 189.2)(252.0, 292.6)(46.8, 292.6)(46.8, 189.2);GATE
Port:(46.8, 203.8)(50.9, 203.8)(50.9, 278.0)(46.8, 278.0);SD
Port:(252.0, 189.2)(252.0, 292.6)(52.8, 292.6)(52.8, 189.2);GATE
Port:(240.3, 194.2)(248.0, 194.2)(248.0, 287.6)(240.3, 287.6);SD
Module:M8
Boundary:(362.6, 263.1)(275.0, 263.1)(275.0, 283.7)(258.7, 283.7)(258.7, 356.3)(362.6, 356.3);GATE
Port:(273.0, 350.6)(348.3, 350.6)(348.3, 356.3)(273.0, 356.3);SD
Port:(362.6, 263.1)(275.0, 263.1)(275.0, 283.7)(258.7, 283.7)(258.7, 349.0)(362.6, 349.0);GATE
Port:(281.7, 267.8)(356.9, 267.8)(356.9, 274.3)(281.7, 274.3);SD
Module:M2
Boundary:(238.7, 389.9)(238.7, 338.6)(121.5, 338.6)(121.5, 323.1)(48.9, 323.1)(48.9, 389.9);GATE
Port:(48.9, 336.5)(54.4, 336.5)(54.4, 376.5)(48.9, 376.5);SD
Port:(238.7, 389.9)(238.7, 338.6)(121.5, 338.6)(121.5, 323.1)(55.9, 323.1)(55.9, 389.9);GATE
Port:(228.2, 346.0)(233.3, 346.0)(233.3, 383.5)(228.2, 383.5);SD
Module:M1
Boundary:(474.0, 238.3)(419.9, 238.3)(419.9, 238.4)(403.3, 238.4)(403.3, 427.1)(474.0, 427.1);GATE
Port:(418.2, 422.7)(459.1, 422.7)(459.1, 427.1)(418.2, 427.1);SD
Port:(474.0, 238.3)(419.9, 238.3)(419.9, 238.4)(403.3, 238.4)(403.3, 421.1)(474.0, 421.1);GATE
Port:(426.6, 244.0)(467.3, 244.0)(467.3, 250.6)(426.6, 250.6);SD
Module:M9
Boundary:(376.8, 437.2)(376.8, 497.7)(480.6, 497.7)(480.6, 437.2);GATE
Port:(476.3, 449.0)(480.6, 449.0)(480.6, 485.9)(476.3, 485.9);SD
Port:(376.8, 437.2)(376.8, 497.7)(474.8, 497.7)(474.8, 437.2);GATE
Port:(382.5, 443.9)(386.7, 443.9)(386.7, 491.0)(382.5, 491.0);SD
Module:M7
Boundary:(349.9, 363.4)(278.0, 363.4)(278.0, 363.8)(261.0, 363.8)(261.0, 492.9)(349.9, 492.9);GATE
Port:(276.8, 487.5)(334.1, 487.5)(334.1, 492.9)(276.8, 492.9);SD
Port:(349.9, 363.4)(278.0, 363.4)(278.0, 363.8)(261.0, 363.8)(261.0, 486.3)(349.9, 486.3);GATE
Port:(284.5, 368.9)(343.4, 368.9)(343.4, 375.9)(284.5, 375.9);SD
Module:M4
Boundary:(258.2, 395.6)(258.2, 466.8)(170.6, 466.8)(170.6, 482.9)(56.3, 482.9)(56.3, 395.6);GATE
Port:(56.3, 410.0)(61.1, 410.0)(61.1, 468.5)(56.3, 468.5);SD
Port:(258.2, 395.6)(258.2, 466.8)(170.6, 466.8)(170.6, 482.9)(63.3, 482.9)(63.3, 395.6);GATE
Port:(246.3, 401.2)(253.6, 401.2)(253.6, 460.2)(246.3, 460.2);SD
