Area:(-20.0, -20.0)(289.0, -20.0)(289.0, 754.0)(-20.0, 754.0)
Rule:GATE(5,5);SD(5,5);GATE_SD(0.5);GATE_ITO(0.5);SD_ITO(0.5)
Module:M5
Boundary:(249.0, 186.0)(249.0, 279.5)(189.4, 279.5)(189.4, 385.0)(133.0, 385.0)(133.0, 186.0);GATE
Port:(133.0, 200.5)(143.0, 200.5)(143.0, 370.5)(133.0, 370.5);SD
Port:(249.0, 186.0)(249.0, 279.5)(189.4, 279.5)(189.4, 385.0)(148.0, 385.0)(148.0, 186.0);GATE
Port:(240.0, 196.0)(244.0, 196.0)(244.0, 265.0)(240.0, 265.0);SD
Module:M1
Boundary:(20.0, 573.0)(131.5, 573.0)(131.5, 651.3)(183.0, 651.3)(183.0, 714.0)(20.0, 714.0);GATE
Port:(34.5, 704.0)(168.5, 704.0)(168.5, 714.0)(34.5, 714.0);SD
Port:(20.0, 573.0)(131.5, 573.0)(131.5, 651.3)(183.0, 651.3)(183.0, 699.0)(20.0, 699.0);GATE
Port:(30.0, 578.0)(117.0, 578.0)(117.0, 582.0)(30.0, 582.0);SD
Module:M2
Boundary:(20.0, 20.0)(131.5, 20.0)(131.5, 32.0)(147.0, 32.0)(147.0, 146.0)(20.0, 146.0);GATE
Port:(34.5, 136.0)(132.5, 136.0)(132.5, 146.0)(34.5, 146.0);SD
Port:(20.0, 20.0)(131.5, 20.0)(131.5, 32.0)(147.0, 32.0)(147.0, 131.0)(20.0, 131.0);GATE
Port:(30.0, 25.0)(117.0, 25.0)(117.0, 29.0)(30.0, 29.0);SD
Module:M3
Boundary:(92.0, 370.0)(92.0, 463.5)(57.0, 463.5)(57.0, 533.0)(20.0, 533.0)(20.0, 370.0);GATE
Port:(20.0, 384.5)(30.0, 384.5)(30.0, 518.5)(20.0, 518.5);SD
Port:(92.0, 370.0)(92.0, 463.5)(57.0, 463.5)(57.0, 533.0)(35.0, 533.0)(35.0, 370.0);GATE
Port:(83.0, 380.0)(87.0, 380.0)(87.0, 449.0)(83.0, 449.0);SD
Module:M4
Boundary:(20.0, 186.0)(93.0, 186.0)(93.0, 330.0)(20.0, 330.0);GATE
Port:(34.5, 320.0)(78.5, 320.0)(78.5, 330.0)(34.5, 330.0);SD
Port:(20.0, 186.0)(93.0, 186.0)(93.0, 315.0)(20.0, 315.0);GATE
Port:(30.0, 191.0)(83.0, 191.0)(83.0, 195.0)(30.0, 195.0);SD
