Area:(-20.0, -20.0)(232.6, -20.0)(232.6, 532.6)(-20.0, 532.6)
Rule:GATE(5,5);SD(5,5);GATE_SD(0.5);GATE_ITO(0.5);SD_ITO(0.5)
Module:M5
Boundary:(20.0, 292.7)(74.3, 292.7)(74.3, 492.6)(20.0, 492.6);GATE
Port:(34.5, 487.5)(59.8, 487.5)(59.8, 492.6)(34.5, 492.6);SD
Port:(20.0, 292.7)(74.3, 292.7)(74.3, 485.3)(20.0, 485.3);GATE
Port:(26.6, 298.3)(67.7, 298.3)(67.7, 304.3)(26.6, 304.3);SD
Module:M1
Boundary:(105.3, 20.0)(174.3, 20.0)(174.3, 20.5)(191.7, 20.5)(191.7, 116.5)(105.3, 116.5);GATE
Port:(118.9, 110.7)(178.1, 110.7)(178.1, 116.5)(118.9, 116.5);SD
Port:(105.3, 20.0)(174.3, 20.0)(174.3, 20.5)(191.7, 20.5)(191.7, 109.4)(105.3, 109.4);GATE
Port:(111.1, 24.8)(168.5, 24.8)(168.5, 30.2)(111.1, 30.2);SD
Module:M2
Boundary:(192.6, 156.5)(192.6, 238.0)(154.8, 238.0)(154.8, 252.7)(105.3, 252.7)(105.3, 156.5);GATE
Port:(105.3, 169.7)(110.9, 169.7)(110.9, 239.5)(105.3, 239.5);SD
Port:(192.6, 156.5)(192.6, 238.0)(154.8, 238.0)(154.8, 252.7)(113.9, 252.7)(113.9, 156.5);GATE
Port:(181.9, 162.6)(187.5, 162.6)(187.5, 230.9)(181.9, 230.9);SD
Module:M3
Boundary:(20.0, 20.0)(65.3, 20.0)(65.3, 175.8)(20.0, 175.8);GATE
Port:(31.2, 170.0)(54.1, 170.0)(54.1, 175.8)(31.2, 175.8);SD
Port:(20.0, 20.0)(65.3, 20.0)(65.3, 168.7)(20.0, 168.7);GATE
Port:(25.3, 24.3)(44.7, 24.3)(44.7, 29.1)(25.3, 29.1);SD
Module:M4
Boundary:(114.3, 292.7)(171.6, 292.7)(171.6, 310.0)(184.8, 310.0)(184.8, 490.9)(114.3, 490.9);GATE
Port:(125.1, 486.3)(174.0, 486.3)(174.0, 490.9)(125.1, 490.9);SD
Port:(114.3, 292.7)(171.6, 292.7)(171.6, 310.0)(184.8, 310.0)(184.8, 484.4)(114.3, 484.4);GATE
Port:(119.3, 296.7)(165.6, 296.7)(165.6, 301.3)(119.3, 301.3);SD
