Area:(3.2, 8.7)(538.8, 8.7)(538.8, 537.7)(3.2, 537.7)
Rule:GATE(5,5);SD(5,5);GATE_SD(0.5);GATE_ITO(0.5);SD_ITO(0.5)
Module:M9
Boundary:(159.6, 70.2)(94.3, 70.2)(94.3, 70.3)(77.9, 70.3)(77.9, 160.3)(159.6, 160.3);GATE
Port:(90.8, 154.7)(146.7, 154.7)(146.7, 160.3)(90.8, 160.3);SD
Port:(159.6, 70.2)(94.3, 70.2)(94.3, 70.3)(77.9, 70.3)(77.9, 153.0)(159.6, 153.0);GATE
Port:(100.2, 75.1)(153.7, 75.1)(153.7, 80.2)(100.2, 80.2);SD
Module:M5
Boundary:(498.8, 54.6)(498.8, 161.9)(270.0, 161.9)(270.0, 54.6);GATE
Port:(270.0, 69.0)(274.3, 69.0)(274.3, 147.5)(270.0, 147.5);SD
Port:(498.8, 54.6)(498.8, 161.9)(276.2, 161.9)(276.2, 54.6);GATE
Port:(487.5, 61.3)(493.1, 61.3)(493.1, 155.2)(487.5, 155.2);SD
Module:M2
Boundary:(264.3, 199.7)(184.3, 199.7)(184.3, 123.8)(170.0, 123.8)(170.0, 48.7)(264.3, 48.7);GATE
Port:(182.9, 48.7)(251.4, 48.7)(251.4, 53.4)(182.9, 53.4);SD
Port:(264.3, 199.7)(184.3, 199.7)(184.3, 123.8)(170.0, 123.8)(170.0, 54.8)(264.3, 54.8);GATE
Port:(191.7, 188.7)(257.9, 188.7)(257.9, 194.3)(191.7, 194.3);SD
Module:M4
Boundary:(129.4, 167.3)(129.4, 273.0)(59.6, 273.0)(59.6, 167.3);GATE
Port:(59.6, 179.7)(63.9, 179.7)(63.9, 260.6)(59.6, 260.6);SD
Port:(129.4, 167.3)(129.4, 273.0)(66.4, 273.0)(66.4, 167.3);GATE
Port:(119.3, 172.3)(125.4, 172.3)(125.4, 268.0)(119.3, 268.0);SD
Module:M8
Boundary:(247.5, 211.0)(141.7, 211.0)(141.7, 319.8)(247.5, 319.8);GATE
Port:(155.8, 313.8)(233.4, 313.8)(233.4, 319.8)(155.8, 319.8);SD
Port:(247.5, 211.0)(141.7, 211.0)(141.7, 312.5)(247.5, 312.5);GATE
Port:(147.9, 216.2)(241.3, 216.2)(241.3, 222.1)(147.9, 222.1);SD
Module:M3
Boundary:(427.1, 196.0)(475.9, 196.0)(475.9, 196.0)(491.5, 196.0)(491.5, 363.6)(427.1, 363.6);GATE
Port:(439.9, 357.9)(478.7, 357.9)(478.7, 363.6)(439.9, 363.6);SD
Port:(427.1, 196.0)(475.9, 196.0)(475.9, 196.0)(491.5, 196.0)(491.5, 356.1)(427.1, 356.1);GATE
Port:(433.5, 201.4)(469.5, 201.4)(469.5, 206.8)(433.5, 206.8);SD
Module:M10
Boundary:(403.6, 195.2)(302.9, 195.2)(302.9, 281.6)(288.3, 281.6)(288.3, 394.7)(403.6, 394.7);GATE
Port:(303.2, 388.8)(388.7, 388.8)(388.7, 394.7)(303.2, 394.7);SD
Port:(403.6, 195.2)(302.9, 195.2)(302.9, 281.6)(288.3, 281.6)(288.3, 387.6)(403.6, 387.6);GATE
Port:(310.4, 200.7)(397.1, 200.7)(397.1, 208.5)(310.4, 208.5);SD
Module:M7
Boundary:(43.2, 277.3)(93.3, 277.3)(93.3, 277.3)(108.6, 277.3)(108.6, 489.1)(43.2, 489.1);GATE
Port:(57.6, 483.9)(94.2, 483.9)(94.2, 489.1)(57.6, 489.1);SD
Port:(43.2, 277.3)(93.3, 277.3)(93.3, 277.3)(108.6, 277.3)(108.6, 481.4)(43.2, 481.4);GATE
Port:(49.8, 282.9)(86.7, 282.9)(86.7, 288.9)(49.8, 288.9);SD
Module:M1
Boundary:(281.6, 343.6)(178.6, 343.6)(178.6, 343.9)(161.9, 343.9)(161.9, 497.7)(281.6, 497.7);GATE
Port:(176.8, 493.5)(266.7, 493.5)(266.7, 497.7)(176.8, 497.7);SD
Port:(281.6, 343.6)(178.6, 343.6)(178.6, 343.9)(161.9, 343.9)(161.9, 492.4)(281.6, 492.4);GATE
Port:(184.8, 348.8)(275.4, 348.8)(275.4, 355.8)(184.8, 355.8);SD
Module:M6
Boundary:(485.8, 477.2)(485.8, 415.1)(468.0, 415.1)(468.0, 401.6)(281.8, 401.6)(281.8, 477.2);GATE
Port:(281.8, 414.2)(286.8, 414.2)(286.8, 464.6)(281.8, 464.6);SD
Port:(485.8, 477.2)(485.8, 415.1)(468.0, 415.1)(468.0, 401.6)(288.7, 401.6)(288.7, 477.2);GATE
Port:(475.1, 421.4)(481.5, 421.4)(481.5, 471.9)(475.1, 471.9);SD
