Area:(-20.0, -20.0)(1031.3, -20.0)(1031.3, 795.7)(-20.0, 795.7)
Rule:GATE(5,5);SD(5,5);GATE_SD(0.5);GATE_ITO(0.5);SD_ITO(0.5)
Module:M14
Boundary:(174.8, 158.9)(266.3, 158.9)(266.3, 201.8)(279.9, 201.8)(279.9, 269.7)(174.8, 269.7);GATE
Port:(187.8, 264.7)(266.9, 264.7)(266.9, 269.7)(187.8, 269.7);SD
Port:(174.8, 158.9)(266.3, 158.9)(266.3, 201.8)(279.9, 201.8)(279.9, 262.7)(174.8, 262.7);GATE
Port:(180.6, 163.7)(259.5, 163.7)(259.5, 169.6)(180.6, 169.6);SD
Module:M9
Boundary:(30.0, 402.7)(129.4, 402.7)(129.4, 403.1)(145.5, 403.1)(145.5, 623.5)(30.0, 623.5);GATE
Port:(44.0, 618.7)(131.5, 618.7)(131.5, 623.5)(44.0, 623.5);SD
Port:(30.0, 402.7)(129.4, 402.7)(129.4, 403.1)(145.5, 403.1)(145.5, 616.6)(30.0, 616.6);GATE
Port:(36.3, 408.0)(123.1, 408.0)(123.1, 413.9)(36.3, 413.9);SD
Module:M5
Boundary:(300.4, 20.0)(348.8, 20.0)(348.8, 20.2)(363.0, 20.2)(363.0, 91.9)(300.4, 91.9);GATE
Port:(314.2, 87.0)(349.2, 87.0)(349.2, 91.9)(314.2, 91.9);SD
Port:(300.4, 20.0)(348.8, 20.0)(348.8, 20.2)(363.0, 20.2)(363.0, 85.6)(300.4, 85.6);GATE
Port:(306.6, 25.2)(342.6, 25.2)(342.6, 31.8)(306.6, 31.8);SD
Module:M11
Boundary:(195.5, 319.7)(294.8, 319.7)(294.8, 457.7)(195.5, 457.7);GATE
Port:(209.5, 452.7)(280.8, 452.7)(280.8, 457.7)(209.5, 457.7);SD
Port:(195.5, 319.7)(294.8, 319.7)(294.8, 450.7)(195.5, 450.7);GATE
Port:(202.0, 325.2)(288.3, 325.2)(288.3, 330.7)(202.0, 330.7);SD
Module:M1
Boundary:(250.4, 30.0)(250.4, 98.9)(30.0, 98.9)(30.0, 30.0);GATE
Port:(30.0, 44.4)(36.0, 44.4)(36.0, 84.5)(30.0, 84.5);SD
Port:(250.4, 30.0)(250.4, 98.9)(38.0, 98.9)(38.0, 30.0);GATE
Port:(238.4, 37.0)(244.4, 37.0)(244.4, 91.9)(238.4, 91.9);SD
Module:M27
Boundary:(583.8, 254.7)(631.7, 254.7)(631.7, 254.9)(647.6, 254.9)(647.6, 424.0)(583.8, 424.0);GATE
Port:(596.6, 418.2)(634.8, 418.2)(634.8, 424.0)(596.6, 424.0);SD
Port:(583.8, 254.7)(631.7, 254.7)(631.7, 254.9)(647.6, 254.9)(647.6, 416.0)(583.8, 416.0);GATE
Port:(589.4, 259.3)(626.1, 259.3)(626.1, 264.4)(589.4, 264.4);SD
Module:M24
Boundary:(836.7, 250.0)(836.7, 315.4)(781.9, 315.4)(781.9, 330.5)(703.9, 330.5)(703.9, 250.0);GATE
Port:(703.9, 262.9)(709.0, 262.9)(709.0, 317.6)(703.9, 317.6);SD
Port:(836.7, 250.0)(836.7, 315.4)(781.9, 315.4)(781.9, 330.5)(710.4, 330.5)(710.4, 250.0);GATE
Port:(826.3, 255.6)(832.1, 255.6)(832.1, 308.8)(826.3, 308.8);SD
Module:M19
Boundary:(709.6, 514.0)(709.6, 616.4)(709.2, 616.4)(709.2, 632.9)(593.8, 632.9)(593.8, 514.0);GATE
Port:(593.8, 528.3)(599.0, 528.3)(599.0, 618.6)(593.8, 618.6);SD
Port:(709.6, 514.0)(709.6, 616.4)(709.2, 616.4)(709.2, 632.9)(601.6, 632.9)(601.6, 514.0);GATE
Port:(697.3, 520.6)(704.0, 520.6)(704.0, 609.8)(697.3, 609.8);SD
Module:M6
Boundary:(990.5, 20.0)(990.5, 67.2)(977.6, 67.2)(977.6, 81.1)(836.6, 81.1)(836.6, 20.0);GATE
Port:(836.6, 32.6)(841.3, 32.6)(841.3, 68.5)(836.6, 68.5);SD
Port:(990.5, 20.0)(990.5, 67.2)(977.6, 67.2)(977.6, 81.1)(843.2, 81.1)(843.2, 20.0);GATE
Port:(980.6, 26.2)(985.3, 26.2)(985.3, 60.0)(980.6, 60.0);SD
Module:M21
Boundary:(535.5, 295.3)(535.5, 346.6)(334.8, 346.6)(334.8, 295.3);GATE
Port:(334.8, 309.6)(340.4, 309.6)(340.4, 332.3)(334.8, 332.3);SD
Port:(535.5, 295.3)(535.5, 346.6)(342.4, 346.6)(342.4, 295.3);GATE
Port:(523.2, 301.1)(530.7, 301.1)(530.7, 340.8)(523.2, 340.8);SD
Module:M2
Boundary:(979.0, 683.4)(979.0, 731.5)(913.3, 731.5)(913.3, 745.6)(790.7, 745.6)(790.7, 683.4);GATE
Port:(790.7, 696.4)(795.1, 696.4)(795.1, 732.6)(790.7, 732.6);SD
Port:(979.0, 683.4)(979.0, 731.5)(913.3, 731.5)(913.3, 745.6)(797.6, 745.6)(797.6, 683.4);GATE
Port:(968.1, 688.8)(974.6, 688.8)(974.6, 725.1)(968.1, 725.1);SD
Module:M16
Boundary:(406.4, 497.7)(406.4, 599.5)(351.5, 599.5)(351.5, 615.0)(195.5, 615.0)(195.5, 497.7);GATE
Port:(195.5, 512.0)(201.0, 512.0)(201.0, 600.7)(195.5, 600.7);SD
Port:(406.4, 497.7)(406.4, 599.5)(351.5, 599.5)(351.5, 615.0)(203.7, 615.0)(203.7, 497.7);GATE
Port:(395.1, 503.2)(401.9, 503.2)(401.9, 593.0)(395.1, 593.0);SD
Module:M13
Boundary:(991.3, 389.1)(991.3, 461.9)(990.9, 461.9)(990.9, 480.7)(859.4, 480.7)(859.4, 389.1);GATE
Port:(859.4, 402.9)(863.5, 402.9)(863.5, 466.9)(859.4, 466.9);SD
Port:(991.3, 389.1)(991.3, 461.9)(990.9, 461.9)(990.9, 480.7)(864.7, 480.7)(864.7, 389.1);GATE
Port:(981.0, 394.3)(987.1, 394.3)(987.1, 456.7)(981.0, 456.7);SD
Module:M10
Boundary:(20.0, 262.9)(99.1, 262.9)(99.1, 269.8)(113.4, 269.8)(113.4, 352.7)(20.0, 352.7);GATE
Port:(32.5, 347.0)(100.9, 347.0)(100.9, 352.7)(32.5, 352.7);SD
Port:(20.0, 262.9)(99.1, 262.9)(99.1, 269.8)(113.4, 269.8)(113.4, 345.3)(20.0, 345.3);GATE
Port:(25.0, 266.9)(93.1, 266.9)(93.1, 273.2)(25.0, 273.2);SD
Module:M29
Boundary:(759.6, 520.7)(809.8, 520.7)(809.8, 520.7)(825.3, 520.7)(825.3, 615.1)(759.6, 615.1);GATE
Port:(773.4, 609.9)(811.5, 609.9)(811.5, 615.1)(773.4, 615.1);SD
Port:(759.6, 520.7)(809.8, 520.7)(809.8, 520.7)(825.3, 520.7)(825.3, 608.7)(759.6, 608.7);GATE
Port:(765.9, 526.0)(803.5, 526.0)(803.5, 532.6)(765.9, 532.6);SD
Module:M7
Boundary:(405.3, 655.0)(405.3, 755.2)(272.1, 755.2)(272.1, 655.0);GATE
Port:(272.1, 667.4)(276.1, 667.4)(276.1, 742.8)(272.1, 742.8);SD
Port:(405.3, 655.0)(405.3, 755.2)(278.3, 755.2)(278.3, 655.0);GATE
Port:(395.3, 660.0)(401.3, 660.0)(401.3, 750.2)(395.3, 750.2);SD
Module:M3
Boundary:(520.8, 386.6)(520.8, 451.4)(334.8, 451.4)(334.8, 386.6);GATE
Port:(334.8, 400.1)(340.2, 400.1)(340.2, 437.9)(334.8, 437.9);SD
Port:(520.8, 386.6)(520.8, 451.4)(343.0, 451.4)(343.0, 386.6);GATE
Port:(509.5, 393.4)(515.0, 393.4)(515.0, 444.6)(509.5, 444.6);SD
Module:M26
Boundary:(535.9, 140.1)(535.9, 240.2)(447.6, 240.2)(447.6, 255.3)(334.8, 255.3)(334.8, 140.1);GATE
Port:(334.8, 153.6)(339.3, 153.6)(339.3, 241.8)(334.8, 241.8);SD
Port:(535.9, 140.1)(535.9, 240.2)(447.6, 240.2)(447.6, 255.3)(341.8, 255.3)(341.8, 140.1);GATE
Port:(524.1, 146.6)(530.4, 146.6)(530.4, 232.7)(524.1, 232.7);SD
Module:M23
Boundary:(543.8, 20.0)(543.8, 84.3)(543.5, 84.3)(543.5, 100.1)(403.0, 100.1)(403.0, 20.0);GATE
Port:(403.0, 32.9)(407.1, 32.9)(407.1, 87.2)(403.0, 87.2);SD
Port:(543.8, 20.0)(543.8, 84.3)(543.5, 84.3)(543.5, 100.1)(408.7, 100.1)(408.7, 20.0);GATE
Port:(533.2, 26.1)(538.7, 26.1)(538.7, 78.2)(533.2, 78.2);SD
Module:M18
Boundary:(593.8, 30.0)(640.6, 30.0)(640.6, 89.9)(653.9, 89.9)(653.9, 204.7)(593.8, 204.7);GATE
Port:(605.9, 199.6)(641.8, 199.6)(641.8, 204.7)(605.9, 204.7);SD
Port:(593.8, 30.0)(640.6, 30.0)(640.6, 89.9)(653.9, 89.9)(653.9, 197.6)(593.8, 197.6);GATE
Port:(599.9, 35.1)(633.5, 35.1)(633.5, 40.4)(599.9, 40.4);SD
Module:M20
Boundary:(865.3, 520.7)(968.5, 520.7)(968.5, 546.7)(984.0, 546.7)(984.0, 633.4)(865.3, 633.4);GATE
Port:(880.0, 629.1)(969.3, 629.1)(969.3, 633.4)(880.0, 633.4);SD
Port:(865.3, 520.7)(968.5, 520.7)(968.5, 546.7)(984.0, 546.7)(984.0, 626.9)(865.3, 626.9);GATE
Port:(871.6, 526.0)(961.2, 526.0)(961.2, 532.4)(871.6, 532.4);SD
Module:M15
Boundary:(876.7, 250.0)(960.5, 250.0)(960.5, 250.2)(976.8, 250.2)(976.8, 349.1)(876.7, 349.1);GATE
Port:(890.7, 343.6)(962.8, 343.6)(962.8, 349.1)(890.7, 349.1);SD
Port:(876.7, 250.0)(960.5, 250.0)(960.5, 250.2)(976.8, 250.2)(976.8, 340.8)(876.7, 340.8);GATE
Port:(882.3, 254.6)(954.9, 254.6)(954.9, 261.3)(882.3, 261.3);SD
Module:M12
Boundary:(232.1, 673.5)(232.1, 743.4)(120.2, 743.4)(120.2, 755.7)(20.0, 755.7)(20.0, 673.5);GATE
Port:(20.0, 684.9)(25.2, 684.9)(25.2, 744.3)(20.0, 744.3);SD
Port:(232.1, 673.5)(232.1, 743.4)(120.2, 743.4)(120.2, 755.7)(27.8, 755.7)(27.8, 673.5);GATE
Port:(222.7, 679.2)(227.4, 679.2)(227.4, 736.7)(222.7, 736.7);SD
Module:M8
Boundary:(697.6, 380.5)(793.0, 380.5)(793.0, 408.1)(809.4, 408.1)(809.4, 454.0)(697.6, 454.0);GATE
Port:(712.9, 449.5)(794.1, 449.5)(794.1, 454.0)(712.9, 454.0);SD
Port:(697.6, 380.5)(793.0, 380.5)(793.0, 408.1)(809.4, 408.1)(809.4, 447.5)(697.6, 447.5);GATE
Port:(704.1, 386.0)(784.5, 386.0)(784.5, 392.6)(704.1, 392.6);SD
Module:M4
Boundary:(446.4, 612.9)(522.5, 612.9)(522.5, 635.0)(535.9, 635.0)(535.9, 747.9)(446.4, 747.9);GATE
Port:(458.8, 743.3)(523.5, 743.3)(523.5, 747.9)(458.8, 747.9);SD
Port:(446.4, 612.9)(522.5, 612.9)(522.5, 635.0)(535.9, 635.0)(535.9, 740.7)(446.4, 740.7);GATE
Port:(452.7, 618.2)(515.2, 618.2)(515.2, 623.4)(452.7, 623.4);SD
Module:M28
Boundary:(703.9, 20.0)(784.9, 20.0)(784.9, 133.5)(796.6, 133.5)(796.6, 205.1)(703.9, 205.1);GATE
Port:(715.3, 199.9)(785.2, 199.9)(785.2, 205.1)(715.3, 205.1);SD
Port:(703.9, 20.0)(784.9, 20.0)(784.9, 133.5)(796.6, 133.5)(796.6, 197.6)(703.9, 197.6);GATE
Port:(708.9, 24.0)(778.9, 24.0)(778.9, 29.8)(708.9, 29.8);SD
Module:M30
Boundary:(446.4, 491.4)(531.2, 491.4)(531.2, 527.0)(543.8, 527.0)(543.8, 572.9)(446.4, 572.9);GATE
Port:(457.6, 568.0)(532.6, 568.0)(532.6, 572.9)(457.6, 572.9);SD
Port:(446.4, 491.4)(531.2, 491.4)(531.2, 527.0)(543.8, 527.0)(543.8, 565.8)(446.4, 565.8);GATE
Port:(452.1, 496.1)(524.5, 496.1)(524.5, 500.9)(452.1, 500.9);SD
Module:M25
Boundary:(740.7, 682.9)(740.7, 751.0)(583.8, 751.0)(583.8, 682.9);GATE
Port:(583.8, 697.0)(588.4, 697.0)(588.4, 736.9)(583.8, 736.9);SD
Port:(740.7, 682.9)(740.7, 751.0)(591.3, 751.0)(591.3, 682.9);GATE
Port:(729.2, 688.6)(736.0, 688.6)(736.0, 745.3)(729.2, 745.3);SD
Module:M22
Boundary:(983.5, 121.1)(983.5, 193.1)(910.7, 193.1)(910.7, 210.0)(836.6, 210.0)(836.6, 121.1);GATE
Port:(836.6, 135.6)(841.6, 135.6)(841.6, 195.5)(836.6, 195.5);SD
Port:(983.5, 121.1)(983.5, 193.1)(910.7, 193.1)(910.7, 210.0)(842.6, 210.0)(842.6, 121.1);GATE
Port:(972.4, 126.2)(979.4, 126.2)(979.4, 187.0)(972.4, 187.0);SD
Module:M17
Boundary:(124.8, 148.9)(124.8, 222.9)(20.0, 222.9)(20.0, 148.9);GATE
Port:(20.0, 164.0)(24.2, 164.0)(24.2, 207.8)(20.0, 207.8);SD
Port:(124.8, 148.9)(124.8, 222.9)(25.4, 222.9)(25.4, 148.9);GATE
Port:(112.9, 155.6)(119.1, 155.6)(119.1, 216.2)(112.9, 216.2);SD
