Area:(-13.0, -5.5)(673.0, -5.5)(673.0, 895.8)(-13.0, 895.8)
Rule:GATE(5,5);SD(5,5);GATE_SD(0.5);GATE_ITO(0.5);SD_ITO(0.5)
Module:M6
Boundary:(599.1, 124.6)(599.1, 51.6)(492.1, 51.6)(492.1, 124.6);GATE
Port:(492.1, 66.1)(502.1, 66.1)(502.1, 110.1)(492.1, 110.1);SD
Port:(599.1, 124.6)(599.1, 51.6)(507.1, 51.6)(507.1, 124.6);GATE
Port:(590.1, 61.6)(594.1, 61.6)(594.1, 114.6)(590.1, 114.6);SD
Module:M16
Boundary:(276.6, 51.9)(276.6, 127.9)(284.6, 127.9)(284.6, 142.9)(338.6, 142.9)(338.6, 51.9);GATE
Port:(328.6, 66.4)(338.6, 66.4)(338.6, 128.4)(328.6, 128.4);SD
Port:(276.6, 51.9)(276.6, 127.9)(284.6, 127.9)(284.6, 142.9)(323.6, 142.9)(323.6, 51.9);GATE
Port:(281.6, 61.9)(285.6, 61.9)(285.6, 112.9)(281.6, 112.9);SD
Module:M5
Boundary:(485.0, 40.5)(485.0, 116.5)(477.0, 116.5)(477.0, 131.5)(366.0, 131.5)(366.0, 40.5);GATE
Port:(366.0, 55.0)(376.0, 55.0)(376.0, 117.0)(366.0, 117.0);SD
Port:(485.0, 40.5)(485.0, 116.5)(477.0, 116.5)(477.0, 131.5)(381.0, 131.5)(381.0, 40.5);GATE
Port:(476.0, 50.5)(480.0, 50.5)(480.0, 101.5)(476.0, 101.5);SD
Module:M2
Boundary:(172.6, 129.5)(248.6, 129.5)(248.6, 121.5)(263.6, 121.5)(263.6, 34.5)(172.6, 34.5);GATE
Port:(187.1, 34.5)(249.1, 34.5)(249.1, 44.5)(187.1, 44.5);SD
Port:(172.6, 129.5)(248.6, 129.5)(248.6, 121.5)(263.6, 121.5)(263.6, 49.5)(172.6, 49.5);GATE
Port:(182.6, 120.5)(233.6, 120.5)(233.6, 124.5)(182.6, 124.5);SD
Module:M3
Boundary:(130.4, 65.9)(57.4, 65.9)(57.4, 213.9)(130.4, 213.9);GATE
Port:(71.9, 203.9)(115.9, 203.9)(115.9, 213.9)(71.9, 213.9);SD
Port:(130.4, 65.9)(57.4, 65.9)(57.4, 198.9)(130.4, 198.9);GATE
Port:(67.4, 70.9)(120.4, 70.9)(120.4, 74.9)(67.4, 74.9);SD
Module:M13
Boundary:(320.2, 174.4)(320.2, 285.9)(308.2, 285.9)(308.2, 301.4)(136.2, 301.4)(136.2, 174.4);GATE
Port:(136.2, 188.9)(146.2, 188.9)(146.2, 286.9)(136.2, 286.9);SD
Port:(320.2, 174.4)(320.2, 285.9)(308.2, 285.9)(308.2, 301.4)(151.2, 301.4)(151.2, 174.4);GATE
Port:(311.2, 184.4)(315.2, 184.4)(315.2, 271.4)(311.2, 271.4);SD
Module:M1
Boundary:(633.0, 152.4)(521.5, 152.4)(521.5, 164.4)(506.0, 164.4)(506.0, 295.4)(633.0, 295.4);GATE
Port:(520.5, 285.4)(618.5, 285.4)(618.5, 295.4)(520.5, 295.4);SD
Port:(633.0, 152.4)(521.5, 152.4)(521.5, 164.4)(506.0, 164.4)(506.0, 280.4)(633.0, 280.4);GATE
Port:(536.0, 157.4)(623.0, 157.4)(623.0, 161.4)(536.0, 161.4);SD
Module:M19
Boundary:(326.7, 323.1)(420.2, 323.1)(420.2, 313.1)(435.7, 313.1)(435.7, 153.1)(326.7, 153.1);GATE
Port:(341.2, 153.1)(421.2, 153.1)(421.2, 163.1)(341.2, 163.1);SD
Port:(326.7, 323.1)(420.2, 323.1)(420.2, 313.1)(435.7, 313.1)(435.7, 168.1)(326.7, 168.1);GATE
Port:(336.7, 314.1)(405.7, 314.1)(405.7, 318.1)(336.7, 318.1);SD
Module:M12
Boundary:(485.7, 344.5)(597.2, 344.5)(597.2, 357.5)(612.7, 357.5)(612.7, 447.5)(485.7, 447.5);GATE
Port:(500.2, 437.5)(598.2, 437.5)(598.2, 447.5)(500.2, 447.5);SD
Port:(485.7, 344.5)(597.2, 344.5)(597.2, 357.5)(612.7, 357.5)(612.7, 432.5)(485.7, 432.5);GATE
Port:(495.7, 349.5)(582.7, 349.5)(582.7, 353.5)(495.7, 353.5);SD
Module:M4
Boundary:(27.2, 329.6)(156.8, 329.6)(156.8, 343.6)(172.2, 343.6)(172.2, 486.6)(27.2, 486.6);GATE
Port:(41.8, 476.6)(157.8, 476.6)(157.8, 486.6)(41.8, 486.6);SD
Port:(27.2, 329.6)(156.8, 329.6)(156.8, 343.6)(172.2, 343.6)(172.2, 471.6)(27.2, 471.6);GATE
Port:(37.2, 334.6)(142.2, 334.6)(142.2, 338.6)(37.2, 338.6);SD
Module:M15
Boundary:(323.8, 324.0)(323.8, 471.5)(307.8, 471.5)(307.8, 487.0)(225.8, 487.0)(225.8, 324.0);GATE
Port:(225.8, 338.5)(235.8, 338.5)(235.8, 472.5)(225.8, 472.5);SD
Port:(323.8, 324.0)(323.8, 471.5)(307.8, 471.5)(307.8, 487.0)(240.8, 487.0)(240.8, 324.0);GATE
Port:(314.8, 334.0)(318.8, 334.0)(318.8, 457.0)(314.8, 457.0);SD
Module:M18
Boundary:(343.0, 337.5)(436.5, 337.5)(436.5, 347.5)(452.0, 347.5)(452.0, 525.5)(343.0, 525.5);GATE
Port:(357.5, 515.5)(437.5, 515.5)(437.5, 525.5)(357.5, 525.5);SD
Port:(343.0, 337.5)(436.5, 337.5)(436.5, 347.5)(452.0, 347.5)(452.0, 510.5)(343.0, 510.5);GATE
Port:(353.0, 342.5)(422.0, 342.5)(422.0, 346.5)(353.0, 346.5);SD
Module:M10
Boundary:(591.4, 527.4)(591.4, 454.4)(452.4, 454.4)(452.4, 527.4);GATE
Port:(452.4, 468.9)(462.4, 468.9)(462.4, 512.9)(452.4, 512.9);SD
Port:(591.4, 527.4)(591.4, 454.4)(467.4, 454.4)(467.4, 527.4);GATE
Port:(582.4, 464.4)(586.4, 464.4)(586.4, 517.4)(582.4, 517.4);SD
Module:M7
Boundary:(568.7, 533.5)(568.7, 606.5)(440.7, 606.5)(440.7, 533.5);GATE
Port:(440.7, 548.0)(450.7, 548.0)(450.7, 592.0)(440.7, 592.0);SD
Port:(568.7, 533.5)(568.7, 606.5)(455.7, 606.5)(455.7, 533.5);GATE
Port:(559.7, 543.5)(563.7, 543.5)(563.7, 596.5)(559.7, 596.5);SD
Module:M11
Boundary:(46.1, 510.7)(175.6, 510.7)(175.6, 524.7)(191.1, 524.7)(191.1, 676.7)(46.1, 676.7);GATE
Port:(60.6, 666.7)(176.6, 666.7)(176.6, 676.7)(60.6, 676.7);SD
Port:(46.1, 510.7)(175.6, 510.7)(175.6, 524.7)(191.1, 524.7)(191.1, 661.7)(46.1, 661.7);GATE
Port:(56.1, 515.7)(161.1, 515.7)(161.1, 519.7)(56.1, 519.7);SD
Module:M14
Boundary:(307.0, 688.0)(307.0, 558.5)(272.3, 558.5)(272.3, 525.0)(222.0, 525.0)(222.0, 688.0);GATE
Port:(222.0, 539.5)(232.0, 539.5)(232.0, 673.5)(222.0, 673.5);SD
Port:(307.0, 688.0)(307.0, 558.5)(272.3, 558.5)(272.3, 525.0)(237.0, 525.0)(237.0, 688.0);GATE
Port:(298.0, 573.0)(302.0, 573.0)(302.0, 678.0)(298.0, 678.0);SD
Module:M8
Boundary:(313.6, 544.8)(389.1, 544.8)(389.1, 582.9)(440.6, 582.9)(440.6, 678.8)(313.6, 678.8);GATE
Port:(328.1, 668.8)(426.1, 668.8)(426.1, 678.8)(328.1, 678.8);SD
Port:(313.6, 544.8)(389.1, 544.8)(389.1, 582.9)(440.6, 582.9)(440.6, 663.8)(313.6, 663.8);GATE
Port:(323.6, 549.8)(374.6, 549.8)(374.6, 553.8)(323.6, 553.8);SD
Module:M20
Boundary:(226.0, 828.6)(226.0, 699.1)(212.0, 699.1)(212.0, 683.6)(27.0, 683.6)(27.0, 828.6);GATE
Port:(27.0, 698.1)(37.0, 698.1)(37.0, 814.1)(27.0, 814.1);SD
Port:(226.0, 828.6)(226.0, 699.1)(212.0, 699.1)(212.0, 683.6)(42.0, 683.6)(42.0, 828.6);GATE
Port:(217.0, 713.6)(221.0, 713.6)(221.0, 818.6)(217.0, 818.6);SD
Module:M17
Boundary:(419.4, 855.8)(419.4, 762.3)(409.3, 762.3)(409.3, 746.8)(232.4, 746.8)(232.4, 855.8);GATE
Port:(232.4, 761.3)(242.4, 761.3)(242.4, 841.3)(232.4, 841.3);SD
Port:(419.4, 855.8)(419.4, 762.3)(409.3, 762.3)(409.3, 746.8)(247.4, 746.8)(247.4, 855.8);GATE
Port:(410.4, 776.8)(414.4, 776.8)(414.4, 845.8)(410.4, 845.8);SD
Module:M9
Boundary:(570.0, 825.0)(458.5, 825.0)(458.5, 811.0)(443.0, 811.0)(443.0, 655.0)(570.0, 655.0);GATE
Port:(457.5, 655.0)(555.5, 655.0)(555.5, 665.0)(457.5, 665.0);SD
Port:(570.0, 825.0)(458.5, 825.0)(458.5, 811.0)(443.0, 811.0)(443.0, 670.0)(570.0, 670.0);GATE
Port:(473.0, 816.0)(560.0, 816.0)(560.0, 820.0)(473.0, 820.0);SD
