Area:(-17.4, -20.0)(1048.2, -20.0)(1048.2, 601.6)(-17.4, 601.6)
Rule:GATE(5,5);SD(5,5);GATE_SD(0.5);GATE_ITO(0.5);SD_ITO(0.5)
Module:M11
Boundary:(140.7, 156.0)(140.7, 62.5)(150.7, 62.5)(150.7, 47.0)(226.7, 47.0)(226.7, 156.0);GATE
Port:(216.7, 61.5)(226.7, 61.5)(226.7, 141.5)(216.7, 141.5);SD
Port:(140.7, 156.0)(140.7, 62.5)(150.7, 62.5)(150.7, 47.0)(211.7, 47.0)(211.7, 156.0);GATE
Port:(145.7, 77.0)(149.7, 77.0)(149.7, 146.0)(145.7, 146.0);SD
Module:M5
Boundary:(275.5, 20.0)(275.5, 113.5)(285.5, 113.5)(285.5, 129.0)(375.5, 129.0)(375.5, 20.0);GATE
Port:(365.5, 34.5)(375.5, 34.5)(375.5, 114.5)(365.5, 114.5);SD
Port:(275.5, 20.0)(275.5, 113.5)(285.5, 113.5)(285.5, 129.0)(360.5, 129.0)(360.5, 20.0);GATE
Port:(280.5, 30.0)(284.5, 30.0)(284.5, 99.0)(280.5, 99.0);SD
Module:M18
Boundary:(435.5, 20.0)(565.0, 20.0)(565.0, 34.0)(580.5, 34.0)(580.5, 138.0)(435.5, 138.0);GATE
Port:(450.0, 128.0)(566.0, 128.0)(566.0, 138.0)(450.0, 138.0);SD
Port:(435.5, 20.0)(565.0, 20.0)(565.0, 34.0)(580.5, 34.0)(580.5, 123.0)(435.5, 123.0);GATE
Port:(445.5, 25.0)(550.5, 25.0)(550.5, 29.0)(445.5, 29.0);SD
Module:M13
Boundary:(97.9, 51.4)(97.9, 144.9)(70.7, 144.9)(70.7, 178.4)(23.9, 178.4)(23.9, 51.4);GATE
Port:(23.9, 65.9)(33.9, 65.9)(33.9, 163.9)(23.9, 163.9);SD
Port:(97.9, 51.4)(97.9, 144.9)(70.7, 144.9)(70.7, 178.4)(38.9, 178.4)(38.9, 51.4);GATE
Port:(88.9, 61.4)(92.9, 61.4)(92.9, 130.4)(88.9, 130.4);SD
Module:M15
Boundary:(1008.2, 20.0)(878.7, 20.0)(878.7, 100.3)(809.2, 100.3)(809.2, 202.0)(1008.2, 202.0);GATE
Port:(823.7, 192.0)(993.7, 192.0)(993.7, 202.0)(823.7, 202.0);SD
Port:(1008.2, 20.0)(878.7, 20.0)(878.7, 100.3)(809.2, 100.3)(809.2, 187.0)(1008.2, 187.0);GATE
Port:(893.2, 25.0)(998.2, 25.0)(998.2, 29.0)(893.2, 29.0);SD
Module:M19
Boundary:(787.1, 215.3)(693.6, 215.3)(693.6, 205.3)(678.1, 205.3)(678.1, 29.3)(787.1, 29.3);GATE
Port:(692.6, 29.3)(772.6, 29.3)(772.6, 39.3)(692.6, 39.3);SD
Port:(787.1, 215.3)(693.6, 215.3)(693.6, 205.3)(678.1, 205.3)(678.1, 44.3)(787.1, 44.3);GATE
Port:(708.1, 206.3)(777.1, 206.3)(777.1, 210.3)(708.1, 210.3);SD
Module:M7
Boundary:(586.7, 216.0)(659.7, 216.0)(659.7, 20.0)(586.7, 20.0);GATE
Port:(601.2, 20.0)(645.2, 20.0)(645.2, 30.0)(601.2, 30.0);SD
Port:(586.7, 216.0)(659.7, 216.0)(659.7, 35.0)(586.7, 35.0);GATE
Port:(596.7, 207.0)(649.7, 207.0)(649.7, 211.0)(596.7, 211.0);SD
Module:M16
Boundary:(22.6, 189.7)(95.6, 189.7)(95.6, 308.7)(22.6, 308.7);GATE
Port:(37.1, 298.7)(81.1, 298.7)(81.1, 308.7)(37.1, 308.7);SD
Port:(22.6, 189.7)(95.6, 189.7)(95.6, 293.7)(22.6, 293.7);GATE
Port:(32.6, 194.7)(85.6, 194.7)(85.6, 198.7)(32.6, 198.7);SD
Module:M10
Boundary:(408.1, 179.3)(537.6, 179.3)(537.6, 193.3)(553.1, 193.3)(553.1, 311.3)(408.1, 311.3);GATE
Port:(422.6, 301.3)(538.6, 301.3)(538.6, 311.3)(422.6, 311.3);SD
Port:(408.1, 179.3)(537.6, 179.3)(537.6, 193.3)(553.1, 193.3)(553.1, 296.3)(408.1, 296.3);GATE
Port:(418.1, 184.3)(523.1, 184.3)(523.1, 188.3)(418.1, 188.3);SD
Module:M6
Boundary:(400.0, 138.3)(270.5, 138.3)(270.5, 236.3)(165.0, 236.3)(165.0, 282.3)(400.0, 282.3);GATE
Port:(179.5, 272.3)(385.5, 272.3)(385.5, 282.3)(179.5, 282.3);SD
Port:(400.0, 138.3)(270.5, 138.3)(270.5, 236.3)(165.0, 236.3)(165.0, 267.3)(400.0, 267.3);GATE
Port:(285.0, 143.3)(390.0, 143.3)(390.0, 147.3)(285.0, 147.3);SD
Module:M12
Boundary:(999.1, 257.6)(941.6, 257.6)(941.6, 355.5)(764.1, 355.5)(764.1, 425.6)(999.1, 425.6);GATE
Port:(778.6, 415.6)(984.6, 415.6)(984.6, 425.6)(778.6, 425.6);SD
Port:(999.1, 257.6)(941.6, 257.6)(941.6, 355.5)(764.1, 355.5)(764.1, 410.6)(999.1, 410.6);GATE
Port:(956.1, 262.6)(989.1, 262.6)(989.1, 266.6)(956.1, 266.6);SD
Module:M17
Boundary:(503.6, 353.0)(374.1, 353.0)(374.1, 367.0)(358.6, 367.0)(358.6, 415.0)(503.6, 415.0);GATE
Port:(373.1, 405.0)(489.1, 405.0)(489.1, 415.0)(373.1, 415.0);SD
Port:(503.6, 353.0)(374.1, 353.0)(374.1, 367.0)(358.6, 367.0)(358.6, 400.0)(503.6, 400.0);GATE
Port:(388.6, 358.0)(493.6, 358.0)(493.6, 362.0)(388.6, 362.0);SD
Module:M14
Boundary:(49.6, 397.6)(197.1, 397.6)(197.1, 381.7)(212.6, 381.7)(212.6, 333.6)(49.6, 333.6);GATE
Port:(64.1, 333.6)(198.1, 333.6)(198.1, 343.6)(64.1, 343.6);SD
Port:(49.6, 397.6)(197.1, 397.6)(197.1, 381.7)(212.6, 381.7)(212.6, 348.6)(49.6, 348.6);GATE
Port:(59.6, 388.6)(182.6, 388.6)(182.6, 392.6)(59.6, 392.6);SD
Module:M1
Boundary:(761.2, 256.0)(761.2, 403.5)(745.2, 403.5)(745.2, 419.0)(615.2, 419.0)(615.2, 256.0);GATE
Port:(615.2, 270.5)(625.2, 270.5)(625.2, 404.5)(615.2, 404.5);SD
Port:(761.2, 256.0)(761.2, 403.5)(745.2, 403.5)(745.2, 419.0)(630.2, 419.0)(630.2, 256.0);GATE
Port:(752.2, 266.0)(756.2, 266.0)(756.2, 389.0)(752.2, 389.0);SD
Module:M8
Boundary:(300.7, 511.4)(300.7, 381.9)(272.7, 381.9)(272.7, 330.4)(235.7, 330.4)(235.7, 511.4);GATE
Port:(235.7, 344.9)(245.7, 344.9)(245.7, 496.9)(235.7, 496.9);SD
Port:(300.7, 511.4)(300.7, 381.9)(272.7, 381.9)(272.7, 330.4)(250.7, 330.4)(250.7, 511.4);GATE
Port:(291.7, 396.4)(295.7, 396.4)(295.7, 501.4)(291.7, 501.4);SD
Module:M2
Boundary:(200.5, 511.8)(200.5, 418.3)(190.5, 418.3)(190.5, 402.8)(74.5, 402.8)(74.5, 511.8);GATE
Port:(74.5, 417.3)(84.5, 417.3)(84.5, 497.3)(74.5, 497.3);SD
Port:(200.5, 511.8)(200.5, 418.3)(190.5, 418.3)(190.5, 402.8)(89.5, 402.8)(89.5, 511.8);GATE
Port:(191.5, 432.8)(195.5, 432.8)(195.5, 501.8)(191.5, 501.8);SD
Module:M3
Boundary:(582.1, 344.6)(582.1, 492.1)(544.1, 492.1)(544.1, 561.6)(507.1, 561.6)(507.1, 344.6);GATE
Port:(507.1, 359.1)(517.1, 359.1)(517.1, 547.1)(507.1, 547.1);SD
Port:(582.1, 344.6)(582.1, 492.1)(544.1, 492.1)(544.1, 561.6)(522.1, 561.6)(522.1, 344.6);GATE
Port:(573.1, 354.6)(577.1, 354.6)(577.1, 477.6)(573.1, 477.6);SD
Module:M20
Boundary:(780.6, 432.2)(780.6, 525.7)(770.6, 525.7)(770.6, 541.2)(583.6, 541.2)(583.6, 432.2);GATE
Port:(583.6, 446.7)(593.6, 446.7)(593.6, 526.7)(583.6, 526.7);SD
Port:(780.6, 432.2)(780.6, 525.7)(770.6, 525.7)(770.6, 541.2)(598.6, 541.2)(598.6, 432.2);GATE
Port:(771.6, 442.2)(775.6, 442.2)(775.6, 511.2)(771.6, 511.2);SD
Module:M9
Boundary:(987.3, 561.2)(839.8, 561.2)(839.8, 545.2)(824.3, 545.2)(824.3, 447.2)(987.3, 447.2);GATE
Port:(838.8, 447.2)(972.8, 447.2)(972.8, 457.2)(838.8, 457.2);SD
Port:(987.3, 561.2)(839.8, 561.2)(839.8, 545.2)(824.3, 545.2)(824.3, 462.2)(987.3, 462.2);GATE
Port:(854.3, 552.2)(977.3, 552.2)(977.3, 556.2)(854.3, 556.2);SD
Module:M4
Boundary:(354.8, 417.5)(484.3, 417.5)(484.3, 431.5)(499.8, 431.5)(499.8, 531.5)(354.8, 531.5);GATE
Port:(369.3, 521.5)(485.3, 521.5)(485.3, 531.5)(369.3, 531.5);SD
Port:(354.8, 417.5)(484.3, 417.5)(484.3, 431.5)(499.8, 431.5)(499.8, 516.5)(354.8, 516.5);GATE
Port:(364.8, 422.5)(469.8, 422.5)(469.8, 426.5)(364.8, 426.5);SD
