Area:(-20.0, -10.1)(926.0, -10.1)(926.0, 796.3)(-20.0, 796.3)
Rule:GATE(5,5);SD(5,5);GATE_SD(0.5);GATE_ITO(0.5);SD_ITO(0.5)
Module:M22
Boundary:(59.1, 66.4)(59.1, 139.4)(198.2, 139.4)(198.2, 66.4);GATE
Port:(188.2, 80.9)(198.2, 80.9)(198.2, 124.9)(188.2, 124.9);SD
Port:(59.1, 66.4)(59.1, 139.4)(183.2, 139.4)(183.2, 66.4);GATE
Port:(64.2, 76.4)(68.2, 76.4)(68.2, 129.4)(64.2, 129.4);SD
Module:M11
Boundary:(481.5, 130.2)(593.0, 130.2)(593.0, 105.1)(662.5, 105.1)(662.5, 57.2)(481.5, 57.2);GATE
Port:(496.0, 57.2)(648.0, 57.2)(648.0, 67.2)(496.0, 67.2);SD
Port:(481.5, 130.2)(593.0, 130.2)(593.0, 105.1)(662.5, 105.1)(662.5, 72.2)(481.5, 72.2);GATE
Port:(491.5, 121.2)(578.5, 121.2)(578.5, 125.2)(491.5, 125.2);SD
Module:M13
Boundary:(359.6, 53.9)(230.1, 53.9)(230.1, 67.9)(214.6, 67.9)(214.6, 130.9)(359.6, 130.9);GATE
Port:(229.1, 120.9)(345.1, 120.9)(345.1, 130.9)(229.1, 130.9);SD
Port:(359.6, 53.9)(230.1, 53.9)(230.1, 67.9)(214.6, 67.9)(214.6, 115.9)(359.6, 115.9);GATE
Port:(244.6, 58.9)(349.6, 58.9)(349.6, 62.9)(244.6, 62.9);SD
Module:M15
Boundary:(457.7, 29.9)(381.7, 29.9)(381.7, 37.9)(366.7, 37.9)(366.7, 108.9)(457.7, 108.9);GATE
Port:(381.2, 98.9)(443.2, 98.9)(443.2, 108.9)(381.2, 108.9);SD
Port:(457.7, 29.9)(381.7, 29.9)(381.7, 37.9)(366.7, 37.9)(366.7, 93.9)(457.7, 93.9);GATE
Port:(396.7, 34.9)(447.7, 34.9)(447.7, 38.9)(396.7, 38.9);SD
Module:M25
Boundary:(850.7, 154.6)(703.2, 154.6)(703.2, 138.6)(687.7, 138.6)(687.7, 70.6)(850.7, 70.6);GATE
Port:(702.2, 70.6)(836.2, 70.6)(836.2, 80.6)(702.2, 80.6);SD
Port:(850.7, 154.6)(703.2, 154.6)(703.2, 138.6)(687.7, 138.6)(687.7, 85.6)(850.7, 85.6);GATE
Port:(717.7, 145.6)(840.7, 145.6)(840.7, 149.6)(717.7, 149.6);SD
Module:M21
Boundary:(473.3, 143.0)(379.8, 143.0)(379.8, 153.0)(364.3, 153.0)(364.3, 258.0)(473.3, 258.0);GATE
Port:(378.8, 248.0)(458.8, 248.0)(458.8, 258.0)(378.8, 258.0);SD
Port:(473.3, 143.0)(379.8, 143.0)(379.8, 153.0)(364.3, 153.0)(364.3, 243.0)(473.3, 243.0);GATE
Port:(394.3, 148.0)(463.3, 148.0)(463.3, 152.0)(394.3, 152.0);SD
Module:M18
Boundary:(642.1, 308.6)(642.1, 197.1)(723.8, 197.1)(723.8, 163.6)(823.1, 163.6)(823.1, 308.6);GATE
Port:(813.1, 178.1)(823.1, 178.1)(823.1, 294.1)(813.1, 294.1);SD
Port:(642.1, 308.6)(642.1, 197.1)(723.8, 197.1)(723.8, 163.6)(808.1, 163.6)(808.1, 308.6);GATE
Port:(647.1, 211.6)(651.1, 211.6)(651.1, 298.6)(647.1, 298.6);SD
Module:M10
Boundary:(473.5, 133.0)(531.0, 133.0)(531.0, 199.9)(636.5, 199.9)(636.5, 293.0)(473.5, 293.0);GATE
Port:(488.0, 283.0)(622.0, 283.0)(622.0, 293.0)(488.0, 293.0);SD
Port:(473.5, 133.0)(531.0, 133.0)(531.0, 199.9)(636.5, 199.9)(636.5, 278.0)(473.5, 278.0);GATE
Port:(483.5, 138.0)(516.5, 138.0)(516.5, 142.0)(483.5, 142.0);SD
Module:M1
Boundary:(46.1, 149.1)(157.6, 149.1)(157.6, 259.2)(353.1, 259.2)(353.1, 328.1)(46.1, 328.1);GATE
Port:(60.6, 318.1)(338.6, 318.1)(338.6, 328.1)(60.6, 328.1);SD
Port:(46.1, 149.1)(157.6, 149.1)(157.6, 259.2)(353.1, 259.2)(353.1, 313.1)(46.1, 313.1);GATE
Port:(56.1, 154.1)(143.1, 154.1)(143.1, 158.1)(56.1, 158.1);SD
Module:M12
Boundary:(458.0, 312.4)(382.0, 312.4)(382.0, 320.4)(367.0, 320.4)(367.0, 382.4)(458.0, 382.4);GATE
Port:(381.5, 372.4)(443.5, 372.4)(443.5, 382.4)(381.5, 382.4);SD
Port:(458.0, 312.4)(382.0, 312.4)(382.0, 320.4)(367.0, 320.4)(367.0, 367.4)(458.0, 367.4);GATE
Port:(397.0, 317.4)(448.0, 317.4)(448.0, 321.4)(397.0, 321.4);SD
Module:M19
Boundary:(316.3, 350.7)(316.3, 426.7)(308.3, 426.7)(308.3, 441.7)(188.3, 441.7)(188.3, 350.7);GATE
Port:(188.3, 365.2)(198.3, 365.2)(198.3, 427.2)(188.3, 427.2);SD
Port:(316.3, 350.7)(316.3, 426.7)(308.3, 426.7)(308.3, 441.7)(203.3, 441.7)(203.3, 350.7);GATE
Port:(307.3, 360.7)(311.3, 360.7)(311.3, 411.7)(307.3, 411.7);SD
Module:M6
Boundary:(42.2, 451.7)(135.7, 451.7)(135.7, 399.9)(169.2, 399.9)(169.2, 328.7)(42.2, 328.7);GATE
Port:(56.7, 328.7)(154.7, 328.7)(154.7, 338.7)(56.7, 338.7);SD
Port:(42.2, 451.7)(135.7, 451.7)(135.7, 399.9)(169.2, 399.9)(169.2, 343.7)(42.2, 343.7);GATE
Port:(52.2, 442.7)(121.2, 442.7)(121.2, 446.7)(52.2, 446.7);SD
Module:M14
Boundary:(671.7, 499.0)(524.2, 499.0)(524.2, 422.8)(490.7, 422.8)(490.7, 333.0)(671.7, 333.0);GATE
Port:(505.2, 333.0)(657.2, 333.0)(657.2, 343.0)(505.2, 343.0);SD
Port:(671.7, 499.0)(524.2, 499.0)(524.2, 422.8)(490.7, 422.8)(490.7, 348.0)(671.7, 348.0);GATE
Port:(538.7, 490.0)(661.7, 490.0)(661.7, 494.0)(538.7, 494.0);SD
Module:M23
Boundary:(482.1, 489.7)(388.6, 489.7)(388.6, 474.7)(373.1, 474.7)(373.1, 391.7)(482.1, 391.7);GATE
Port:(387.6, 391.7)(467.6, 391.7)(467.6, 401.7)(387.6, 401.7);SD
Port:(482.1, 489.7)(388.6, 489.7)(388.6, 474.7)(373.1, 474.7)(373.1, 406.7)(482.1, 406.7);GATE
Port:(403.1, 480.7)(472.1, 480.7)(472.1, 484.7)(403.1, 484.7);SD
Module:M17
Boundary:(882.6, 328.5)(882.6, 422.0)(824.4, 422.0)(824.4, 545.5)(722.6, 545.5)(722.6, 328.5);GATE
Port:(722.6, 343.0)(732.6, 343.0)(732.6, 531.0)(722.6, 531.0);SD
Port:(882.6, 328.5)(882.6, 422.0)(824.4, 422.0)(824.4, 545.5)(737.6, 545.5)(737.6, 328.5);GATE
Port:(873.6, 338.5)(877.6, 338.5)(877.6, 407.5)(873.6, 407.5);SD
Module:M8
Boundary:(529.6, 527.0)(529.6, 600.0)(332.6, 600.0)(332.6, 527.0);GATE
Port:(332.6, 541.5)(342.6, 541.5)(342.6, 585.5)(332.6, 585.5);SD
Port:(529.6, 527.0)(529.6, 600.0)(347.6, 600.0)(347.6, 527.0);GATE
Port:(520.6, 537.0)(524.6, 537.0)(524.6, 590.0)(520.6, 590.0);SD
Module:M20
Boundary:(540.0, 499.7)(540.0, 575.7)(548.0, 575.7)(548.0, 590.7)(665.0, 590.7)(665.0, 499.7);GATE
Port:(655.0, 514.2)(665.0, 514.2)(665.0, 576.2)(655.0, 576.2);SD
Port:(540.0, 499.7)(540.0, 575.7)(548.0, 575.7)(548.0, 590.7)(650.0, 590.7)(650.0, 499.7);GATE
Port:(545.0, 509.7)(549.0, 509.7)(549.0, 560.7)(545.0, 560.7);SD
Module:M4
Boundary:(211.3, 610.5)(211.3, 463.0)(227.3, 463.0)(227.3, 447.5)(309.3, 447.5)(309.3, 610.5);GATE
Port:(299.3, 462.0)(309.3, 462.0)(309.3, 596.0)(299.3, 596.0);SD
Port:(211.3, 610.5)(211.3, 463.0)(227.3, 463.0)(227.3, 447.5)(294.3, 447.5)(294.3, 610.5);GATE
Port:(216.3, 477.5)(220.3, 477.5)(220.3, 600.5)(216.3, 600.5);SD
Module:M5
Boundary:(886.0, 547.5)(756.5, 547.5)(756.5, 561.5)(741.0, 561.5)(741.0, 618.5)(886.0, 618.5);GATE
Port:(755.5, 608.5)(871.5, 608.5)(871.5, 618.5)(755.5, 618.5);SD
Port:(886.0, 547.5)(756.5, 547.5)(756.5, 561.5)(741.0, 561.5)(741.0, 603.5)(886.0, 603.5);GATE
Port:(771.0, 552.5)(876.0, 552.5)(876.0, 556.5)(771.0, 556.5);SD
Module:M16
Boundary:(161.0, 458.5)(161.0, 588.0)(147.0, 588.0)(147.0, 603.5)(20.0, 603.5)(20.0, 458.5);GATE
Port:(20.0, 473.0)(30.0, 473.0)(30.0, 589.0)(20.0, 589.0);SD
Port:(161.0, 458.5)(161.0, 588.0)(147.0, 588.0)(147.0, 603.5)(35.0, 603.5)(35.0, 458.5);GATE
Port:(152.0, 468.5)(156.0, 468.5)(156.0, 573.5)(152.0, 573.5);SD
Module:M3
Boundary:(362.1, 667.4)(362.1, 740.4)(219.1, 740.4)(219.1, 667.4);GATE
Port:(219.1, 681.9)(229.1, 681.9)(229.1, 725.9)(219.1, 725.9);SD
Port:(362.1, 667.4)(362.1, 740.4)(234.1, 740.4)(234.1, 667.4);GATE
Port:(353.1, 677.4)(357.1, 677.4)(357.1, 730.4)(353.1, 730.4);SD
Module:M24
Boundary:(520.0, 622.6)(520.0, 716.1)(504.0, 716.1)(504.0, 731.6)(402.0, 731.6)(402.0, 622.6);GATE
Port:(402.0, 637.1)(412.0, 637.1)(412.0, 717.1)(402.0, 717.1);SD
Port:(520.0, 622.6)(520.0, 716.1)(504.0, 716.1)(504.0, 731.6)(417.0, 731.6)(417.0, 622.6);GATE
Port:(511.0, 632.6)(515.0, 632.6)(515.0, 701.6)(511.0, 701.6);SD
Module:M7
Boundary:(172.6, 756.3)(79.1, 756.3)(79.1, 746.3)(63.6, 746.3)(63.6, 692.3)(172.6, 692.3);GATE
Port:(78.1, 692.3)(158.1, 692.3)(158.1, 702.3)(78.1, 702.3);SD
Port:(172.6, 756.3)(79.1, 756.3)(79.1, 746.3)(63.6, 746.3)(63.6, 707.3)(172.6, 707.3);GATE
Port:(93.6, 747.3)(162.6, 747.3)(162.6, 751.3)(93.6, 751.3);SD
Module:M9
Boundary:(523.1, 657.3)(652.6, 657.3)(652.6, 671.3)(668.1, 671.3)(668.1, 755.3)(523.1, 755.3);GATE
Port:(537.6, 745.3)(653.6, 745.3)(653.6, 755.3)(537.6, 755.3);SD
Port:(523.1, 657.3)(652.6, 657.3)(652.6, 671.3)(668.1, 671.3)(668.1, 740.3)(523.1, 740.3);GATE
Port:(533.1, 662.3)(638.1, 662.3)(638.1, 666.3)(533.1, 666.3);SD
Module:M2
Boundary:(673.0, 654.5)(673.0, 727.5)(847.0, 727.5)(847.0, 654.5);GATE
Port:(837.0, 669.0)(847.0, 669.0)(847.0, 713.0)(837.0, 713.0);SD
Port:(673.0, 654.5)(673.0, 727.5)(832.0, 727.5)(832.0, 654.5);GATE
Port:(678.0, 664.5)(682.0, 664.5)(682.0, 717.5)(678.0, 717.5);SD
