Area:(-20.0, -20.0)(696.1, -20.0)(696.1, 1726.7)(-20.0, 1726.7)
Rule:GATE(5,5);SD(5,5);GATE_SD(0.5);GATE_ITO(0.5);SD_ITO(0.5)
Module:M14
Boundary:(354.2, 1336.5)(439.6, 1336.5)(439.6, 1415.3)(455.7, 1415.3)(455.7, 1518.2)(354.2, 1518.2);GATE
Port:(367.5, 1512.9)(442.4, 1512.9)(442.4, 1518.2)(367.5, 1518.2);SD
Port:(354.2, 1336.5)(439.6, 1336.5)(439.6, 1415.3)(455.7, 1415.3)(455.7, 1511.2)(354.2, 1511.2);GATE
Port:(359.6, 1340.9)(433.2, 1340.9)(433.2, 1346.9)(359.6, 1346.9);SD
Module:M9
Boundary:(160.3, 167.0)(210.6, 167.0)(210.6, 167.0)(226.1, 167.0)(226.1, 313.6)(160.3, 313.6);GATE
Port:(174.1, 309.1)(212.3, 309.1)(212.3, 313.6)(174.1, 313.6);SD
Port:(160.3, 167.0)(210.6, 167.0)(210.6, 167.0)(226.1, 167.0)(226.1, 306.2)(160.3, 306.2);GATE
Port:(167.2, 172.9)(203.7, 172.9)(203.7, 178.9)(167.2, 178.9);SD
Module:M5
Boundary:(650.5, 793.5)(650.5, 826.6)(650.4, 826.6)(650.4, 840.4)(518.4, 840.4)(518.4, 793.5);GATE
Port:(518.4, 806.8)(524.3, 806.8)(524.3, 827.1)(518.4, 827.1);SD
Port:(650.5, 793.5)(650.5, 826.6)(650.4, 826.6)(650.4, 840.4)(526.9, 840.4)(526.9, 793.5);GATE
Port:(639.2, 800.0)(645.0, 800.0)(645.0, 820.1)(639.2, 820.1);SD
Module:M11
Boundary:(478.4, 777.2)(478.4, 838.5)(378.5, 838.5)(378.5, 777.2);GATE
Port:(378.5, 789.7)(382.6, 789.7)(382.6, 826.0)(378.5, 826.0);SD
Port:(478.4, 777.2)(478.4, 838.5)(385.2, 838.5)(385.2, 777.2);GATE
Port:(467.6, 783.7)(472.9, 783.7)(472.9, 832.0)(467.6, 832.0);SD
Module:M1
Boundary:(159.2, 973.5)(159.2, 1003.7)(159.1, 1003.7)(159.1, 1018.8)(20.0, 1018.8)(20.0, 973.5);GATE
Port:(20.0, 985.1)(25.9, 985.1)(25.9, 1007.2)(20.0, 1007.2);SD
Port:(159.2, 973.5)(159.2, 1003.7)(159.1, 1003.7)(159.1, 1018.8)(27.0, 1018.8)(27.0, 973.5);GATE
Port:(149.4, 978.6)(155.1, 978.6)(155.1, 998.6)(149.4, 998.6);SD
Module:M43
Boundary:(596.9, 20.0)(596.9, 88.3)(596.5, 88.3)(596.5, 105.5)(478.1, 105.5)(478.1, 20.0);GATE
Port:(478.1, 33.3)(484.1, 33.3)(484.1, 92.2)(478.1, 92.2);SD
Port:(596.9, 20.0)(596.9, 88.3)(596.5, 88.3)(596.5, 105.5)(486.1, 105.5)(486.1, 20.0);GATE
Port:(587.0, 26.1)(591.8, 26.1)(591.8, 82.2)(587.0, 82.2);SD
Module:M38
Boundary:(150.2, 353.6)(206.5, 353.6)(206.5, 436.0)(223.2, 436.0)(223.2, 545.5)(150.2, 545.5);GATE
Port:(165.7, 540.5)(207.7, 540.5)(207.7, 545.5)(165.7, 545.5);SD
Port:(150.2, 353.6)(206.5, 353.6)(206.5, 436.0)(223.2, 436.0)(223.2, 538.7)(150.2, 538.7);GATE
Port:(156.1, 358.5)(199.6, 358.5)(199.6, 365.8)(156.1, 365.8);SD
Module:M40
Boundary:(568.0, 309.8)(617.6, 309.8)(617.6, 341.4)(632.5, 341.4)(632.5, 380.9)(568.0, 380.9);GATE
Port:(580.5, 375.4)(620.0, 375.4)(620.0, 380.9)(580.5, 380.9);SD
Port:(568.0, 309.8)(617.6, 309.8)(617.6, 341.4)(632.5, 341.4)(632.5, 372.5)(568.0, 372.5);GATE
Port:(573.6, 314.4)(611.0, 314.4)(611.0, 320.1)(573.6, 320.1);SD
Module:M35
Boundary:(480.0, 880.4)(480.0, 946.1)(479.6, 946.1)(479.6, 962.2)(378.5, 962.2)(378.5, 880.4);GATE
Port:(378.5, 893.5)(383.8, 893.5)(383.8, 949.1)(378.5, 949.1);SD
Port:(480.0, 880.4)(480.0, 946.1)(479.6, 946.1)(479.6, 962.2)(385.5, 962.2)(385.5, 880.4);GATE
Port:(469.3, 886.4)(475.0, 886.4)(475.0, 940.1)(469.3, 940.1);SD
Module:M32
Boundary:(513.4, 1568.2)(513.4, 1651.6)(428.1, 1651.6)(428.1, 1666.0)(343.6, 1666.0)(343.6, 1568.2);GATE
Port:(343.6, 1582.3)(349.1, 1582.3)(349.1, 1651.9)(343.6, 1651.9);SD
Port:(513.4, 1568.2)(513.4, 1651.6)(428.1, 1651.6)(428.1, 1666.0)(350.8, 1666.0)(350.8, 1568.2);GATE
Port:(501.4, 1575.1)(507.5, 1575.1)(507.5, 1643.7)(501.4, 1643.7);SD
Module:M27
Boundary:(434.4, 299.8)(501.9, 299.8)(501.9, 299.9)(518.0, 299.9)(518.0, 513.7)(434.4, 513.7);GATE
Port:(448.4, 509.4)(504.0, 509.4)(504.0, 513.7)(448.4, 513.7);SD
Port:(434.4, 299.8)(501.9, 299.8)(501.9, 299.9)(518.0, 299.9)(518.0, 507.0)(434.4, 507.0);GATE
Port:(440.1, 304.5)(496.2, 304.5)(496.2, 311.5)(440.1, 311.5);SD
Module:M24
Boundary:(563.4, 1555.1)(638.9, 1555.1)(638.9, 1607.4)(652.2, 1607.4)(652.2, 1681.9)(563.4, 1681.9);GATE
Port:(575.5, 1676.1)(640.1, 1676.1)(640.1, 1681.9)(575.5, 1681.9);SD
Port:(563.4, 1555.1)(638.9, 1555.1)(638.9, 1607.4)(652.2, 1607.4)(652.2, 1674.7)(563.4, 1674.7);GATE
Port:(568.6, 1559.3)(632.7, 1559.3)(632.7, 1565.3)(568.6, 1565.3);SD
Module:M19
Boundary:(301.1, 1334.2)(301.1, 1415.5)(300.9, 1415.5)(300.9, 1431.9)(144.2, 1431.9)(144.2, 1334.2);GATE
Port:(144.2, 1347.0)(148.9, 1347.0)(148.9, 1419.1)(144.2, 1419.1);SD
Port:(301.1, 1334.2)(301.1, 1415.5)(300.9, 1415.5)(300.9, 1431.9)(150.8, 1431.9)(150.8, 1334.2);GATE
Port:(291.4, 1339.3)(297.0, 1339.3)(297.0, 1410.4)(291.4, 1410.4);SD
Module:M6
Boundary:(200.3, 866.7)(311.7, 866.7)(311.7, 982.5)(328.4, 982.5)(328.4, 1059.2)(200.3, 1059.2);GATE
Port:(216.3, 1053.8)(312.4, 1053.8)(312.4, 1059.2)(216.3, 1059.2);SD
Port:(200.3, 866.7)(311.7, 866.7)(311.7, 982.5)(328.4, 982.5)(328.4, 1051.9)(200.3, 1051.9);GATE
Port:(207.0, 872.4)(304.0, 872.4)(304.0, 880.0)(207.0, 880.0);SD
Module:M21
Boundary:(20.0, 20.0)(120.3, 20.0)(120.3, 188.4)(20.0, 188.4);GATE
Port:(33.2, 184.3)(107.1, 184.3)(107.1, 188.4)(33.2, 188.4);SD
Port:(20.0, 20.0)(120.3, 20.0)(120.3, 181.6)(20.0, 181.6);GATE
Port:(25.9, 24.9)(114.4, 24.9)(114.4, 31.1)(25.9, 31.1);SD
Module:M2
Boundary:(654.2, 687.5)(654.2, 738.4)(629.7, 738.4)(629.7, 753.5)(551.3, 753.5)(551.3, 687.5);GATE
Port:(551.3, 700.8)(555.6, 700.8)(555.6, 740.2)(551.3, 740.2);SD
Port:(654.2, 687.5)(654.2, 738.4)(629.7, 738.4)(629.7, 753.5)(556.7, 753.5)(556.7, 687.5);GATE
Port:(643.4, 693.6)(649.1, 693.6)(649.1, 731.3)(643.4, 731.3);SD
Module:M16
Boundary:(495.7, 1413.6)(608.3, 1413.6)(608.3, 1437.3)(625.9, 1437.3)(625.9, 1515.1)(495.7, 1515.1);GATE
Port:(510.3, 1510.5)(611.3, 1510.5)(611.3, 1515.1)(510.3, 1515.1);SD
Port:(495.7, 1413.6)(608.3, 1413.6)(608.3, 1437.3)(625.9, 1437.3)(625.9, 1509.0)(495.7, 1509.0);GATE
Port:(501.5, 1418.4)(601.5, 1418.4)(601.5, 1424.9)(501.5, 1424.9);SD
Module:M13
Boundary:(647.3, 1164.6)(647.3, 1249.2)(497.1, 1249.2)(497.1, 1164.6);GATE
Port:(497.1, 1178.4)(503.1, 1178.4)(503.1, 1235.4)(497.1, 1235.4);SD
Port:(647.3, 1164.6)(647.3, 1249.2)(505.4, 1249.2)(505.4, 1164.6);GATE
Port:(636.7, 1171.0)(641.9, 1171.0)(641.9, 1242.8)(636.7, 1242.8);SD
Module:M45
Boundary:(20.0, 577.0)(109.3, 577.0)(109.3, 777.2)(20.0, 777.2);GATE
Port:(31.7, 772.0)(97.6, 772.0)(97.6, 777.2)(31.7, 777.2);SD
Port:(20.0, 577.0)(109.3, 577.0)(109.3, 769.0)(20.0, 769.0);GATE
Port:(25.9, 581.9)(103.4, 581.9)(103.4, 586.2)(25.9, 586.2);SD
Module:M10
Boundary:(320.2, 1099.2)(320.2, 1145.1)(250.1, 1145.1)(250.1, 1159.4)(195.3, 1159.4)(195.3, 1099.2);GATE
Port:(195.3, 1110.4)(199.8, 1110.4)(199.8, 1148.2)(195.3, 1148.2);SD
Port:(320.2, 1099.2)(320.2, 1145.1)(250.1, 1145.1)(250.1, 1159.4)(202.4, 1159.4)(202.4, 1099.2);GATE
Port:(311.4, 1104.5)(315.9, 1104.5)(315.9, 1138.8)(311.4, 1138.8);SD
Module:M42
Boundary:(20.0, 1201.7)(69.6, 1201.7)(69.6, 1216.0)(83.6, 1216.0)(83.6, 1371.4)(20.0, 1371.4);GATE
Port:(33.6, 1365.6)(70.0, 1365.6)(70.0, 1371.4)(33.6, 1371.4);SD
Port:(20.0, 1201.7)(69.6, 1201.7)(69.6, 1216.0)(83.6, 1216.0)(83.6, 1363.2)(20.0, 1363.2);GATE
Port:(26.6, 1207.3)(62.0, 1207.3)(62.0, 1213.2)(26.6, 1213.2);SD
Module:M37
Boundary:(596.3, 1016.6)(645.8, 1016.6)(645.8, 1117.4)(596.3, 1117.4);GATE
Port:(610.7, 1111.5)(631.4, 1111.5)(631.4, 1117.4)(610.7, 1117.4);SD
Port:(596.3, 1016.6)(645.8, 1016.6)(645.8, 1108.6)(596.3, 1108.6);GATE
Port:(602.5, 1021.8)(639.6, 1021.8)(639.6, 1029.2)(602.5, 1029.2);SD
Module:M34
Boundary:(645.3, 1289.2)(645.3, 1373.6)(497.1, 1373.6)(497.1, 1289.2);GATE
Port:(497.1, 1303.6)(502.6, 1303.6)(502.6, 1359.2)(497.1, 1359.2);SD
Port:(645.3, 1289.2)(645.3, 1373.6)(505.4, 1373.6)(505.4, 1289.2);GATE
Port:(633.6, 1294.9)(640.6, 1294.9)(640.6, 1367.9)(633.6, 1367.9);SD
Module:M29
Boundary:(20.0, 228.4)(91.6, 228.4)(91.6, 228.8)(109.0, 228.8)(109.0, 302.8)(20.0, 302.8);GATE
Port:(34.7, 297.2)(94.3, 297.2)(94.3, 302.8)(34.7, 302.8);SD
Port:(20.0, 228.4)(91.6, 228.4)(91.6, 228.8)(109.0, 228.8)(109.0, 294.2)(20.0, 294.2);GATE
Port:(25.8, 233.2)(85.8, 233.2)(85.8, 240.1)(25.8, 240.1);SD
Module:M7
Boundary:(314.2, 1201.7)(314.2, 1284.2)(123.6, 1284.2)(123.6, 1201.7);GATE
Port:(123.6, 1214.4)(129.3, 1214.4)(129.3, 1271.5)(123.6, 1271.5);SD
Port:(314.2, 1201.7)(314.2, 1284.2)(132.2, 1284.2)(132.2, 1201.7);GATE
Port:(304.1, 1206.8)(310.1, 1206.8)(310.1, 1279.1)(304.1, 1279.1);SD
Module:M31
Boundary:(20.0, 1411.4)(94.2, 1411.4)(94.2, 1502.6)(20.0, 1502.6);GATE
Port:(34.3, 1498.1)(79.9, 1498.1)(79.9, 1502.6)(34.3, 1502.6);SD
Port:(20.0, 1411.4)(94.2, 1411.4)(94.2, 1496.0)(20.0, 1496.0);GATE
Port:(25.6, 1416.0)(88.6, 1416.0)(88.6, 1422.4)(25.6, 1422.4);SD
Module:M3
Boundary:(155.3, 1058.8)(155.3, 1161.7)(20.0, 1161.7)(20.0, 1058.8);GATE
Port:(20.0, 1072.9)(25.0, 1072.9)(25.0, 1147.6)(20.0, 1147.6);SD
Port:(155.3, 1058.8)(155.3, 1161.7)(27.0, 1161.7)(27.0, 1058.8);GATE
Port:(143.1, 1065.1)(150.0, 1065.1)(150.0, 1155.4)(143.1, 1155.4);SD
Module:M26
Boundary:(278.8, 304.4)(370.8, 304.4)(370.8, 386.5)(384.4, 386.5)(384.4, 491.5)(278.8, 491.5);GATE
Port:(291.3, 486.9)(371.9, 486.9)(371.9, 491.5)(291.3, 491.5);SD
Port:(278.8, 304.4)(370.8, 304.4)(370.8, 386.5)(384.4, 386.5)(384.4, 485.4)(278.8, 485.4);GATE
Port:(285.1, 309.7)(363.5, 309.7)(363.5, 315.4)(285.1, 315.4);SD
Module:M23
Boundary:(616.7, 880.4)(616.7, 961.0)(616.5, 961.0)(616.5, 976.6)(520.0, 976.6)(520.0, 880.4);GATE
Port:(520.0, 893.8)(525.0, 893.8)(525.0, 963.2)(520.0, 963.2);SD
Port:(616.7, 880.4)(616.7, 961.0)(616.5, 961.0)(616.5, 976.6)(527.4, 976.6)(527.4, 880.4);GATE
Port:(605.8, 886.8)(611.3, 886.8)(611.3, 954.6)(605.8, 954.6);SD
Module:M18
Boundary:(419.6, 140.1)(419.6, 230.8)(396.4, 230.8)(396.4, 244.4)(278.8, 244.4)(278.8, 140.1);GATE
Port:(278.8, 152.4)(283.4, 152.4)(283.4, 232.1)(278.8, 232.1);SD
Port:(419.6, 140.1)(419.6, 230.8)(396.4, 230.8)(396.4, 244.4)(285.9, 244.4)(285.9, 140.1);GATE
Port:(409.6, 146.5)(414.2, 146.5)(414.2, 223.4)(409.6, 223.4);SD
Module:M20
Boundary:(174.1, 1481.9)(293.6, 1481.9)(293.6, 1686.7)(174.1, 1686.7);GATE
Port:(188.6, 1682.6)(279.1, 1682.6)(279.1, 1686.7)(188.6, 1686.7);SD
Port:(174.1, 1481.9)(293.6, 1481.9)(293.6, 1681.4)(174.1, 1681.4);GATE
Port:(180.9, 1487.7)(286.8, 1487.7)(286.8, 1493.3)(180.9, 1493.3);SD
Module:M15
Boundary:(558.0, 430.9)(633.6, 430.9)(633.6, 431.1)(653.0, 431.1)(653.0, 647.5)(558.0, 647.5);GATE
Port:(572.5, 643.2)(638.5, 643.2)(638.5, 647.5)(572.5, 647.5);SD
Port:(558.0, 430.9)(633.6, 430.9)(633.6, 431.1)(653.0, 431.1)(653.0, 640.5)(558.0, 640.5);GATE
Port:(564.2, 436.1)(627.4, 436.1)(627.4, 442.0)(564.2, 442.0);SD
Module:M12
Boundary:(497.1, 1016.6)(542.8, 1016.6)(542.8, 1059.2)(556.3, 1059.2)(556.3, 1124.6)(497.1, 1124.6);GATE
Port:(509.1, 1119.5)(544.3, 1119.5)(544.3, 1124.6)(509.1, 1124.6);SD
Port:(497.1, 1016.6)(542.8, 1016.6)(542.8, 1059.2)(556.3, 1059.2)(556.3, 1117.3)(497.1, 1117.3);GATE
Port:(502.6, 1021.1)(536.3, 1021.1)(536.3, 1026.4)(502.6, 1026.4);SD
Module:M44
Boundary:(656.1, 145.5)(656.1, 244.8)(623.7, 244.8)(623.7, 259.8)(469.6, 259.8)(469.6, 145.5);GATE
Port:(469.6, 159.2)(474.2, 159.2)(474.2, 246.1)(469.6, 246.1);SD
Port:(656.1, 145.5)(656.1, 244.8)(623.7, 244.8)(623.7, 259.8)(475.9, 259.8)(475.9, 145.5);GATE
Port:(644.7, 151.9)(650.7, 151.9)(650.7, 237.4)(644.7, 237.4);SD
Module:M39
Boundary:(170.3, 30.0)(218.8, 30.0)(218.8, 117.0)(170.3, 117.0);GATE
Port:(183.4, 112.4)(205.7, 112.4)(205.7, 117.0)(183.4, 117.0);SD
Port:(170.3, 30.0)(218.8, 30.0)(218.8, 110.9)(170.3, 110.9);GATE
Port:(176.3, 35.0)(212.8, 35.0)(212.8, 40.8)(176.3, 40.8);SD
Module:M8
Boundary:(160.3, 817.2)(160.3, 918.9)(148.5, 918.9)(148.5, 933.5)(20.0, 933.5)(20.0, 817.2);GATE
Port:(20.0, 830.4)(24.8, 830.4)(24.8, 920.3)(20.0, 920.3);SD
Port:(160.3, 817.2)(160.3, 918.9)(148.5, 918.9)(148.5, 933.5)(27.0, 933.5)(27.0, 817.2);GATE
Port:(150.3, 823.1)(155.4, 823.1)(155.4, 911.0)(150.3, 911.0);SD
Module:M41
Boundary:(360.2, 1121.6)(457.1, 1121.6)(457.1, 1296.5)(360.2, 1296.5);GATE
Port:(373.6, 1291.4)(443.7, 1291.4)(443.7, 1296.5)(373.6, 1296.5);SD
Port:(360.2, 1121.6)(457.1, 1121.6)(457.1, 1288.4)(360.2, 1288.4);GATE
Port:(367.2, 1127.6)(450.1, 1127.6)(450.1, 1133.4)(367.2, 1133.4);SD
Module:M4
Boundary:(362.8, 541.5)(362.8, 644.4)(334.4, 644.4)(334.4, 660.4)(268.8, 660.4)(268.8, 541.5);GATE
Port:(268.8, 554.6)(274.2, 554.6)(274.2, 647.3)(268.8, 647.3);SD
Port:(362.8, 541.5)(362.8, 644.4)(334.4, 644.4)(334.4, 660.4)(276.3, 660.4)(276.3, 541.5);GATE
Port:(352.6, 547.4)(357.9, 547.4)(357.9, 637.5)(352.6, 637.5);SD
Module:M36
Boundary:(438.1, 20.0)(438.1, 77.6)(378.9, 77.6)(378.9, 90.1)(268.8, 90.1)(268.8, 20.0);GATE
Port:(268.8, 31.5)(273.7, 31.5)(273.7, 78.6)(268.8, 78.6);SD
Port:(438.1, 20.0)(438.1, 77.6)(378.9, 77.6)(378.9, 90.1)(275.0, 90.1)(275.0, 20.0);GATE
Port:(428.2, 25.3)(433.8, 25.3)(433.8, 71.3)(428.2, 71.3);SD
Module:M33
Boundary:(368.4, 1002.2)(440.5, 1002.2)(440.5, 1002.5)(454.6, 1002.5)(454.6, 1081.6)(368.4, 1081.6);GATE
Port:(380.0, 1075.8)(443.0, 1075.8)(443.0, 1081.6)(380.0, 1081.6);SD
Port:(368.4, 1002.2)(440.5, 1002.2)(440.5, 1002.5)(454.6, 1002.5)(454.6, 1072.9)(368.4, 1072.9);GATE
Port:(373.6, 1006.4)(435.3, 1006.4)(435.3, 1012.2)(373.6, 1012.2);SD
Module:M28
Boundary:(266.1, 700.4)(321.2, 700.4)(321.2, 730.4)(338.5, 730.4)(338.5, 826.7)(266.1, 826.7);GATE
Port:(280.6, 821.5)(324.0, 821.5)(324.0, 826.7)(280.6, 826.7);SD
Port:(266.1, 700.4)(321.2, 700.4)(321.2, 730.4)(338.5, 730.4)(338.5, 818.7)(266.1, 818.7);GATE
Port:(271.5, 704.8)(314.8, 704.8)(314.8, 711.5)(271.5, 711.5);SD
Module:M30
Boundary:(149.3, 585.5)(206.6, 585.5)(206.6, 666.9)(223.7, 666.9)(223.7, 776.4)(149.3, 776.4);GATE
Port:(164.8, 770.7)(208.2, 770.7)(208.2, 776.4)(164.8, 776.4);SD
Port:(149.3, 585.5)(206.6, 585.5)(206.6, 666.9)(223.7, 666.9)(223.7, 768.3)(149.3, 768.3);GATE
Port:(155.1, 590.3)(199.8, 590.3)(199.8, 597.8)(155.1, 597.8);SD
Module:M25
Boundary:(20.0, 342.8)(110.2, 342.8)(110.2, 537.0)(20.0, 537.0);GATE
Port:(33.3, 532.4)(96.9, 532.4)(96.9, 537.0)(33.3, 537.0);SD
Port:(20.0, 342.8)(110.2, 342.8)(110.2, 530.0)(20.0, 530.0);GATE
Port:(25.2, 347.0)(105.0, 347.0)(105.0, 354.2)(25.2, 354.2);SD
Module:M22
Boundary:(402.8, 553.7)(497.5, 553.7)(497.5, 601.3)(511.3, 601.3)(511.3, 737.2)(402.8, 737.2);GATE
Port:(416.7, 732.2)(497.4, 732.2)(497.4, 737.2)(416.7, 737.2);SD
Port:(402.8, 553.7)(497.5, 553.7)(497.5, 601.3)(511.3, 601.3)(511.3, 730.7)(402.8, 730.7);GATE
Port:(408.9, 558.8)(490.4, 558.8)(490.4, 565.9)(408.9, 565.9);SD
Module:M17
Boundary:(30.0, 1552.6)(105.3, 1552.6)(105.3, 1552.8)(124.1, 1552.8)(124.1, 1676.3)(30.0, 1676.3);GATE
Port:(45.1, 1671.8)(109.0, 1671.8)(109.0, 1676.3)(45.1, 1676.3);SD
Port:(30.0, 1552.6)(105.3, 1552.6)(105.3, 1552.8)(124.1, 1552.8)(124.1, 1669.8)(30.0, 1669.8);GATE
Port:(36.8, 1558.4)(98.5, 1558.4)(98.5, 1564.2)(36.8, 1564.2);SD
