Area:(-20.0, -20.0)(655.3, -20.0)(655.3, 414.0)(-20.0, 414.0)
Rule:GATE(5,5);SD(5,5);GATE_SD(0.5);GATE_ITO(0.5);SD_ITO(0.5)
Module:M9
Boundary:(179.1, 266.8)(295.1, 266.8)(295.1, 374.0)(179.1, 374.0);GATE
Port:(193.0, 368.8)(281.2, 368.8)(281.2, 374.0)(193.0, 374.0);SD
Port:(179.1, 266.8)(295.1, 266.8)(295.1, 366.1)(179.1, 366.1);GATE
Port:(185.6, 272.3)(288.6, 272.3)(288.6, 278.2)(185.6, 278.2);SD
Module:M5
Boundary:(155.8, 30.0)(239.6, 30.0)(239.6, 186.3)(155.8, 186.3);GATE
Port:(170.0, 181.7)(225.4, 181.7)(225.4, 186.3)(170.0, 186.3);SD
Port:(155.8, 30.0)(239.6, 30.0)(239.6, 178.8)(155.8, 178.8);GATE
Port:(162.2, 35.4)(233.2, 35.4)(233.2, 41.9)(162.2, 41.9);SD
Module:M1
Boundary:(535.8, 20.0)(615.3, 20.0)(615.3, 177.9)(535.8, 177.9);GATE
Port:(549.4, 172.0)(601.7, 172.0)(601.7, 177.9)(549.4, 177.9);SD
Port:(535.8, 20.0)(615.3, 20.0)(615.3, 169.5)(535.8, 169.5);GATE
Port:(541.9, 25.1)(609.2, 25.1)(609.2, 31.0)(541.9, 31.0);SD
Module:M6
Boundary:(395.4, 20.0)(395.4, 98.3)(371.7, 98.3)(371.7, 116.4)(289.6, 116.4)(289.6, 20.0);GATE
Port:(289.6, 35.6)(295.2, 35.6)(295.2, 100.8)(289.6, 100.8);SD
Port:(395.4, 20.0)(395.4, 98.3)(371.7, 98.3)(371.7, 116.4)(296.7, 116.4)(296.7, 20.0);GATE
Port:(383.0, 26.1)(390.3, 26.1)(390.3, 91.2)(383.0, 91.2);SD
Module:M2
Boundary:(452.5, 156.4)(452.5, 210.7)(370.4, 210.7)(370.4, 226.8)(289.6, 226.8)(289.6, 156.4);GATE
Port:(289.6, 171.2)(295.1, 171.2)(295.1, 212.0)(289.6, 212.0);SD
Port:(452.5, 156.4)(452.5, 210.7)(370.4, 210.7)(370.4, 226.8)(296.7, 226.8)(296.7, 156.4);GATE
Port:(440.6, 162.6)(447.3, 162.6)(447.3, 203.5)(440.6, 203.5);SD
Module:M10
Boundary:(129.1, 294.0)(129.1, 341.8)(106.4, 341.8)(106.4, 355.8)(30.0, 355.8)(30.0, 294.0);GATE
Port:(30.0, 306.4)(34.5, 306.4)(34.5, 343.4)(30.0, 343.4);SD
Port:(129.1, 294.0)(129.1, 341.8)(106.4, 341.8)(106.4, 355.8)(36.9, 355.8)(36.9, 294.0);GATE
Port:(119.1, 300.4)(123.7, 300.4)(123.7, 334.4)(119.1, 334.4);SD
Module:M7
Boundary:(20.0, 20.0)(105.8, 20.0)(105.8, 244.0)(20.0, 244.0);GATE
Port:(34.2, 238.9)(91.6, 238.9)(91.6, 244.0)(34.2, 244.0);SD
Port:(20.0, 20.0)(105.8, 20.0)(105.8, 237.6)(20.0, 237.6);GATE
Port:(25.9, 24.9)(99.9, 24.9)(99.9, 31.2)(25.9, 31.2);SD
Module:M3
Boundary:(435.4, 20.0)(481.6, 20.0)(481.6, 20.1)(495.8, 20.1)(495.8, 114.3)(435.4, 114.3);GATE
Port:(447.9, 108.4)(483.3, 108.4)(483.3, 114.3)(447.9, 114.3);SD
Port:(435.4, 20.0)(481.6, 20.0)(481.6, 20.1)(495.8, 20.1)(495.8, 106.9)(435.4, 106.9);GATE
Port:(441.1, 24.7)(475.9, 24.7)(475.9, 30.6)(441.1, 30.6);SD
Module:M8
Boundary:(482.4, 266.8)(482.4, 348.0)(421.4, 348.0)(421.4, 362.6)(335.1, 362.6)(335.1, 266.8);GATE
Port:(335.1, 280.3)(340.8, 280.3)(340.8, 349.1)(335.1, 349.1);SD
Port:(482.4, 266.8)(482.4, 348.0)(421.4, 348.0)(421.4, 362.6)(342.2, 362.6)(342.2, 266.8);GATE
Port:(471.9, 273.1)(477.1, 273.1)(477.1, 340.7)(471.9, 340.7);SD
Module:M4
Boundary:(522.4, 217.9)(591.4, 217.9)(591.4, 283.1)(606.2, 283.1)(606.2, 353.2)(522.4, 353.2);GATE
Port:(537.6, 348.5)(591.0, 348.5)(591.0, 353.2)(537.6, 353.2);SD
Port:(522.4, 217.9)(591.4, 217.9)(591.4, 283.1)(606.2, 283.1)(606.2, 346.5)(522.4, 346.5);GATE
Port:(529.4, 223.9)(583.4, 223.9)(583.4, 230.7)(529.4, 230.7);SD
