Area:(-6.1, -20.0)(471.5, -20.0)(471.5, 538.0)(-6.1, 538.0)
Rule:GATE(5,5);SD(5,5);GATE_SD(0.5);GATE_ITO(0.5);SD_ITO(0.5)
Module:M3
Boundary:(261.7, 93.0)(261.7, 20.0)(185.7, 20.0)(185.7, 93.0);GATE
Port:(185.7, 34.5)(195.7, 34.5)(195.7, 78.5)(185.7, 78.5);SD
Port:(261.7, 93.0)(261.7, 20.0)(200.7, 20.0)(200.7, 93.0);GATE
Port:(252.7, 30.0)(256.7, 30.0)(256.7, 83.0)(252.7, 83.0);SD
Module:M1
Boundary:(423.1, 20.0)(423.1, 113.5)(366.3, 113.5)(366.3, 147.0)(290.1, 147.0)(290.1, 20.0);GATE
Port:(290.1, 34.5)(300.1, 34.5)(300.1, 132.5)(290.1, 132.5);SD
Port:(423.1, 20.0)(423.1, 113.5)(366.3, 113.5)(366.3, 147.0)(305.1, 147.0)(305.1, 20.0);GATE
Port:(414.1, 30.0)(418.1, 30.0)(418.1, 99.0)(414.1, 99.0);SD
Module:M4
Boundary:(169.9, 236.4)(169.9, 88.9)(153.9, 88.9)(153.9, 73.4)(33.9, 73.4)(33.9, 236.4);GATE
Port:(33.9, 87.9)(43.9, 87.9)(43.9, 221.9)(33.9, 221.9);SD
Port:(169.9, 236.4)(169.9, 88.9)(153.9, 88.9)(153.9, 73.4)(48.9, 73.4)(48.9, 236.4);GATE
Port:(160.9, 103.4)(164.9, 103.4)(164.9, 226.4)(160.9, 226.4);SD
Module:M8
Boundary:(188.5, 212.8)(188.5, 139.8)(264.5, 139.8)(264.5, 212.8);GATE
Port:(254.5, 154.3)(264.5, 154.3)(264.5, 198.3)(254.5, 198.3);SD
Port:(188.5, 212.8)(188.5, 139.8)(249.5, 139.8)(249.5, 212.8);GATE
Port:(193.5, 149.8)(197.5, 149.8)(197.5, 202.8)(193.5, 202.8);SD
Module:M5
Boundary:(282.1, 319.6)(375.6, 319.6)(375.6, 309.6)(391.1, 309.6)(391.1, 210.6)(282.1, 210.6);GATE
Port:(296.6, 210.6)(376.6, 210.6)(376.6, 220.6)(296.6, 220.6);SD
Port:(282.1, 319.6)(375.6, 319.6)(375.6, 309.6)(391.1, 309.6)(391.1, 225.6)(282.1, 225.6);GATE
Port:(292.1, 310.6)(361.1, 310.6)(361.1, 314.6)(292.1, 314.6);SD
Module:M10
Boundary:(61.3, 248.4)(154.8, 248.4)(154.8, 258.4)(170.3, 258.4)(170.3, 369.4)(61.3, 369.4);GATE
Port:(75.8, 359.4)(155.8, 359.4)(155.8, 369.4)(75.8, 369.4);SD
Port:(61.3, 248.4)(154.8, 248.4)(154.8, 258.4)(170.3, 258.4)(170.3, 354.4)(61.3, 354.4);GATE
Port:(71.3, 253.4)(140.3, 253.4)(140.3, 257.4)(71.3, 257.4);SD
Module:M7
Boundary:(249.8, 251.7)(249.8, 363.2)(237.8, 363.2)(237.8, 378.7)(177.8, 378.7)(177.8, 251.7);GATE
Port:(177.8, 266.2)(187.8, 266.2)(187.8, 364.2)(177.8, 364.2);SD
Port:(249.8, 251.7)(249.8, 363.2)(237.8, 363.2)(237.8, 378.7)(192.8, 378.7)(192.8, 251.7);GATE
Port:(240.8, 261.7)(244.8, 261.7)(244.8, 348.7)(240.8, 348.7);SD
Module:M6
Boundary:(155.2, 380.3)(155.2, 456.4)(147.2, 456.4)(147.2, 471.3)(55.2, 471.3)(55.2, 380.3);GATE
Port:(55.2, 394.8)(65.2, 394.8)(65.2, 456.8)(55.2, 456.8);SD
Port:(155.2, 380.3)(155.2, 456.4)(147.2, 456.4)(147.2, 471.3)(70.2, 471.3)(70.2, 380.3);GATE
Port:(146.2, 390.3)(150.2, 390.3)(150.2, 441.3)(146.2, 441.3);SD
Module:M2
Boundary:(278.3, 386.3)(202.3, 386.3)(202.3, 394.3)(187.3, 394.3)(187.3, 478.3)(278.3, 478.3);GATE
Port:(201.8, 468.3)(263.8, 468.3)(263.8, 478.3)(201.8, 478.3);SD
Port:(278.3, 386.3)(202.3, 386.3)(202.3, 394.3)(187.3, 394.3)(187.3, 463.3)(278.3, 463.3);GATE
Port:(217.3, 391.3)(268.3, 391.3)(268.3, 395.3)(217.3, 395.3);SD
Module:M9
Boundary:(286.5, 342.0)(380.0, 342.0)(380.0, 388.1)(431.5, 388.1)(431.5, 498.0)(286.5, 498.0);GATE
Port:(301.0, 488.0)(417.0, 488.0)(417.0, 498.0)(301.0, 498.0);SD
Port:(286.5, 342.0)(380.0, 342.0)(380.0, 388.1)(431.5, 388.1)(431.5, 483.0)(286.5, 483.0);GATE
Port:(296.5, 347.0)(365.5, 347.0)(365.5, 351.0)(296.5, 351.0);SD
