Area:(-20.0, -20.0)(514.0, -20.0)(514.0, 372.0)(-20.0, 372.0)
Rule:GATE(5,5);SD(5,5);GATE_SD(0.5);GATE_ITO(0.5);SD_ITO(0.5)
Module:M5
Boundary:(187.0, 169.0)(187.0, 298.5)(111.2, 298.5)(111.2, 332.0)(20.0, 332.0)(20.0, 169.0);GATE
Port:(20.0, 183.5)(30.0, 183.5)(30.0, 317.5)(20.0, 317.5);SD
Port:(187.0, 169.0)(187.0, 298.5)(111.2, 298.5)(111.2, 332.0)(35.0, 332.0)(35.0, 169.0);GATE
Port:(178.0, 179.0)(182.0, 179.0)(182.0, 284.0)(178.0, 284.0);SD
Module:M1
Boundary:(474.0, 20.0)(474.0, 95.5)(424.9, 95.5)(424.9, 183.0)(366.0, 183.0)(366.0, 20.0);GATE
Port:(366.0, 34.5)(376.0, 34.5)(376.0, 168.5)(366.0, 168.5);SD
Port:(474.0, 20.0)(474.0, 95.5)(424.9, 95.5)(424.9, 183.0)(381.0, 183.0)(381.0, 20.0);GATE
Port:(465.0, 30.0)(469.0, 30.0)(469.0, 81.0)(465.0, 81.0);SD
Module:M2
Boundary:(235.0, 20.0)(311.0, 20.0)(311.0, 28.0)(326.0, 28.0)(326.0, 169.0)(235.0, 169.0);GATE
Port:(249.5, 159.0)(311.5, 159.0)(311.5, 169.0)(249.5, 169.0);SD
Port:(235.0, 20.0)(311.0, 20.0)(311.0, 28.0)(326.0, 28.0)(326.0, 154.0)(235.0, 154.0);GATE
Port:(245.0, 25.0)(296.0, 25.0)(296.0, 29.0)(245.0, 29.0);SD
Module:M3
Boundary:(195.0, 20.0)(195.0, 113.5)(185.0, 113.5)(185.0, 129.0)(20.0, 129.0)(20.0, 20.0);GATE
Port:(20.0, 34.5)(30.0, 34.5)(30.0, 114.5)(20.0, 114.5);SD
Port:(195.0, 20.0)(195.0, 113.5)(185.0, 113.5)(185.0, 129.0)(35.0, 129.0)(35.0, 20.0);GATE
Port:(186.0, 30.0)(190.0, 30.0)(190.0, 99.0)(186.0, 99.0);SD
Module:M4
Boundary:(374.0, 223.0)(374.0, 316.5)(364.0, 316.5)(364.0, 332.0)(227.0, 332.0)(227.0, 223.0);GATE
Port:(227.0, 237.5)(237.0, 237.5)(237.0, 317.5)(227.0, 317.5);SD
Port:(374.0, 223.0)(374.0, 316.5)(364.0, 316.5)(364.0, 332.0)(242.0, 332.0)(242.0, 223.0);GATE
Port:(365.0, 233.0)(369.0, 233.0)(369.0, 302.0)(365.0, 302.0);SD
