Area:(-20.0, -20.0)(614.0, -20.0)(614.0, 334.0)(-20.0, 334.0)
Rule:GATE(5,5);SD(5,5);GATE_SD(0.5);GATE_ITO(0.5);SD_ITO(0.5)
Module:M5
Boundary:(259.0, 20.0)(334.5, 20.0)(334.5, 66.6)(422.0, 66.6)(422.0, 160.0)(259.0, 160.0);GATE
Port:(273.5, 150.0)(407.5, 150.0)(407.5, 160.0)(273.5, 160.0);SD
Port:(259.0, 20.0)(334.5, 20.0)(334.5, 66.6)(422.0, 66.6)(422.0, 145.0)(259.0, 145.0);GATE
Port:(269.0, 25.0)(320.0, 25.0)(320.0, 29.0)(269.0, 29.0);SD
Module:M1
Boundary:(218.0, 221.0)(218.0, 294.0)(20.0, 294.0)(20.0, 221.0);GATE
Port:(20.0, 235.5)(30.0, 235.5)(30.0, 279.5)(20.0, 279.5);SD
Port:(218.0, 221.0)(218.0, 294.0)(35.0, 294.0)(35.0, 221.0);GATE
Port:(209.0, 231.0)(213.0, 231.0)(213.0, 284.0)(209.0, 284.0);SD
Module:M2
Boundary:(574.0, 20.0)(574.0, 149.5)(504.0, 149.5)(504.0, 237.0)(462.0, 237.0)(462.0, 20.0);GATE
Port:(462.0, 34.5)(472.0, 34.5)(472.0, 222.5)(462.0, 222.5);SD
Port:(574.0, 20.0)(574.0, 149.5)(504.0, 149.5)(504.0, 237.0)(477.0, 237.0)(477.0, 20.0);GATE
Port:(565.0, 30.0)(569.0, 30.0)(569.0, 135.0)(565.0, 135.0);SD
Module:M3
Boundary:(20.0, 20.0)(77.5, 20.0)(77.5, 87.2)(219.0, 87.2)(219.0, 181.0)(20.0, 181.0);GATE
Port:(34.5, 171.0)(204.5, 171.0)(204.5, 181.0)(34.5, 181.0);SD
Port:(20.0, 20.0)(77.5, 20.0)(77.5, 87.2)(219.0, 87.2)(219.0, 166.0)(20.0, 166.0);GATE
Port:(30.0, 25.0)(63.0, 25.0)(63.0, 29.0)(30.0, 29.0);SD
Module:M4
Boundary:(259.0, 200.0)(406.5, 200.0)(406.5, 216.0)(422.0, 216.0)(422.0, 288.0)(259.0, 288.0);GATE
Port:(273.5, 278.0)(407.5, 278.0)(407.5, 288.0)(273.5, 288.0);SD
Port:(259.0, 200.0)(406.5, 200.0)(406.5, 216.0)(422.0, 216.0)(422.0, 273.0)(259.0, 273.0);GATE
Port:(269.0, 205.0)(392.0, 205.0)(392.0, 209.0)(269.0, 209.0);SD
