Area:(4.1, -1.6)(460.3, -1.6)(460.3, 376.7)(4.1, 376.7)
Rule:GATE(5,5);SD(5,5);GATE_SD(0.5);GATE_ITO(0.5);SD_ITO(0.5)
Module:M4
Boundary:(329.3, 63.4)(405.3, 63.4)(405.3, 71.4)(420.3, 71.4)(420.3, 175.4)(329.3, 175.4);GATE
Port:(343.8, 165.4)(405.8, 165.4)(405.8, 175.4)(343.8, 175.4);SD
Port:(329.3, 63.4)(405.3, 63.4)(405.3, 71.4)(420.3, 71.4)(420.3, 160.4)(329.3, 160.4);GATE
Port:(339.3, 68.4)(390.3, 68.4)(390.3, 72.4)(339.3, 72.4);SD
Module:M2
Boundary:(298.6, 56.0)(298.6, 185.5)(284.6, 185.5)(284.6, 201.0)(134.6, 201.0)(134.6, 56.0);GATE
Port:(134.6, 70.5)(144.6, 70.5)(144.6, 186.5)(134.6, 186.5);SD
Port:(298.6, 56.0)(298.6, 185.5)(284.6, 185.5)(284.6, 201.0)(149.6, 201.0)(149.6, 56.0);GATE
Port:(289.6, 66.0)(293.6, 66.0)(293.6, 171.0)(289.6, 171.0);SD
Module:M3
Boundary:(127.1, 38.4)(127.1, 185.9)(111.1, 185.9)(111.1, 201.4)(44.1, 201.4)(44.1, 38.4);GATE
Port:(44.1, 52.9)(54.1, 52.9)(54.1, 186.9)(44.1, 186.9);SD
Port:(127.1, 38.4)(127.1, 185.9)(111.1, 185.9)(111.1, 201.4)(59.1, 201.4)(59.1, 38.4);GATE
Port:(118.1, 48.4)(122.1, 48.4)(122.1, 171.4)(118.1, 171.4);SD
Module:M1
Boundary:(47.3, 208.0)(194.8, 208.0)(194.8, 224.0)(210.3, 224.0)(210.3, 308.0)(47.3, 308.0);GATE
Port:(61.8, 298.0)(195.8, 298.0)(195.8, 308.0)(61.8, 308.0);SD
Port:(47.3, 208.0)(194.8, 208.0)(194.8, 224.0)(210.3, 224.0)(210.3, 293.0)(47.3, 293.0);GATE
Port:(57.3, 213.0)(180.3, 213.0)(180.3, 217.0)(57.3, 217.0);SD
Module:M5
Boundary:(224.8, 202.7)(372.3, 202.7)(372.3, 262.9)(405.8, 262.9)(405.8, 336.7)(224.8, 336.7);GATE
Port:(239.3, 326.7)(391.3, 326.7)(391.3, 336.7)(239.3, 336.7);SD
Port:(224.8, 202.7)(372.3, 202.7)(372.3, 262.9)(405.8, 262.9)(405.8, 321.7)(224.8, 321.7);GATE
Port:(234.8, 207.7)(357.8, 207.7)(357.8, 211.7)(234.8, 211.7);SD
