Area:(-20.0, -20.0)(914.9, -20.0)(914.9, 1356.6)(-20.0, 1356.6)
Rule:GATE(5,5);SD(5,5);GATE_SD(0.5);GATE_ITO(0.5);SD_ITO(0.5)
Module:M14
Boundary:(790.2, 501.9)(855.4, 501.9)(855.4, 534.5)(869.2, 534.5)(869.2, 636.0)(790.2, 636.0);GATE
Port:(803.6, 630.7)(855.8, 630.7)(855.8, 636.0)(803.6, 636.0);SD
Port:(790.2, 501.9)(855.4, 501.9)(855.4, 534.5)(869.2, 534.5)(869.2, 629.3)(790.2, 629.3);GATE
Port:(797.0, 507.7)(847.6, 507.7)(847.6, 513.3)(797.0, 513.3);SD
Module:M9
Boundary:(722.6, 1087.1)(722.6, 1191.1)(618.2, 1191.1)(618.2, 1087.1);GATE
Port:(618.2, 1099.5)(622.5, 1099.5)(622.5, 1178.7)(618.2, 1178.7);SD
Port:(722.6, 1087.1)(722.6, 1191.1)(625.2, 1191.1)(625.2, 1087.1);GATE
Port:(712.3, 1092.2)(718.5, 1092.2)(718.5, 1186.0)(712.3, 1186.0);SD
Module:M5
Boundary:(844.0, 1114.7)(844.0, 1148.0)(843.9, 1148.0)(843.9, 1163.9)(762.6, 1163.9)(762.6, 1114.7);GATE
Port:(762.6, 1127.4)(768.3, 1127.4)(768.3, 1151.2)(762.6, 1151.2);SD
Port:(844.0, 1114.7)(844.0, 1148.0)(843.9, 1148.0)(843.9, 1163.9)(771.1, 1163.9)(771.1, 1114.7);GATE
Port:(833.6, 1120.5)(839.2, 1120.5)(839.2, 1142.2)(833.6, 1142.2);SD
Module:M11
Boundary:(783.5, 676.0)(865.3, 676.0)(865.3, 836.1)(783.5, 836.1);GATE
Port:(795.3, 831.7)(853.5, 831.7)(853.5, 836.1)(795.3, 836.1);SD
Port:(783.5, 676.0)(865.3, 676.0)(865.3, 829.6)(783.5, 829.6);GATE
Port:(788.6, 680.1)(860.2, 680.1)(860.2, 685.1)(788.6, 685.1);SD
Module:M1
Boundary:(855.7, 385.0)(855.7, 447.2)(855.6, 447.2)(855.6, 461.9)(743.7, 461.9)(743.7, 385.0);GATE
Port:(743.7, 398.2)(748.3, 398.2)(748.3, 448.7)(743.7, 448.7);SD
Port:(855.7, 385.0)(855.7, 447.2)(855.6, 447.2)(855.6, 461.9)(749.4, 461.9)(749.4, 385.0);GATE
Port:(845.1, 391.4)(850.3, 391.4)(850.3, 440.8)(845.1, 440.8);SD
Module:M43
Boundary:(868.0, 262.5)(868.0, 324.4)(867.6, 324.4)(867.6, 339.7)(793.6, 339.7)(793.6, 262.5);GATE
Port:(793.6, 274.8)(798.3, 274.8)(798.3, 327.4)(793.6, 327.4);SD
Port:(868.0, 262.5)(868.0, 324.4)(867.6, 324.4)(867.6, 339.7)(801.2, 339.7)(801.2, 262.5);GATE
Port:(858.1, 267.6)(863.9, 267.6)(863.9, 319.3)(858.1, 319.3);SD
Module:M38
Boundary:(372.8, 953.7)(372.8, 1048.5)(328.6, 1048.5)(328.6, 1063.3)(203.5, 1063.3)(203.5, 953.7);GATE
Port:(203.5, 965.1)(208.4, 965.1)(208.4, 1051.9)(203.5, 1051.9);SD
Port:(372.8, 953.7)(372.8, 1048.5)(328.6, 1048.5)(328.6, 1063.3)(210.1, 1063.3)(210.1, 953.7);GATE
Port:(363.2, 958.7)(368.8, 958.7)(368.8, 1042.5)(363.2, 1042.5);SD
Module:M40
Boundary:(208.8, 1210.5)(208.8, 1308.8)(30.0, 1308.8)(30.0, 1210.5);GATE
Port:(30.0, 1222.1)(34.1, 1222.1)(34.1, 1297.2)(30.0, 1297.2);SD
Port:(208.8, 1210.5)(208.8, 1308.8)(36.1, 1308.8)(36.1, 1210.5);GATE
Port:(199.3, 1215.6)(204.7, 1215.6)(204.7, 1303.7)(199.3, 1303.7);SD
Module:M35
Boundary:(783.2, 876.1)(860.3, 876.1)(860.3, 876.5)(874.9, 876.5)(874.9, 1074.7)(783.2, 1074.7);GATE
Port:(795.9, 1069.6)(862.2, 1069.6)(862.2, 1074.7)(795.9, 1074.7);SD
Port:(783.2, 876.1)(860.3, 876.1)(860.3, 876.5)(874.9, 876.5)(874.9, 1067.1)(783.2, 1067.1);GATE
Port:(789.4, 881.3)(854.1, 881.3)(854.1, 887.2)(789.4, 887.2);SD
Module:M32
Boundary:(335.8, 679.6)(335.8, 782.8)(280.8, 782.8)(280.8, 798.2)(130.6, 798.2)(130.6, 679.6);GATE
Port:(130.6, 694.0)(136.3, 694.0)(136.3, 783.8)(130.6, 783.8);SD
Port:(335.8, 679.6)(335.8, 782.8)(280.8, 782.8)(280.8, 798.2)(137.4, 798.2)(137.4, 679.6);GATE
Port:(323.9, 686.6)(329.8, 686.6)(329.8, 774.8)(323.9, 774.8);SD
Module:M27
Boundary:(256.4, 536.5)(256.4, 628.8)(120.6, 628.8)(120.6, 536.5);GATE
Port:(120.6, 548.0)(125.1, 548.0)(125.1, 617.3)(120.6, 617.3);SD
Port:(256.4, 536.5)(256.4, 628.8)(126.2, 628.8)(126.2, 536.5);GATE
Port:(247.2, 542.0)(251.9, 542.0)(251.9, 623.3)(247.2, 623.3);SD
Module:M24
Boundary:(299.7, 417.1)(299.7, 482.7)(233.9, 482.7)(233.9, 496.5)(108.0, 496.5)(108.0, 417.1);GATE
Port:(108.0, 430.9)(113.8, 430.9)(113.8, 482.7)(108.0, 482.7);SD
Port:(299.7, 417.1)(299.7, 482.7)(233.9, 482.7)(233.9, 496.5)(116.1, 496.5)(116.1, 417.1);GATE
Port:(287.6, 423.4)(294.4, 423.4)(294.4, 475.4)(287.6, 475.4);SD
Module:M19
Boundary:(211.2, 30.0)(211.2, 97.1)(211.1, 97.1)(211.1, 114.1)(30.0, 114.1)(30.0, 30.0);GATE
Port:(30.0, 43.2)(34.2, 43.2)(34.2, 100.9)(30.0, 100.9);SD
Port:(211.2, 30.0)(211.2, 97.1)(211.1, 97.1)(211.1, 114.1)(36.4, 114.1)(36.4, 30.0);GATE
Port:(200.8, 35.5)(206.7, 35.5)(206.7, 91.6)(200.8, 91.6);SD
Module:M6
Boundary:(330.7, 1103.3)(330.7, 1166.5)(307.9, 1166.5)(307.9, 1179.3)(258.8, 1179.3)(258.8, 1103.3);GATE
Port:(258.8, 1117.5)(263.3, 1117.5)(263.3, 1165.1)(258.8, 1165.1);SD
Port:(330.7, 1103.3)(330.7, 1166.5)(307.9, 1166.5)(307.9, 1179.3)(264.9, 1179.3)(264.9, 1103.3);GATE
Port:(318.2, 1110.2)(324.8, 1110.2)(324.8, 1158.6)(318.2, 1158.6);SD
Module:M21
Boundary:(522.7, 1217.9)(522.7, 1316.6)(413.4, 1316.6)(413.4, 1217.9);GATE
Port:(413.4, 1231.9)(419.4, 1231.9)(419.4, 1302.6)(413.4, 1302.6);SD
Port:(522.7, 1217.9)(522.7, 1316.6)(421.7, 1316.6)(421.7, 1217.9);GATE
Port:(511.0, 1224.3)(517.3, 1224.3)(517.3, 1310.2)(511.0, 1310.2);SD
Module:M2
Boundary:(618.2, 853.1)(726.8, 853.1)(726.8, 970.0)(743.2, 970.0)(743.2, 1047.1)(618.2, 1047.1);GATE
Port:(633.9, 1041.6)(727.5, 1041.6)(727.5, 1047.1)(633.9, 1047.1);SD
Port:(618.2, 853.1)(726.8, 853.1)(726.8, 970.0)(743.2, 970.0)(743.2, 1040.0)(618.2, 1040.0);GATE
Port:(624.9, 858.8)(719.1, 858.8)(719.1, 865.4)(624.9, 865.4);SD
Module:M16
Boundary:(363.0, 261.5)(468.7, 261.5)(468.7, 306.4)(484.8, 306.4)(484.8, 362.2)(363.0, 362.2);GATE
Port:(377.9, 357.4)(469.9, 357.4)(469.9, 362.2)(377.9, 362.2);SD
Port:(363.0, 261.5)(468.7, 261.5)(468.7, 306.4)(484.8, 306.4)(484.8, 356.0)(363.0, 356.0);GATE
Port:(369.1, 266.6)(461.6, 266.6)(461.6, 273.5)(369.1, 273.5);SD
Module:M13
Boundary:(400.8, 20.0)(491.6, 20.0)(491.6, 20.5)(508.7, 20.5)(508.7, 203.8)(400.8, 203.8);GATE
Port:(417.4, 198.7)(492.1, 198.7)(492.1, 203.8)(417.4, 203.8);SD
Port:(400.8, 20.0)(491.6, 20.0)(491.6, 20.5)(508.7, 20.5)(508.7, 196.3)(400.8, 196.3);GATE
Port:(407.8, 26.0)(484.6, 26.0)(484.6, 33.6)(407.8, 33.6);SD
Module:M45
Boundary:(20.0, 559.5)(55.8, 559.5)(55.8, 559.6)(74.0, 559.6)(74.0, 687.5)(20.0, 687.5);GATE
Port:(34.1, 683.1)(59.9, 683.1)(59.9, 687.5)(34.1, 687.5);SD
Port:(20.0, 559.5)(55.8, 559.5)(55.8, 559.6)(74.0, 559.6)(74.0, 681.4)(20.0, 681.4);GATE
Port:(25.3, 563.8)(50.5, 563.8)(50.5, 570.3)(25.3, 570.3);SD
Module:M10
Boundary:(373.4, 1219.3)(373.4, 1299.6)(329.0, 1299.6)(329.0, 1313.8)(258.8, 1313.8)(258.8, 1219.3);GATE
Port:(258.8, 1232.2)(264.2, 1232.2)(264.2, 1300.9)(258.8, 1300.9);SD
Port:(373.4, 1219.3)(373.4, 1299.6)(329.0, 1299.6)(329.0, 1313.8)(266.1, 1313.8)(266.1, 1219.3);GATE
Port:(362.3, 1225.3)(368.4, 1225.3)(368.4, 1292.6)(362.3, 1292.6);SD
Module:M42
Boundary:(363.0, 402.2)(454.8, 402.2)(454.8, 423.2)(468.4, 423.2)(468.4, 480.2)(363.0, 480.2);GATE
Port:(375.7, 475.2)(455.7, 475.2)(455.7, 480.2)(375.7, 480.2);SD
Port:(363.0, 402.2)(454.8, 402.2)(454.8, 423.2)(468.4, 423.2)(468.4, 474.1)(363.0, 474.1);GATE
Port:(369.8, 408.0)(447.0, 408.0)(447.0, 412.6)(369.8, 412.6);SD
Module:M37
Boundary:(407.1, 536.5)(407.1, 614.3)(406.7, 614.3)(406.7, 629.6)(296.4, 629.6)(296.4, 536.5);GATE
Port:(296.4, 548.6)(302.1, 548.6)(302.1, 617.5)(296.4, 617.5);SD
Port:(407.1, 536.5)(407.1, 614.3)(406.7, 614.3)(406.7, 629.6)(303.7, 629.6)(303.7, 536.5);GATE
Port:(396.8, 541.6)(403.0, 541.6)(403.0, 609.2)(396.8, 609.2);SD
Module:M34
Boundary:(204.6, 164.1)(204.6, 229.8)(175.2, 229.8)(175.2, 244.8)(123.7, 244.8)(123.7, 164.1);GATE
Port:(123.7, 177.2)(128.0, 177.2)(128.0, 231.7)(123.7, 231.7);SD
Port:(204.6, 164.1)(204.6, 229.8)(175.2, 229.8)(175.2, 244.8)(129.8, 244.8)(129.8, 164.1);GATE
Port:(194.4, 170.1)(199.6, 170.1)(199.6, 222.8)(194.4, 222.8);SD
Module:M29
Boundary:(578.2, 850.8)(578.2, 914.1)(412.8, 914.1)(412.8, 850.8);GATE
Port:(412.8, 863.9)(418.0, 863.9)(418.0, 901.0)(412.8, 901.0);SD
Port:(578.2, 850.8)(578.2, 914.1)(420.4, 914.1)(420.4, 850.8);GATE
Port:(566.8, 856.6)(573.4, 856.6)(573.4, 908.3)(566.8, 908.3);SD
Module:M7
Boundary:(323.0, 284.8)(323.0, 377.1)(123.7, 377.1)(123.7, 284.8);GATE
Port:(123.7, 300.7)(129.1, 300.7)(129.1, 361.2)(123.7, 361.2);SD
Port:(323.0, 284.8)(323.0, 377.1)(130.2, 377.1)(130.2, 284.8);GATE
Port:(310.4, 291.1)(317.7, 291.1)(317.7, 370.8)(310.4, 370.8);SD
Module:M31
Boundary:(20.0, 312.0)(52.2, 312.0)(52.2, 312.2)(68.0, 312.2)(68.0, 519.5)(20.0, 519.5);GATE
Port:(32.8, 515.0)(55.2, 515.0)(55.2, 519.5)(32.8, 519.5);SD
Port:(20.0, 312.0)(52.2, 312.0)(52.2, 312.2)(68.0, 312.2)(68.0, 512.3)(20.0, 512.3);GATE
Port:(26.3, 317.3)(45.9, 317.3)(45.9, 321.9)(26.3, 321.9);SD
Module:M3
Boundary:(617.9, 520.2)(617.9, 608.3)(447.1, 608.3)(447.1, 520.2);GATE
Port:(447.1, 533.9)(452.5, 533.9)(452.5, 594.6)(447.1, 594.6);SD
Port:(617.9, 520.2)(617.9, 608.3)(454.1, 608.3)(454.1, 520.2);GATE
Port:(607.4, 526.0)(613.1, 526.0)(613.1, 602.5)(607.4, 602.5);SD
Module:M26
Boundary:(592.1, 679.6)(592.1, 784.6)(558.4, 784.6)(558.4, 800.8)(395.8, 800.8)(395.8, 679.6);GATE
Port:(395.8, 693.7)(401.8, 693.7)(401.8, 786.7)(395.8, 786.7);SD
Port:(592.1, 679.6)(592.1, 784.6)(558.4, 784.6)(558.4, 800.8)(404.3, 800.8)(404.3, 679.6);GATE
Port:(581.1, 684.8)(587.9, 684.8)(587.9, 778.4)(581.1, 778.4);SD
Module:M23
Boundary:(789.9, 1203.9)(853.7, 1203.9)(853.7, 1204.3)(869.0, 1204.3)(869.0, 1316.5)(789.9, 1316.5);GATE
Port:(803.2, 1312.2)(855.7, 1312.2)(855.7, 1316.5)(803.2, 1316.5);SD
Port:(789.9, 1203.9)(853.7, 1203.9)(853.7, 1204.3)(869.0, 1204.3)(869.0, 1309.5)(789.9, 1309.5);GATE
Port:(796.1, 1209.1)(847.5, 1209.1)(847.5, 1214.4)(796.1, 1214.4);SD
Module:M18
Boundary:(30.0, 964.6)(136.7, 964.6)(136.7, 1077.7)(153.5, 1077.7)(153.5, 1150.5)(30.0, 1150.5);GATE
Port:(43.4, 1144.6)(140.1, 1144.6)(140.1, 1150.5)(43.4, 1150.5);SD
Port:(30.0, 964.6)(136.7, 964.6)(136.7, 1077.7)(153.5, 1077.7)(153.5, 1143.6)(30.0, 1143.6);GATE
Port:(35.5, 969.1)(130.2, 969.1)(130.2, 974.8)(35.5, 974.8);SD
Module:M20
Boundary:(548.7, 20.0)(598.6, 20.0)(598.6, 71.2)(612.8, 71.2)(612.8, 131.5)(548.7, 131.5);GATE
Port:(562.0, 125.6)(599.5, 125.6)(599.5, 131.5)(562.0, 131.5);SD
Port:(548.7, 20.0)(598.6, 20.0)(598.6, 71.2)(612.8, 71.2)(612.8, 123.3)(548.7, 123.3);GATE
Port:(554.8, 25.1)(591.5, 25.1)(591.5, 31.3)(554.8, 31.3);SD
Module:M15
Boundary:(791.9, 20.0)(858.1, 20.0)(858.1, 20.2)(874.9, 20.2)(874.9, 222.5)(791.9, 222.5);GATE
Port:(804.8, 218.4)(862.0, 218.4)(862.0, 222.5)(804.8, 222.5);SD
Port:(791.9, 20.0)(858.1, 20.0)(858.1, 20.2)(874.9, 20.2)(874.9, 215.9)(791.9, 215.9);GATE
Port:(797.6, 24.7)(852.4, 24.7)(852.4, 29.7)(797.6, 29.7);SD
Module:M12
Boundary:(657.9, 501.9)(736.4, 501.9)(736.4, 567.4)(750.2, 567.4)(750.2, 635.2)(657.9, 635.2);GATE
Port:(671.1, 630.7)(737.0, 630.7)(737.0, 635.2)(671.1, 635.2);SD
Port:(657.9, 501.9)(736.4, 501.9)(736.4, 567.4)(750.2, 567.4)(750.2, 628.5)(657.9, 628.5);GATE
Port:(663.9, 506.9)(729.4, 506.9)(729.4, 512.7)(663.9, 512.7);SD
Module:M44
Boundary:(565.1, 954.1)(565.1, 1056.2)(487.4, 1056.2)(487.4, 1071.4)(412.8, 1071.4)(412.8, 954.1);GATE
Port:(412.8, 968.3)(416.9, 968.3)(416.9, 1057.2)(412.8, 1057.2);SD
Port:(565.1, 954.1)(565.1, 1056.2)(487.4, 1056.2)(487.4, 1071.4)(417.9, 1071.4)(417.9, 954.1);GATE
Port:(553.4, 961.0)(559.2, 961.0)(559.2, 1048.3)(553.4, 1048.3);SD
Module:M39
Boundary:(733.0, 30.0)(733.0, 104.7)(732.9, 104.7)(732.9, 118.3)(662.8, 118.3)(662.8, 30.0);GATE
Port:(662.8, 43.5)(667.8, 43.5)(667.8, 104.8)(662.8, 104.8);SD
Port:(733.0, 30.0)(733.0, 104.7)(732.9, 104.7)(732.9, 118.3)(669.0, 118.3)(669.0, 30.0);GATE
Port:(721.0, 36.4)(727.6, 36.4)(727.6, 98.3)(721.0, 98.3);SD
Module:M8
Boundary:(751.9, 171.5)(751.9, 219.6)(644.1, 219.6)(644.1, 233.5)(548.7, 233.5)(548.7, 171.5);GATE
Port:(548.7, 183.7)(552.8, 183.7)(552.8, 221.3)(548.7, 221.3);SD
Port:(751.9, 171.5)(751.9, 219.6)(644.1, 219.6)(644.1, 233.5)(555.7, 233.5)(555.7, 171.5);GATE
Port:(741.3, 177.3)(747.1, 177.3)(747.1, 212.8)(741.3, 212.8);SD
Module:M41
Boundary:(20.0, 727.5)(80.6, 727.5)(80.6, 914.6)(20.0, 914.6);GATE
Port:(32.1, 909.5)(68.5, 909.5)(68.5, 914.6)(32.1, 914.6);SD
Port:(20.0, 727.5)(80.6, 727.5)(80.6, 907.7)(20.0, 907.7);GATE
Port:(26.0, 732.5)(74.6, 732.5)(74.6, 738.0)(26.0, 738.0);SD
Module:M4
Boundary:(20.0, 164.1)(69.7, 164.1)(69.7, 189.7)(83.7, 189.7)(83.7, 272.0)(20.0, 272.0);GATE
Port:(33.5, 267.3)(70.2, 267.3)(70.2, 272.0)(33.5, 272.0);SD
Port:(20.0, 164.1)(69.7, 164.1)(69.7, 189.7)(83.7, 189.7)(83.7, 266.3)(20.0, 266.3);GATE
Port:(26.6, 169.7)(62.1, 169.7)(62.1, 175.0)(26.6, 175.0);SD
Module:M36
Boundary:(329.3, 848.2)(329.3, 898.8)(237.0, 898.8)(237.0, 913.7)(120.6, 913.7)(120.6, 848.2);GATE
Port:(120.6, 862.0)(126.1, 862.0)(126.1, 899.9)(120.6, 899.9);SD
Port:(329.3, 848.2)(329.3, 898.8)(237.0, 898.8)(237.0, 913.7)(128.4, 913.7)(128.4, 848.2);GATE
Port:(318.3, 854.1)(324.4, 854.1)(324.4, 891.9)(318.3, 891.9);SD
Module:M33
Boundary:(703.7, 385.0)(703.7, 445.6)(703.7, 445.6)(703.7, 461.1)(524.8, 461.1)(524.8, 385.0);GATE
Port:(524.8, 396.4)(529.9, 396.4)(529.9, 449.7)(524.8, 449.7);SD
Port:(703.7, 385.0)(703.7, 445.6)(703.7, 445.6)(703.7, 461.1)(532.1, 461.1)(532.1, 385.0);GATE
Port:(694.8, 390.0)(699.7, 390.0)(699.7, 440.6)(694.8, 440.6);SD
Module:M28
Boundary:(642.1, 675.2)(727.6, 675.2)(727.6, 720.0)(743.5, 720.0)(743.5, 813.1)(642.1, 813.1);GATE
Port:(655.4, 807.7)(730.2, 807.7)(730.2, 813.1)(655.4, 813.1);SD
Port:(642.1, 675.2)(727.6, 675.2)(727.6, 720.0)(743.5, 720.0)(743.5, 805.4)(642.1, 805.4);GATE
Port:(647.9, 680.0)(720.8, 680.0)(720.8, 685.2)(647.9, 685.2);SD
Module:M30
Boundary:(753.6, 273.5)(753.6, 328.1)(717.6, 328.1)(717.6, 345.0)(548.7, 345.0)(548.7, 273.5);GATE
Port:(548.7, 287.6)(554.1, 287.6)(554.1, 330.9)(548.7, 330.9);SD
Port:(753.6, 273.5)(753.6, 328.1)(717.6, 328.1)(717.6, 345.0)(556.1, 345.0)(556.1, 273.5);GATE
Port:(742.7, 279.7)(748.4, 279.7)(748.4, 320.9)(742.7, 320.9);SD
Module:M25
Boundary:(261.2, 20.0)(344.3, 20.0)(344.3, 20.1)(360.8, 20.1)(360.8, 221.5)(261.2, 221.5);GATE
Port:(274.6, 216.1)(347.4, 216.1)(347.4, 221.5)(274.6, 221.5);SD
Port:(261.2, 20.0)(344.3, 20.0)(344.3, 20.1)(360.8, 20.1)(360.8, 214.8)(261.2, 214.8);GATE
Port:(266.5, 24.3)(339.0, 24.3)(339.0, 30.2)(266.5, 30.2);SD
Module:M22
Boundary:(549.7, 1111.4)(549.7, 1166.0)(518.9, 1166.0)(518.9, 1177.9)(370.7, 1177.9)(370.7, 1111.4);GATE
Port:(370.7, 1122.3)(376.4, 1122.3)(376.4, 1167.0)(370.7, 1167.0);SD
Port:(549.7, 1111.4)(549.7, 1166.0)(518.9, 1166.0)(518.9, 1177.9)(377.7, 1177.9)(377.7, 1111.4);GATE
Port:(540.6, 1117.0)(545.1, 1117.0)(545.1, 1159.4)(540.6, 1159.4);SD
Module:M17
Boundary:(739.9, 1241.1)(739.9, 1292.9)(739.8, 1292.9)(739.8, 1308.5)(572.7, 1308.5)(572.7, 1241.1);GATE
Port:(572.7, 1255.6)(578.6, 1255.6)(578.6, 1294.0)(572.7, 1294.0);SD
Port:(739.9, 1241.1)(739.9, 1292.9)(739.8, 1292.9)(739.8, 1308.5)(581.0, 1308.5)(581.0, 1241.1);GATE
Port:(727.5, 1247.4)(734.6, 1247.4)(734.6, 1286.6)(727.5, 1286.6);SD
