Area:(-20.0, -20.0)(790.3, -20.0)(790.3, 348.1)(-20.0, 348.1)
Rule:GATE(5,5);SD(5,5);GATE_SD(0.5);GATE_ITO(0.5);SD_ITO(0.5)
Module:M9
Boundary:(411.2, 159.5)(477.2, 159.5)(477.2, 159.7)(492.8, 159.7)(492.8, 307.2)(411.2, 307.2);GATE
Port:(425.2, 302.5)(478.8, 302.5)(478.8, 307.2)(425.2, 307.2);SD
Port:(411.2, 159.5)(477.2, 159.5)(477.2, 159.7)(492.8, 159.7)(492.8, 300.4)(411.2, 300.4);GATE
Port:(416.8, 164.1)(471.6, 164.1)(471.6, 171.1)(416.8, 171.1);SD
Module:M5
Boundary:(177.8, 185.8)(177.8, 290.6)(30.0, 290.6)(30.0, 185.8);GATE
Port:(30.0, 198.2)(35.5, 198.2)(35.5, 278.2)(30.0, 278.2);SD
Port:(177.8, 185.8)(177.8, 290.6)(38.1, 290.6)(38.1, 185.8);GATE
Port:(167.1, 190.8)(173.8, 190.8)(173.8, 285.6)(167.1, 285.6);SD
Module:M1
Boundary:(371.2, 20.0)(371.2, 114.8)(370.9, 114.8)(370.9, 130.8)(260.3, 130.8)(260.3, 20.0);GATE
Port:(260.3, 31.7)(264.6, 31.7)(264.6, 119.1)(260.3, 119.1);SD
Port:(371.2, 20.0)(371.2, 114.8)(370.9, 114.8)(370.9, 130.8)(266.2, 130.8)(266.2, 20.0);GATE
Port:(361.5, 25.1)(367.1, 25.1)(367.1, 109.7)(361.5, 109.7);SD
Module:M6
Boundary:(220.3, 20.0)(220.3, 120.7)(114.8, 120.7)(114.8, 135.8)(20.0, 135.8)(20.0, 20.0);GATE
Port:(20.0, 34.2)(24.1, 34.2)(24.1, 121.6)(20.0, 121.6);SD
Port:(220.3, 20.0)(220.3, 120.7)(114.8, 120.7)(114.8, 135.8)(25.8, 135.8)(25.8, 20.0);GATE
Port:(208.6, 26.2)(215.1, 26.2)(215.1, 113.5)(208.6, 113.5);SD
Module:M2
Boundary:(549.5, 147.8)(594.1, 147.8)(594.1, 243.0)(606.2, 243.0)(606.2, 308.1)(549.5, 308.1);GATE
Port:(560.4, 302.7)(595.3, 302.7)(595.3, 308.1)(560.4, 308.1);SD
Port:(549.5, 147.8)(594.1, 147.8)(594.1, 243.0)(606.2, 243.0)(606.2, 299.7)(549.5, 299.7);GATE
Port:(554.5, 151.8)(587.1, 151.8)(587.1, 156.9)(554.5, 156.9);SD
Module:M10
Boundary:(346.2, 185.8)(346.2, 278.7)(295.0, 278.7)(295.0, 292.4)(237.8, 292.4)(237.8, 185.8);GATE
Port:(237.8, 199.2)(241.9, 199.2)(241.9, 279.0)(237.8, 279.0);SD
Port:(346.2, 185.8)(346.2, 278.7)(295.0, 278.7)(295.0, 292.4)(243.1, 292.4)(243.1, 185.8);GATE
Port:(334.5, 192.4)(340.6, 192.4)(340.6, 271.1)(334.5, 271.1);SD
Module:M7
Boundary:(668.6, 20.0)(735.1, 20.0)(735.1, 20.3)(750.3, 20.3)(750.3, 180.7)(668.6, 180.7);GATE
Port:(683.4, 175.8)(735.5, 175.8)(735.5, 180.7)(683.4, 180.7);SD
Port:(668.6, 20.0)(735.1, 20.0)(735.1, 20.3)(750.3, 20.3)(750.3, 172.9)(668.6, 172.9);GATE
Port:(675.4, 25.8)(728.3, 25.8)(728.3, 32.7)(675.4, 32.7);SD
Module:M3
Boundary:(549.5, 20.0)(628.6, 20.0)(628.6, 107.8)(549.5, 107.8);GATE
Port:(563.1, 103.6)(615.0, 103.6)(615.0, 107.8)(563.1, 107.8);SD
Port:(549.5, 20.0)(628.6, 20.0)(628.6, 101.9)(549.5, 101.9);GATE
Port:(556.4, 25.9)(621.7, 25.9)(621.7, 32.1)(556.4, 32.1);SD
Module:M8
Boundary:(646.2, 220.7)(732.3, 220.7)(732.3, 255.2)(746.9, 255.2)(746.9, 294.1)(646.2, 294.1);GATE
Port:(659.9, 289.6)(733.2, 289.6)(733.2, 294.1)(659.9, 294.1);SD
Port:(646.2, 220.7)(732.3, 220.7)(732.3, 255.2)(746.9, 255.2)(746.9, 288.4)(646.2, 288.4);GATE
Port:(652.2, 225.7)(724.3, 225.7)(724.3, 231.1)(652.2, 231.1);SD
Module:M4
Boundary:(509.5, 20.0)(509.5, 106.7)(480.4, 106.7)(480.4, 119.5)(411.2, 119.5)(411.2, 20.0);GATE
Port:(411.2, 32.0)(416.3, 32.0)(416.3, 107.5)(411.2, 107.5);SD
Port:(509.5, 20.0)(509.5, 106.7)(480.4, 106.7)(480.4, 119.5)(418.6, 119.5)(418.6, 20.0);GATE
Port:(499.0, 25.5)(505.0, 25.5)(505.0, 100.2)(499.0, 100.2);SD
