Area:(-20.0, -20.0)(471.6, -20.0)(471.6, 649.7)(-20.0, 649.7)
Rule:GATE(5,5);SD(5,5);GATE_SD(0.5);GATE_ITO(0.5);SD_ITO(0.5)
Module:M9
Boundary:(20.0, 20.0)(102.8, 20.0)(102.8, 216.9)(20.0, 216.9);GATE
Port:(34.1, 211.8)(88.7, 211.8)(88.7, 216.9)(34.1, 216.9);SD
Port:(20.0, 20.0)(102.8, 20.0)(102.8, 209.9)(20.0, 209.9);GATE
Port:(25.1, 24.1)(97.7, 24.1)(97.7, 31.2)(25.1, 31.2);SD
Module:M5
Boundary:(186.5, 338.5)(186.5, 438.0)(186.4, 438.0)(186.4, 453.8)(30.0, 453.8)(30.0, 338.5);GATE
Port:(30.0, 352.9)(35.3, 352.9)(35.3, 439.4)(30.0, 439.4);SD
Port:(186.5, 338.5)(186.5, 438.0)(186.4, 438.0)(186.4, 453.8)(38.0, 453.8)(38.0, 338.5);GATE
Port:(173.8, 345.2)(180.8, 345.2)(180.8, 431.3)(173.8, 431.3);SD
Module:M1
Boundary:(331.9, 248.6)(417.4, 248.6)(417.4, 248.9)(431.2, 248.9)(431.2, 453.3)(331.9, 453.3);GATE
Port:(343.6, 449.1)(419.5, 449.1)(419.5, 453.3)(343.6, 453.3);SD
Port:(331.9, 248.6)(417.4, 248.6)(417.4, 248.9)(431.2, 248.9)(431.2, 446.4)(331.9, 446.4);GATE
Port:(337.6, 253.3)(411.7, 253.3)(411.7, 258.7)(337.6, 258.7);SD
Module:M6
Boundary:(20.0, 503.8)(89.9, 503.8)(89.9, 526.5)(105.9, 526.5)(105.9, 604.4)(20.0, 604.4);GATE
Port:(34.4, 599.7)(91.5, 599.7)(91.5, 604.4)(34.4, 604.4);SD
Port:(20.0, 503.8)(89.9, 503.8)(89.9, 526.5)(105.9, 526.5)(105.9, 597.5)(20.0, 597.5);GATE
Port:(25.2, 508.0)(83.7, 508.0)(83.7, 515.1)(25.2, 515.1);SD
Module:M2
Boundary:(423.4, 493.3)(423.4, 586.6)(410.1, 586.6)(410.1, 603.5)(260.4, 603.5)(260.4, 493.3);GATE
Port:(260.4, 509.0)(264.9, 509.0)(264.9, 587.8)(260.4, 587.8);SD
Port:(423.4, 493.3)(423.4, 586.6)(410.1, 586.6)(410.1, 603.5)(267.1, 603.5)(267.1, 493.3);GATE
Port:(410.9, 500.0)(417.7, 500.0)(417.7, 578.9)(410.9, 578.9);SD
Module:M10
Boundary:(274.7, 30.0)(274.7, 136.7)(217.4, 136.7)(217.4, 152.8)(152.8, 152.8)(152.8, 30.0);GATE
Port:(152.8, 45.1)(158.5, 45.1)(158.5, 137.7)(152.8, 137.7);SD
Port:(274.7, 30.0)(274.7, 136.7)(217.4, 136.7)(217.4, 152.8)(160.0, 152.8)(160.0, 30.0);GATE
Port:(263.1, 37.0)(268.7, 37.0)(268.7, 128.7)(263.1, 128.7);SD
Module:M7
Boundary:(236.5, 328.5)(291.9, 328.5)(291.9, 433.8)(236.5, 433.8);GATE
Port:(251.6, 428.6)(276.8, 428.6)(276.8, 433.8)(251.6, 433.8);SD
Port:(236.5, 328.5)(291.9, 328.5)(291.9, 426.0)(236.5, 426.0);GATE
Port:(241.8, 332.8)(286.6, 332.8)(286.6, 340.2)(241.8, 340.2);SD
Module:M3
Boundary:(324.7, 20.0)(431.6, 20.0)(431.6, 208.6)(324.7, 208.6);GATE
Port:(339.2, 204.0)(417.1, 204.0)(417.1, 208.6)(339.2, 208.6);SD
Port:(324.7, 20.0)(431.6, 20.0)(431.6, 202.3)(324.7, 202.3);GATE
Port:(331.4, 25.7)(424.9, 25.7)(424.9, 32.9)(331.4, 32.9);SD
Module:M8
Boundary:(145.9, 503.8)(206.5, 503.8)(206.5, 553.8)(220.4, 553.8)(220.4, 609.7)(145.9, 609.7);GATE
Port:(157.2, 604.9)(209.1, 604.9)(209.1, 609.7)(157.2, 609.7);SD
Port:(145.9, 503.8)(206.5, 503.8)(206.5, 553.8)(220.4, 553.8)(220.4, 602.7)(145.9, 602.7);GATE
Port:(151.2, 508.1)(200.2, 508.1)(200.2, 512.9)(151.2, 512.9);SD
Module:M4
Boundary:(252.0, 202.8)(252.0, 273.0)(243.8, 273.0)(243.8, 288.5)(142.8, 288.5)(142.8, 202.8);GATE
Port:(142.8, 217.7)(148.3, 217.7)(148.3, 273.6)(142.8, 273.6);SD
Port:(252.0, 202.8)(252.0, 273.0)(243.8, 273.0)(243.8, 288.5)(149.5, 288.5)(149.5, 202.8);GATE
Port:(239.8, 209.3)(246.5, 209.3)(246.5, 265.5)(239.8, 265.5);SD
