Area:(-20.0, -20.0)(856.0, -20.0)(856.0, 827.0)(-20.0, 827.0)
Rule:GATE(5,5);SD(5,5);GATE_SD(0.5);GATE_ITO(0.5);SD_ITO(0.5)
Module:M14
Boundary:(146.0, 20.0)(222.0, 20.0)(222.0, 28.0)(237.0, 28.0)(237.0, 157.0)(146.0, 157.0);GATE
Port:(160.5, 147.0)(222.5, 147.0)(222.5, 157.0)(160.5, 157.0);SD
Port:(146.0, 20.0)(222.0, 20.0)(222.0, 28.0)(237.0, 28.0)(237.0, 142.0)(146.0, 142.0);GATE
Port:(156.0, 25.0)(207.0, 25.0)(207.0, 29.0)(156.0, 29.0);SD
Module:M9
Boundary:(171.0, 205.0)(171.0, 352.5)(102.3, 352.5)(102.3, 386.0)(20.0, 386.0)(20.0, 205.0);GATE
Port:(20.0, 219.5)(30.0, 219.5)(30.0, 371.5)(20.0, 371.5);SD
Port:(171.0, 205.0)(171.0, 352.5)(102.3, 352.5)(102.3, 386.0)(35.0, 386.0)(35.0, 205.0);GATE
Port:(162.0, 215.0)(166.0, 215.0)(166.0, 338.0)(162.0, 338.0);SD
Module:M5
Boundary:(807.0, 714.0)(807.0, 787.0)(648.0, 787.0)(648.0, 714.0);GATE
Port:(648.0, 728.5)(658.0, 728.5)(658.0, 772.5)(648.0, 772.5);SD
Port:(807.0, 714.0)(807.0, 787.0)(663.0, 787.0)(663.0, 714.0);GATE
Port:(798.0, 724.0)(802.0, 724.0)(802.0, 777.0)(798.0, 777.0);SD
Module:M11
Boundary:(20.0, 426.0)(93.0, 426.0)(93.0, 565.0)(20.0, 565.0);GATE
Port:(34.5, 555.0)(78.5, 555.0)(78.5, 565.0)(34.5, 565.0);SD
Port:(20.0, 426.0)(93.0, 426.0)(93.0, 550.0)(20.0, 550.0);GATE
Port:(30.0, 431.0)(83.0, 431.0)(83.0, 435.0)(30.0, 435.0);SD
Module:M1
Boundary:(534.0, 20.0)(534.0, 113.5)(489.8, 113.5)(489.8, 147.0)(426.0, 147.0)(426.0, 20.0);GATE
Port:(426.0, 34.5)(436.0, 34.5)(436.0, 132.5)(426.0, 132.5);SD
Port:(534.0, 20.0)(534.0, 113.5)(489.8, 113.5)(489.8, 147.0)(441.0, 147.0)(441.0, 20.0);GATE
Port:(525.0, 30.0)(529.0, 30.0)(529.0, 99.0)(525.0, 99.0);SD
Module:M24
Boundary:(342.0, 680.0)(418.0, 680.0)(418.0, 688.0)(433.0, 688.0)(433.0, 783.0)(342.0, 783.0);GATE
Port:(356.5, 773.0)(418.5, 773.0)(418.5, 783.0)(356.5, 783.0);SD
Port:(342.0, 680.0)(418.0, 680.0)(418.0, 688.0)(433.0, 688.0)(433.0, 768.0)(342.0, 768.0);GATE
Port:(352.0, 685.0)(403.0, 685.0)(403.0, 689.0)(352.0, 689.0);SD
Module:M19
Boundary:(342.0, 318.0)(417.5, 318.0)(417.5, 440.1)(631.0, 440.1)(631.0, 509.0)(342.0, 509.0);GATE
Port:(356.5, 499.0)(616.5, 499.0)(616.5, 509.0)(356.5, 509.0);SD
Port:(342.0, 318.0)(417.5, 318.0)(417.5, 440.1)(631.0, 440.1)(631.0, 494.0)(342.0, 494.0);GATE
Port:(352.0, 323.0)(403.0, 323.0)(403.0, 327.0)(352.0, 327.0);SD
Module:M6
Boundary:(608.0, 680.0)(608.0, 756.0)(600.0, 756.0)(600.0, 771.0)(473.0, 771.0)(473.0, 680.0);GATE
Port:(473.0, 694.5)(483.0, 694.5)(483.0, 756.5)(473.0, 756.5);SD
Port:(608.0, 680.0)(608.0, 756.0)(600.0, 756.0)(600.0, 771.0)(488.0, 771.0)(488.0, 680.0);GATE
Port:(599.0, 690.0)(603.0, 690.0)(603.0, 741.0)(599.0, 741.0);SD
Module:M21
Boundary:(133.0, 688.0)(280.5, 688.0)(280.5, 704.0)(296.0, 704.0)(296.0, 786.0)(133.0, 786.0);GATE
Port:(147.5, 776.0)(281.5, 776.0)(281.5, 786.0)(147.5, 786.0);SD
Port:(133.0, 688.0)(280.5, 688.0)(280.5, 704.0)(296.0, 704.0)(296.0, 771.0)(133.0, 771.0);GATE
Port:(143.0, 693.0)(266.0, 693.0)(266.0, 697.0)(143.0, 697.0);SD
Module:M2
Boundary:(20.0, 605.0)(93.0, 605.0)(93.0, 780.0)(20.0, 780.0);GATE
Port:(34.5, 770.0)(78.5, 770.0)(78.5, 780.0)(34.5, 780.0);SD
Port:(20.0, 605.0)(93.0, 605.0)(93.0, 765.0)(20.0, 765.0);GATE
Port:(30.0, 610.0)(83.0, 610.0)(83.0, 614.0)(30.0, 614.0);SD
Module:M16
Boundary:(671.0, 498.0)(782.5, 498.0)(782.5, 523.1)(816.0, 523.1)(816.0, 566.0)(671.0, 566.0);GATE
Port:(685.5, 556.0)(801.5, 556.0)(801.5, 566.0)(685.5, 566.0);SD
Port:(671.0, 498.0)(782.5, 498.0)(782.5, 523.1)(816.0, 523.1)(816.0, 551.0)(671.0, 551.0);GATE
Port:(681.0, 503.0)(768.0, 503.0)(768.0, 507.0)(681.0, 507.0);SD
Module:M13
Boundary:(342.0, 549.0)(415.0, 549.0)(415.0, 621.0)(342.0, 621.0);GATE
Port:(356.5, 611.0)(400.5, 611.0)(400.5, 621.0)(356.5, 621.0);SD
Port:(342.0, 549.0)(415.0, 549.0)(415.0, 606.0)(342.0, 606.0);GATE
Port:(352.0, 554.0)(405.0, 554.0)(405.0, 558.0)(352.0, 558.0);SD
Module:M10
Boundary:(277.0, 20.0)(370.5, 20.0)(370.5, 30.0)(386.0, 30.0)(386.0, 142.0)(277.0, 142.0);GATE
Port:(291.5, 132.0)(371.5, 132.0)(371.5, 142.0)(291.5, 142.0);SD
Port:(277.0, 20.0)(370.5, 20.0)(370.5, 30.0)(386.0, 30.0)(386.0, 127.0)(277.0, 127.0);GATE
Port:(287.0, 25.0)(356.0, 25.0)(356.0, 29.0)(287.0, 29.0);SD
Module:M7
Boundary:(299.0, 575.0)(299.0, 648.0)(133.0, 648.0)(133.0, 575.0);GATE
Port:(133.0, 589.5)(143.0, 589.5)(143.0, 633.5)(133.0, 633.5);SD
Port:(299.0, 575.0)(299.0, 648.0)(148.0, 648.0)(148.0, 575.0);GATE
Port:(290.0, 585.0)(294.0, 585.0)(294.0, 638.0)(290.0, 638.0);SD
Module:M3
Boundary:(622.0, 549.0)(622.0, 625.0)(614.0, 625.0)(614.0, 640.0)(455.0, 640.0)(455.0, 549.0);GATE
Port:(455.0, 563.5)(465.0, 563.5)(465.0, 625.5)(455.0, 625.5);SD
Port:(622.0, 549.0)(622.0, 625.0)(614.0, 625.0)(614.0, 640.0)(470.0, 640.0)(470.0, 549.0);GATE
Port:(613.0, 559.0)(617.0, 559.0)(617.0, 610.0)(613.0, 610.0);SD
Module:M23
Boundary:(412.0, 187.0)(412.0, 263.0)(404.0, 263.0)(404.0, 278.0)(342.0, 278.0)(342.0, 187.0);GATE
Port:(342.0, 201.5)(352.0, 201.5)(352.0, 263.5)(342.0, 263.5);SD
Port:(412.0, 187.0)(412.0, 263.0)(404.0, 263.0)(404.0, 278.0)(357.0, 278.0)(357.0, 187.0);GATE
Port:(403.0, 197.0)(407.0, 197.0)(407.0, 248.0)(403.0, 248.0);SD
Module:M18
Boundary:(574.0, 20.0)(647.0, 20.0)(647.0, 145.0)(574.0, 145.0);GATE
Port:(588.5, 135.0)(632.5, 135.0)(632.5, 145.0)(588.5, 145.0);SD
Port:(574.0, 20.0)(647.0, 20.0)(647.0, 130.0)(574.0, 130.0);GATE
Port:(584.0, 25.0)(637.0, 25.0)(637.0, 29.0)(584.0, 29.0);SD
Module:M20
Boundary:(294.0, 426.0)(294.0, 519.5)(284.0, 519.5)(284.0, 535.0)(133.0, 535.0)(133.0, 426.0);GATE
Port:(133.0, 440.5)(143.0, 440.5)(143.0, 520.5)(133.0, 520.5);SD
Port:(294.0, 426.0)(294.0, 519.5)(284.0, 519.5)(284.0, 535.0)(148.0, 535.0)(148.0, 426.0);GATE
Port:(285.0, 436.0)(289.0, 436.0)(289.0, 505.0)(285.0, 505.0);SD
Module:M15
Boundary:(452.0, 187.0)(525.0, 187.0)(525.0, 269.0)(452.0, 269.0);GATE
Port:(466.5, 259.0)(510.5, 259.0)(510.5, 269.0)(466.5, 269.0);SD
Port:(452.0, 187.0)(525.0, 187.0)(525.0, 254.0)(452.0, 254.0);GATE
Port:(462.0, 192.0)(515.0, 192.0)(515.0, 196.0)(462.0, 196.0);SD
Module:M12
Boundary:(106.0, 20.0)(106.0, 149.5)(92.0, 149.5)(92.0, 165.0)(20.0, 165.0)(20.0, 20.0);GATE
Port:(20.0, 34.5)(30.0, 34.5)(30.0, 150.5)(20.0, 150.5);SD
Port:(106.0, 20.0)(106.0, 149.5)(92.0, 149.5)(92.0, 165.0)(35.0, 165.0)(35.0, 20.0);GATE
Port:(97.0, 30.0)(101.0, 30.0)(101.0, 135.0)(97.0, 135.0);SD
Module:M8
Boundary:(211.0, 197.0)(287.0, 197.0)(287.0, 205.0)(302.0, 205.0)(302.0, 386.0)(211.0, 386.0);GATE
Port:(225.5, 376.0)(287.5, 376.0)(287.5, 386.0)(225.5, 386.0);SD
Port:(211.0, 197.0)(287.0, 197.0)(287.0, 205.0)(302.0, 205.0)(302.0, 371.0)(211.0, 371.0);GATE
Port:(221.0, 202.0)(272.0, 202.0)(272.0, 206.0)(221.0, 206.0);SD
Module:M4
Boundary:(798.0, 259.0)(798.0, 406.5)(739.1, 406.5)(739.1, 458.0)(688.0, 458.0)(688.0, 259.0);GATE
Port:(688.0, 273.5)(698.0, 273.5)(698.0, 443.5)(688.0, 443.5);SD
Port:(798.0, 259.0)(798.0, 406.5)(739.1, 406.5)(739.1, 458.0)(703.0, 458.0)(703.0, 259.0);GATE
Port:(789.0, 269.0)(793.0, 269.0)(793.0, 392.0)(789.0, 392.0);SD
Module:M25
Boundary:(662.0, 606.0)(755.5, 606.0)(755.5, 625.0)(807.0, 625.0)(807.0, 674.0)(662.0, 674.0);GATE
Port:(676.5, 664.0)(792.5, 664.0)(792.5, 674.0)(676.5, 674.0);SD
Port:(662.0, 606.0)(755.5, 606.0)(755.5, 625.0)(807.0, 625.0)(807.0, 659.0)(662.0, 659.0);GATE
Port:(672.0, 611.0)(741.0, 611.0)(741.0, 615.0)(672.0, 615.0);SD
Module:M22
Boundary:(809.0, 20.0)(809.0, 113.5)(746.0, 113.5)(746.0, 219.0)(688.0, 219.0)(688.0, 20.0);GATE
Port:(688.0, 34.5)(698.0, 34.5)(698.0, 204.5)(688.0, 204.5);SD
Port:(809.0, 20.0)(809.0, 113.5)(746.0, 113.5)(746.0, 219.0)(703.0, 219.0)(703.0, 20.0);GATE
Port:(800.0, 30.0)(804.0, 30.0)(804.0, 99.0)(800.0, 99.0);SD
Module:M17
Boundary:(648.0, 187.0)(648.0, 263.0)(640.0, 263.0)(640.0, 278.0)(565.0, 278.0)(565.0, 187.0);GATE
Port:(565.0, 201.5)(575.0, 201.5)(575.0, 263.5)(565.0, 263.5);SD
Port:(648.0, 187.0)(648.0, 263.0)(640.0, 263.0)(640.0, 278.0)(580.0, 278.0)(580.0, 187.0);GATE
Port:(639.0, 197.0)(643.0, 197.0)(643.0, 248.0)(639.0, 248.0);SD
