Area:(17.4, -20.0)(766.9, -20.0)(766.9, 521.6)(17.4, 521.6)
Rule:GATE(5,5);SD(5,5);GATE_SD(0.5);GATE_ITO(0.5);SD_ITO(0.5)
Module:M4
Boundary:(472.1, 33.0)(472.1, 84.6)(434.7, 84.6)(434.7, 99.8)(374.0, 99.8)(374.0, 33.0);GATE
Port:(374.0, 47.1)(379.4, 47.1)(379.4, 85.7)(374.0, 85.7);SD
Port:(472.1, 33.0)(472.1, 84.6)(434.7, 84.6)(434.7, 99.8)(380.8, 99.8)(380.8, 33.0);GATE
Port:(461.2, 39.8)(466.3, 39.8)(466.3, 76.8)(461.2, 76.8);SD
Module:M16
Boundary:(630.2, 154.7)(630.2, 82.4)(591.5, 82.4)(591.5, 66.4)(508.4, 66.4)(508.4, 154.7);GATE
Port:(508.4, 81.8)(513.1, 81.8)(513.1, 139.3)(508.4, 139.3);SD
Port:(630.2, 154.7)(630.2, 82.4)(591.5, 82.4)(591.5, 66.4)(515.5, 66.4)(515.5, 154.7);GATE
Port:(618.2, 89.8)(624.8, 89.8)(624.8, 148.3)(618.2, 148.3);SD
Module:M14
Boundary:(223.1, 47.1)(223.1, 121.5)(172.5, 121.5)(172.5, 134.6)(72.8, 134.6)(72.8, 47.1);GATE
Port:(72.8, 58.9)(78.1, 58.9)(78.1, 122.8)(72.8, 122.8);SD
Port:(223.1, 47.1)(223.1, 121.5)(172.5, 121.5)(172.5, 134.6)(80.7, 134.6)(80.7, 47.1);GATE
Port:(213.0, 52.3)(218.9, 52.3)(218.9, 115.3)(213.0, 115.3);SD
Module:M7
Boundary:(640.1, 223.4)(640.1, 187.4)(640.0, 187.4)(640.0, 171.5)(504.7, 171.5)(504.7, 223.4);GATE
Port:(504.7, 186.0)(510.7, 186.0)(510.7, 208.9)(504.7, 208.9);SD
Port:(640.1, 223.4)(640.1, 187.4)(640.0, 187.4)(640.0, 171.5)(513.1, 171.5)(513.1, 223.4);GATE
Port:(627.8, 194.1)(634.4, 194.1)(634.4, 216.7)(627.8, 216.7);SD
Module:M2
Boundary:(663.9, 244.0)(712.4, 244.0)(712.4, 197.4)(726.9, 197.4)(726.9, 63.7)(663.9, 63.7);GATE
Port:(676.0, 63.7)(714.8, 63.7)(714.8, 69.1)(676.0, 69.1);SD
Port:(663.9, 244.0)(712.4, 244.0)(712.4, 197.4)(726.9, 197.4)(726.9, 71.6)(663.9, 71.6);GATE
Port:(670.1, 233.8)(705.2, 233.8)(705.2, 238.8)(670.1, 238.8);SD
Module:M13
Boundary:(381.4, 158.5)(447.8, 158.5)(447.8, 158.6)(464.2, 158.6)(464.2, 238.2)(381.4, 238.2);GATE
Port:(394.9, 232.7)(450.7, 232.7)(450.7, 238.2)(394.9, 238.2);SD
Port:(381.4, 158.5)(447.8, 158.5)(447.8, 158.6)(464.2, 158.6)(464.2, 231.1)(381.4, 231.1);GATE
Port:(387.0, 163.1)(442.2, 163.1)(442.2, 169.3)(387.0, 169.3);SD
Module:M12
Boundary:(227.4, 228.9)(227.4, 182.0)(198.6, 182.0)(198.6, 167.5)(57.4, 167.5)(57.4, 228.9);GATE
Port:(57.4, 179.6)(62.3, 179.6)(62.3, 216.8)(57.4, 216.8);SD
Port:(227.4, 228.9)(227.4, 182.0)(198.6, 182.0)(198.6, 167.5)(65.0, 167.5)(65.0, 228.9);GATE
Port:(218.2, 188.4)(223.0, 188.4)(223.0, 223.5)(218.2, 223.5);SD
Module:M3
Boundary:(248.3, 20.0)(346.4, 20.0)(346.4, 20.3)(362.9, 20.3)(362.9, 234.9)(248.3, 234.9);GATE
Port:(260.8, 230.2)(350.6, 230.2)(350.6, 234.9)(260.8, 234.9);SD
Port:(248.3, 20.0)(346.4, 20.0)(346.4, 20.3)(362.9, 20.3)(362.9, 228.9)(248.3, 228.9);GATE
Port:(254.2, 24.9)(340.4, 24.9)(340.4, 29.1)(254.2, 29.1);SD
Module:M15
Boundary:(597.7, 333.3)(682.1, 333.3)(682.1, 332.8)(699.4, 332.8)(699.4, 260.3)(597.7, 260.3);GATE
Port:(610.5, 260.3)(686.6, 260.3)(686.6, 264.5)(610.5, 264.5);SD
Port:(597.7, 333.3)(682.1, 333.3)(682.1, 332.8)(699.4, 332.8)(699.4, 265.6)(597.7, 265.6);GATE
Port:(603.2, 323.8)(676.6, 323.8)(676.6, 328.8)(603.2, 328.8);SD
Module:M8
Boundary:(384.9, 246.5)(384.9, 323.9)(493.9, 323.9)(493.9, 337.5)(590.9, 337.5)(590.9, 246.5);GATE
Port:(585.3, 259.0)(590.9, 259.0)(590.9, 325.0)(585.3, 325.0);SD
Port:(384.9, 246.5)(384.9, 323.9)(493.9, 323.9)(493.9, 337.5)(584.3, 337.5)(584.3, 246.5);GATE
Port:(390.9, 253.5)(395.8, 253.5)(395.8, 315.9)(390.9, 315.9);SD
Module:M5
Boundary:(246.1, 374.8)(246.1, 287.6)(246.4, 287.6)(246.4, 270.7)(381.1, 270.7)(381.1, 374.8);GATE
Port:(375.4, 285.1)(381.1, 285.1)(381.1, 360.4)(375.4, 360.4);SD
Port:(246.1, 374.8)(246.1, 287.6)(246.4, 287.6)(246.4, 270.7)(372.7, 270.7)(372.7, 374.8);GATE
Port:(251.9, 294.4)(257.6, 294.4)(257.6, 368.0)(251.9, 368.0);SD
Module:M1
Boundary:(206.0, 253.7)(206.0, 354.5)(103.8, 354.5)(103.8, 253.7);GATE
Port:(103.8, 265.6)(109.4, 265.6)(109.4, 342.6)(103.8, 342.6);SD
Port:(206.0, 253.7)(206.0, 354.5)(111.8, 354.5)(111.8, 253.7);GATE
Port:(195.6, 259.8)(200.9, 259.8)(200.9, 348.4)(195.6, 348.4);SD
Module:M9
Boundary:(356.8, 398.4)(356.8, 461.2)(227.4, 461.2)(227.4, 398.4);GATE
Port:(227.4, 410.7)(231.8, 410.7)(231.8, 448.9)(227.4, 448.9);SD
Port:(356.8, 398.4)(356.8, 461.2)(234.3, 461.2)(234.3, 398.4);GATE
Port:(347.5, 403.8)(352.4, 403.8)(352.4, 455.8)(347.5, 455.8);SD
Module:M11
Boundary:(615.8, 345.8)(707.3, 345.8)(707.3, 346.0)(722.7, 346.0)(722.7, 481.6)(615.8, 481.6);GATE
Port:(626.8, 477.4)(711.7, 477.4)(711.7, 481.6)(626.8, 481.6);SD
Port:(615.8, 345.8)(707.3, 345.8)(707.3, 346.0)(722.7, 346.0)(722.7, 475.5)(615.8, 475.5);GATE
Port:(621.0, 350.0)(702.1, 350.0)(702.1, 355.1)(621.0, 355.1);SD
Module:M10
Boundary:(203.5, 396.6)(203.5, 448.1)(158.3, 448.1)(158.3, 463.5)(65.5, 463.5)(65.5, 396.6);GATE
Port:(65.5, 410.4)(70.6, 410.4)(70.6, 449.7)(65.5, 449.7);SD
Port:(203.5, 396.6)(203.5, 448.1)(158.3, 448.1)(158.3, 463.5)(72.1, 463.5)(72.1, 396.6);GATE
Port:(192.8, 402.9)(198.2, 402.9)(198.2, 440.8)(192.8, 440.8);SD
Module:M6
Boundary:(387.5, 459.8)(387.5, 355.5)(426.1, 355.5)(426.1, 339.6)(606.1, 339.6)(606.1, 459.8);GATE
Port:(602.1, 354.4)(606.1, 354.4)(606.1, 445.0)(602.1, 445.0);SD
Port:(387.5, 459.8)(387.5, 355.5)(426.1, 355.5)(426.1, 339.6)(601.0, 339.6)(601.0, 459.8);GATE
Port:(392.4, 362.4)(399.2, 362.4)(399.2, 453.9)(392.4, 453.9);SD
