Area:(-20.0, -20.0)(956.0, -20.0)(956.0, 619.0)(-20.0, 619.0)
Rule:GATE(5,5);SD(5,5);GATE_SD(0.5);GATE_ITO(0.5);SD_ITO(0.5)
Module:M14
Boundary:(151.0, 184.0)(262.5, 184.0)(262.5, 239.7)(332.0, 239.7)(332.0, 284.0)(151.0, 284.0);GATE
Port:(165.5, 274.0)(317.5, 274.0)(317.5, 284.0)(165.5, 284.0);SD
Port:(151.0, 184.0)(262.5, 184.0)(262.5, 239.7)(332.0, 239.7)(332.0, 269.0)(151.0, 269.0);GATE
Port:(161.0, 189.0)(248.0, 189.0)(248.0, 193.0)(161.0, 193.0);SD
Module:M9
Boundary:(270.0, 20.0)(363.5, 20.0)(363.5, 30.0)(379.0, 30.0)(379.0, 144.0)(270.0, 144.0);GATE
Port:(284.5, 134.0)(364.5, 134.0)(364.5, 144.0)(284.5, 144.0);SD
Port:(270.0, 20.0)(363.5, 20.0)(363.5, 30.0)(379.0, 30.0)(379.0, 129.0)(270.0, 129.0);GATE
Port:(280.0, 25.0)(349.0, 25.0)(349.0, 29.0)(280.0, 29.0);SD
Module:M5
Boundary:(121.0, 20.0)(230.0, 20.0)(230.0, 136.0)(121.0, 136.0);GATE
Port:(135.5, 126.0)(215.5, 126.0)(215.5, 136.0)(135.5, 136.0);SD
Port:(121.0, 20.0)(230.0, 20.0)(230.0, 121.0)(121.0, 121.0);GATE
Port:(131.0, 25.0)(220.0, 25.0)(220.0, 29.0)(131.0, 29.0);SD
Module:M11
Boundary:(372.0, 418.0)(448.0, 418.0)(448.0, 426.0)(463.0, 426.0)(463.0, 571.0)(372.0, 571.0);GATE
Port:(386.5, 561.0)(448.5, 561.0)(448.5, 571.0)(386.5, 571.0);SD
Port:(372.0, 418.0)(448.0, 418.0)(448.0, 426.0)(463.0, 426.0)(463.0, 556.0)(372.0, 556.0);GATE
Port:(382.0, 423.0)(433.0, 423.0)(433.0, 427.0)(382.0, 427.0);SD
Module:M1
Boundary:(609.0, 20.0)(609.0, 167.5)(593.0, 167.5)(593.0, 183.0)(419.0, 183.0)(419.0, 20.0);GATE
Port:(419.0, 34.5)(429.0, 34.5)(429.0, 168.5)(419.0, 168.5);SD
Port:(609.0, 20.0)(609.0, 167.5)(593.0, 167.5)(593.0, 183.0)(434.0, 183.0)(434.0, 20.0);GATE
Port:(600.0, 30.0)(604.0, 30.0)(604.0, 153.0)(600.0, 153.0);SD
Module:M19
Boundary:(503.0, 223.0)(614.5, 223.0)(614.5, 235.0)(630.0, 235.0)(630.0, 416.0)(503.0, 416.0);GATE
Port:(517.5, 406.0)(615.5, 406.0)(615.5, 416.0)(517.5, 416.0);SD
Port:(503.0, 223.0)(614.5, 223.0)(614.5, 235.0)(630.0, 235.0)(630.0, 401.0)(503.0, 401.0);GATE
Port:(513.0, 228.0)(600.0, 228.0)(600.0, 232.0)(513.0, 232.0);SD
Module:M6
Boundary:(670.0, 205.0)(746.0, 205.0)(746.0, 213.0)(761.0, 213.0)(761.0, 389.0)(670.0, 389.0);GATE
Port:(684.5, 379.0)(746.5, 379.0)(746.5, 389.0)(684.5, 389.0);SD
Port:(670.0, 205.0)(746.0, 205.0)(746.0, 213.0)(761.0, 213.0)(761.0, 374.0)(670.0, 374.0);GATE
Port:(680.0, 210.0)(731.0, 210.0)(731.0, 214.0)(680.0, 214.0);SD
Module:M2
Boundary:(332.0, 492.0)(332.0, 565.0)(151.0, 565.0)(151.0, 492.0);GATE
Port:(151.0, 506.5)(161.0, 506.5)(161.0, 550.5)(151.0, 550.5);SD
Port:(332.0, 492.0)(332.0, 565.0)(166.0, 565.0)(166.0, 492.0);GATE
Port:(323.0, 502.0)(327.0, 502.0)(327.0, 555.0)(323.0, 555.0);SD
Module:M16
Boundary:(778.0, 20.0)(778.0, 149.5)(764.0, 149.5)(764.0, 165.0)(649.0, 165.0)(649.0, 20.0);GATE
Port:(649.0, 34.5)(659.0, 34.5)(659.0, 150.5)(649.0, 150.5);SD
Port:(778.0, 20.0)(778.0, 149.5)(764.0, 149.5)(764.0, 165.0)(664.0, 165.0)(664.0, 20.0);GATE
Port:(769.0, 30.0)(773.0, 30.0)(773.0, 135.0)(769.0, 135.0);SD
Module:M13
Boundary:(151.0, 324.0)(298.5, 324.0)(298.5, 346.0)(314.0, 346.0)(314.0, 452.0)(151.0, 452.0);GATE
Port:(165.5, 442.0)(299.5, 442.0)(299.5, 452.0)(165.5, 452.0);SD
Port:(151.0, 324.0)(298.5, 324.0)(298.5, 346.0)(314.0, 346.0)(314.0, 437.0)(151.0, 437.0);GATE
Port:(161.0, 329.0)(284.0, 329.0)(284.0, 333.0)(161.0, 333.0);SD
Module:M10
Boundary:(20.0, 205.0)(96.0, 205.0)(96.0, 213.0)(111.0, 213.0)(111.0, 268.0)(20.0, 268.0);GATE
Port:(34.5, 258.0)(96.5, 258.0)(96.5, 268.0)(34.5, 268.0);SD
Port:(20.0, 205.0)(96.0, 205.0)(96.0, 213.0)(111.0, 213.0)(111.0, 253.0)(20.0, 253.0);GATE
Port:(30.0, 210.0)(81.0, 210.0)(81.0, 214.0)(30.0, 214.0);SD
Module:M7
Boundary:(20.0, 429.0)(96.0, 429.0)(96.0, 437.0)(111.0, 437.0)(111.0, 568.0)(20.0, 568.0);GATE
Port:(34.5, 558.0)(96.5, 558.0)(96.5, 568.0)(34.5, 568.0);SD
Port:(20.0, 429.0)(96.0, 429.0)(96.0, 437.0)(111.0, 437.0)(111.0, 553.0)(20.0, 553.0);GATE
Port:(30.0, 434.0)(81.0, 434.0)(81.0, 438.0)(30.0, 438.0);SD
Module:M3
Boundary:(916.0, 205.0)(916.0, 281.0)(908.0, 281.0)(908.0, 296.0)(801.0, 296.0)(801.0, 205.0);GATE
Port:(801.0, 219.5)(811.0, 219.5)(811.0, 281.5)(801.0, 281.5);SD
Port:(916.0, 205.0)(916.0, 281.0)(908.0, 281.0)(908.0, 296.0)(816.0, 296.0)(816.0, 205.0);GATE
Port:(907.0, 215.0)(911.0, 215.0)(911.0, 266.0)(907.0, 266.0);SD
Module:M18
Boundary:(914.0, 486.0)(914.0, 562.0)(906.0, 562.0)(906.0, 577.0)(778.0, 577.0)(778.0, 486.0);GATE
Port:(778.0, 500.5)(788.0, 500.5)(788.0, 562.5)(778.0, 562.5);SD
Port:(914.0, 486.0)(914.0, 562.0)(906.0, 562.0)(906.0, 577.0)(793.0, 577.0)(793.0, 486.0);GATE
Port:(905.0, 496.0)(909.0, 496.0)(909.0, 547.0)(905.0, 547.0);SD
Module:M20
Boundary:(503.0, 456.0)(650.5, 456.0)(650.5, 533.9)(738.0, 533.9)(738.0, 579.0)(503.0, 579.0);GATE
Port:(517.5, 569.0)(723.5, 569.0)(723.5, 579.0)(517.5, 579.0);SD
Port:(503.0, 456.0)(650.5, 456.0)(650.5, 533.9)(738.0, 533.9)(738.0, 564.0)(503.0, 564.0);GATE
Port:(513.0, 461.0)(636.0, 461.0)(636.0, 465.0)(513.0, 465.0);SD
Module:M15
Boundary:(801.0, 336.0)(894.5, 336.0)(894.5, 349.0)(910.0, 349.0)(910.0, 446.0)(801.0, 446.0);GATE
Port:(815.5, 436.0)(895.5, 436.0)(895.5, 446.0)(815.5, 446.0);SD
Port:(801.0, 336.0)(894.5, 336.0)(894.5, 349.0)(910.0, 349.0)(910.0, 431.0)(801.0, 431.0);GATE
Port:(811.0, 341.0)(880.0, 341.0)(880.0, 345.0)(811.0, 345.0);SD
Module:M12
Boundary:(81.0, 20.0)(81.0, 149.5)(67.0, 149.5)(67.0, 165.0)(20.0, 165.0)(20.0, 20.0);GATE
Port:(20.0, 34.5)(30.0, 34.5)(30.0, 150.5)(20.0, 150.5);SD
Port:(81.0, 20.0)(81.0, 149.5)(67.0, 149.5)(67.0, 165.0)(35.0, 165.0)(35.0, 20.0);GATE
Port:(72.0, 30.0)(76.0, 30.0)(76.0, 135.0)(72.0, 135.0);SD
Module:M8
Boundary:(372.0, 223.0)(448.0, 223.0)(448.0, 231.0)(463.0, 231.0)(463.0, 378.0)(372.0, 378.0);GATE
Port:(386.5, 368.0)(448.5, 368.0)(448.5, 378.0)(386.5, 378.0);SD
Port:(372.0, 223.0)(448.0, 223.0)(448.0, 231.0)(463.0, 231.0)(463.0, 363.0)(372.0, 363.0);GATE
Port:(382.0, 228.0)(433.0, 228.0)(433.0, 232.0)(382.0, 232.0);SD
Module:M4
Boundary:(20.0, 308.0)(96.0, 308.0)(96.0, 316.0)(111.0, 316.0)(111.0, 389.0)(20.0, 389.0);GATE
Port:(34.5, 379.0)(96.5, 379.0)(96.5, 389.0)(34.5, 389.0);SD
Port:(20.0, 308.0)(96.0, 308.0)(96.0, 316.0)(111.0, 316.0)(111.0, 374.0)(20.0, 374.0);GATE
Port:(30.0, 313.0)(81.0, 313.0)(81.0, 317.0)(30.0, 317.0);SD
Module:M17
Boundary:(912.0, 20.0)(912.0, 131.5)(873.8, 131.5)(873.8, 165.0)(818.0, 165.0)(818.0, 20.0);GATE
Port:(818.0, 34.5)(828.0, 34.5)(828.0, 150.5)(818.0, 150.5);SD
Port:(912.0, 20.0)(912.0, 131.5)(873.8, 131.5)(873.8, 165.0)(833.0, 165.0)(833.0, 20.0);GATE
Port:(903.0, 30.0)(907.0, 30.0)(907.0, 117.0)(903.0, 117.0);SD
