Area:(-20.0, -20.0)(792.0, -20.0)(792.0, 647.0)(-20.0, 647.0)
Rule:GATE(5,5);SD(5,5);GATE_SD(0.5);GATE_ITO(0.5);SD_ITO(0.5)
Module:M14
Boundary:(155.0, 150.0)(155.0, 279.5)(84.6, 279.5)(84.6, 403.0)(30.0, 403.0)(30.0, 150.0);GATE
Port:(30.0, 164.5)(40.0, 164.5)(40.0, 388.5)(30.0, 388.5);SD
Port:(155.0, 150.0)(155.0, 279.5)(84.6, 279.5)(84.6, 403.0)(45.0, 403.0)(45.0, 150.0);GATE
Port:(146.0, 160.0)(150.0, 160.0)(150.0, 265.0)(146.0, 265.0);SD
Module:M9
Boundary:(625.0, 20.0)(736.5, 20.0)(736.5, 32.0)(752.0, 32.0)(752.0, 187.0)(625.0, 187.0);GATE
Port:(639.5, 177.0)(737.5, 177.0)(737.5, 187.0)(639.5, 187.0);SD
Port:(625.0, 20.0)(736.5, 20.0)(736.5, 32.0)(752.0, 32.0)(752.0, 172.0)(625.0, 172.0);GATE
Port:(635.0, 25.0)(722.0, 25.0)(722.0, 29.0)(635.0, 29.0);SD
Module:M5
Boundary:(269.0, 20.0)(269.0, 113.5)(259.0, 113.5)(259.0, 129.0)(205.0, 129.0)(205.0, 20.0);GATE
Port:(205.0, 34.5)(215.0, 34.5)(215.0, 114.5)(205.0, 114.5);SD
Port:(269.0, 20.0)(269.0, 113.5)(259.0, 113.5)(259.0, 129.0)(220.0, 129.0)(220.0, 20.0);GATE
Port:(260.0, 30.0)(264.0, 30.0)(264.0, 99.0)(260.0, 99.0);SD
Module:M11
Boundary:(20.0, 20.0)(149.5, 20.0)(149.5, 34.0)(165.0, 34.0)(165.0, 100.0)(20.0, 100.0);GATE
Port:(34.5, 90.0)(150.5, 90.0)(150.5, 100.0)(34.5, 100.0);SD
Port:(20.0, 20.0)(149.5, 20.0)(149.5, 34.0)(165.0, 34.0)(165.0, 85.0)(20.0, 85.0);GATE
Port:(30.0, 25.0)(135.0, 25.0)(135.0, 29.0)(30.0, 29.0);SD
Module:M1
Boundary:(195.0, 505.0)(342.5, 505.0)(342.5, 521.0)(358.0, 521.0)(358.0, 583.0)(195.0, 583.0);GATE
Port:(209.5, 573.0)(343.5, 573.0)(343.5, 583.0)(209.5, 583.0);SD
Port:(195.0, 505.0)(342.5, 505.0)(342.5, 521.0)(358.0, 521.0)(358.0, 568.0)(195.0, 568.0);GATE
Port:(205.0, 510.0)(328.0, 510.0)(328.0, 514.0)(205.0, 514.0);SD
Module:M6
Boundary:(435.0, 139.0)(435.0, 215.0)(427.0, 215.0)(427.0, 230.0)(371.0, 230.0)(371.0, 139.0);GATE
Port:(371.0, 153.5)(381.0, 153.5)(381.0, 215.5)(371.0, 215.5);SD
Port:(435.0, 139.0)(435.0, 215.0)(427.0, 215.0)(427.0, 230.0)(386.0, 230.0)(386.0, 139.0);GATE
Port:(426.0, 149.0)(430.0, 149.0)(430.0, 200.0)(426.0, 200.0);SD
Module:M2
Boundary:(749.0, 444.0)(749.0, 591.5)(733.0, 591.5)(733.0, 607.0)(565.0, 607.0)(565.0, 444.0);GATE
Port:(565.0, 458.5)(575.0, 458.5)(575.0, 592.5)(565.0, 592.5);SD
Port:(749.0, 444.0)(749.0, 591.5)(733.0, 591.5)(733.0, 607.0)(580.0, 607.0)(580.0, 444.0);GATE
Port:(740.0, 454.0)(744.0, 454.0)(744.0, 577.0)(740.0, 577.0);SD
Module:M16
Boundary:(205.0, 300.0)(298.5, 300.0)(298.5, 365.8)(368.0, 365.8)(368.0, 455.0)(205.0, 455.0);GATE
Port:(219.5, 445.0)(353.5, 445.0)(353.5, 455.0)(219.5, 455.0);SD
Port:(205.0, 300.0)(298.5, 300.0)(298.5, 365.8)(368.0, 365.8)(368.0, 440.0)(205.0, 440.0);GATE
Port:(215.0, 305.0)(284.0, 305.0)(284.0, 309.0)(215.0, 309.0);SD
Module:M13
Boundary:(483.0, 270.0)(483.0, 363.5)(455.4, 363.5)(455.4, 397.0)(408.0, 397.0)(408.0, 270.0);GATE
Port:(408.0, 284.5)(418.0, 284.5)(418.0, 382.5)(408.0, 382.5);SD
Port:(483.0, 270.0)(483.0, 363.5)(455.4, 363.5)(455.4, 397.0)(423.0, 397.0)(423.0, 270.0);GATE
Port:(474.0, 280.0)(478.0, 280.0)(478.0, 349.0)(474.0, 349.0);SD
Module:M10
Boundary:(525.0, 443.0)(525.0, 590.5)(509.0, 590.5)(509.0, 606.0)(408.0, 606.0)(408.0, 443.0);GATE
Port:(408.0, 457.5)(418.0, 457.5)(418.0, 591.5)(408.0, 591.5);SD
Port:(525.0, 443.0)(525.0, 590.5)(509.0, 590.5)(509.0, 606.0)(423.0, 606.0)(423.0, 443.0);GATE
Port:(516.0, 453.0)(520.0, 453.0)(520.0, 576.0)(516.0, 576.0);SD
Module:M7
Boundary:(145.0, 453.0)(145.0, 528.5)(94.8, 528.5)(94.8, 598.0)(20.0, 598.0)(20.0, 453.0);GATE
Port:(20.0, 467.5)(30.0, 467.5)(30.0, 583.5)(20.0, 583.5);SD
Port:(145.0, 453.0)(145.0, 528.5)(94.8, 528.5)(94.8, 598.0)(35.0, 598.0)(35.0, 453.0);GATE
Port:(136.0, 463.0)(140.0, 463.0)(140.0, 514.0)(136.0, 514.0);SD
Module:M3
Boundary:(331.0, 169.0)(331.0, 245.0)(323.0, 245.0)(323.0, 260.0)(205.0, 260.0)(205.0, 169.0);GATE
Port:(205.0, 183.5)(215.0, 183.5)(215.0, 245.5)(205.0, 245.5);SD
Port:(331.0, 169.0)(331.0, 245.0)(323.0, 245.0)(323.0, 260.0)(220.0, 260.0)(220.0, 169.0);GATE
Port:(322.0, 179.0)(326.0, 179.0)(326.0, 230.0)(322.0, 230.0);SD
Module:M15
Boundary:(476.0, 20.0)(569.5, 20.0)(569.5, 30.0)(585.0, 30.0)(585.0, 218.0)(476.0, 218.0);GATE
Port:(490.5, 208.0)(570.5, 208.0)(570.5, 218.0)(490.5, 218.0);SD
Port:(476.0, 20.0)(569.5, 20.0)(569.5, 30.0)(585.0, 30.0)(585.0, 203.0)(476.0, 203.0);GATE
Port:(486.0, 25.0)(555.0, 25.0)(555.0, 29.0)(486.0, 29.0);SD
Module:M12
Boundary:(592.0, 258.0)(592.0, 387.5)(578.0, 387.5)(578.0, 403.0)(523.0, 403.0)(523.0, 258.0);GATE
Port:(523.0, 272.5)(533.0, 272.5)(533.0, 388.5)(523.0, 388.5);SD
Port:(592.0, 258.0)(592.0, 387.5)(578.0, 387.5)(578.0, 403.0)(538.0, 403.0)(538.0, 258.0);GATE
Port:(583.0, 268.0)(587.0, 268.0)(587.0, 373.0)(583.0, 373.0);SD
Module:M8
Boundary:(309.0, 20.0)(420.5, 20.0)(420.5, 37.0)(436.0, 37.0)(436.0, 99.0)(309.0, 99.0);GATE
Port:(323.5, 89.0)(421.5, 89.0)(421.5, 99.0)(323.5, 99.0);SD
Port:(309.0, 20.0)(420.5, 20.0)(420.5, 37.0)(436.0, 37.0)(436.0, 84.0)(309.0, 84.0);GATE
Port:(319.0, 25.0)(406.0, 25.0)(406.0, 29.0)(319.0, 29.0);SD
Module:M4
Boundary:(632.0, 227.0)(708.0, 227.0)(708.0, 235.0)(723.0, 235.0)(723.0, 404.0)(632.0, 404.0);GATE
Port:(646.5, 394.0)(708.5, 394.0)(708.5, 404.0)(646.5, 404.0);SD
Port:(632.0, 227.0)(708.0, 227.0)(708.0, 235.0)(723.0, 235.0)(723.0, 389.0)(632.0, 389.0);GATE
Port:(642.0, 232.0)(693.0, 232.0)(693.0, 236.0)(642.0, 236.0);SD
