Area:(-20.0, -20.0)(424.8, -20.0)(424.8, 300.9)(-20.0, 300.9)
Rule:GATE(5,5);SD(5,5);GATE_SD(0.5);GATE_ITO(0.5);SD_ITO(0.5)
Module:M5
Boundary:(384.8, 20.0)(384.8, 128.7)(259.5, 128.7)(259.5, 20.0);GATE
Port:(259.5, 32.7)(265.2, 32.7)(265.2, 116.0)(259.5, 116.0);SD
Port:(384.8, 20.0)(384.8, 128.7)(266.9, 128.7)(266.9, 20.0);GATE
Port:(374.3, 26.0)(379.8, 26.0)(379.8, 122.7)(374.3, 122.7);SD
Module:M1
Boundary:(167.0, 20.0)(201.2, 20.0)(201.2, 20.2)(219.5, 20.2)(219.5, 114.8)(167.0, 114.8);GATE
Port:(180.8, 110.7)(205.7, 110.7)(205.7, 114.8)(180.8, 114.8);SD
Port:(167.0, 20.0)(201.2, 20.0)(201.2, 20.2)(219.5, 20.2)(219.5, 108.5)(167.0, 108.5);GATE
Port:(172.2, 24.2)(196.0, 24.2)(196.0, 30.4)(172.2, 30.4);SD
Module:M2
Boundary:(376.7, 168.7)(376.7, 237.4)(318.8, 237.4)(318.8, 252.9)(235.7, 252.9)(235.7, 168.7);GATE
Port:(235.7, 182.5)(241.6, 182.5)(241.6, 239.1)(235.7, 239.1);SD
Port:(376.7, 168.7)(376.7, 237.4)(318.8, 237.4)(318.8, 252.9)(242.9, 252.9)(242.9, 168.7);GATE
Port:(365.6, 174.5)(371.9, 174.5)(371.9, 230.6)(365.6, 230.6);SD
Module:M3
Boundary:(195.7, 165.7)(195.7, 244.9)(195.4, 244.9)(195.4, 260.9)(20.0, 260.9)(20.0, 165.7);GATE
Port:(20.0, 177.4)(24.1, 177.4)(24.1, 249.2)(20.0, 249.2);SD
Port:(195.7, 165.7)(195.7, 244.9)(195.4, 244.9)(195.4, 260.9)(26.7, 260.9)(26.7, 165.7);GATE
Port:(186.0, 170.9)(191.5, 170.9)(191.5, 239.7)(186.0, 239.7);SD
Module:M4
Boundary:(20.0, 20.0)(110.3, 20.0)(110.3, 68.4)(127.0, 68.4)(127.0, 125.7)(20.0, 125.7);GATE
Port:(34.2, 120.5)(112.8, 120.5)(112.8, 125.7)(34.2, 125.7);SD
Port:(20.0, 20.0)(110.3, 20.0)(110.3, 68.4)(127.0, 68.4)(127.0, 117.8)(20.0, 117.8);GATE
Port:(26.1, 25.1)(103.2, 25.1)(103.2, 31.6)(26.1, 31.6);SD
