Area:(-20.0, 22.8)(518.1, 22.8)(518.1, 1258.4)(-20.0, 1258.4)
Rule:GATE(5,5);SD(5,5);GATE_SD(0.5);GATE_ITO(0.5);SD_ITO(0.5)
Module:M14
Boundary:(377.0, 71.8)(444.7, 71.8)(444.7, 86.7)(459.1, 86.7)(459.1, 245.0)(377.0, 245.0);GATE
Port:(391.7, 241.0)(444.4, 241.0)(444.4, 245.0)(391.7, 245.0);SD
Port:(377.0, 71.8)(444.7, 71.8)(444.7, 86.7)(459.1, 86.7)(459.1, 239.4)(377.0, 239.4);GATE
Port:(383.4, 77.2)(437.3, 77.2)(437.3, 84.1)(383.4, 84.1);SD
Module:M23
Boundary:(193.2, 88.0)(259.3, 88.0)(259.3, 88.3)(275.6, 88.3)(275.6, 283.5)(193.2, 283.5);GATE
Port:(206.9, 278.0)(261.9, 278.0)(261.9, 283.5)(206.9, 283.5);SD
Port:(193.2, 88.0)(259.3, 88.0)(259.3, 88.3)(275.6, 88.3)(275.6, 276.3)(193.2, 276.3);GATE
Port:(199.1, 92.9)(253.4, 92.9)(253.4, 98.8)(199.1, 98.8);SD
Module:M10
Boundary:(192.7, 89.3)(88.6, 89.3)(88.6, 107.2)(73.1, 107.2)(73.1, 293.5)(192.7, 293.5);GATE
Port:(88.0, 288.1)(177.8, 288.1)(177.8, 293.5)(88.0, 293.5);SD
Port:(192.7, 89.3)(88.6, 89.3)(88.6, 107.2)(73.1, 107.2)(73.1, 285.2)(192.7, 285.2);GATE
Port:(95.7, 94.4)(186.6, 94.4)(186.6, 102.0)(95.7, 102.0);SD
Module:M25
Boundary:(275.7, 62.8)(350.9, 62.8)(350.9, 274.9)(275.7, 274.9);GATE
Port:(287.8, 270.7)(338.8, 270.7)(338.8, 274.9)(287.8, 274.9);SD
Port:(275.7, 62.8)(350.9, 62.8)(350.9, 269.4)(275.7, 269.4);GATE
Port:(281.9, 68.0)(344.7, 68.0)(344.7, 72.7)(281.9, 72.7);SD
Module:M21
Boundary:(237.6, 387.9)(336.8, 387.9)(336.8, 295.1)(237.6, 295.1);GATE
Port:(250.5, 295.1)(323.9, 295.1)(323.9, 300.1)(250.5, 300.1);SD
Port:(237.6, 387.9)(336.8, 387.9)(336.8, 302.6)(237.6, 302.6);GATE
Port:(243.0, 377.6)(331.4, 377.6)(331.4, 383.5)(243.0, 383.5);SD
Module:M5
Boundary:(229.0, 294.8)(229.0, 420.1)(20.0, 420.1)(20.0, 294.8);GATE
Port:(20.0, 309.6)(24.5, 309.6)(24.5, 405.3)(20.0, 405.3);SD
Port:(229.0, 294.8)(229.0, 420.1)(26.2, 420.1)(26.2, 294.8);GATE
Port:(217.3, 301.1)(223.7, 301.1)(223.7, 413.8)(217.3, 413.8);SD
Module:M15
Boundary:(471.5, 287.9)(394.8, 287.9)(394.8, 445.6)(471.5, 445.6);GATE
Port:(407.4, 439.8)(458.9, 439.8)(458.9, 445.6)(407.4, 445.6);SD
Port:(471.5, 287.9)(394.8, 287.9)(394.8, 438.7)(471.5, 438.7);GATE
Port:(399.8, 291.9)(466.5, 291.9)(466.5, 298.7)(399.8, 298.7);SD
Module:M13
Boundary:(337.3, 405.4)(284.3, 405.4)(284.3, 405.5)(266.9, 405.5)(266.9, 493.8)(337.3, 493.8);GATE
Port:(281.3, 489.0)(322.9, 489.0)(322.9, 493.8)(281.3, 493.8);SD
Port:(337.3, 405.4)(284.3, 405.4)(284.3, 405.5)(266.9, 405.5)(266.9, 487.6)(337.3, 487.6);GATE
Port:(289.7, 409.8)(331.9, 409.8)(331.9, 416.3)(289.7, 416.3);SD
Module:M6
Boundary:(350.5, 538.6)(421.6, 538.6)(421.6, 524.0)(437.9, 524.0)(437.9, 463.3)(350.5, 463.3);GATE
Port:(365.2, 463.3)(423.2, 463.3)(423.2, 468.6)(365.2, 468.6);SD
Port:(350.5, 538.6)(421.6, 538.6)(421.6, 524.0)(437.9, 524.0)(437.9, 470.9)(350.5, 470.9);GATE
Port:(356.6, 527.2)(414.5, 527.2)(414.5, 533.5)(356.6, 533.5);SD
Module:M8
Boundary:(22.2, 469.1)(118.5, 469.1)(118.5, 512.6)(132.7, 512.6)(132.7, 636.9)(22.2, 636.9);GATE
Port:(35.9, 632.6)(119.0, 632.6)(119.0, 636.9)(35.9, 636.9);SD
Port:(22.2, 469.1)(118.5, 469.1)(118.5, 512.6)(132.7, 512.6)(132.7, 631.1)(22.2, 631.1);GATE
Port:(28.9, 474.8)(110.8, 474.8)(110.8, 480.3)(28.9, 480.3);SD
Module:M2
Boundary:(198.2, 388.8)(266.6, 388.8)(266.6, 499.0)(282.4, 499.0)(282.4, 595.5)(198.2, 595.5);GATE
Port:(211.9, 590.8)(268.7, 590.8)(268.7, 595.5)(211.9, 595.5);SD
Port:(198.2, 388.8)(266.6, 388.8)(266.6, 499.0)(282.4, 499.0)(282.4, 589.8)(198.2, 589.8);GATE
Port:(203.9, 393.5)(259.9, 393.5)(259.9, 399.2)(203.9, 399.2);SD
Module:M17
Boundary:(459.3, 741.8)(422.8, 741.8)(422.8, 741.6)(405.7, 741.6)(405.7, 545.6)(459.3, 545.6);GATE
Port:(420.7, 545.6)(444.3, 545.6)(444.3, 550.9)(420.7, 550.9);SD
Port:(459.3, 741.8)(422.8, 741.8)(422.8, 741.6)(405.7, 741.6)(405.7, 552.6)(459.3, 552.6);GATE
Port:(428.7, 730.3)(453.4, 730.3)(453.4, 736.9)(428.7, 736.9);SD
Module:M22
Boundary:(377.4, 562.9)(285.3, 562.9)(285.3, 599.2)(271.3, 599.2)(271.3, 771.5)(377.4, 771.5);GATE
Port:(283.8, 765.7)(364.9, 765.7)(364.9, 771.5)(283.8, 771.5);SD
Port:(377.4, 562.9)(285.3, 562.9)(285.3, 599.2)(271.3, 599.2)(271.3, 763.7)(377.4, 763.7);GATE
Port:(291.6, 567.2)(372.1, 567.2)(372.1, 573.2)(291.6, 573.2);SD
Module:M18
Boundary:(203.7, 620.7)(253.1, 620.7)(253.1, 663.7)(268.5, 663.7)(268.5, 751.3)(203.7, 751.3);GATE
Port:(216.0, 745.8)(256.2, 745.8)(256.2, 751.3)(216.0, 751.3);SD
Port:(203.7, 620.7)(253.1, 620.7)(253.1, 663.7)(268.5, 663.7)(268.5, 744.6)(203.7, 744.6);GATE
Port:(209.2, 625.2)(246.6, 625.2)(246.6, 630.3)(209.2, 630.3);SD
Module:M24
Boundary:(144.0, 637.3)(51.3, 637.3)(51.3, 670.1)(37.6, 670.1)(37.6, 827.7)(144.0, 827.7);GATE
Port:(51.0, 823.5)(130.6, 823.5)(130.6, 827.7)(51.0, 827.7);SD
Port:(144.0, 637.3)(51.3, 637.3)(51.3, 670.1)(37.6, 670.1)(37.6, 820.6)(144.0, 820.6);GATE
Port:(58.5, 642.5)(137.8, 642.5)(137.8, 648.6)(58.5, 648.6);SD
Module:M9
Boundary:(240.3, 830.0)(240.3, 787.6)(455.9, 787.6)(455.9, 830.0);GATE
Port:(451.0, 799.2)(455.9, 799.2)(455.9, 818.4)(451.0, 818.4);SD
Port:(240.3, 830.0)(240.3, 787.6)(448.4, 787.6)(448.4, 830.0);GATE
Port:(245.4, 793.7)(250.4, 793.7)(250.4, 823.9)(245.4, 823.9);SD
Module:M20
Boundary:(170.1, 834.1)(170.1, 902.8)(98.4, 902.8)(98.4, 918.6)(26.8, 918.6)(26.8, 834.1);GATE
Port:(26.8, 847.3)(31.2, 847.3)(31.2, 905.4)(26.8, 905.4);SD
Port:(170.1, 834.1)(170.1, 902.8)(98.4, 902.8)(98.4, 918.6)(33.6, 918.6)(33.6, 834.1);GATE
Port:(159.2, 840.5)(164.7, 840.5)(164.7, 895.4)(159.2, 895.4);SD
Module:M3
Boundary:(300.9, 918.6)(300.9, 839.7)(198.2, 839.7)(198.2, 918.6);GATE
Port:(198.2, 853.2)(204.1, 853.2)(204.1, 905.1)(198.2, 905.1);SD
Port:(300.9, 918.6)(300.9, 839.7)(206.5, 839.7)(206.5, 918.6);GATE
Port:(290.3, 846.1)(295.5, 846.1)(295.5, 912.2)(290.3, 912.2);SD
Module:M7
Boundary:(465.8, 841.5)(465.8, 920.9)(337.4, 920.9)(337.4, 841.5);GATE
Port:(337.4, 854.7)(342.4, 854.7)(342.4, 907.7)(337.4, 907.7);SD
Port:(465.8, 841.5)(465.8, 920.9)(345.3, 920.9)(345.3, 841.5);GATE
Port:(454.2, 848.3)(460.0, 848.3)(460.0, 914.1)(454.2, 914.1);SD
Module:M1
Boundary:(315.8, 1028.9)(315.8, 979.6)(315.7, 979.6)(315.7, 963.9)(166.5, 963.9)(166.5, 1028.9);GATE
Port:(166.5, 976.8)(171.5, 976.8)(171.5, 1016.0)(166.5, 1016.0);SD
Port:(315.8, 1028.9)(315.8, 979.6)(315.7, 979.6)(315.7, 963.9)(174.4, 963.9)(174.4, 1028.9);GATE
Port:(304.8, 984.6)(311.8, 984.6)(311.8, 1023.9)(304.8, 1023.9);SD
Module:M4
Boundary:(165.9, 1064.1)(165.9, 998.2)(113.7, 998.2)(113.7, 983.3)(54.8, 983.3)(54.8, 1064.1);GATE
Port:(54.8, 996.2)(59.4, 996.2)(59.4, 1051.2)(54.8, 1051.2);SD
Port:(165.9, 1064.1)(165.9, 998.2)(113.7, 998.2)(113.7, 983.3)(61.9, 983.3)(61.9, 1064.1);GATE
Port:(155.8, 1005.8)(160.3, 1005.8)(160.3, 1057.5)(155.8, 1057.5);SD
Module:M16
Boundary:(478.1, 1065.6)(478.1, 978.4)(422.2, 978.4)(422.2, 962.3)(341.0, 962.3)(341.0, 1065.6);GATE
Port:(341.0, 975.9)(346.8, 975.9)(346.8, 1052.0)(341.0, 1052.0);SD
Port:(478.1, 1065.6)(478.1, 978.4)(422.2, 978.4)(422.2, 962.3)(348.9, 962.3)(348.9, 1065.6);GATE
Port:(467.4, 986.2)(472.3, 986.2)(472.3, 1058.8)(467.4, 1058.8);SD
Module:M19
Boundary:(464.0, 1149.7)(464.0, 1083.3)(463.8, 1083.3)(463.8, 1066.6)(314.6, 1066.6)(314.6, 1149.7);GATE
Port:(314.6, 1079.3)(320.2, 1079.3)(320.2, 1137.0)(314.6, 1137.0);SD
Port:(464.0, 1149.7)(464.0, 1083.3)(463.8, 1083.3)(463.8, 1066.6)(322.7, 1066.6)(322.7, 1149.7);GATE
Port:(453.7, 1089.1)(459.2, 1089.1)(459.2, 1143.9)(453.7, 1143.9);SD
Module:M12
Boundary:(241.2, 1098.6)(241.2, 1194.9)(138.5, 1194.9)(138.5, 1209.1)(43.3, 1209.1)(43.3, 1098.6);GATE
Port:(43.3, 1112.4)(48.7, 1112.4)(48.7, 1195.3)(43.3, 1195.3);SD
Port:(241.2, 1098.6)(241.2, 1194.9)(138.5, 1194.9)(138.5, 1209.1)(50.7, 1209.1)(50.7, 1098.6);GATE
Port:(229.1, 1105.2)(235.6, 1105.2)(235.6, 1187.3)(229.1, 1187.3);SD
Module:M11
Boundary:(251.2, 1087.3)(285.2, 1087.3)(285.2, 1087.5)(298.9, 1087.5)(298.9, 1218.4)(251.2, 1218.4);GATE
Port:(264.9, 1212.6)(285.2, 1212.6)(285.2, 1218.4)(264.9, 1218.4);SD
Port:(251.2, 1087.3)(285.2, 1087.3)(285.2, 1087.5)(298.9, 1087.5)(298.9, 1209.9)(251.2, 1209.9);GATE
Port:(257.9, 1093.0)(278.5, 1093.0)(278.5, 1099.3)(257.9, 1099.3);SD
