Area:(-20.0, -20.0)(539.3, -20.0)(539.3, 1272.2)(-20.0, 1272.2)
Rule:GATE(5,5);SD(5,5);GATE_SD(0.5);GATE_ITO(0.5);SD_ITO(0.5)
Module:M14
Boundary:(417.2, 20.0)(484.9, 20.0)(484.9, 34.9)(499.3, 34.9)(499.3, 193.2)(417.2, 193.2);GATE
Port:(431.9, 189.2)(484.6, 189.2)(484.6, 193.2)(431.9, 193.2);SD
Port:(417.2, 20.0)(484.9, 20.0)(484.9, 34.9)(499.3, 34.9)(499.3, 187.6)(417.2, 187.6);GATE
Port:(423.6, 25.4)(477.5, 25.4)(477.5, 32.3)(423.6, 32.3);SD
Module:M9
Boundary:(490.9, 794.8)(490.9, 837.2)(275.3, 837.2)(275.3, 794.8);GATE
Port:(275.3, 806.4)(280.2, 806.4)(280.2, 825.6)(275.3, 825.6);SD
Port:(490.9, 794.8)(490.9, 837.2)(282.8, 837.2)(282.8, 794.8);GATE
Port:(480.8, 800.9)(485.8, 800.9)(485.8, 831.1)(480.8, 831.1);SD
Module:M5
Boundary:(229.0, 264.2)(229.0, 389.5)(20.0, 389.5)(20.0, 264.2);GATE
Port:(20.0, 279.0)(24.5, 279.0)(24.5, 374.7)(20.0, 374.7);SD
Port:(229.0, 264.2)(229.0, 389.5)(26.2, 389.5)(26.2, 264.2);GATE
Port:(217.3, 270.5)(223.7, 270.5)(223.7, 383.2)(217.3, 383.2);SD
Module:M11
Boundary:(257.9, 1101.1)(291.9, 1101.1)(291.9, 1101.2)(305.6, 1101.2)(305.6, 1232.2)(257.9, 1232.2);GATE
Port:(271.6, 1226.4)(291.9, 1226.4)(291.9, 1232.2)(271.6, 1232.2);SD
Port:(257.9, 1101.1)(291.9, 1101.1)(291.9, 1101.2)(305.6, 1101.2)(305.6, 1223.7)(257.9, 1223.7);GATE
Port:(264.6, 1106.8)(285.2, 1106.8)(285.2, 1113.1)(264.6, 1113.1);SD
Module:M1
Boundary:(320.5, 996.1)(320.5, 1045.4)(320.4, 1045.4)(320.4, 1061.1)(171.2, 1061.1)(171.2, 996.1);GATE
Port:(171.2, 1009.0)(176.2, 1009.0)(176.2, 1048.2)(171.2, 1048.2);SD
Port:(320.5, 996.1)(320.5, 1045.4)(320.4, 1045.4)(320.4, 1061.1)(179.1, 1061.1)(179.1, 996.1);GATE
Port:(309.5, 1001.1)(316.5, 1001.1)(316.5, 1040.4)(309.5, 1040.4);SD
Module:M24
Boundary:(20.0, 637.3)(112.7, 637.3)(112.7, 670.1)(126.4, 670.1)(126.4, 827.7)(20.0, 827.7);GATE
Port:(33.4, 823.5)(113.0, 823.5)(113.0, 827.7)(33.4, 827.7);SD
Port:(20.0, 637.3)(112.7, 637.3)(112.7, 670.1)(126.4, 670.1)(126.4, 820.6)(20.0, 820.6);GATE
Port:(26.2, 642.5)(105.5, 642.5)(105.5, 648.6)(26.2, 648.6);SD
Module:M19
Boundary:(495.0, 1139.9)(495.0, 1206.3)(494.8, 1206.3)(494.8, 1223.0)(345.6, 1223.0)(345.6, 1139.9);GATE
Port:(345.6, 1152.6)(351.2, 1152.6)(351.2, 1210.3)(345.6, 1210.3);SD
Port:(495.0, 1139.9)(495.0, 1206.3)(494.8, 1206.3)(494.8, 1223.0)(353.7, 1223.0)(353.7, 1139.9);GATE
Port:(484.7, 1145.7)(490.2, 1145.7)(490.2, 1200.5)(484.7, 1200.5);SD
Module:M6
Boundary:(405.1, 430.9)(476.2, 430.9)(476.2, 445.5)(492.5, 445.5)(492.5, 506.2)(405.1, 506.2);GATE
Port:(419.8, 500.9)(477.8, 500.9)(477.8, 506.2)(419.8, 506.2);SD
Port:(405.1, 430.9)(476.2, 430.9)(476.2, 445.5)(492.5, 445.5)(492.5, 498.6)(405.1, 498.6);GATE
Port:(411.2, 436.0)(469.1, 436.0)(469.1, 442.3)(411.2, 442.3);SD
Module:M21
Boundary:(269.0, 272.1)(368.2, 272.1)(368.2, 364.9)(269.0, 364.9);GATE
Port:(281.9, 359.9)(355.3, 359.9)(355.3, 364.9)(281.9, 364.9);SD
Port:(269.0, 272.1)(368.2, 272.1)(368.2, 357.4)(269.0, 357.4);GATE
Port:(274.4, 276.5)(362.8, 276.5)(362.8, 282.4)(274.4, 282.4);SD
Module:M2
Boundary:(170.5, 429.5)(238.9, 429.5)(238.9, 539.6)(254.7, 539.6)(254.7, 636.2)(170.5, 636.2);GATE
Port:(184.2, 631.5)(241.0, 631.5)(241.0, 636.2)(184.2, 636.2);SD
Port:(170.5, 429.5)(238.9, 429.5)(238.9, 539.6)(254.7, 539.6)(254.7, 630.5)(170.5, 630.5);GATE
Port:(176.2, 434.2)(232.2, 434.2)(232.2, 439.9)(176.2, 439.9);SD
Module:M16
Boundary:(497.6, 996.6)(497.6, 1083.8)(441.7, 1083.8)(441.7, 1099.9)(360.5, 1099.9)(360.5, 996.6);GATE
Port:(360.5, 1010.2)(366.3, 1010.2)(366.3, 1086.3)(360.5, 1086.3);SD
Port:(497.6, 996.6)(497.6, 1083.8)(441.7, 1083.8)(441.7, 1099.9)(368.4, 1099.9)(368.4, 996.6);GATE
Port:(486.9, 1003.4)(491.8, 1003.4)(491.8, 1076.0)(486.9, 1076.0);SD
Module:M13
Boundary:(294.7, 404.9)(347.7, 404.9)(347.7, 405.0)(365.1, 405.0)(365.1, 493.3)(294.7, 493.3);GATE
Port:(309.1, 488.5)(350.7, 488.5)(350.7, 493.3)(309.1, 493.3);SD
Port:(294.7, 404.9)(347.7, 404.9)(347.7, 405.0)(365.1, 405.0)(365.1, 487.1)(294.7, 487.1);GATE
Port:(300.1, 409.3)(342.3, 409.3)(342.3, 415.8)(300.1, 415.8);SD
Module:M10
Boundary:(20.0, 20.0)(124.1, 20.0)(124.1, 37.9)(139.6, 37.9)(139.6, 224.2)(20.0, 224.2);GATE
Port:(34.9, 218.8)(124.7, 218.8)(124.7, 224.2)(34.9, 224.2);SD
Port:(20.0, 20.0)(124.1, 20.0)(124.1, 37.9)(139.6, 37.9)(139.6, 215.9)(20.0, 215.9);GATE
Port:(26.1, 25.1)(117.0, 25.1)(117.0, 32.7)(26.1, 32.7);SD
Module:M7
Boundary:(488.9, 877.2)(488.9, 956.6)(360.5, 956.6)(360.5, 877.2);GATE
Port:(360.5, 890.4)(365.5, 890.4)(365.5, 943.4)(360.5, 943.4);SD
Port:(488.9, 877.2)(488.9, 956.6)(368.4, 956.6)(368.4, 877.2);GATE
Port:(477.3, 884.0)(483.1, 884.0)(483.1, 949.8)(477.3, 949.8);SD
Module:M3
Boundary:(306.0, 877.2)(306.0, 956.1)(203.3, 956.1)(203.3, 877.2);GATE
Port:(203.3, 890.7)(209.2, 890.7)(209.2, 942.6)(203.3, 942.6);SD
Port:(306.0, 877.2)(306.0, 956.1)(211.6, 956.1)(211.6, 877.2);GATE
Port:(295.4, 883.6)(300.6, 883.6)(300.6, 949.7)(295.4, 949.7);SD
Module:M23
Boundary:(179.6, 20.0)(245.7, 20.0)(245.7, 20.3)(262.0, 20.3)(262.0, 215.5)(179.6, 215.5);GATE
Port:(193.3, 210.0)(248.3, 210.0)(248.3, 215.5)(193.3, 215.5);SD
Port:(179.6, 20.0)(245.7, 20.0)(245.7, 20.3)(262.0, 20.3)(262.0, 208.3)(179.6, 208.3);GATE
Port:(185.5, 24.9)(239.8, 24.9)(239.8, 30.8)(185.5, 30.8);SD
Module:M18
Boundary:(170.5, 676.2)(219.9, 676.2)(219.9, 719.2)(235.3, 719.2)(235.3, 806.8)(170.5, 806.8);GATE
Port:(182.8, 801.3)(223.0, 801.3)(223.0, 806.8)(182.8, 806.8);SD
Port:(170.5, 676.2)(219.9, 676.2)(219.9, 719.2)(235.3, 719.2)(235.3, 800.1)(170.5, 800.1);GATE
Port:(176.0, 680.7)(213.4, 680.7)(213.4, 685.8)(176.0, 685.8);SD
Module:M20
Boundary:(163.3, 867.7)(163.3, 936.4)(91.6, 936.4)(91.6, 952.2)(20.0, 952.2)(20.0, 867.7);GATE
Port:(20.0, 880.9)(24.4, 880.9)(24.4, 939.0)(20.0, 939.0);SD
Port:(163.3, 867.7)(163.3, 936.4)(91.6, 936.4)(91.6, 952.2)(26.8, 952.2)(26.8, 867.7);GATE
Port:(152.4, 874.1)(157.9, 874.1)(157.9, 929.0)(152.4, 929.0);SD
Module:M15
Boundary:(417.2, 233.2)(493.9, 233.2)(493.9, 390.9)(417.2, 390.9);GATE
Port:(429.8, 385.1)(481.3, 385.1)(481.3, 390.9)(429.8, 390.9);SD
Port:(417.2, 233.2)(493.9, 233.2)(493.9, 384.0)(417.2, 384.0);GATE
Port:(422.2, 237.2)(488.9, 237.2)(488.9, 244.0)(422.2, 244.0);SD
Module:M12
Boundary:(217.9, 1113.0)(217.9, 1209.3)(115.3, 1209.3)(115.3, 1223.5)(20.0, 1223.5)(20.0, 1113.0);GATE
Port:(20.0, 1126.8)(25.4, 1126.8)(25.4, 1209.7)(20.0, 1209.7);SD
Port:(217.9, 1113.0)(217.9, 1209.3)(115.3, 1209.3)(115.3, 1223.5)(27.4, 1223.5)(27.4, 1113.0);GATE
Port:(205.8, 1119.6)(212.3, 1119.6)(212.3, 1201.7)(205.8, 1201.7);SD
Module:M8
Boundary:(20.0, 429.5)(116.3, 429.5)(116.3, 473.0)(130.5, 473.0)(130.5, 597.3)(20.0, 597.3);GATE
Port:(33.7, 593.0)(116.8, 593.0)(116.8, 597.3)(33.7, 597.3);SD
Port:(20.0, 429.5)(116.3, 429.5)(116.3, 473.0)(130.5, 473.0)(130.5, 591.5)(20.0, 591.5);GATE
Port:(26.7, 435.2)(108.6, 435.2)(108.6, 440.7)(26.7, 440.7);SD
Module:M4
Boundary:(131.2, 992.2)(131.2, 1058.1)(79.0, 1058.1)(79.0, 1073.0)(20.0, 1073.0)(20.0, 992.2);GATE
Port:(20.0, 1005.1)(24.6, 1005.1)(24.6, 1060.1)(20.0, 1060.1);SD
Port:(131.2, 992.2)(131.2, 1058.1)(79.0, 1058.1)(79.0, 1073.0)(27.1, 1073.0)(27.1, 992.2);GATE
Port:(121.0, 998.8)(125.6, 998.8)(125.6, 1050.5)(121.0, 1050.5);SD
Module:M25
Boundary:(302.0, 20.0)(377.2, 20.0)(377.2, 232.1)(302.0, 232.1);GATE
Port:(314.1, 227.9)(365.1, 227.9)(365.1, 232.1)(314.1, 232.1);SD
Port:(302.0, 20.0)(377.2, 20.0)(377.2, 226.6)(302.0, 226.6);GATE
Port:(308.2, 25.2)(371.0, 25.2)(371.0, 29.9)(308.2, 29.9);SD
Module:M22
Boundary:(294.7, 546.2)(386.8, 546.2)(386.8, 582.5)(400.8, 582.5)(400.8, 754.8)(294.7, 754.8);GATE
Port:(307.2, 749.0)(388.3, 749.0)(388.3, 754.8)(307.2, 754.8);SD
Port:(294.7, 546.2)(386.8, 546.2)(386.8, 582.5)(400.8, 582.5)(400.8, 747.0)(294.7, 747.0);GATE
Port:(300.0, 550.5)(380.5, 550.5)(380.5, 556.5)(300.0, 556.5);SD
Module:M17
Boundary:(440.8, 546.2)(477.3, 546.2)(477.3, 546.4)(494.4, 546.4)(494.4, 742.4)(440.8, 742.4);GATE
Port:(455.8, 737.1)(479.4, 737.1)(479.4, 742.4)(455.8, 742.4);SD
Port:(440.8, 546.2)(477.3, 546.2)(477.3, 546.4)(494.4, 546.4)(494.4, 735.4)(440.8, 735.4);GATE
Port:(446.7, 551.1)(471.4, 551.1)(471.4, 557.7)(446.7, 557.7);SD
