Area:(-20.0, -20.0)(908.0, -20.0)(908.0, 809.0)(-20.0, 809.0)
Rule:GATE(5,5);SD(5,5);GATE_SD(0.5);GATE_ITO(0.5);SD_ITO(0.5)
Module:M14
Boundary:(693.0, 616.0)(693.0, 745.5)(674.0, 745.5)(674.0, 761.0)(570.0, 761.0)(570.0, 616.0);GATE
Port:(570.0, 630.5)(580.0, 630.5)(580.0, 746.5)(570.0, 746.5);SD
Port:(693.0, 616.0)(693.0, 745.5)(674.0, 745.5)(674.0, 761.0)(585.0, 761.0)(585.0, 616.0);GATE
Port:(684.0, 626.0)(688.0, 626.0)(688.0, 731.0)(684.0, 731.0);SD
Module:M9
Boundary:(860.0, 498.0)(860.0, 571.0)(729.0, 571.0)(729.0, 498.0);GATE
Port:(729.0, 512.5)(739.0, 512.5)(739.0, 556.5)(729.0, 556.5);SD
Port:(860.0, 498.0)(860.0, 571.0)(744.0, 571.0)(744.0, 498.0);GATE
Port:(851.0, 508.0)(855.0, 508.0)(855.0, 561.0)(851.0, 561.0);SD
Module:M5
Boundary:(20.0, 555.0)(113.5, 555.0)(113.5, 565.0)(129.0, 565.0)(129.0, 656.0)(20.0, 656.0);GATE
Port:(34.5, 646.0)(114.5, 646.0)(114.5, 656.0)(34.5, 656.0);SD
Port:(20.0, 555.0)(113.5, 555.0)(113.5, 565.0)(129.0, 565.0)(129.0, 641.0)(20.0, 641.0);GATE
Port:(30.0, 560.0)(99.0, 560.0)(99.0, 564.0)(30.0, 564.0);SD
Module:M11
Boundary:(674.0, 20.0)(674.0, 93.0)(485.0, 93.0)(485.0, 20.0);GATE
Port:(485.0, 34.5)(495.0, 34.5)(495.0, 78.5)(485.0, 78.5);SD
Port:(674.0, 20.0)(674.0, 93.0)(500.0, 93.0)(500.0, 20.0);GATE
Port:(665.0, 30.0)(669.0, 30.0)(669.0, 83.0)(665.0, 83.0);SD
Module:M1
Boundary:(868.0, 20.0)(868.0, 113.5)(791.5, 113.5)(791.5, 273.0)(726.0, 273.0)(726.0, 20.0);GATE
Port:(726.0, 34.5)(736.0, 34.5)(736.0, 258.5)(726.0, 258.5);SD
Port:(868.0, 20.0)(868.0, 113.5)(791.5, 113.5)(791.5, 273.0)(741.0, 273.0)(741.0, 20.0);GATE
Port:(859.0, 30.0)(863.0, 30.0)(863.0, 99.0)(859.0, 99.0);SD
Module:M24
Boundary:(864.0, 313.0)(864.0, 388.5)(824.8, 388.5)(824.8, 458.0)(761.0, 458.0)(761.0, 313.0);GATE
Port:(761.0, 327.5)(771.0, 327.5)(771.0, 443.5)(761.0, 443.5);SD
Port:(864.0, 313.0)(864.0, 388.5)(824.8, 388.5)(824.8, 458.0)(776.0, 458.0)(776.0, 313.0);GATE
Port:(855.0, 323.0)(859.0, 323.0)(859.0, 374.0)(855.0, 374.0);SD
Module:M19
Boundary:(577.0, 133.0)(577.0, 226.5)(492.0, 226.5)(492.0, 260.0)(390.0, 260.0)(390.0, 133.0);GATE
Port:(390.0, 147.5)(400.0, 147.5)(400.0, 245.5)(390.0, 245.5);SD
Port:(577.0, 133.0)(577.0, 226.5)(492.0, 226.5)(492.0, 260.0)(405.0, 260.0)(405.0, 133.0);GATE
Port:(568.0, 143.0)(572.0, 143.0)(572.0, 212.0)(568.0, 212.0);SD
Module:M6
Boundary:(354.0, 20.0)(430.0, 20.0)(430.0, 28.0)(445.0, 28.0)(445.0, 86.0)(354.0, 86.0);GATE
Port:(368.5, 76.0)(430.5, 76.0)(430.5, 86.0)(368.5, 86.0);SD
Port:(354.0, 20.0)(430.0, 20.0)(430.0, 28.0)(445.0, 28.0)(445.0, 71.0)(354.0, 71.0);GATE
Port:(364.0, 25.0)(415.0, 25.0)(415.0, 29.0)(364.0, 29.0);SD
Module:M21
Boundary:(689.0, 467.0)(689.0, 560.5)(679.0, 560.5)(679.0, 576.0)(592.0, 576.0)(592.0, 467.0);GATE
Port:(592.0, 481.5)(602.0, 481.5)(602.0, 561.5)(592.0, 561.5);SD
Port:(689.0, 467.0)(689.0, 560.5)(679.0, 560.5)(679.0, 576.0)(607.0, 576.0)(607.0, 467.0);GATE
Port:(680.0, 477.0)(684.0, 477.0)(684.0, 546.0)(680.0, 546.0);SD
Module:M2
Boundary:(187.0, 128.0)(316.5, 128.0)(316.5, 184.0)(350.0, 184.0)(350.0, 250.0)(187.0, 250.0);GATE
Port:(201.5, 240.0)(335.5, 240.0)(335.5, 250.0)(201.5, 250.0);SD
Port:(187.0, 128.0)(316.5, 128.0)(316.5, 184.0)(350.0, 184.0)(350.0, 235.0)(187.0, 235.0);GATE
Port:(197.0, 133.0)(302.0, 133.0)(302.0, 137.0)(197.0, 137.0);SD
Module:M16
Boundary:(147.0, 20.0)(147.0, 149.5)(133.0, 149.5)(133.0, 165.0)(20.0, 165.0)(20.0, 20.0);GATE
Port:(20.0, 34.5)(30.0, 34.5)(30.0, 150.5)(20.0, 150.5);SD
Port:(147.0, 20.0)(147.0, 149.5)(133.0, 149.5)(133.0, 165.0)(35.0, 165.0)(35.0, 20.0);GATE
Port:(138.0, 30.0)(142.0, 30.0)(142.0, 135.0)(138.0, 135.0);SD
Module:M13
Boundary:(187.0, 290.0)(298.5, 290.0)(298.5, 325.5)(350.0, 325.5)(350.0, 412.0)(187.0, 412.0);GATE
Port:(201.5, 402.0)(335.5, 402.0)(335.5, 412.0)(201.5, 412.0);SD
Port:(187.0, 290.0)(298.5, 290.0)(298.5, 325.5)(350.0, 325.5)(350.0, 397.0)(187.0, 397.0);GATE
Port:(197.0, 295.0)(284.0, 295.0)(284.0, 299.0)(197.0, 299.0);SD
Module:M10
Boundary:(686.0, 133.0)(686.0, 280.5)(670.0, 280.5)(670.0, 296.0)(617.0, 296.0)(617.0, 133.0);GATE
Port:(617.0, 147.5)(627.0, 147.5)(627.0, 281.5)(617.0, 281.5);SD
Port:(686.0, 133.0)(686.0, 280.5)(670.0, 280.5)(670.0, 296.0)(632.0, 296.0)(632.0, 133.0);GATE
Port:(677.0, 143.0)(681.0, 143.0)(681.0, 266.0)(677.0, 266.0);SD
Module:M7
Boundary:(552.0, 431.0)(552.0, 507.0)(544.0, 507.0)(544.0, 522.0)(403.0, 522.0)(403.0, 431.0);GATE
Port:(403.0, 445.5)(413.0, 445.5)(413.0, 507.5)(403.0, 507.5);SD
Port:(552.0, 431.0)(552.0, 507.0)(544.0, 507.0)(544.0, 522.0)(418.0, 522.0)(418.0, 431.0);GATE
Port:(543.0, 441.0)(547.0, 441.0)(547.0, 492.0)(543.0, 492.0);SD
Module:M3
Boundary:(20.0, 336.0)(147.0, 336.0)(147.0, 515.0)(20.0, 515.0);GATE
Port:(34.5, 505.0)(132.5, 505.0)(132.5, 515.0)(34.5, 515.0);SD
Port:(20.0, 336.0)(147.0, 336.0)(147.0, 500.0)(20.0, 500.0);GATE
Port:(30.0, 341.0)(137.0, 341.0)(137.0, 345.0)(30.0, 345.0);SD
Module:M23
Boundary:(312.0, 696.0)(312.0, 769.0)(193.0, 769.0)(193.0, 696.0);GATE
Port:(193.0, 710.5)(203.0, 710.5)(203.0, 754.5)(193.0, 754.5);SD
Port:(312.0, 696.0)(312.0, 769.0)(208.0, 769.0)(208.0, 696.0);GATE
Port:(303.0, 706.0)(307.0, 706.0)(307.0, 759.0)(303.0, 759.0);SD
Module:M18
Boundary:(187.0, 20.0)(280.5, 20.0)(280.5, 46.0)(314.0, 46.0)(314.0, 88.0)(187.0, 88.0);GATE
Port:(201.5, 78.0)(299.5, 78.0)(299.5, 88.0)(201.5, 88.0);SD
Port:(187.0, 20.0)(280.5, 20.0)(280.5, 46.0)(314.0, 46.0)(314.0, 73.0)(187.0, 73.0);GATE
Port:(197.0, 25.0)(266.0, 25.0)(266.0, 29.0)(197.0, 29.0);SD
Module:M20
Boundary:(733.0, 611.0)(844.5, 611.0)(844.5, 623.0)(860.0, 623.0)(860.0, 765.0)(733.0, 765.0);GATE
Port:(747.5, 755.0)(845.5, 755.0)(845.5, 765.0)(747.5, 765.0);SD
Port:(733.0, 611.0)(844.5, 611.0)(844.5, 623.0)(860.0, 623.0)(860.0, 750.0)(733.0, 750.0);GATE
Port:(743.0, 616.0)(830.0, 616.0)(830.0, 620.0)(743.0, 620.0);SD
Module:M15
Boundary:(530.0, 565.0)(530.0, 640.5)(468.0, 640.5)(468.0, 764.0)(361.0, 764.0)(361.0, 565.0);GATE
Port:(361.0, 579.5)(371.0, 579.5)(371.0, 749.5)(361.0, 749.5);SD
Port:(530.0, 565.0)(530.0, 640.5)(468.0, 640.5)(468.0, 764.0)(376.0, 764.0)(376.0, 565.0);GATE
Port:(521.0, 575.0)(525.0, 575.0)(525.0, 626.0)(521.0, 626.0);SD
Module:M12
Boundary:(390.0, 300.0)(553.0, 300.0)(553.0, 391.0)(390.0, 391.0);GATE
Port:(404.5, 381.0)(538.5, 381.0)(538.5, 391.0)(404.5, 391.0);SD
Port:(390.0, 300.0)(553.0, 300.0)(553.0, 376.0)(390.0, 376.0);GATE
Port:(400.0, 305.0)(543.0, 305.0)(543.0, 309.0)(400.0, 309.0);SD
Module:M8
Boundary:(321.0, 565.0)(321.0, 641.0)(313.0, 641.0)(313.0, 656.0)(169.0, 656.0)(169.0, 565.0);GATE
Port:(169.0, 579.5)(179.0, 579.5)(179.0, 641.5)(169.0, 641.5);SD
Port:(321.0, 565.0)(321.0, 641.0)(313.0, 641.0)(313.0, 656.0)(184.0, 656.0)(184.0, 565.0);GATE
Port:(312.0, 575.0)(316.0, 575.0)(316.0, 626.0)(312.0, 626.0);SD
Module:M4
Boundary:(721.0, 336.0)(721.0, 412.0)(713.0, 412.0)(713.0, 427.0)(617.0, 427.0)(617.0, 336.0);GATE
Port:(617.0, 350.5)(627.0, 350.5)(627.0, 412.5)(617.0, 412.5);SD
Port:(721.0, 336.0)(721.0, 412.0)(713.0, 412.0)(713.0, 427.0)(632.0, 427.0)(632.0, 336.0);GATE
Port:(712.0, 346.0)(716.0, 346.0)(716.0, 397.0)(712.0, 397.0);SD
Module:M25
Boundary:(153.0, 696.0)(153.0, 769.0)(20.0, 769.0)(20.0, 696.0);GATE
Port:(20.0, 710.5)(30.0, 710.5)(30.0, 754.5)(20.0, 754.5);SD
Port:(153.0, 696.0)(153.0, 769.0)(35.0, 769.0)(35.0, 696.0);GATE
Port:(144.0, 706.0)(148.0, 706.0)(148.0, 759.0)(144.0, 759.0);SD
Module:M22
Boundary:(131.0, 205.0)(131.0, 281.0)(123.0, 281.0)(123.0, 296.0)(20.0, 296.0)(20.0, 205.0);GATE
Port:(20.0, 219.5)(30.0, 219.5)(30.0, 281.5)(20.0, 281.5);SD
Port:(131.0, 205.0)(131.0, 281.0)(123.0, 281.0)(123.0, 296.0)(35.0, 296.0)(35.0, 205.0);GATE
Port:(122.0, 215.0)(126.0, 215.0)(126.0, 266.0)(122.0, 266.0);SD
Module:M17
Boundary:(363.0, 452.0)(363.0, 525.0)(187.0, 525.0)(187.0, 452.0);GATE
Port:(187.0, 466.5)(197.0, 466.5)(197.0, 510.5)(187.0, 510.5);SD
Port:(363.0, 452.0)(363.0, 525.0)(202.0, 525.0)(202.0, 452.0);GATE
Port:(354.0, 462.0)(358.0, 462.0)(358.0, 515.0)(354.0, 515.0);SD
