Area:(-20.0, -18.9)(762.8, -18.9)(762.8, 1119.7)(-20.0, 1119.7)
Rule:GATE(5,5);SD(5,5);GATE_SD(0.5);GATE_ITO(0.5);SD_ITO(0.5)
Module:M6
Boundary:(553.9, 132.1)(553.9, 59.1)(441.9, 59.1)(441.9, 132.1);GATE
Port:(441.9, 73.6)(451.9, 73.6)(451.9, 117.6)(441.9, 117.6);SD
Port:(553.9, 132.1)(553.9, 59.1)(456.9, 59.1)(456.9, 132.1);GATE
Port:(544.9, 69.1)(548.9, 69.1)(548.9, 122.1)(544.9, 122.1);SD
Module:M16
Boundary:(433.8, 37.0)(357.8, 37.0)(357.8, 45.0)(342.8, 45.0)(342.8, 117.0)(433.8, 117.0);GATE
Port:(357.3, 107.0)(419.3, 107.0)(419.3, 117.0)(357.3, 117.0);SD
Port:(433.8, 37.0)(357.8, 37.0)(357.8, 45.0)(342.8, 45.0)(342.8, 102.0)(433.8, 102.0);GATE
Port:(372.8, 42.0)(423.8, 42.0)(423.8, 46.0)(372.8, 46.0);SD
Module:M18
Boundary:(231.9, 36.3)(307.9, 36.3)(307.9, 44.3)(322.9, 44.3)(322.9, 128.3)(231.9, 128.3);GATE
Port:(246.4, 118.3)(308.4, 118.3)(308.4, 128.3)(246.4, 128.3);SD
Port:(231.9, 36.3)(307.9, 36.3)(307.9, 44.3)(322.9, 44.3)(322.9, 113.3)(231.9, 113.3);GATE
Port:(241.9, 41.3)(292.9, 41.3)(292.9, 45.3)(241.9, 45.3);SD
Module:M3
Boundary:(722.8, 185.0)(611.3, 185.0)(611.3, 173.0)(595.8, 173.0)(595.8, 39.0)(722.8, 39.0);GATE
Port:(610.3, 39.0)(708.3, 39.0)(708.3, 49.0)(610.3, 49.0);SD
Port:(722.8, 185.0)(611.3, 185.0)(611.3, 173.0)(595.8, 173.0)(595.8, 54.0)(722.8, 54.0);GATE
Port:(625.8, 176.0)(712.8, 176.0)(712.8, 180.0)(625.8, 180.0);SD
Module:M1
Boundary:(20.0, 21.1)(20.0, 168.6)(106.0, 168.6)(106.0, 238.1)(158.0, 238.1)(158.0, 21.1);GATE
Port:(148.0, 35.6)(158.0, 35.6)(158.0, 223.6)(148.0, 223.6);SD
Port:(20.0, 21.1)(20.0, 168.6)(106.0, 168.6)(106.0, 238.1)(143.0, 238.1)(143.0, 21.1);GATE
Port:(25.0, 31.1)(29.0, 31.1)(29.0, 154.1)(25.0, 154.1);SD
Module:M10
Boundary:(552.4, 140.0)(552.4, 251.5)(535.4, 251.5)(535.4, 267.0)(359.4, 267.0)(359.4, 140.0);GATE
Port:(359.4, 154.5)(369.4, 154.5)(369.4, 252.5)(359.4, 252.5);SD
Port:(552.4, 140.0)(552.4, 251.5)(535.4, 251.5)(535.4, 267.0)(374.4, 267.0)(374.4, 140.0);GATE
Port:(543.4, 150.0)(547.4, 150.0)(547.4, 237.0)(543.4, 237.0);SD
Module:M5
Boundary:(221.2, 275.3)(332.7, 275.3)(332.7, 263.3)(348.2, 263.3)(348.2, 155.3)(221.2, 155.3);GATE
Port:(235.7, 155.3)(333.7, 155.3)(333.7, 165.3)(235.7, 165.3);SD
Port:(221.2, 275.3)(332.7, 275.3)(332.7, 263.3)(348.2, 263.3)(348.2, 170.3)(221.2, 170.3);GATE
Port:(231.2, 266.3)(318.2, 266.3)(318.2, 270.3)(231.2, 270.3);SD
Module:M19
Boundary:(562.8, 268.1)(692.3, 268.1)(692.3, 282.1)(707.8, 282.1)(707.8, 393.1)(562.8, 393.1);GATE
Port:(577.3, 383.1)(693.3, 383.1)(693.3, 393.1)(577.3, 393.1);SD
Port:(562.8, 268.1)(692.3, 268.1)(692.3, 282.1)(707.8, 282.1)(707.8, 378.1)(562.8, 378.1);GATE
Port:(572.8, 273.1)(677.8, 273.1)(677.8, 277.1)(572.8, 277.1);SD
Module:M7
Boundary:(399.0, 407.6)(546.5, 407.6)(546.5, 391.6)(562.0, 391.6)(562.0, 327.6)(399.0, 327.6);GATE
Port:(413.5, 327.6)(547.5, 327.6)(547.5, 337.6)(413.5, 337.6);SD
Port:(399.0, 407.6)(546.5, 407.6)(546.5, 391.6)(562.0, 391.6)(562.0, 342.6)(399.0, 342.6);GATE
Port:(409.0, 398.6)(532.0, 398.6)(532.0, 402.6)(409.0, 402.6);SD
Module:M21
Boundary:(45.1, 312.9)(156.6, 312.9)(156.6, 326.9)(172.1, 326.9)(172.1, 506.9)(45.1, 506.9);GATE
Port:(59.6, 496.9)(157.6, 496.9)(157.6, 506.9)(59.6, 506.9);SD
Port:(45.1, 312.9)(156.6, 312.9)(156.6, 326.9)(172.1, 326.9)(172.1, 491.9)(45.1, 491.9);GATE
Port:(55.1, 317.9)(142.1, 317.9)(142.1, 321.9)(55.1, 321.9);SD
Module:M17
Boundary:(360.3, 478.3)(360.3, 366.8)(261.3, 366.8)(261.3, 315.3)(188.3, 315.3)(188.3, 478.3);GATE
Port:(188.3, 329.8)(198.3, 329.8)(198.3, 463.8)(188.3, 463.8);SD
Port:(360.3, 478.3)(360.3, 366.8)(261.3, 366.8)(261.3, 315.3)(203.3, 315.3)(203.3, 478.3);GATE
Port:(351.3, 381.3)(355.3, 381.3)(355.3, 468.3)(351.3, 468.3);SD
Module:M23
Boundary:(521.7, 435.6)(521.7, 508.6)(380.7, 508.6)(380.7, 435.6);GATE
Port:(380.7, 450.1)(390.7, 450.1)(390.7, 494.1)(380.7, 494.1);SD
Port:(521.7, 435.6)(521.7, 508.6)(395.7, 508.6)(395.7, 435.6);GATE
Port:(512.7, 445.6)(516.7, 445.6)(516.7, 498.6)(512.7, 498.6);SD
Module:M11
Boundary:(720.2, 399.3)(590.7, 399.3)(590.7, 413.3)(575.2, 413.3)(575.2, 544.3)(720.2, 544.3);GATE
Port:(589.7, 534.3)(705.7, 534.3)(705.7, 544.3)(589.7, 544.3);SD
Port:(720.2, 399.3)(590.7, 399.3)(590.7, 413.3)(575.2, 413.3)(575.2, 529.3)(720.2, 529.3);GATE
Port:(605.2, 404.3)(710.2, 404.3)(710.2, 408.3)(605.2, 408.3);SD
Module:M24
Boundary:(526.3, 708.8)(671.3, 708.8)(671.3, 576.8)(526.3, 576.8);GATE
Port:(540.8, 576.8)(656.8, 576.8)(656.8, 586.8)(540.8, 586.8);SD
Port:(526.3, 708.8)(671.3, 708.8)(671.3, 591.8)(526.3, 591.8);GATE
Port:(536.3, 699.8)(661.3, 699.8)(661.3, 703.8)(536.3, 703.8);SD
Module:M8
Boundary:(429.4, 533.5)(353.9, 533.5)(353.9, 581.0)(302.4, 581.0)(302.4, 695.5)(429.4, 695.5);GATE
Port:(316.9, 685.5)(414.9, 685.5)(414.9, 695.5)(316.9, 695.5);SD
Port:(429.4, 533.5)(353.9, 533.5)(353.9, 581.0)(302.4, 581.0)(302.4, 680.5)(429.4, 680.5);GATE
Port:(368.4, 538.5)(419.4, 538.5)(419.4, 542.5)(368.4, 542.5);SD
Module:M13
Boundary:(30.1, 522.7)(105.6, 522.7)(105.6, 607.6)(283.1, 607.6)(283.1, 718.7)(30.1, 718.7);GATE
Port:(44.6, 708.7)(268.6, 708.7)(268.6, 718.7)(44.6, 718.7);SD
Port:(30.1, 522.7)(105.6, 522.7)(105.6, 607.6)(283.1, 607.6)(283.1, 703.7)(30.1, 703.7);GATE
Port:(40.1, 527.7)(91.1, 527.7)(91.1, 531.7)(40.1, 531.7);SD
Module:M14
Boundary:(511.6, 551.1)(438.6, 551.1)(438.6, 727.1)(511.6, 727.1);GATE
Port:(453.1, 717.1)(497.1, 717.1)(497.1, 727.1)(453.1, 727.1);SD
Port:(511.6, 551.1)(438.6, 551.1)(438.6, 712.1)(511.6, 712.1);GATE
Port:(448.6, 556.1)(501.6, 556.1)(501.6, 560.1)(448.6, 560.1);SD
Module:M9
Boundary:(383.9, 738.7)(383.9, 814.7)(375.9, 814.7)(375.9, 829.7)(206.9, 829.7)(206.9, 738.7);GATE
Port:(206.9, 753.2)(216.9, 753.2)(216.9, 815.2)(206.9, 815.2);SD
Port:(383.9, 738.7)(383.9, 814.7)(375.9, 814.7)(375.9, 829.7)(221.9, 829.7)(221.9, 738.7);GATE
Port:(374.9, 748.7)(378.9, 748.7)(378.9, 799.7)(374.9, 799.7);SD
Module:M12
Boundary:(537.5, 855.1)(444.0, 855.1)(444.0, 845.1)(428.5, 845.1)(428.5, 743.1)(537.5, 743.1);GATE
Port:(443.0, 743.1)(523.0, 743.1)(523.0, 753.1)(443.0, 753.1);SD
Port:(537.5, 855.1)(444.0, 855.1)(444.0, 845.1)(428.5, 845.1)(428.5, 758.1)(537.5, 758.1);GATE
Port:(458.5, 846.1)(527.5, 846.1)(527.5, 850.1)(458.5, 850.1);SD
Module:M20
Boundary:(58.5, 720.1)(58.5, 831.6)(70.5, 831.6)(70.5, 847.1)(204.5, 847.1)(204.5, 720.1);GATE
Port:(194.5, 734.6)(204.5, 734.6)(204.5, 832.6)(194.5, 832.6);SD
Port:(58.5, 720.1)(58.5, 831.6)(70.5, 831.6)(70.5, 847.1)(189.5, 847.1)(189.5, 720.1);GATE
Port:(63.5, 730.1)(67.5, 730.1)(67.5, 817.1)(63.5, 817.1);SD
Module:M2
Boundary:(690.7, 728.0)(561.2, 728.0)(561.2, 742.0)(545.7, 742.0)(545.7, 889.0)(690.7, 889.0);GATE
Port:(560.2, 879.0)(676.2, 879.0)(676.2, 889.0)(560.2, 889.0);SD
Port:(690.7, 728.0)(561.2, 728.0)(561.2, 742.0)(545.7, 742.0)(545.7, 874.0)(690.7, 874.0);GATE
Port:(575.7, 733.0)(680.7, 733.0)(680.7, 737.0)(575.7, 737.0);SD
Module:M22
Boundary:(691.0, 895.5)(691.0, 1007.0)(641.0, 1007.0)(641.0, 1076.5)(599.0, 1076.5)(599.0, 895.5);GATE
Port:(599.0, 910.0)(609.0, 910.0)(609.0, 1062.0)(599.0, 1062.0);SD
Port:(691.0, 895.5)(691.0, 1007.0)(641.0, 1007.0)(641.0, 1076.5)(614.0, 1076.5)(614.0, 895.5);GATE
Port:(682.0, 905.5)(686.0, 905.5)(686.0, 992.5)(682.0, 992.5);SD
Module:M4
Boundary:(207.9, 850.8)(207.9, 926.3)(93.9, 926.3)(93.9, 1049.8)(20.9, 1049.8)(20.9, 850.8);GATE
Port:(20.9, 865.3)(30.9, 865.3)(30.9, 1035.3)(20.9, 1035.3);SD
Port:(207.9, 850.8)(207.9, 926.3)(93.9, 926.3)(93.9, 1049.8)(35.9, 1049.8)(35.9, 850.8);GATE
Port:(198.9, 860.8)(202.9, 860.8)(202.9, 911.8)(198.9, 911.8);SD
Module:M25
Boundary:(247.0, 836.8)(247.0, 912.3)(338.0, 912.3)(338.0, 1071.8)(410.0, 1071.8)(410.0, 836.8);GATE
Port:(400.0, 851.3)(410.0, 851.3)(410.0, 1057.3)(400.0, 1057.3);SD
Port:(247.0, 836.8)(247.0, 912.3)(338.0, 912.3)(338.0, 1071.8)(395.0, 1071.8)(395.0, 836.8);GATE
Port:(252.0, 846.8)(256.0, 846.8)(256.0, 897.8)(252.0, 897.8);SD
Module:M15
Boundary:(589.5, 889.7)(442.0, 889.7)(442.0, 905.7)(426.5, 905.7)(426.5, 1079.7)(589.5, 1079.7);GATE
Port:(441.0, 1069.7)(575.0, 1069.7)(575.0, 1079.7)(441.0, 1079.7);SD
Port:(589.5, 889.7)(442.0, 889.7)(442.0, 905.7)(426.5, 905.7)(426.5, 1064.7)(589.5, 1064.7);GATE
Port:(456.5, 894.7)(579.5, 894.7)(579.5, 898.7)(456.5, 898.7);SD
