Area:(-20.0, -20.0)(259.0, -20.0)(259.0, 593.0)(-20.0, 593.0)
Rule:GATE(5,5);SD(5,5);GATE_SD(0.5);GATE_ITO(0.5);SD_ITO(0.5)
Module:M5
Boundary:(147.0, 20.0)(147.0, 113.5)(137.0, 113.5)(137.0, 129.0)(20.0, 129.0)(20.0, 20.0);GATE
Port:(20.0, 34.5)(30.0, 34.5)(30.0, 114.5)(20.0, 114.5);SD
Port:(147.0, 20.0)(147.0, 113.5)(137.0, 113.5)(137.0, 129.0)(35.0, 129.0)(35.0, 20.0);GATE
Port:(138.0, 30.0)(142.0, 30.0)(142.0, 99.0)(138.0, 99.0);SD
Module:M1
Boundary:(143.0, 169.0)(216.0, 169.0)(216.0, 276.0)(143.0, 276.0);GATE
Port:(157.5, 266.0)(201.5, 266.0)(201.5, 276.0)(157.5, 276.0);SD
Port:(143.0, 169.0)(216.0, 169.0)(216.0, 261.0)(143.0, 261.0);GATE
Port:(153.0, 174.0)(206.0, 174.0)(206.0, 178.0)(153.0, 178.0);SD
Module:M2
Boundary:(219.0, 316.0)(219.0, 389.0)(155.0, 389.0)(155.0, 316.0);GATE
Port:(155.0, 330.5)(165.0, 330.5)(165.0, 374.5)(155.0, 374.5);SD
Port:(219.0, 316.0)(219.0, 389.0)(170.0, 389.0)(170.0, 316.0);GATE
Port:(210.0, 326.0)(214.0, 326.0)(214.0, 379.0)(210.0, 379.0);SD
Module:M3
Boundary:(115.0, 336.0)(115.0, 483.5)(62.1, 483.5)(62.1, 553.0)(20.0, 553.0)(20.0, 336.0);GATE
Port:(20.0, 350.5)(30.0, 350.5)(30.0, 538.5)(20.0, 538.5);SD
Port:(115.0, 336.0)(115.0, 483.5)(62.1, 483.5)(62.1, 553.0)(35.0, 553.0)(35.0, 336.0);GATE
Port:(106.0, 346.0)(110.0, 346.0)(110.0, 469.0)(106.0, 469.0);SD
Module:M4
Boundary:(103.0, 169.0)(103.0, 280.5)(91.0, 280.5)(91.0, 296.0)(20.0, 296.0)(20.0, 169.0);GATE
Port:(20.0, 183.5)(30.0, 183.5)(30.0, 281.5)(20.0, 281.5);SD
Port:(103.0, 169.0)(103.0, 280.5)(91.0, 280.5)(91.0, 296.0)(35.0, 296.0)(35.0, 169.0);GATE
Port:(94.0, 179.0)(98.0, 179.0)(98.0, 266.0)(94.0, 266.0);SD
