Area:(-19.8, 25.3)(415.1, 25.3)(415.1, 591.0)(-19.8, 591.0)
Rule:GATE(5,5);SD(5,5);GATE_SD(0.5);GATE_ITO(0.5);SD_ITO(0.5)
Module:M7
Boundary:(242.4, 161.8)(320.2, 161.8)(320.2, 65.9)(242.4, 65.9);GATE
Port:(255.3, 65.9)(307.3, 65.9)(307.3, 70.8)(255.3, 70.8);SD
Port:(242.4, 161.8)(320.2, 161.8)(320.2, 72.6)(242.4, 72.6);GATE
Port:(248.2, 151.2)(314.4, 151.2)(314.4, 157.0)(248.2, 157.0);SD
Module:M8
Boundary:(217.6, 65.3)(103.4, 65.3)(103.4, 106.7)(85.9, 106.7)(85.9, 162.7)(217.6, 162.7);GATE
Port:(101.9, 157.2)(201.6, 157.2)(201.6, 162.7)(101.9, 162.7);SD
Port:(217.6, 65.3)(103.4, 65.3)(103.4, 106.7)(85.9, 106.7)(85.9, 154.9)(217.6, 154.9);GATE
Port:(111.4, 71.3)(210.6, 71.3)(210.6, 78.1)(111.4, 78.1);SD
Module:M2
Boundary:(85.7, 223.3)(35.3, 223.3)(35.3, 211.2)(20.2, 211.2)(20.2, 78.4)(85.7, 78.4);GATE
Port:(33.5, 78.4)(72.4, 78.4)(72.4, 83.4)(33.5, 83.4);SD
Port:(85.7, 223.3)(35.3, 223.3)(35.3, 211.2)(20.2, 211.2)(20.2, 85.3)(85.7, 85.3);GATE
Port:(42.5, 213.0)(79.5, 213.0)(79.5, 218.1)(42.5, 218.1);SD
Module:M9
Boundary:(180.9, 175.3)(180.9, 208.7)(181.1, 208.7)(181.1, 224.4)(375.1, 224.4)(375.1, 175.3);GATE
Port:(369.5, 188.3)(375.1, 188.3)(375.1, 211.4)(369.5, 211.4);SD
Port:(180.9, 175.3)(180.9, 208.7)(181.1, 208.7)(181.1, 224.4)(367.8, 224.4)(367.8, 175.3);GATE
Port:(186.2, 181.6)(192.2, 181.6)(192.2, 202.4)(186.2, 202.4);SD
Module:M4
Boundary:(345.4, 249.8)(345.4, 313.1)(257.8, 313.1)(257.8, 326.8)(144.9, 326.8)(144.9, 249.8);GATE
Port:(144.9, 262.9)(150.8, 262.9)(150.8, 313.7)(144.9, 313.7);SD
Port:(345.4, 249.8)(345.4, 313.1)(257.8, 313.1)(257.8, 326.8)(152.1, 326.8)(152.1, 249.8);GATE
Port:(334.6, 256.3)(339.9, 256.3)(339.9, 305.6)(334.6, 305.6);SD
Module:M5
Boundary:(130.9, 353.5)(30.0, 353.5)(30.0, 214.9)(130.9, 214.9);GATE
Port:(43.3, 214.9)(117.6, 214.9)(117.6, 219.3)(43.3, 219.3);SD
Port:(130.9, 353.5)(30.0, 353.5)(30.0, 222.1)(130.9, 222.1);GATE
Port:(35.9, 343.0)(125.0, 343.0)(125.0, 348.6)(35.9, 348.6);SD
Module:M10
Boundary:(339.5, 351.2)(339.5, 405.5)(302.0, 405.5)(302.0, 421.5)(188.6, 421.5)(188.6, 351.2);GATE
Port:(188.6, 365.9)(193.0, 365.9)(193.0, 406.8)(188.6, 406.8);SD
Port:(339.5, 351.2)(339.5, 405.5)(302.0, 405.5)(302.0, 421.5)(194.9, 421.5)(194.9, 351.2);GATE
Port:(327.5, 356.9)(334.8, 356.9)(334.8, 398.8)(327.5, 398.8);SD
Module:M1
Boundary:(47.7, 370.4)(47.7, 417.1)(47.8, 417.1)(47.8, 431.1)(186.9, 431.1)(186.9, 370.4);GATE
Port:(182.4, 383.1)(186.9, 383.1)(186.9, 418.4)(182.4, 418.4);SD
Port:(47.7, 370.4)(47.7, 417.1)(47.8, 417.1)(47.8, 431.1)(180.4, 431.1)(180.4, 370.4);GATE
Port:(52.6, 376.3)(58.8, 376.3)(58.8, 411.2)(52.6, 411.2);SD
Module:M6
Boundary:(256.8, 513.7)(306.2, 513.7)(306.2, 481.3)(319.5, 481.3)(319.5, 422.9)(256.8, 422.9);GATE
Port:(270.6, 422.9)(305.7, 422.9)(305.7, 427.2)(270.6, 427.2);SD
Port:(256.8, 513.7)(306.2, 513.7)(306.2, 481.3)(319.5, 481.3)(319.5, 430.0)(256.8, 430.0);GATE
Port:(263.3, 501.8)(298.7, 501.8)(298.7, 508.2)(263.3, 508.2);SD
Module:M3
Boundary:(248.2, 551.0)(248.2, 466.5)(247.7, 466.5)(247.7, 450.4)(23.1, 450.4)(23.1, 551.0);GATE
Port:(23.1, 464.6)(28.4, 464.6)(28.4, 536.8)(23.1, 536.8);SD
Port:(248.2, 551.0)(248.2, 466.5)(247.7, 466.5)(247.7, 450.4)(30.7, 450.4)(30.7, 551.0);GATE
Port:(236.1, 473.1)(242.6, 473.1)(242.6, 544.4)(236.1, 544.4);SD
