Area:(-30.0, -30.0)(1080.7, -30.0)(1080.7, 900.0)(-30.0, 900.0)
Rule:GATE(5,5);SD(5,5);GATE_SD(0.5);GATE_ITO(0.5);SD_ITO(0.5)
Module:M14
Boundary:(383.9, 514.9)(383.9, 561.1)(364.3, 561.1)(364.3, 573.8)(163.6, 573.8)(163.6, 514.9);GATE
Port:(163.6, 527.5)(168.6, 527.5)(168.6, 561.2)(163.6, 561.2);SD
Port:(383.9, 514.9)(383.9, 561.1)(364.3, 561.1)(364.3, 573.8)(169.9, 573.8)(169.9, 514.9);GATE
Port:(373.4, 521.7)(378.1, 521.7)(378.1, 553.3)(373.4, 553.3);SD
Module:M9
Boundary:(438.0, 20.0)(533.1, 20.0)(533.1, 20.2)(548.5, 20.2)(548.5, 233.0)(438.0, 233.0);GATE
Port:(450.8, 227.8)(535.7, 227.8)(535.7, 233.0)(450.8, 233.0);SD
Port:(438.0, 20.0)(533.1, 20.0)(533.1, 20.2)(548.5, 20.2)(548.5, 225.5)(438.0, 225.5);GATE
Port:(443.7, 24.7)(527.4, 24.7)(527.4, 30.6)(443.7, 30.6);SD
Module:M5
Boundary:(566.2, 651.3)(647.5, 651.3)(647.5, 860.0)(566.2, 860.0);GATE
Port:(578.9, 854.9)(634.8, 854.9)(634.8, 860.0)(578.9, 860.0);SD
Port:(566.2, 651.3)(647.5, 651.3)(647.5, 852.7)(566.2, 852.7);GATE
Port:(572.6, 656.7)(641.1, 656.7)(641.1, 661.9)(572.6, 661.9);SD
Module:M11
Boundary:(896.3, 20.0)(896.3, 88.3)(896.1, 88.3)(896.1, 105.1)(716.8, 105.1)(716.8, 20.0);GATE
Port:(716.8, 33.5)(722.4, 33.5)(722.4, 91.6)(716.8, 91.6);SD
Port:(896.3, 20.0)(896.3, 88.3)(896.1, 88.3)(896.1, 105.1)(723.5, 105.1)(723.5, 20.0);GATE
Port:(885.2, 25.4)(891.9, 25.4)(891.9, 82.9)(885.2, 82.9);SD
Module:M1
Boundary:(181.0, 265.0)(181.0, 299.2)(181.0, 299.2)(181.0, 315.3)(30.0, 315.3)(30.0, 265.0);GATE
Port:(30.0, 278.5)(34.3, 278.5)(34.3, 301.8)(30.0, 301.8);SD
Port:(181.0, 265.0)(181.0, 299.2)(181.0, 299.2)(181.0, 315.3)(36.0, 315.3)(36.0, 265.0);GATE
Port:(169.6, 271.6)(175.4, 271.6)(175.4, 292.6)(169.6, 292.6);SD
Module:M38
Boundary:(86.5, 752.6)(86.5, 844.8)(65.0, 844.8)(65.0, 859.1)(10.0, 859.1)(10.0, 752.6);GATE
Port:(10.0, 764.6)(15.8, 764.6)(15.8, 847.1)(10.0, 847.1);SD
Port:(86.5, 752.6)(86.5, 844.8)(65.0, 844.8)(65.0, 859.1)(17.6, 859.1)(17.6, 752.6);GATE
Port:(77.0, 757.8)(82.3, 757.8)(82.3, 838.6)(77.0, 838.6);SD
Module:M40
Boundary:(10.0, 10.0)(116.0, 10.0)(116.0, 55.5)(132.4, 55.5)(132.4, 124.2)(10.0, 124.2);GATE
Port:(23.9, 119.0)(118.5, 119.0)(118.5, 124.2)(23.9, 124.2);SD
Port:(10.0, 10.0)(116.0, 10.0)(116.0, 55.5)(132.4, 55.5)(132.4, 117.9)(10.0, 117.9);GATE
Port:(15.8, 14.8)(109.2, 14.8)(109.2, 20.6)(15.8, 20.6);SD
Module:M35
Boundary:(750.5, 534.2)(750.5, 581.3)(750.4, 581.3)(750.4, 597.2)(673.5, 597.2)(673.5, 534.2);GATE
Port:(673.5, 545.9)(679.4, 545.9)(679.4, 585.5)(673.5, 585.5);SD
Port:(750.5, 534.2)(750.5, 581.3)(750.4, 581.3)(750.4, 597.2)(680.9, 597.2)(680.9, 534.2);GATE
Port:(741.3, 540.3)(745.4, 540.3)(745.4, 575.2)(741.3, 575.2);SD
Module:M32
Boundary:(598.5, 30.0)(651.3, 30.0)(651.3, 52.0)(666.8, 52.0)(666.8, 165.9)(598.5, 165.9);GATE
Port:(612.9, 161.1)(652.4, 161.1)(652.4, 165.9)(612.9, 165.9);SD
Port:(598.5, 30.0)(651.3, 30.0)(651.3, 52.0)(666.8, 52.0)(666.8, 158.6)(598.5, 158.6);GATE
Port:(604.9, 35.4)(643.9, 35.4)(643.9, 41.5)(604.9, 41.5);SD
Module:M27
Boundary:(880.5, 145.1)(880.5, 232.9)(716.8, 232.9)(716.8, 145.1);GATE
Port:(716.8, 159.9)(722.7, 159.9)(722.7, 218.1)(716.8, 218.1);SD
Port:(880.5, 145.1)(880.5, 232.9)(724.4, 232.9)(724.4, 145.1);GATE
Port:(868.6, 151.4)(875.2, 151.4)(875.2, 226.6)(868.6, 226.6);SD
Module:M24
Boundary:(888.7, 534.2)(888.7, 583.0)(867.6, 583.0)(867.6, 596.4)(790.5, 596.4)(790.5, 534.2);GATE
Port:(790.5, 547.6)(796.4, 547.6)(796.4, 583.0)(790.5, 583.0);SD
Port:(888.7, 534.2)(888.7, 583.0)(867.6, 583.0)(867.6, 596.4)(799.1, 596.4)(799.1, 534.2);GATE
Port:(877.4, 540.7)(883.2, 540.7)(883.2, 575.5)(877.4, 575.5);SD
Module:M19
Boundary:(196.7, 762.6)(196.7, 846.2)(116.5, 846.2)(116.5, 762.6);GATE
Port:(116.5, 776.5)(120.8, 776.5)(120.8, 832.3)(116.5, 832.3);SD
Port:(196.7, 762.6)(196.7, 846.2)(122.2, 846.2)(122.2, 762.6);GATE
Port:(185.4, 769.4)(190.9, 769.4)(190.9, 839.4)(185.4, 839.4);SD
Module:M6
Boundary:(1036.1, 199.4)(1036.1, 304.3)(990.9, 304.3)(990.9, 320.7)(920.5, 320.7)(920.5, 199.4);GATE
Port:(920.5, 212.7)(925.9, 212.7)(925.9, 307.4)(920.5, 307.4);SD
Port:(1036.1, 199.4)(1036.1, 304.3)(990.9, 304.3)(990.9, 320.7)(927.9, 320.7)(927.9, 199.4);GATE
Port:(1026.1, 206.1)(1030.4, 206.1)(1030.4, 296.6)(1026.1, 296.6);SD
Module:M21
Boundary:(344.9, 399.9)(344.9, 464.9)(235.5, 464.9)(235.5, 399.9);GATE
Port:(235.5, 412.9)(240.5, 412.9)(240.5, 451.9)(235.5, 451.9);SD
Port:(344.9, 399.9)(344.9, 464.9)(241.9, 464.9)(241.9, 399.9);GATE
Port:(335.1, 405.7)(340.1, 405.7)(340.1, 459.1)(335.1, 459.1);SD
Module:M2
Boundary:(521.6, 651.3)(521.6, 698.2)(514.3, 698.2)(514.3, 711.6)(426.3, 711.6)(426.3, 651.3);GATE
Port:(426.3, 663.7)(430.8, 663.7)(430.8, 699.2)(426.3, 699.2);SD
Port:(521.6, 651.3)(521.6, 698.2)(514.3, 698.2)(514.3, 711.6)(433.5, 711.6)(433.5, 651.3);GATE
Port:(511.4, 658.0)(515.9, 658.0)(515.9, 690.5)(511.4, 690.5);SD
Module:M16
Boundary:(195.5, 365.3)(195.5, 432.0)(179.9, 432.0)(179.9, 447.5)(20.0, 447.5)(20.0, 365.3);GATE
Port:(20.0, 378.1)(25.4, 378.1)(25.4, 434.7)(20.0, 434.7);SD
Port:(195.5, 365.3)(195.5, 432.0)(179.9, 432.0)(179.9, 447.5)(26.7, 447.5)(26.7, 365.3);GATE
Port:(185.2, 370.6)(191.2, 370.6)(191.2, 425.7)(185.2, 425.7);SD
Module:M13
Boundary:(932.5, 663.8)(1017.4, 663.8)(1017.4, 664.0)(1031.7, 664.0)(1031.7, 830.2)(932.5, 830.2);GATE
Port:(942.5, 826.1)(1021.7, 826.1)(1021.7, 830.2)(942.5, 830.2);SD
Port:(932.5, 663.8)(1017.4, 663.8)(1017.4, 664.0)(1031.7, 664.0)(1031.7, 824.0)(932.5, 824.0);GATE
Port:(937.6, 667.9)(1012.3, 667.9)(1012.3, 672.1)(937.6, 672.1);SD
Module:M10
Boundary:(376.3, 633.8)(376.3, 713.5)(317.5, 713.5)(317.5, 727.9)(254.5, 727.9)(254.5, 633.8);GATE
Port:(254.5, 646.8)(258.6, 646.8)(258.6, 714.9)(254.5, 714.9);SD
Port:(376.3, 633.8)(376.3, 713.5)(317.5, 713.5)(317.5, 727.9)(259.9, 727.9)(259.9, 633.8);GATE
Port:(365.5, 639.2)(371.9, 639.2)(371.9, 707.1)(365.5, 707.1);SD
Module:M37
Boundary:(722.5, 430.6)(722.5, 490.4)(548.5, 490.4)(548.5, 430.6);GATE
Port:(548.5, 443.5)(553.3, 443.5)(553.3, 477.5)(548.5, 477.5);SD
Port:(722.5, 430.6)(722.5, 490.4)(556.0, 490.4)(556.0, 430.6);GATE
Port:(711.2, 437.4)(716.7, 437.4)(716.7, 483.6)(711.2, 483.6);SD
Module:M34
Boundary:(928.0, 360.7)(1025.5, 360.7)(1025.5, 371.4)(1040.7, 371.4)(1040.7, 487.0)(928.0, 487.0);GATE
Port:(940.2, 481.8)(1028.5, 481.8)(1028.5, 487.0)(940.2, 487.0);SD
Port:(928.0, 360.7)(1025.5, 360.7)(1025.5, 371.4)(1040.7, 371.4)(1040.7, 480.4)(928.0, 480.4);GATE
Port:(933.0, 364.7)(1019.5, 364.7)(1019.5, 370.0)(933.0, 370.0);SD
Module:M29
Boundary:(20.0, 487.5)(98.4, 487.5)(98.4, 487.9)(113.6, 487.9)(113.6, 583.1)(20.0, 583.1);GATE
Port:(32.7, 579.0)(100.9, 579.0)(100.9, 583.1)(32.7, 583.1);SD
Port:(20.0, 487.5)(98.4, 487.5)(98.4, 487.9)(113.6, 487.9)(113.6, 577.0)(20.0, 577.0);GATE
Port:(25.6, 492.1)(92.8, 492.1)(92.8, 498.2)(25.6, 498.2);SD
Module:M7
Boundary:(295.6, 133.7)(295.6, 210.6)(162.4, 210.6)(162.4, 133.7);GATE
Port:(162.4, 146.0)(168.2, 146.0)(168.2, 198.3)(162.4, 198.3);SD
Port:(295.6, 133.7)(295.6, 210.6)(170.3, 210.6)(170.3, 133.7);GATE
Port:(285.7, 139.1)(291.2, 139.1)(291.2, 205.2)(285.7, 205.2);SD
Module:M31
Boundary:(928.7, 527.0)(1023.8, 527.0)(1023.8, 527.4)(1039.8, 527.4)(1039.8, 613.8)(928.7, 613.8);GATE
Port:(940.8, 609.0)(1027.7, 609.0)(1027.7, 613.8)(940.8, 613.8);SD
Port:(928.7, 527.0)(1023.8, 527.0)(1023.8, 527.4)(1039.8, 527.4)(1039.8, 606.1)(928.7, 606.1);GATE
Port:(933.8, 531.1)(1018.7, 531.1)(1018.7, 536.5)(933.8, 536.5);SD
Module:M3
Boundary:(529.7, 273.0)(529.7, 376.8)(400.6, 376.8)(400.6, 273.0);GATE
Port:(400.6, 286.2)(404.6, 286.2)(404.6, 363.6)(400.6, 363.6);SD
Port:(529.7, 273.0)(529.7, 376.8)(405.9, 376.8)(405.9, 273.0);GATE
Port:(518.4, 279.9)(523.8, 279.9)(523.8, 369.9)(518.4, 369.9);SD
Module:M26
Boundary:(761.2, 272.9)(864.9, 272.9)(864.9, 282.0)(880.5, 282.0)(880.5, 344.7)(761.2, 344.7);GATE
Port:(775.6, 340.7)(866.1, 340.7)(866.1, 344.7)(775.6, 344.7);SD
Port:(761.2, 272.9)(864.9, 272.9)(864.9, 282.0)(880.5, 282.0)(880.5, 338.7)(761.2, 338.7);GATE
Port:(767.9, 278.6)(857.2, 278.6)(857.2, 284.6)(767.9, 284.6);SD
Module:M23
Boundary:(453.5, 761.6)(516.2, 761.6)(516.2, 843.8)(453.5, 843.8);GATE
Port:(466.6, 838.2)(503.1, 838.2)(503.1, 843.8)(466.6, 843.8);SD
Port:(453.5, 761.6)(516.2, 761.6)(516.2, 835.9)(453.5, 835.9);GATE
Port:(460.4, 767.5)(509.3, 767.5)(509.3, 772.9)(460.4, 772.9);SD
Module:M18
Boundary:(867.5, 757.5)(867.5, 829.7)(824.6, 829.7)(824.6, 845.3)(697.5, 845.3)(697.5, 757.5);GATE
Port:(697.5, 773.1)(701.9, 773.1)(701.9, 829.7)(697.5, 829.7);SD
Port:(867.5, 757.5)(867.5, 829.7)(824.6, 829.7)(824.6, 845.3)(704.6, 845.3)(704.6, 757.5);GATE
Port:(854.8, 764.3)(861.7, 764.3)(861.7, 821.9)(854.8, 821.9);SD
Module:M20
Boundary:(623.5, 530.4)(623.5, 588.0)(576.2, 588.0)(576.2, 601.3)(443.9, 601.3)(443.9, 530.4);GATE
Port:(443.9, 541.3)(448.0, 541.3)(448.0, 590.4)(443.9, 590.4);SD
Port:(623.5, 530.4)(623.5, 588.0)(576.2, 588.0)(576.2, 601.3)(450.6, 601.3)(450.6, 530.4);GATE
Port:(615.1, 535.6)(619.3, 535.6)(619.3, 581.8)(615.1, 581.8);SD
Module:M15
Boundary:(1028.8, 30.0)(1028.8, 132.8)(1028.3, 132.8)(1028.3, 149.4)(946.3, 149.4)(946.3, 30.0);GATE
Port:(946.3, 44.8)(951.1, 44.8)(951.1, 134.6)(946.3, 134.6);SD
Port:(1028.8, 30.0)(1028.8, 132.8)(1028.3, 132.8)(1028.3, 149.4)(952.9, 149.4)(952.9, 30.0);GATE
Port:(1016.7, 36.4)(1023.4, 36.4)(1023.4, 126.4)(1016.7, 126.4);SD
Module:M12
Boundary:(235.5, 250.6)(343.5, 250.6)(343.5, 258.8)(360.6, 258.8)(360.6, 359.9)(235.5, 359.9);GATE
Port:(248.9, 354.9)(347.2, 354.9)(347.2, 359.9)(248.9, 359.9);SD
Port:(235.5, 250.6)(343.5, 250.6)(343.5, 258.8)(360.6, 258.8)(360.6, 352.8)(235.5, 352.8);GATE
Port:(240.9, 255.0)(337.1, 255.0)(337.1, 260.9)(240.9, 260.9);SD
Module:M39
Boundary:(680.0, 205.9)(680.0, 277.7)(578.5, 277.7)(578.5, 205.9);GATE
Port:(578.5, 220.2)(583.4, 220.2)(583.4, 263.4)(578.5, 263.4);SD
Port:(680.0, 205.9)(680.0, 277.7)(585.3, 277.7)(585.3, 205.9);GATE
Port:(669.1, 212.2)(674.7, 212.2)(674.7, 271.4)(669.1, 271.4);SD
Module:M8
Boundary:(403.5, 777.9)(403.5, 844.6)(346.6, 844.6)(346.6, 858.8)(236.7, 858.8)(236.7, 777.9);GATE
Port:(236.7, 791.7)(242.3, 791.7)(242.3, 845.0)(236.7, 845.0);SD
Port:(403.5, 777.9)(403.5, 844.6)(346.6, 844.6)(346.6, 858.8)(243.7, 858.8)(243.7, 777.9);GATE
Port:(391.7, 784.7)(397.7, 784.7)(397.7, 836.8)(391.7, 836.8);SD
Module:M4
Boundary:(300.0, 20.0)(300.0, 80.9)(265.5, 80.9)(265.5, 93.7)(162.4, 93.7)(162.4, 20.0);GATE
Port:(162.4, 33.0)(166.7, 33.0)(166.7, 80.7)(162.4, 80.7);SD
Port:(300.0, 20.0)(300.0, 80.9)(265.5, 80.9)(265.5, 93.7)(169.3, 93.7)(169.3, 20.0);GATE
Port:(289.2, 26.5)(294.5, 26.5)(294.5, 73.4)(289.2, 73.4);SD
Module:M36
Boundary:(528.5, 406.8)(528.5, 457.0)(506.6, 457.0)(506.6, 471.5)(390.6, 471.5)(390.6, 406.8);GATE
Port:(390.6, 420.6)(396.5, 420.6)(396.5, 457.7)(390.6, 457.7);SD
Port:(528.5, 406.8)(528.5, 457.0)(506.6, 457.0)(506.6, 471.5)(398.8, 471.5)(398.8, 406.8);GATE
Port:(517.3, 412.8)(523.5, 412.8)(523.5, 450.0)(517.3, 450.0);SD
Module:M33
Boundary:(204.5, 623.8)(204.5, 722.6)(20.0, 722.6)(20.0, 623.8);GATE
Port:(20.0, 639.2)(24.4, 639.2)(24.4, 707.2)(20.0, 707.2);SD
Port:(204.5, 623.8)(204.5, 722.6)(26.0, 722.6)(26.0, 623.8);GATE
Port:(191.4, 630.5)(198.8, 630.5)(198.8, 715.9)(191.4, 715.9);SD
Module:M28
Boundary:(882.5, 637.2)(882.5, 707.5)(687.5, 707.5)(687.5, 637.2);GATE
Port:(687.5, 651.6)(692.3, 651.6)(692.3, 693.1)(687.5, 693.1);SD
Port:(882.5, 637.2)(882.5, 707.5)(693.7, 707.5)(693.7, 637.2);GATE
Port:(870.5, 643.0)(877.7, 643.0)(877.7, 701.7)(870.5, 701.7);SD
Module:M30
Boundary:(340.0, 20.0)(385.5, 20.0)(385.5, 105.4)(398.0, 105.4)(398.0, 165.3)(340.0, 165.3);GATE
Port:(352.4, 160.6)(385.6, 160.6)(385.6, 165.3)(352.4, 165.3);SD
Port:(340.0, 20.0)(385.5, 20.0)(385.5, 105.4)(398.0, 105.4)(398.0, 158.8)(340.0, 158.8);GATE
Port:(346.4, 25.4)(378.1, 25.4)(378.1, 30.9)(346.4, 30.9);SD
Module:M25
Boundary:(888.0, 384.7)(888.0, 494.2)(761.2, 494.2)(761.2, 384.7);GATE
Port:(761.2, 398.2)(765.3, 398.2)(765.3, 480.7)(761.2, 480.7);SD
Port:(888.0, 384.7)(888.0, 494.2)(767.8, 494.2)(767.8, 384.7);GATE
Port:(877.5, 390.6)(883.1, 390.6)(883.1, 488.3)(877.5, 488.3);SD
Module:M22
Boundary:(118.5, 154.2)(118.5, 201.8)(72.9, 201.8)(72.9, 215.0)(20.0, 215.0)(20.0, 154.2);GATE
Port:(20.0, 167.3)(24.6, 167.3)(24.6, 201.9)(20.0, 201.9);SD
Port:(118.5, 154.2)(118.5, 201.8)(72.9, 201.8)(72.9, 215.0)(25.8, 215.0)(25.8, 154.2);GATE
Port:(107.0, 160.8)(112.9, 160.8)(112.9, 194.2)(107.0, 194.2);SD
Module:M17
Boundary:(721.2, 307.7)(721.2, 400.6)(569.7, 400.6)(569.7, 307.7);GATE
Port:(569.7, 321.5)(575.6, 321.5)(575.6, 386.8)(569.7, 386.8);SD
Port:(721.2, 307.7)(721.2, 400.6)(577.2, 400.6)(577.2, 307.7);GATE
Port:(709.1, 314.7)(715.2, 314.7)(715.2, 393.6)(709.1, 393.6);SD
