Area:(2.2, -20.0)(320.8, -20.0)(320.8, 470.2)(2.2, 470.2)
Rule:GATE(5,5);SD(5,5);GATE_SD(0.5);GATE_ITO(0.5);SD_ITO(0.5)
Module:M1
Boundary:(42.2, 202.8)(155.5, 202.8)(155.5, 27.0)(42.2, 27.0);GATE
Port:(57.9, 27.0)(139.8, 27.0)(139.8, 31.0)(57.9, 31.0);SD
Port:(42.2, 202.8)(155.5, 202.8)(155.5, 33.2)(42.2, 33.2);GATE
Port:(48.6, 190.4)(149.1, 190.4)(149.1, 197.4)(48.6, 197.4);SD
Module:M4
Boundary:(171.8, 20.0)(246.7, 20.0)(246.7, 96.5)(263.4, 96.5)(263.4, 200.2)(171.8, 200.2);GATE
Port:(187.6, 194.5)(247.6, 194.5)(247.6, 200.2)(187.6, 200.2);SD
Port:(171.8, 20.0)(246.7, 20.0)(246.7, 96.5)(263.4, 96.5)(263.4, 192.6)(171.8, 192.6);GATE
Port:(178.6, 25.8)(238.9, 25.8)(238.9, 32.4)(178.6, 32.4);SD
Module:M2
Boundary:(120.7, 210.1)(168.1, 210.1)(168.1, 250.3)(181.8, 250.3)(181.8, 299.4)(120.7, 299.4);GATE
Port:(132.7, 294.6)(169.8, 294.6)(169.8, 299.4)(132.7, 299.4);SD
Port:(120.7, 210.1)(168.1, 210.1)(168.1, 250.3)(181.8, 250.3)(181.8, 292.4)(120.7, 292.4);GATE
Port:(126.7, 215.1)(161.1, 215.1)(161.1, 220.2)(126.7, 220.2);SD
Module:M3
Boundary:(114.0, 231.8)(63.1, 231.8)(63.1, 430.2)(114.0, 430.2);GATE
Port:(77.4, 425.4)(99.7, 425.4)(99.7, 430.2)(77.4, 430.2);SD
Port:(114.0, 231.8)(63.1, 231.8)(63.1, 423.8)(114.0, 423.8);GATE
Port:(68.6, 236.3)(108.5, 236.3)(108.5, 243.6)(68.6, 243.6);SD
Module:M5
Boundary:(188.5, 206.9)(265.6, 206.9)(265.6, 207.0)(280.8, 207.0)(280.8, 409.8)(188.5, 409.8);GATE
Port:(200.8, 405.7)(268.5, 405.7)(268.5, 409.8)(200.8, 409.8);SD
Port:(188.5, 206.9)(265.6, 206.9)(265.6, 207.0)(280.8, 207.0)(280.8, 403.9)(188.5, 403.9);GATE
Port:(194.0, 211.4)(260.1, 211.4)(260.1, 217.5)(194.0, 217.5);SD
