Area:(-20.0, -20.0)(1694.0, -20.0)(1694.0, 963.0)(-20.0, 963.0)
Rule:GATE(5,5);SD(5,5);GATE_SD(0.5);GATE_ITO(0.5);SD_ITO(0.5)
Module:M14
Boundary:(694.0, 151.0)(769.5, 151.0)(769.5, 179.2)(821.0, 179.2)(821.0, 255.0)(694.0, 255.0);GATE
Port:(708.5, 245.0)(806.5, 245.0)(806.5, 255.0)(708.5, 255.0);SD
Port:(694.0, 151.0)(769.5, 151.0)(769.5, 179.2)(821.0, 179.2)(821.0, 240.0)(694.0, 240.0);GATE
Port:(704.0, 156.0)(755.0, 156.0)(755.0, 160.0)(704.0, 160.0);SD
Module:M9
Boundary:(20.0, 518.0)(149.5, 518.0)(149.5, 565.2)(219.0, 565.2)(219.0, 634.0)(20.0, 634.0);GATE
Port:(34.5, 624.0)(204.5, 624.0)(204.5, 634.0)(34.5, 634.0);SD
Port:(20.0, 518.0)(149.5, 518.0)(149.5, 565.2)(219.0, 565.2)(219.0, 619.0)(20.0, 619.0);GATE
Port:(30.0, 523.0)(135.0, 523.0)(135.0, 527.0)(30.0, 527.0);SD
Module:M5
Boundary:(634.0, 412.0)(634.0, 523.5)(622.0, 523.5)(622.0, 539.0)(454.0, 539.0)(454.0, 412.0);GATE
Port:(454.0, 426.5)(464.0, 426.5)(464.0, 524.5)(454.0, 524.5);SD
Port:(634.0, 412.0)(634.0, 523.5)(622.0, 523.5)(622.0, 539.0)(469.0, 539.0)(469.0, 412.0);GATE
Port:(625.0, 422.0)(629.0, 422.0)(629.0, 509.0)(625.0, 509.0);SD
Module:M11
Boundary:(694.0, 428.0)(841.5, 428.0)(841.5, 470.2)(875.0, 470.2)(875.0, 526.0)(694.0, 526.0);GATE
Port:(708.5, 516.0)(860.5, 516.0)(860.5, 526.0)(708.5, 526.0);SD
Port:(694.0, 428.0)(841.5, 428.0)(841.5, 470.2)(875.0, 470.2)(875.0, 511.0)(694.0, 511.0);GATE
Port:(704.0, 433.0)(827.0, 433.0)(827.0, 437.0)(704.0, 437.0);SD
Module:M1
Boundary:(699.0, 566.0)(792.5, 566.0)(792.5, 704.0)(1024.0, 704.0)(1024.0, 744.0)(699.0, 744.0);GATE
Port:(713.5, 734.0)(1009.5, 734.0)(1009.5, 744.0)(713.5, 744.0);SD
Port:(699.0, 566.0)(792.5, 566.0)(792.5, 704.0)(1024.0, 704.0)(1024.0, 729.0)(699.0, 729.0);GATE
Port:(709.0, 571.0)(778.0, 571.0)(778.0, 575.0)(709.0, 575.0);SD
Module:M43
Boundary:(654.0, 20.0)(654.0, 167.5)(638.0, 167.5)(638.0, 183.0)(587.0, 183.0)(587.0, 20.0);GATE
Port:(587.0, 34.5)(597.0, 34.5)(597.0, 168.5)(587.0, 168.5);SD
Port:(654.0, 20.0)(654.0, 167.5)(638.0, 167.5)(638.0, 183.0)(602.0, 183.0)(602.0, 20.0);GATE
Port:(645.0, 30.0)(649.0, 30.0)(649.0, 153.0)(645.0, 153.0);SD
Module:M38
Boundary:(1231.0, 701.0)(1307.0, 701.0)(1307.0, 709.0)(1322.0, 709.0)(1322.0, 792.0)(1231.0, 792.0);GATE
Port:(1245.5, 782.0)(1307.5, 782.0)(1307.5, 792.0)(1245.5, 792.0);SD
Port:(1231.0, 701.0)(1307.0, 701.0)(1307.0, 709.0)(1322.0, 709.0)(1322.0, 777.0)(1231.0, 777.0);GATE
Port:(1241.0, 706.0)(1292.0, 706.0)(1292.0, 710.0)(1241.0, 710.0);SD
Module:M40
Boundary:(1640.0, 215.0)(1640.0, 344.5)(1626.0, 344.5)(1626.0, 360.0)(1580.0, 360.0)(1580.0, 215.0);GATE
Port:(1580.0, 229.5)(1590.0, 229.5)(1590.0, 345.5)(1580.0, 345.5);SD
Port:(1640.0, 215.0)(1640.0, 344.5)(1626.0, 344.5)(1626.0, 360.0)(1595.0, 360.0)(1595.0, 215.0);GATE
Port:(1631.0, 225.0)(1635.0, 225.0)(1635.0, 330.0)(1631.0, 330.0);SD
Module:M35
Boundary:(964.0, 790.0)(1075.5, 790.0)(1075.5, 870.6)(1181.0, 870.6)(1181.0, 914.0)(964.0, 914.0);GATE
Port:(978.5, 904.0)(1166.5, 904.0)(1166.5, 914.0)(978.5, 914.0);SD
Port:(964.0, 790.0)(1075.5, 790.0)(1075.5, 870.6)(1181.0, 870.6)(1181.0, 899.0)(964.0, 899.0);GATE
Port:(974.0, 795.0)(1061.0, 795.0)(1061.0, 799.0)(974.0, 799.0);SD
Module:M32
Boundary:(733.0, 794.0)(826.5, 794.0)(826.5, 840.0)(914.0, 840.0)(914.0, 896.0)(733.0, 896.0);GATE
Port:(747.5, 886.0)(899.5, 886.0)(899.5, 896.0)(747.5, 896.0);SD
Port:(733.0, 794.0)(826.5, 794.0)(826.5, 840.0)(914.0, 840.0)(914.0, 881.0)(733.0, 881.0);GATE
Port:(743.0, 799.0)(812.0, 799.0)(812.0, 803.0)(743.0, 803.0);SD
Module:M27
Boundary:(1653.0, 780.0)(1653.0, 891.5)(1641.0, 891.5)(1641.0, 907.0)(1532.0, 907.0)(1532.0, 780.0);GATE
Port:(1532.0, 794.5)(1542.0, 794.5)(1542.0, 892.5)(1532.0, 892.5);SD
Port:(1653.0, 780.0)(1653.0, 891.5)(1641.0, 891.5)(1641.0, 907.0)(1547.0, 907.0)(1547.0, 780.0);GATE
Port:(1644.0, 790.0)(1648.0, 790.0)(1648.0, 877.0)(1644.0, 877.0);SD
Module:M24
Boundary:(547.0, 20.0)(547.0, 93.0)(410.0, 93.0)(410.0, 20.0);GATE
Port:(410.0, 34.5)(420.0, 34.5)(420.0, 78.5)(410.0, 78.5);SD
Port:(547.0, 20.0)(547.0, 93.0)(425.0, 93.0)(425.0, 20.0);GATE
Port:(538.0, 30.0)(542.0, 30.0)(542.0, 83.0)(538.0, 83.0);SD
Module:M19
Boundary:(1449.0, 439.0)(1560.5, 439.0)(1560.5, 467.0)(1612.0, 467.0)(1612.0, 535.0)(1449.0, 535.0);GATE
Port:(1463.5, 525.0)(1597.5, 525.0)(1597.5, 535.0)(1463.5, 535.0);SD
Port:(1449.0, 439.0)(1560.5, 439.0)(1560.5, 467.0)(1612.0, 467.0)(1612.0, 520.0)(1449.0, 520.0);GATE
Port:(1459.0, 444.0)(1546.0, 444.0)(1546.0, 448.0)(1459.0, 448.0);SD
Module:M6
Boundary:(95.0, 20.0)(95.0, 113.5)(67.3, 113.5)(67.3, 147.0)(20.0, 147.0)(20.0, 20.0);GATE
Port:(20.0, 34.5)(30.0, 34.5)(30.0, 132.5)(20.0, 132.5);SD
Port:(95.0, 20.0)(95.0, 113.5)(67.3, 113.5)(67.3, 147.0)(35.0, 147.0)(35.0, 20.0);GATE
Port:(86.0, 30.0)(90.0, 30.0)(90.0, 99.0)(86.0, 99.0);SD
Module:M21
Boundary:(1654.0, 20.0)(1654.0, 95.5)(1624.3, 95.5)(1624.3, 165.0)(1570.0, 165.0)(1570.0, 20.0);GATE
Port:(1570.0, 34.5)(1580.0, 34.5)(1580.0, 150.5)(1570.0, 150.5);SD
Port:(1654.0, 20.0)(1654.0, 95.5)(1624.3, 95.5)(1624.3, 165.0)(1585.0, 165.0)(1585.0, 20.0);GATE
Port:(1645.0, 30.0)(1649.0, 30.0)(1649.0, 81.0)(1645.0, 81.0);SD
Module:M2
Boundary:(367.0, 238.0)(367.0, 311.0)(247.0, 311.0)(247.0, 238.0);GATE
Port:(247.0, 252.5)(257.0, 252.5)(257.0, 296.5)(247.0, 296.5);SD
Port:(367.0, 238.0)(367.0, 311.0)(262.0, 311.0)(262.0, 238.0);GATE
Port:(358.0, 248.0)(362.0, 248.0)(362.0, 301.0)(358.0, 301.0);SD
Module:M16
Boundary:(1231.0, 832.0)(1342.5, 832.0)(1342.5, 844.0)(1358.0, 844.0)(1358.0, 923.0)(1231.0, 923.0);GATE
Port:(1245.5, 913.0)(1343.5, 913.0)(1343.5, 923.0)(1245.5, 923.0);SD
Port:(1231.0, 832.0)(1342.5, 832.0)(1342.5, 844.0)(1358.0, 844.0)(1358.0, 908.0)(1231.0, 908.0);GATE
Port:(1241.0, 837.0)(1328.0, 837.0)(1328.0, 841.0)(1241.0, 841.0);SD
Module:M13
Boundary:(437.0, 264.0)(566.5, 264.0)(566.5, 295.5)(618.0, 295.5)(618.0, 372.0)(437.0, 372.0);GATE
Port:(451.5, 362.0)(603.5, 362.0)(603.5, 372.0)(451.5, 372.0);SD
Port:(437.0, 264.0)(566.5, 264.0)(566.5, 295.5)(618.0, 295.5)(618.0, 357.0)(437.0, 357.0);GATE
Port:(447.0, 269.0)(552.0, 269.0)(552.0, 273.0)(447.0, 273.0);SD
Module:M45
Boundary:(1492.0, 780.0)(1492.0, 891.5)(1480.0, 891.5)(1480.0, 907.0)(1398.0, 907.0)(1398.0, 780.0);GATE
Port:(1398.0, 794.5)(1408.0, 794.5)(1408.0, 892.5)(1398.0, 892.5);SD
Port:(1492.0, 780.0)(1492.0, 891.5)(1480.0, 891.5)(1480.0, 907.0)(1413.0, 907.0)(1413.0, 780.0);GATE
Port:(1483.0, 790.0)(1487.0, 790.0)(1487.0, 877.0)(1483.0, 877.0);SD
Module:M10
Boundary:(897.0, 151.0)(973.0, 151.0)(973.0, 159.0)(988.0, 159.0)(988.0, 315.0)(897.0, 315.0);GATE
Port:(911.5, 305.0)(973.5, 305.0)(973.5, 315.0)(911.5, 315.0);SD
Port:(897.0, 151.0)(973.0, 151.0)(973.0, 159.0)(988.0, 159.0)(988.0, 300.0)(897.0, 300.0);GATE
Port:(907.0, 156.0)(958.0, 156.0)(958.0, 160.0)(907.0, 160.0);SD
Module:M42
Boundary:(1034.0, 20.0)(1110.0, 20.0)(1110.0, 28.0)(1125.0, 28.0)(1125.0, 206.0)(1034.0, 206.0);GATE
Port:(1048.5, 196.0)(1110.5, 196.0)(1110.5, 206.0)(1048.5, 206.0);SD
Port:(1034.0, 20.0)(1110.0, 20.0)(1110.0, 28.0)(1125.0, 28.0)(1125.0, 191.0)(1034.0, 191.0);GATE
Port:(1044.0, 25.0)(1095.0, 25.0)(1095.0, 29.0)(1044.0, 29.0);SD
Module:M37
Boundary:(915.0, 355.0)(988.0, 355.0)(988.0, 511.0)(915.0, 511.0);GATE
Port:(929.5, 501.0)(973.5, 501.0)(973.5, 511.0)(929.5, 511.0);SD
Port:(915.0, 355.0)(988.0, 355.0)(988.0, 496.0)(915.0, 496.0);GATE
Port:(925.0, 360.0)(978.0, 360.0)(978.0, 364.0)(925.0, 364.0);SD
Module:M34
Boundary:(1189.0, 533.0)(1189.0, 644.5)(1107.6, 644.5)(1107.6, 750.0)(1064.0, 750.0)(1064.0, 533.0);GATE
Port:(1064.0, 547.5)(1074.0, 547.5)(1074.0, 735.5)(1064.0, 735.5);SD
Port:(1189.0, 533.0)(1189.0, 644.5)(1107.6, 644.5)(1107.6, 750.0)(1079.0, 750.0)(1079.0, 533.0);GATE
Port:(1180.0, 543.0)(1184.0, 543.0)(1184.0, 630.0)(1180.0, 630.0);SD
Module:M29
Boundary:(397.0, 351.0)(397.0, 462.5)(385.0, 462.5)(385.0, 478.0)(225.0, 478.0)(225.0, 351.0);GATE
Port:(225.0, 365.5)(235.0, 365.5)(235.0, 463.5)(225.0, 463.5);SD
Port:(397.0, 351.0)(397.0, 462.5)(385.0, 462.5)(385.0, 478.0)(240.0, 478.0)(240.0, 351.0);GATE
Port:(388.0, 361.0)(392.0, 361.0)(392.0, 448.0)(388.0, 448.0);SD
Module:M7
Boundary:(787.0, 20.0)(787.0, 96.0)(779.0, 96.0)(779.0, 111.0)(694.0, 111.0)(694.0, 20.0);GATE
Port:(694.0, 34.5)(704.0, 34.5)(704.0, 96.5)(694.0, 96.5);SD
Port:(787.0, 20.0)(787.0, 96.0)(779.0, 96.0)(779.0, 111.0)(709.0, 111.0)(709.0, 20.0);GATE
Port:(778.0, 30.0)(782.0, 30.0)(782.0, 81.0)(778.0, 81.0);SD
Module:M31
Boundary:(207.0, 238.0)(207.0, 311.0)(20.0, 311.0)(20.0, 238.0);GATE
Port:(20.0, 252.5)(30.0, 252.5)(30.0, 296.5)(20.0, 296.5);SD
Port:(207.0, 238.0)(207.0, 311.0)(35.0, 311.0)(35.0, 238.0);GATE
Port:(198.0, 248.0)(202.0, 248.0)(202.0, 301.0)(198.0, 301.0);SD
Module:M3
Boundary:(1362.0, 586.0)(1455.5, 586.0)(1455.5, 674.5)(1633.0, 674.5)(1633.0, 740.0)(1362.0, 740.0);GATE
Port:(1376.5, 730.0)(1618.5, 730.0)(1618.5, 740.0)(1376.5, 740.0);SD
Port:(1362.0, 586.0)(1455.5, 586.0)(1455.5, 674.5)(1633.0, 674.5)(1633.0, 725.0)(1362.0, 725.0);GATE
Port:(1372.0, 591.0)(1441.0, 591.0)(1441.0, 595.0)(1372.0, 595.0);SD
Module:M26
Boundary:(30.0, 827.0)(159.5, 827.0)(159.5, 855.0)(193.0, 855.0)(193.0, 896.0)(30.0, 896.0);GATE
Port:(44.5, 886.0)(178.5, 886.0)(178.5, 896.0)(44.5, 896.0);SD
Port:(30.0, 827.0)(159.5, 827.0)(159.5, 855.0)(193.0, 855.0)(193.0, 881.0)(30.0, 881.0);GATE
Port:(40.0, 832.0)(145.0, 832.0)(145.0, 836.0)(40.0, 836.0);SD
Module:M23
Boundary:(994.0, 20.0)(994.0, 96.0)(986.0, 96.0)(986.0, 111.0)(827.0, 111.0)(827.0, 20.0);GATE
Port:(827.0, 34.5)(837.0, 34.5)(837.0, 96.5)(827.0, 96.5);SD
Port:(994.0, 20.0)(994.0, 96.0)(986.0, 96.0)(986.0, 111.0)(842.0, 111.0)(842.0, 20.0);GATE
Port:(985.0, 30.0)(989.0, 30.0)(989.0, 81.0)(985.0, 81.0);SD
Module:M18
Boundary:(30.0, 361.0)(159.5, 361.0)(159.5, 375.0)(175.0, 375.0)(175.0, 468.0)(30.0, 468.0);GATE
Port:(44.5, 458.0)(160.5, 458.0)(160.5, 468.0)(44.5, 468.0);SD
Port:(30.0, 361.0)(159.5, 361.0)(159.5, 375.0)(175.0, 375.0)(175.0, 453.0)(30.0, 453.0);GATE
Port:(40.0, 366.0)(145.0, 366.0)(145.0, 370.0)(40.0, 370.0);SD
Module:M20
Boundary:(694.0, 295.0)(841.5, 295.0)(841.5, 311.0)(857.0, 311.0)(857.0, 388.0)(694.0, 388.0);GATE
Port:(708.5, 378.0)(842.5, 378.0)(842.5, 388.0)(708.5, 388.0);SD
Port:(694.0, 295.0)(841.5, 295.0)(841.5, 311.0)(857.0, 311.0)(857.0, 373.0)(694.0, 373.0);GATE
Port:(704.0, 300.0)(827.0, 300.0)(827.0, 304.0)(704.0, 304.0);SD
Module:M15
Boundary:(135.0, 20.0)(192.5, 20.0)(192.5, 110.3)(370.0, 110.3)(370.0, 198.0)(135.0, 198.0);GATE
Port:(149.5, 188.0)(355.5, 188.0)(355.5, 198.0)(149.5, 198.0);SD
Port:(135.0, 20.0)(192.5, 20.0)(192.5, 110.3)(370.0, 110.3)(370.0, 183.0)(135.0, 183.0);GATE
Port:(145.0, 25.0)(178.0, 25.0)(178.0, 29.0)(145.0, 29.0);SD
Module:M12
Boundary:(466.0, 784.0)(577.5, 784.0)(577.5, 857.3)(683.0, 857.3)(683.0, 920.0)(466.0, 920.0);GATE
Port:(480.5, 910.0)(668.5, 910.0)(668.5, 920.0)(480.5, 920.0);SD
Port:(466.0, 784.0)(577.5, 784.0)(577.5, 857.3)(683.0, 857.3)(683.0, 905.0)(466.0, 905.0);GATE
Port:(476.0, 789.0)(563.0, 789.0)(563.0, 793.0)(476.0, 793.0);SD
Module:M44
Boundary:(20.0, 674.0)(113.5, 674.0)(113.5, 702.5)(165.0, 702.5)(165.0, 777.0)(20.0, 777.0);GATE
Port:(34.5, 767.0)(150.5, 767.0)(150.5, 777.0)(34.5, 777.0);SD
Port:(20.0, 674.0)(113.5, 674.0)(113.5, 702.5)(165.0, 702.5)(165.0, 762.0)(20.0, 762.0);GATE
Port:(30.0, 679.0)(99.0, 679.0)(99.0, 683.0)(30.0, 683.0);SD
Module:M39
Boundary:(253.0, 844.0)(400.5, 844.0)(400.5, 860.0)(416.0, 860.0)(416.0, 906.0)(253.0, 906.0);GATE
Port:(267.5, 896.0)(401.5, 896.0)(401.5, 906.0)(267.5, 906.0);SD
Port:(253.0, 844.0)(400.5, 844.0)(400.5, 860.0)(416.0, 860.0)(416.0, 891.0)(253.0, 891.0);GATE
Port:(263.0, 849.0)(386.0, 849.0)(386.0, 853.0)(263.0, 853.0);SD
Module:M8
Boundary:(1399.0, 239.0)(1399.0, 332.5)(1271.0, 332.5)(1271.0, 546.0)(1231.0, 546.0)(1231.0, 239.0);GATE
Port:(1231.0, 253.5)(1241.0, 253.5)(1241.0, 531.5)(1231.0, 531.5);SD
Port:(1399.0, 239.0)(1399.0, 332.5)(1271.0, 332.5)(1271.0, 546.0)(1246.0, 546.0)(1246.0, 239.0);GATE
Port:(1390.0, 249.0)(1394.0, 249.0)(1394.0, 318.0)(1390.0, 318.0);SD
Module:M41
Boundary:(414.0, 518.0)(414.0, 629.5)(342.0, 629.5)(342.0, 663.0)(259.0, 663.0)(259.0, 518.0);GATE
Port:(259.0, 532.5)(269.0, 532.5)(269.0, 648.5)(259.0, 648.5);SD
Port:(414.0, 518.0)(414.0, 629.5)(342.0, 629.5)(342.0, 663.0)(274.0, 663.0)(274.0, 518.0);GATE
Port:(405.0, 528.0)(409.0, 528.0)(409.0, 615.0)(405.0, 615.0);SD
Module:M4
Boundary:(1028.0, 366.0)(1157.5, 366.0)(1157.5, 380.0)(1173.0, 380.0)(1173.0, 493.0)(1028.0, 493.0);GATE
Port:(1042.5, 483.0)(1158.5, 483.0)(1158.5, 493.0)(1042.5, 493.0);SD
Port:(1028.0, 366.0)(1157.5, 366.0)(1157.5, 380.0)(1173.0, 380.0)(1173.0, 478.0)(1028.0, 478.0);GATE
Port:(1038.0, 371.0)(1143.0, 371.0)(1143.0, 375.0)(1038.0, 375.0);SD
Module:M36
Boundary:(1439.0, 239.0)(1515.0, 239.0)(1515.0, 247.0)(1530.0, 247.0)(1530.0, 389.0)(1439.0, 389.0);GATE
Port:(1453.5, 379.0)(1515.5, 379.0)(1515.5, 389.0)(1453.5, 389.0);SD
Port:(1439.0, 239.0)(1515.0, 239.0)(1515.0, 247.0)(1530.0, 247.0)(1530.0, 374.0)(1439.0, 374.0);GATE
Port:(1449.0, 244.0)(1500.0, 244.0)(1500.0, 248.0)(1449.0, 248.0);SD
Module:M33
Boundary:(1231.0, 586.0)(1307.0, 586.0)(1307.0, 594.0)(1322.0, 594.0)(1322.0, 661.0)(1231.0, 661.0);GATE
Port:(1245.5, 651.0)(1307.5, 651.0)(1307.5, 661.0)(1245.5, 661.0);SD
Port:(1231.0, 586.0)(1307.0, 586.0)(1307.0, 594.0)(1322.0, 594.0)(1322.0, 646.0)(1231.0, 646.0);GATE
Port:(1241.0, 591.0)(1292.0, 591.0)(1292.0, 595.0)(1241.0, 595.0);SD
Module:M28
Boundary:(537.0, 133.0)(537.0, 209.0)(529.0, 209.0)(529.0, 224.0)(410.0, 224.0)(410.0, 133.0);GATE
Port:(410.0, 147.5)(420.0, 147.5)(420.0, 209.5)(410.0, 209.5);SD
Port:(537.0, 133.0)(537.0, 209.0)(529.0, 209.0)(529.0, 224.0)(425.0, 224.0)(425.0, 133.0);GATE
Port:(528.0, 143.0)(532.0, 143.0)(532.0, 194.0)(528.0, 194.0);SD
Module:M30
Boundary:(421.0, 703.0)(421.0, 779.0)(413.0, 779.0)(413.0, 794.0)(243.0, 794.0)(243.0, 703.0);GATE
Port:(243.0, 717.5)(253.0, 717.5)(253.0, 779.5)(243.0, 779.5);SD
Port:(421.0, 703.0)(421.0, 779.0)(413.0, 779.0)(413.0, 794.0)(258.0, 794.0)(258.0, 703.0);GATE
Port:(412.0, 713.0)(416.0, 713.0)(416.0, 764.0)(412.0, 764.0);SD
Module:M25
Boundary:(1165.0, 20.0)(1312.5, 20.0)(1312.5, 158.2)(1526.0, 158.2)(1526.0, 199.0)(1165.0, 199.0);GATE
Port:(1179.5, 189.0)(1511.5, 189.0)(1511.5, 199.0)(1179.5, 199.0);SD
Port:(1165.0, 20.0)(1312.5, 20.0)(1312.5, 158.2)(1526.0, 158.2)(1526.0, 184.0)(1165.0, 184.0);GATE
Port:(1175.0, 25.0)(1298.0, 25.0)(1298.0, 29.0)(1175.0, 29.0);SD
Module:M22
Boundary:(1028.0, 246.0)(1175.5, 246.0)(1175.5, 269.0)(1191.0, 269.0)(1191.0, 326.0)(1028.0, 326.0);GATE
Port:(1042.5, 316.0)(1176.5, 316.0)(1176.5, 326.0)(1042.5, 326.0);SD
Port:(1028.0, 246.0)(1175.5, 246.0)(1175.5, 269.0)(1191.0, 269.0)(1191.0, 311.0)(1028.0, 311.0);GATE
Port:(1038.0, 251.0)(1161.0, 251.0)(1161.0, 255.0)(1038.0, 255.0);SD
Module:M17
Boundary:(649.0, 589.0)(649.0, 646.5)(587.6, 646.5)(587.6, 734.0)(471.0, 734.0)(471.0, 589.0);GATE
Port:(471.0, 603.5)(481.0, 603.5)(481.0, 719.5)(471.0, 719.5);SD
Port:(649.0, 589.0)(649.0, 646.5)(587.6, 646.5)(587.6, 734.0)(486.0, 734.0)(486.0, 589.0);GATE
Port:(640.0, 599.0)(644.0, 599.0)(644.0, 632.0)(640.0, 632.0);SD
