Area:(-20.0, -20.0)(1042.6, -20.0)(1042.6, 1233.0)(-20.0, 1233.0)
Rule:GATE(5,5);SD(5,5);GATE_SD(0.5);GATE_ITO(0.5);SD_ITO(0.5)
Module:M14
Boundary:(852.6, 379.6)(899.4, 379.6)(899.4, 425.7)(912.2, 425.7)(912.2, 498.6)(852.6, 498.6);GATE
Port:(865.4, 493.5)(899.4, 493.5)(899.4, 498.6)(865.4, 498.6);SD
Port:(852.6, 379.6)(899.4, 379.6)(899.4, 425.7)(912.2, 425.7)(912.2, 490.8)(852.6, 490.8);GATE
Port:(858.2, 384.2)(892.8, 384.2)(892.8, 390.8)(858.2, 390.8);SD
Module:M9
Boundary:(689.8, 505.9)(771.6, 505.9)(771.6, 584.5)(689.8, 584.5);GATE
Port:(704.2, 580.1)(757.2, 580.1)(757.2, 584.5)(704.2, 584.5);SD
Port:(689.8, 505.9)(771.6, 505.9)(771.6, 577.3)(689.8, 577.3);GATE
Port:(696.3, 511.4)(765.1, 511.4)(765.1, 517.5)(696.3, 517.5);SD
Module:M5
Boundary:(216.6, 1066.4)(216.6, 1175.1)(216.3, 1175.1)(216.3, 1193.0)(20.0, 1193.0)(20.0, 1066.4);GATE
Port:(20.0, 1081.0)(24.1, 1081.0)(24.1, 1178.4)(20.0, 1178.4);SD
Port:(216.6, 1066.4)(216.6, 1175.1)(216.3, 1175.1)(216.3, 1193.0)(26.0, 1193.0)(26.0, 1066.4);GATE
Port:(205.4, 1072.8)(211.2, 1072.8)(211.2, 1168.7)(205.4, 1168.7);SD
Module:M11
Boundary:(918.0, 545.7)(979.7, 545.7)(979.7, 683.9)(918.0, 683.9);GATE
Port:(930.8, 678.1)(966.9, 678.1)(966.9, 683.9)(930.8, 683.9);SD
Port:(918.0, 545.7)(979.7, 545.7)(979.7, 676.6)(918.0, 676.6);GATE
Port:(924.7, 551.4)(973.0, 551.4)(973.0, 556.7)(924.7, 556.7);SD
Module:M1
Boundary:(913.1, 20.0)(1000.5, 20.0)(1000.5, 215.0)(913.1, 215.0);GATE
Port:(928.0, 210.2)(985.6, 210.2)(985.6, 215.0)(928.0, 215.0);SD
Port:(913.1, 20.0)(1000.5, 20.0)(1000.5, 208.1)(913.1, 208.1);GATE
Port:(920.1, 26.0)(993.5, 26.0)(993.5, 32.7)(920.1, 32.7);SD
Module:M43
Boundary:(20.0, 20.0)(121.0, 20.0)(121.0, 20.3)(138.3, 20.3)(138.3, 172.6)(20.0, 172.6);GATE
Port:(31.9, 168.5)(126.4, 168.5)(126.4, 172.6)(31.9, 172.6);SD
Port:(20.0, 20.0)(121.0, 20.0)(121.0, 20.3)(138.3, 20.3)(138.3, 166.2)(20.0, 166.2);GATE
Port:(25.4, 24.4)(115.6, 24.4)(115.6, 28.9)(25.4, 28.9);SD
Module:M38
Boundary:(775.8, 20.0)(858.1, 20.0)(858.1, 105.5)(873.1, 105.5)(873.1, 213.9)(775.8, 213.9);GATE
Port:(788.7, 209.8)(860.2, 209.8)(860.2, 213.9)(788.7, 213.9);SD
Port:(775.8, 20.0)(858.1, 20.0)(858.1, 105.5)(873.1, 105.5)(873.1, 208.3)(775.8, 208.3);GATE
Port:(781.4, 24.6)(851.5, 24.6)(851.5, 30.5)(781.4, 30.5);SD
Module:M40
Boundary:(297.1, 809.5)(297.1, 859.4)(274.4, 859.4)(274.4, 872.7)(195.6, 872.7)(195.6, 809.5);GATE
Port:(195.6, 823.4)(201.1, 823.4)(201.1, 858.8)(195.6, 858.8);SD
Port:(297.1, 809.5)(297.1, 859.4)(274.4, 859.4)(274.4, 872.7)(202.2, 872.7)(202.2, 809.5);GATE
Port:(284.9, 816.3)(291.3, 816.3)(291.3, 851.6)(284.9, 851.6);SD
Module:M35
Boundary:(777.2, 624.5)(777.2, 721.2)(776.7, 721.2)(776.7, 737.1)(590.0, 737.1)(590.0, 624.5);GATE
Port:(590.0, 637.1)(594.9, 637.1)(594.9, 724.5)(590.0, 724.5);SD
Port:(777.2, 624.5)(777.2, 721.2)(776.7, 721.2)(776.7, 737.1)(596.6, 737.1)(596.6, 624.5);GATE
Port:(766.8, 630.4)(772.3, 630.4)(772.3, 715.3)(766.8, 715.3);SD
Module:M32
Boundary:(580.7, 1087.2)(580.7, 1170.6)(520.7, 1170.6)(520.7, 1185.0)(405.5, 1185.0)(405.5, 1087.2);GATE
Port:(405.5, 1101.9)(411.4, 1101.9)(411.4, 1170.3)(405.5, 1170.3);SD
Port:(580.7, 1087.2)(580.7, 1170.6)(520.7, 1170.6)(520.7, 1185.0)(413.7, 1185.0)(413.7, 1087.2);GATE
Port:(568.3, 1094.1)(574.8, 1094.1)(574.8, 1162.7)(568.3, 1162.7);SD
Module:M27
Boundary:(185.6, 579.7)(185.6, 647.6)(185.5, 647.6)(185.5, 664.3)(20.0, 664.3)(20.0, 579.7);GATE
Port:(20.0, 593.1)(25.2, 593.1)(25.2, 650.9)(20.0, 650.9);SD
Port:(185.6, 579.7)(185.6, 647.6)(185.5, 647.6)(185.5, 664.3)(27.4, 664.3)(27.4, 579.7);GATE
Port:(174.2, 584.9)(181.4, 584.9)(181.4, 642.4)(174.2, 642.4);SD
Module:M24
Boundary:(484.9, 663.9)(535.1, 663.9)(535.1, 690.7)(550.0, 690.7)(550.0, 742.2)(484.9, 742.2);GATE
Port:(497.6, 737.5)(537.3, 737.5)(537.3, 742.2)(497.6, 742.2);SD
Port:(484.9, 663.9)(535.1, 663.9)(535.1, 690.7)(550.0, 690.7)(550.0, 735.1)(484.9, 735.1);GATE
Port:(490.8, 668.8)(528.2, 668.8)(528.2, 674.8)(490.8, 674.8);SD
Module:M19
Boundary:(723.8, 248.7)(723.8, 334.2)(723.7, 334.2)(723.7, 348.2)(510.6, 348.2)(510.6, 248.7);GATE
Port:(510.6, 260.4)(516.1, 260.4)(516.1, 336.5)(510.6, 336.5);SD
Port:(723.8, 248.7)(723.8, 334.2)(723.7, 334.2)(723.7, 348.2)(518.7, 348.2)(518.7, 248.7);GATE
Port:(714.0, 254.2)(719.3, 254.2)(719.3, 328.7)(714.0, 328.7);SD
Module:M6
Boundary:(537.9, 20.0)(611.3, 20.0)(611.3, 95.7)(627.5, 95.7)(627.5, 198.7)(537.9, 198.7);GATE
Port:(553.3, 193.9)(612.1, 193.9)(612.1, 198.7)(553.3, 198.7);SD
Port:(537.9, 20.0)(611.3, 20.0)(611.3, 95.7)(627.5, 95.7)(627.5, 191.2)(537.9, 191.2);GATE
Port:(544.9, 26.0)(603.3, 26.0)(603.3, 32.7)(544.9, 32.7);SD
Module:M21
Boundary:(812.6, 398.2)(812.6, 465.9)(689.8, 465.9)(689.8, 398.2);GATE
Port:(689.8, 413.4)(695.6, 413.4)(695.6, 450.7)(689.8, 450.7);SD
Port:(812.6, 398.2)(812.6, 465.9)(698.5, 465.9)(698.5, 398.2);GATE
Port:(799.3, 405.2)(806.6, 405.2)(806.6, 458.9)(799.3, 458.9);SD
Module:M2
Boundary:(20.0, 704.3)(129.3, 704.3)(129.3, 720.6)(145.6, 720.6)(145.6, 890.5)(20.0, 890.5);GATE
Port:(36.5, 886.4)(129.1, 886.4)(129.1, 890.5)(36.5, 890.5);SD
Port:(20.0, 704.3)(129.3, 704.3)(129.3, 720.6)(145.6, 720.6)(145.6, 884.1)(20.0, 884.1);GATE
Port:(26.7, 710.0)(121.6, 710.0)(121.6, 717.5)(26.7, 717.5);SD
Module:M16
Boundary:(20.0, 930.5)(116.0, 930.5)(116.0, 966.5)(130.1, 966.5)(130.1, 1026.4)(20.0, 1026.4);GATE
Port:(33.5, 1021.5)(116.6, 1021.5)(116.6, 1026.4)(33.5, 1026.4);SD
Port:(20.0, 930.5)(116.0, 930.5)(116.0, 966.5)(130.1, 966.5)(130.1, 1019.2)(20.0, 1019.2);GATE
Port:(25.8, 935.3)(109.2, 935.3)(109.2, 942.4)(25.8, 942.4);SD
Module:M13
Boundary:(653.0, 924.7)(653.0, 1037.2)(443.5, 1037.2)(443.5, 924.7);GATE
Port:(443.5, 940.4)(447.7, 940.4)(447.7, 1021.5)(443.5, 1021.5);SD
Port:(653.0, 924.7)(653.0, 1037.2)(450.5, 1037.2)(450.5, 924.7);GATE
Port:(640.7, 931.5)(647.2, 931.5)(647.2, 1030.4)(640.7, 1030.4);SD
Module:M45
Boundary:(801.7, 798.9)(858.8, 798.9)(858.8, 799.1)(878.0, 799.1)(878.0, 930.9)(801.7, 930.9);GATE
Port:(816.9, 926.6)(862.8, 926.6)(862.8, 930.9)(816.9, 930.9);SD
Port:(801.7, 798.9)(858.8, 798.9)(858.8, 799.1)(878.0, 799.1)(878.0, 923.7)(801.7, 923.7);GATE
Port:(806.7, 802.9)(853.8, 802.9)(853.8, 810.7)(806.7, 810.7);SD
Module:M10
Boundary:(634.5, 782.2)(634.5, 871.8)(621.3, 871.8)(621.3, 884.7)(482.9, 884.7)(482.9, 782.2);GATE
Port:(482.9, 795.3)(487.7, 795.3)(487.7, 871.6)(482.9, 871.6);SD
Port:(634.5, 782.2)(634.5, 871.8)(621.3, 871.8)(621.3, 884.7)(488.8, 884.7)(488.8, 782.2);GATE
Port:(623.4, 788.3)(629.4, 788.3)(629.4, 864.7)(623.4, 864.7);SD
Module:M42
Boundary:(831.9, 1091.6)(831.9, 1176.7)(761.6, 1176.7)(761.6, 1189.1)(630.7, 1189.1)(630.7, 1091.6);GATE
Port:(630.7, 1103.7)(636.6, 1103.7)(636.6, 1177.0)(630.7, 1177.0);SD
Port:(831.9, 1091.6)(831.9, 1176.7)(761.6, 1176.7)(761.6, 1189.1)(639.0, 1189.1)(639.0, 1091.6);GATE
Port:(821.8, 1098.5)(826.0, 1098.5)(826.0, 1168.8)(821.8, 1168.8);SD
Module:M37
Boundary:(817.2, 538.6)(877.9, 538.6)(877.9, 758.9)(817.2, 758.9);GATE
Port:(830.1, 754.8)(865.0, 754.8)(865.0, 758.9)(830.1, 758.9);SD
Port:(817.2, 538.6)(877.9, 538.6)(877.9, 752.9)(817.2, 752.9);GATE
Port:(822.4, 542.8)(872.7, 542.8)(872.7, 549.6)(822.4, 549.6);SD
Module:M34
Boundary:(587.3, 398.2)(636.7, 398.2)(636.7, 429.3)(649.8, 429.3)(649.8, 580.1)(587.3, 580.1);GATE
Port:(600.8, 574.2)(636.3, 574.2)(636.3, 580.1)(600.8, 580.1);SD
Port:(587.3, 398.2)(636.7, 398.2)(636.7, 429.3)(649.8, 429.3)(649.8, 572.2)(587.3, 572.2);GATE
Port:(594.3, 404.2)(628.7, 404.2)(628.7, 409.8)(594.3, 409.8);SD
Module:M29
Boundary:(353.4, 153.5)(353.4, 195.8)(353.3, 195.8)(353.3, 208.8)(178.3, 208.8)(178.3, 153.5);GATE
Port:(178.3, 165.0)(182.6, 165.0)(182.6, 197.3)(178.3, 197.3);SD
Port:(353.4, 153.5)(353.4, 195.8)(353.3, 195.8)(353.3, 208.8)(185.6, 208.8)(185.6, 153.5);GATE
Port:(343.7, 158.7)(349.2, 158.7)(349.2, 190.6)(343.7, 190.6);SD
Module:M7
Boundary:(348.4, 421.7)(348.4, 502.2)(348.0, 502.2)(348.0, 518.1)(182.2, 518.1)(182.2, 421.7);GATE
Port:(182.2, 434.8)(186.3, 434.8)(186.3, 505.0)(182.2, 505.0);SD
Port:(348.4, 421.7)(348.4, 502.2)(348.0, 502.2)(348.0, 518.1)(189.2, 518.1)(189.2, 421.7);GATE
Port:(338.3, 427.8)(343.3, 427.8)(343.3, 496.1)(338.3, 496.1);SD
Module:M31
Boundary:(918.0, 723.9)(980.7, 723.9)(980.7, 724.0)(996.5, 724.0)(996.5, 949.0)(918.0, 949.0);GATE
Port:(930.0, 944.9)(984.5, 944.9)(984.5, 949.0)(930.0, 949.0);SD
Port:(918.0, 723.9)(980.7, 723.9)(980.7, 724.0)(996.5, 724.0)(996.5, 942.0)(918.0, 942.0);GATE
Port:(923.1, 728.0)(975.6, 728.0)(975.6, 733.9)(923.1, 733.9);SD
Module:M3
Boundary:(667.5, 20.0)(735.8, 20.0)(735.8, 196.0)(667.5, 196.0);GATE
Port:(681.9, 190.8)(721.4, 190.8)(721.4, 196.0)(681.9, 196.0);SD
Port:(667.5, 20.0)(735.8, 20.0)(735.8, 188.4)(667.5, 188.4);GATE
Port:(673.7, 25.2)(729.6, 25.2)(729.6, 32.7)(673.7, 32.7);SD
Module:M26
Boundary:(337.4, 258.8)(337.4, 357.2)(249.5, 357.2)(249.5, 371.7)(136.5, 371.7)(136.5, 258.8);GATE
Port:(136.5, 272.8)(142.4, 272.8)(142.4, 357.7)(136.5, 357.7);SD
Port:(337.4, 258.8)(337.4, 357.2)(249.5, 357.2)(249.5, 371.7)(143.9, 371.7)(143.9, 258.8);GATE
Port:(325.2, 265.0)(332.2, 265.0)(332.2, 350.0)(325.2, 350.0);SD
Module:M23
Boundary:(484.9, 398.2)(547.3, 398.2)(547.3, 623.9)(484.9, 623.9);GATE
Port:(497.5, 618.0)(534.7, 618.0)(534.7, 623.9)(497.5, 623.9);SD
Port:(484.9, 398.2)(547.3, 398.2)(547.3, 616.6)(484.9, 616.6);GATE
Port:(490.2, 402.5)(542.0, 402.5)(542.0, 407.9)(490.2, 407.9);SD
Module:M18
Boundary:(347.9, 30.0)(347.9, 90.8)(293.6, 90.8)(293.6, 103.5)(188.3, 103.5)(188.3, 30.0);GATE
Port:(188.3, 43.1)(193.0, 43.1)(193.0, 90.4)(188.3, 90.4);SD
Port:(347.9, 30.0)(347.9, 90.8)(293.6, 90.8)(293.6, 103.5)(194.7, 103.5)(194.7, 30.0);GATE
Port:(337.0, 36.9)(342.0, 36.9)(342.0, 82.9)(337.0, 82.9);SD
Module:M20
Boundary:(256.6, 1063.8)(339.5, 1063.8)(339.5, 1073.8)(355.5, 1073.8)(355.5, 1182.7)(256.6, 1182.7);GATE
Port:(268.2, 1178.2)(343.9, 1178.2)(343.9, 1182.7)(268.2, 1182.7);SD
Port:(256.6, 1063.8)(339.5, 1063.8)(339.5, 1073.8)(355.5, 1073.8)(355.5, 1175.7)(256.6, 1175.7);GATE
Port:(261.9, 1068.1)(333.2, 1068.1)(333.2, 1072.4)(261.9, 1072.4);SD
Module:M15
Boundary:(985.3, 255.0)(985.3, 339.6)(775.8, 339.6)(775.8, 255.0);GATE
Port:(775.8, 269.1)(780.0, 269.1)(780.0, 325.5)(775.8, 325.5);SD
Port:(985.3, 255.0)(985.3, 339.6)(781.1, 339.6)(781.1, 255.0);GATE
Port:(974.2, 260.7)(980.6, 260.7)(980.6, 333.9)(974.2, 333.9);SD
Module:M12
Boundary:(20.0, 212.6)(71.6, 212.6)(71.6, 273.1)(86.5, 273.1)(86.5, 357.3)(20.0, 357.3);GATE
Port:(33.9, 351.8)(72.6, 351.8)(72.6, 357.3)(33.9, 357.3);SD
Port:(20.0, 212.6)(71.6, 212.6)(71.6, 273.1)(86.5, 273.1)(86.5, 350.5)(20.0, 350.5);GATE
Port:(26.3, 217.9)(64.3, 217.9)(64.3, 223.6)(26.3, 223.6);SD
Module:M44
Boundary:(347.5, 558.1)(415.2, 558.1)(415.2, 672.0)(428.6, 672.0)(428.6, 773.6)(347.5, 773.6);GATE
Port:(361.2, 769.2)(414.9, 769.2)(414.9, 773.6)(361.2, 773.6);SD
Port:(347.5, 558.1)(415.2, 558.1)(415.2, 672.0)(428.6, 672.0)(428.6, 766.6)(347.5, 766.6);GATE
Port:(353.3, 562.9)(407.4, 562.9)(407.4, 570.2)(353.3, 570.2);SD
Module:M39
Boundary:(899.8, 999.0)(992.9, 999.0)(992.9, 1176.1)(899.8, 1176.1);GATE
Port:(915.0, 1170.4)(977.7, 1170.4)(977.7, 1176.1)(915.0, 1176.1);SD
Port:(899.8, 999.0)(992.9, 999.0)(992.9, 1168.9)(899.8, 1168.9);GATE
Port:(905.2, 1003.4)(987.5, 1003.4)(987.5, 1011.2)(905.2, 1011.2);SD
Module:M8
Boundary:(693.0, 777.1)(749.8, 777.1)(749.8, 858.3)(761.7, 858.3)(761.7, 916.4)(693.0, 916.4);GATE
Port:(704.7, 912.4)(750.0, 912.4)(750.0, 916.4)(704.7, 916.4);SD
Port:(693.0, 777.1)(749.8, 777.1)(749.8, 858.3)(761.7, 858.3)(761.7, 910.3)(693.0, 910.3);GATE
Port:(699.2, 782.3)(742.6, 782.3)(742.6, 787.2)(699.2, 787.2);SD
Module:M41
Boundary:(393.4, 323.3)(428.2, 323.3)(428.2, 323.3)(444.9, 323.3)(444.9, 507.7)(393.4, 507.7);GATE
Port:(407.1, 502.7)(431.2, 502.7)(431.2, 507.7)(407.1, 507.7);SD
Port:(393.4, 323.3)(428.2, 323.3)(428.2, 323.3)(444.9, 323.3)(444.9, 500.3)(393.4, 500.3);GATE
Port:(398.8, 327.7)(422.8, 327.7)(422.8, 334.0)(398.8, 334.0);SD
Module:M4
Boundary:(403.5, 922.7)(403.5, 1010.9)(326.3, 1010.9)(326.3, 1023.8)(185.6, 1023.8)(185.6, 922.7);GATE
Port:(185.6, 935.2)(190.0, 935.2)(190.0, 1011.3)(185.6, 1011.3);SD
Port:(403.5, 922.7)(403.5, 1010.9)(326.3, 1010.9)(326.3, 1023.8)(192.9, 1023.8)(192.9, 922.7);GATE
Port:(392.8, 929.2)(398.0, 929.2)(398.0, 1003.4)(392.8, 1003.4);SD
Module:M36
Boundary:(397.9, 133.5)(446.9, 133.5)(446.9, 146.1)(460.6, 146.1)(460.6, 283.3)(397.9, 283.3);GATE
Port:(411.4, 279.1)(447.1, 279.1)(447.1, 283.3)(411.4, 283.3);SD
Port:(397.9, 133.5)(446.9, 133.5)(446.9, 146.1)(460.6, 146.1)(460.6, 276.2)(397.9, 276.2);GATE
Port:(403.8, 138.4)(440.0, 138.4)(440.0, 145.0)(403.8, 145.0);SD
Module:M33
Boundary:(142.2, 421.7)(142.2, 522.8)(142.1, 522.8)(142.1, 539.7)(20.0, 539.7)(20.0, 421.7);GATE
Port:(20.0, 434.9)(24.2, 434.9)(24.2, 526.5)(20.0, 526.5);SD
Port:(142.2, 421.7)(142.2, 522.8)(142.1, 522.8)(142.1, 539.7)(26.0, 539.7)(26.0, 421.7);GATE
Port:(132.2, 427.1)(137.8, 427.1)(137.8, 517.4)(132.2, 517.4);SD
Module:M28
Boundary:(225.6, 558.1)(292.5, 558.1)(292.5, 628.2)(307.5, 628.2)(307.5, 759.5)(225.6, 759.5);GATE
Port:(239.0, 753.9)(294.1, 753.9)(294.1, 759.5)(239.0, 759.5);SD
Port:(225.6, 558.1)(292.5, 558.1)(292.5, 628.2)(307.5, 628.2)(307.5, 750.9)(225.6, 750.9);GATE
Port:(232.5, 564.0)(284.6, 564.0)(284.6, 568.8)(232.5, 568.8);SD
Module:M30
Boundary:(497.9, 20.0)(497.9, 80.0)(444.3, 80.0)(444.3, 93.5)(397.9, 93.5)(397.9, 20.0);GATE
Port:(397.9, 32.0)(402.7, 32.0)(402.7, 81.5)(397.9, 81.5);SD
Port:(497.9, 20.0)(497.9, 80.0)(444.3, 80.0)(444.3, 93.5)(404.0, 93.5)(404.0, 20.0);GATE
Port:(488.6, 25.5)(493.4, 25.5)(493.4, 73.5)(488.6, 73.5);SD
Module:M25
Boundary:(952.2, 379.6)(1002.6, 379.6)(1002.6, 505.7)(952.2, 505.7);GATE
Port:(966.0, 501.7)(988.8, 501.7)(988.8, 505.7)(966.0, 505.7);SD
Port:(952.2, 379.6)(1002.6, 379.6)(1002.6, 499.8)(952.2, 499.8);GATE
Port:(957.4, 383.8)(997.4, 383.8)(997.4, 390.0)(957.4, 390.0);SD
Module:M22
Boundary:(442.9, 813.6)(442.9, 866.4)(435.9, 866.4)(435.9, 882.7)(347.1, 882.7)(347.1, 813.6);GATE
Port:(347.1, 827.5)(352.3, 827.5)(352.3, 868.8)(347.1, 868.8);SD
Port:(442.9, 813.6)(442.9, 866.4)(435.9, 866.4)(435.9, 882.7)(353.6, 882.7)(353.6, 813.6);GATE
Port:(432.3, 818.9)(438.6, 818.9)(438.6, 860.1)(432.3, 860.1);SD
Module:M17
Boundary:(839.8, 980.9)(839.8, 1026.7)(839.8, 1026.7)(839.8, 1041.6)(703.0, 1041.6)(703.0, 980.9);GATE
Port:(703.0, 992.8)(707.3, 992.8)(707.3, 1029.7)(703.0, 1029.7);SD
Port:(839.8, 980.9)(839.8, 1026.7)(839.8, 1026.7)(839.8, 1041.6)(709.1, 1041.6)(709.1, 980.9);GATE
Port:(830.3, 986.2)(835.5, 986.2)(835.5, 1021.4)(830.3, 1021.4);SD
