Area:(-20.0, -20.0)(1636.0, -20.0)(1636.0, 912.0)(-20.0, 912.0)
Rule:GATE(5,5);SD(5,5);GATE_SD(0.5);GATE_ITO(0.5);SD_ITO(0.5)
Module:M14
Boundary:(1304.0, 510.0)(1397.5, 510.0)(1397.5, 618.5)(1593.0, 618.5)(1593.0, 687.0)(1304.0, 687.0);GATE
Port:(1318.5, 677.0)(1578.5, 677.0)(1578.5, 687.0)(1318.5, 687.0);SD
Port:(1304.0, 510.0)(1397.5, 510.0)(1397.5, 618.5)(1593.0, 618.5)(1593.0, 672.0)(1304.0, 672.0);GATE
Port:(1314.0, 515.0)(1383.0, 515.0)(1383.0, 519.0)(1314.0, 519.0);SD
Module:M9
Boundary:(1186.0, 20.0)(1262.0, 20.0)(1262.0, 28.0)(1277.0, 28.0)(1277.0, 180.0)(1186.0, 180.0);GATE
Port:(1200.5, 170.0)(1262.5, 170.0)(1262.5, 180.0)(1200.5, 180.0);SD
Port:(1186.0, 20.0)(1262.0, 20.0)(1262.0, 28.0)(1277.0, 28.0)(1277.0, 165.0)(1186.0, 165.0);GATE
Port:(1196.0, 25.0)(1247.0, 25.0)(1247.0, 29.0)(1196.0, 29.0);SD
Module:M5
Boundary:(20.0, 192.0)(96.0, 192.0)(96.0, 200.0)(111.0, 200.0)(111.0, 367.0)(20.0, 367.0);GATE
Port:(34.5, 357.0)(96.5, 357.0)(96.5, 367.0)(34.5, 367.0);SD
Port:(20.0, 192.0)(96.0, 192.0)(96.0, 200.0)(111.0, 200.0)(111.0, 352.0)(20.0, 352.0);GATE
Port:(30.0, 197.0)(81.0, 197.0)(81.0, 201.0)(30.0, 201.0);SD
Module:M11
Boundary:(240.0, 547.0)(240.0, 623.0)(232.0, 623.0)(232.0, 638.0)(166.0, 638.0)(166.0, 547.0);GATE
Port:(166.0, 561.5)(176.0, 561.5)(176.0, 623.5)(166.0, 623.5);SD
Port:(240.0, 547.0)(240.0, 623.0)(232.0, 623.0)(232.0, 638.0)(181.0, 638.0)(181.0, 547.0);GATE
Port:(231.0, 557.0)(235.0, 557.0)(235.0, 608.0)(231.0, 608.0);SD
Module:M1
Boundary:(1464.0, 727.0)(1464.0, 838.5)(1396.0, 838.5)(1396.0, 872.0)(1315.0, 872.0)(1315.0, 727.0);GATE
Port:(1315.0, 741.5)(1325.0, 741.5)(1325.0, 857.5)(1315.0, 857.5);SD
Port:(1464.0, 727.0)(1464.0, 838.5)(1396.0, 838.5)(1396.0, 872.0)(1330.0, 872.0)(1330.0, 727.0);GATE
Port:(1455.0, 737.0)(1459.0, 737.0)(1459.0, 824.0)(1455.0, 824.0);SD
Module:M43
Boundary:(1406.0, 224.0)(1406.0, 300.0)(1398.0, 300.0)(1398.0, 315.0)(1294.0, 315.0)(1294.0, 224.0);GATE
Port:(1294.0, 238.5)(1304.0, 238.5)(1304.0, 300.5)(1294.0, 300.5);SD
Port:(1406.0, 224.0)(1406.0, 300.0)(1398.0, 300.0)(1398.0, 315.0)(1309.0, 315.0)(1309.0, 224.0);GATE
Port:(1397.0, 234.0)(1401.0, 234.0)(1401.0, 285.0)(1397.0, 285.0);SD
Module:M38
Boundary:(820.0, 385.0)(820.0, 461.0)(812.0, 461.0)(812.0, 476.0)(684.0, 476.0)(684.0, 385.0);GATE
Port:(684.0, 399.5)(694.0, 399.5)(694.0, 461.5)(684.0, 461.5);SD
Port:(820.0, 385.0)(820.0, 461.0)(812.0, 461.0)(812.0, 476.0)(699.0, 476.0)(699.0, 385.0);GATE
Port:(811.0, 395.0)(815.0, 395.0)(815.0, 446.0)(811.0, 446.0);SD
Module:M40
Boundary:(102.0, 735.0)(102.0, 846.5)(90.0, 846.5)(90.0, 862.0)(30.0, 862.0)(30.0, 735.0);GATE
Port:(30.0, 749.5)(40.0, 749.5)(40.0, 847.5)(30.0, 847.5);SD
Port:(102.0, 735.0)(102.0, 846.5)(90.0, 846.5)(90.0, 862.0)(45.0, 862.0)(45.0, 735.0);GATE
Port:(93.0, 745.0)(97.0, 745.0)(97.0, 832.0)(93.0, 832.0);SD
Module:M35
Boundary:(1045.0, 20.0)(1045.0, 167.5)(963.8, 167.5)(963.8, 201.0)(869.0, 201.0)(869.0, 20.0);GATE
Port:(869.0, 34.5)(879.0, 34.5)(879.0, 186.5)(869.0, 186.5);SD
Port:(1045.0, 20.0)(1045.0, 167.5)(963.8, 167.5)(963.8, 201.0)(884.0, 201.0)(884.0, 20.0);GATE
Port:(1036.0, 30.0)(1040.0, 30.0)(1040.0, 153.0)(1036.0, 153.0);SD
Module:M32
Boundary:(1589.0, 176.0)(1589.0, 323.5)(1573.0, 323.5)(1573.0, 339.0)(1456.0, 339.0)(1456.0, 176.0);GATE
Port:(1456.0, 190.5)(1466.0, 190.5)(1466.0, 324.5)(1456.0, 324.5);SD
Port:(1589.0, 176.0)(1589.0, 323.5)(1573.0, 323.5)(1573.0, 339.0)(1471.0, 339.0)(1471.0, 176.0);GATE
Port:(1580.0, 186.0)(1584.0, 186.0)(1584.0, 309.0)(1580.0, 309.0);SD
Module:M27
Boundary:(684.0, 20.0)(759.5, 20.0)(759.5, 57.6)(829.0, 57.6)(829.0, 188.0)(684.0, 188.0);GATE
Port:(698.5, 178.0)(814.5, 178.0)(814.5, 188.0)(698.5, 188.0);SD
Port:(684.0, 20.0)(759.5, 20.0)(759.5, 57.6)(829.0, 57.6)(829.0, 173.0)(684.0, 173.0);GATE
Port:(694.0, 25.0)(745.0, 25.0)(745.0, 29.0)(694.0, 29.0);SD
Module:M24
Boundary:(1393.0, 355.0)(1393.0, 448.5)(1378.0, 448.5)(1378.0, 464.0)(1294.0, 464.0)(1294.0, 355.0);GATE
Port:(1294.0, 369.5)(1304.0, 369.5)(1304.0, 449.5)(1294.0, 449.5);SD
Port:(1393.0, 355.0)(1393.0, 448.5)(1378.0, 448.5)(1378.0, 464.0)(1309.0, 464.0)(1309.0, 355.0);GATE
Port:(1384.0, 365.0)(1388.0, 365.0)(1388.0, 434.0)(1384.0, 434.0);SD
Module:M19
Boundary:(116.0, 548.0)(116.0, 659.5)(104.0, 659.5)(104.0, 675.0)(30.0, 675.0)(30.0, 548.0);GATE
Port:(30.0, 562.5)(40.0, 562.5)(40.0, 660.5)(30.0, 660.5);SD
Port:(116.0, 548.0)(116.0, 659.5)(104.0, 659.5)(104.0, 675.0)(45.0, 675.0)(45.0, 548.0);GATE
Port:(107.0, 558.0)(111.0, 558.0)(111.0, 645.0)(107.0, 645.0);SD
Module:M6
Boundary:(1047.0, 665.0)(1047.0, 738.0)(866.0, 738.0)(866.0, 665.0);GATE
Port:(866.0, 679.5)(876.0, 679.5)(876.0, 723.5)(866.0, 723.5);SD
Port:(1047.0, 665.0)(1047.0, 738.0)(881.0, 738.0)(881.0, 665.0);GATE
Port:(1038.0, 675.0)(1042.0, 675.0)(1042.0, 728.0)(1038.0, 728.0);SD
Module:M21
Boundary:(499.0, 301.0)(592.5, 301.0)(592.5, 361.3)(644.0, 361.3)(644.0, 416.0)(499.0, 416.0);GATE
Port:(513.5, 406.0)(629.5, 406.0)(629.5, 416.0)(513.5, 416.0);SD
Port:(499.0, 301.0)(592.5, 301.0)(592.5, 361.3)(644.0, 361.3)(644.0, 401.0)(499.0, 401.0);GATE
Port:(509.0, 306.0)(578.0, 306.0)(578.0, 310.0)(509.0, 310.0);SD
Module:M2
Boundary:(152.0, 800.0)(263.5, 800.0)(263.5, 826.0)(297.0, 826.0)(297.0, 866.0)(152.0, 866.0);GATE
Port:(166.5, 856.0)(282.5, 856.0)(282.5, 866.0)(166.5, 866.0);SD
Port:(152.0, 800.0)(263.5, 800.0)(263.5, 826.0)(297.0, 826.0)(297.0, 851.0)(152.0, 851.0);GATE
Port:(162.0, 805.0)(249.0, 805.0)(249.0, 809.0)(162.0, 809.0);SD
Module:M16
Boundary:(1069.0, 241.0)(1069.0, 314.0)(869.0, 314.0)(869.0, 241.0);GATE
Port:(869.0, 255.5)(879.0, 255.5)(879.0, 299.5)(869.0, 299.5);SD
Port:(1069.0, 241.0)(1069.0, 314.0)(884.0, 314.0)(884.0, 241.0);GATE
Port:(1060.0, 251.0)(1064.0, 251.0)(1064.0, 304.0)(1060.0, 304.0);SD
Module:M13
Boundary:(223.0, 20.0)(352.5, 20.0)(352.5, 75.7)(440.0, 75.7)(440.0, 137.0)(223.0, 137.0);GATE
Port:(237.5, 127.0)(425.5, 127.0)(425.5, 137.0)(237.5, 137.0);SD
Port:(223.0, 20.0)(352.5, 20.0)(352.5, 75.7)(440.0, 75.7)(440.0, 122.0)(223.0, 122.0);GATE
Port:(233.0, 25.0)(338.0, 25.0)(338.0, 29.0)(233.0, 29.0);SD
Module:M45
Boundary:(20.0, 20.0)(149.5, 20.0)(149.5, 78.2)(183.0, 78.2)(183.0, 152.0)(20.0, 152.0);GATE
Port:(34.5, 142.0)(168.5, 142.0)(168.5, 152.0)(34.5, 152.0);SD
Port:(20.0, 20.0)(149.5, 20.0)(149.5, 78.2)(183.0, 78.2)(183.0, 137.0)(20.0, 137.0);GATE
Port:(30.0, 25.0)(135.0, 25.0)(135.0, 29.0)(30.0, 29.0);SD
Module:M10
Boundary:(684.0, 228.0)(813.5, 228.0)(813.5, 242.0)(829.0, 242.0)(829.0, 345.0)(684.0, 345.0);GATE
Port:(698.5, 335.0)(814.5, 335.0)(814.5, 345.0)(698.5, 345.0);SD
Port:(684.0, 228.0)(813.5, 228.0)(813.5, 242.0)(829.0, 242.0)(829.0, 330.0)(684.0, 330.0);GATE
Port:(694.0, 233.0)(799.0, 233.0)(799.0, 237.0)(694.0, 237.0);SD
Module:M42
Boundary:(1594.0, 727.0)(1594.0, 838.5)(1582.0, 838.5)(1582.0, 854.0)(1504.0, 854.0)(1504.0, 727.0);GATE
Port:(1504.0, 741.5)(1514.0, 741.5)(1514.0, 839.5)(1504.0, 839.5);SD
Port:(1594.0, 727.0)(1594.0, 838.5)(1582.0, 838.5)(1582.0, 854.0)(1519.0, 854.0)(1519.0, 727.0);GATE
Port:(1585.0, 737.0)(1589.0, 737.0)(1589.0, 824.0)(1585.0, 824.0);SD
Module:M37
Boundary:(400.0, 547.0)(400.0, 623.0)(392.0, 623.0)(392.0, 638.0)(280.0, 638.0)(280.0, 547.0);GATE
Port:(280.0, 561.5)(290.0, 561.5)(290.0, 623.5)(280.0, 623.5);SD
Port:(400.0, 547.0)(400.0, 623.0)(392.0, 623.0)(392.0, 638.0)(295.0, 638.0)(295.0, 547.0);GATE
Port:(391.0, 557.0)(395.0, 557.0)(395.0, 608.0)(391.0, 608.0);SD
Module:M34
Boundary:(459.0, 177.0)(459.0, 324.5)(443.0, 324.5)(443.0, 340.0)(278.0, 340.0)(278.0, 177.0);GATE
Port:(278.0, 191.5)(288.0, 191.5)(288.0, 325.5)(278.0, 325.5);SD
Port:(459.0, 177.0)(459.0, 324.5)(443.0, 324.5)(443.0, 340.0)(293.0, 340.0)(293.0, 177.0);GATE
Port:(450.0, 187.0)(454.0, 187.0)(454.0, 310.0)(450.0, 310.0);SD
Module:M29
Boundary:(1317.0, 20.0)(1390.0, 20.0)(1390.0, 184.0)(1317.0, 184.0);GATE
Port:(1331.5, 174.0)(1375.5, 174.0)(1375.5, 184.0)(1331.5, 184.0);SD
Port:(1317.0, 20.0)(1390.0, 20.0)(1390.0, 169.0)(1317.0, 169.0);GATE
Port:(1327.0, 25.0)(1380.0, 25.0)(1380.0, 29.0)(1327.0, 29.0);SD
Module:M7
Boundary:(911.0, 778.0)(911.0, 854.0)(903.0, 854.0)(903.0, 869.0)(851.0, 869.0)(851.0, 778.0);GATE
Port:(851.0, 792.5)(861.0, 792.5)(861.0, 854.5)(851.0, 854.5);SD
Port:(911.0, 778.0)(911.0, 854.0)(903.0, 854.0)(903.0, 869.0)(866.0, 869.0)(866.0, 778.0);GATE
Port:(902.0, 788.0)(906.0, 788.0)(906.0, 839.0)(902.0, 839.0);SD
Module:M31
Boundary:(869.0, 354.0)(1016.5, 354.0)(1016.5, 430.3)(1068.0, 430.3)(1068.0, 490.0)(869.0, 490.0);GATE
Port:(883.5, 480.0)(1053.5, 480.0)(1053.5, 490.0)(883.5, 490.0);SD
Port:(869.0, 354.0)(1016.5, 354.0)(1016.5, 430.3)(1068.0, 430.3)(1068.0, 475.0)(869.0, 475.0);GATE
Port:(879.0, 359.0)(1002.0, 359.0)(1002.0, 363.0)(879.0, 363.0);SD
Module:M3
Boundary:(1146.0, 20.0)(1146.0, 167.5)(1129.0, 167.5)(1129.0, 183.0)(1085.0, 183.0)(1085.0, 20.0);GATE
Port:(1085.0, 34.5)(1095.0, 34.5)(1095.0, 168.5)(1085.0, 168.5);SD
Port:(1146.0, 20.0)(1146.0, 167.5)(1129.0, 167.5)(1129.0, 183.0)(1100.0, 183.0)(1100.0, 20.0);GATE
Port:(1137.0, 30.0)(1141.0, 30.0)(1141.0, 153.0)(1137.0, 153.0);SD
Module:M26
Boundary:(1440.0, 30.0)(1569.5, 30.0)(1569.5, 44.0)(1585.0, 44.0)(1585.0, 116.0)(1440.0, 116.0);GATE
Port:(1454.5, 106.0)(1570.5, 106.0)(1570.5, 116.0)(1454.5, 116.0);SD
Port:(1440.0, 30.0)(1569.5, 30.0)(1569.5, 44.0)(1585.0, 44.0)(1585.0, 101.0)(1440.0, 101.0);GATE
Port:(1450.0, 35.0)(1555.0, 35.0)(1555.0, 39.0)(1450.0, 39.0);SD
Module:M23
Boundary:(499.0, 20.0)(610.5, 20.0)(610.5, 63.2)(644.0, 63.2)(644.0, 124.0)(499.0, 124.0);GATE
Port:(513.5, 114.0)(629.5, 114.0)(629.5, 124.0)(513.5, 124.0);SD
Port:(499.0, 20.0)(610.5, 20.0)(610.5, 63.2)(644.0, 63.2)(644.0, 109.0)(499.0, 109.0);GATE
Port:(509.0, 25.0)(596.0, 25.0)(596.0, 29.0)(509.0, 29.0);SD
Module:M18
Boundary:(604.0, 466.0)(604.0, 577.5)(557.8, 577.5)(557.8, 629.0)(450.0, 629.0)(450.0, 466.0);GATE
Port:(450.0, 480.5)(460.0, 480.5)(460.0, 614.5)(450.0, 614.5);SD
Port:(604.0, 466.0)(604.0, 577.5)(557.8, 577.5)(557.8, 629.0)(465.0, 629.0)(465.0, 466.0);GATE
Port:(595.0, 476.0)(599.0, 476.0)(599.0, 563.0)(595.0, 563.0);SD
Module:M20
Boundary:(499.0, 164.0)(628.5, 164.0)(628.5, 178.0)(644.0, 178.0)(644.0, 261.0)(499.0, 261.0);GATE
Port:(513.5, 251.0)(629.5, 251.0)(629.5, 261.0)(513.5, 261.0);SD
Port:(499.0, 164.0)(628.5, 164.0)(628.5, 178.0)(644.0, 178.0)(644.0, 246.0)(499.0, 246.0);GATE
Port:(509.0, 169.0)(614.0, 169.0)(614.0, 173.0)(509.0, 173.0);SD
Module:M15
Boundary:(1433.0, 389.0)(1562.5, 389.0)(1562.5, 421.7)(1596.0, 421.7)(1596.0, 470.0)(1433.0, 470.0);GATE
Port:(1447.5, 460.0)(1581.5, 460.0)(1581.5, 470.0)(1447.5, 470.0);SD
Port:(1433.0, 389.0)(1562.5, 389.0)(1562.5, 421.7)(1596.0, 421.7)(1596.0, 455.0)(1433.0, 455.0);GATE
Port:(1443.0, 394.0)(1548.0, 394.0)(1548.0, 398.0)(1443.0, 398.0);SD
Module:M12
Boundary:(166.0, 678.0)(277.5, 678.0)(277.5, 695.0)(293.0, 695.0)(293.0, 760.0)(166.0, 760.0);GATE
Port:(180.5, 750.0)(278.5, 750.0)(278.5, 760.0)(180.5, 760.0);SD
Port:(166.0, 678.0)(277.5, 678.0)(277.5, 695.0)(293.0, 695.0)(293.0, 745.0)(166.0, 745.0);GATE
Port:(176.0, 683.0)(263.0, 683.0)(263.0, 687.0)(176.0, 687.0);SD
Module:M44
Boundary:(869.0, 530.0)(980.5, 530.0)(980.5, 572.0)(1068.0, 572.0)(1068.0, 625.0)(869.0, 625.0);GATE
Port:(883.5, 615.0)(1053.5, 615.0)(1053.5, 625.0)(883.5, 625.0);SD
Port:(869.0, 530.0)(980.5, 530.0)(980.5, 572.0)(1068.0, 572.0)(1068.0, 610.0)(869.0, 610.0);GATE
Port:(879.0, 535.0)(966.0, 535.0)(966.0, 539.0)(879.0, 539.0);SD
Module:M39
Boundary:(1244.0, 233.0)(1244.0, 308.5)(1165.1, 308.5)(1165.1, 504.0)(1119.0, 504.0)(1119.0, 233.0);GATE
Port:(1119.0, 247.5)(1129.0, 247.5)(1129.0, 489.5)(1119.0, 489.5);SD
Port:(1244.0, 233.0)(1244.0, 308.5)(1165.1, 308.5)(1165.1, 504.0)(1134.0, 504.0)(1134.0, 233.0);GATE
Port:(1235.0, 243.0)(1239.0, 243.0)(1239.0, 294.0)(1235.0, 294.0);SD
Module:M8
Boundary:(238.0, 192.0)(238.0, 303.5)(226.0, 303.5)(226.0, 319.0)(151.0, 319.0)(151.0, 192.0);GATE
Port:(151.0, 206.5)(161.0, 206.5)(161.0, 304.5)(151.0, 304.5);SD
Port:(238.0, 192.0)(238.0, 303.5)(226.0, 303.5)(226.0, 319.0)(166.0, 319.0)(166.0, 192.0);GATE
Port:(229.0, 202.0)(233.0, 202.0)(233.0, 289.0)(229.0, 289.0);SD
Module:M41
Boundary:(337.0, 679.0)(430.5, 679.0)(430.5, 689.0)(446.0, 689.0)(446.0, 867.0)(337.0, 867.0);GATE
Port:(351.5, 857.0)(431.5, 857.0)(431.5, 867.0)(351.5, 867.0);SD
Port:(337.0, 679.0)(430.5, 679.0)(430.5, 689.0)(446.0, 689.0)(446.0, 852.0)(337.0, 852.0);GATE
Port:(347.0, 684.0)(416.0, 684.0)(416.0, 688.0)(347.0, 688.0);SD
Module:M4
Boundary:(486.0, 683.0)(615.5, 683.0)(615.5, 812.4)(811.0, 812.4)(811.0, 869.0)(486.0, 869.0);GATE
Port:(500.5, 859.0)(796.5, 859.0)(796.5, 869.0)(500.5, 869.0);SD
Port:(486.0, 683.0)(615.5, 683.0)(615.5, 812.4)(811.0, 812.4)(811.0, 854.0)(486.0, 854.0);GATE
Port:(496.0, 688.0)(601.0, 688.0)(601.0, 692.0)(496.0, 692.0);SD
Module:M36
Boundary:(1264.0, 554.0)(1264.0, 627.0)(1109.0, 627.0)(1109.0, 554.0);GATE
Port:(1109.0, 568.5)(1119.0, 568.5)(1119.0, 612.5)(1109.0, 612.5);SD
Port:(1264.0, 554.0)(1264.0, 627.0)(1124.0, 627.0)(1124.0, 554.0);GATE
Port:(1255.0, 564.0)(1259.0, 564.0)(1259.0, 617.0)(1255.0, 617.0);SD
Module:M33
Boundary:(1087.0, 667.0)(1160.0, 667.0)(1160.0, 738.0)(1087.0, 738.0);GATE
Port:(1101.5, 728.0)(1145.5, 728.0)(1145.5, 738.0)(1101.5, 738.0);SD
Port:(1087.0, 667.0)(1160.0, 667.0)(1160.0, 723.0)(1087.0, 723.0);GATE
Port:(1097.0, 672.0)(1150.0, 672.0)(1150.0, 676.0)(1097.0, 676.0);SD
Module:M28
Boundary:(1202.0, 727.0)(1275.0, 727.0)(1275.0, 863.0)(1202.0, 863.0);GATE
Port:(1216.5, 853.0)(1260.5, 853.0)(1260.5, 863.0)(1216.5, 863.0);SD
Port:(1202.0, 727.0)(1275.0, 727.0)(1275.0, 848.0)(1202.0, 848.0);GATE
Port:(1212.0, 732.0)(1265.0, 732.0)(1265.0, 736.0)(1212.0, 736.0);SD
Module:M30
Boundary:(360.0, 380.0)(360.0, 491.5)(348.0, 491.5)(348.0, 507.0)(175.0, 507.0)(175.0, 380.0);GATE
Port:(175.0, 394.5)(185.0, 394.5)(185.0, 492.5)(175.0, 492.5);SD
Port:(360.0, 380.0)(360.0, 491.5)(348.0, 491.5)(348.0, 507.0)(190.0, 507.0)(190.0, 380.0);GATE
Port:(351.0, 390.0)(355.0, 390.0)(355.0, 477.0)(351.0, 477.0);SD
Module:M25
Boundary:(135.0, 407.0)(135.0, 483.0)(127.0, 483.0)(127.0, 498.0)(20.0, 498.0)(20.0, 407.0);GATE
Port:(20.0, 421.5)(30.0, 421.5)(30.0, 483.5)(20.0, 483.5);SD
Port:(135.0, 407.0)(135.0, 483.0)(127.0, 483.0)(127.0, 498.0)(35.0, 498.0)(35.0, 407.0);GATE
Port:(126.0, 417.0)(130.0, 417.0)(130.0, 468.0)(126.0, 468.0);SD
Module:M22
Boundary:(826.0, 516.0)(826.0, 591.5)(775.2, 591.5)(775.2, 643.0)(654.0, 643.0)(654.0, 516.0);GATE
Port:(654.0, 530.5)(664.0, 530.5)(664.0, 628.5)(654.0, 628.5);SD
Port:(826.0, 516.0)(826.0, 591.5)(775.2, 591.5)(775.2, 643.0)(669.0, 643.0)(669.0, 516.0);GATE
Port:(817.0, 526.0)(821.0, 526.0)(821.0, 577.0)(817.0, 577.0);SD
Module:M17
Boundary:(1152.0, 788.0)(1152.0, 861.0)(961.0, 861.0)(961.0, 788.0);GATE
Port:(961.0, 802.5)(971.0, 802.5)(971.0, 846.5)(961.0, 846.5);SD
Port:(1152.0, 788.0)(1152.0, 861.0)(976.0, 861.0)(976.0, 788.0);GATE
Port:(1143.0, 798.0)(1147.0, 798.0)(1147.0, 851.0)(1143.0, 851.0);SD
