Area:(-17.3, -5.4)(503.0, -5.4)(503.0, 361.6)(-17.3, 361.6)
Rule:GATE(5,5);SD(5,5);GATE_SD(0.5);GATE_ITO(0.5);SD_ITO(0.5)
Module:M2
Boundary:(175.5, 138.4)(305.0, 138.4)(305.0, 124.5)(320.5, 124.5)(320.5, 46.5)(175.5, 46.5);GATE
Port:(190.0, 46.5)(306.0, 46.5)(306.0, 56.5)(190.0, 56.5);SD
Port:(175.5, 138.4)(305.0, 138.4)(305.0, 124.5)(320.5, 124.5)(320.5, 61.5)(175.5, 61.5);GATE
Port:(185.5, 129.4)(290.5, 129.4)(290.5, 133.4)(185.5, 133.4);SD
Module:M1
Boundary:(145.7, 34.8)(52.2, 34.8)(52.2, 44.8)(36.7, 44.8)(36.7, 156.8)(145.7, 156.8);GATE
Port:(51.2, 146.8)(131.2, 146.8)(131.2, 156.8)(51.2, 156.8);SD
Port:(145.7, 34.8)(52.2, 34.8)(52.2, 44.8)(36.7, 44.8)(36.7, 141.8)(145.7, 141.8);GATE
Port:(66.7, 39.8)(135.7, 39.8)(135.7, 43.8)(66.7, 43.8);SD
Module:M4
Boundary:(354.0, 34.6)(447.5, 34.6)(447.5, 44.6)(463.0, 44.6)(463.0, 226.6)(354.0, 226.6);GATE
Port:(368.5, 216.6)(448.5, 216.6)(448.5, 226.6)(368.5, 226.6);SD
Port:(354.0, 34.6)(447.5, 34.6)(447.5, 44.6)(463.0, 44.6)(463.0, 211.6)(354.0, 211.6);GATE
Port:(364.0, 39.6)(433.0, 39.6)(433.0, 43.6)(364.0, 43.6);SD
Module:M3
Boundary:(22.7, 163.8)(116.2, 163.8)(116.2, 255.1)(239.7, 255.1)(239.7, 318.8)(22.7, 318.8);GATE
Port:(37.2, 308.8)(225.2, 308.8)(225.2, 318.8)(37.2, 318.8);SD
Port:(22.7, 163.8)(116.2, 163.8)(116.2, 255.1)(239.7, 255.1)(239.7, 303.8)(22.7, 303.8);GATE
Port:(32.7, 168.8)(101.7, 168.8)(101.7, 172.8)(32.7, 172.8);SD
Module:M5
Boundary:(441.5, 230.6)(441.5, 306.6)(433.4, 306.6)(433.4, 321.6)(260.5, 321.6)(260.5, 230.6);GATE
Port:(260.5, 245.1)(270.5, 245.1)(270.5, 307.1)(260.5, 307.1);SD
Port:(441.5, 230.6)(441.5, 306.6)(433.4, 306.6)(433.4, 321.6)(275.5, 321.6)(275.5, 230.6);GATE
Port:(432.5, 240.6)(436.5, 240.6)(436.5, 291.6)(432.5, 291.6);SD
