Area:(-11.5, -14.4)(375.3, -14.4)(375.3, 833.6)(-11.5, 833.6)
Rule:GATE(5,5);SD(5,5);GATE_SD(0.5);GATE_ITO(0.5);SD_ITO(0.5)
Module:M1
Boundary:(93.1, 63.8)(60.3, 63.8)(60.3, 64.0)(43.6, 64.0)(43.6, 151.4)(93.1, 151.4);GATE
Port:(56.0, 147.2)(80.7, 147.2)(80.7, 151.4)(56.0, 151.4);SD
Port:(93.1, 63.8)(60.3, 63.8)(60.3, 64.0)(43.6, 64.0)(43.6, 144.5)(93.1, 144.5);GATE
Port:(65.7, 68.2)(87.7, 68.2)(87.7, 73.4)(65.7, 73.4);SD
Module:M4
Boundary:(211.2, 45.9)(113.5, 45.9)(113.5, 91.4)(99.4, 91.4)(99.4, 148.3)(211.2, 148.3);GATE
Port:(113.7, 143.8)(196.9, 143.8)(196.9, 148.3)(113.7, 148.3);SD
Port:(211.2, 45.9)(113.5, 45.9)(113.5, 91.4)(99.4, 91.4)(99.4, 141.2)(211.2, 141.2);GATE
Port:(121.3, 51.7)(204.4, 51.7)(204.4, 58.4)(121.3, 58.4);SD
Module:M3
Boundary:(230.2, 185.0)(275.2, 185.0)(275.2, 184.8)(288.9, 184.8)(288.9, 25.6)(230.2, 25.6);GATE
Port:(242.7, 25.6)(276.4, 25.6)(276.4, 31.6)(242.7, 31.6);SD
Port:(230.2, 185.0)(275.2, 185.0)(275.2, 184.8)(288.9, 184.8)(288.9, 34.0)(230.2, 34.0);GATE
Port:(235.7, 174.6)(269.7, 174.6)(269.7, 180.5)(235.7, 180.5);SD
Module:M5
Boundary:(177.5, 290.7)(177.5, 204.2)(52.5, 204.2)(52.5, 290.7);GATE
Port:(52.5, 216.7)(57.4, 216.7)(57.4, 278.2)(52.5, 278.2);SD
Port:(177.5, 290.7)(177.5, 204.2)(60.1, 204.2)(60.1, 290.7);GATE
Port:(166.5, 210.9)(171.8, 210.9)(171.8, 284.0)(166.5, 284.0);SD
Module:M2
Boundary:(182.8, 333.9)(182.8, 398.1)(119.5, 398.1)(119.5, 412.7)(28.5, 412.7)(28.5, 333.9);GATE
Port:(28.5, 346.7)(34.4, 346.7)(34.4, 399.9)(28.5, 399.9);SD
Port:(182.8, 333.9)(182.8, 398.1)(119.5, 398.1)(119.5, 412.7)(37.1, 412.7)(37.1, 333.9);GATE
Port:(172.9, 339.0)(178.7, 339.0)(178.7, 392.0)(172.9, 392.0);SD
Module:M10
Boundary:(200.3, 253.9)(281.4, 253.9)(281.4, 345.3)(296.4, 345.3)(296.4, 462.7)(200.3, 462.7);GATE
Port:(212.7, 457.0)(284.0, 457.0)(284.0, 462.7)(212.7, 462.7);SD
Port:(200.3, 253.9)(281.4, 253.9)(281.4, 345.3)(296.4, 345.3)(296.4, 454.2)(200.3, 454.2);GATE
Port:(205.5, 258.1)(275.2, 258.1)(275.2, 264.2)(205.5, 264.2);SD
Module:M8
Boundary:(53.5, 585.9)(127.8, 585.9)(127.8, 557.3)(145.2, 557.3)(145.2, 419.3)(53.5, 419.3);GATE
Port:(67.9, 419.3)(130.8, 419.3)(130.8, 423.7)(67.9, 423.7);SD
Port:(53.5, 585.9)(127.8, 585.9)(127.8, 557.3)(145.2, 557.3)(145.2, 426.2)(53.5, 426.2);GATE
Port:(59.4, 574.5)(120.9, 574.5)(120.9, 581.0)(59.4, 581.0);SD
Module:M6
Boundary:(335.3, 593.0)(335.3, 498.7)(255.3, 498.7)(255.3, 485.2)(151.7, 485.2)(151.7, 593.0);GATE
Port:(151.7, 499.2)(155.8, 499.2)(155.8, 579.0)(151.7, 579.0);SD
Port:(335.3, 593.0)(335.3, 498.7)(255.3, 498.7)(255.3, 485.2)(156.9, 485.2)(156.9, 593.0);GATE
Port:(322.8, 506.5)(329.5, 506.5)(329.5, 586.2)(322.8, 586.2);SD
Module:M9
Boundary:(301.5, 599.5)(301.5, 679.8)(301.1, 679.8)(301.1, 694.8)(74.7, 694.8)(74.7, 599.5);GATE
Port:(74.7, 613.3)(78.9, 613.3)(78.9, 681.0)(74.7, 681.0);SD
Port:(301.5, 599.5)(301.5, 679.8)(301.1, 679.8)(301.1, 694.8)(80.2, 694.8)(80.2, 599.5);GATE
Port:(289.8, 606.2)(295.8, 606.2)(295.8, 673.1)(289.8, 673.1);SD
Module:M7
Boundary:(70.0, 706.6)(70.0, 776.9)(70.0, 776.9)(70.0, 793.6)(292.5, 793.6)(292.5, 706.6);GATE
Port:(288.2, 721.1)(292.5, 721.1)(292.5, 779.1)(288.2, 779.1);SD
Port:(70.0, 706.6)(70.0, 776.9)(70.0, 776.9)(70.0, 793.6)(285.5, 793.6)(285.5, 706.6);GATE
Port:(76.0, 713.6)(82.6, 713.6)(82.6, 769.9)(76.0, 769.9);SD
