Area:(-20.0, -20.0)(1206.0, -20.0)(1206.0, 674.0)(-20.0, 674.0)
Rule:GATE(5,5);SD(5,5);GATE_SD(0.5);GATE_ITO(0.5);SD_ITO(0.5)
Module:M14
Boundary:(1017.0, 443.0)(1017.0, 536.5)(954.0, 536.5)(954.0, 624.0)(837.0, 624.0)(837.0, 443.0);GATE
Port:(837.0, 457.5)(847.0, 457.5)(847.0, 609.5)(837.0, 609.5);SD
Port:(1017.0, 443.0)(1017.0, 536.5)(954.0, 536.5)(954.0, 624.0)(852.0, 624.0)(852.0, 443.0);GATE
Port:(1008.0, 453.0)(1012.0, 453.0)(1012.0, 522.0)(1008.0, 522.0);SD
Module:M9
Boundary:(427.0, 505.0)(427.0, 616.5)(415.0, 616.5)(415.0, 632.0)(242.0, 632.0)(242.0, 505.0);GATE
Port:(242.0, 519.5)(252.0, 519.5)(252.0, 617.5)(242.0, 617.5);SD
Port:(427.0, 505.0)(427.0, 616.5)(415.0, 616.5)(415.0, 632.0)(257.0, 632.0)(257.0, 505.0);GATE
Port:(418.0, 515.0)(422.0, 515.0)(422.0, 602.0)(418.0, 602.0);SD
Module:M5
Boundary:(386.0, 163.0)(533.5, 163.0)(533.5, 179.0)(549.0, 179.0)(549.0, 283.0)(386.0, 283.0);GATE
Port:(400.5, 273.0)(534.5, 273.0)(534.5, 283.0)(400.5, 283.0);SD
Port:(386.0, 163.0)(533.5, 163.0)(533.5, 179.0)(549.0, 179.0)(549.0, 268.0)(386.0, 268.0);GATE
Port:(396.0, 168.0)(519.0, 168.0)(519.0, 172.0)(396.0, 172.0);SD
Module:M11
Boundary:(247.0, 128.0)(323.0, 128.0)(323.0, 136.0)(338.0, 136.0)(338.0, 195.0)(247.0, 195.0);GATE
Port:(261.5, 185.0)(323.5, 185.0)(323.5, 195.0)(261.5, 195.0);SD
Port:(247.0, 128.0)(323.0, 128.0)(323.0, 136.0)(338.0, 136.0)(338.0, 180.0)(247.0, 180.0);GATE
Port:(257.0, 133.0)(308.0, 133.0)(308.0, 137.0)(257.0, 137.0);SD
Module:M1
Boundary:(247.0, 20.0)(323.0, 20.0)(323.0, 28.0)(338.0, 28.0)(338.0, 88.0)(247.0, 88.0);GATE
Port:(261.5, 78.0)(323.5, 78.0)(323.5, 88.0)(261.5, 88.0);SD
Port:(247.0, 20.0)(323.0, 20.0)(323.0, 28.0)(338.0, 28.0)(338.0, 73.0)(247.0, 73.0);GATE
Port:(257.0, 25.0)(308.0, 25.0)(308.0, 29.0)(257.0, 29.0);SD
Module:M24
Boundary:(889.0, 258.0)(889.0, 387.5)(875.0, 387.5)(875.0, 403.0)(711.0, 403.0)(711.0, 258.0);GATE
Port:(711.0, 272.5)(721.0, 272.5)(721.0, 388.5)(711.0, 388.5);SD
Port:(889.0, 258.0)(889.0, 387.5)(875.0, 387.5)(875.0, 403.0)(726.0, 403.0)(726.0, 258.0);GATE
Port:(880.0, 268.0)(884.0, 268.0)(884.0, 373.0)(880.0, 373.0);SD
Module:M19
Boundary:(1057.0, 462.0)(1150.5, 462.0)(1150.5, 472.0)(1166.0, 472.0)(1166.0, 634.0)(1057.0, 634.0);GATE
Port:(1071.5, 624.0)(1151.5, 624.0)(1151.5, 634.0)(1071.5, 634.0);SD
Port:(1057.0, 462.0)(1150.5, 462.0)(1150.5, 472.0)(1166.0, 472.0)(1166.0, 619.0)(1057.0, 619.0);GATE
Port:(1067.0, 467.0)(1136.0, 467.0)(1136.0, 471.0)(1067.0, 471.0);SD
Module:M6
Boundary:(131.0, 223.0)(131.0, 370.5)(115.0, 370.5)(115.0, 386.0)(20.0, 386.0)(20.0, 223.0);GATE
Port:(20.0, 237.5)(30.0, 237.5)(30.0, 371.5)(20.0, 371.5);SD
Port:(131.0, 223.0)(131.0, 370.5)(115.0, 370.5)(115.0, 386.0)(35.0, 386.0)(35.0, 223.0);GATE
Port:(122.0, 233.0)(126.0, 233.0)(126.0, 356.0)(122.0, 356.0);SD
Module:M21
Boundary:(598.0, 443.0)(745.5, 443.0)(745.5, 556.0)(797.0, 556.0)(797.0, 634.0)(598.0, 634.0);GATE
Port:(612.5, 624.0)(782.5, 624.0)(782.5, 634.0)(612.5, 634.0);SD
Port:(598.0, 443.0)(745.5, 443.0)(745.5, 556.0)(797.0, 556.0)(797.0, 619.0)(598.0, 619.0);GATE
Port:(608.0, 448.0)(731.0, 448.0)(731.0, 452.0)(608.0, 452.0);SD
Module:M2
Boundary:(179.0, 426.0)(179.0, 499.0)(20.0, 499.0)(20.0, 426.0);GATE
Port:(20.0, 440.5)(30.0, 440.5)(30.0, 484.5)(20.0, 484.5);SD
Port:(179.0, 426.0)(179.0, 499.0)(35.0, 499.0)(35.0, 426.0);GATE
Port:(170.0, 436.0)(174.0, 436.0)(174.0, 489.0)(170.0, 489.0);SD
Module:M16
Boundary:(386.0, 20.0)(533.5, 20.0)(533.5, 40.0)(549.0, 40.0)(549.0, 123.0)(386.0, 123.0);GATE
Port:(400.5, 113.0)(534.5, 113.0)(534.5, 123.0)(400.5, 123.0);SD
Port:(386.0, 20.0)(533.5, 20.0)(533.5, 40.0)(549.0, 40.0)(549.0, 108.0)(386.0, 108.0);GATE
Port:(396.0, 25.0)(519.0, 25.0)(519.0, 29.0)(396.0, 29.0);SD
Module:M13
Boundary:(1164.0, 20.0)(1164.0, 131.5)(1091.6, 131.5)(1091.6, 237.0)(995.0, 237.0)(995.0, 20.0);GATE
Port:(995.0, 34.5)(1005.0, 34.5)(1005.0, 222.5)(995.0, 222.5);SD
Port:(1164.0, 20.0)(1164.0, 131.5)(1091.6, 131.5)(1091.6, 237.0)(1010.0, 237.0)(1010.0, 20.0);GATE
Port:(1155.0, 30.0)(1159.0, 30.0)(1159.0, 117.0)(1155.0, 117.0);SD
Module:M10
Boundary:(219.0, 344.0)(348.5, 344.0)(348.5, 394.0)(418.0, 394.0)(418.0, 465.0)(219.0, 465.0);GATE
Port:(233.5, 455.0)(403.5, 455.0)(403.5, 465.0)(233.5, 465.0);SD
Port:(219.0, 344.0)(348.5, 344.0)(348.5, 394.0)(418.0, 394.0)(418.0, 450.0)(219.0, 450.0);GATE
Port:(229.0, 349.0)(334.0, 349.0)(334.0, 353.0)(229.0, 353.0);SD
Module:M7
Boundary:(598.0, 249.0)(671.0, 249.0)(671.0, 396.0)(598.0, 396.0);GATE
Port:(612.5, 386.0)(656.5, 386.0)(656.5, 396.0)(612.5, 396.0);SD
Port:(598.0, 249.0)(671.0, 249.0)(671.0, 381.0)(598.0, 381.0);GATE
Port:(608.0, 254.0)(661.0, 254.0)(661.0, 258.0)(608.0, 258.0);SD
Module:M3
Boundary:(1163.0, 277.0)(1163.0, 406.5)(1149.0, 406.5)(1149.0, 422.0)(1065.0, 422.0)(1065.0, 277.0);GATE
Port:(1065.0, 291.5)(1075.0, 291.5)(1075.0, 407.5)(1065.0, 407.5);SD
Port:(1163.0, 277.0)(1163.0, 406.5)(1149.0, 406.5)(1149.0, 422.0)(1080.0, 422.0)(1080.0, 277.0);GATE
Port:(1154.0, 287.0)(1158.0, 287.0)(1158.0, 392.0)(1154.0, 392.0);SD
Module:M23
Boundary:(467.0, 323.0)(543.0, 323.0)(543.0, 331.0)(558.0, 331.0)(558.0, 404.0)(467.0, 404.0);GATE
Port:(481.5, 394.0)(543.5, 394.0)(543.5, 404.0)(481.5, 404.0);SD
Port:(467.0, 323.0)(543.0, 323.0)(543.0, 331.0)(558.0, 331.0)(558.0, 389.0)(467.0, 389.0);GATE
Port:(477.0, 328.0)(528.0, 328.0)(528.0, 332.0)(477.0, 332.0);SD
Module:M18
Boundary:(1025.0, 277.0)(1025.0, 350.0)(929.0, 350.0)(929.0, 277.0);GATE
Port:(929.0, 291.5)(939.0, 291.5)(939.0, 335.5)(929.0, 335.5);SD
Port:(1025.0, 277.0)(1025.0, 350.0)(944.0, 350.0)(944.0, 277.0);GATE
Port:(1016.0, 287.0)(1020.0, 287.0)(1020.0, 340.0)(1016.0, 340.0);SD
Module:M20
Boundary:(467.0, 444.0)(543.0, 444.0)(543.0, 452.0)(558.0, 452.0)(558.0, 623.0)(467.0, 623.0);GATE
Port:(481.5, 613.0)(543.5, 613.0)(543.5, 623.0)(481.5, 623.0);SD
Port:(467.0, 444.0)(543.0, 444.0)(543.0, 452.0)(558.0, 452.0)(558.0, 608.0)(467.0, 608.0);GATE
Port:(477.0, 449.0)(528.0, 449.0)(528.0, 453.0)(477.0, 453.0);SD
Module:M15
Boundary:(202.0, 539.0)(202.0, 615.0)(194.0, 615.0)(194.0, 630.0)(130.0, 630.0)(130.0, 539.0);GATE
Port:(130.0, 553.5)(140.0, 553.5)(140.0, 615.5)(130.0, 615.5);SD
Port:(202.0, 539.0)(202.0, 615.0)(194.0, 615.0)(194.0, 630.0)(145.0, 630.0)(145.0, 539.0);GATE
Port:(193.0, 549.0)(197.0, 549.0)(197.0, 600.0)(193.0, 600.0);SD
Module:M12
Boundary:(589.0, 20.0)(700.5, 20.0)(700.5, 32.0)(716.0, 32.0)(716.0, 96.0)(589.0, 96.0);GATE
Port:(603.5, 86.0)(701.5, 86.0)(701.5, 96.0)(603.5, 96.0);SD
Port:(589.0, 20.0)(700.5, 20.0)(700.5, 32.0)(716.0, 32.0)(716.0, 81.0)(589.0, 81.0);GATE
Port:(599.0, 25.0)(686.0, 25.0)(686.0, 29.0)(599.0, 29.0);SD
Module:M8
Boundary:(756.0, 20.0)(849.5, 20.0)(849.5, 80.0)(955.0, 80.0)(955.0, 218.0)(756.0, 218.0);GATE
Port:(770.5, 208.0)(940.5, 208.0)(940.5, 218.0)(770.5, 218.0);SD
Port:(756.0, 20.0)(849.5, 20.0)(849.5, 80.0)(955.0, 80.0)(955.0, 203.0)(756.0, 203.0);GATE
Port:(766.0, 25.0)(835.0, 25.0)(835.0, 29.0)(766.0, 29.0);SD
Module:M4
Boundary:(219.0, 235.0)(330.5, 235.0)(330.5, 247.0)(346.0, 247.0)(346.0, 304.0)(219.0, 304.0);GATE
Port:(233.5, 294.0)(331.5, 294.0)(331.5, 304.0)(233.5, 304.0);SD
Port:(219.0, 235.0)(330.5, 235.0)(330.5, 247.0)(346.0, 247.0)(346.0, 289.0)(219.0, 289.0);GATE
Port:(229.0, 240.0)(316.0, 240.0)(316.0, 244.0)(229.0, 244.0);SD
Module:M25
Boundary:(207.0, 20.0)(207.0, 95.5)(110.5, 95.5)(110.5, 183.0)(20.0, 183.0)(20.0, 20.0);GATE
Port:(20.0, 34.5)(30.0, 34.5)(30.0, 168.5)(20.0, 168.5);SD
Port:(207.0, 20.0)(207.0, 95.5)(110.5, 95.5)(110.5, 183.0)(35.0, 183.0)(35.0, 20.0);GATE
Port:(198.0, 30.0)(202.0, 30.0)(202.0, 81.0)(198.0, 81.0);SD
Module:M22
Boundary:(715.0, 136.0)(715.0, 209.0)(589.0, 209.0)(589.0, 136.0);GATE
Port:(589.0, 150.5)(599.0, 150.5)(599.0, 194.5)(589.0, 194.5);SD
Port:(715.0, 136.0)(715.0, 209.0)(604.0, 209.0)(604.0, 136.0);GATE
Port:(706.0, 146.0)(710.0, 146.0)(710.0, 199.0)(706.0, 199.0);SD
Module:M17
Boundary:(90.0, 539.0)(90.0, 615.0)(82.0, 615.0)(82.0, 630.0)(20.0, 630.0)(20.0, 539.0);GATE
Port:(20.0, 553.5)(30.0, 553.5)(30.0, 615.5)(20.0, 615.5);SD
Port:(90.0, 539.0)(90.0, 615.0)(82.0, 615.0)(82.0, 630.0)(35.0, 630.0)(35.0, 539.0);GATE
Port:(81.0, 549.0)(85.0, 549.0)(85.0, 600.0)(81.0, 600.0);SD
