Area:(-20.0, -20.0)(1690.0, -20.0)(1690.0, 829.0)(-20.0, 829.0)
Rule:GATE(5,5);SD(5,5);GATE_SD(0.5);GATE_ITO(0.5);SD_ITO(0.5)
Module:M14
Boundary:(20.0, 702.0)(149.5, 702.0)(149.5, 716.0)(165.0, 716.0)(165.0, 783.0)(20.0, 783.0);GATE
Port:(34.5, 773.0)(150.5, 773.0)(150.5, 783.0)(34.5, 783.0);SD
Port:(20.0, 702.0)(149.5, 702.0)(149.5, 716.0)(165.0, 716.0)(165.0, 768.0)(20.0, 768.0);GATE
Port:(30.0, 707.0)(135.0, 707.0)(135.0, 711.0)(30.0, 711.0);SD
Module:M9
Boundary:(20.0, 601.0)(167.5, 601.0)(167.5, 617.0)(183.0, 617.0)(183.0, 662.0)(20.0, 662.0);GATE
Port:(34.5, 652.0)(168.5, 652.0)(168.5, 662.0)(34.5, 662.0);SD
Port:(20.0, 601.0)(167.5, 601.0)(167.5, 617.0)(183.0, 617.0)(183.0, 647.0)(20.0, 647.0);GATE
Port:(30.0, 606.0)(153.0, 606.0)(153.0, 610.0)(30.0, 610.0);SD
Module:M5
Boundary:(20.0, 398.0)(167.5, 398.0)(167.5, 472.8)(201.0, 472.8)(201.0, 561.0)(20.0, 561.0);GATE
Port:(34.5, 551.0)(186.5, 551.0)(186.5, 561.0)(34.5, 561.0);SD
Port:(20.0, 398.0)(167.5, 398.0)(167.5, 472.8)(201.0, 472.8)(201.0, 546.0)(20.0, 546.0);GATE
Port:(30.0, 403.0)(153.0, 403.0)(153.0, 407.0)(30.0, 407.0);SD
Module:M11
Boundary:(1577.0, 20.0)(1650.0, 20.0)(1650.0, 205.0)(1577.0, 205.0);GATE
Port:(1591.5, 195.0)(1635.5, 195.0)(1635.5, 205.0)(1591.5, 205.0);SD
Port:(1577.0, 20.0)(1650.0, 20.0)(1650.0, 190.0)(1577.0, 190.0);GATE
Port:(1587.0, 25.0)(1640.0, 25.0)(1640.0, 29.0)(1587.0, 29.0);SD
Module:M1
Boundary:(875.0, 404.0)(986.5, 404.0)(986.5, 416.0)(1002.0, 416.0)(1002.0, 501.0)(875.0, 501.0);GATE
Port:(889.5, 491.0)(987.5, 491.0)(987.5, 501.0)(889.5, 501.0);SD
Port:(875.0, 404.0)(986.5, 404.0)(986.5, 416.0)(1002.0, 416.0)(1002.0, 486.0)(875.0, 486.0);GATE
Port:(885.0, 409.0)(972.0, 409.0)(972.0, 413.0)(885.0, 413.0);SD
Module:M43
Boundary:(261.0, 151.0)(354.5, 151.0)(354.5, 161.0)(370.0, 161.0)(370.0, 212.0)(261.0, 212.0);GATE
Port:(275.5, 202.0)(355.5, 202.0)(355.5, 212.0)(275.5, 212.0);SD
Port:(261.0, 151.0)(354.5, 151.0)(354.5, 161.0)(370.0, 161.0)(370.0, 197.0)(261.0, 197.0);GATE
Port:(271.0, 156.0)(340.0, 156.0)(340.0, 160.0)(271.0, 160.0);SD
Module:M38
Boundary:(810.0, 634.0)(810.0, 727.5)(746.4, 727.5)(746.4, 779.0)(690.0, 779.0)(690.0, 634.0);GATE
Port:(690.0, 648.5)(700.0, 648.5)(700.0, 764.5)(690.0, 764.5);SD
Port:(810.0, 634.0)(810.0, 727.5)(746.4, 727.5)(746.4, 779.0)(705.0, 779.0)(705.0, 634.0);GATE
Port:(801.0, 644.0)(805.0, 644.0)(805.0, 713.0)(801.0, 713.0);SD
Module:M40
Boundary:(1295.0, 616.0)(1295.0, 673.5)(1236.5, 673.5)(1236.5, 779.0)(1096.0, 779.0)(1096.0, 616.0);GATE
Port:(1096.0, 630.5)(1106.0, 630.5)(1106.0, 764.5)(1096.0, 764.5);SD
Port:(1295.0, 616.0)(1295.0, 673.5)(1236.5, 673.5)(1236.5, 779.0)(1111.0, 779.0)(1111.0, 616.0);GATE
Port:(1286.0, 626.0)(1290.0, 626.0)(1290.0, 659.0)(1286.0, 659.0);SD
Module:M35
Boundary:(487.0, 261.0)(634.5, 261.0)(634.5, 277.0)(650.0, 277.0)(650.0, 457.0)(487.0, 457.0);GATE
Port:(501.5, 447.0)(635.5, 447.0)(635.5, 457.0)(501.5, 457.0);SD
Port:(487.0, 261.0)(634.5, 261.0)(634.5, 277.0)(650.0, 277.0)(650.0, 442.0)(487.0, 442.0);GATE
Port:(497.0, 266.0)(620.0, 266.0)(620.0, 270.0)(497.0, 270.0);SD
Module:M32
Boundary:(1458.0, 288.0)(1569.5, 288.0)(1569.5, 346.2)(1639.0, 346.2)(1639.0, 427.0)(1458.0, 427.0);GATE
Port:(1472.5, 417.0)(1624.5, 417.0)(1624.5, 427.0)(1472.5, 427.0);SD
Port:(1458.0, 288.0)(1569.5, 288.0)(1569.5, 346.2)(1639.0, 346.2)(1639.0, 412.0)(1458.0, 412.0);GATE
Port:(1468.0, 293.0)(1555.0, 293.0)(1555.0, 297.0)(1468.0, 297.0);SD
Module:M27
Boundary:(690.0, 304.0)(783.5, 304.0)(783.5, 357.2)(835.0, 357.2)(835.0, 481.0)(690.0, 481.0);GATE
Port:(704.5, 471.0)(820.5, 471.0)(820.5, 481.0)(704.5, 481.0);SD
Port:(690.0, 304.0)(783.5, 304.0)(783.5, 357.2)(835.0, 357.2)(835.0, 466.0)(690.0, 466.0);GATE
Port:(700.0, 309.0)(769.0, 309.0)(769.0, 313.0)(700.0, 313.0);SD
Module:M24
Boundary:(994.0, 541.0)(994.0, 617.0)(986.0, 617.0)(986.0, 632.0)(864.0, 632.0)(864.0, 541.0);GATE
Port:(864.0, 555.5)(874.0, 555.5)(874.0, 617.5)(864.0, 617.5);SD
Port:(994.0, 541.0)(994.0, 617.0)(986.0, 617.0)(986.0, 632.0)(879.0, 632.0)(879.0, 541.0);GATE
Port:(985.0, 551.0)(989.0, 551.0)(989.0, 602.0)(985.0, 602.0);SD
Module:M19
Boundary:(1251.0, 161.0)(1380.5, 161.0)(1380.5, 175.0)(1396.0, 175.0)(1396.0, 311.0)(1251.0, 311.0);GATE
Port:(1265.5, 301.0)(1381.5, 301.0)(1381.5, 311.0)(1265.5, 311.0);SD
Port:(1251.0, 161.0)(1380.5, 161.0)(1380.5, 175.0)(1396.0, 175.0)(1396.0, 296.0)(1251.0, 296.0);GATE
Port:(1261.0, 166.0)(1366.0, 166.0)(1366.0, 170.0)(1261.0, 170.0);SD
Module:M6
Boundary:(824.0, 521.0)(824.0, 594.0)(690.0, 594.0)(690.0, 521.0);GATE
Port:(690.0, 535.5)(700.0, 535.5)(700.0, 579.5)(690.0, 579.5);SD
Port:(824.0, 521.0)(824.0, 594.0)(705.0, 594.0)(705.0, 521.0);GATE
Port:(815.0, 531.0)(819.0, 531.0)(819.0, 584.0)(815.0, 584.0);SD
Module:M21
Boundary:(374.0, 252.0)(447.0, 252.0)(447.0, 449.0)(374.0, 449.0);GATE
Port:(388.5, 439.0)(432.5, 439.0)(432.5, 449.0)(388.5, 449.0);SD
Port:(374.0, 252.0)(447.0, 252.0)(447.0, 434.0)(374.0, 434.0);GATE
Port:(384.0, 257.0)(437.0, 257.0)(437.0, 261.0)(384.0, 261.0);SD
Module:M2
Boundary:(539.0, 603.0)(632.5, 603.0)(632.5, 613.0)(648.0, 613.0)(648.0, 663.0)(539.0, 663.0);GATE
Port:(553.5, 653.0)(633.5, 653.0)(633.5, 663.0)(553.5, 663.0);SD
Port:(539.0, 603.0)(632.5, 603.0)(632.5, 613.0)(648.0, 613.0)(648.0, 648.0)(539.0, 648.0);GATE
Port:(549.0, 608.0)(618.0, 608.0)(618.0, 612.0)(549.0, 612.0);SD
Module:M16
Boundary:(261.0, 252.0)(334.0, 252.0)(334.0, 441.0)(261.0, 441.0);GATE
Port:(275.5, 431.0)(319.5, 431.0)(319.5, 441.0)(275.5, 441.0);SD
Port:(261.0, 252.0)(334.0, 252.0)(334.0, 426.0)(261.0, 426.0);GATE
Port:(271.0, 257.0)(324.0, 257.0)(324.0, 261.0)(271.0, 261.0);SD
Module:M13
Boundary:(1650.0, 662.0)(1650.0, 773.5)(1638.0, 773.5)(1638.0, 789.0)(1485.0, 789.0)(1485.0, 662.0);GATE
Port:(1485.0, 676.5)(1495.0, 676.5)(1495.0, 774.5)(1485.0, 774.5);SD
Port:(1650.0, 662.0)(1650.0, 773.5)(1638.0, 773.5)(1638.0, 789.0)(1500.0, 789.0)(1500.0, 662.0);GATE
Port:(1641.0, 672.0)(1645.0, 672.0)(1645.0, 759.0)(1641.0, 759.0);SD
Module:M45
Boundary:(1528.0, 20.0)(1528.0, 96.0)(1520.0, 96.0)(1520.0, 111.0)(1415.0, 111.0)(1415.0, 20.0);GATE
Port:(1415.0, 34.5)(1425.0, 34.5)(1425.0, 96.5)(1415.0, 96.5);SD
Port:(1528.0, 20.0)(1528.0, 96.0)(1520.0, 96.0)(1520.0, 111.0)(1430.0, 111.0)(1430.0, 20.0);GATE
Port:(1519.0, 30.0)(1523.0, 30.0)(1523.0, 81.0)(1519.0, 81.0);SD
Module:M10
Boundary:(408.0, 497.0)(484.0, 497.0)(484.0, 505.0)(499.0, 505.0)(499.0, 655.0)(408.0, 655.0);GATE
Port:(422.5, 645.0)(484.5, 645.0)(484.5, 655.0)(422.5, 655.0);SD
Port:(408.0, 497.0)(484.0, 497.0)(484.0, 505.0)(499.0, 505.0)(499.0, 640.0)(408.0, 640.0);GATE
Port:(418.0, 502.0)(469.0, 502.0)(469.0, 506.0)(418.0, 506.0);SD
Module:M42
Boundary:(241.0, 489.0)(352.5, 489.0)(352.5, 506.0)(368.0, 506.0)(368.0, 640.0)(241.0, 640.0);GATE
Port:(255.5, 630.0)(353.5, 630.0)(353.5, 640.0)(255.5, 640.0);SD
Port:(241.0, 489.0)(352.5, 489.0)(352.5, 506.0)(368.0, 506.0)(368.0, 625.0)(241.0, 625.0);GATE
Port:(251.0, 494.0)(338.0, 494.0)(338.0, 498.0)(251.0, 498.0);SD
Module:M37
Boundary:(1122.0, 20.0)(1122.0, 93.0)(1038.0, 93.0)(1038.0, 20.0);GATE
Port:(1038.0, 34.5)(1048.0, 34.5)(1048.0, 78.5)(1038.0, 78.5);SD
Port:(1122.0, 20.0)(1122.0, 93.0)(1053.0, 93.0)(1053.0, 20.0);GATE
Port:(1113.0, 30.0)(1117.0, 30.0)(1117.0, 83.0)(1113.0, 83.0);SD
Module:M34
Boundary:(1042.0, 366.0)(1189.5, 366.0)(1189.5, 382.0)(1205.0, 382.0)(1205.0, 566.0)(1042.0, 566.0);GATE
Port:(1056.5, 556.0)(1190.5, 556.0)(1190.5, 566.0)(1056.5, 566.0);SD
Port:(1042.0, 366.0)(1189.5, 366.0)(1189.5, 382.0)(1205.0, 382.0)(1205.0, 551.0)(1042.0, 551.0);GATE
Port:(1052.0, 371.0)(1175.0, 371.0)(1175.0, 375.0)(1052.0, 375.0);SD
Module:M29
Boundary:(1162.0, 20.0)(1235.0, 20.0)(1235.0, 90.0)(1162.0, 90.0);GATE
Port:(1176.5, 80.0)(1220.5, 80.0)(1220.5, 90.0)(1176.5, 90.0);SD
Port:(1162.0, 20.0)(1235.0, 20.0)(1235.0, 75.0)(1162.0, 75.0);GATE
Port:(1172.0, 25.0)(1225.0, 25.0)(1225.0, 29.0)(1172.0, 29.0);SD
Module:M7
Boundary:(1490.0, 491.0)(1490.0, 602.5)(1478.0, 602.5)(1478.0, 618.0)(1354.0, 618.0)(1354.0, 491.0);GATE
Port:(1354.0, 505.5)(1364.0, 505.5)(1364.0, 603.5)(1354.0, 603.5);SD
Port:(1490.0, 491.0)(1490.0, 602.5)(1478.0, 602.5)(1478.0, 618.0)(1369.0, 618.0)(1369.0, 491.0);GATE
Port:(1481.0, 501.0)(1485.0, 501.0)(1485.0, 588.0)(1481.0, 588.0);SD
Module:M31
Boundary:(408.0, 695.0)(481.0, 695.0)(481.0, 786.0)(408.0, 786.0);GATE
Port:(422.5, 776.0)(466.5, 776.0)(466.5, 786.0)(422.5, 786.0);SD
Port:(408.0, 695.0)(481.0, 695.0)(481.0, 771.0)(408.0, 771.0);GATE
Port:(418.0, 700.0)(471.0, 700.0)(471.0, 704.0)(418.0, 704.0);SD
Module:M3
Boundary:(907.0, 20.0)(983.0, 20.0)(983.0, 28.0)(998.0, 28.0)(998.0, 197.0)(907.0, 197.0);GATE
Port:(921.5, 187.0)(983.5, 187.0)(983.5, 197.0)(921.5, 197.0);SD
Port:(907.0, 20.0)(983.0, 20.0)(983.0, 28.0)(998.0, 28.0)(998.0, 182.0)(907.0, 182.0);GATE
Port:(917.0, 25.0)(968.0, 25.0)(968.0, 29.0)(917.0, 29.0);SD
Module:M26
Boundary:(690.0, 30.0)(690.0, 123.5)(623.0, 123.5)(623.0, 211.0)(500.0, 211.0)(500.0, 30.0);GATE
Port:(500.0, 44.5)(510.0, 44.5)(510.0, 196.5)(500.0, 196.5);SD
Port:(690.0, 30.0)(690.0, 123.5)(623.0, 123.5)(623.0, 211.0)(515.0, 211.0)(515.0, 30.0);GATE
Port:(681.0, 40.0)(685.0, 40.0)(685.0, 109.0)(681.0, 109.0);SD
Module:M23
Boundary:(1354.0, 658.0)(1430.0, 658.0)(1430.0, 666.0)(1445.0, 666.0)(1445.0, 760.0)(1354.0, 760.0);GATE
Port:(1368.5, 750.0)(1430.5, 750.0)(1430.5, 760.0)(1368.5, 760.0);SD
Port:(1354.0, 658.0)(1430.0, 658.0)(1430.0, 666.0)(1445.0, 666.0)(1445.0, 745.0)(1354.0, 745.0);GATE
Port:(1364.0, 663.0)(1415.0, 663.0)(1415.0, 667.0)(1364.0, 667.0);SD
Module:M18
Boundary:(30.0, 30.0)(141.5, 30.0)(141.5, 76.2)(211.0, 76.2)(211.0, 145.0)(30.0, 145.0);GATE
Port:(44.5, 135.0)(196.5, 135.0)(196.5, 145.0)(44.5, 145.0);SD
Port:(30.0, 30.0)(141.5, 30.0)(141.5, 76.2)(211.0, 76.2)(211.0, 130.0)(30.0, 130.0);GATE
Port:(40.0, 35.0)(127.0, 35.0)(127.0, 39.0)(40.0, 39.0);SD
Module:M20
Boundary:(992.0, 237.0)(992.0, 348.5)(976.0, 348.5)(976.0, 364.0)(891.0, 364.0)(891.0, 237.0);GATE
Port:(891.0, 251.5)(901.0, 251.5)(901.0, 349.5)(891.0, 349.5);SD
Port:(992.0, 237.0)(992.0, 348.5)(976.0, 348.5)(976.0, 364.0)(906.0, 364.0)(906.0, 237.0);GATE
Port:(983.0, 247.0)(987.0, 247.0)(987.0, 334.0)(983.0, 334.0);SD
Module:M15
Boundary:(1038.0, 133.0)(1185.5, 133.0)(1185.5, 149.0)(1201.0, 149.0)(1201.0, 326.0)(1038.0, 326.0);GATE
Port:(1052.5, 316.0)(1186.5, 316.0)(1186.5, 326.0)(1052.5, 326.0);SD
Port:(1038.0, 133.0)(1185.5, 133.0)(1185.5, 149.0)(1201.0, 149.0)(1201.0, 311.0)(1038.0, 311.0);GATE
Port:(1048.0, 138.0)(1171.0, 138.0)(1171.0, 142.0)(1048.0, 142.0);SD
Module:M12
Boundary:(1638.0, 477.0)(1638.0, 606.5)(1624.0, 606.5)(1624.0, 622.0)(1530.0, 622.0)(1530.0, 477.0);GATE
Port:(1530.0, 491.5)(1540.0, 491.5)(1540.0, 607.5)(1530.0, 607.5);SD
Port:(1638.0, 477.0)(1638.0, 606.5)(1624.0, 606.5)(1624.0, 622.0)(1545.0, 622.0)(1545.0, 477.0);GATE
Port:(1629.0, 487.0)(1633.0, 487.0)(1633.0, 592.0)(1629.0, 592.0);SD
Module:M44
Boundary:(1245.0, 361.0)(1392.5, 361.0)(1392.5, 377.0)(1408.0, 377.0)(1408.0, 451.0)(1245.0, 451.0);GATE
Port:(1259.5, 441.0)(1393.5, 441.0)(1393.5, 451.0)(1259.5, 451.0);SD
Port:(1245.0, 361.0)(1392.5, 361.0)(1392.5, 377.0)(1408.0, 377.0)(1408.0, 436.0)(1245.0, 436.0);GATE
Port:(1255.0, 366.0)(1378.0, 366.0)(1378.0, 370.0)(1255.0, 370.0);SD
Module:M39
Boundary:(750.0, 182.0)(826.0, 182.0)(826.0, 190.0)(841.0, 190.0)(841.0, 254.0)(750.0, 254.0);GATE
Port:(764.5, 244.0)(826.5, 244.0)(826.5, 254.0)(764.5, 254.0);SD
Port:(750.0, 182.0)(826.0, 182.0)(826.0, 190.0)(841.0, 190.0)(841.0, 239.0)(750.0, 239.0);GATE
Port:(760.0, 187.0)(811.0, 187.0)(811.0, 191.0)(760.0, 191.0);SD
Module:M8
Boundary:(366.0, 680.0)(366.0, 773.5)(356.0, 773.5)(356.0, 789.0)(223.0, 789.0)(223.0, 680.0);GATE
Port:(223.0, 694.5)(233.0, 694.5)(233.0, 774.5)(223.0, 774.5);SD
Port:(366.0, 680.0)(366.0, 773.5)(356.0, 773.5)(356.0, 789.0)(238.0, 789.0)(238.0, 680.0);GATE
Port:(357.0, 690.0)(361.0, 690.0)(361.0, 759.0)(357.0, 759.0);SD
Module:M41
Boundary:(1446.0, 151.0)(1522.0, 151.0)(1522.0, 159.0)(1537.0, 159.0)(1537.0, 238.0)(1446.0, 238.0);GATE
Port:(1460.5, 228.0)(1522.5, 228.0)(1522.5, 238.0)(1460.5, 238.0);SD
Port:(1446.0, 151.0)(1522.0, 151.0)(1522.0, 159.0)(1537.0, 159.0)(1537.0, 223.0)(1446.0, 223.0);GATE
Port:(1456.0, 156.0)(1507.0, 156.0)(1507.0, 160.0)(1456.0, 160.0);SD
Module:M4
Boundary:(539.0, 497.0)(632.5, 497.0)(632.5, 507.0)(648.0, 507.0)(648.0, 563.0)(539.0, 563.0);GATE
Port:(553.5, 553.0)(633.5, 553.0)(633.5, 563.0)(553.5, 563.0);SD
Port:(539.0, 497.0)(632.5, 497.0)(632.5, 507.0)(648.0, 507.0)(648.0, 548.0)(539.0, 548.0);GATE
Port:(549.0, 502.0)(618.0, 502.0)(618.0, 506.0)(549.0, 506.0);SD
Module:M36
Boundary:(740.0, 20.0)(851.5, 20.0)(851.5, 32.0)(867.0, 32.0)(867.0, 132.0)(740.0, 132.0);GATE
Port:(754.5, 122.0)(852.5, 122.0)(852.5, 132.0)(754.5, 132.0);SD
Port:(740.0, 20.0)(851.5, 20.0)(851.5, 32.0)(867.0, 32.0)(867.0, 117.0)(740.0, 117.0);GATE
Port:(750.0, 25.0)(837.0, 25.0)(837.0, 29.0)(750.0, 29.0);SD
Module:M33
Boundary:(450.0, 20.0)(450.0, 96.0)(442.0, 96.0)(442.0, 111.0)(261.0, 111.0)(261.0, 20.0);GATE
Port:(261.0, 34.5)(271.0, 34.5)(271.0, 96.5)(261.0, 96.5);SD
Port:(450.0, 20.0)(450.0, 96.0)(442.0, 96.0)(442.0, 111.0)(276.0, 111.0)(276.0, 20.0);GATE
Port:(441.0, 30.0)(445.0, 30.0)(445.0, 81.0)(441.0, 81.0);SD
Module:M28
Boundary:(1314.0, 491.0)(1314.0, 564.0)(1245.0, 564.0)(1245.0, 491.0);GATE
Port:(1245.0, 505.5)(1255.0, 505.5)(1255.0, 549.5)(1245.0, 549.5);SD
Port:(1314.0, 491.0)(1314.0, 564.0)(1260.0, 564.0)(1260.0, 491.0);GATE
Port:(1305.0, 501.0)(1309.0, 501.0)(1309.0, 554.0)(1305.0, 554.0);SD
Module:M30
Boundary:(521.0, 703.0)(632.5, 703.0)(632.5, 715.0)(648.0, 715.0)(648.0, 780.0)(521.0, 780.0);GATE
Port:(535.5, 770.0)(633.5, 770.0)(633.5, 780.0)(535.5, 780.0);SD
Port:(521.0, 703.0)(632.5, 703.0)(632.5, 715.0)(648.0, 715.0)(648.0, 765.0)(521.0, 765.0);GATE
Port:(531.0, 708.0)(618.0, 708.0)(618.0, 712.0)(531.0, 712.0);SD
Module:M25
Boundary:(1375.0, 20.0)(1375.0, 96.0)(1367.0, 96.0)(1367.0, 111.0)(1275.0, 111.0)(1275.0, 20.0);GATE
Port:(1275.0, 34.5)(1285.0, 34.5)(1285.0, 96.5)(1275.0, 96.5);SD
Port:(1375.0, 20.0)(1375.0, 96.0)(1367.0, 96.0)(1367.0, 111.0)(1290.0, 111.0)(1290.0, 20.0);GATE
Port:(1366.0, 30.0)(1370.0, 30.0)(1370.0, 81.0)(1366.0, 81.0);SD
Module:M22
Boundary:(202.0, 195.0)(202.0, 342.5)(186.0, 342.5)(186.0, 358.0)(20.0, 358.0)(20.0, 195.0);GATE
Port:(20.0, 209.5)(30.0, 209.5)(30.0, 343.5)(20.0, 343.5);SD
Port:(202.0, 195.0)(202.0, 342.5)(186.0, 342.5)(186.0, 358.0)(35.0, 358.0)(35.0, 195.0);GATE
Port:(193.0, 205.0)(197.0, 205.0)(197.0, 328.0)(193.0, 328.0);SD
Module:M17
Boundary:(1036.0, 682.0)(1036.0, 758.0)(1028.0, 758.0)(1028.0, 773.0)(860.0, 773.0)(860.0, 682.0);GATE
Port:(860.0, 696.5)(870.0, 696.5)(870.0, 758.5)(860.0, 758.5);SD
Port:(1036.0, 682.0)(1036.0, 758.0)(1028.0, 758.0)(1028.0, 773.0)(875.0, 773.0)(875.0, 682.0);GATE
Port:(1027.0, 692.0)(1031.0, 692.0)(1031.0, 743.0)(1027.0, 743.0);SD
