Area:(-20.0, -20.0)(784.5, -20.0)(784.5, 680.2)(-20.0, 680.2)
Rule:GATE(5,5);SD(5,5);GATE_SD(0.5);GATE_ITO(0.5);SD_ITO(0.5)
Module:M14
Boundary:(418.9, 20.0)(473.2, 20.0)(473.2, 55.3)(490.7, 55.3)(490.7, 114.5)(418.9, 114.5);GATE
Port:(432.3, 108.7)(477.3, 108.7)(477.3, 114.5)(432.3, 114.5);SD
Port:(418.9, 20.0)(473.2, 20.0)(473.2, 55.3)(490.7, 55.3)(490.7, 107.3)(418.9, 107.3);GATE
Port:(425.1, 25.2)(466.0, 25.2)(466.0, 30.0)(425.1, 30.0);SD
Module:M9
Boundary:(219.4, 408.0)(219.4, 477.7)(219.3, 477.7)(219.3, 490.7)(150.8, 490.7)(150.8, 408.0);GATE
Port:(150.8, 420.1)(155.5, 420.1)(155.5, 478.6)(150.8, 478.6);SD
Port:(219.4, 408.0)(219.4, 477.7)(219.3, 477.7)(219.3, 490.7)(158.0, 490.7)(158.0, 408.0);GATE
Port:(208.8, 414.7)(213.7, 414.7)(213.7, 471.0)(208.8, 471.0);SD
Module:M5
Boundary:(342.4, 535.3)(342.4, 632.6)(224.8, 632.6)(224.8, 535.3);GATE
Port:(224.8, 549.3)(230.5, 549.3)(230.5, 618.6)(224.8, 618.6);SD
Port:(342.4, 535.3)(342.4, 632.6)(233.2, 632.6)(233.2, 535.3);GATE
Port:(331.3, 542.3)(336.4, 542.3)(336.4, 625.6)(331.3, 625.6);SD
Module:M11
Boundary:(607.6, 166.3)(607.6, 273.2)(418.9, 273.2)(418.9, 166.3);GATE
Port:(418.9, 178.6)(423.3, 178.6)(423.3, 260.9)(418.9, 260.9);SD
Port:(607.6, 166.3)(607.6, 273.2)(424.6, 273.2)(424.6, 166.3);GATE
Port:(597.2, 171.8)(603.1, 171.8)(603.1, 267.7)(597.2, 267.7);SD
Module:M1
Boundary:(652.8, 370.3)(739.8, 370.3)(739.8, 517.6)(652.8, 517.6);GATE
Port:(664.9, 512.5)(727.7, 512.5)(727.7, 517.6)(664.9, 517.6);SD
Port:(652.8, 370.3)(739.8, 370.3)(739.8, 511.5)(652.8, 511.5);GATE
Port:(659.1, 375.6)(733.5, 375.6)(733.5, 380.9)(659.1, 380.9);SD
Module:M19
Boundary:(680.3, 20.0)(722.7, 20.0)(722.7, 20.1)(736.3, 20.1)(736.3, 241.7)(680.3, 241.7);GATE
Port:(691.6, 236.9)(725.0, 236.9)(725.0, 241.7)(691.6, 241.7);SD
Port:(680.3, 20.0)(722.7, 20.0)(722.7, 20.1)(736.3, 20.1)(736.3, 234.3)(680.3, 234.3);GATE
Port:(685.7, 24.4)(717.3, 24.4)(717.3, 29.1)(685.7, 29.1);SD
Module:M6
Boundary:(378.9, 20.0)(378.9, 88.7)(367.9, 88.7)(367.9, 103.8)(245.5, 103.8)(245.5, 20.0);GATE
Port:(245.5, 34.0)(250.4, 34.0)(250.4, 89.8)(245.5, 89.8);SD
Port:(378.9, 20.0)(378.9, 88.7)(367.9, 88.7)(367.9, 103.8)(252.7, 103.8)(252.7, 20.0);GATE
Port:(366.8, 26.0)(373.9, 26.0)(373.9, 81.7)(366.8, 81.7);SD
Module:M2
Boundary:(640.3, 20.0)(640.3, 112.5)(580.1, 112.5)(580.1, 126.3)(530.7, 126.3)(530.7, 20.0);GATE
Port:(530.7, 33.1)(534.8, 33.1)(534.8, 113.2)(530.7, 113.2);SD
Port:(640.3, 20.0)(640.3, 112.5)(580.1, 112.5)(580.1, 126.3)(536.6, 126.3)(536.6, 20.0);GATE
Port:(629.3, 26.4)(634.9, 26.4)(634.9, 105.1)(629.3, 105.1);SD
Module:M16
Boundary:(205.5, 20.0)(205.5, 85.4)(124.5, 85.4)(124.5, 100.9)(20.0, 100.9)(20.0, 20.0);GATE
Port:(20.0, 32.5)(25.6, 32.5)(25.6, 88.4)(20.0, 88.4);SD
Port:(205.5, 20.0)(205.5, 85.4)(124.5, 85.4)(124.5, 100.9)(28.1, 100.9)(28.1, 20.0);GATE
Port:(196.3, 25.3)(201.2, 25.3)(201.2, 79.1)(196.3, 79.1);SD
Module:M13
Boundary:(554.8, 543.5)(554.8, 636.7)(382.4, 636.7)(382.4, 543.5);GATE
Port:(382.4, 555.1)(386.4, 555.1)(386.4, 625.1)(382.4, 625.1);SD
Port:(554.8, 543.5)(554.8, 636.7)(387.4, 636.7)(387.4, 543.5);GATE
Port:(544.7, 548.7)(550.6, 548.7)(550.6, 631.5)(544.7, 631.5);SD
Module:M10
Boundary:(378.5, 252.8)(378.5, 352.8)(328.9, 352.8)(328.9, 368.0)(183.8, 368.0)(183.8, 252.8);GATE
Port:(183.8, 266.8)(189.7, 266.8)(189.7, 354.0)(183.8, 354.0);SD
Port:(378.5, 252.8)(378.5, 352.8)(328.9, 352.8)(328.9, 368.0)(191.9, 368.0)(191.9, 252.8);GATE
Port:(367.1, 259.3)(373.0, 259.3)(373.0, 345.3)(367.1, 345.3);SD
Module:M7
Boundary:(743.8, 281.7)(743.8, 330.3)(652.8, 330.3)(652.8, 281.7);GATE
Port:(652.8, 295.1)(657.4, 295.1)(657.4, 316.9)(652.8, 316.9);SD
Port:(743.8, 281.7)(743.8, 330.3)(659.4, 330.3)(659.4, 281.7);GATE
Port:(732.2, 288.1)(738.4, 288.1)(738.4, 323.9)(732.2, 323.9);SD
Module:M3
Boundary:(393.7, 408.0)(393.7, 495.3)(259.4, 495.3)(259.4, 408.0);GATE
Port:(259.4, 421.3)(265.2, 421.3)(265.2, 482.0)(259.4, 482.0);SD
Port:(393.7, 408.0)(393.7, 495.3)(268.0, 495.3)(268.0, 408.0);GATE
Port:(382.0, 414.6)(388.1, 414.6)(388.1, 488.7)(382.0, 488.7);SD
Module:M18
Boundary:(143.8, 140.9)(143.8, 211.7)(94.7, 211.7)(94.7, 227.9)(20.0, 227.9)(20.0, 140.9);GATE
Port:(20.0, 154.8)(24.9, 154.8)(24.9, 214.0)(20.0, 214.0);SD
Port:(143.8, 140.9)(143.8, 211.7)(94.7, 211.7)(94.7, 227.9)(27.7, 227.9)(27.7, 140.9);GATE
Port:(132.3, 147.1)(138.6, 147.1)(138.6, 204.5)(132.3, 204.5);SD
Module:M20
Boundary:(611.1, 433.1)(611.1, 486.8)(549.7, 486.8)(549.7, 503.5)(433.7, 503.5)(433.7, 433.1);GATE
Port:(433.7, 447.2)(438.3, 447.2)(438.3, 489.4)(433.7, 489.4);SD
Port:(611.1, 433.1)(611.1, 486.8)(549.7, 486.8)(549.7, 503.5)(440.6, 503.5)(440.6, 433.1);GATE
Port:(600.5, 438.7)(606.5, 438.7)(606.5, 480.2)(600.5, 480.2);SD
Module:M15
Boundary:(375.8, 143.8)(375.8, 196.8)(375.8, 196.8)(375.8, 212.8)(183.8, 212.8)(183.8, 143.8);GATE
Port:(183.8, 158.5)(188.5, 158.5)(188.5, 198.1)(183.8, 198.1);SD
Port:(375.8, 143.8)(375.8, 196.8)(375.8, 196.8)(375.8, 212.8)(189.8, 212.8)(189.8, 143.8);GATE
Port:(363.2, 150.7)(369.9, 150.7)(369.9, 189.9)(363.2, 189.9);SD
Module:M12
Boundary:(744.5, 557.6)(744.5, 619.4)(667.5, 619.4)(667.5, 633.3)(594.8, 633.3)(594.8, 557.6);GATE
Port:(594.8, 569.4)(600.6, 569.4)(600.6, 621.5)(594.8, 621.5);SD
Port:(744.5, 557.6)(744.5, 619.4)(667.5, 619.4)(667.5, 633.3)(601.6, 633.3)(601.6, 557.6);GATE
Port:(734.4, 563.5)(739.6, 563.5)(739.6, 612.5)(734.4, 612.5);SD
Module:M8
Boundary:(612.8, 313.2)(612.8, 378.8)(597.5, 378.8)(597.5, 393.1)(433.7, 393.1)(433.7, 313.2);GATE
Port:(433.7, 327.0)(438.5, 327.0)(438.5, 379.3)(433.7, 379.3);SD
Port:(612.8, 313.2)(612.8, 378.8)(597.5, 378.8)(597.5, 393.1)(440.6, 393.1)(440.6, 313.2);GATE
Port:(601.0, 319.0)(608.0, 319.0)(608.0, 372.0)(601.0, 372.0);SD
Module:M4
Boundary:(20.0, 267.9)(94.7, 267.9)(94.7, 303.9)(110.8, 303.9)(110.8, 474.6)(20.0, 474.6);GATE
Port:(35.9, 469.4)(94.9, 469.4)(94.9, 474.6)(35.9, 474.6);SD
Port:(20.0, 267.9)(94.7, 267.9)(94.7, 303.9)(110.8, 303.9)(110.8, 467.9)(20.0, 467.9);GATE
Port:(26.9, 273.8)(86.8, 273.8)(86.8, 281.6)(26.9, 281.6);SD
Module:M17
Boundary:(184.8, 530.7)(184.8, 640.2)(20.0, 640.2)(20.0, 530.7);GATE
Port:(20.0, 545.8)(25.1, 545.8)(25.1, 625.1)(20.0, 625.1);SD
Port:(184.8, 530.7)(184.8, 640.2)(27.8, 640.2)(27.8, 530.7);GATE
Port:(172.8, 536.4)(180.1, 536.4)(180.1, 634.5)(172.8, 634.5);SD
