Area:(-18.2, 10.5)(328.4, 10.5)(328.4, 951.1)(-18.2, 951.1)
Rule:GATE(5,5);SD(5,5);GATE_SD(0.5);GATE_ITO(0.5);SD_ITO(0.5)
Module:M1
Boundary:(210.1, 50.5)(210.1, 149.4)(209.9, 149.4)(209.9, 165.7)(23.0, 165.7)(23.0, 50.5);GATE
Port:(23.0, 64.1)(27.9, 64.1)(27.9, 152.1)(23.0, 152.1);SD
Port:(210.1, 50.5)(210.1, 149.4)(209.9, 149.4)(209.9, 165.7)(30.1, 165.7)(30.1, 50.5);GATE
Port:(199.7, 56.3)(205.3, 56.3)(205.3, 143.6)(199.7, 143.6);SD
Module:M3
Boundary:(227.3, 78.8)(282.7, 78.8)(282.7, 228.6)(227.3, 228.6);GATE
Port:(242.2, 223.2)(267.8, 223.2)(267.8, 228.6)(242.2, 228.6);SD
Port:(227.3, 78.8)(282.7, 78.8)(282.7, 220.5)(227.3, 220.5);GATE
Port:(233.8, 84.3)(276.2, 84.3)(276.2, 91.1)(233.8, 91.1);SD
Module:M5
Boundary:(145.0, 385.9)(259.8, 385.9)(259.8, 385.6)(278.6, 385.6)(278.6, 278.4)(145.0, 278.4);GATE
Port:(161.0, 278.4)(262.6, 278.4)(262.6, 282.8)(161.0, 282.8);SD
Port:(145.0, 385.9)(259.8, 385.9)(259.8, 385.6)(278.6, 385.6)(278.6, 285.0)(145.0, 285.0);GATE
Port:(151.7, 373.3)(253.1, 373.3)(253.1, 380.2)(151.7, 380.2);SD
Module:M9
Boundary:(50.5, 405.8)(119.0, 405.8)(119.0, 405.8)(135.7, 405.8)(135.7, 199.6)(50.5, 199.6);GATE
Port:(64.7, 199.6)(121.5, 199.6)(121.5, 205.5)(64.7, 205.5);SD
Port:(50.5, 405.8)(119.0, 405.8)(119.0, 405.8)(135.7, 405.8)(135.7, 207.5)(50.5, 207.5);GATE
Port:(55.9, 394.6)(113.6, 394.6)(113.6, 401.4)(55.9, 401.4);SD
Module:M2
Boundary:(31.9, 431.9)(121.3, 431.9)(121.3, 490.9)(138.1, 490.9)(138.1, 541.3)(31.9, 541.3);GATE
Port:(46.2, 535.6)(123.8, 535.6)(123.8, 541.3)(46.2, 541.3);SD
Port:(31.9, 431.9)(121.3, 431.9)(121.3, 490.9)(138.1, 490.9)(138.1, 533.9)(31.9, 533.9);GATE
Port:(38.1, 437.1)(114.1, 437.1)(114.1, 442.7)(38.1, 442.7);SD
Module:M6
Boundary:(148.5, 612.7)(246.3, 612.7)(246.3, 533.5)(261.5, 533.5)(261.5, 392.7)(148.5, 392.7);GATE
Port:(160.8, 392.7)(249.2, 392.7)(249.2, 398.1)(160.8, 398.1);SD
Port:(148.5, 612.7)(246.3, 612.7)(246.3, 533.5)(261.5, 533.5)(261.5, 399.7)(148.5, 399.7);GATE
Port:(154.0, 603.3)(239.8, 603.3)(239.8, 608.2)(154.0, 608.2);SD
Module:M8
Boundary:(141.4, 652.9)(141.4, 562.9)(75.2, 562.9)(75.2, 546.3)(21.8, 546.3)(21.8, 652.9);GATE
Port:(21.8, 560.6)(25.9, 560.6)(25.9, 638.6)(21.8, 638.6);SD
Port:(141.4, 652.9)(141.4, 562.9)(75.2, 562.9)(75.2, 546.3)(28.1, 546.3)(28.1, 652.9);GATE
Port:(130.0, 569.6)(136.7, 569.6)(136.7, 647.2)(130.0, 647.2);SD
Module:M7
Boundary:(63.5, 776.6)(63.5, 724.1)(63.6, 724.1)(63.6, 707.1)(160.2, 707.1)(160.2, 776.6);GATE
Port:(154.7, 721.7)(160.2, 721.7)(160.2, 762.0)(154.7, 762.0);SD
Port:(63.5, 776.6)(63.5, 724.1)(63.6, 724.1)(63.6, 707.1)(152.2, 707.1)(152.2, 776.6);GATE
Port:(69.2, 730.8)(74.9, 730.8)(74.9, 769.9)(69.2, 769.9);SD
Module:M4
Boundary:(288.4, 634.6)(182.4, 634.6)(182.4, 711.4)(166.2, 711.4)(166.2, 786.8)(288.4, 786.8);GATE
Port:(180.9, 781.1)(273.7, 781.1)(273.7, 786.8)(180.9, 786.8);SD
Port:(288.4, 634.6)(182.4, 634.6)(182.4, 711.4)(166.2, 711.4)(166.2, 779.2)(288.4, 779.2);GATE
Port:(189.7, 639.9)(282.1, 639.9)(282.1, 646.0)(189.7, 646.0);SD
Module:M10
Boundary:(254.9, 911.1)(254.9, 840.1)(215.0, 840.1)(215.0, 823.8)(30.0, 823.8)(30.0, 911.1);GATE
Port:(30.0, 838.3)(35.4, 838.3)(35.4, 896.6)(30.0, 896.6);SD
Port:(254.9, 911.1)(254.9, 840.1)(215.0, 840.1)(215.0, 823.8)(37.1, 823.8)(37.1, 911.1);GATE
Port:(243.8, 846.6)(250.4, 846.6)(250.4, 905.6)(243.8, 905.6);SD
