Area:(1.1, -20.0)(906.0, -20.0)(906.0, 870.3)(1.1, 870.3)
Rule:GATE(5,5);SD(5,5);GATE_SD(0.5);GATE_ITO(0.5);SD_ITO(0.5)
Module:M4
Boundary:(735.7, 131.1)(811.7, 131.1)(811.7, 123.1)(826.7, 123.1)(826.7, 60.1)(735.7, 60.1);GATE
Port:(750.2, 60.1)(812.2, 60.1)(812.2, 70.1)(750.2, 70.1);SD
Port:(735.7, 131.1)(811.7, 131.1)(811.7, 123.1)(826.7, 123.1)(826.7, 75.1)(735.7, 75.1);GATE
Port:(745.7, 122.1)(796.7, 122.1)(796.7, 126.1)(745.7, 126.1);SD
Module:M2
Boundary:(508.4, 20.0)(432.4, 20.0)(432.4, 28.0)(417.4, 28.0)(417.4, 93.0)(508.4, 93.0);GATE
Port:(431.9, 83.0)(493.9, 83.0)(493.9, 93.0)(431.9, 93.0);SD
Port:(508.4, 20.0)(432.4, 20.0)(432.4, 28.0)(417.4, 28.0)(417.4, 78.0)(508.4, 78.0);GATE
Port:(447.4, 25.0)(498.4, 25.0)(498.4, 29.0)(447.4, 29.0);SD
Module:M1
Boundary:(705.6, 98.3)(705.6, 25.3)(508.6, 25.3)(508.6, 98.3);GATE
Port:(508.6, 39.8)(518.6, 39.8)(518.6, 83.8)(508.6, 83.8);SD
Port:(705.6, 98.3)(705.6, 25.3)(523.6, 25.3)(523.6, 98.3);GATE
Port:(696.6, 35.3)(700.6, 35.3)(700.6, 88.3)(696.6, 88.3);SD
Module:M15
Boundary:(202.5, 178.5)(202.5, 85.0)(192.5, 85.0)(192.5, 69.5)(69.5, 69.5)(69.5, 178.5);GATE
Port:(69.5, 84.0)(79.5, 84.0)(79.5, 164.0)(69.5, 164.0);SD
Port:(202.5, 178.5)(202.5, 85.0)(192.5, 85.0)(192.5, 69.5)(84.5, 69.5)(84.5, 178.5);GATE
Port:(193.5, 99.5)(197.5, 99.5)(197.5, 168.5)(193.5, 168.5);SD
Module:M18
Boundary:(403.5, 20.0)(403.5, 149.5)(389.5, 149.5)(389.5, 165.0)(226.5, 165.0)(226.5, 20.0);GATE
Port:(226.5, 34.5)(236.5, 34.5)(236.5, 150.5)(226.5, 150.5);SD
Port:(403.5, 20.0)(403.5, 149.5)(389.5, 149.5)(389.5, 165.0)(241.5, 165.0)(241.5, 20.0);GATE
Port:(394.5, 30.0)(398.5, 30.0)(398.5, 135.0)(394.5, 135.0);SD
Module:M5
Boundary:(840.9, 191.4)(840.9, 266.9)(784.9, 266.9)(784.9, 336.4)(705.9, 336.4)(705.9, 191.4);GATE
Port:(705.9, 205.9)(715.9, 205.9)(715.9, 321.9)(705.9, 321.9);SD
Port:(840.9, 191.4)(840.9, 266.9)(784.9, 266.9)(784.9, 336.4)(720.9, 336.4)(720.9, 191.4);GATE
Port:(831.9, 201.4)(835.9, 201.4)(835.9, 252.4)(831.9, 252.4);SD
Module:M10
Boundary:(538.5, 162.8)(632.0, 162.8)(632.0, 228.8)(665.5, 228.8)(665.5, 311.8)(538.5, 311.8);GATE
Port:(553.0, 301.8)(651.0, 301.8)(651.0, 311.8)(553.0, 311.8);SD
Port:(538.5, 162.8)(632.0, 162.8)(632.0, 228.8)(665.5, 228.8)(665.5, 296.8)(538.5, 296.8);GATE
Port:(548.5, 167.8)(617.5, 167.8)(617.5, 171.8)(548.5, 171.8);SD
Module:M17
Boundary:(177.0, 205.0)(177.0, 281.0)(185.0, 281.0)(185.0, 296.0)(367.0, 296.0)(367.0, 205.0);GATE
Port:(357.0, 219.5)(367.0, 219.5)(367.0, 281.5)(357.0, 281.5);SD
Port:(177.0, 205.0)(177.0, 281.0)(185.0, 281.0)(185.0, 296.0)(352.0, 296.0)(352.0, 205.0);GATE
Port:(182.0, 215.0)(186.0, 215.0)(186.0, 266.0)(182.0, 266.0);SD
Module:M24
Boundary:(410.0, 296.0)(410.0, 184.5)(441.2, 184.5)(441.2, 133.0)(519.0, 133.0)(519.0, 296.0);GATE
Port:(509.0, 147.5)(519.0, 147.5)(519.0, 281.5)(509.0, 281.5);SD
Port:(410.0, 296.0)(410.0, 184.5)(441.2, 184.5)(441.2, 133.0)(504.0, 133.0)(504.0, 296.0);GATE
Port:(415.0, 199.0)(419.0, 199.0)(419.0, 286.0)(415.0, 286.0);SD
Module:M23
Boundary:(158.1, 367.8)(158.1, 238.3)(144.1, 238.3)(144.1, 222.8)(41.1, 222.8)(41.1, 367.8);GATE
Port:(41.1, 237.3)(51.1, 237.3)(51.1, 353.3)(41.1, 353.3);SD
Port:(158.1, 367.8)(158.1, 238.3)(144.1, 238.3)(144.1, 222.8)(56.1, 222.8)(56.1, 367.8);GATE
Port:(149.1, 252.8)(153.1, 252.8)(153.1, 357.8)(149.1, 357.8);SD
Module:M6
Boundary:(523.2, 437.0)(375.7, 437.0)(375.7, 421.0)(360.2, 421.0)(360.2, 353.0)(523.2, 353.0);GATE
Port:(374.7, 353.0)(508.7, 353.0)(508.7, 363.0)(374.7, 363.0);SD
Port:(523.2, 437.0)(375.7, 437.0)(375.7, 421.0)(360.2, 421.0)(360.2, 368.0)(523.2, 368.0);GATE
Port:(390.2, 428.0)(513.2, 428.0)(513.2, 432.0)(390.2, 432.0);SD
Module:M8
Boundary:(70.1, 380.1)(70.1, 453.1)(252.1, 453.1)(252.1, 380.1);GATE
Port:(242.1, 394.6)(252.1, 394.6)(252.1, 438.6)(242.1, 438.6);SD
Port:(70.1, 380.1)(70.1, 453.1)(237.1, 453.1)(237.1, 380.1);GATE
Port:(75.1, 390.1)(79.1, 390.1)(79.1, 443.1)(75.1, 443.1);SD
Module:M11
Boundary:(348.4, 350.1)(348.4, 426.1)(340.4, 426.1)(340.4, 441.1)(262.4, 441.1)(262.4, 350.1);GATE
Port:(262.4, 364.6)(272.4, 364.6)(272.4, 426.6)(262.4, 426.6);SD
Port:(348.4, 350.1)(348.4, 426.1)(340.4, 426.1)(340.4, 441.1)(277.4, 441.1)(277.4, 350.1);GATE
Port:(339.4, 360.1)(343.4, 360.1)(343.4, 411.1)(339.4, 411.1);SD
Module:M20
Boundary:(559.0, 324.3)(652.5, 324.3)(652.5, 449.6)(866.0, 449.6)(866.0, 519.3)(559.0, 519.3);GATE
Port:(573.5, 509.3)(851.5, 509.3)(851.5, 519.3)(573.5, 519.3);SD
Port:(559.0, 324.3)(652.5, 324.3)(652.5, 449.6)(866.0, 449.6)(866.0, 504.3)(559.0, 504.3);GATE
Port:(569.0, 329.3)(638.0, 329.3)(638.0, 333.3)(569.0, 333.3);SD
Module:M13
Boundary:(530.0, 522.4)(530.0, 449.4)(373.0, 449.4)(373.0, 522.4);GATE
Port:(373.0, 463.9)(383.0, 463.9)(383.0, 507.9)(373.0, 507.9);SD
Port:(530.0, 522.4)(530.0, 449.4)(388.0, 449.4)(388.0, 522.4);GATE
Port:(521.0, 459.4)(525.0, 459.4)(525.0, 512.4)(521.0, 512.4);SD
Module:M3
Boundary:(242.0, 463.3)(318.0, 463.3)(318.0, 471.3)(333.0, 471.3)(333.0, 580.3)(242.0, 580.3);GATE
Port:(256.5, 570.3)(318.5, 570.3)(318.5, 580.3)(256.5, 580.3);SD
Port:(242.0, 463.3)(318.0, 463.3)(318.0, 471.3)(333.0, 471.3)(333.0, 565.3)(242.0, 565.3);GATE
Port:(252.0, 468.3)(303.0, 468.3)(303.0, 472.3)(252.0, 472.3);SD
Module:M7
Boundary:(71.8, 637.2)(165.3, 637.2)(165.3, 557.0)(234.8, 557.0)(234.8, 453.2)(71.8, 453.2);GATE
Port:(86.3, 453.2)(220.3, 453.2)(220.3, 463.2)(86.3, 463.2);SD
Port:(71.8, 637.2)(165.3, 637.2)(165.3, 557.0)(234.8, 557.0)(234.8, 468.2)(71.8, 468.2);GATE
Port:(81.8, 628.2)(150.8, 628.2)(150.8, 632.2)(81.8, 632.2);SD
Module:M22
Boundary:(857.6, 671.9)(857.6, 578.4)(758.0, 578.4)(758.0, 526.9)(683.6, 526.9)(683.6, 671.9);GATE
Port:(683.6, 541.4)(693.6, 541.4)(693.6, 657.4)(683.6, 657.4);SD
Port:(857.6, 671.9)(857.6, 578.4)(758.0, 578.4)(758.0, 526.9)(698.6, 526.9)(698.6, 671.9);GATE
Port:(848.6, 592.9)(852.6, 592.9)(852.6, 661.9)(848.6, 661.9);SD
Module:M9
Boundary:(481.0, 714.5)(610.5, 714.5)(610.5, 669.4)(662.0, 669.4)(662.0, 565.5)(481.0, 565.5);GATE
Port:(495.5, 565.5)(647.5, 565.5)(647.5, 575.5)(495.5, 575.5);SD
Port:(481.0, 714.5)(610.5, 714.5)(610.5, 669.4)(662.0, 669.4)(662.0, 580.5)(481.0, 580.5);GATE
Port:(491.0, 705.5)(596.0, 705.5)(596.0, 709.5)(491.0, 709.5);SD
Module:M19
Boundary:(280.8, 620.4)(392.3, 620.4)(392.3, 667.4)(479.8, 667.4)(479.8, 723.4)(280.8, 723.4);GATE
Port:(295.3, 713.4)(465.3, 713.4)(465.3, 723.4)(295.3, 723.4);SD
Port:(280.8, 620.4)(392.3, 620.4)(392.3, 667.4)(479.8, 667.4)(479.8, 708.4)(280.8, 708.4);GATE
Port:(290.8, 625.4)(377.8, 625.4)(377.8, 629.4)(290.8, 629.4);SD
Module:M16
Boundary:(642.1, 750.3)(642.1, 823.3)(513.1, 823.3)(513.1, 750.3);GATE
Port:(513.1, 764.8)(523.1, 764.8)(523.1, 808.8)(513.1, 808.8);SD
Port:(642.1, 750.3)(642.1, 823.3)(528.1, 823.3)(528.1, 750.3);GATE
Port:(633.1, 760.3)(637.1, 760.3)(637.1, 813.3)(633.1, 813.3);SD
Module:M12
Boundary:(197.3, 655.7)(67.8, 655.7)(67.8, 669.7)(52.3, 669.7)(52.3, 802.7)(197.3, 802.7);GATE
Port:(66.8, 792.7)(182.8, 792.7)(182.8, 802.7)(66.8, 802.7);SD
Port:(197.3, 655.7)(67.8, 655.7)(67.8, 669.7)(52.3, 669.7)(52.3, 787.7)(197.3, 787.7);GATE
Port:(82.3, 660.7)(187.3, 660.7)(187.3, 664.7)(82.3, 664.7);SD
Module:M21
Boundary:(834.7, 712.2)(687.2, 712.2)(687.2, 728.2)(671.7, 728.2)(671.7, 809.2)(834.7, 809.2);GATE
Port:(686.2, 799.2)(820.2, 799.2)(820.2, 809.2)(686.2, 809.2);SD
Port:(834.7, 712.2)(687.2, 712.2)(687.2, 728.2)(671.7, 728.2)(671.7, 794.2)(834.7, 794.2);GATE
Port:(701.7, 717.2)(824.7, 717.2)(824.7, 721.2)(701.7, 721.2);SD
Module:M14
Boundary:(314.0, 805.5)(314.0, 732.5)(205.0, 732.5)(205.0, 805.5);GATE
Port:(205.0, 747.0)(215.0, 747.0)(215.0, 791.0)(205.0, 791.0);SD
Port:(314.0, 805.5)(314.0, 732.5)(220.0, 732.5)(220.0, 805.5);GATE
Port:(305.0, 742.5)(309.0, 742.5)(309.0, 795.5)(305.0, 795.5);SD
Module:M25
Boundary:(337.8, 757.3)(337.8, 830.3)(480.8, 830.3)(480.8, 757.3);GATE
Port:(470.8, 771.8)(480.8, 771.8)(480.8, 815.8)(470.8, 815.8);SD
Port:(337.8, 757.3)(337.8, 830.3)(465.8, 830.3)(465.8, 757.3);GATE
Port:(342.8, 767.3)(346.8, 767.3)(346.8, 820.3)(342.8, 820.3);SD
