Area:(-20.0, -20.0)(527.0, -20.0)(527.0, 1047.0)(-20.0, 1047.0)
Rule:GATE(5,5);SD(5,5);GATE_SD(0.5);GATE_ITO(0.5);SD_ITO(0.5)
Module:M14
Boundary:(30.0, 167.0)(159.5, 167.0)(159.5, 181.0)(175.0, 181.0)(175.0, 300.0)(30.0, 300.0);GATE
Port:(44.5, 290.0)(160.5, 290.0)(160.5, 300.0)(44.5, 300.0);SD
Port:(30.0, 167.0)(159.5, 167.0)(159.5, 181.0)(175.0, 181.0)(175.0, 285.0)(30.0, 285.0);GATE
Port:(40.0, 172.0)(145.0, 172.0)(145.0, 176.0)(40.0, 176.0);SD
Module:M9
Boundary:(458.0, 379.0)(458.0, 452.0)(300.0, 452.0)(300.0, 379.0);GATE
Port:(300.0, 393.5)(310.0, 393.5)(310.0, 437.5)(300.0, 437.5);SD
Port:(458.0, 379.0)(458.0, 452.0)(315.0, 452.0)(315.0, 379.0);GATE
Port:(449.0, 389.0)(453.0, 389.0)(453.0, 442.0)(449.0, 442.0);SD
Module:M5
Boundary:(483.0, 194.0)(483.0, 287.5)(427.8, 287.5)(427.8, 339.0)(300.0, 339.0)(300.0, 194.0);GATE
Port:(300.0, 208.5)(310.0, 208.5)(310.0, 324.5)(300.0, 324.5);SD
Port:(483.0, 194.0)(483.0, 287.5)(427.8, 287.5)(427.8, 339.0)(315.0, 339.0)(315.0, 194.0);GATE
Port:(474.0, 204.0)(478.0, 204.0)(478.0, 273.0)(474.0, 273.0);SD
Module:M11
Boundary:(286.0, 644.0)(286.0, 737.5)(276.0, 737.5)(276.0, 753.0)(133.0, 753.0)(133.0, 644.0);GATE
Port:(133.0, 658.5)(143.0, 658.5)(143.0, 738.5)(133.0, 738.5);SD
Port:(286.0, 644.0)(286.0, 737.5)(276.0, 737.5)(276.0, 753.0)(148.0, 753.0)(148.0, 644.0);GATE
Port:(277.0, 654.0)(281.0, 654.0)(281.0, 723.0)(277.0, 723.0);SD
Module:M1
Boundary:(229.0, 803.0)(229.0, 950.5)(136.2, 950.5)(136.2, 984.0)(30.0, 984.0)(30.0, 803.0);GATE
Port:(30.0, 817.5)(40.0, 817.5)(40.0, 969.5)(30.0, 969.5);SD
Port:(229.0, 803.0)(229.0, 950.5)(136.2, 950.5)(136.2, 984.0)(45.0, 984.0)(45.0, 803.0);GATE
Port:(220.0, 813.0)(224.0, 813.0)(224.0, 936.0)(220.0, 936.0);SD
Module:M6
Boundary:(133.0, 350.0)(244.5, 350.0)(244.5, 362.0)(260.0, 362.0)(260.0, 437.0)(133.0, 437.0);GATE
Port:(147.5, 427.0)(245.5, 427.0)(245.5, 437.0)(147.5, 437.0);SD
Port:(133.0, 350.0)(244.5, 350.0)(244.5, 362.0)(260.0, 362.0)(260.0, 422.0)(133.0, 422.0);GATE
Port:(143.0, 355.0)(230.0, 355.0)(230.0, 359.0)(143.0, 359.0);SD
Module:M2
Boundary:(166.0, 20.0)(277.5, 20.0)(277.5, 32.0)(293.0, 32.0)(293.0, 117.0)(166.0, 117.0);GATE
Port:(180.5, 107.0)(278.5, 107.0)(278.5, 117.0)(180.5, 117.0);SD
Port:(166.0, 20.0)(277.5, 20.0)(277.5, 32.0)(293.0, 32.0)(293.0, 102.0)(166.0, 102.0);GATE
Port:(176.0, 25.0)(263.0, 25.0)(263.0, 29.0)(176.0, 29.0);SD
Module:M16
Boundary:(20.0, 575.0)(93.0, 575.0)(93.0, 722.0)(20.0, 722.0);GATE
Port:(34.5, 712.0)(78.5, 712.0)(78.5, 722.0)(34.5, 722.0);SD
Port:(20.0, 575.0)(93.0, 575.0)(93.0, 707.0)(20.0, 707.0);GATE
Port:(30.0, 580.0)(83.0, 580.0)(83.0, 584.0)(30.0, 584.0);SD
Module:M13
Boundary:(126.0, 20.0)(126.0, 96.0)(118.0, 96.0)(118.0, 111.0)(20.0, 111.0)(20.0, 20.0);GATE
Port:(20.0, 34.5)(30.0, 34.5)(30.0, 96.5)(20.0, 96.5);SD
Port:(126.0, 20.0)(126.0, 96.0)(118.0, 96.0)(118.0, 111.0)(35.0, 111.0)(35.0, 20.0);GATE
Port:(117.0, 30.0)(121.0, 30.0)(121.0, 81.0)(117.0, 81.0);SD
Module:M10
Boundary:(212.0, 477.0)(212.0, 588.5)(200.0, 588.5)(200.0, 604.0)(133.0, 604.0)(133.0, 477.0);GATE
Port:(133.0, 491.5)(143.0, 491.5)(143.0, 589.5)(133.0, 589.5);SD
Port:(212.0, 477.0)(212.0, 588.5)(200.0, 588.5)(200.0, 604.0)(148.0, 604.0)(148.0, 477.0);GATE
Port:(203.0, 487.0)(207.0, 487.0)(207.0, 574.0)(203.0, 574.0);SD
Module:M7
Boundary:(20.0, 350.0)(93.0, 350.0)(93.0, 535.0)(20.0, 535.0);GATE
Port:(34.5, 525.0)(78.5, 525.0)(78.5, 535.0)(34.5, 535.0);SD
Port:(20.0, 350.0)(93.0, 350.0)(93.0, 520.0)(20.0, 520.0);GATE
Port:(30.0, 355.0)(83.0, 355.0)(83.0, 359.0)(30.0, 359.0);SD
Module:M3
Boundary:(487.0, 641.0)(487.0, 752.5)(417.8, 752.5)(417.8, 822.0)(326.0, 822.0)(326.0, 641.0);GATE
Port:(326.0, 655.5)(336.0, 655.5)(336.0, 807.5)(326.0, 807.5);SD
Port:(487.0, 641.0)(487.0, 752.5)(417.8, 752.5)(417.8, 822.0)(341.0, 822.0)(341.0, 641.0);GATE
Port:(478.0, 651.0)(482.0, 651.0)(482.0, 738.0)(478.0, 738.0);SD
Module:M15
Boundary:(479.0, 492.0)(479.0, 585.5)(469.0, 585.5)(469.0, 601.0)(375.0, 601.0)(375.0, 492.0);GATE
Port:(375.0, 506.5)(385.0, 506.5)(385.0, 586.5)(375.0, 586.5);SD
Port:(479.0, 492.0)(479.0, 585.5)(469.0, 585.5)(469.0, 601.0)(390.0, 601.0)(390.0, 492.0);GATE
Port:(470.0, 502.0)(474.0, 502.0)(474.0, 571.0)(470.0, 571.0);SD
Module:M12
Boundary:(335.0, 492.0)(335.0, 585.5)(325.0, 585.5)(325.0, 601.0)(252.0, 601.0)(252.0, 492.0);GATE
Port:(252.0, 506.5)(262.0, 506.5)(262.0, 586.5)(252.0, 586.5);SD
Port:(335.0, 492.0)(335.0, 585.5)(325.0, 585.5)(325.0, 601.0)(267.0, 601.0)(267.0, 492.0);GATE
Port:(326.0, 502.0)(330.0, 502.0)(330.0, 571.0)(326.0, 571.0);SD
Module:M8
Boundary:(333.0, 20.0)(462.5, 20.0)(462.5, 34.0)(478.0, 34.0)(478.0, 154.0)(333.0, 154.0);GATE
Port:(347.5, 144.0)(463.5, 144.0)(463.5, 154.0)(347.5, 154.0);SD
Port:(333.0, 20.0)(462.5, 20.0)(462.5, 34.0)(478.0, 34.0)(478.0, 139.0)(333.0, 139.0);GATE
Port:(343.0, 25.0)(448.0, 25.0)(448.0, 29.0)(343.0, 29.0);SD
Module:M4
Boundary:(479.0, 862.0)(479.0, 991.5)(465.0, 991.5)(465.0, 1007.0)(279.0, 1007.0)(279.0, 862.0);GATE
Port:(279.0, 876.5)(289.0, 876.5)(289.0, 992.5)(279.0, 992.5);SD
Port:(479.0, 862.0)(479.0, 991.5)(465.0, 991.5)(465.0, 1007.0)(294.0, 1007.0)(294.0, 862.0);GATE
Port:(470.0, 872.0)(474.0, 872.0)(474.0, 977.0)(470.0, 977.0);SD
