Area:(-20.0, -20.0)(1310.0, -20.0)(1310.0, 1069.0)(-20.0, 1069.0)
Rule:GATE(5,5);SD(5,5);GATE_SD(0.5);GATE_ITO(0.5);SD_ITO(0.5)
Module:M14
Boundary:(202.0, 938.0)(202.0, 1014.0)(194.0, 1014.0)(194.0, 1029.0)(20.0, 1029.0)(20.0, 938.0);GATE
Port:(20.0, 952.5)(30.0, 952.5)(30.0, 1014.5)(20.0, 1014.5);SD
Port:(202.0, 938.0)(202.0, 1014.0)(194.0, 1014.0)(194.0, 1029.0)(35.0, 1029.0)(35.0, 938.0);GATE
Port:(193.0, 948.0)(197.0, 948.0)(197.0, 999.0)(193.0, 999.0);SD
Module:M9
Boundary:(876.0, 20.0)(1023.5, 20.0)(1023.5, 36.0)(1039.0, 36.0)(1039.0, 143.0)(876.0, 143.0);GATE
Port:(890.5, 133.0)(1024.5, 133.0)(1024.5, 143.0)(890.5, 143.0);SD
Port:(876.0, 20.0)(1023.5, 20.0)(1023.5, 36.0)(1039.0, 36.0)(1039.0, 128.0)(876.0, 128.0);GATE
Port:(886.0, 25.0)(1009.0, 25.0)(1009.0, 29.0)(886.0, 29.0);SD
Module:M5
Boundary:(839.0, 914.0)(839.0, 1007.5)(829.0, 1007.5)(829.0, 1023.0)(668.0, 1023.0)(668.0, 914.0);GATE
Port:(668.0, 928.5)(678.0, 928.5)(678.0, 1008.5)(668.0, 1008.5);SD
Port:(839.0, 914.0)(839.0, 1007.5)(829.0, 1007.5)(829.0, 1023.0)(683.0, 1023.0)(683.0, 914.0);GATE
Port:(830.0, 924.0)(834.0, 924.0)(834.0, 993.0)(830.0, 993.0);SD
Module:M11
Boundary:(753.0, 598.0)(829.0, 598.0)(829.0, 606.0)(844.0, 606.0)(844.0, 759.0)(753.0, 759.0);GATE
Port:(767.5, 749.0)(829.5, 749.0)(829.5, 759.0)(767.5, 759.0);SD
Port:(753.0, 598.0)(829.0, 598.0)(829.0, 606.0)(844.0, 606.0)(844.0, 744.0)(753.0, 744.0);GATE
Port:(763.0, 603.0)(814.0, 603.0)(814.0, 607.0)(763.0, 607.0);SD
Module:M1
Boundary:(846.0, 431.0)(846.0, 542.5)(829.0, 542.5)(829.0, 558.0)(733.0, 558.0)(733.0, 431.0);GATE
Port:(733.0, 445.5)(743.0, 445.5)(743.0, 543.5)(733.0, 543.5);SD
Port:(846.0, 431.0)(846.0, 542.5)(829.0, 542.5)(829.0, 558.0)(748.0, 558.0)(748.0, 431.0);GATE
Port:(837.0, 441.0)(841.0, 441.0)(841.0, 528.0)(837.0, 528.0);SD
Module:M38
Boundary:(840.0, 218.0)(840.0, 347.5)(830.0, 347.5)(830.0, 381.0)(777.0, 381.0)(777.0, 218.0);GATE
Port:(777.0, 232.5)(787.0, 232.5)(787.0, 366.5)(777.0, 366.5);SD
Port:(840.0, 218.0)(840.0, 347.5)(830.0, 347.5)(830.0, 381.0)(792.0, 381.0)(792.0, 218.0);GATE
Port:(831.0, 228.0)(835.0, 228.0)(835.0, 333.0)(831.0, 333.0);SD
Module:M40
Boundary:(555.0, 30.0)(666.5, 30.0)(666.5, 97.4)(826.0, 97.4)(826.0, 158.0)(555.0, 158.0);GATE
Port:(569.5, 148.0)(811.5, 148.0)(811.5, 158.0)(569.5, 158.0);SD
Port:(555.0, 30.0)(666.5, 30.0)(666.5, 97.4)(826.0, 97.4)(826.0, 143.0)(555.0, 143.0);GATE
Port:(565.0, 35.0)(652.0, 35.0)(652.0, 39.0)(565.0, 39.0);SD
Module:M35
Boundary:(427.0, 612.0)(520.5, 612.0)(520.5, 622.0)(536.0, 622.0)(536.0, 727.0)(427.0, 727.0);GATE
Port:(441.5, 717.0)(521.5, 717.0)(521.5, 727.0)(441.5, 727.0);SD
Port:(427.0, 612.0)(520.5, 612.0)(520.5, 622.0)(536.0, 622.0)(536.0, 712.0)(427.0, 712.0);GATE
Port:(437.0, 617.0)(506.0, 617.0)(506.0, 621.0)(437.0, 621.0);SD
Module:M32
Boundary:(20.0, 711.0)(167.5, 711.0)(167.5, 727.0)(183.0, 727.0)(183.0, 898.0)(20.0, 898.0);GATE
Port:(34.5, 888.0)(168.5, 888.0)(168.5, 898.0)(34.5, 898.0);SD
Port:(20.0, 711.0)(167.5, 711.0)(167.5, 727.0)(183.0, 727.0)(183.0, 883.0)(20.0, 883.0);GATE
Port:(30.0, 716.0)(153.0, 716.0)(153.0, 720.0)(30.0, 720.0);SD
Module:M27
Boundary:(582.0, 208.0)(639.5, 208.0)(639.5, 262.2)(727.0, 262.2)(727.0, 368.0)(582.0, 368.0);GATE
Port:(596.5, 358.0)(712.5, 358.0)(712.5, 368.0)(596.5, 368.0);SD
Port:(582.0, 208.0)(639.5, 208.0)(639.5, 262.2)(727.0, 262.2)(727.0, 353.0)(582.0, 353.0);GATE
Port:(592.0, 213.0)(625.0, 213.0)(625.0, 217.0)(592.0, 217.0);SD
Module:M24
Boundary:(890.0, 616.0)(1019.5, 616.0)(1019.5, 630.0)(1035.0, 630.0)(1035.0, 723.0)(890.0, 723.0);GATE
Port:(904.5, 713.0)(1020.5, 713.0)(1020.5, 723.0)(904.5, 723.0);SD
Port:(890.0, 616.0)(1019.5, 616.0)(1019.5, 630.0)(1035.0, 630.0)(1035.0, 708.0)(890.0, 708.0);GATE
Port:(900.0, 621.0)(1005.0, 621.0)(1005.0, 625.0)(900.0, 625.0);SD
Module:M19
Boundary:(1197.0, 318.0)(1270.0, 318.0)(1270.0, 488.0)(1197.0, 488.0);GATE
Port:(1211.5, 478.0)(1255.5, 478.0)(1255.5, 488.0)(1211.5, 488.0);SD
Port:(1197.0, 318.0)(1270.0, 318.0)(1270.0, 473.0)(1197.0, 473.0);GATE
Port:(1207.0, 323.0)(1260.0, 323.0)(1260.0, 327.0)(1207.0, 327.0);SD
Module:M6
Boundary:(1245.0, 20.0)(1245.0, 113.5)(1235.0, 113.5)(1235.0, 129.0)(1079.0, 129.0)(1079.0, 20.0);GATE
Port:(1079.0, 34.5)(1089.0, 34.5)(1089.0, 114.5)(1079.0, 114.5);SD
Port:(1245.0, 20.0)(1245.0, 113.5)(1235.0, 113.5)(1235.0, 129.0)(1094.0, 129.0)(1094.0, 20.0);GATE
Port:(1236.0, 30.0)(1240.0, 30.0)(1240.0, 99.0)(1236.0, 99.0);SD
Module:M21
Boundary:(1082.0, 763.0)(1082.0, 836.0)(890.0, 836.0)(890.0, 763.0);GATE
Port:(890.0, 777.5)(900.0, 777.5)(900.0, 821.5)(890.0, 821.5);SD
Port:(1082.0, 763.0)(1082.0, 836.0)(905.0, 836.0)(905.0, 763.0);GATE
Port:(1073.0, 773.0)(1077.0, 773.0)(1077.0, 826.0)(1073.0, 826.0);SD
Module:M2
Boundary:(900.0, 371.0)(1011.5, 371.0)(1011.5, 383.0)(1027.0, 383.0)(1027.0, 453.0)(900.0, 453.0);GATE
Port:(914.5, 443.0)(1012.5, 443.0)(1012.5, 453.0)(914.5, 453.0);SD
Port:(900.0, 371.0)(1011.5, 371.0)(1011.5, 383.0)(1027.0, 383.0)(1027.0, 438.0)(900.0, 438.0);GATE
Port:(910.0, 376.0)(997.0, 376.0)(997.0, 380.0)(910.0, 380.0);SD
Module:M16
Boundary:(631.0, 778.0)(631.0, 851.0)(431.0, 851.0)(431.0, 778.0);GATE
Port:(431.0, 792.5)(441.0, 792.5)(441.0, 836.5)(431.0, 836.5);SD
Port:(631.0, 778.0)(631.0, 851.0)(446.0, 851.0)(446.0, 778.0);GATE
Port:(622.0, 788.0)(626.0, 788.0)(626.0, 841.0)(622.0, 841.0);SD
Module:M13
Boundary:(320.0, 266.0)(320.0, 395.5)(306.0, 395.5)(306.0, 411.0)(225.0, 411.0)(225.0, 266.0);GATE
Port:(225.0, 280.5)(235.0, 280.5)(235.0, 396.5)(225.0, 396.5);SD
Port:(320.0, 266.0)(320.0, 395.5)(306.0, 395.5)(306.0, 411.0)(240.0, 411.0)(240.0, 266.0);GATE
Port:(311.0, 276.0)(315.0, 276.0)(315.0, 381.0)(311.0, 381.0);SD
Module:M10
Boundary:(1143.0, 844.0)(1254.5, 844.0)(1254.5, 856.0)(1270.0, 856.0)(1270.0, 1024.0)(1143.0, 1024.0);GATE
Port:(1157.5, 1014.0)(1255.5, 1014.0)(1255.5, 1024.0)(1157.5, 1024.0);SD
Port:(1143.0, 844.0)(1254.5, 844.0)(1254.5, 856.0)(1270.0, 856.0)(1270.0, 1009.0)(1143.0, 1009.0);GATE
Port:(1153.0, 849.0)(1240.0, 849.0)(1240.0, 853.0)(1153.0, 853.0);SD
Module:M37
Boundary:(713.0, 647.0)(713.0, 723.0)(705.0, 723.0)(705.0, 738.0)(586.0, 738.0)(586.0, 647.0);GATE
Port:(586.0, 661.5)(596.0, 661.5)(596.0, 723.5)(586.0, 723.5);SD
Port:(713.0, 647.0)(713.0, 723.0)(705.0, 723.0)(705.0, 738.0)(601.0, 738.0)(601.0, 647.0);GATE
Port:(704.0, 657.0)(708.0, 657.0)(708.0, 708.0)(704.0, 708.0);SD
Module:M34
Boundary:(190.0, 490.0)(190.0, 637.5)(111.8, 637.5)(111.8, 671.0)(20.0, 671.0)(20.0, 490.0);GATE
Port:(20.0, 504.5)(30.0, 504.5)(30.0, 656.5)(20.0, 656.5);SD
Port:(190.0, 490.0)(190.0, 637.5)(111.8, 637.5)(111.8, 671.0)(35.0, 671.0)(35.0, 490.0);GATE
Port:(181.0, 500.0)(185.0, 500.0)(185.0, 623.0)(181.0, 623.0);SD
Module:M29
Boundary:(894.0, 886.0)(987.5, 886.0)(987.5, 955.0)(1093.0, 955.0)(1093.0, 1016.0)(894.0, 1016.0);GATE
Port:(908.5, 1006.0)(1078.5, 1006.0)(1078.5, 1016.0)(908.5, 1016.0);SD
Port:(894.0, 886.0)(987.5, 886.0)(987.5, 955.0)(1093.0, 955.0)(1093.0, 1001.0)(894.0, 1001.0);GATE
Port:(904.0, 891.0)(973.0, 891.0)(973.0, 895.0)(904.0, 895.0);SD
Module:M7
Boundary:(890.0, 183.0)(1019.5, 183.0)(1019.5, 244.2)(1053.0, 244.2)(1053.0, 321.0)(890.0, 321.0);GATE
Port:(904.5, 311.0)(1038.5, 311.0)(1038.5, 321.0)(904.5, 321.0);SD
Port:(890.0, 183.0)(1019.5, 183.0)(1019.5, 244.2)(1053.0, 244.2)(1053.0, 306.0)(890.0, 306.0);GATE
Port:(900.0, 188.0)(1005.0, 188.0)(1005.0, 192.0)(900.0, 192.0);SD
Module:M31
Boundary:(1254.0, 677.0)(1254.0, 734.5)(1225.9, 734.5)(1225.9, 804.0)(1122.0, 804.0)(1122.0, 677.0);GATE
Port:(1122.0, 691.5)(1132.0, 691.5)(1132.0, 789.5)(1122.0, 789.5);SD
Port:(1254.0, 677.0)(1254.0, 734.5)(1225.9, 734.5)(1225.9, 804.0)(1137.0, 804.0)(1137.0, 677.0);GATE
Port:(1245.0, 687.0)(1249.0, 687.0)(1249.0, 720.0)(1245.0, 720.0);SD
Module:M3
Boundary:(671.0, 799.0)(800.5, 799.0)(800.5, 828.6)(834.0, 828.6)(834.0, 874.0)(671.0, 874.0);GATE
Port:(685.5, 864.0)(819.5, 864.0)(819.5, 874.0)(685.5, 874.0);SD
Port:(671.0, 799.0)(800.5, 799.0)(800.5, 828.6)(834.0, 828.6)(834.0, 859.0)(671.0, 859.0);GATE
Port:(681.0, 804.0)(786.0, 804.0)(786.0, 808.0)(681.0, 808.0);SD
Module:M26
Boundary:(240.0, 613.0)(351.5, 613.0)(351.5, 625.0)(367.0, 625.0)(367.0, 741.0)(240.0, 741.0);GATE
Port:(254.5, 731.0)(352.5, 731.0)(352.5, 741.0)(254.5, 741.0);SD
Port:(240.0, 613.0)(351.5, 613.0)(351.5, 625.0)(367.0, 625.0)(367.0, 726.0)(240.0, 726.0);GATE
Port:(250.0, 618.0)(337.0, 618.0)(337.0, 622.0)(250.0, 622.0);SD
Module:M23
Boundary:(230.0, 451.0)(306.0, 451.0)(306.0, 459.0)(321.0, 459.0)(321.0, 563.0)(230.0, 563.0);GATE
Port:(244.5, 553.0)(306.5, 553.0)(306.5, 563.0)(244.5, 563.0);SD
Port:(230.0, 451.0)(306.0, 451.0)(306.0, 459.0)(321.0, 459.0)(321.0, 548.0)(230.0, 548.0);GATE
Port:(240.0, 456.0)(291.0, 456.0)(291.0, 460.0)(240.0, 460.0);SD
Module:M18
Boundary:(397.0, 904.0)(397.0, 997.5)(387.0, 997.5)(387.0, 1013.0)(242.0, 1013.0)(242.0, 904.0);GATE
Port:(242.0, 918.5)(252.0, 918.5)(252.0, 998.5)(242.0, 998.5);SD
Port:(397.0, 904.0)(397.0, 997.5)(387.0, 997.5)(387.0, 1013.0)(257.0, 1013.0)(257.0, 904.0);GATE
Port:(388.0, 914.0)(392.0, 914.0)(392.0, 983.0)(388.0, 983.0);SD
Module:M20
Boundary:(369.0, 151.0)(480.5, 151.0)(480.5, 163.0)(496.0, 163.0)(496.0, 215.0)(369.0, 215.0);GATE
Port:(383.5, 205.0)(481.5, 205.0)(481.5, 215.0)(383.5, 215.0);SD
Port:(369.0, 151.0)(480.5, 151.0)(480.5, 163.0)(496.0, 163.0)(496.0, 200.0)(369.0, 200.0);GATE
Port:(379.0, 156.0)(466.0, 156.0)(466.0, 160.0)(379.0, 160.0);SD
Module:M15
Boundary:(555.0, 417.0)(555.0, 546.5)(541.0, 546.5)(541.0, 562.0)(361.0, 562.0)(361.0, 417.0);GATE
Port:(361.0, 431.5)(371.0, 431.5)(371.0, 547.5)(361.0, 547.5);SD
Port:(555.0, 417.0)(555.0, 546.5)(541.0, 546.5)(541.0, 562.0)(376.0, 562.0)(376.0, 417.0);GATE
Port:(546.0, 427.0)(550.0, 427.0)(550.0, 532.0)(546.0, 532.0);SD
Module:M12
Boundary:(1157.0, 361.0)(1157.0, 472.5)(1145.0, 472.5)(1145.0, 488.0)(1080.0, 488.0)(1080.0, 361.0);GATE
Port:(1080.0, 375.5)(1090.0, 375.5)(1090.0, 473.5)(1080.0, 473.5);SD
Port:(1157.0, 361.0)(1157.0, 472.5)(1145.0, 472.5)(1145.0, 488.0)(1095.0, 488.0)(1095.0, 361.0);GATE
Port:(1148.0, 371.0)(1152.0, 371.0)(1152.0, 458.0)(1148.0, 458.0);SD
Module:M39
Boundary:(1040.0, 503.0)(1040.0, 576.0)(890.0, 576.0)(890.0, 503.0);GATE
Port:(890.0, 517.5)(900.0, 517.5)(900.0, 561.5)(890.0, 561.5);SD
Port:(1040.0, 503.0)(1040.0, 576.0)(905.0, 576.0)(905.0, 503.0);GATE
Port:(1031.0, 513.0)(1035.0, 513.0)(1035.0, 566.0)(1031.0, 566.0);SD
Module:M8
Boundary:(361.0, 266.0)(490.5, 266.0)(490.5, 298.5)(542.0, 298.5)(542.0, 377.0)(361.0, 377.0);GATE
Port:(375.5, 367.0)(527.5, 367.0)(527.5, 377.0)(375.5, 377.0);SD
Port:(361.0, 266.0)(490.5, 266.0)(490.5, 298.5)(542.0, 298.5)(542.0, 362.0)(361.0, 362.0);GATE
Port:(371.0, 271.0)(476.0, 271.0)(476.0, 275.0)(371.0, 275.0);SD
Module:M4
Boundary:(391.0, 791.0)(391.0, 864.0)(223.0, 864.0)(223.0, 791.0);GATE
Port:(223.0, 805.5)(233.0, 805.5)(233.0, 849.5)(223.0, 849.5);SD
Port:(391.0, 791.0)(391.0, 864.0)(238.0, 864.0)(238.0, 791.0);GATE
Port:(382.0, 801.0)(386.0, 801.0)(386.0, 854.0)(382.0, 854.0);SD
Module:M36
Boundary:(505.0, 20.0)(505.0, 96.0)(497.0, 96.0)(497.0, 111.0)(369.0, 111.0)(369.0, 20.0);GATE
Port:(369.0, 34.5)(379.0, 34.5)(379.0, 96.5)(369.0, 96.5);SD
Port:(505.0, 20.0)(505.0, 96.0)(497.0, 96.0)(497.0, 111.0)(384.0, 111.0)(384.0, 20.0);GATE
Port:(496.0, 30.0)(500.0, 30.0)(500.0, 81.0)(496.0, 81.0);SD
Module:M33
Boundary:(693.0, 408.0)(693.0, 537.5)(654.0, 537.5)(654.0, 607.0)(595.0, 607.0)(595.0, 408.0);GATE
Port:(595.0, 422.5)(605.0, 422.5)(605.0, 592.5)(595.0, 592.5);SD
Port:(693.0, 408.0)(693.0, 537.5)(654.0, 537.5)(654.0, 607.0)(610.0, 607.0)(610.0, 408.0);GATE
Port:(684.0, 418.0)(688.0, 418.0)(688.0, 523.0)(684.0, 523.0);SD
Module:M28
Boundary:(1261.0, 169.0)(1261.0, 262.5)(1251.0, 262.5)(1251.0, 278.0)(1093.0, 278.0)(1093.0, 169.0);GATE
Port:(1093.0, 183.5)(1103.0, 183.5)(1103.0, 263.5)(1093.0, 263.5);SD
Port:(1261.0, 169.0)(1261.0, 262.5)(1251.0, 262.5)(1251.0, 278.0)(1108.0, 278.0)(1108.0, 169.0);GATE
Port:(1252.0, 179.0)(1256.0, 179.0)(1256.0, 248.0)(1252.0, 248.0);SD
Module:M30
Boundary:(30.0, 30.0)(105.5, 30.0)(105.5, 122.6)(319.0, 122.6)(319.0, 216.0)(30.0, 216.0);GATE
Port:(44.5, 206.0)(304.5, 206.0)(304.5, 216.0)(44.5, 216.0);SD
Port:(30.0, 30.0)(105.5, 30.0)(105.5, 122.6)(319.0, 122.6)(319.0, 201.0)(30.0, 201.0);GATE
Port:(40.0, 35.0)(91.0, 35.0)(91.0, 39.0)(40.0, 39.0);SD
Module:M25
Boundary:(1266.0, 528.0)(1266.0, 621.5)(1256.0, 621.5)(1256.0, 637.0)(1080.0, 637.0)(1080.0, 528.0);GATE
Port:(1080.0, 542.5)(1090.0, 542.5)(1090.0, 622.5)(1080.0, 622.5);SD
Port:(1266.0, 528.0)(1266.0, 621.5)(1256.0, 621.5)(1256.0, 637.0)(1095.0, 637.0)(1095.0, 528.0);GATE
Port:(1257.0, 538.0)(1261.0, 538.0)(1261.0, 607.0)(1257.0, 607.0);SD
Module:M22
Boundary:(30.0, 276.0)(159.5, 276.0)(159.5, 290.0)(175.0, 290.0)(175.0, 440.0)(30.0, 440.0);GATE
Port:(44.5, 430.0)(160.5, 430.0)(160.5, 440.0)(44.5, 440.0);SD
Port:(30.0, 276.0)(159.5, 276.0)(159.5, 290.0)(175.0, 290.0)(175.0, 425.0)(30.0, 425.0);GATE
Port:(40.0, 281.0)(145.0, 281.0)(145.0, 285.0)(40.0, 285.0);SD
Module:M17
Boundary:(628.0, 891.0)(628.0, 1002.5)(616.0, 1002.5)(616.0, 1018.0)(437.0, 1018.0)(437.0, 891.0);GATE
Port:(437.0, 905.5)(447.0, 905.5)(447.0, 1003.5)(437.0, 1003.5);SD
Port:(628.0, 891.0)(628.0, 1002.5)(616.0, 1002.5)(616.0, 1018.0)(452.0, 1018.0)(452.0, 891.0);GATE
Port:(619.0, 901.0)(623.0, 901.0)(623.0, 988.0)(619.0, 988.0);SD
