Area:(-19.6, -20.0)(748.3, -20.0)(748.3, 601.0)(-19.6, 601.0)
Rule:GATE(5,5);SD(5,5);GATE_SD(0.5);GATE_ITO(0.5);SD_ITO(0.5)
Module:M11
Boundary:(321.9, 20.0)(321.9, 131.5)(309.8, 131.5)(309.8, 147.0)(211.8, 147.0)(211.8, 20.0);GATE
Port:(211.8, 34.5)(221.8, 34.5)(221.8, 132.5)(211.8, 132.5);SD
Port:(321.9, 20.0)(321.9, 131.5)(309.8, 131.5)(309.8, 147.0)(226.8, 147.0)(226.8, 20.0);GATE
Port:(312.9, 30.0)(316.9, 30.0)(316.9, 117.0)(312.9, 117.0);SD
Module:M6
Boundary:(327.0, 171.7)(327.0, 60.2)(339.0, 60.2)(339.0, 44.7)(406.0, 44.7)(406.0, 171.7);GATE
Port:(396.0, 59.2)(406.0, 59.2)(406.0, 157.2)(396.0, 157.2);SD
Port:(327.0, 171.7)(327.0, 60.2)(339.0, 60.2)(339.0, 44.7)(391.0, 44.7)(391.0, 171.7);GATE
Port:(332.0, 74.7)(336.0, 74.7)(336.0, 161.7)(332.0, 161.7);SD
Module:M16
Boundary:(567.3, 60.3)(567.3, 207.8)(583.4, 207.8)(583.4, 223.3)(708.3, 223.3)(708.3, 60.3);GATE
Port:(698.3, 74.8)(708.3, 74.8)(708.3, 208.8)(698.3, 208.8);SD
Port:(567.3, 60.3)(567.3, 207.8)(583.4, 207.8)(583.4, 223.3)(693.3, 223.3)(693.3, 60.3);GATE
Port:(572.3, 70.3)(576.3, 70.3)(576.3, 193.3)(572.3, 193.3);SD
Module:M5
Boundary:(542.7, 37.6)(449.2, 37.6)(449.2, 47.6)(433.7, 47.6)(433.7, 201.6)(542.7, 201.6);GATE
Port:(448.2, 191.6)(528.2, 191.6)(528.2, 201.6)(448.2, 201.6);SD
Port:(542.7, 37.6)(449.2, 37.6)(449.2, 47.6)(433.7, 47.6)(433.7, 186.6)(542.7, 186.6);GATE
Port:(463.7, 42.6)(532.7, 42.6)(532.7, 46.6)(463.7, 46.6);SD
Module:M14
Boundary:(163.0, 194.2)(163.0, 46.7)(147.0, 46.7)(147.0, 31.2)(57.0, 31.2)(57.0, 194.2);GATE
Port:(57.0, 45.7)(67.0, 45.7)(67.0, 179.7)(57.0, 179.7);SD
Port:(163.0, 194.2)(163.0, 46.7)(147.0, 46.7)(147.0, 31.2)(72.0, 31.2)(72.0, 194.2);GATE
Port:(154.0, 61.2)(158.0, 61.2)(158.0, 184.2)(154.0, 184.2);SD
Module:M8
Boundary:(403.7, 218.4)(403.7, 291.4)(230.7, 291.4)(230.7, 218.4);GATE
Port:(230.7, 232.9)(240.7, 232.9)(240.7, 276.9)(230.7, 276.9);SD
Port:(403.7, 218.4)(403.7, 291.4)(245.7, 291.4)(245.7, 218.4);GATE
Port:(394.7, 228.4)(398.7, 228.4)(398.7, 281.4)(394.7, 281.4);SD
Module:M7
Boundary:(414.7, 301.1)(544.2, 301.1)(544.2, 287.1)(559.7, 287.1)(559.7, 232.1)(414.7, 232.1);GATE
Port:(429.2, 232.1)(545.2, 232.1)(545.2, 242.1)(429.2, 242.1);SD
Port:(414.7, 301.1)(544.2, 301.1)(544.2, 287.1)(559.7, 287.1)(559.7, 247.1)(414.7, 247.1);GATE
Port:(424.7, 292.1)(529.7, 292.1)(529.7, 296.1)(424.7, 296.1);SD
Module:M13
Boundary:(702.8, 227.6)(702.8, 321.1)(692.8, 321.1)(692.8, 336.6)(575.8, 336.6)(575.8, 227.6);GATE
Port:(575.8, 242.1)(585.8, 242.1)(585.8, 322.1)(575.8, 322.1);SD
Port:(702.8, 227.6)(702.8, 321.1)(692.8, 321.1)(692.8, 336.6)(590.8, 336.6)(590.8, 227.6);GATE
Port:(693.8, 237.6)(697.8, 237.6)(697.8, 306.6)(693.8, 306.6);SD
Module:M9
Boundary:(20.4, 354.5)(167.9, 354.5)(167.9, 338.5)(183.4, 338.5)(183.4, 263.5)(20.4, 263.5);GATE
Port:(34.9, 263.5)(168.9, 263.5)(168.9, 273.5)(34.9, 273.5);SD
Port:(20.4, 354.5)(167.9, 354.5)(167.9, 338.5)(183.4, 338.5)(183.4, 278.5)(20.4, 278.5);GATE
Port:(30.4, 345.5)(153.4, 345.5)(153.4, 349.5)(30.4, 349.5);SD
Module:M3
Boundary:(707.7, 345.7)(707.7, 418.7)(516.7, 418.7)(516.7, 345.7);GATE
Port:(516.7, 360.2)(526.7, 360.2)(526.7, 404.2)(516.7, 404.2);SD
Port:(707.7, 345.7)(707.7, 418.7)(531.7, 418.7)(531.7, 345.7);GATE
Port:(698.7, 355.7)(702.7, 355.7)(702.7, 408.7)(698.7, 408.7);SD
Module:M15
Boundary:(69.7, 372.0)(217.2, 372.0)(217.2, 388.0)(232.7, 388.0)(232.7, 460.0)(69.7, 460.0);GATE
Port:(84.2, 450.0)(218.2, 450.0)(218.2, 460.0)(84.2, 460.0);SD
Port:(69.7, 372.0)(217.2, 372.0)(217.2, 388.0)(232.7, 388.0)(232.7, 445.0)(69.7, 445.0);GATE
Port:(79.7, 377.0)(202.7, 377.0)(202.7, 381.0)(79.7, 381.0);SD
Module:M4
Boundary:(494.5, 301.2)(421.5, 301.2)(421.5, 435.2)(494.5, 435.2);GATE
Port:(436.0, 425.2)(480.0, 425.2)(480.0, 435.2)(436.0, 435.2);SD
Port:(494.5, 301.2)(421.5, 301.2)(421.5, 420.2)(494.5, 420.2);GATE
Port:(431.5, 306.2)(484.5, 306.2)(484.5, 310.2)(431.5, 310.2);SD
Module:M1
Boundary:(403.6, 308.0)(403.6, 437.5)(295.6, 437.5)(295.6, 561.0)(250.6, 561.0)(250.6, 308.0);GATE
Port:(250.6, 322.5)(260.6, 322.5)(260.6, 546.5)(250.6, 546.5);SD
Port:(403.6, 308.0)(403.6, 437.5)(295.6, 437.5)(295.6, 561.0)(265.6, 561.0)(265.6, 308.0);GATE
Port:(394.6, 318.0)(398.6, 318.0)(398.6, 423.0)(394.6, 423.0);SD
Module:M12
Boundary:(533.8, 549.8)(533.8, 473.8)(541.8, 473.8)(541.8, 458.8)(695.8, 458.8)(695.8, 549.8);GATE
Port:(685.8, 473.3)(695.8, 473.3)(695.8, 535.3)(685.8, 535.3);SD
Port:(533.8, 549.8)(533.8, 473.8)(541.8, 473.8)(541.8, 458.8)(680.8, 458.8)(680.8, 549.8);GATE
Port:(538.8, 488.8)(542.8, 488.8)(542.8, 539.8)(538.8, 539.8);SD
Module:M2
Boundary:(239.7, 463.8)(92.2, 463.8)(92.2, 479.8)(76.7, 479.8)(76.7, 539.8)(239.7, 539.8);GATE
Port:(91.2, 529.8)(225.2, 529.8)(225.2, 539.8)(91.2, 539.8);SD
Port:(239.7, 463.8)(92.2, 463.8)(92.2, 479.8)(76.7, 479.8)(76.7, 524.8)(239.7, 524.8);GATE
Port:(106.7, 468.8)(229.7, 468.8)(229.7, 472.8)(106.7, 472.8);SD
Module:M10
Boundary:(377.8, 479.3)(453.8, 479.3)(453.8, 487.3)(468.8, 487.3)(468.8, 551.3)(377.8, 551.3);GATE
Port:(392.3, 541.3)(454.3, 541.3)(454.3, 551.3)(392.3, 551.3);SD
Port:(377.8, 479.3)(453.8, 479.3)(453.8, 487.3)(468.8, 487.3)(468.8, 536.3)(377.8, 536.3);GATE
Port:(387.8, 484.3)(438.8, 484.3)(438.8, 488.3)(387.8, 488.3);SD
