Area:(-20.0, -20.0)(1240.2, -20.0)(1240.2, 608.6)(-20.0, 608.6)
Rule:GATE(5,5);SD(5,5);GATE_SD(0.5);GATE_ITO(0.5);SD_ITO(0.5)
Module:M10
Boundary:(195.0, 114.2)(195.0, 38.2)(187.0, 38.2)(187.0, 23.2)(20.0, 23.2)(20.0, 114.2);GATE
Port:(20.0, 37.7)(30.0, 37.7)(30.0, 99.7)(20.0, 99.7);SD
Port:(195.0, 114.2)(195.0, 38.2)(187.0, 38.2)(187.0, 23.2)(35.0, 23.2)(35.0, 114.2);GATE
Port:(186.0, 53.2)(190.0, 53.2)(190.0, 104.2)(186.0, 104.2);SD
Module:M14
Boundary:(1200.2, 52.4)(1200.2, 145.9)(1190.1, 145.9)(1190.1, 161.4)(1011.2, 161.4)(1011.2, 52.4);GATE
Port:(1011.2, 66.9)(1021.2, 66.9)(1021.2, 146.9)(1011.2, 146.9);SD
Port:(1200.2, 52.4)(1200.2, 145.9)(1190.1, 145.9)(1190.1, 161.4)(1026.2, 161.4)(1026.2, 52.4);GATE
Port:(1191.2, 62.4)(1195.2, 62.4)(1195.2, 131.4)(1191.2, 131.4);SD
Module:M20
Boundary:(408.6, 20.0)(502.1, 20.0)(502.1, 102.3)(553.6, 102.3)(553.6, 168.0)(408.6, 168.0);GATE
Port:(423.1, 158.0)(539.1, 158.0)(539.1, 168.0)(423.1, 168.0);SD
Port:(408.6, 20.0)(502.1, 20.0)(502.1, 102.3)(553.6, 102.3)(553.6, 153.0)(408.6, 153.0);GATE
Port:(418.6, 25.0)(487.6, 25.0)(487.6, 29.0)(418.6, 29.0);SD
Module:M6
Boundary:(984.9, 49.6)(855.4, 49.6)(855.4, 63.6)(839.9, 63.6)(839.9, 200.6)(984.9, 200.6);GATE
Port:(854.4, 190.6)(970.4, 190.6)(970.4, 200.6)(854.4, 200.6);SD
Port:(984.9, 49.6)(855.4, 49.6)(855.4, 63.6)(839.9, 63.6)(839.9, 185.6)(984.9, 185.6);GATE
Port:(869.9, 54.6)(974.9, 54.6)(974.9, 58.6)(869.9, 58.6);SD
Module:M24
Boundary:(364.4, 185.5)(270.9, 185.5)(270.9, 175.5)(255.4, 175.5)(255.4, 27.5)(364.4, 27.5);GATE
Port:(269.9, 27.5)(349.9, 27.5)(349.9, 37.5)(269.9, 37.5);SD
Port:(364.4, 185.5)(270.9, 185.5)(270.9, 175.5)(255.4, 175.5)(255.4, 42.5)(364.4, 42.5);GATE
Port:(285.4, 176.5)(354.4, 176.5)(354.4, 180.5)(285.4, 180.5);SD
Module:M9
Boundary:(839.6, 20.0)(746.1, 20.0)(746.1, 155.2)(568.6, 155.2)(568.6, 217.0)(839.6, 217.0);GATE
Port:(583.1, 207.0)(825.1, 207.0)(825.1, 217.0)(583.1, 217.0);SD
Port:(839.6, 20.0)(746.1, 20.0)(746.1, 155.2)(568.6, 155.2)(568.6, 202.0)(839.6, 202.0);GATE
Port:(760.6, 25.0)(829.6, 25.0)(829.6, 29.0)(760.6, 29.0);SD
Module:M3
Boundary:(189.1, 230.6)(189.1, 157.6)(36.1, 157.6)(36.1, 230.6);GATE
Port:(36.1, 172.1)(46.1, 172.1)(46.1, 216.1)(36.1, 216.1);SD
Port:(189.1, 230.6)(189.1, 157.6)(51.1, 157.6)(51.1, 230.6);GATE
Port:(180.1, 167.6)(184.1, 167.6)(184.1, 220.6)(180.1, 220.6);SD
Module:M8
Boundary:(671.4, 317.1)(747.4, 317.1)(747.4, 309.1)(762.4, 309.1)(762.4, 256.1)(671.4, 256.1);GATE
Port:(685.9, 256.1)(747.9, 256.1)(747.9, 266.1)(685.9, 266.1);SD
Port:(671.4, 317.1)(747.4, 317.1)(747.4, 309.1)(762.4, 309.1)(762.4, 271.1)(671.4, 271.1);GATE
Port:(681.4, 308.1)(732.4, 308.1)(732.4, 312.1)(681.4, 312.1);SD
Module:M15
Boundary:(538.2, 246.0)(649.7, 246.0)(649.7, 258.0)(665.2, 258.0)(665.2, 309.0)(538.2, 309.0);GATE
Port:(552.7, 299.0)(650.7, 299.0)(650.7, 309.0)(552.7, 309.0);SD
Port:(538.2, 246.0)(649.7, 246.0)(649.7, 258.0)(665.2, 258.0)(665.2, 294.0)(538.2, 294.0);GATE
Port:(548.2, 251.0)(635.2, 251.0)(635.2, 255.0)(548.2, 255.0);SD
Module:M1
Boundary:(1040.1, 184.3)(1115.6, 184.3)(1115.6, 221.7)(1185.1, 221.7)(1185.1, 351.3)(1040.1, 351.3);GATE
Port:(1054.6, 341.3)(1170.6, 341.3)(1170.6, 351.3)(1054.6, 351.3);SD
Port:(1040.1, 184.3)(1115.6, 184.3)(1115.6, 221.7)(1185.1, 221.7)(1185.1, 336.3)(1040.1, 336.3);GATE
Port:(1050.1, 189.3)(1101.1, 189.3)(1101.1, 193.3)(1050.1, 193.3);SD
Module:M13
Boundary:(893.1, 336.2)(986.6, 336.2)(986.6, 326.1)(1002.1, 326.1)(1002.1, 207.2)(893.1, 207.2);GATE
Port:(907.6, 207.2)(987.6, 207.2)(987.6, 217.2)(907.6, 217.2);SD
Port:(893.1, 336.2)(986.6, 336.2)(986.6, 326.1)(1002.1, 326.1)(1002.1, 222.2)(893.1, 222.2);GATE
Port:(903.1, 327.2)(972.1, 327.2)(972.1, 331.2)(903.1, 331.2);SD
Module:M5
Boundary:(859.1, 347.0)(786.1, 347.0)(786.1, 257.0)(859.1, 257.0);GATE
Port:(800.6, 257.0)(844.6, 257.0)(844.6, 267.0)(800.6, 267.0);SD
Port:(859.1, 347.0)(786.1, 347.0)(786.1, 272.0)(859.1, 272.0);GATE
Port:(796.1, 338.0)(849.1, 338.0)(849.1, 342.0)(796.1, 342.0);SD
Module:M7
Boundary:(135.0, 345.9)(135.0, 269.9)(127.0, 269.9)(127.0, 254.9)(53.0, 254.9)(53.0, 345.9);GATE
Port:(53.0, 269.4)(63.0, 269.4)(63.0, 331.4)(53.0, 331.4);SD
Port:(135.0, 345.9)(135.0, 269.9)(127.0, 269.9)(127.0, 254.9)(68.0, 254.9)(68.0, 345.9);GATE
Port:(126.0, 284.9)(130.0, 284.9)(130.0, 335.9)(126.0, 335.9);SD
Module:M2
Boundary:(338.1, 218.0)(485.6, 218.0)(485.6, 234.0)(501.1, 234.0)(501.1, 418.0)(338.1, 418.0);GATE
Port:(352.6, 408.0)(486.6, 408.0)(486.6, 418.0)(352.6, 418.0);SD
Port:(338.1, 218.0)(485.6, 218.0)(485.6, 234.0)(501.1, 234.0)(501.1, 403.0)(338.1, 403.0);GATE
Port:(348.1, 223.0)(471.1, 223.0)(471.1, 227.0)(348.1, 227.0);SD
Module:M16
Boundary:(142.0, 282.2)(142.0, 393.7)(186.2, 393.7)(186.2, 445.2)(290.0, 445.2)(290.0, 282.2);GATE
Port:(280.0, 296.7)(290.0, 296.7)(290.0, 430.7)(280.0, 430.7);SD
Port:(142.0, 282.2)(142.0, 393.7)(186.2, 393.7)(186.2, 445.2)(275.0, 445.2)(275.0, 282.2);GATE
Port:(147.0, 292.2)(151.0, 292.2)(151.0, 379.2)(147.0, 379.2);SD
Module:M18
Boundary:(533.0, 356.8)(626.5, 356.8)(626.5, 366.8)(642.0, 366.8)(642.0, 427.8)(533.0, 427.8);GATE
Port:(547.5, 417.8)(627.5, 417.8)(627.5, 427.8)(547.5, 427.8);SD
Port:(533.0, 356.8)(626.5, 356.8)(626.5, 366.8)(642.0, 366.8)(642.0, 412.8)(533.0, 412.8);GATE
Port:(543.0, 361.8)(612.0, 361.8)(612.0, 365.8)(543.0, 365.8);SD
Module:M21
Boundary:(784.2, 353.2)(708.2, 353.2)(708.2, 361.2)(693.2, 361.2)(693.2, 445.2)(784.2, 445.2);GATE
Port:(707.7, 435.2)(769.7, 435.2)(769.7, 445.2)(707.7, 445.2);SD
Port:(784.2, 353.2)(708.2, 353.2)(708.2, 361.2)(693.2, 361.2)(693.2, 430.2)(784.2, 430.2);GATE
Port:(723.2, 358.2)(774.2, 358.2)(774.2, 362.2)(723.2, 362.2);SD
Module:M11
Boundary:(34.1, 386.5)(107.1, 386.5)(107.1, 455.5)(34.1, 455.5);GATE
Port:(48.6, 445.5)(92.6, 445.5)(92.6, 455.5)(48.6, 455.5);SD
Port:(34.1, 386.5)(107.1, 386.5)(107.1, 440.5)(34.1, 440.5);GATE
Port:(44.1, 391.5)(97.1, 391.5)(97.1, 395.5)(44.1, 395.5);SD
Module:M4
Boundary:(452.4, 562.7)(376.4, 562.7)(376.4, 554.7)(361.4, 554.7)(361.4, 457.7)(452.4, 457.7);GATE
Port:(375.9, 457.7)(437.9, 457.7)(437.9, 467.7)(375.9, 467.7);SD
Port:(452.4, 562.7)(376.4, 562.7)(376.4, 554.7)(361.4, 554.7)(361.4, 472.7)(452.4, 472.7);GATE
Port:(391.4, 553.7)(442.4, 553.7)(442.4, 557.7)(391.4, 557.7);SD
Module:M25
Boundary:(784.3, 362.1)(931.8, 362.1)(931.8, 378.1)(947.3, 378.1)(947.3, 548.1)(784.3, 548.1);GATE
Port:(798.8, 538.1)(932.8, 538.1)(932.8, 548.1)(798.8, 548.1);SD
Port:(784.3, 362.1)(931.8, 362.1)(931.8, 378.1)(947.3, 378.1)(947.3, 533.1)(784.3, 533.1);GATE
Port:(794.3, 367.1)(917.3, 367.1)(917.3, 371.1)(794.3, 371.1);SD
Module:M19
Boundary:(321.4, 563.2)(321.4, 469.7)(311.3, 469.7)(311.3, 454.2)(181.3, 454.2)(181.3, 563.2);GATE
Port:(181.3, 468.7)(191.3, 468.7)(191.3, 548.7)(181.3, 548.7);SD
Port:(321.4, 563.2)(321.4, 469.7)(311.3, 469.7)(311.3, 454.2)(196.3, 454.2)(196.3, 563.2);GATE
Port:(312.4, 484.2)(316.4, 484.2)(316.4, 553.2)(312.4, 553.2);SD
Module:M17
Boundary:(172.7, 540.7)(172.7, 467.7)(51.7, 467.7)(51.7, 540.7);GATE
Port:(51.7, 482.2)(61.7, 482.2)(61.7, 526.2)(51.7, 526.2);SD
Port:(172.7, 540.7)(172.7, 467.7)(66.7, 467.7)(66.7, 540.7);GATE
Port:(163.7, 477.7)(167.7, 477.7)(167.7, 530.7)(163.7, 530.7);SD
Module:M22
Boundary:(641.4, 469.6)(714.4, 469.6)(714.4, 556.6)(641.4, 556.6);GATE
Port:(655.9, 546.6)(699.9, 546.6)(699.9, 556.6)(655.9, 556.6);SD
Port:(641.4, 469.6)(714.4, 469.6)(714.4, 541.6)(641.4, 541.6);GATE
Port:(651.4, 474.6)(704.4, 474.6)(704.4, 478.6)(651.4, 478.6);SD
Module:M12
Boundary:(1179.9, 369.6)(1104.4, 369.6)(1104.4, 456.1)(962.9, 456.1)(962.9, 568.6)(1179.9, 568.6);GATE
Port:(977.4, 558.6)(1165.4, 558.6)(1165.4, 568.6)(977.4, 568.6);SD
Port:(1179.9, 369.6)(1104.4, 369.6)(1104.4, 456.1)(962.9, 456.1)(962.9, 553.6)(1179.9, 553.6);GATE
Port:(1118.9, 374.6)(1169.9, 374.6)(1169.9, 378.6)(1118.9, 378.6);SD
Module:M23
Boundary:(619.7, 558.5)(619.7, 465.0)(603.7, 465.0)(603.7, 449.5)(458.7, 449.5)(458.7, 558.5);GATE
Port:(458.7, 464.0)(468.7, 464.0)(468.7, 544.0)(458.7, 544.0);SD
Port:(619.7, 558.5)(619.7, 465.0)(603.7, 465.0)(603.7, 449.5)(473.7, 449.5)(473.7, 558.5);GATE
Port:(610.7, 479.5)(614.7, 479.5)(614.7, 548.5)(610.7, 548.5);SD
