Area:(-20.0, -20.0)(708.0, -20.0)(708.0, 1410.0)(-20.0, 1410.0)
Rule:GATE(5,5);SD(5,5);GATE_SD(0.5);GATE_ITO(0.5);SD_ITO(0.5)
Module:M14
Boundary:(244.0, 376.0)(337.5, 376.0)(337.5, 386.0)(353.0, 386.0)(353.0, 484.0)(244.0, 484.0);GATE
Port:(258.5, 474.0)(338.5, 474.0)(338.5, 484.0)(258.5, 484.0);SD
Port:(244.0, 376.0)(337.5, 376.0)(337.5, 386.0)(353.0, 386.0)(353.0, 469.0)(244.0, 469.0);GATE
Port:(254.0, 381.0)(323.0, 381.0)(323.0, 385.0)(254.0, 385.0);SD
Module:M9
Boundary:(515.0, 232.0)(515.0, 305.0)(382.0, 305.0)(382.0, 232.0);GATE
Port:(382.0, 246.5)(392.0, 246.5)(392.0, 290.5)(382.0, 290.5);SD
Port:(515.0, 232.0)(515.0, 305.0)(397.0, 305.0)(397.0, 232.0);GATE
Port:(506.0, 242.0)(510.0, 242.0)(510.0, 295.0)(506.0, 295.0);SD
Module:M5
Boundary:(272.0, 1189.0)(272.0, 1336.5)(233.0, 1336.5)(233.0, 1370.0)(184.0, 1370.0)(184.0, 1189.0);GATE
Port:(184.0, 1203.5)(194.0, 1203.5)(194.0, 1355.5)(184.0, 1355.5);SD
Port:(272.0, 1189.0)(272.0, 1336.5)(233.0, 1336.5)(233.0, 1370.0)(199.0, 1370.0)(199.0, 1189.0);GATE
Port:(263.0, 1199.0)(267.0, 1199.0)(267.0, 1322.0)(263.0, 1322.0);SD
Module:M11
Boundary:(668.0, 968.0)(668.0, 1097.5)(608.2, 1097.5)(608.2, 1149.0)(475.0, 1149.0)(475.0, 968.0);GATE
Port:(475.0, 982.5)(485.0, 982.5)(485.0, 1134.5)(475.0, 1134.5);SD
Port:(668.0, 968.0)(668.0, 1097.5)(608.2, 1097.5)(608.2, 1149.0)(490.0, 1149.0)(490.0, 968.0);GATE
Port:(659.0, 978.0)(663.0, 978.0)(663.0, 1083.0)(659.0, 1083.0);SD
Module:M1
Boundary:(660.0, 624.0)(660.0, 697.0)(567.0, 697.0)(567.0, 624.0);GATE
Port:(567.0, 638.5)(577.0, 638.5)(577.0, 682.5)(567.0, 682.5);SD
Port:(660.0, 624.0)(660.0, 697.0)(582.0, 697.0)(582.0, 624.0);GATE
Port:(651.0, 634.0)(655.0, 634.0)(655.0, 687.0)(651.0, 687.0);SD
Module:M27
Boundary:(20.0, 564.0)(113.5, 564.0)(113.5, 629.1)(237.0, 629.1)(237.0, 740.0)(20.0, 740.0);GATE
Port:(34.5, 730.0)(222.5, 730.0)(222.5, 740.0)(34.5, 740.0);SD
Port:(20.0, 564.0)(113.5, 564.0)(113.5, 629.1)(237.0, 629.1)(237.0, 725.0)(20.0, 725.0);GATE
Port:(30.0, 569.0)(99.0, 569.0)(99.0, 573.0)(30.0, 573.0);SD
Module:M24
Boundary:(372.0, 20.0)(519.5, 20.0)(519.5, 36.0)(535.0, 36.0)(535.0, 182.0)(372.0, 182.0);GATE
Port:(386.5, 172.0)(520.5, 172.0)(520.5, 182.0)(386.5, 182.0);SD
Port:(372.0, 20.0)(519.5, 20.0)(519.5, 36.0)(535.0, 36.0)(535.0, 167.0)(372.0, 167.0);GATE
Port:(382.0, 25.0)(505.0, 25.0)(505.0, 29.0)(382.0, 29.0);SD
Module:M19
Boundary:(30.0, 231.0)(193.0, 231.0)(193.0, 291.0)(30.0, 291.0);GATE
Port:(44.5, 281.0)(178.5, 281.0)(178.5, 291.0)(44.5, 291.0);SD
Port:(30.0, 231.0)(193.0, 231.0)(193.0, 276.0)(30.0, 276.0);GATE
Port:(40.0, 236.0)(183.0, 236.0)(183.0, 240.0)(40.0, 240.0);SD
Module:M6
Boundary:(184.0, 1017.0)(257.0, 1017.0)(257.0, 1147.0)(184.0, 1147.0);GATE
Port:(198.5, 1137.0)(242.5, 1137.0)(242.5, 1147.0)(198.5, 1147.0);SD
Port:(184.0, 1017.0)(257.0, 1017.0)(257.0, 1132.0)(184.0, 1132.0);GATE
Port:(194.0, 1022.0)(247.0, 1022.0)(247.0, 1026.0)(194.0, 1026.0);SD
Module:M21
Boundary:(549.0, 765.0)(549.0, 912.5)(533.0, 912.5)(533.0, 928.0)(390.0, 928.0)(390.0, 765.0);GATE
Port:(390.0, 779.5)(400.0, 779.5)(400.0, 913.5)(390.0, 913.5);SD
Port:(549.0, 765.0)(549.0, 912.5)(533.0, 912.5)(533.0, 928.0)(405.0, 928.0)(405.0, 765.0);GATE
Port:(540.0, 775.0)(544.0, 775.0)(544.0, 898.0)(540.0, 898.0);SD
Module:M2
Boundary:(184.0, 351.0)(184.0, 462.5)(97.0, 462.5)(97.0, 514.0)(30.0, 514.0)(30.0, 351.0);GATE
Port:(30.0, 365.5)(40.0, 365.5)(40.0, 499.5)(30.0, 499.5);SD
Port:(184.0, 351.0)(184.0, 462.5)(97.0, 462.5)(97.0, 514.0)(45.0, 514.0)(45.0, 351.0);GATE
Port:(175.0, 361.0)(179.0, 361.0)(179.0, 448.0)(175.0, 448.0);SD
Module:M16
Boundary:(589.0, 747.0)(662.0, 747.0)(662.0, 928.0)(589.0, 928.0);GATE
Port:(603.5, 918.0)(647.5, 918.0)(647.5, 928.0)(603.5, 928.0);SD
Port:(589.0, 747.0)(662.0, 747.0)(662.0, 913.0)(589.0, 913.0);GATE
Port:(599.0, 752.0)(652.0, 752.0)(652.0, 756.0)(599.0, 756.0);SD
Module:M13
Boundary:(243.0, 205.0)(316.0, 205.0)(316.0, 326.0)(243.0, 326.0);GATE
Port:(257.5, 316.0)(301.5, 316.0)(301.5, 326.0)(257.5, 326.0);SD
Port:(243.0, 205.0)(316.0, 205.0)(316.0, 311.0)(243.0, 311.0);GATE
Port:(253.0, 210.0)(306.0, 210.0)(306.0, 214.0)(253.0, 214.0);SD
Module:M10
Boundary:(277.0, 534.0)(353.0, 534.0)(353.0, 542.0)(368.0, 542.0)(368.0, 612.0)(277.0, 612.0);GATE
Port:(291.5, 602.0)(353.5, 602.0)(353.5, 612.0)(291.5, 612.0);SD
Port:(277.0, 534.0)(353.0, 534.0)(353.0, 542.0)(368.0, 542.0)(368.0, 597.0)(277.0, 597.0);GATE
Port:(287.0, 539.0)(338.0, 539.0)(338.0, 543.0)(287.0, 543.0);SD
Module:M29
Boundary:(659.0, 244.0)(659.0, 337.5)(649.0, 337.5)(649.0, 353.0)(565.0, 353.0)(565.0, 244.0);GATE
Port:(565.0, 258.5)(575.0, 258.5)(575.0, 338.5)(565.0, 338.5);SD
Port:(659.0, 244.0)(659.0, 337.5)(649.0, 337.5)(649.0, 353.0)(580.0, 353.0)(580.0, 244.0);GATE
Port:(650.0, 254.0)(654.0, 254.0)(654.0, 323.0)(650.0, 323.0);SD
Module:M7
Boundary:(435.0, 968.0)(435.0, 1115.5)(372.8, 1115.5)(372.8, 1149.0)(297.0, 1149.0)(297.0, 968.0);GATE
Port:(297.0, 982.5)(307.0, 982.5)(307.0, 1134.5)(297.0, 1134.5);SD
Port:(435.0, 968.0)(435.0, 1115.5)(372.8, 1115.5)(372.8, 1149.0)(312.0, 1149.0)(312.0, 968.0);GATE
Port:(426.0, 978.0)(430.0, 978.0)(430.0, 1101.0)(426.0, 1101.0);SD
Module:M3
Boundary:(666.0, 393.0)(666.0, 522.5)(634.2, 522.5)(634.2, 574.0)(557.0, 574.0)(557.0, 393.0);GATE
Port:(557.0, 407.5)(567.0, 407.5)(567.0, 559.5)(557.0, 559.5);SD
Port:(666.0, 393.0)(666.0, 522.5)(634.2, 522.5)(634.2, 574.0)(572.0, 574.0)(572.0, 393.0);GATE
Port:(657.0, 403.0)(661.0, 403.0)(661.0, 508.0)(657.0, 508.0);SD
Module:M26
Boundary:(144.0, 1017.0)(144.0, 1110.5)(70.7, 1110.5)(70.7, 1180.0)(20.0, 1180.0)(20.0, 1017.0);GATE
Port:(20.0, 1031.5)(30.0, 1031.5)(30.0, 1165.5)(20.0, 1165.5);SD
Port:(144.0, 1017.0)(144.0, 1110.5)(70.7, 1110.5)(70.7, 1180.0)(35.0, 1180.0)(35.0, 1017.0);GATE
Port:(135.0, 1027.0)(139.0, 1027.0)(139.0, 1096.0)(135.0, 1096.0);SD
Module:M23
Boundary:(205.0, 20.0)(280.5, 20.0)(280.5, 61.8)(332.0, 61.8)(332.0, 165.0)(205.0, 165.0);GATE
Port:(219.5, 155.0)(317.5, 155.0)(317.5, 165.0)(219.5, 165.0);SD
Port:(205.0, 20.0)(280.5, 20.0)(280.5, 61.8)(332.0, 61.8)(332.0, 150.0)(205.0, 150.0);GATE
Port:(215.0, 25.0)(266.0, 25.0)(266.0, 29.0)(215.0, 29.0);SD
Module:M18
Boundary:(322.0, 1199.0)(433.5, 1199.0)(433.5, 1211.0)(449.0, 1211.0)(449.0, 1354.0)(322.0, 1354.0);GATE
Port:(336.5, 1344.0)(434.5, 1344.0)(434.5, 1354.0)(336.5, 1354.0);SD
Port:(322.0, 1199.0)(433.5, 1199.0)(433.5, 1211.0)(449.0, 1211.0)(449.0, 1339.0)(322.0, 1339.0);GATE
Port:(332.0, 1204.0)(419.0, 1204.0)(419.0, 1208.0)(332.0, 1208.0);SD
Module:M20
Boundary:(20.0, 780.0)(167.5, 780.0)(167.5, 796.0)(183.0, 796.0)(183.0, 977.0)(20.0, 977.0);GATE
Port:(34.5, 967.0)(168.5, 967.0)(168.5, 977.0)(34.5, 977.0);SD
Port:(20.0, 780.0)(167.5, 780.0)(167.5, 796.0)(183.0, 796.0)(183.0, 962.0)(20.0, 962.0);GATE
Port:(30.0, 785.0)(153.0, 785.0)(153.0, 789.0)(30.0, 789.0);SD
Module:M15
Boundary:(667.0, 1189.0)(667.0, 1336.5)(589.8, 1336.5)(589.8, 1370.0)(499.0, 1370.0)(499.0, 1189.0);GATE
Port:(499.0, 1203.5)(509.0, 1203.5)(509.0, 1355.5)(499.0, 1355.5);SD
Port:(667.0, 1189.0)(667.0, 1336.5)(589.8, 1336.5)(589.8, 1370.0)(514.0, 1370.0)(514.0, 1189.0);GATE
Port:(658.0, 1199.0)(662.0, 1199.0)(662.0, 1322.0)(658.0, 1322.0);SD
Module:M12
Boundary:(408.0, 468.0)(501.5, 468.0)(501.5, 478.0)(517.0, 478.0)(517.0, 604.0)(408.0, 604.0);GATE
Port:(422.5, 594.0)(502.5, 594.0)(502.5, 604.0)(422.5, 604.0);SD
Port:(408.0, 468.0)(501.5, 468.0)(501.5, 478.0)(517.0, 478.0)(517.0, 589.0)(408.0, 589.0);GATE
Port:(418.0, 473.0)(487.0, 473.0)(487.0, 477.0)(418.0, 477.0);SD
Module:M8
Boundary:(585.0, 30.0)(658.0, 30.0)(658.0, 194.0)(585.0, 194.0);GATE
Port:(599.5, 184.0)(643.5, 184.0)(643.5, 194.0)(599.5, 194.0);SD
Port:(585.0, 30.0)(658.0, 30.0)(658.0, 179.0)(585.0, 179.0);GATE
Port:(595.0, 35.0)(648.0, 35.0)(648.0, 39.0)(595.0, 39.0);SD
Module:M4
Boundary:(508.0, 355.0)(508.0, 428.0)(403.0, 428.0)(403.0, 355.0);GATE
Port:(403.0, 369.5)(413.0, 369.5)(413.0, 413.5)(403.0, 413.5);SD
Port:(508.0, 355.0)(508.0, 428.0)(418.0, 428.0)(418.0, 355.0);GATE
Port:(499.0, 365.0)(503.0, 365.0)(503.0, 418.0)(499.0, 418.0);SD
Module:M28
Boundary:(140.0, 1220.0)(140.0, 1313.5)(105.8, 1313.5)(105.8, 1365.0)(20.0, 1365.0)(20.0, 1220.0);GATE
Port:(20.0, 1234.5)(30.0, 1234.5)(30.0, 1350.5)(20.0, 1350.5);SD
Port:(140.0, 1220.0)(140.0, 1313.5)(105.8, 1313.5)(105.8, 1365.0)(35.0, 1365.0)(35.0, 1220.0);GATE
Port:(131.0, 1230.0)(135.0, 1230.0)(135.0, 1299.0)(131.0, 1299.0);SD
Module:M30
Boundary:(223.0, 819.0)(334.5, 819.0)(334.5, 831.0)(350.0, 831.0)(350.0, 928.0)(223.0, 928.0);GATE
Port:(237.5, 918.0)(335.5, 918.0)(335.5, 928.0)(237.5, 928.0);SD
Port:(223.0, 819.0)(334.5, 819.0)(334.5, 831.0)(350.0, 831.0)(350.0, 913.0)(223.0, 913.0);GATE
Port:(233.0, 824.0)(320.0, 824.0)(320.0, 828.0)(233.0, 828.0);SD
Module:M25
Boundary:(343.0, 652.0)(343.0, 779.0)(277.0, 779.0)(277.0, 652.0);GATE
Port:(277.0, 666.5)(287.0, 666.5)(287.0, 764.5)(277.0, 764.5);SD
Port:(343.0, 652.0)(343.0, 779.0)(292.0, 779.0)(292.0, 652.0);GATE
Port:(334.0, 662.0)(338.0, 662.0)(338.0, 769.0)(334.0, 769.0);SD
Module:M22
Boundary:(20.0, 20.0)(149.5, 20.0)(149.5, 34.0)(165.0, 34.0)(165.0, 181.0)(20.0, 181.0);GATE
Port:(34.5, 171.0)(150.5, 171.0)(150.5, 181.0)(34.5, 181.0);SD
Port:(20.0, 20.0)(149.5, 20.0)(149.5, 34.0)(165.0, 34.0)(165.0, 166.0)(20.0, 166.0);GATE
Port:(30.0, 25.0)(135.0, 25.0)(135.0, 29.0)(30.0, 29.0);SD
Module:M17
Boundary:(383.0, 652.0)(476.5, 652.0)(476.5, 662.0)(492.0, 662.0)(492.0, 725.0)(383.0, 725.0);GATE
Port:(397.5, 715.0)(477.5, 715.0)(477.5, 725.0)(397.5, 725.0);SD
Port:(383.0, 652.0)(476.5, 652.0)(476.5, 662.0)(492.0, 662.0)(492.0, 710.0)(383.0, 710.0);GATE
Port:(393.0, 657.0)(462.0, 657.0)(462.0, 661.0)(393.0, 661.0);SD
