Area:(-20.0, -20.0)(1255.0, -20.0)(1255.0, 1244.0)(-20.0, 1244.0)
Rule:GATE(5,5);SD(5,5);GATE_SD(0.5);GATE_ITO(0.5);SD_ITO(0.5)
Module:M14
Boundary:(597.0, 274.0)(690.5, 274.0)(690.5, 332.6)(778.0, 332.6)(778.0, 443.0)(597.0, 443.0);GATE
Port:(611.5, 433.0)(763.5, 433.0)(763.5, 443.0)(611.5, 443.0);SD
Port:(597.0, 274.0)(690.5, 274.0)(690.5, 332.6)(778.0, 332.6)(778.0, 428.0)(597.0, 428.0);GATE
Port:(607.0, 279.0)(676.0, 279.0)(676.0, 283.0)(607.0, 283.0);SD
Module:M9
Boundary:(1083.0, 254.0)(1194.5, 254.0)(1194.5, 266.0)(1210.0, 266.0)(1210.0, 423.0)(1083.0, 423.0);GATE
Port:(1097.5, 413.0)(1195.5, 413.0)(1195.5, 423.0)(1097.5, 423.0);SD
Port:(1083.0, 254.0)(1194.5, 254.0)(1194.5, 266.0)(1210.0, 266.0)(1210.0, 408.0)(1083.0, 408.0);GATE
Port:(1093.0, 259.0)(1180.0, 259.0)(1180.0, 263.0)(1093.0, 263.0);SD
Module:M5
Boundary:(676.0, 1023.0)(751.5, 1023.0)(751.5, 1134.2)(947.0, 1134.2)(947.0, 1204.0)(676.0, 1204.0);GATE
Port:(690.5, 1194.0)(932.5, 1194.0)(932.5, 1204.0)(690.5, 1204.0);SD
Port:(676.0, 1023.0)(751.5, 1023.0)(751.5, 1134.2)(947.0, 1134.2)(947.0, 1189.0)(676.0, 1189.0);GATE
Port:(686.0, 1028.0)(737.0, 1028.0)(737.0, 1032.0)(686.0, 1032.0);SD
Module:M11
Boundary:(862.0, 910.0)(862.0, 983.0)(670.0, 983.0)(670.0, 910.0);GATE
Port:(670.0, 924.5)(680.0, 924.5)(680.0, 968.5)(670.0, 968.5);SD
Port:(862.0, 910.0)(862.0, 983.0)(685.0, 983.0)(685.0, 910.0);GATE
Port:(853.0, 920.0)(857.0, 920.0)(857.0, 973.0)(853.0, 973.0);SD
Module:M1
Boundary:(353.0, 20.0)(426.0, 20.0)(426.0, 167.0)(353.0, 167.0);GATE
Port:(367.5, 157.0)(411.5, 157.0)(411.5, 167.0)(367.5, 167.0);SD
Port:(353.0, 20.0)(426.0, 20.0)(426.0, 152.0)(353.0, 152.0);GATE
Port:(363.0, 25.0)(416.0, 25.0)(416.0, 29.0)(363.0, 29.0);SD
Module:M38
Boundary:(834.0, 341.0)(945.5, 341.0)(945.5, 377.0)(1033.0, 377.0)(1033.0, 449.0)(834.0, 449.0);GATE
Port:(848.5, 439.0)(1018.5, 439.0)(1018.5, 449.0)(848.5, 449.0);SD
Port:(834.0, 341.0)(945.5, 341.0)(945.5, 377.0)(1033.0, 377.0)(1033.0, 434.0)(834.0, 434.0);GATE
Port:(844.0, 346.0)(931.0, 346.0)(931.0, 350.0)(844.0, 350.0);SD
Module:M40
Boundary:(1019.0, 509.0)(1019.0, 638.5)(910.7, 638.5)(910.7, 690.0)(834.0, 690.0)(834.0, 509.0);GATE
Port:(834.0, 523.5)(844.0, 523.5)(844.0, 675.5)(834.0, 675.5);SD
Port:(1019.0, 509.0)(1019.0, 638.5)(910.7, 638.5)(910.7, 690.0)(849.0, 690.0)(849.0, 509.0);GATE
Port:(1010.0, 519.0)(1014.0, 519.0)(1014.0, 624.0)(1010.0, 624.0);SD
Module:M35
Boundary:(688.0, 798.0)(761.0, 798.0)(761.0, 860.0)(688.0, 860.0);GATE
Port:(702.5, 850.0)(746.5, 850.0)(746.5, 860.0)(702.5, 860.0);SD
Port:(688.0, 798.0)(761.0, 798.0)(761.0, 845.0)(688.0, 845.0);GATE
Port:(698.0, 803.0)(751.0, 803.0)(751.0, 807.0)(698.0, 807.0);SD
Module:M32
Boundary:(148.0, 1052.0)(148.0, 1145.5)(138.0, 1145.5)(138.0, 1161.0)(20.0, 1161.0)(20.0, 1052.0);GATE
Port:(20.0, 1066.5)(30.0, 1066.5)(30.0, 1146.5)(20.0, 1146.5);SD
Port:(148.0, 1052.0)(148.0, 1145.5)(138.0, 1145.5)(138.0, 1161.0)(35.0, 1161.0)(35.0, 1052.0);GATE
Port:(139.0, 1062.0)(143.0, 1062.0)(143.0, 1131.0)(139.0, 1131.0);SD
Module:M27
Boundary:(1069.0, 738.0)(1162.5, 738.0)(1162.5, 766.0)(1214.0, 766.0)(1214.0, 839.0)(1069.0, 839.0);GATE
Port:(1083.5, 829.0)(1199.5, 829.0)(1199.5, 839.0)(1083.5, 839.0);SD
Port:(1069.0, 738.0)(1162.5, 738.0)(1162.5, 766.0)(1214.0, 766.0)(1214.0, 824.0)(1069.0, 824.0);GATE
Port:(1079.0, 743.0)(1148.0, 743.0)(1148.0, 747.0)(1079.0, 747.0);SD
Module:M24
Boundary:(20.0, 812.0)(131.5, 812.0)(131.5, 824.0)(147.0, 824.0)(147.0, 1012.0)(20.0, 1012.0);GATE
Port:(34.5, 1002.0)(132.5, 1002.0)(132.5, 1012.0)(34.5, 1012.0);SD
Port:(20.0, 812.0)(131.5, 812.0)(131.5, 824.0)(147.0, 824.0)(147.0, 997.0)(20.0, 997.0);GATE
Port:(30.0, 817.0)(117.0, 817.0)(117.0, 821.0)(30.0, 821.0);SD
Module:M19
Boundary:(466.0, 253.0)(542.0, 253.0)(542.0, 261.0)(557.0, 261.0)(557.0, 450.0)(466.0, 450.0);GATE
Port:(480.5, 440.0)(542.5, 440.0)(542.5, 450.0)(480.5, 450.0);SD
Port:(466.0, 253.0)(542.0, 253.0)(542.0, 261.0)(557.0, 261.0)(557.0, 435.0)(466.0, 435.0);GATE
Port:(476.0, 258.0)(527.0, 258.0)(527.0, 262.0)(476.0, 262.0);SD
Module:M6
Boundary:(424.0, 223.0)(424.0, 296.0)(241.0, 296.0)(241.0, 223.0);GATE
Port:(241.0, 237.5)(251.0, 237.5)(251.0, 281.5)(241.0, 281.5);SD
Port:(424.0, 223.0)(424.0, 296.0)(256.0, 296.0)(256.0, 223.0);GATE
Port:(415.0, 233.0)(419.0, 233.0)(419.0, 286.0)(415.0, 286.0);SD
Module:M21
Boundary:(653.0, 490.0)(653.0, 563.0)(466.0, 563.0)(466.0, 490.0);GATE
Port:(466.0, 504.5)(476.0, 504.5)(476.0, 548.5)(466.0, 548.5);SD
Port:(653.0, 490.0)(653.0, 563.0)(481.0, 563.0)(481.0, 490.0);GATE
Port:(644.0, 500.0)(648.0, 500.0)(648.0, 553.0)(644.0, 553.0);SD
Module:M2
Boundary:(1191.0, 1030.0)(1191.0, 1177.5)(1172.0, 1177.5)(1172.0, 1193.0)(997.0, 1193.0)(997.0, 1030.0);GATE
Port:(997.0, 1044.5)(1007.0, 1044.5)(1007.0, 1178.5)(997.0, 1178.5);SD
Port:(1191.0, 1030.0)(1191.0, 1177.5)(1172.0, 1177.5)(1172.0, 1193.0)(1012.0, 1193.0)(1012.0, 1030.0);GATE
Port:(1182.0, 1040.0)(1186.0, 1040.0)(1186.0, 1163.0)(1182.0, 1163.0);SD
Module:M16
Boundary:(1070.0, 20.0)(1199.5, 20.0)(1199.5, 34.0)(1215.0, 34.0)(1215.0, 214.0)(1070.0, 214.0);GATE
Port:(1084.5, 204.0)(1200.5, 204.0)(1200.5, 214.0)(1084.5, 214.0);SD
Port:(1070.0, 20.0)(1199.5, 20.0)(1199.5, 34.0)(1215.0, 34.0)(1215.0, 199.0)(1070.0, 199.0);GATE
Port:(1080.0, 25.0)(1185.0, 25.0)(1185.0, 29.0)(1080.0, 29.0);SD
Module:M13
Boundary:(20.0, 593.0)(131.5, 593.0)(131.5, 605.0)(147.0, 605.0)(147.0, 772.0)(20.0, 772.0);GATE
Port:(34.5, 762.0)(132.5, 762.0)(132.5, 772.0)(34.5, 772.0);SD
Port:(20.0, 593.0)(131.5, 593.0)(131.5, 605.0)(147.0, 605.0)(147.0, 757.0)(20.0, 757.0);GATE
Port:(30.0, 598.0)(117.0, 598.0)(117.0, 602.0)(30.0, 602.0);SD
Module:M10
Boundary:(693.0, 483.0)(769.0, 483.0)(769.0, 491.0)(784.0, 491.0)(784.0, 560.0)(693.0, 560.0);GATE
Port:(707.5, 550.0)(769.5, 550.0)(769.5, 560.0)(707.5, 560.0);SD
Port:(693.0, 483.0)(769.0, 483.0)(769.0, 491.0)(784.0, 491.0)(784.0, 545.0)(693.0, 545.0);GATE
Port:(703.0, 488.0)(754.0, 488.0)(754.0, 492.0)(703.0, 492.0);SD
Module:M37
Boundary:(1192.0, 889.0)(1192.0, 962.0)(1053.0, 962.0)(1053.0, 889.0);GATE
Port:(1053.0, 903.5)(1063.0, 903.5)(1063.0, 947.5)(1053.0, 947.5);SD
Port:(1192.0, 889.0)(1192.0, 962.0)(1068.0, 962.0)(1068.0, 889.0);GATE
Port:(1183.0, 899.0)(1187.0, 899.0)(1187.0, 952.0)(1183.0, 952.0);SD
Module:M34
Boundary:(636.0, 1036.0)(636.0, 1183.5)(620.0, 1183.5)(620.0, 1199.0)(572.0, 1199.0)(572.0, 1036.0);GATE
Port:(572.0, 1050.5)(582.0, 1050.5)(582.0, 1184.5)(572.0, 1184.5);SD
Port:(636.0, 1036.0)(636.0, 1183.5)(620.0, 1183.5)(620.0, 1199.0)(587.0, 1199.0)(587.0, 1036.0);GATE
Port:(627.0, 1046.0)(631.0, 1046.0)(631.0, 1169.0)(627.0, 1169.0);SD
Module:M29
Boundary:(699.0, 143.0)(810.5, 143.0)(810.5, 155.0)(826.0, 155.0)(826.0, 224.0)(699.0, 224.0);GATE
Port:(713.5, 214.0)(811.5, 214.0)(811.5, 224.0)(713.5, 224.0);SD
Port:(699.0, 143.0)(810.5, 143.0)(810.5, 155.0)(826.0, 155.0)(826.0, 209.0)(699.0, 209.0);GATE
Port:(709.0, 148.0)(796.0, 148.0)(796.0, 152.0)(709.0, 152.0);SD
Module:M7
Boundary:(841.0, 20.0)(841.0, 93.0)(689.0, 93.0)(689.0, 20.0);GATE
Port:(689.0, 34.5)(699.0, 34.5)(699.0, 78.5)(689.0, 78.5);SD
Port:(841.0, 20.0)(841.0, 93.0)(704.0, 93.0)(704.0, 20.0);GATE
Port:(832.0, 30.0)(836.0, 30.0)(836.0, 83.0)(832.0, 83.0);SD
Module:M31
Boundary:(20.0, 20.0)(167.5, 20.0)(167.5, 76.7)(201.0, 76.7)(201.0, 147.0)(20.0, 147.0);GATE
Port:(34.5, 137.0)(186.5, 137.0)(186.5, 147.0)(34.5, 147.0);SD
Port:(20.0, 20.0)(167.5, 20.0)(167.5, 76.7)(201.0, 76.7)(201.0, 132.0)(20.0, 132.0);GATE
Port:(30.0, 25.0)(153.0, 25.0)(153.0, 29.0)(30.0, 29.0);SD
Module:M3
Boundary:(466.0, 603.0)(595.5, 603.0)(595.5, 617.0)(611.0, 617.0)(611.0, 718.0)(466.0, 718.0);GATE
Port:(480.5, 708.0)(596.5, 708.0)(596.5, 718.0)(480.5, 718.0);SD
Port:(466.0, 603.0)(595.5, 603.0)(595.5, 617.0)(611.0, 617.0)(611.0, 703.0)(466.0, 703.0);GATE
Port:(476.0, 608.0)(581.0, 608.0)(581.0, 612.0)(476.0, 612.0);SD
Module:M26
Boundary:(381.0, 1050.0)(381.0, 1125.5)(339.6, 1125.5)(339.6, 1195.0)(198.0, 1195.0)(198.0, 1050.0);GATE
Port:(198.0, 1064.5)(208.0, 1064.5)(208.0, 1180.5)(198.0, 1180.5);SD
Port:(381.0, 1050.0)(381.0, 1125.5)(339.6, 1125.5)(339.6, 1195.0)(213.0, 1195.0)(213.0, 1050.0);GATE
Port:(372.0, 1060.0)(376.0, 1060.0)(376.0, 1111.0)(372.0, 1111.0);SD
Module:M23
Boundary:(532.0, 1036.0)(532.0, 1183.5)(516.0, 1183.5)(516.0, 1199.0)(431.0, 1199.0)(431.0, 1036.0);GATE
Port:(431.0, 1050.5)(441.0, 1050.5)(441.0, 1184.5)(431.0, 1184.5);SD
Port:(532.0, 1036.0)(532.0, 1183.5)(516.0, 1183.5)(516.0, 1199.0)(446.0, 1199.0)(446.0, 1036.0);GATE
Port:(523.0, 1046.0)(527.0, 1046.0)(527.0, 1169.0)(523.0, 1169.0);SD
Module:M18
Boundary:(20.0, 187.0)(95.5, 187.0)(95.5, 247.8)(201.0, 247.8)(201.0, 334.0)(20.0, 334.0);GATE
Port:(34.5, 324.0)(186.5, 324.0)(186.5, 334.0)(34.5, 334.0);SD
Port:(20.0, 187.0)(95.5, 187.0)(95.5, 247.8)(201.0, 247.8)(201.0, 319.0)(20.0, 319.0);GATE
Port:(30.0, 192.0)(81.0, 192.0)(81.0, 196.0)(30.0, 196.0);SD
Module:M20
Boundary:(1022.0, 740.0)(1022.0, 833.5)(1012.0, 833.5)(1012.0, 849.0)(824.0, 849.0)(824.0, 740.0);GATE
Port:(824.0, 754.5)(834.0, 754.5)(834.0, 834.5)(824.0, 834.5);SD
Port:(1022.0, 740.0)(1022.0, 833.5)(1012.0, 833.5)(1012.0, 849.0)(839.0, 849.0)(839.0, 740.0);GATE
Port:(1013.0, 750.0)(1017.0, 750.0)(1017.0, 819.0)(1013.0, 819.0);SD
Module:M15
Boundary:(783.0, 603.0)(783.0, 714.5)(739.3, 714.5)(739.3, 748.0)(678.0, 748.0)(678.0, 603.0);GATE
Port:(678.0, 617.5)(688.0, 617.5)(688.0, 733.5)(678.0, 733.5);SD
Port:(783.0, 603.0)(783.0, 714.5)(739.3, 714.5)(739.3, 748.0)(693.0, 748.0)(693.0, 603.0);GATE
Port:(774.0, 613.0)(778.0, 613.0)(778.0, 700.0)(774.0, 700.0);SD
Module:M12
Boundary:(241.0, 336.0)(334.5, 336.0)(334.5, 380.0)(422.0, 380.0)(422.0, 468.0)(241.0, 468.0);GATE
Port:(255.5, 458.0)(407.5, 458.0)(407.5, 468.0)(255.5, 468.0);SD
Port:(241.0, 336.0)(334.5, 336.0)(334.5, 380.0)(422.0, 380.0)(422.0, 453.0)(241.0, 453.0);GATE
Port:(251.0, 341.0)(320.0, 341.0)(320.0, 345.0)(251.0, 345.0);SD
Module:M39
Boundary:(630.0, 905.0)(630.0, 981.0)(622.0, 981.0)(622.0, 996.0)(431.0, 996.0)(431.0, 905.0);GATE
Port:(431.0, 919.5)(441.0, 919.5)(441.0, 981.5)(431.0, 981.5);SD
Port:(630.0, 905.0)(630.0, 981.0)(622.0, 981.0)(622.0, 996.0)(446.0, 996.0)(446.0, 905.0);GATE
Port:(621.0, 915.0)(625.0, 915.0)(625.0, 966.0)(621.0, 966.0);SD
Module:M8
Boundary:(1209.0, 463.0)(1209.0, 610.5)(1128.0, 610.5)(1128.0, 698.0)(1083.0, 698.0)(1083.0, 463.0);GATE
Port:(1083.0, 477.5)(1093.0, 477.5)(1093.0, 683.5)(1083.0, 683.5);SD
Port:(1209.0, 463.0)(1209.0, 610.5)(1128.0, 610.5)(1128.0, 698.0)(1098.0, 698.0)(1098.0, 463.0);GATE
Port:(1200.0, 473.0)(1204.0, 473.0)(1204.0, 596.0)(1200.0, 596.0);SD
Module:M4
Boundary:(1030.0, 20.0)(1030.0, 113.5)(921.0, 113.5)(921.0, 291.0)(881.0, 291.0)(881.0, 20.0);GATE
Port:(881.0, 34.5)(891.0, 34.5)(891.0, 276.5)(881.0, 276.5);SD
Port:(1030.0, 20.0)(1030.0, 113.5)(921.0, 113.5)(921.0, 291.0)(896.0, 291.0)(896.0, 20.0);GATE
Port:(1021.0, 30.0)(1025.0, 30.0)(1025.0, 99.0)(1021.0, 99.0);SD
Module:M36
Boundary:(1013.0, 889.0)(1013.0, 965.0)(1005.0, 965.0)(1005.0, 980.0)(902.0, 980.0)(902.0, 889.0);GATE
Port:(902.0, 903.5)(912.0, 903.5)(912.0, 965.5)(902.0, 965.5);SD
Port:(1013.0, 889.0)(1013.0, 965.0)(1005.0, 965.0)(1005.0, 980.0)(917.0, 980.0)(917.0, 889.0);GATE
Port:(1004.0, 899.0)(1008.0, 899.0)(1008.0, 950.0)(1004.0, 950.0);SD
Module:M33
Boundary:(379.0, 765.0)(379.0, 876.5)(260.9, 876.5)(260.9, 1000.0)(187.0, 1000.0)(187.0, 765.0);GATE
Port:(187.0, 779.5)(197.0, 779.5)(197.0, 985.5)(187.0, 985.5);SD
Port:(379.0, 765.0)(379.0, 876.5)(260.9, 876.5)(260.9, 1000.0)(202.0, 1000.0)(202.0, 765.0);GATE
Port:(370.0, 775.0)(374.0, 775.0)(374.0, 862.0)(370.0, 862.0);SD
Module:M28
Boundary:(313.0, 20.0)(313.0, 131.5)(293.0, 131.5)(293.0, 183.0)(241.0, 183.0)(241.0, 20.0);GATE
Port:(241.0, 34.5)(251.0, 34.5)(251.0, 168.5)(241.0, 168.5);SD
Port:(313.0, 20.0)(313.0, 131.5)(293.0, 131.5)(293.0, 183.0)(256.0, 183.0)(256.0, 20.0);GATE
Port:(304.0, 30.0)(308.0, 30.0)(308.0, 117.0)(304.0, 117.0);SD
Module:M30
Boundary:(476.0, 30.0)(605.5, 30.0)(605.5, 108.8)(639.0, 108.8)(639.0, 203.0)(476.0, 203.0);GATE
Port:(490.5, 193.0)(624.5, 193.0)(624.5, 203.0)(490.5, 203.0);SD
Port:(476.0, 30.0)(605.5, 30.0)(605.5, 108.8)(639.0, 108.8)(639.0, 188.0)(476.0, 188.0);GATE
Port:(486.0, 35.0)(591.0, 35.0)(591.0, 39.0)(486.0, 39.0);SD
Module:M25
Boundary:(423.0, 508.0)(423.0, 637.5)(283.8, 637.5)(283.8, 725.0)(223.0, 725.0)(223.0, 508.0);GATE
Port:(223.0, 522.5)(233.0, 522.5)(233.0, 710.5)(223.0, 710.5);SD
Port:(423.0, 508.0)(423.0, 637.5)(283.8, 637.5)(283.8, 725.0)(238.0, 725.0)(238.0, 508.0);GATE
Port:(414.0, 518.0)(418.0, 518.0)(418.0, 623.0)(414.0, 623.0);SD
Module:M22
Boundary:(429.0, 775.0)(558.5, 775.0)(558.5, 816.1)(628.0, 816.1)(628.0, 855.0)(429.0, 855.0);GATE
Port:(443.5, 845.0)(613.5, 845.0)(613.5, 855.0)(443.5, 855.0);SD
Port:(429.0, 775.0)(558.5, 775.0)(558.5, 816.1)(628.0, 816.1)(628.0, 840.0)(429.0, 840.0);GATE
Port:(439.0, 780.0)(544.0, 780.0)(544.0, 784.0)(439.0, 784.0);SD
Module:M17
Boundary:(20.0, 374.0)(77.5, 374.0)(77.5, 450.4)(183.0, 450.4)(183.0, 553.0)(20.0, 553.0);GATE
Port:(34.5, 543.0)(168.5, 543.0)(168.5, 553.0)(34.5, 553.0);SD
Port:(20.0, 374.0)(77.5, 374.0)(77.5, 450.4)(183.0, 450.4)(183.0, 538.0)(20.0, 538.0);GATE
Port:(30.0, 379.0)(63.0, 379.0)(63.0, 383.0)(30.0, 383.0);SD
