Area:(-12.4, -10.6)(402.6, -10.6)(402.6, 976.1)(-12.4, 976.1)
Rule:GATE(5,5);SD(5,5);GATE_SD(0.5);GATE_ITO(0.5);SD_ITO(0.5)
Module:M12
Boundary:(235.0, 113.0)(235.0, 47.8)(214.7, 47.8)(214.7, 33.5)(158.9, 33.5)(158.9, 113.0);GATE
Port:(158.9, 47.1)(164.4, 47.1)(164.4, 99.4)(158.9, 99.4);SD
Port:(235.0, 113.0)(235.0, 47.8)(214.7, 47.8)(214.7, 33.5)(165.9, 33.5)(165.9, 113.0);GATE
Port:(223.5, 55.0)(229.8, 55.0)(229.8, 106.8)(223.5, 106.8);SD
Module:M4
Boundary:(27.6, 143.9)(122.4, 143.9)(122.4, 99.2)(140.1, 99.2)(140.1, 29.4)(27.6, 29.4);GATE
Port:(42.7, 29.4)(125.0, 29.4)(125.0, 33.7)(42.7, 33.7);SD
Port:(27.6, 143.9)(122.4, 143.9)(122.4, 99.2)(140.1, 99.2)(140.1, 35.9)(27.6, 35.9);GATE
Port:(33.1, 131.9)(115.9, 131.9)(115.9, 139.4)(33.1, 139.4);SD
Module:M16
Boundary:(241.7, 81.4)(306.9, 81.4)(306.9, 161.5)(321.6, 161.5)(321.6, 307.4)(241.7, 307.4);GATE
Port:(254.8, 301.5)(308.5, 301.5)(308.5, 307.4)(254.8, 307.4);SD
Port:(241.7, 81.4)(306.9, 81.4)(306.9, 161.5)(321.6, 161.5)(321.6, 299.0)(241.7, 299.0);GATE
Port:(247.5, 86.2)(300.1, 86.2)(300.1, 92.2)(247.5, 92.2);SD
Module:M14
Boundary:(170.8, 204.1)(220.2, 204.1)(220.2, 236.5)(235.2, 236.5)(235.2, 275.3)(170.8, 275.3);GATE
Port:(183.6, 270.3)(222.4, 270.3)(222.4, 275.3)(183.6, 275.3);SD
Port:(170.8, 204.1)(220.2, 204.1)(220.2, 236.5)(235.2, 236.5)(235.2, 267.6)(170.8, 267.6);GATE
Port:(176.2, 208.5)(213.8, 208.5)(213.8, 214.5)(176.2, 214.5);SD
Module:M3
Boundary:(31.1, 201.3)(115.2, 201.3)(115.2, 201.3)(131.9, 201.3)(131.9, 352.0)(31.1, 352.0);GATE
Port:(44.9, 346.6)(118.1, 346.6)(118.1, 352.0)(44.9, 352.0);SD
Port:(31.1, 201.3)(115.2, 201.3)(115.2, 201.3)(131.9, 201.3)(131.9, 344.8)(31.1, 344.8);GATE
Port:(37.4, 206.6)(108.9, 206.6)(108.9, 211.6)(37.4, 211.6);SD
Module:M9
Boundary:(362.6, 358.8)(362.6, 329.7)(362.5, 329.7)(362.5, 316.0)(160.8, 316.0)(160.8, 358.8);GATE
Port:(160.8, 327.5)(166.8, 327.5)(166.8, 347.3)(160.8, 347.3);SD
Port:(362.6, 358.8)(362.6, 329.7)(362.5, 329.7)(362.5, 316.0)(168.4, 316.0)(168.4, 358.8);GATE
Port:(353.1, 335.6)(357.7, 335.6)(357.7, 352.9)(353.1, 352.9);SD
Module:M15
Boundary:(45.4, 367.8)(91.2, 367.8)(91.2, 368.1)(105.3, 368.1)(105.3, 551.5)(45.4, 551.5);GATE
Port:(58.0, 546.7)(92.7, 546.7)(92.7, 551.5)(58.0, 551.5);SD
Port:(45.4, 367.8)(91.2, 367.8)(91.2, 368.1)(105.3, 368.1)(105.3, 545.1)(45.4, 545.1);GATE
Port:(51.5, 373.0)(85.0, 373.0)(85.0, 378.1)(51.5, 378.1);SD
Module:M6
Boundary:(324.7, 554.1)(256.0, 554.1)(256.0, 477.9)(240.3, 477.9)(240.3, 377.9)(324.7, 377.9);GATE
Port:(253.5, 377.9)(311.5, 377.9)(311.5, 383.1)(253.5, 383.1);SD
Port:(324.7, 554.1)(256.0, 554.1)(256.0, 477.9)(240.3, 477.9)(240.3, 385.3)(324.7, 385.3);GATE
Port:(262.5, 543.3)(319.2, 543.3)(319.2, 549.6)(262.5, 549.6);SD
Module:M2
Boundary:(117.3, 553.4)(218.2, 553.4)(218.2, 538.1)(233.9, 538.1)(233.9, 376.1)(117.3, 376.1);GATE
Port:(130.0, 376.1)(221.2, 376.1)(221.2, 381.6)(130.0, 381.6);SD
Port:(117.3, 553.4)(218.2, 553.4)(218.2, 538.1)(233.9, 538.1)(233.9, 383.1)(117.3, 383.1);GATE
Port:(122.4, 543.3)(212.1, 543.3)(212.1, 549.3)(122.4, 549.3);SD
Module:M11
Boundary:(217.0, 573.4)(154.6, 573.4)(154.6, 660.5)(217.0, 660.5);GATE
Port:(167.0, 656.3)(204.6, 656.3)(204.6, 660.5)(167.0, 660.5);SD
Port:(217.0, 573.4)(154.6, 573.4)(154.6, 654.3)(217.0, 654.3);GATE
Port:(159.6, 577.4)(212.0, 577.4)(212.0, 584.0)(159.6, 584.0);SD
Module:M1
Boundary:(127.2, 665.7)(127.2, 565.7)(42.3, 565.7)(42.3, 665.7);GATE
Port:(42.3, 579.8)(46.6, 579.8)(46.6, 651.6)(42.3, 651.6);SD
Port:(127.2, 665.7)(127.2, 565.7)(49.6, 565.7)(49.6, 665.7);GATE
Port:(116.2, 571.9)(122.0, 571.9)(122.0, 659.5)(116.2, 659.5);SD
Module:M8
Boundary:(248.2, 691.4)(331.8, 691.4)(331.8, 682.0)(347.2, 682.0)(347.2, 573.0)(248.2, 573.0);GATE
Port:(261.0, 573.0)(334.4, 573.0)(334.4, 577.8)(261.0, 577.8);SD
Port:(248.2, 691.4)(331.8, 691.4)(331.8, 682.0)(347.2, 682.0)(347.2, 580.4)(248.2, 580.4);GATE
Port:(254.1, 681.4)(324.9, 681.4)(324.9, 686.5)(254.1, 686.5);SD
Module:M10
Boundary:(290.8, 738.1)(335.5, 738.1)(335.5, 759.7)(348.9, 759.7)(348.9, 811.7)(290.8, 811.7);GATE
Port:(301.5, 807.1)(338.2, 807.1)(338.2, 811.7)(301.5, 811.7);SD
Port:(290.8, 738.1)(335.5, 738.1)(335.5, 759.7)(348.9, 759.7)(348.9, 805.9)(290.8, 805.9);GATE
Port:(296.5, 742.8)(328.8, 742.8)(328.8, 747.2)(296.5, 747.2);SD
Module:M7
Boundary:(277.5, 704.2)(277.5, 780.8)(277.1, 780.8)(277.1, 795.8)(171.8, 795.8)(171.8, 704.2);GATE
Port:(171.8, 716.9)(177.4, 716.9)(177.4, 783.1)(171.8, 783.1);SD
Port:(277.5, 704.2)(277.5, 780.8)(277.1, 780.8)(277.1, 795.8)(179.3, 795.8)(179.3, 704.2);GATE
Port:(266.8, 709.3)(273.4, 709.3)(273.4, 775.7)(266.8, 775.7);SD
Module:M13
Boundary:(32.0, 759.5)(116.9, 759.5)(116.9, 759.6)(134.0, 759.6)(134.0, 927.8)(32.0, 927.8);GATE
Port:(45.0, 922.0)(121.0, 922.0)(121.0, 927.8)(45.0, 927.8);SD
Port:(32.0, 759.5)(116.9, 759.5)(116.9, 759.6)(134.0, 759.6)(134.0, 920.6)(32.0, 920.6);GATE
Port:(37.4, 763.9)(111.5, 763.9)(111.5, 769.5)(37.4, 769.5);SD
Module:M5
Boundary:(354.4, 882.5)(354.4, 936.1)(150.1, 936.1)(150.1, 882.5);GATE
Port:(150.1, 896.5)(154.4, 896.5)(154.4, 922.1)(150.1, 922.1);SD
Port:(354.4, 882.5)(354.4, 936.1)(157.3, 936.1)(157.3, 882.5);GATE
Port:(343.7, 888.8)(349.1, 888.8)(349.1, 929.8)(343.7, 929.8);SD
