Area:(-20.0, -20.0)(533.0, -20.0)(533.0, 1270.0)(-20.0, 1270.0)
Rule:GATE(5,5);SD(5,5);GATE_SD(0.5);GATE_ITO(0.5);SD_ITO(0.5)
Module:M14
Boundary:(156.0, 1067.0)(156.0, 1214.5)(140.0, 1214.5)(140.0, 1230.0)(20.0, 1230.0)(20.0, 1067.0);GATE
Port:(20.0, 1081.5)(30.0, 1081.5)(30.0, 1215.5)(20.0, 1215.5);SD
Port:(156.0, 1067.0)(156.0, 1214.5)(140.0, 1214.5)(140.0, 1230.0)(35.0, 1230.0)(35.0, 1067.0);GATE
Port:(147.0, 1077.0)(151.0, 1077.0)(151.0, 1200.0)(147.0, 1200.0);SD
Module:M9
Boundary:(20.0, 223.0)(93.0, 223.0)(93.0, 367.0)(20.0, 367.0);GATE
Port:(34.5, 357.0)(78.5, 357.0)(78.5, 367.0)(34.5, 367.0);SD
Port:(20.0, 223.0)(93.0, 223.0)(93.0, 352.0)(20.0, 352.0);GATE
Port:(30.0, 228.0)(83.0, 228.0)(83.0, 232.0)(30.0, 232.0);SD
Module:M5
Boundary:(108.0, 20.0)(108.0, 167.5)(92.0, 167.5)(92.0, 183.0)(20.0, 183.0)(20.0, 20.0);GATE
Port:(20.0, 34.5)(30.0, 34.5)(30.0, 168.5)(20.0, 168.5);SD
Port:(108.0, 20.0)(108.0, 167.5)(92.0, 167.5)(92.0, 183.0)(35.0, 183.0)(35.0, 20.0);GATE
Port:(99.0, 30.0)(103.0, 30.0)(103.0, 153.0)(99.0, 153.0);SD
Module:M11
Boundary:(338.0, 20.0)(338.0, 149.5)(253.7, 149.5)(253.7, 219.0)(148.0, 219.0)(148.0, 20.0);GATE
Port:(148.0, 34.5)(158.0, 34.5)(158.0, 204.5)(148.0, 204.5);SD
Port:(338.0, 20.0)(338.0, 149.5)(253.7, 149.5)(253.7, 219.0)(163.0, 219.0)(163.0, 20.0);GATE
Port:(329.0, 30.0)(333.0, 30.0)(333.0, 135.0)(329.0, 135.0);SD
Module:M1
Boundary:(246.0, 259.0)(339.5, 259.0)(339.5, 281.6)(373.0, 281.6)(373.0, 324.0)(246.0, 324.0);GATE
Port:(260.5, 314.0)(358.5, 314.0)(358.5, 324.0)(260.5, 324.0);SD
Port:(246.0, 259.0)(339.5, 259.0)(339.5, 281.6)(373.0, 281.6)(373.0, 309.0)(246.0, 309.0);GATE
Port:(256.0, 264.0)(325.0, 264.0)(325.0, 268.0)(256.0, 268.0);SD
Module:M19
Boundary:(330.0, 690.0)(477.5, 690.0)(477.5, 706.0)(493.0, 706.0)(493.0, 878.0)(330.0, 878.0);GATE
Port:(344.5, 868.0)(478.5, 868.0)(478.5, 878.0)(344.5, 878.0);SD
Port:(330.0, 690.0)(477.5, 690.0)(477.5, 706.0)(493.0, 706.0)(493.0, 863.0)(330.0, 863.0);GATE
Port:(340.0, 695.0)(463.0, 695.0)(463.0, 699.0)(340.0, 699.0);SD
Module:M6
Boundary:(20.0, 591.0)(96.0, 591.0)(96.0, 599.0)(111.0, 599.0)(111.0, 660.0)(20.0, 660.0);GATE
Port:(34.5, 650.0)(96.5, 650.0)(96.5, 660.0)(34.5, 660.0);SD
Port:(20.0, 591.0)(96.0, 591.0)(96.0, 599.0)(111.0, 599.0)(111.0, 645.0)(20.0, 645.0);GATE
Port:(30.0, 596.0)(81.0, 596.0)(81.0, 600.0)(30.0, 600.0);SD
Module:M2
Boundary:(20.0, 407.0)(93.0, 407.0)(93.0, 548.0)(20.0, 548.0);GATE
Port:(34.5, 538.0)(78.5, 538.0)(78.5, 548.0)(34.5, 548.0);SD
Port:(20.0, 407.0)(93.0, 407.0)(93.0, 533.0)(20.0, 533.0);GATE
Port:(30.0, 412.0)(83.0, 412.0)(83.0, 416.0)(30.0, 416.0);SD
Module:M16
Boundary:(493.0, 20.0)(493.0, 167.5)(477.0, 167.5)(477.0, 183.0)(378.0, 183.0)(378.0, 20.0);GATE
Port:(378.0, 34.5)(388.0, 34.5)(388.0, 168.5)(378.0, 168.5);SD
Port:(493.0, 20.0)(493.0, 167.5)(477.0, 167.5)(477.0, 183.0)(393.0, 183.0)(393.0, 20.0);GATE
Port:(484.0, 30.0)(488.0, 30.0)(488.0, 153.0)(484.0, 153.0);SD
Module:M13
Boundary:(20.0, 920.0)(167.5, 920.0)(167.5, 988.0)(273.0, 988.0)(273.0, 1027.0)(20.0, 1027.0);GATE
Port:(34.5, 1017.0)(258.5, 1017.0)(258.5, 1027.0)(34.5, 1027.0);SD
Port:(20.0, 920.0)(167.5, 920.0)(167.5, 988.0)(273.0, 988.0)(273.0, 1012.0)(20.0, 1012.0);GATE
Port:(30.0, 925.0)(153.0, 925.0)(153.0, 929.0)(30.0, 929.0);SD
Module:M10
Boundary:(413.0, 223.0)(486.0, 223.0)(486.0, 327.0)(413.0, 327.0);GATE
Port:(427.5, 317.0)(471.5, 317.0)(471.5, 327.0)(427.5, 327.0);SD
Port:(413.0, 223.0)(486.0, 223.0)(486.0, 312.0)(413.0, 312.0);GATE
Port:(423.0, 228.0)(476.0, 228.0)(476.0, 232.0)(423.0, 232.0);SD
Module:M7
Boundary:(287.0, 591.0)(287.0, 667.0)(279.0, 667.0)(279.0, 682.0)(151.0, 682.0)(151.0, 591.0);GATE
Port:(151.0, 605.5)(161.0, 605.5)(161.0, 667.5)(151.0, 667.5);SD
Port:(287.0, 591.0)(287.0, 667.0)(279.0, 667.0)(279.0, 682.0)(166.0, 682.0)(166.0, 591.0);GATE
Port:(278.0, 601.0)(282.0, 601.0)(282.0, 652.0)(278.0, 652.0);SD
Module:M3
Boundary:(127.0, 722.0)(220.5, 722.0)(220.5, 789.2)(290.0, 789.2)(290.0, 880.0)(127.0, 880.0);GATE
Port:(141.5, 870.0)(275.5, 870.0)(275.5, 880.0)(141.5, 880.0);SD
Port:(127.0, 722.0)(220.5, 722.0)(220.5, 789.2)(290.0, 789.2)(290.0, 865.0)(127.0, 865.0);GATE
Port:(137.0, 727.0)(206.0, 727.0)(206.0, 731.0)(137.0, 731.0);SD
Module:M18
Boundary:(133.0, 364.0)(280.5, 364.0)(280.5, 380.0)(296.0, 380.0)(296.0, 551.0)(133.0, 551.0);GATE
Port:(147.5, 541.0)(281.5, 541.0)(281.5, 551.0)(147.5, 551.0);SD
Port:(133.0, 364.0)(280.5, 364.0)(280.5, 380.0)(296.0, 380.0)(296.0, 536.0)(133.0, 536.0);GATE
Port:(143.0, 369.0)(266.0, 369.0)(266.0, 373.0)(143.0, 373.0);SD
Module:M20
Boundary:(478.0, 367.0)(478.0, 514.5)(462.0, 514.5)(462.0, 530.0)(336.0, 530.0)(336.0, 367.0);GATE
Port:(336.0, 381.5)(346.0, 381.5)(346.0, 515.5)(336.0, 515.5);SD
Port:(478.0, 367.0)(478.0, 514.5)(462.0, 514.5)(462.0, 530.0)(351.0, 530.0)(351.0, 367.0);GATE
Port:(469.0, 377.0)(473.0, 377.0)(473.0, 500.0)(469.0, 500.0);SD
Module:M15
Boundary:(196.0, 1105.0)(307.5, 1105.0)(307.5, 1192.0)(485.0, 1192.0)(485.0, 1230.0)(196.0, 1230.0);GATE
Port:(210.5, 1220.0)(470.5, 1220.0)(470.5, 1230.0)(210.5, 1230.0);SD
Port:(196.0, 1105.0)(307.5, 1105.0)(307.5, 1192.0)(485.0, 1192.0)(485.0, 1215.0)(196.0, 1215.0);GATE
Port:(206.0, 1110.0)(293.0, 1110.0)(293.0, 1114.0)(206.0, 1114.0);SD
Module:M12
Boundary:(87.0, 700.0)(87.0, 847.5)(70.0, 847.5)(70.0, 863.0)(20.0, 863.0)(20.0, 700.0);GATE
Port:(20.0, 714.5)(30.0, 714.5)(30.0, 848.5)(20.0, 848.5);SD
Port:(87.0, 700.0)(87.0, 847.5)(70.0, 847.5)(70.0, 863.0)(35.0, 863.0)(35.0, 700.0);GATE
Port:(78.0, 710.0)(82.0, 710.0)(82.0, 833.0)(78.0, 833.0);SD
Module:M8
Boundary:(480.0, 920.0)(480.0, 1049.5)(466.0, 1049.5)(466.0, 1065.0)(313.0, 1065.0)(313.0, 920.0);GATE
Port:(313.0, 934.5)(323.0, 934.5)(323.0, 1050.5)(313.0, 1050.5);SD
Port:(480.0, 920.0)(480.0, 1049.5)(466.0, 1049.5)(466.0, 1065.0)(328.0, 1065.0)(328.0, 920.0);GATE
Port:(471.0, 930.0)(475.0, 930.0)(475.0, 1035.0)(471.0, 1035.0);SD
Module:M4
Boundary:(133.0, 259.0)(206.0, 259.0)(206.0, 319.0)(133.0, 319.0);GATE
Port:(147.5, 309.0)(191.5, 309.0)(191.5, 319.0)(147.5, 319.0);SD
Port:(133.0, 259.0)(206.0, 259.0)(206.0, 304.0)(133.0, 304.0);GATE
Port:(143.0, 264.0)(196.0, 264.0)(196.0, 268.0)(143.0, 268.0);SD
Module:M17
Boundary:(336.0, 570.0)(447.5, 570.0)(447.5, 582.0)(463.0, 582.0)(463.0, 650.0)(336.0, 650.0);GATE
Port:(350.5, 640.0)(448.5, 640.0)(448.5, 650.0)(350.5, 650.0);SD
Port:(336.0, 570.0)(447.5, 570.0)(447.5, 582.0)(463.0, 582.0)(463.0, 635.0)(336.0, 635.0);GATE
Port:(346.0, 575.0)(433.0, 575.0)(433.0, 579.0)(346.0, 579.0);SD
