Area:(-20.0, -20.0)(882.0, -20.0)(882.0, 223.0)(-20.0, 223.0)
Rule:GATE(5,5);SD(5,5);GATE_SD(0.5);GATE_ITO(0.5);SD_ITO(0.5)
Module:M5
Boundary:(339.0, 20.0)(468.5, 20.0)(468.5, 34.0)(484.0, 34.0)(484.0, 133.0)(339.0, 133.0);GATE
Port:(353.5, 123.0)(469.5, 123.0)(469.5, 133.0)(353.5, 133.0);SD
Port:(339.0, 20.0)(468.5, 20.0)(468.5, 34.0)(484.0, 34.0)(484.0, 118.0)(339.0, 118.0);GATE
Port:(349.0, 25.0)(454.0, 25.0)(454.0, 29.0)(349.0, 29.0);SD
Module:M1
Boundary:(524.0, 20.0)(617.5, 20.0)(617.5, 68.5)(669.0, 68.5)(669.0, 183.0)(524.0, 183.0);GATE
Port:(538.5, 173.0)(654.5, 173.0)(654.5, 183.0)(538.5, 183.0);SD
Port:(524.0, 20.0)(617.5, 20.0)(617.5, 68.5)(669.0, 68.5)(669.0, 168.0)(524.0, 168.0);GATE
Port:(534.0, 25.0)(603.0, 25.0)(603.0, 29.0)(534.0, 29.0);SD
Module:M2
Boundary:(20.0, 20.0)(95.5, 20.0)(95.5, 73.8)(183.0, 73.8)(183.0, 178.0)(20.0, 178.0);GATE
Port:(34.5, 168.0)(168.5, 168.0)(168.5, 178.0)(34.5, 178.0);SD
Port:(20.0, 20.0)(95.5, 20.0)(95.5, 73.8)(183.0, 73.8)(183.0, 163.0)(20.0, 163.0);GATE
Port:(30.0, 25.0)(81.0, 25.0)(81.0, 29.0)(30.0, 29.0);SD
Module:M3
Boundary:(842.0, 20.0)(842.0, 113.5)(762.0, 113.5)(762.0, 183.0)(709.0, 183.0)(709.0, 20.0);GATE
Port:(709.0, 34.5)(719.0, 34.5)(719.0, 168.5)(709.0, 168.5);SD
Port:(842.0, 20.0)(842.0, 113.5)(762.0, 113.5)(762.0, 183.0)(724.0, 183.0)(724.0, 20.0);GATE
Port:(833.0, 30.0)(837.0, 30.0)(837.0, 99.0)(833.0, 99.0);SD
Module:M4
Boundary:(299.0, 20.0)(299.0, 167.5)(283.0, 167.5)(283.0, 183.0)(223.0, 183.0)(223.0, 20.0);GATE
Port:(223.0, 34.5)(233.0, 34.5)(233.0, 168.5)(223.0, 168.5);SD
Port:(299.0, 20.0)(299.0, 167.5)(283.0, 167.5)(283.0, 183.0)(238.0, 183.0)(238.0, 20.0);GATE
Port:(290.0, 30.0)(294.0, 30.0)(294.0, 153.0)(290.0, 153.0);SD
