Area:(-20.0, -20.0)(886.0, -20.0)(886.0, 422.0)(-20.0, 422.0)
Rule:GATE(5,5);SD(5,5);GATE_SD(0.5);GATE_ITO(0.5);SD_ITO(0.5)
Module:M9
Boundary:(166.0, 20.0)(166.0, 167.5)(150.0, 167.5)(150.0, 183.0)(20.0, 183.0)(20.0, 20.0);GATE
Port:(20.0, 34.5)(30.0, 34.5)(30.0, 168.5)(20.0, 168.5);SD
Port:(166.0, 20.0)(166.0, 167.5)(150.0, 167.5)(150.0, 183.0)(35.0, 183.0)(35.0, 20.0);GATE
Port:(157.0, 30.0)(161.0, 30.0)(161.0, 153.0)(157.0, 153.0);SD
Module:M5
Boundary:(521.0, 30.0)(521.0, 141.5)(509.0, 141.5)(509.0, 157.0)(406.0, 157.0)(406.0, 30.0);GATE
Port:(406.0, 44.5)(416.0, 44.5)(416.0, 142.5)(406.0, 142.5);SD
Port:(521.0, 30.0)(521.0, 141.5)(509.0, 141.5)(509.0, 157.0)(421.0, 157.0)(421.0, 30.0);GATE
Port:(512.0, 40.0)(516.0, 40.0)(516.0, 127.0)(512.0, 127.0);SD
Module:M1
Boundary:(845.0, 20.0)(845.0, 131.5)(833.0, 131.5)(833.0, 147.0)(724.0, 147.0)(724.0, 20.0);GATE
Port:(724.0, 34.5)(734.0, 34.5)(734.0, 132.5)(724.0, 132.5);SD
Port:(845.0, 20.0)(845.0, 131.5)(833.0, 131.5)(833.0, 147.0)(739.0, 147.0)(739.0, 20.0);GATE
Port:(836.0, 30.0)(840.0, 30.0)(840.0, 117.0)(836.0, 117.0);SD
Module:M6
Boundary:(20.0, 223.0)(131.5, 223.0)(131.5, 235.0)(147.0, 235.0)(147.0, 359.0)(20.0, 359.0);GATE
Port:(34.5, 349.0)(132.5, 349.0)(132.5, 359.0)(34.5, 359.0);SD
Port:(20.0, 223.0)(131.5, 223.0)(131.5, 235.0)(147.0, 235.0)(147.0, 344.0)(20.0, 344.0);GATE
Port:(30.0, 228.0)(117.0, 228.0)(117.0, 232.0)(30.0, 232.0);SD
Module:M2
Boundary:(684.0, 20.0)(684.0, 131.5)(672.0, 131.5)(672.0, 147.0)(575.0, 147.0)(575.0, 20.0);GATE
Port:(575.0, 34.5)(585.0, 34.5)(585.0, 132.5)(575.0, 132.5);SD
Port:(684.0, 20.0)(684.0, 131.5)(672.0, 131.5)(672.0, 147.0)(590.0, 147.0)(590.0, 20.0);GATE
Port:(675.0, 30.0)(679.0, 30.0)(679.0, 117.0)(675.0, 117.0);SD
Module:M10
Boundary:(425.0, 217.0)(425.0, 328.5)(413.0, 328.5)(413.0, 344.0)(328.0, 344.0)(328.0, 217.0);GATE
Port:(328.0, 231.5)(338.0, 231.5)(338.0, 329.5)(328.0, 329.5);SD
Port:(425.0, 217.0)(425.0, 328.5)(413.0, 328.5)(413.0, 344.0)(343.0, 344.0)(343.0, 217.0);GATE
Port:(416.0, 227.0)(420.0, 227.0)(420.0, 314.0)(416.0, 314.0);SD
Module:M7
Boundary:(187.0, 223.0)(263.0, 223.0)(263.0, 231.0)(278.0, 231.0)(278.0, 350.0)(187.0, 350.0);GATE
Port:(201.5, 340.0)(263.5, 340.0)(263.5, 350.0)(201.5, 350.0);SD
Port:(187.0, 223.0)(263.0, 223.0)(263.0, 231.0)(278.0, 231.0)(278.0, 335.0)(187.0, 335.0);GATE
Port:(197.0, 228.0)(248.0, 228.0)(248.0, 232.0)(197.0, 232.0);SD
Module:M3
Boundary:(535.0, 207.0)(535.0, 283.0)(527.0, 283.0)(527.0, 298.0)(475.0, 298.0)(475.0, 207.0);GATE
Port:(475.0, 221.5)(485.0, 221.5)(485.0, 283.5)(475.0, 283.5);SD
Port:(535.0, 207.0)(535.0, 283.0)(527.0, 283.0)(527.0, 298.0)(490.0, 298.0)(490.0, 207.0);GATE
Port:(526.0, 217.0)(530.0, 217.0)(530.0, 268.0)(526.0, 268.0);SD
Module:M8
Boundary:(356.0, 20.0)(356.0, 149.5)(342.0, 149.5)(342.0, 165.0)(206.0, 165.0)(206.0, 20.0);GATE
Port:(206.0, 34.5)(216.0, 34.5)(216.0, 150.5)(206.0, 150.5);SD
Port:(356.0, 20.0)(356.0, 149.5)(342.0, 149.5)(342.0, 165.0)(221.0, 165.0)(221.0, 20.0);GATE
Port:(347.0, 30.0)(351.0, 30.0)(351.0, 135.0)(347.0, 135.0);SD
Module:M4
Boundary:(575.0, 187.0)(650.5, 187.0)(650.5, 323.3)(846.0, 323.3)(846.0, 382.0)(575.0, 382.0);GATE
Port:(589.5, 372.0)(831.5, 372.0)(831.5, 382.0)(589.5, 382.0);SD
Port:(575.0, 187.0)(650.5, 187.0)(650.5, 323.3)(846.0, 323.3)(846.0, 367.0)(575.0, 367.0);GATE
Port:(585.0, 192.0)(636.0, 192.0)(636.0, 196.0)(585.0, 196.0);SD
