Area:(-20.0, -20.0)(653.0, -20.0)(653.0, 1590.3)(-20.0, 1590.3)
Rule:GATE(5,5);SD(5,5);GATE_SD(0.5);GATE_ITO(0.5);SD_ITO(0.5)
Module:M14
Boundary:(111.5, 133.8)(111.5, 189.8)(63.8, 189.8)(63.8, 207.5)(20.0, 207.5)(20.0, 133.8);GATE
Port:(20.0, 148.3)(24.9, 148.3)(24.9, 193.0)(20.0, 193.0);SD
Port:(111.5, 133.8)(111.5, 189.8)(63.8, 189.8)(63.8, 207.5)(26.9, 207.5)(26.9, 133.8);GATE
Port:(100.5, 139.1)(107.2, 139.1)(107.2, 183.5)(100.5, 183.5);SD
Module:M9
Boundary:(220.8, 484.8)(220.8, 566.8)(220.7, 566.8)(220.7, 582.3)(129.6, 582.3)(129.6, 484.8);GATE
Port:(129.6, 499.4)(133.8, 499.4)(133.8, 567.7)(129.6, 567.7);SD
Port:(220.8, 484.8)(220.8, 566.8)(220.7, 566.8)(220.7, 582.3)(135.8, 582.3)(135.8, 484.8);GATE
Port:(208.3, 490.5)(216.1, 490.5)(216.1, 561.1)(208.3, 561.1);SD
Module:M5
Boundary:(172.0, 142.0)(226.9, 142.0)(226.9, 142.3)(245.6, 142.3)(245.6, 294.8)(172.0, 294.8);GATE
Port:(186.1, 290.2)(231.5, 290.2)(231.5, 294.8)(186.1, 294.8);SD
Port:(172.0, 142.0)(226.9, 142.0)(226.9, 142.3)(245.6, 142.3)(245.6, 289.2)(172.0, 289.2);GATE
Port:(178.0, 147.0)(220.9, 147.0)(220.9, 153.0)(178.0, 153.0);SD
Module:M11
Boundary:(20.0, 1039.2)(69.5, 1039.2)(69.5, 1039.4)(85.8, 1039.4)(85.8, 1236.9)(20.0, 1236.9);GATE
Port:(33.5, 1232.1)(72.3, 1232.1)(72.3, 1236.9)(33.5, 1236.9);SD
Port:(20.0, 1039.2)(69.5, 1039.2)(69.5, 1039.4)(85.8, 1039.4)(85.8, 1230.2)(20.0, 1230.2);GATE
Port:(25.3, 1043.5)(64.2, 1043.5)(64.2, 1049.6)(25.3, 1049.6);SD
Module:M1
Boundary:(492.5, 20.0)(492.5, 123.2)(324.7, 123.2)(324.7, 20.0);GATE
Port:(324.7, 34.7)(330.3, 34.7)(330.3, 108.5)(324.7, 108.5);SD
Port:(492.5, 20.0)(492.5, 123.2)(333.0, 123.2)(333.0, 20.0);GATE
Port:(480.2, 26.6)(486.9, 26.6)(486.9, 116.6)(480.2, 116.6);SD
Module:M38
Boundary:(464.1, 727.3)(464.1, 837.8)(437.4, 837.8)(437.4, 855.3)(386.1, 855.3)(386.1, 727.3);GATE
Port:(386.1, 741.1)(391.1, 741.1)(391.1, 841.5)(386.1, 841.5);SD
Port:(464.1, 727.3)(464.1, 837.8)(437.4, 837.8)(437.4, 855.3)(392.6, 855.3)(392.6, 727.3);GATE
Port:(453.8, 733.1)(459.3, 733.1)(459.3, 831.0)(453.8, 831.0);SD
Module:M40
Boundary:(379.4, 1243.6)(471.2, 1243.6)(471.2, 1313.5)(484.5, 1313.5)(484.5, 1388.2)(379.4, 1388.2);GATE
Port:(393.0, 1383.1)(470.9, 1383.1)(470.9, 1388.2)(393.0, 1388.2);SD
Port:(379.4, 1243.6)(471.2, 1243.6)(471.2, 1313.5)(484.5, 1313.5)(484.5, 1380.7)(379.4, 1380.7);GATE
Port:(386.2, 1249.4)(463.4, 1249.4)(463.4, 1255.4)(386.2, 1255.4);SD
Module:M35
Boundary:(30.0, 257.5)(104.6, 257.5)(104.6, 257.8)(122.0, 257.8)(122.0, 423.4)(30.0, 423.4);GATE
Port:(46.0, 417.7)(106.0, 417.7)(106.0, 423.4)(46.0, 423.4);SD
Port:(30.0, 257.5)(104.6, 257.5)(104.6, 257.8)(122.0, 257.8)(122.0, 415.4)(30.0, 415.4);GATE
Port:(37.0, 263.5)(97.6, 263.5)(97.6, 271.0)(37.0, 271.0);SD
Module:M32
Boundary:(20.0, 473.4)(73.3, 473.4)(73.3, 537.8)(89.6, 537.8)(89.6, 626.3)(20.0, 626.3);GATE
Port:(34.1, 620.9)(75.5, 620.9)(75.5, 626.3)(34.1, 626.3);SD
Port:(20.0, 473.4)(73.3, 473.4)(73.3, 537.8)(89.6, 537.8)(89.6, 619.4)(20.0, 619.4);GATE
Port:(25.7, 478.1)(66.6, 478.1)(66.6, 484.1)(25.7, 484.1);SD
Module:M27
Boundary:(376.1, 905.3)(458.5, 905.3)(458.5, 1051.7)(376.1, 1051.7);GATE
Port:(389.6, 1046.0)(445.0, 1046.0)(445.0, 1051.7)(389.6, 1051.7);SD
Port:(376.1, 905.3)(458.5, 905.3)(458.5, 1043.7)(376.1, 1043.7);GATE
Port:(382.5, 910.7)(452.1, 910.7)(452.1, 915.5)(382.5, 915.5);SD
Module:M24
Boundary:(242.2, 1139.5)(312.2, 1139.5)(312.2, 1170.1)(327.8, 1170.1)(327.8, 1267.6)(242.2, 1267.6);GATE
Port:(256.4, 1262.5)(313.6, 1262.5)(313.6, 1267.6)(256.4, 1267.6);SD
Port:(242.2, 1139.5)(312.2, 1139.5)(312.2, 1170.1)(327.8, 1170.1)(327.8, 1259.9)(242.2, 1259.9);GATE
Port:(248.1, 1144.4)(305.3, 1144.4)(305.3, 1150.8)(248.1, 1150.8);SD
Module:M19
Boundary:(202.2, 992.3)(202.2, 1068.9)(125.8, 1068.9)(125.8, 992.3);GATE
Port:(125.8, 1005.6)(131.5, 1005.6)(131.5, 1055.6)(125.8, 1055.6);SD
Port:(202.2, 992.3)(202.2, 1068.9)(133.0, 1068.9)(133.0, 992.3);GATE
Port:(190.5, 999.0)(196.5, 999.0)(196.5, 1062.2)(190.5, 1062.2);SD
Module:M6
Boundary:(534.5, 1220.2)(596.0, 1220.2)(596.0, 1236.3)(609.0, 1236.3)(609.0, 1405.9)(534.5, 1405.9);GATE
Port:(547.7, 1400.2)(595.8, 1400.2)(595.8, 1405.9)(547.7, 1405.9);SD
Port:(534.5, 1220.2)(596.0, 1220.2)(596.0, 1236.3)(609.0, 1236.3)(609.0, 1397.2)(534.5, 1397.2);GATE
Port:(541.3, 1226.0)(588.2, 1226.0)(588.2, 1231.9)(541.3, 1231.9);SD
Module:M21
Boundary:(284.7, 20.0)(284.7, 102.0)(177.9, 102.0)(177.9, 20.0);GATE
Port:(177.9, 33.0)(182.7, 33.0)(182.7, 89.0)(177.9, 89.0);SD
Port:(284.7, 20.0)(284.7, 102.0)(185.3, 102.0)(185.3, 20.0);GATE
Port:(273.8, 25.5)(280.2, 25.5)(280.2, 96.5)(273.8, 96.5);SD
Module:M2
Boundary:(184.4, 1286.9)(184.4, 1402.2)(170.9, 1402.2)(170.9, 1420.5)(30.0, 1420.5)(30.0, 1286.9);GATE
Port:(30.0, 1301.6)(35.0, 1301.6)(35.0, 1405.8)(30.0, 1405.8);SD
Port:(184.4, 1286.9)(184.4, 1402.2)(170.9, 1402.2)(170.9, 1420.5)(37.1, 1420.5)(37.1, 1286.9);GATE
Port:(173.0, 1293.2)(179.1, 1293.2)(179.1, 1394.9)(173.0, 1394.9);SD
Module:M16
Boundary:(137.9, 20.0)(137.9, 79.9)(90.3, 79.9)(90.3, 93.8)(20.0, 93.8)(20.0, 20.0);GATE
Port:(20.0, 31.1)(24.7, 31.1)(24.7, 82.7)(20.0, 82.7);SD
Port:(137.9, 20.0)(137.9, 79.9)(90.3, 79.9)(90.3, 93.8)(27.0, 93.8)(27.0, 20.0);GATE
Port:(129.1, 25.3)(133.6, 25.3)(133.6, 73.6)(129.1, 73.6);SD
Module:M13
Boundary:(323.9, 622.3)(323.9, 726.0)(153.8, 726.0)(153.8, 622.3);GATE
Port:(153.8, 635.6)(159.7, 635.6)(159.7, 712.7)(153.8, 712.7);SD
Port:(323.9, 622.3)(323.9, 726.0)(161.8, 726.0)(161.8, 622.3);GATE
Port:(313.6, 627.6)(319.6, 627.6)(319.6, 720.7)(313.6, 720.7);SD
Module:M10
Boundary:(113.8, 666.3)(113.8, 716.6)(78.8, 716.6)(78.8, 731.3)(20.0, 731.3)(20.0, 666.3);GATE
Port:(20.0, 679.2)(24.8, 679.2)(24.8, 718.4)(20.0, 718.4);SD
Port:(113.8, 666.3)(113.8, 716.6)(78.8, 716.6)(78.8, 731.3)(25.8, 731.3)(25.8, 666.3);GATE
Port:(103.3, 672.4)(108.7, 672.4)(108.7, 709.5)(103.3, 709.5);SD
Module:M37
Boundary:(198.3, 1470.5)(198.3, 1543.0)(20.0, 1543.0)(20.0, 1470.5);GATE
Port:(20.0, 1482.6)(24.3, 1482.6)(24.3, 1530.9)(20.0, 1530.9);SD
Port:(198.3, 1470.5)(198.3, 1543.0)(26.9, 1543.0)(26.9, 1470.5);GATE
Port:(187.8, 1477.3)(192.5, 1477.3)(192.5, 1536.2)(187.8, 1536.2);SD
Module:M34
Boundary:(532.5, 177.4)(580.7, 177.4)(580.7, 228.7)(595.2, 228.7)(595.2, 303.1)(532.5, 303.1);GATE
Port:(545.0, 299.0)(582.7, 299.0)(582.7, 303.1)(545.0, 303.1);SD
Port:(532.5, 177.4)(580.7, 177.4)(580.7, 228.7)(595.2, 228.7)(595.2, 296.2)(532.5, 296.2);GATE
Port:(537.9, 181.8)(574.3, 181.8)(574.3, 187.5)(537.9, 187.5);SD
Module:M29
Boundary:(386.1, 507.8)(495.9, 507.8)(495.9, 667.3)(386.1, 667.3);GATE
Port:(398.5, 661.8)(483.5, 661.8)(483.5, 667.3)(398.5, 667.3);SD
Port:(386.1, 507.8)(495.9, 507.8)(495.9, 660.7)(386.1, 660.7);GATE
Port:(391.8, 512.5)(490.2, 512.5)(490.2, 518.0)(391.8, 518.0);SD
Module:M7
Boundary:(532.5, 20.0)(613.0, 20.0)(613.0, 137.4)(532.5, 137.4);GATE
Port:(546.2, 131.8)(599.3, 131.8)(599.3, 137.4)(546.2, 137.4);SD
Port:(532.5, 20.0)(613.0, 20.0)(613.0, 128.9)(532.5, 128.9);GATE
Port:(539.1, 25.6)(606.4, 25.6)(606.4, 31.4)(539.1, 31.4);SD
Module:M31
Boundary:(460.1, 1091.7)(460.1, 1176.7)(459.7, 1176.7)(459.7, 1193.6)(376.1, 1193.6)(376.1, 1091.7);GATE
Port:(376.1, 1105.5)(381.8, 1105.5)(381.8, 1179.8)(376.1, 1179.8);SD
Port:(460.1, 1091.7)(460.1, 1176.7)(459.7, 1176.7)(459.7, 1193.6)(383.7, 1193.6)(383.7, 1091.7);GATE
Port:(449.1, 1097.8)(455.0, 1097.8)(455.0, 1170.6)(449.1, 1170.6);SD
Module:M3
Boundary:(242.2, 885.3)(320.8, 885.3)(320.8, 885.5)(336.1, 885.5)(336.1, 1099.5)(242.2, 1099.5);GATE
Port:(255.4, 1095.2)(322.9, 1095.2)(322.9, 1099.5)(255.4, 1099.5);SD
Port:(242.2, 885.3)(320.8, 885.3)(320.8, 885.5)(336.1, 885.5)(336.1, 1092.4)(242.2, 1092.4);GATE
Port:(247.7, 889.8)(315.3, 889.8)(315.3, 895.6)(247.7, 895.6);SD
Module:M26
Boundary:(250.2, 1317.6)(303.2, 1317.6)(303.2, 1328.4)(319.4, 1328.4)(319.4, 1452.6)(250.2, 1452.6);GATE
Port:(264.0, 1447.5)(305.6, 1447.5)(305.6, 1452.6)(264.0, 1452.6);SD
Port:(250.2, 1317.6)(303.2, 1317.6)(303.2, 1328.4)(319.4, 1328.4)(319.4, 1446.1)(250.2, 1446.1);GATE
Port:(256.4, 1322.8)(296.0, 1322.8)(296.0, 1328.9)(256.4, 1328.9);SD
Module:M23
Boundary:(20.0, 878.2)(63.7, 878.2)(63.7, 878.2)(77.4, 878.2)(77.4, 999.2)(20.0, 999.2);GATE
Port:(31.8, 993.7)(65.6, 993.7)(65.6, 999.2)(31.8, 999.2);SD
Port:(20.0, 878.2)(63.7, 878.2)(63.7, 878.2)(77.4, 878.2)(77.4, 991.4)(20.0, 991.4);GATE
Port:(25.3, 882.5)(58.4, 882.5)(58.4, 887.9)(25.3, 887.9);SD
Module:M18
Boundary:(334.8, 484.8)(334.8, 567.5)(314.6, 567.5)(314.6, 579.4)(260.8, 579.4)(260.8, 484.8);GATE
Port:(260.8, 496.5)(265.4, 496.5)(265.4, 567.7)(260.8, 567.7);SD
Port:(334.8, 484.8)(334.8, 567.5)(314.6, 567.5)(314.6, 579.4)(266.5, 579.4)(266.5, 484.8);GATE
Port:(324.7, 490.4)(330.2, 490.4)(330.2, 560.9)(324.7, 560.9);SD
Module:M20
Boundary:(125.8, 1108.9)(186.8, 1108.9)(186.8, 1129.5)(200.2, 1129.5)(200.2, 1236.2)(125.8, 1236.2);GATE
Port:(137.6, 1231.1)(188.4, 1231.1)(188.4, 1236.2)(137.6, 1236.2);SD
Port:(125.8, 1108.9)(186.8, 1108.9)(186.8, 1129.5)(200.2, 1129.5)(200.2, 1229.4)(125.8, 1229.4);GATE
Port:(130.9, 1113.0)(180.7, 1113.0)(180.7, 1119.1)(130.9, 1119.1);SD
Module:M15
Boundary:(325.9, 334.8)(325.9, 444.8)(172.0, 444.8)(172.0, 334.8);GATE
Port:(172.0, 347.5)(176.0, 347.5)(176.0, 432.1)(172.0, 432.1);SD
Port:(325.9, 334.8)(325.9, 444.8)(178.8, 444.8)(178.8, 334.8);GATE
Port:(316.4, 340.5)(321.2, 340.5)(321.2, 439.1)(316.4, 439.1);SD
Module:M12
Boundary:(246.1, 766.0)(316.3, 766.0)(316.3, 783.8)(328.8, 783.8)(328.8, 845.3)(246.1, 845.3);GATE
Port:(257.4, 840.9)(317.5, 840.9)(317.5, 845.3)(257.4, 845.3);SD
Port:(246.1, 766.0)(316.3, 766.0)(316.3, 783.8)(328.8, 783.8)(328.8, 839.8)(246.1, 839.8);GATE
Port:(251.4, 770.3)(310.0, 770.3)(310.0, 775.1)(251.4, 775.1);SD
Module:M39
Boundary:(311.5, 1502.6)(311.5, 1535.0)(311.5, 1535.0)(311.5, 1550.3)(238.3, 1550.3)(238.3, 1502.6);GATE
Port:(238.3, 1514.9)(243.8, 1514.9)(243.8, 1538.0)(238.3, 1538.0);SD
Port:(311.5, 1502.6)(311.5, 1535.0)(311.5, 1535.0)(311.5, 1550.3)(246.6, 1550.3)(246.6, 1502.6);GATE
Port:(300.9, 1508.9)(306.2, 1508.9)(306.2, 1528.7)(300.9, 1528.7);SD
Module:M8
Boundary:(514.1, 740.9)(588.4, 740.9)(588.4, 842.5)(605.4, 842.5)(605.4, 935.0)(514.1, 935.0);GATE
Port:(529.2, 930.0)(590.3, 930.0)(590.3, 935.0)(529.2, 935.0);SD
Port:(514.1, 740.9)(588.4, 740.9)(588.4, 842.5)(605.4, 842.5)(605.4, 929.0)(514.1, 929.0);GATE
Port:(519.5, 745.3)(582.0, 745.3)(582.0, 752.8)(519.5, 752.8);SD
Module:M4
Boundary:(611.7, 343.1)(611.7, 442.6)(573.0, 442.6)(573.0, 457.8)(512.1, 457.8)(512.1, 343.1);GATE
Port:(512.1, 356.4)(517.1, 356.4)(517.1, 444.5)(512.1, 444.5);SD
Port:(611.7, 343.1)(611.7, 442.6)(573.0, 442.6)(573.0, 457.8)(518.6, 457.8)(518.6, 343.1);GATE
Port:(601.0, 348.2)(607.6, 348.2)(607.6, 436.5)(601.0, 436.5);SD
Module:M36
Boundary:(487.1, 163.2)(487.1, 262.8)(452.2, 262.8)(452.2, 278.0)(285.6, 278.0)(285.6, 163.2);GATE
Port:(285.6, 176.6)(290.8, 176.6)(290.8, 264.6)(285.6, 264.6);SD
Port:(487.1, 163.2)(487.1, 262.8)(452.2, 262.8)(452.2, 278.0)(293.5, 278.0)(293.5, 163.2);GATE
Port:(476.0, 168.8)(482.5, 168.8)(482.5, 256.2)(476.0, 256.2);SD
Module:M33
Boundary:(206.1, 771.3)(206.1, 838.2)(20.0, 838.2)(20.0, 771.3);GATE
Port:(20.0, 785.1)(25.2, 785.1)(25.2, 824.4)(20.0, 824.4);SD
Port:(206.1, 771.3)(206.1, 838.2)(27.3, 838.2)(27.3, 771.3);GATE
Port:(194.4, 776.4)(202.0, 776.4)(202.0, 833.1)(194.4, 833.1);SD
Module:M28
Boundary:(374.8, 318.0)(457.5, 318.0)(457.5, 351.0)(472.1, 351.0)(472.1, 452.9)(374.8, 452.9);GATE
Port:(388.9, 448.4)(458.0, 448.4)(458.0, 452.9)(388.9, 452.9);SD
Port:(374.8, 318.0)(457.5, 318.0)(457.5, 351.0)(472.1, 351.0)(472.1, 445.7)(374.8, 445.7);GATE
Port:(380.6, 322.8)(450.7, 322.8)(450.7, 329.8)(380.6, 329.8);SD
Module:M30
Boundary:(510.1, 985.0)(589.0, 985.0)(589.0, 1080.4)(602.5, 1080.4)(602.5, 1170.2)(510.1, 1170.2);GATE
Port:(524.0, 1165.7)(588.6, 1165.7)(588.6, 1170.2)(524.0, 1170.2);SD
Port:(510.1, 985.0)(589.0, 985.0)(589.0, 1080.4)(602.5, 1080.4)(602.5, 1162.9)(510.1, 1162.9);GATE
Port:(516.8, 990.7)(581.3, 990.7)(581.3, 996.6)(516.8, 996.6);SD
Module:M25
Boundary:(195.6, 878.2)(195.6, 937.9)(195.6, 937.9)(195.6, 952.3)(117.4, 952.3)(117.4, 878.2);GATE
Port:(117.4, 889.9)(121.4, 889.9)(121.4, 940.6)(117.4, 940.6);SD
Port:(195.6, 878.2)(195.6, 937.9)(195.6, 937.9)(195.6, 952.3)(123.7, 952.3)(123.7, 878.2);GATE
Port:(185.6, 884.1)(190.7, 884.1)(190.7, 932.0)(185.6, 932.0);SD
Module:M22
Boundary:(563.5, 1455.9)(563.5, 1528.5)(547.0, 1528.5)(547.0, 1541.7)(379.4, 1541.7)(379.4, 1455.9);GATE
Port:(379.4, 1466.5)(384.7, 1466.5)(384.7, 1531.1)(379.4, 1531.1);SD
Port:(563.5, 1455.9)(563.5, 1528.5)(547.0, 1528.5)(547.0, 1541.7)(386.8, 1541.7)(386.8, 1455.9);GATE
Port:(554.5, 1461.3)(559.1, 1461.3)(559.1, 1522.1)(554.5, 1522.1);SD
Module:M17
Boundary:(545.9, 497.8)(597.4, 497.8)(597.4, 497.9)(612.4, 497.9)(612.4, 700.9)(545.9, 700.9);GATE
Port:(561.0, 695.9)(597.3, 695.9)(597.3, 700.9)(561.0, 700.9);SD
Port:(545.9, 497.8)(597.4, 497.8)(597.4, 497.9)(612.4, 497.9)(612.4, 693.4)(545.9, 693.4);GATE
Port:(552.7, 503.6)(590.6, 503.6)(590.6, 511.0)(552.7, 511.0);SD
