Area:(-14.6, 3.6)(555.2, 3.6)(555.2, 1318.0)(-14.6, 1318.0)
Rule:GATE(5,5);SD(5,5);GATE_SD(0.5);GATE_ITO(0.5);SD_ITO(0.5)
Module:M5
Boundary:(35.3, 199.0)(35.3, 69.5)(49.3, 69.5)(49.3, 54.0)(100.3, 54.0)(100.3, 199.0);GATE
Port:(90.3, 68.5)(100.3, 68.5)(100.3, 184.5)(90.3, 184.5);SD
Port:(35.3, 199.0)(35.3, 69.5)(49.3, 69.5)(49.3, 54.0)(85.3, 54.0)(85.3, 199.0);GATE
Port:(40.3, 84.0)(44.3, 84.0)(44.3, 189.0)(40.3, 189.0);SD
Module:M18
Boundary:(144.2, 188.6)(144.2, 59.1)(158.2, 59.1)(158.2, 43.6)(208.2, 43.6)(208.2, 188.6);GATE
Port:(198.2, 58.1)(208.2, 58.1)(208.2, 174.1)(198.2, 174.1);SD
Port:(144.2, 188.6)(144.2, 59.1)(158.2, 59.1)(158.2, 43.6)(193.2, 43.6)(193.2, 188.6);GATE
Port:(149.2, 73.6)(153.2, 73.6)(153.2, 178.6)(149.2, 178.6);SD
Module:M2
Boundary:(512.2, 53.8)(382.7, 53.8)(382.7, 158.2)(241.2, 158.2)(241.2, 219.8)(512.2, 219.8);GATE
Port:(255.7, 209.8)(497.7, 209.8)(497.7, 219.8)(255.7, 219.8);SD
Port:(512.2, 53.8)(382.7, 53.8)(382.7, 158.2)(241.2, 158.2)(241.2, 204.8)(512.2, 204.8);GATE
Port:(397.2, 58.8)(502.2, 58.8)(502.2, 62.8)(397.2, 62.8);SD
Module:M9
Boundary:(218.4, 205.0)(218.4, 281.0)(210.4, 281.0)(210.4, 296.0)(55.4, 296.0)(55.4, 205.0);GATE
Port:(55.4, 219.5)(65.4, 219.5)(65.4, 281.5)(55.4, 281.5);SD
Port:(218.4, 205.0)(218.4, 281.0)(210.4, 281.0)(210.4, 296.0)(70.4, 296.0)(70.4, 205.0);GATE
Port:(209.4, 215.0)(213.4, 215.0)(213.4, 266.0)(209.4, 266.0);SD
Module:M21
Boundary:(307.7, 228.4)(307.7, 375.9)(291.7, 375.9)(291.7, 391.4)(234.7, 391.4)(234.7, 228.4);GATE
Port:(234.7, 242.9)(244.7, 242.9)(244.7, 376.9)(234.7, 376.9);SD
Port:(307.7, 228.4)(307.7, 375.9)(291.7, 375.9)(291.7, 391.4)(249.7, 391.4)(249.7, 228.4);GATE
Port:(298.7, 238.4)(302.7, 238.4)(302.7, 361.4)(298.7, 361.4);SD
Module:M17
Boundary:(515.2, 418.6)(385.7, 418.6)(385.7, 323.7)(334.2, 323.7)(334.2, 253.6)(515.2, 253.6);GATE
Port:(348.7, 253.6)(500.7, 253.6)(500.7, 263.6)(348.7, 263.6);SD
Port:(515.2, 418.6)(385.7, 418.6)(385.7, 323.7)(334.2, 323.7)(334.2, 268.6)(515.2, 268.6);GATE
Port:(400.2, 409.6)(505.2, 409.6)(505.2, 413.6)(400.2, 413.6);SD
Module:M12
Boundary:(225.4, 339.7)(113.9, 339.7)(113.9, 351.7)(98.4, 351.7)(98.4, 413.7)(225.4, 413.7);GATE
Port:(112.9, 403.7)(210.9, 403.7)(210.9, 413.7)(112.9, 413.7);SD
Port:(225.4, 339.7)(113.9, 339.7)(113.9, 351.7)(98.4, 351.7)(98.4, 398.7)(225.4, 398.7);GATE
Port:(128.4, 344.7)(215.4, 344.7)(215.4, 348.7)(128.4, 348.7);SD
Module:M1
Boundary:(504.8, 459.2)(431.8, 459.2)(431.8, 572.2)(504.8, 572.2);GATE
Port:(446.3, 562.2)(490.3, 562.2)(490.3, 572.2)(446.3, 572.2);SD
Port:(504.8, 459.2)(431.8, 459.2)(431.8, 557.2)(504.8, 557.2);GATE
Port:(441.8, 464.2)(494.8, 464.2)(494.8, 468.2)(441.8, 468.2);SD
Module:M4
Boundary:(241.0, 431.0)(388.5, 431.0)(388.5, 447.0)(404.0, 447.0)(404.0, 581.0)(241.0, 581.0);GATE
Port:(255.5, 571.0)(389.5, 571.0)(389.5, 581.0)(255.5, 581.0);SD
Port:(241.0, 431.0)(388.5, 431.0)(388.5, 447.0)(404.0, 447.0)(404.0, 566.0)(241.0, 566.0);GATE
Port:(251.0, 436.0)(374.0, 436.0)(374.0, 440.0)(251.0, 440.0);SD
Module:M15
Boundary:(25.4, 634.0)(172.9, 634.0)(172.9, 548.8)(206.4, 548.8)(206.4, 450.0)(25.4, 450.0);GATE
Port:(39.9, 450.0)(191.9, 450.0)(191.9, 460.0)(39.9, 460.0);SD
Port:(25.4, 634.0)(172.9, 634.0)(172.9, 548.8)(206.4, 548.8)(206.4, 465.0)(25.4, 465.0);GATE
Port:(35.4, 625.0)(158.4, 625.0)(158.4, 629.0)(35.4, 629.0);SD
Module:M19
Boundary:(403.5, 665.0)(403.5, 592.0)(473.5, 592.0)(473.5, 665.0);GATE
Port:(463.5, 606.5)(473.5, 606.5)(473.5, 650.5)(463.5, 650.5);SD
Port:(403.5, 665.0)(403.5, 592.0)(458.5, 592.0)(458.5, 665.0);GATE
Port:(408.5, 602.0)(412.5, 602.0)(412.5, 655.0)(408.5, 655.0);SD
Module:M6
Boundary:(241.0, 626.1)(241.0, 699.1)(403.0, 699.1)(403.0, 626.1);GATE
Port:(393.0, 640.6)(403.0, 640.6)(403.0, 684.6)(393.0, 684.6);SD
Port:(241.0, 626.1)(241.0, 699.1)(388.0, 699.1)(388.0, 626.1);GATE
Port:(246.0, 636.1)(250.0, 636.1)(250.0, 689.1)(246.0, 689.1);SD
Module:M3
Boundary:(179.9, 642.3)(179.9, 735.8)(169.9, 735.8)(169.9, 751.3)(33.9, 751.3)(33.9, 642.3);GATE
Port:(33.9, 656.8)(43.9, 656.8)(43.9, 736.8)(33.9, 736.8);SD
Port:(179.9, 642.3)(179.9, 735.8)(169.9, 735.8)(169.9, 751.3)(48.9, 751.3)(48.9, 642.3);GATE
Port:(170.9, 652.3)(174.9, 652.3)(174.9, 721.3)(170.9, 721.3);SD
Module:M10
Boundary:(492.1, 868.0)(419.1, 868.0)(419.1, 697.0)(492.1, 697.0);GATE
Port:(433.6, 697.0)(477.6, 697.0)(477.6, 707.0)(433.6, 707.0);SD
Port:(492.1, 868.0)(419.1, 868.0)(419.1, 712.0)(492.1, 712.0);GATE
Port:(429.1, 859.0)(482.1, 859.0)(482.1, 863.0)(429.1, 863.0);SD
Module:M8
Boundary:(211.1, 717.2)(340.6, 717.2)(340.6, 758.4)(392.1, 758.4)(392.1, 854.2)(211.1, 854.2);GATE
Port:(225.6, 844.2)(377.6, 844.2)(377.6, 854.2)(225.6, 854.2);SD
Port:(211.1, 717.2)(340.6, 717.2)(340.6, 758.4)(392.1, 758.4)(392.1, 839.2)(211.1, 839.2);GATE
Port:(221.1, 722.2)(326.1, 722.2)(326.1, 726.2)(221.1, 726.2);SD
Module:M14
Boundary:(62.2, 757.9)(173.7, 757.9)(173.7, 769.9)(189.2, 769.9)(189.2, 835.9)(62.2, 835.9);GATE
Port:(76.7, 825.9)(174.7, 825.9)(174.7, 835.9)(76.7, 835.9);SD
Port:(62.2, 757.9)(173.7, 757.9)(173.7, 769.9)(189.2, 769.9)(189.2, 820.9)(62.2, 820.9);GATE
Port:(72.2, 762.9)(159.2, 762.9)(159.2, 766.9)(72.2, 766.9);SD
Module:M22
Boundary:(302.6, 978.9)(432.1, 978.9)(432.1, 940.7)(501.6, 940.7)(501.6, 880.9)(302.6, 880.9);GATE
Port:(317.1, 880.9)(487.1, 880.9)(487.1, 890.9)(317.1, 890.9);SD
Port:(302.6, 978.9)(432.1, 978.9)(432.1, 940.7)(501.6, 940.7)(501.6, 895.9)(302.6, 895.9);GATE
Port:(312.6, 969.9)(417.6, 969.9)(417.6, 973.9)(312.6, 973.9);SD
Module:M13
Boundary:(292.4, 1036.1)(216.4, 1036.1)(216.4, 1028.1)(201.4, 1028.1)(201.4, 886.1)(292.4, 886.1);GATE
Port:(215.9, 886.1)(277.9, 886.1)(277.9, 896.1)(215.9, 896.1);SD
Port:(292.4, 1036.1)(216.4, 1036.1)(216.4, 1028.1)(201.4, 1028.1)(201.4, 901.1)(292.4, 901.1);GATE
Port:(231.4, 1027.1)(282.4, 1027.1)(282.4, 1031.1)(231.4, 1031.1);SD
Module:M25
Boundary:(66.0, 988.9)(141.5, 988.9)(141.5, 953.1)(193.0, 953.1)(193.0, 861.9)(66.0, 861.9);GATE
Port:(80.5, 861.9)(178.5, 861.9)(178.5, 871.9)(80.5, 871.9);SD
Port:(66.0, 988.9)(141.5, 988.9)(141.5, 953.1)(193.0, 953.1)(193.0, 876.9)(66.0, 876.9);GATE
Port:(76.0, 979.9)(127.0, 979.9)(127.0, 983.9)(76.0, 983.9);SD
Module:M23
Boundary:(193.0, 1063.0)(286.5, 1063.0)(286.5, 1073.0)(302.0, 1073.0)(302.0, 1134.0)(193.0, 1134.0);GATE
Port:(207.5, 1124.0)(287.5, 1124.0)(287.5, 1134.0)(207.5, 1134.0);SD
Port:(193.0, 1063.0)(286.5, 1063.0)(286.5, 1073.0)(302.0, 1073.0)(302.0, 1119.0)(193.0, 1119.0);GATE
Port:(203.0, 1068.0)(272.0, 1068.0)(272.0, 1072.0)(203.0, 1072.0);SD
Module:M24
Boundary:(64.8, 1149.6)(140.3, 1149.6)(140.3, 1131.6)(191.8, 1131.6)(191.8, 1080.6)(64.8, 1080.6);GATE
Port:(79.3, 1080.6)(177.3, 1080.6)(177.3, 1090.6)(79.3, 1090.6);SD
Port:(64.8, 1149.6)(140.3, 1149.6)(140.3, 1131.6)(191.8, 1131.6)(191.8, 1095.6)(64.8, 1095.6);GATE
Port:(74.8, 1140.6)(125.8, 1140.6)(125.8, 1144.6)(74.8, 1144.6);SD
Module:M16
Boundary:(320.9, 1127.3)(320.9, 1033.8)(371.1, 1033.8)(371.1, 982.3)(488.9, 982.3)(488.9, 1127.3);GATE
Port:(478.9, 996.8)(488.9, 996.8)(488.9, 1112.8)(478.9, 1112.8);SD
Port:(320.9, 1127.3)(320.9, 1033.8)(371.1, 1033.8)(371.1, 982.3)(473.9, 982.3)(473.9, 1127.3);GATE
Port:(325.9, 1048.3)(329.9, 1048.3)(329.9, 1117.3)(325.9, 1117.3);SD
Module:M7
Boundary:(264.6, 1176.5)(264.6, 1249.5)(377.6, 1249.5)(377.6, 1176.5);GATE
Port:(367.6, 1191.0)(377.6, 1191.0)(377.6, 1235.0)(367.6, 1235.0);SD
Port:(264.6, 1176.5)(264.6, 1249.5)(362.6, 1249.5)(362.6, 1176.5);GATE
Port:(269.6, 1186.5)(273.6, 1186.5)(273.6, 1239.5)(269.6, 1239.5);SD
Module:M11
Boundary:(491.2, 1205.0)(491.2, 1278.0)(385.2, 1278.0)(385.2, 1205.0);GATE
Port:(385.2, 1219.5)(395.2, 1219.5)(395.2, 1263.5)(385.2, 1263.5);SD
Port:(491.2, 1205.0)(491.2, 1278.0)(400.2, 1278.0)(400.2, 1205.0);GATE
Port:(482.2, 1215.0)(486.2, 1215.0)(486.2, 1268.0)(482.2, 1268.0);SD
Module:M20
Boundary:(264.4, 1175.2)(264.4, 1251.2)(256.4, 1251.2)(256.4, 1266.2)(73.4, 1266.2)(73.4, 1175.2);GATE
Port:(73.4, 1189.7)(83.4, 1189.7)(83.4, 1251.7)(73.4, 1251.7);SD
Port:(264.4, 1175.2)(264.4, 1251.2)(256.4, 1251.2)(256.4, 1266.2)(88.4, 1266.2)(88.4, 1175.2);GATE
Port:(255.4, 1185.2)(259.4, 1185.2)(259.4, 1236.2)(255.4, 1236.2);SD
