Area:(-20.0, -20.0)(414.1, -20.0)(414.1, 1016.9)(-20.0, 1016.9)
Rule:GATE(5,5);SD(5,5);GATE_SD(0.5);GATE_ITO(0.5);SD_ITO(0.5)
Module:M14
Boundary:(185.4, 859.6)(185.4, 949.3)(133.1, 949.3)(133.1, 962.8)(30.0, 962.8)(30.0, 859.6);GATE
Port:(30.0, 871.9)(35.3, 871.9)(35.3, 950.5)(30.0, 950.5);SD
Port:(185.4, 859.6)(185.4, 949.3)(133.1, 949.3)(133.1, 962.8)(36.4, 962.8)(36.4, 859.6);GATE
Port:(175.0, 864.7)(181.3, 864.7)(181.3, 943.2)(175.0, 943.2);SD
Module:M9
Boundary:(366.6, 20.0)(366.6, 88.0)(217.5, 88.0)(217.5, 20.0);GATE
Port:(217.5, 33.3)(223.4, 33.3)(223.4, 74.7)(217.5, 74.7);SD
Port:(366.6, 20.0)(366.6, 88.0)(225.6, 88.0)(225.6, 20.0);GATE
Port:(356.4, 25.7)(361.9, 25.7)(361.9, 82.3)(356.4, 82.3);SD
Module:M5
Boundary:(253.7, 282.3)(355.2, 282.3)(355.2, 282.8)(371.7, 282.8)(371.7, 354.2)(253.7, 354.2);GATE
Port:(268.3, 348.4)(357.1, 348.4)(357.1, 354.2)(268.3, 354.2);SD
Port:(253.7, 282.3)(355.2, 282.3)(355.2, 282.8)(371.7, 282.8)(371.7, 345.5)(253.7, 345.5);GATE
Port:(259.7, 287.3)(349.2, 287.3)(349.2, 293.7)(259.7, 293.7);SD
Module:M11
Boundary:(374.1, 394.2)(374.1, 450.5)(374.1, 450.5)(374.1, 463.6)(253.7, 463.6)(253.7, 394.2);GATE
Port:(253.7, 405.8)(259.5, 405.8)(259.5, 452.0)(253.7, 452.0);SD
Port:(374.1, 394.2)(374.1, 450.5)(374.1, 450.5)(374.1, 463.6)(261.1, 463.6)(261.1, 394.2);GATE
Port:(364.1, 401.0)(368.3, 401.0)(368.3, 443.7)(364.1, 443.7);SD
Module:M1
Boundary:(138.1, 631.0)(138.1, 665.7)(138.1, 665.7)(138.1, 681.2)(30.0, 681.2)(30.0, 631.0);GATE
Port:(30.0, 644.4)(34.3, 644.4)(34.3, 667.8)(30.0, 667.8);SD
Port:(138.1, 631.0)(138.1, 665.7)(138.1, 665.7)(138.1, 681.2)(35.7, 681.2)(35.7, 631.0);GATE
Port:(126.4, 636.7)(133.4, 636.7)(133.4, 660.0)(126.4, 660.0);SD
Module:M6
Boundary:(373.3, 507.5)(373.3, 574.2)(344.7, 574.2)(344.7, 588.5)(207.2, 588.5)(207.2, 507.5);GATE
Port:(207.2, 521.9)(211.9, 521.9)(211.9, 574.1)(207.2, 574.1);SD
Port:(373.3, 507.5)(373.3, 574.2)(344.7, 574.2)(344.7, 588.5)(214.0, 588.5)(214.0, 507.5);GATE
Port:(361.5, 513.8)(368.0, 513.8)(368.0, 566.9)(361.5, 566.9);SD
Module:M2
Boundary:(188.1, 628.5)(265.3, 628.5)(265.3, 690.9)(278.7, 690.9)(278.7, 809.6)(188.1, 809.6);GATE
Port:(201.5, 804.2)(265.3, 804.2)(265.3, 809.6)(201.5, 809.6);SD
Port:(188.1, 628.5)(265.3, 628.5)(265.3, 690.9)(278.7, 690.9)(278.7, 801.8)(188.1, 801.8);GATE
Port:(194.6, 634.0)(257.8, 634.0)(257.8, 640.2)(194.6, 640.2);SD
Module:M16
Boundary:(20.0, 265.9)(85.8, 265.9)(85.8, 304.8)(100.1, 304.8)(100.1, 483.0)(20.0, 483.0);GATE
Port:(33.2, 478.3)(86.9, 478.3)(86.9, 483.0)(33.2, 483.0);SD
Port:(20.0, 265.9)(85.8, 265.9)(85.8, 304.8)(100.1, 304.8)(100.1, 476.7)(20.0, 476.7);GATE
Port:(26.3, 271.2)(78.5, 271.2)(78.5, 277.5)(26.3, 277.5);SD
Module:M13
Boundary:(147.3, 731.2)(147.3, 798.5)(20.0, 798.5)(20.0, 731.2);GATE
Port:(20.0, 745.0)(25.8, 745.0)(25.8, 784.7)(20.0, 784.7);SD
Port:(147.3, 731.2)(147.3, 798.5)(27.0, 798.5)(27.0, 731.2);GATE
Port:(136.2, 736.4)(143.1, 736.4)(143.1, 793.3)(136.2, 793.3);SD
Module:M10
Boundary:(177.5, 20.0)(177.5, 85.1)(124.1, 85.1)(124.1, 99.1)(20.0, 99.1)(20.0, 20.0);GATE
Port:(20.0, 33.6)(25.1, 33.6)(25.1, 85.5)(20.0, 85.5);SD
Port:(177.5, 20.0)(177.5, 85.1)(124.1, 85.1)(124.1, 99.1)(26.3, 99.1)(26.3, 20.0);GATE
Port:(165.9, 25.8)(172.7, 25.8)(172.7, 78.3)(165.9, 78.3);SD
Module:M7
Boundary:(226.6, 139.1)(226.6, 225.9)(20.0, 225.9)(20.0, 139.1);GATE
Port:(20.0, 153.4)(24.4, 153.4)(24.4, 211.6)(20.0, 211.6);SD
Port:(226.6, 139.1)(226.6, 225.9)(26.9, 225.9)(26.9, 139.1);GATE
Port:(215.0, 145.6)(221.1, 145.6)(221.1, 219.4)(215.0, 219.4);SD
Module:M3
Boundary:(318.7, 628.5)(373.2, 628.5)(373.2, 842.0)(318.7, 842.0);GATE
Port:(333.7, 836.0)(358.2, 836.0)(358.2, 842.0)(333.7, 842.0);SD
Port:(318.7, 628.5)(373.2, 628.5)(373.2, 833.1)(318.7, 833.1);GATE
Port:(324.5, 633.3)(367.4, 633.3)(367.4, 640.2)(324.5, 640.2);SD
Module:M15
Boundary:(167.2, 523.0)(167.2, 581.0)(20.0, 581.0)(20.0, 523.0);GATE
Port:(20.0, 534.2)(24.4, 534.2)(24.4, 569.8)(20.0, 569.8);SD
Port:(167.2, 523.0)(167.2, 581.0)(25.9, 581.0)(25.9, 523.0);GATE
Port:(157.6, 529.3)(161.9, 529.3)(161.9, 574.7)(157.6, 574.7);SD
Module:M12
Boundary:(359.3, 882.0)(359.3, 962.8)(300.6, 962.8)(300.6, 976.9)(235.4, 976.9)(235.4, 882.0);GATE
Port:(235.4, 895.7)(240.3, 895.7)(240.3, 963.2)(235.4, 963.2);SD
Port:(359.3, 882.0)(359.3, 962.8)(300.6, 962.8)(300.6, 976.9)(241.6, 976.9)(241.6, 882.0);GATE
Port:(348.0, 888.6)(353.7, 888.6)(353.7, 955.2)(348.0, 955.2);SD
Module:M8
Boundary:(266.6, 128.0)(350.8, 128.0)(350.8, 155.3)(366.2, 155.3)(366.2, 242.3)(266.6, 242.3);GATE
Port:(280.2, 237.6)(352.6, 237.6)(352.6, 242.3)(280.2, 242.3);SD
Port:(266.6, 128.0)(350.8, 128.0)(350.8, 155.3)(366.2, 155.3)(366.2, 236.1)(266.6, 236.1);GATE
Port:(273.0, 133.4)(343.4, 133.4)(343.4, 138.6)(273.0, 138.6);SD
Module:M4
Boundary:(140.1, 265.9)(196.3, 265.9)(196.3, 301.7)(213.7, 301.7)(213.7, 467.5)(140.1, 467.5);GATE
Port:(154.5, 463.1)(199.3, 463.1)(199.3, 467.5)(154.5, 467.5);SD
Port:(140.1, 265.9)(196.3, 265.9)(196.3, 301.7)(213.7, 301.7)(213.7, 460.9)(140.1, 460.9);GATE
Port:(146.0, 270.8)(189.4, 270.8)(189.4, 277.4)(146.0, 277.4);SD
