Area:(-20.0, -20.0)(877.3, -20.0)(877.3, 1325.6)(-20.0, 1325.6)
Rule:GATE(5,5);SD(5,5);GATE_SD(0.5);GATE_ITO(0.5);SD_ITO(0.5)
Module:M14
Boundary:(584.2, 309.8)(662.5, 309.8)(662.5, 415.2)(676.7, 415.2)(676.7, 484.1)(584.2, 484.1);GATE
Port:(596.4, 479.1)(664.5, 479.1)(664.5, 484.1)(596.4, 484.1);SD
Port:(584.2, 309.8)(662.5, 309.8)(662.5, 415.2)(676.7, 415.2)(676.7, 476.2)(584.2, 476.2);GATE
Port:(589.7, 314.3)(656.0, 314.3)(656.0, 320.2)(589.7, 320.2);SD
Module:M9
Boundary:(477.7, 309.8)(544.2, 309.8)(544.2, 457.9)(477.7, 457.9);GATE
Port:(492.3, 452.5)(529.6, 452.5)(529.6, 457.9)(492.3, 457.9);SD
Port:(477.7, 309.8)(544.2, 309.8)(544.2, 450.0)(477.7, 450.0);GATE
Port:(484.3, 315.4)(537.6, 315.4)(537.6, 321.3)(484.3, 321.3);SD
Module:M5
Boundary:(552.2, 989.7)(552.2, 1022.4)(552.1, 1022.4)(552.1, 1037.7)(444.1, 1037.7)(444.1, 989.7);GATE
Port:(444.1, 1002.9)(449.0, 1002.9)(449.0, 1024.5)(444.1, 1024.5);SD
Port:(552.2, 989.7)(552.2, 1022.4)(552.1, 1022.4)(552.1, 1037.7)(450.6, 1037.7)(450.6, 989.7);GATE
Port:(541.5, 994.9)(548.0, 994.9)(548.0, 1017.2)(541.5, 1017.2);SD
Module:M11
Boundary:(441.2, 20.0)(441.2, 56.0)(441.1, 56.0)(441.1, 71.6)(286.0, 71.6)(286.0, 20.0);GATE
Port:(286.0, 34.5)(292.0, 34.5)(292.0, 57.1)(286.0, 57.1);SD
Port:(441.2, 20.0)(441.2, 56.0)(441.1, 56.0)(441.1, 71.6)(294.3, 71.6)(294.3, 20.0);GATE
Port:(428.6, 26.7)(435.5, 26.7)(435.5, 49.3)(428.6, 49.3);SD
Module:M1
Boundary:(320.2, 1202.3)(390.2, 1202.3)(390.2, 1202.7)(407.6, 1202.7)(407.6, 1278.6)(320.2, 1278.6);GATE
Port:(334.4, 1274.0)(393.4, 1274.0)(393.4, 1278.6)(334.4, 1278.6);SD
Port:(320.2, 1202.3)(390.2, 1202.3)(390.2, 1202.7)(407.6, 1202.7)(407.6, 1271.9)(320.2, 1271.9);GATE
Port:(325.4, 1206.5)(385.0, 1206.5)(385.0, 1213.7)(325.4, 1213.7);SD
Module:M43
Boundary:(822.8, 134.1)(822.8, 186.6)(822.7, 186.6)(822.7, 203.3)(716.4, 203.3)(716.4, 134.1);GATE
Port:(716.4, 148.1)(721.4, 148.1)(721.4, 189.3)(716.4, 189.3);SD
Port:(822.8, 134.1)(822.8, 186.6)(822.7, 186.6)(822.7, 203.3)(723.0, 203.3)(723.0, 134.1);GATE
Port:(811.0, 140.2)(817.7, 140.2)(817.7, 180.5)(811.0, 180.5);SD
Module:M38
Boundary:(453.6, 497.9)(502.1, 497.9)(502.1, 534.2)(514.9, 534.2)(514.9, 706.3)(453.6, 706.3);GATE
Port:(467.3, 701.0)(501.2, 701.0)(501.2, 706.3)(467.3, 706.3);SD
Port:(453.6, 497.9)(502.1, 497.9)(502.1, 534.2)(514.9, 534.2)(514.9, 698.4)(453.6, 698.4);GATE
Port:(460.3, 503.6)(494.4, 503.6)(494.4, 510.1)(460.3, 510.1);SD
Module:M40
Boundary:(166.8, 881.0)(256.8, 881.0)(256.8, 962.0)(270.2, 962.0)(270.2, 1041.5)(166.8, 1041.5);GATE
Port:(179.2, 1036.6)(257.8, 1036.6)(257.8, 1041.5)(179.2, 1041.5);SD
Port:(166.8, 881.0)(256.8, 881.0)(256.8, 962.0)(270.2, 962.0)(270.2, 1034.6)(166.8, 1034.6);GATE
Port:(172.4, 885.6)(250.2, 885.6)(250.2, 891.2)(172.4, 891.2);SD
Module:M35
Boundary:(420.4, 111.6)(420.4, 172.6)(286.0, 172.6)(286.0, 111.6);GATE
Port:(286.0, 125.5)(291.5, 125.5)(291.5, 158.7)(286.0, 158.7);SD
Port:(420.4, 111.6)(420.4, 172.6)(293.9, 172.6)(293.9, 111.6);GATE
Port:(408.2, 118.6)(414.4, 118.6)(414.4, 165.6)(408.2, 165.6);SD
Module:M32
Boundary:(393.8, 488.2)(393.8, 573.6)(345.7, 573.6)(345.7, 589.5)(274.6, 589.5)(274.6, 488.2);GATE
Port:(274.6, 501.1)(278.9, 501.1)(278.9, 576.6)(274.6, 576.6);SD
Port:(393.8, 488.2)(393.8, 573.6)(345.7, 573.6)(345.7, 589.5)(280.1, 589.5)(280.1, 488.2);GATE
Port:(383.5, 494.1)(388.9, 494.1)(388.9, 566.7)(383.5, 566.7);SD
Module:M27
Boundary:(201.5, 1238.4)(201.5, 1270.2)(201.3, 1270.2)(201.3, 1285.6)(20.0, 1285.6)(20.0, 1238.4);GATE
Port:(20.0, 1250.5)(25.8, 1250.5)(25.8, 1273.5)(20.0, 1273.5);SD
Port:(201.5, 1238.4)(201.5, 1270.2)(201.3, 1270.2)(201.3, 1285.6)(27.1, 1285.6)(27.1, 1238.4);GATE
Port:(191.6, 1244.6)(196.3, 1244.6)(196.3, 1264.0)(191.6, 1264.0);SD
Module:M24
Boundary:(492.6, 754.6)(492.6, 809.6)(442.3, 809.6)(442.3, 825.7)(381.3, 825.7)(381.3, 754.6);GATE
Port:(381.3, 769.2)(387.2, 769.2)(387.2, 811.1)(381.3, 811.1);SD
Port:(492.6, 754.6)(492.6, 809.6)(442.3, 809.6)(442.3, 825.7)(388.7, 825.7)(388.7, 754.6);GATE
Port:(480.2, 760.4)(487.8, 760.4)(487.8, 802.8)(480.2, 802.8);SD
Module:M19
Boundary:(134.1, 1119.9)(134.1, 1171.4)(133.9, 1171.4)(133.9, 1188.4)(30.0, 1188.4)(30.0, 1119.9);GATE
Port:(30.0, 1133.5)(34.2, 1133.5)(34.2, 1174.8)(30.0, 1174.8);SD
Port:(134.1, 1119.9)(134.1, 1171.4)(133.9, 1171.4)(133.9, 1188.4)(35.7, 1188.4)(35.7, 1119.9);GATE
Port:(123.7, 1126.1)(128.9, 1126.1)(128.9, 1165.2)(123.7, 1165.2);SD
Module:M6
Boundary:(142.3, 188.5)(226.7, 188.5)(226.7, 230.4)(241.7, 230.4)(241.7, 317.9)(142.3, 317.9);GATE
Port:(156.6, 312.1)(227.4, 312.1)(227.4, 317.9)(156.6, 317.9);SD
Port:(142.3, 188.5)(226.7, 188.5)(226.7, 230.4)(241.7, 230.4)(241.7, 311.1)(142.3, 311.1);GATE
Port:(149.2, 194.4)(218.8, 194.4)(218.8, 200.4)(149.2, 200.4);SD
Module:M21
Boundary:(836.2, 1059.2)(836.2, 1146.8)(835.9, 1146.8)(835.9, 1164.4)(742.5, 1164.4)(742.5, 1059.2);GATE
Port:(742.5, 1073.1)(746.6, 1073.1)(746.6, 1150.5)(742.5, 1150.5);SD
Port:(836.2, 1059.2)(836.2, 1146.8)(835.9, 1146.8)(835.9, 1164.4)(749.1, 1164.4)(749.1, 1059.2);GATE
Port:(825.4, 1065.6)(830.8, 1065.6)(830.8, 1140.4)(825.4, 1140.4);SD
Module:M2
Boundary:(704.4, 1220.8)(704.4, 1271.5)(663.1, 1271.5)(663.1, 1285.3)(596.5, 1285.3)(596.5, 1220.8);GATE
Port:(596.5, 1235.2)(602.1, 1235.2)(602.1, 1270.9)(596.5, 1270.9);SD
Port:(704.4, 1220.8)(704.4, 1271.5)(663.1, 1271.5)(663.1, 1285.3)(603.2, 1285.3)(603.2, 1220.8);GATE
Port:(692.4, 1227.7)(698.5, 1227.7)(698.5, 1263.6)(692.4, 1263.6);SD
Module:M16
Boundary:(197.7, 357.9)(197.7, 409.0)(136.1, 409.0)(136.1, 424.7)(20.0, 424.7)(20.0, 357.9);GATE
Port:(20.0, 371.0)(25.2, 371.0)(25.2, 411.6)(20.0, 411.6);SD
Port:(197.7, 357.9)(197.7, 409.0)(136.1, 409.0)(136.1, 424.7)(27.1, 424.7)(27.1, 357.9);GATE
Port:(187.5, 364.3)(192.3, 364.3)(192.3, 401.6)(187.5, 401.6);SD
Module:M13
Boundary:(676.4, 145.7)(676.4, 269.8)(481.2, 269.8)(481.2, 145.7);GATE
Port:(481.2, 160.3)(486.6, 160.3)(486.6, 255.2)(481.2, 255.2);SD
Port:(676.4, 145.7)(676.4, 269.8)(488.4, 269.8)(488.4, 145.7);GATE
Port:(665.1, 151.2)(671.9, 151.2)(671.9, 264.3)(665.1, 264.3);SD
Module:M45
Boundary:(525.0, 865.7)(525.0, 949.7)(444.1, 949.7)(444.1, 865.7);GATE
Port:(444.1, 879.3)(448.7, 879.3)(448.7, 936.1)(444.1, 936.1);SD
Port:(525.0, 865.7)(525.0, 949.7)(450.5, 949.7)(450.5, 865.7);GATE
Port:(514.9, 872.3)(519.4, 872.3)(519.4, 943.1)(514.9, 943.1);SD
Module:M10
Boundary:(679.3, 524.1)(679.3, 620.7)(629.8, 620.7)(629.8, 635.6)(554.9, 635.6)(554.9, 524.1);GATE
Port:(554.9, 536.6)(560.1, 536.6)(560.1, 623.1)(554.9, 623.1);SD
Port:(679.3, 524.1)(679.3, 620.7)(629.8, 620.7)(629.8, 635.6)(562.9, 635.6)(562.9, 524.1);GATE
Port:(669.1, 529.6)(674.8, 529.6)(674.8, 614.2)(669.1, 614.2);SD
Module:M42
Boundary:(102.3, 188.5)(102.3, 297.7)(85.7, 297.7)(85.7, 314.5)(20.0, 314.5)(20.0, 188.5);GATE
Port:(20.0, 203.5)(25.5, 203.5)(25.5, 299.5)(20.0, 299.5);SD
Port:(102.3, 188.5)(102.3, 297.7)(85.7, 297.7)(85.7, 314.5)(26.7, 314.5)(26.7, 188.5);GATE
Port:(90.3, 194.6)(97.2, 194.6)(97.2, 290.6)(90.3, 290.6);SD
Module:M37
Boundary:(281.7, 212.6)(316.0, 212.6)(316.0, 212.7)(329.8, 212.7)(329.8, 426.3)(281.7, 426.3);GATE
Port:(295.6, 420.6)(315.9, 420.6)(315.9, 426.3)(295.6, 426.3);SD
Port:(281.7, 212.6)(316.0, 212.6)(316.0, 212.7)(329.8, 212.7)(329.8, 417.7)(281.7, 417.7);GATE
Port:(288.0, 217.9)(309.7, 217.9)(309.7, 225.0)(288.0, 225.0);SD
Module:M34
Boundary:(341.3, 762.5)(341.3, 815.8)(245.5, 815.8)(245.5, 831.0)(156.8, 831.0)(156.8, 762.5);GATE
Port:(156.8, 777.3)(161.8, 777.3)(161.8, 816.2)(156.8, 816.2);SD
Port:(341.3, 762.5)(341.3, 815.8)(245.5, 815.8)(245.5, 831.0)(164.4, 831.0)(164.4, 762.5);GATE
Port:(329.2, 769.0)(335.8, 769.0)(335.8, 808.3)(329.2, 808.3);SD
Module:M29
Boundary:(690.0, 885.7)(690.0, 946.6)(565.0, 946.6)(565.0, 885.7);GATE
Port:(565.0, 898.2)(570.8, 898.2)(570.8, 934.1)(565.0, 934.1);SD
Port:(690.0, 885.7)(690.0, 946.6)(573.4, 946.6)(573.4, 885.7);GATE
Port:(679.1, 891.8)(684.9, 891.8)(684.9, 940.5)(679.1, 940.5);SD
Module:M7
Boundary:(719.3, 378.5)(820.4, 378.5)(820.4, 379.0)(837.3, 379.0)(837.3, 583.6)(719.3, 583.6);GATE
Port:(732.6, 579.0)(824.0, 579.0)(824.0, 583.6)(732.6, 583.6);SD
Port:(719.3, 378.5)(820.4, 378.5)(820.4, 379.0)(837.3, 379.0)(837.3, 577.0)(719.3, 577.0);GATE
Port:(724.8, 383.0)(814.9, 383.0)(814.9, 388.4)(724.8, 388.4);SD
Module:M31
Boundary:(113.1, 762.5)(113.1, 809.1)(113.0, 809.1)(113.0, 823.6)(20.0, 823.6)(20.0, 762.5);GATE
Port:(20.0, 775.4)(25.1, 775.4)(25.1, 810.7)(20.0, 810.7);SD
Port:(113.1, 762.5)(113.1, 809.1)(113.0, 809.1)(113.0, 823.6)(27.8, 823.6)(27.8, 762.5);GATE
Port:(102.4, 768.3)(108.3, 768.3)(108.3, 803.3)(102.4, 803.3);SD
Module:M3
Boundary:(320.2, 871.0)(388.4, 871.0)(388.4, 871.1)(404.1, 871.1)(404.1, 1043.6)(320.2, 1043.6);GATE
Port:(335.4, 1037.6)(388.9, 1037.6)(388.9, 1043.6)(335.4, 1043.6);SD
Port:(320.2, 871.0)(388.4, 871.0)(388.4, 871.1)(404.1, 871.1)(404.1, 1035.9)(320.2, 1035.9);GATE
Port:(326.9, 876.7)(381.7, 876.7)(381.7, 883.6)(326.9, 883.6);SD
Module:M26
Boundary:(400.8, 1093.6)(400.8, 1139.1)(386.4, 1139.1)(386.4, 1152.3)(330.2, 1152.3)(330.2, 1093.6);GATE
Port:(330.2, 1105.0)(334.7, 1105.0)(334.7, 1140.9)(330.2, 1140.9);SD
Port:(400.8, 1093.6)(400.8, 1139.1)(386.4, 1139.1)(386.4, 1152.3)(336.4, 1152.3)(336.4, 1093.6);GATE
Port:(391.2, 1098.9)(396.5, 1098.9)(396.5, 1132.8)(391.2, 1132.8);SD
Module:M23
Boundary:(837.3, 20.0)(837.3, 94.1)(616.1, 94.1)(616.1, 20.0);GATE
Port:(616.1, 31.5)(620.5, 31.5)(620.5, 82.6)(616.1, 82.6);SD
Port:(837.3, 20.0)(837.3, 94.1)(623.0, 94.1)(623.0, 20.0);GATE
Port:(827.4, 26.5)(831.8, 26.5)(831.8, 87.6)(827.4, 87.6);SD
Module:M18
Boundary:(726.7, 253.3)(810.4, 253.3)(810.4, 264.0)(826.2, 264.0)(826.2, 328.5)(726.7, 328.5);GATE
Port:(739.2, 323.9)(813.7, 323.9)(813.7, 328.5)(739.2, 328.5);SD
Port:(726.7, 253.3)(810.4, 253.3)(810.4, 264.0)(826.2, 264.0)(826.2, 320.9)(726.7, 320.9);GATE
Port:(732.3, 257.9)(803.8, 257.9)(803.8, 262.8)(732.3, 262.8);SD
Module:M20
Boundary:(276.7, 1091.5)(276.7, 1171.5)(237.4, 1171.5)(237.4, 1185.6)(184.1, 1185.6)(184.1, 1091.5);GATE
Port:(184.1, 1105.3)(190.0, 1105.3)(190.0, 1171.8)(184.1, 1171.8);SD
Port:(276.7, 1091.5)(276.7, 1171.5)(237.4, 1171.5)(237.4, 1185.6)(191.7, 1185.6)(191.7, 1091.5);GATE
Port:(265.4, 1097.7)(271.5, 1097.7)(271.5, 1164.3)(265.4, 1164.3);SD
Module:M15
Boundary:(413.6, 639.5)(413.6, 714.6)(233.3, 714.6)(233.3, 639.5);GATE
Port:(233.3, 651.3)(238.8, 651.3)(238.8, 702.8)(233.3, 702.8);SD
Port:(413.6, 639.5)(413.6, 714.6)(240.4, 714.6)(240.4, 639.5);GATE
Port:(404.1, 645.0)(409.1, 645.0)(409.1, 709.1)(404.1, 709.1);SD
Module:M12
Boundary:(814.7, 1204.4)(814.7, 1270.0)(787.7, 1270.0)(787.7, 1283.7)(744.4, 1283.7)(744.4, 1204.4);GATE
Port:(744.4, 1218.9)(748.6, 1218.9)(748.6, 1269.2)(744.4, 1269.2);SD
Port:(814.7, 1204.4)(814.7, 1270.0)(787.7, 1270.0)(787.7, 1283.7)(749.8, 1283.7)(749.8, 1204.4);GATE
Port:(802.3, 1211.1)(809.0, 1211.1)(809.0, 1262.3)(802.3, 1262.3);SD
Module:M44
Boundary:(565.0, 675.6)(667.6, 675.6)(667.6, 763.3)(684.0, 763.3)(684.0, 845.7)(565.0, 845.7);GATE
Port:(577.2, 839.9)(671.8, 839.9)(671.8, 845.7)(577.2, 845.7);SD
Port:(565.0, 675.6)(667.6, 675.6)(667.6, 763.3)(684.0, 763.3)(684.0, 837.3)(565.0, 837.3);GATE
Port:(570.4, 680.0)(661.2, 680.0)(661.2, 684.5)(570.4, 684.5);SD
Module:M39
Boundary:(549.6, 1087.7)(549.6, 1133.0)(549.4, 1133.0)(549.4, 1146.3)(460.8, 1146.3)(460.8, 1087.7);GATE
Port:(460.8, 1100.7)(465.4, 1100.7)(465.4, 1133.3)(460.8, 1133.3);SD
Port:(549.6, 1087.7)(549.6, 1133.0)(549.4, 1133.0)(549.4, 1146.3)(467.9, 1146.3)(467.9, 1087.7);GATE
Port:(538.2, 1094.3)(544.0, 1094.3)(544.0, 1126.4)(538.2, 1126.4);SD
Module:M8
Boundary:(724.0, 623.6)(822.2, 623.6)(822.2, 723.3)(836.6, 723.3)(836.6, 815.9)(724.0, 815.9);GATE
Port:(738.1, 810.0)(822.5, 810.0)(822.5, 815.9)(738.1, 815.9);SD
Port:(724.0, 623.6)(822.2, 623.6)(822.2, 723.3)(836.6, 723.3)(836.6, 808.0)(724.0, 808.0);GATE
Port:(730.9, 629.5)(814.3, 629.5)(814.3, 635.3)(730.9, 635.3);SD
Module:M41
Boundary:(224.6, 464.7)(224.6, 587.0)(20.0, 587.0)(20.0, 464.7);GATE
Port:(20.0, 479.6)(24.1, 479.6)(24.1, 572.1)(20.0, 572.1);SD
Port:(224.6, 464.7)(224.6, 587.0)(26.7, 587.0)(26.7, 464.7);GATE
Port:(212.5, 471.3)(219.0, 471.3)(219.0, 580.4)(212.5, 580.4);SD
Module:M4
Boundary:(369.8, 212.6)(422.7, 212.6)(422.7, 291.8)(437.7, 291.8)(437.7, 438.2)(369.8, 438.2);GATE
Port:(384.0, 432.8)(423.5, 432.8)(423.5, 438.2)(384.0, 438.2);SD
Port:(369.8, 212.6)(422.7, 212.6)(422.7, 291.8)(437.7, 291.8)(437.7, 430.1)(369.8, 430.1);GATE
Port:(376.4, 218.2)(415.1, 218.2)(415.1, 224.6)(376.4, 224.6);SD
Module:M36
Boundary:(556.5, 1196.3)(556.5, 1248.2)(524.4, 1248.2)(524.4, 1263.0)(450.8, 1263.0)(450.8, 1196.3);GATE
Port:(450.8, 1210.2)(455.3, 1210.2)(455.3, 1249.1)(450.8, 1249.1);SD
Port:(556.5, 1196.3)(556.5, 1248.2)(524.4, 1248.2)(524.4, 1263.0)(457.2, 1263.0)(457.2, 1196.3);GATE
Port:(545.1, 1203.2)(550.6, 1203.2)(550.6, 1240.3)(545.1, 1240.3);SD
Module:M33
Boundary:(742.5, 855.9)(796.8, 855.9)(796.8, 856.0)(813.6, 856.0)(813.6, 1019.2)(742.5, 1019.2);GATE
Port:(757.5, 1014.5)(798.6, 1014.5)(798.6, 1019.2)(757.5, 1019.2);SD
Port:(742.5, 855.9)(796.8, 855.9)(796.8, 856.0)(813.6, 856.0)(813.6, 1013.3)(742.5, 1013.3);GATE
Port:(749.1, 861.5)(790.2, 861.5)(790.2, 868.1)(749.1, 868.1);SD
Module:M28
Boundary:(193.3, 627.0)(193.3, 707.6)(102.7, 707.6)(102.7, 722.5)(20.0, 722.5)(20.0, 627.0);GATE
Port:(20.0, 639.9)(24.2, 639.9)(24.2, 709.6)(20.0, 709.6);SD
Port:(193.3, 627.0)(193.3, 707.6)(102.7, 707.6)(102.7, 722.5)(25.2, 722.5)(25.2, 627.0);GATE
Port:(182.8, 632.2)(189.1, 632.2)(189.1, 701.4)(182.8, 701.4);SD
Module:M30
Boundary:(576.1, 20.0)(576.1, 89.7)(562.1, 89.7)(562.1, 105.7)(481.2, 105.7)(481.2, 20.0);GATE
Port:(481.2, 33.4)(485.9, 33.4)(485.9, 92.3)(481.2, 92.3);SD
Port:(576.1, 20.0)(576.1, 89.7)(562.1, 89.7)(562.1, 105.7)(488.4, 105.7)(488.4, 20.0);GATE
Port:(565.6, 25.3)(571.8, 25.3)(571.8, 83.4)(565.6, 83.4);SD
Module:M25
Boundary:(20.0, 863.6)(116.8, 863.6)(116.8, 1069.9)(20.0, 1069.9);GATE
Port:(34.2, 1064.8)(102.6, 1064.8)(102.6, 1069.9)(34.2, 1069.9);SD
Port:(20.0, 863.6)(116.8, 863.6)(116.8, 1063.2)(20.0, 1063.2);GATE
Port:(26.6, 869.2)(110.2, 869.2)(110.2, 876.2)(26.6, 876.2);SD
Module:M22
Boundary:(246.0, 20.0)(246.0, 131.7)(166.9, 131.7)(166.9, 148.5)(20.0, 148.5)(20.0, 20.0);GATE
Port:(20.0, 36.6)(25.7, 36.6)(25.7, 131.9)(20.0, 131.9);SD
Port:(246.0, 20.0)(246.0, 131.7)(166.9, 131.7)(166.9, 148.5)(27.7, 148.5)(27.7, 20.0);GATE
Port:(232.8, 26.9)(240.1, 26.9)(240.1, 123.8)(232.8, 123.8);SD
Module:M17
Boundary:(609.6, 996.6)(677.2, 996.6)(677.2, 996.7)(692.5, 996.7)(692.5, 1170.8)(609.6, 1170.8);GATE
Port:(624.5, 1165.3)(677.6, 1165.3)(677.6, 1170.8)(624.5, 1170.8);SD
Port:(609.6, 996.6)(677.2, 996.6)(677.2, 996.7)(692.5, 996.7)(692.5, 1162.4)(609.6, 1162.4);GATE
Port:(616.5, 1002.5)(670.3, 1002.5)(670.3, 1009.5)(616.5, 1009.5);SD
