Area:(17.2, -13.1)(850.4, -13.1)(850.4, 372.0)(17.2, 372.0)
Rule:GATE(5,5);SD(5,5);GATE_SD(0.5);GATE_ITO(0.5);SD_ITO(0.5)
Module:M10
Boundary:(810.4, 57.8)(698.9, 57.8)(698.9, 69.8)(683.4, 69.8)(683.4, 149.8)(810.4, 149.8);GATE
Port:(697.9, 139.8)(795.9, 139.8)(795.9, 149.8)(697.9, 149.8);SD
Port:(810.4, 57.8)(698.9, 57.8)(698.9, 69.8)(683.4, 69.8)(683.4, 134.8)(810.4, 134.8);GATE
Port:(713.4, 62.8)(800.4, 62.8)(800.4, 66.8)(713.4, 66.8);SD
Module:M7
Boundary:(181.3, 26.9)(328.8, 26.9)(328.8, 83.9)(380.3, 83.9)(380.3, 133.9)(181.3, 133.9);GATE
Port:(195.8, 123.9)(365.8, 123.9)(365.8, 133.9)(195.8, 133.9);SD
Port:(181.3, 26.9)(328.8, 26.9)(328.8, 83.9)(380.3, 83.9)(380.3, 118.9)(181.3, 118.9);GATE
Port:(191.3, 31.9)(314.3, 31.9)(314.3, 35.9)(191.3, 35.9);SD
Module:M2
Boundary:(632.5, 59.5)(503.1, 59.5)(503.1, 73.5)(487.6, 73.5)(487.6, 185.5)(632.5, 185.5);GATE
Port:(502.1, 175.5)(618.0, 175.5)(618.0, 185.5)(502.1, 185.5);SD
Port:(632.5, 59.5)(503.1, 59.5)(503.1, 73.5)(487.6, 73.5)(487.6, 170.5)(632.5, 170.5);GATE
Port:(517.5, 64.5)(622.5, 64.5)(622.5, 68.5)(517.5, 68.5);SD
Module:M4
Boundary:(471.1, 185.0)(471.1, 73.5)(445.1, 73.5)(445.1, 40.0)(404.1, 40.0)(404.1, 185.0);GATE
Port:(404.1, 54.5)(414.1, 54.5)(414.1, 170.5)(404.1, 170.5);SD
Port:(471.1, 185.0)(471.1, 73.5)(445.1, 73.5)(445.1, 40.0)(419.1, 40.0)(419.1, 185.0);GATE
Port:(462.1, 88.0)(466.1, 88.0)(466.1, 175.0)(462.1, 175.0);SD
Module:M5
Boundary:(61.0, 205.6)(61.0, 76.1)(81.0, 76.1)(81.0, 60.6)(124.0, 60.6)(124.0, 205.6);GATE
Port:(114.0, 75.1)(124.0, 75.1)(124.0, 191.1)(114.0, 191.1);SD
Port:(61.0, 205.6)(61.0, 76.1)(81.0, 76.1)(81.0, 60.6)(109.0, 60.6)(109.0, 205.6);GATE
Port:(66.0, 90.6)(70.0, 90.6)(70.0, 195.6)(66.0, 195.6);SD
Module:M6
Boundary:(787.0, 184.9)(787.0, 314.4)(773.0, 314.4)(773.0, 329.9)(669.0, 329.9)(669.0, 184.9);GATE
Port:(669.0, 199.4)(679.0, 199.4)(679.0, 315.4)(669.0, 315.4);SD
Port:(787.0, 184.9)(787.0, 314.4)(773.0, 314.4)(773.0, 329.9)(684.0, 329.9)(684.0, 184.9);GATE
Port:(778.0, 194.9)(782.0, 194.9)(782.0, 299.9)(778.0, 299.9);SD
Module:M8
Boundary:(148.2, 205.9)(72.1, 205.9)(72.1, 214.0)(57.2, 214.0)(57.2, 308.9)(148.2, 308.9);GATE
Port:(71.7, 298.9)(133.7, 298.9)(133.7, 308.9)(71.7, 308.9);SD
Port:(148.2, 205.9)(72.1, 205.9)(72.1, 214.0)(57.2, 214.0)(57.2, 293.9)(148.2, 293.9);GATE
Port:(87.2, 210.9)(138.2, 210.9)(138.2, 214.9)(87.2, 214.9);SD
Module:M3
Boundary:(607.2, 327.6)(534.2, 327.6)(534.2, 185.6)(607.2, 185.6);GATE
Port:(548.7, 185.6)(592.7, 185.6)(592.7, 195.6)(548.7, 195.6);SD
Port:(607.2, 327.6)(534.2, 327.6)(534.2, 200.6)(607.2, 200.6);GATE
Port:(544.2, 318.6)(597.2, 318.6)(597.2, 322.6)(544.2, 322.6);SD
Module:M9
Boundary:(319.4, 141.5)(319.4, 289.0)(303.4, 289.0)(303.4, 304.5)(158.4, 304.5)(158.4, 141.5);GATE
Port:(158.4, 156.0)(168.4, 156.0)(168.4, 290.0)(158.4, 290.0);SD
Port:(319.4, 141.5)(319.4, 289.0)(303.4, 289.0)(303.4, 304.5)(173.4, 304.5)(173.4, 141.5);GATE
Port:(310.4, 151.5)(314.4, 151.5)(314.4, 274.5)(310.4, 274.5);SD
Module:M1
Boundary:(514.9, 332.0)(514.9, 220.5)(502.9, 220.5)(502.9, 205.0)(319.9, 205.0)(319.9, 332.0);GATE
Port:(319.9, 219.5)(329.9, 219.5)(329.9, 317.5)(319.9, 317.5);SD
Port:(514.9, 332.0)(514.9, 220.5)(502.9, 220.5)(502.9, 205.0)(334.9, 205.0)(334.9, 332.0);GATE
Port:(505.9, 235.0)(509.9, 235.0)(509.9, 322.0)(505.9, 322.0);SD
