Area:(-20.0, -20.0)(389.9, -20.0)(389.9, 361.2)(-20.0, 361.2)
Rule:GATE(5,5);SD(5,5);GATE_SD(0.5);GATE_ITO(0.5);SD_ITO(0.5)
Module:M5
Boundary:(268.4, 183.3)(331.7, 183.3)(331.7, 183.6)(347.3, 183.6)(347.3, 310.3)(268.4, 310.3);GATE
Port:(281.3, 304.8)(334.4, 304.8)(334.4, 310.3)(281.3, 310.3);SD
Port:(268.4, 183.3)(331.7, 183.3)(331.7, 183.6)(347.3, 183.6)(347.3, 303.5)(268.4, 303.5);GATE
Port:(273.8, 187.7)(326.3, 187.7)(326.3, 193.1)(273.8, 193.1);SD
Module:M1
Boundary:(152.8, 20.0)(205.0, 20.0)(205.0, 20.3)(222.2, 20.3)(222.2, 174.0)(152.8, 174.0);GATE
Port:(166.9, 168.5)(208.1, 168.5)(208.1, 174.0)(166.9, 174.0);SD
Port:(152.8, 20.0)(205.0, 20.0)(205.0, 20.3)(222.2, 20.3)(222.2, 166.1)(152.8, 166.1);GATE
Port:(159.1, 25.3)(198.7, 25.3)(198.7, 31.2)(159.1, 31.2);SD
Module:M2
Boundary:(349.9, 20.0)(349.9, 127.2)(315.3, 127.2)(315.3, 143.3)(262.2, 143.3)(262.2, 20.0);GATE
Port:(262.2, 35.7)(268.0, 35.7)(268.0, 127.6)(262.2, 127.6);SD
Port:(349.9, 20.0)(349.9, 127.2)(315.3, 127.2)(315.3, 143.3)(270.7, 143.3)(270.7, 20.0);GATE
Port:(337.1, 26.3)(344.6, 26.3)(344.6, 119.9)(337.1, 119.9);SD
Module:M3
Boundary:(20.0, 20.0)(97.2, 20.0)(97.2, 20.3)(112.8, 20.3)(112.8, 190.4)(20.0, 190.4);GATE
Port:(31.7, 185.2)(101.1, 185.2)(101.1, 190.4)(31.7, 190.4);SD
Port:(20.0, 20.0)(97.2, 20.0)(97.2, 20.3)(112.8, 20.3)(112.8, 182.3)(20.0, 182.3);GATE
Port:(25.3, 24.3)(91.9, 24.3)(91.9, 29.2)(25.3, 29.2);SD
Module:M4
Boundary:(228.4, 230.4)(228.4, 307.9)(118.6, 307.9)(118.6, 321.2)(20.0, 321.2)(20.0, 230.4);GATE
Port:(20.0, 243.9)(25.0, 243.9)(25.0, 307.7)(20.0, 307.7);SD
Port:(228.4, 230.4)(228.4, 307.9)(118.6, 307.9)(118.6, 321.2)(27.2, 321.2)(27.2, 230.4);GATE
Port:(216.8, 236.6)(223.2, 236.6)(223.2, 300.7)(216.8, 300.7);SD
