Area:(-20.0, -20.0)(1770.0, -20.0)(1770.0, 852.0)(-20.0, 852.0)
Rule:GATE(5,5);SD(5,5);GATE_SD(0.5);GATE_ITO(0.5);SD_ITO(0.5)
Module:M14
Boundary:(181.0, 460.0)(181.0, 536.0)(173.0, 536.0)(173.0, 551.0)(20.0, 551.0)(20.0, 460.0);GATE
Port:(20.0, 474.5)(30.0, 474.5)(30.0, 536.5)(20.0, 536.5);SD
Port:(181.0, 460.0)(181.0, 536.0)(173.0, 536.0)(173.0, 551.0)(35.0, 551.0)(35.0, 460.0);GATE
Port:(172.0, 470.0)(176.0, 470.0)(176.0, 521.0)(172.0, 521.0);SD
Module:M9
Boundary:(1130.0, 674.0)(1241.5, 674.0)(1241.5, 686.0)(1257.0, 686.0)(1257.0, 802.0)(1130.0, 802.0);GATE
Port:(1144.5, 792.0)(1242.5, 792.0)(1242.5, 802.0)(1144.5, 802.0);SD
Port:(1130.0, 674.0)(1241.5, 674.0)(1241.5, 686.0)(1257.0, 686.0)(1257.0, 787.0)(1130.0, 787.0);GATE
Port:(1140.0, 679.0)(1227.0, 679.0)(1227.0, 683.0)(1140.0, 683.0);SD
Module:M5
Boundary:(1423.0, 437.0)(1552.5, 437.0)(1552.5, 530.1)(1730.0, 530.1)(1730.0, 581.0)(1423.0, 581.0);GATE
Port:(1437.5, 571.0)(1715.5, 571.0)(1715.5, 581.0)(1437.5, 581.0);SD
Port:(1423.0, 437.0)(1552.5, 437.0)(1552.5, 530.1)(1730.0, 530.1)(1730.0, 566.0)(1423.0, 566.0);GATE
Port:(1433.0, 442.0)(1538.0, 442.0)(1538.0, 446.0)(1433.0, 446.0);SD
Module:M11
Boundary:(1432.0, 243.0)(1508.0, 243.0)(1508.0, 251.0)(1523.0, 251.0)(1523.0, 397.0)(1432.0, 397.0);GATE
Port:(1446.5, 387.0)(1508.5, 387.0)(1508.5, 397.0)(1446.5, 397.0);SD
Port:(1432.0, 243.0)(1508.0, 243.0)(1508.0, 251.0)(1523.0, 251.0)(1523.0, 382.0)(1432.0, 382.0);GATE
Port:(1442.0, 248.0)(1493.0, 248.0)(1493.0, 252.0)(1442.0, 252.0);SD
Module:M1
Boundary:(20.0, 225.0)(167.5, 225.0)(167.5, 241.0)(183.0, 241.0)(183.0, 289.0)(20.0, 289.0);GATE
Port:(34.5, 279.0)(168.5, 279.0)(168.5, 289.0)(34.5, 289.0);SD
Port:(20.0, 225.0)(167.5, 225.0)(167.5, 241.0)(183.0, 241.0)(183.0, 274.0)(20.0, 274.0);GATE
Port:(30.0, 230.0)(153.0, 230.0)(153.0, 234.0)(30.0, 234.0);SD
Module:M43
Boundary:(508.0, 635.0)(601.5, 635.0)(601.5, 668.0)(689.0, 668.0)(689.0, 811.0)(508.0, 811.0);GATE
Port:(522.5, 801.0)(674.5, 801.0)(674.5, 811.0)(522.5, 811.0);SD
Port:(508.0, 635.0)(601.5, 635.0)(601.5, 668.0)(689.0, 668.0)(689.0, 796.0)(508.0, 796.0);GATE
Port:(518.0, 640.0)(587.0, 640.0)(587.0, 644.0)(518.0, 644.0);SD
Module:M38
Boundary:(932.0, 395.0)(932.0, 506.5)(915.0, 506.5)(915.0, 522.0)(734.0, 522.0)(734.0, 395.0);GATE
Port:(734.0, 409.5)(744.0, 409.5)(744.0, 507.5)(734.0, 507.5);SD
Port:(932.0, 395.0)(932.0, 506.5)(915.0, 506.5)(915.0, 522.0)(749.0, 522.0)(749.0, 395.0);GATE
Port:(923.0, 405.0)(927.0, 405.0)(927.0, 492.0)(923.0, 492.0);SD
Module:M40
Boundary:(1523.0, 30.0)(1523.0, 159.5)(1441.8, 159.5)(1441.8, 193.0)(1345.0, 193.0)(1345.0, 30.0);GATE
Port:(1345.0, 44.5)(1355.0, 44.5)(1355.0, 178.5)(1345.0, 178.5);SD
Port:(1523.0, 30.0)(1523.0, 159.5)(1441.8, 159.5)(1441.8, 193.0)(1360.0, 193.0)(1360.0, 30.0);GATE
Port:(1514.0, 40.0)(1518.0, 40.0)(1518.0, 145.0)(1514.0, 145.0);SD
Module:M35
Boundary:(1069.0, 564.0)(1069.0, 637.0)(955.0, 637.0)(955.0, 564.0);GATE
Port:(955.0, 578.5)(965.0, 578.5)(965.0, 622.5)(955.0, 622.5);SD
Port:(1069.0, 564.0)(1069.0, 637.0)(970.0, 637.0)(970.0, 564.0);GATE
Port:(1060.0, 574.0)(1064.0, 574.0)(1064.0, 627.0)(1060.0, 627.0);SD
Module:M32
Boundary:(1583.0, 30.0)(1694.5, 30.0)(1694.5, 42.0)(1710.0, 42.0)(1710.0, 202.0)(1583.0, 202.0);GATE
Port:(1597.5, 192.0)(1695.5, 192.0)(1695.5, 202.0)(1597.5, 202.0);SD
Port:(1583.0, 30.0)(1694.5, 30.0)(1694.5, 42.0)(1710.0, 42.0)(1710.0, 187.0)(1583.0, 187.0);GATE
Port:(1593.0, 35.0)(1680.0, 35.0)(1680.0, 39.0)(1593.0, 39.0);SD
Module:M27
Boundary:(734.0, 176.0)(845.5, 176.0)(845.5, 254.3)(915.0, 254.3)(915.0, 355.0)(734.0, 355.0);GATE
Port:(748.5, 345.0)(900.5, 345.0)(900.5, 355.0)(748.5, 355.0);SD
Port:(734.0, 176.0)(845.5, 176.0)(845.5, 254.3)(915.0, 254.3)(915.0, 340.0)(734.0, 340.0);GATE
Port:(744.0, 181.0)(831.0, 181.0)(831.0, 185.0)(744.0, 185.0);SD
Module:M24
Boundary:(1729.0, 252.0)(1729.0, 381.5)(1711.0, 381.5)(1711.0, 397.0)(1563.0, 397.0)(1563.0, 252.0);GATE
Port:(1563.0, 266.5)(1573.0, 266.5)(1573.0, 382.5)(1563.0, 382.5);SD
Port:(1729.0, 252.0)(1729.0, 381.5)(1711.0, 381.5)(1711.0, 397.0)(1578.0, 397.0)(1578.0, 252.0);GATE
Port:(1720.0, 262.0)(1724.0, 262.0)(1724.0, 367.0)(1720.0, 367.0);SD
Module:M19
Boundary:(255.0, 624.0)(255.0, 753.5)(224.0, 753.5)(224.0, 787.0)(181.0, 787.0)(181.0, 624.0);GATE
Port:(181.0, 638.5)(191.0, 638.5)(191.0, 772.5)(181.0, 772.5);SD
Port:(255.0, 624.0)(255.0, 753.5)(224.0, 753.5)(224.0, 787.0)(196.0, 787.0)(196.0, 624.0);GATE
Port:(246.0, 634.0)(250.0, 634.0)(250.0, 739.0)(246.0, 739.0);SD
Module:M6
Boundary:(1310.0, 634.0)(1457.5, 634.0)(1457.5, 716.2)(1491.0, 716.2)(1491.0, 812.0)(1310.0, 812.0);GATE
Port:(1324.5, 802.0)(1476.5, 802.0)(1476.5, 812.0)(1324.5, 812.0);SD
Port:(1310.0, 634.0)(1457.5, 634.0)(1457.5, 716.2)(1491.0, 716.2)(1491.0, 797.0)(1310.0, 797.0);GATE
Port:(1320.0, 639.0)(1443.0, 639.0)(1443.0, 643.0)(1320.0, 643.0);SD
Module:M21
Boundary:(381.0, 131.0)(492.5, 131.0)(492.5, 143.0)(508.0, 143.0)(508.0, 284.0)(381.0, 284.0);GATE
Port:(395.5, 274.0)(493.5, 274.0)(493.5, 284.0)(395.5, 284.0);SD
Port:(381.0, 131.0)(492.5, 131.0)(492.5, 143.0)(508.0, 143.0)(508.0, 269.0)(381.0, 269.0);GATE
Port:(391.0, 136.0)(478.0, 136.0)(478.0, 140.0)(391.0, 140.0);SD
Module:M2
Boundary:(789.0, 682.0)(789.0, 775.5)(769.0, 775.5)(769.0, 809.0)(729.0, 809.0)(729.0, 682.0);GATE
Port:(729.0, 696.5)(739.0, 696.5)(739.0, 794.5)(729.0, 794.5);SD
Port:(789.0, 682.0)(789.0, 775.5)(769.0, 775.5)(769.0, 809.0)(744.0, 809.0)(744.0, 682.0);GATE
Port:(780.0, 692.0)(784.0, 692.0)(784.0, 761.0)(780.0, 761.0);SD
Module:M16
Boundary:(694.0, 20.0)(694.0, 131.5)(680.0, 131.5)(680.0, 147.0)(548.0, 147.0)(548.0, 20.0);GATE
Port:(548.0, 34.5)(558.0, 34.5)(558.0, 132.5)(548.0, 132.5);SD
Port:(694.0, 20.0)(694.0, 131.5)(680.0, 131.5)(680.0, 147.0)(563.0, 147.0)(563.0, 20.0);GATE
Port:(685.0, 30.0)(689.0, 30.0)(689.0, 117.0)(685.0, 117.0);SD
Module:M13
Boundary:(1092.0, 20.0)(1092.0, 96.0)(1084.0, 96.0)(1084.0, 111.0)(960.0, 111.0)(960.0, 20.0);GATE
Port:(960.0, 34.5)(970.0, 34.5)(970.0, 96.5)(960.0, 96.5);SD
Port:(1092.0, 20.0)(1092.0, 96.0)(1084.0, 96.0)(1084.0, 111.0)(975.0, 111.0)(975.0, 20.0);GATE
Port:(1083.0, 30.0)(1087.0, 30.0)(1087.0, 81.0)(1083.0, 81.0);SD
Module:M45
Boundary:(847.0, 20.0)(920.0, 20.0)(920.0, 126.0)(847.0, 126.0);GATE
Port:(861.5, 116.0)(905.5, 116.0)(905.5, 126.0)(861.5, 126.0);SD
Port:(847.0, 20.0)(920.0, 20.0)(920.0, 111.0)(847.0, 111.0);GATE
Port:(857.0, 25.0)(910.0, 25.0)(910.0, 29.0)(857.0, 29.0);SD
Module:M10
Boundary:(1077.0, 151.0)(1077.0, 224.0)(960.0, 224.0)(960.0, 151.0);GATE
Port:(960.0, 165.5)(970.0, 165.5)(970.0, 209.5)(960.0, 209.5);SD
Port:(1077.0, 151.0)(1077.0, 224.0)(975.0, 224.0)(975.0, 151.0);GATE
Port:(1068.0, 161.0)(1072.0, 161.0)(1072.0, 214.0)(1068.0, 214.0);SD
Module:M42
Boundary:(190.0, 329.0)(190.0, 405.0)(182.0, 405.0)(182.0, 420.0)(20.0, 420.0)(20.0, 329.0);GATE
Port:(20.0, 343.5)(30.0, 343.5)(30.0, 405.5)(20.0, 405.5);SD
Port:(190.0, 329.0)(190.0, 405.0)(182.0, 405.0)(182.0, 420.0)(35.0, 420.0)(35.0, 329.0);GATE
Port:(181.0, 339.0)(185.0, 339.0)(185.0, 390.0)(181.0, 390.0);SD
Module:M37
Boundary:(1017.0, 677.0)(1090.0, 677.0)(1090.0, 811.0)(1017.0, 811.0);GATE
Port:(1031.5, 801.0)(1075.5, 801.0)(1075.5, 811.0)(1031.5, 811.0);SD
Port:(1017.0, 677.0)(1090.0, 677.0)(1090.0, 796.0)(1017.0, 796.0);GATE
Port:(1027.0, 682.0)(1080.0, 682.0)(1080.0, 686.0)(1027.0, 686.0);SD
Module:M34
Boundary:(734.0, 20.0)(807.0, 20.0)(807.0, 136.0)(734.0, 136.0);GATE
Port:(748.5, 126.0)(792.5, 126.0)(792.5, 136.0)(748.5, 136.0);SD
Port:(734.0, 20.0)(807.0, 20.0)(807.0, 121.0)(734.0, 121.0);GATE
Port:(744.0, 25.0)(797.0, 25.0)(797.0, 29.0)(744.0, 29.0);SD
Module:M29
Boundary:(358.0, 326.0)(358.0, 402.0)(350.0, 402.0)(350.0, 417.0)(230.0, 417.0)(230.0, 326.0);GATE
Port:(230.0, 340.5)(240.0, 340.5)(240.0, 402.5)(230.0, 402.5);SD
Port:(358.0, 326.0)(358.0, 402.0)(350.0, 402.0)(350.0, 417.0)(245.0, 417.0)(245.0, 326.0);GATE
Port:(349.0, 336.0)(353.0, 336.0)(353.0, 387.0)(349.0, 387.0);SD
Module:M7
Boundary:(305.0, 614.0)(452.5, 614.0)(452.5, 630.0)(468.0, 630.0)(468.0, 807.0)(305.0, 807.0);GATE
Port:(319.5, 797.0)(453.5, 797.0)(453.5, 807.0)(319.5, 807.0);SD
Port:(305.0, 614.0)(452.5, 614.0)(452.5, 630.0)(468.0, 630.0)(468.0, 792.0)(305.0, 792.0);GATE
Port:(315.0, 619.0)(438.0, 619.0)(438.0, 623.0)(315.0, 623.0);SD
Module:M31
Boundary:(548.0, 187.0)(659.5, 187.0)(659.5, 249.7)(693.0, 249.7)(693.0, 330.0)(548.0, 330.0);GATE
Port:(562.5, 320.0)(678.5, 320.0)(678.5, 330.0)(562.5, 330.0);SD
Port:(548.0, 187.0)(659.5, 187.0)(659.5, 249.7)(693.0, 249.7)(693.0, 315.0)(548.0, 315.0);GATE
Port:(558.0, 192.0)(645.0, 192.0)(645.0, 196.0)(558.0, 196.0);SD
Module:M3
Boundary:(230.0, 457.0)(377.5, 457.0)(377.5, 531.0)(465.0, 531.0)(465.0, 574.0)(230.0, 574.0);GATE
Port:(244.5, 564.0)(450.5, 564.0)(450.5, 574.0)(244.5, 574.0);SD
Port:(230.0, 457.0)(377.5, 457.0)(377.5, 531.0)(465.0, 531.0)(465.0, 559.0)(230.0, 559.0);GATE
Port:(240.0, 462.0)(363.0, 462.0)(363.0, 466.0)(240.0, 466.0);SD
Module:M26
Boundary:(1541.0, 631.0)(1688.5, 631.0)(1688.5, 707.8)(1722.0, 707.8)(1722.0, 798.0)(1541.0, 798.0);GATE
Port:(1555.5, 788.0)(1707.5, 788.0)(1707.5, 798.0)(1555.5, 798.0);SD
Port:(1541.0, 631.0)(1688.5, 631.0)(1688.5, 707.8)(1722.0, 707.8)(1722.0, 783.0)(1541.0, 783.0);GATE
Port:(1551.0, 636.0)(1674.0, 636.0)(1674.0, 640.0)(1551.0, 640.0);SD
Module:M23
Boundary:(381.0, 20.0)(492.5, 20.0)(492.5, 32.0)(508.0, 32.0)(508.0, 91.0)(381.0, 91.0);GATE
Port:(395.5, 81.0)(493.5, 81.0)(493.5, 91.0)(395.5, 91.0);SD
Port:(381.0, 20.0)(492.5, 20.0)(492.5, 32.0)(508.0, 32.0)(508.0, 76.0)(381.0, 76.0);GATE
Port:(391.0, 25.0)(478.0, 25.0)(478.0, 29.0)(391.0, 29.0);SD
Module:M18
Boundary:(1260.0, 258.0)(1260.0, 369.5)(1217.0, 369.5)(1217.0, 457.0)(1131.0, 457.0)(1131.0, 258.0);GATE
Port:(1131.0, 272.5)(1141.0, 272.5)(1141.0, 442.5)(1131.0, 442.5);SD
Port:(1260.0, 258.0)(1260.0, 369.5)(1217.0, 369.5)(1217.0, 457.0)(1146.0, 457.0)(1146.0, 258.0);GATE
Port:(1251.0, 268.0)(1255.0, 268.0)(1255.0, 355.0)(1251.0, 355.0);SD
Module:M20
Boundary:(508.0, 498.0)(655.5, 498.0)(655.5, 539.7)(689.0, 539.7)(689.0, 595.0)(508.0, 595.0);GATE
Port:(522.5, 585.0)(674.5, 585.0)(674.5, 595.0)(522.5, 595.0);SD
Port:(508.0, 498.0)(655.5, 498.0)(655.5, 539.7)(689.0, 539.7)(689.0, 580.0)(508.0, 580.0);GATE
Port:(518.0, 503.0)(641.0, 503.0)(641.0, 507.0)(518.0, 507.0);SD
Module:M15
Boundary:(341.0, 20.0)(341.0, 167.5)(325.0, 167.5)(325.0, 183.0)(205.0, 183.0)(205.0, 20.0);GATE
Port:(205.0, 34.5)(215.0, 34.5)(215.0, 168.5)(205.0, 168.5);SD
Port:(341.0, 20.0)(341.0, 167.5)(325.0, 167.5)(325.0, 183.0)(220.0, 183.0)(220.0, 20.0);GATE
Port:(332.0, 30.0)(336.0, 30.0)(336.0, 153.0)(332.0, 153.0);SD
Module:M12
Boundary:(20.0, 20.0)(149.5, 20.0)(149.5, 34.0)(165.0, 34.0)(165.0, 185.0)(20.0, 185.0);GATE
Port:(34.5, 175.0)(150.5, 175.0)(150.5, 185.0)(34.5, 185.0);SD
Port:(20.0, 20.0)(149.5, 20.0)(149.5, 34.0)(165.0, 34.0)(165.0, 170.0)(20.0, 170.0);GATE
Port:(30.0, 25.0)(135.0, 25.0)(135.0, 29.0)(30.0, 29.0);SD
Module:M44
Boundary:(223.0, 223.0)(316.5, 223.0)(316.5, 239.0)(332.0, 239.0)(332.0, 286.0)(223.0, 286.0);GATE
Port:(237.5, 276.0)(317.5, 276.0)(317.5, 286.0)(237.5, 286.0);SD
Port:(223.0, 223.0)(316.5, 223.0)(316.5, 239.0)(332.0, 239.0)(332.0, 271.0)(223.0, 271.0);GATE
Port:(233.0, 228.0)(302.0, 228.0)(302.0, 232.0)(233.0, 232.0);SD
Module:M39
Boundary:(30.0, 601.0)(106.0, 601.0)(106.0, 609.0)(121.0, 609.0)(121.0, 788.0)(30.0, 788.0);GATE
Port:(44.5, 778.0)(106.5, 778.0)(106.5, 788.0)(44.5, 788.0);SD
Port:(30.0, 601.0)(106.0, 601.0)(106.0, 609.0)(121.0, 609.0)(121.0, 773.0)(30.0, 773.0);GATE
Port:(40.0, 606.0)(91.0, 606.0)(91.0, 610.0)(40.0, 610.0);SD
Module:M8
Boundary:(511.0, 370.0)(658.5, 370.0)(658.5, 388.0)(674.0, 388.0)(674.0, 458.0)(511.0, 458.0);GATE
Port:(525.5, 448.0)(659.5, 448.0)(659.5, 458.0)(525.5, 458.0);SD
Port:(511.0, 370.0)(658.5, 370.0)(658.5, 388.0)(674.0, 388.0)(674.0, 443.0)(511.0, 443.0);GATE
Port:(521.0, 375.0)(644.0, 375.0)(644.0, 379.0)(521.0, 379.0);SD
Module:M41
Boundary:(977.0, 682.0)(977.0, 793.5)(961.0, 793.5)(961.0, 809.0)(829.0, 809.0)(829.0, 682.0);GATE
Port:(829.0, 696.5)(839.0, 696.5)(839.0, 794.5)(829.0, 794.5);SD
Port:(977.0, 682.0)(977.0, 793.5)(961.0, 793.5)(961.0, 809.0)(844.0, 809.0)(844.0, 682.0);GATE
Port:(968.0, 692.0)(972.0, 692.0)(972.0, 779.0)(968.0, 779.0);SD
Module:M4
Boundary:(972.0, 264.0)(1065.5, 264.0)(1065.5, 274.0)(1081.0, 274.0)(1081.0, 330.0)(972.0, 330.0);GATE
Port:(986.5, 320.0)(1066.5, 320.0)(1066.5, 330.0)(986.5, 330.0);SD
Port:(972.0, 264.0)(1065.5, 264.0)(1065.5, 274.0)(1081.0, 274.0)(1081.0, 315.0)(972.0, 315.0);GATE
Port:(982.0, 269.0)(1051.0, 269.0)(1051.0, 273.0)(982.0, 273.0);SD
Module:M36
Boundary:(1132.0, 20.0)(1279.5, 20.0)(1279.5, 36.0)(1295.0, 36.0)(1295.0, 208.0)(1132.0, 208.0);GATE
Port:(1146.5, 198.0)(1280.5, 198.0)(1280.5, 208.0)(1146.5, 208.0);SD
Port:(1132.0, 20.0)(1279.5, 20.0)(1279.5, 36.0)(1295.0, 36.0)(1295.0, 193.0)(1132.0, 193.0);GATE
Port:(1142.0, 25.0)(1265.0, 25.0)(1265.0, 29.0)(1142.0, 29.0);SD
Module:M33
Boundary:(1238.0, 507.0)(1238.0, 618.5)(1226.0, 618.5)(1226.0, 634.0)(1121.0, 634.0)(1121.0, 507.0);GATE
Port:(1121.0, 521.5)(1131.0, 521.5)(1131.0, 619.5)(1121.0, 619.5);SD
Port:(1238.0, 507.0)(1238.0, 618.5)(1226.0, 618.5)(1226.0, 634.0)(1136.0, 634.0)(1136.0, 507.0);GATE
Port:(1229.0, 517.0)(1233.0, 517.0)(1233.0, 604.0)(1229.0, 604.0);SD
Module:M28
Boundary:(972.0, 370.0)(1065.5, 370.0)(1065.5, 380.0)(1081.0, 380.0)(1081.0, 524.0)(972.0, 524.0);GATE
Port:(986.5, 514.0)(1066.5, 514.0)(1066.5, 524.0)(986.5, 524.0);SD
Port:(972.0, 370.0)(1065.5, 370.0)(1065.5, 380.0)(1081.0, 380.0)(1081.0, 509.0)(972.0, 509.0);GATE
Port:(982.0, 375.0)(1051.0, 375.0)(1051.0, 379.0)(982.0, 379.0);SD
Module:M30
Boundary:(398.0, 324.0)(471.0, 324.0)(471.0, 404.0)(398.0, 404.0);GATE
Port:(412.5, 394.0)(456.5, 394.0)(456.5, 404.0)(412.5, 404.0);SD
Port:(398.0, 324.0)(471.0, 324.0)(471.0, 389.0)(398.0, 389.0);GATE
Port:(408.0, 329.0)(461.0, 329.0)(461.0, 333.0)(408.0, 333.0);SD
Module:M25
Boundary:(1310.0, 399.0)(1383.0, 399.0)(1383.0, 594.0)(1310.0, 594.0);GATE
Port:(1324.5, 584.0)(1368.5, 584.0)(1368.5, 594.0)(1324.5, 594.0);SD
Port:(1310.0, 399.0)(1383.0, 399.0)(1383.0, 579.0)(1310.0, 579.0);GATE
Port:(1320.0, 404.0)(1373.0, 404.0)(1373.0, 408.0)(1320.0, 408.0);SD
Module:M22
Boundary:(734.0, 562.0)(845.5, 562.0)(845.5, 604.0)(915.0, 604.0)(915.0, 642.0)(734.0, 642.0);GATE
Port:(748.5, 632.0)(900.5, 632.0)(900.5, 642.0)(748.5, 642.0);SD
Port:(734.0, 562.0)(845.5, 562.0)(845.5, 604.0)(915.0, 604.0)(915.0, 627.0)(734.0, 627.0);GATE
Port:(744.0, 567.0)(831.0, 567.0)(831.0, 571.0)(744.0, 571.0);SD
Module:M17
Boundary:(1382.0, 258.0)(1382.0, 334.0)(1374.0, 334.0)(1374.0, 349.0)(1320.0, 349.0)(1320.0, 258.0);GATE
Port:(1320.0, 272.5)(1330.0, 272.5)(1330.0, 334.5)(1320.0, 334.5);SD
Port:(1382.0, 258.0)(1382.0, 334.0)(1374.0, 334.0)(1374.0, 349.0)(1335.0, 349.0)(1335.0, 258.0);GATE
Port:(1373.0, 268.0)(1377.0, 268.0)(1377.0, 319.0)(1373.0, 319.0);SD
