Area:(-20.0, -20.0)(318.0, -20.0)(318.0, 483.0)(-20.0, 483.0)
Rule:GATE(5,5);SD(5,5);GATE_SD(0.5);GATE_ITO(0.5);SD_ITO(0.5)
Module:M5
Boundary:(20.0, 20.0)(96.0, 20.0)(96.0, 28.0)(111.0, 28.0)(111.0, 156.0)(20.0, 156.0);GATE
Port:(34.5, 146.0)(96.5, 146.0)(96.5, 156.0)(34.5, 156.0);SD
Port:(20.0, 20.0)(96.0, 20.0)(96.0, 28.0)(111.0, 28.0)(111.0, 141.0)(20.0, 141.0);GATE
Port:(30.0, 25.0)(81.0, 25.0)(81.0, 29.0)(30.0, 29.0);SD
Module:M1
Boundary:(20.0, 377.0)(183.0, 377.0)(183.0, 443.0)(20.0, 443.0);GATE
Port:(34.5, 433.0)(168.5, 433.0)(168.5, 443.0)(34.5, 443.0);SD
Port:(20.0, 377.0)(183.0, 377.0)(183.0, 428.0)(20.0, 428.0);GATE
Port:(30.0, 382.0)(173.0, 382.0)(173.0, 386.0)(30.0, 386.0);SD
Module:M2
Boundary:(151.0, 20.0)(244.5, 20.0)(244.5, 73.7)(278.0, 73.7)(278.0, 147.0)(151.0, 147.0);GATE
Port:(165.5, 137.0)(263.5, 137.0)(263.5, 147.0)(165.5, 147.0);SD
Port:(151.0, 20.0)(244.5, 20.0)(244.5, 73.7)(278.0, 73.7)(278.0, 132.0)(151.0, 132.0);GATE
Port:(161.0, 25.0)(230.0, 25.0)(230.0, 29.0)(161.0, 29.0);SD
Module:M3
Boundary:(151.0, 187.0)(262.5, 187.0)(262.5, 199.0)(278.0, 199.0)(278.0, 337.0)(151.0, 337.0);GATE
Port:(165.5, 327.0)(263.5, 327.0)(263.5, 337.0)(165.5, 337.0);SD
Port:(151.0, 187.0)(262.5, 187.0)(262.5, 199.0)(278.0, 199.0)(278.0, 322.0)(151.0, 322.0);GATE
Port:(161.0, 192.0)(248.0, 192.0)(248.0, 196.0)(161.0, 196.0);SD
Module:M4
Boundary:(20.0, 196.0)(96.0, 196.0)(96.0, 204.0)(111.0, 204.0)(111.0, 322.0)(20.0, 322.0);GATE
Port:(34.5, 312.0)(96.5, 312.0)(96.5, 322.0)(34.5, 322.0);SD
Port:(20.0, 196.0)(96.0, 196.0)(96.0, 204.0)(111.0, 204.0)(111.0, 307.0)(20.0, 307.0);GATE
Port:(30.0, 201.0)(81.0, 201.0)(81.0, 205.0)(30.0, 205.0);SD
