Area:(-20.0, -20.0)(590.0, -20.0)(590.0, 1722.0)(-20.0, 1722.0)
Rule:GATE(5,5);SD(5,5);GATE_SD(0.5);GATE_ITO(0.5);SD_ITO(0.5)
Module:M14
Boundary:(539.0, 1179.0)(539.0, 1326.5)(523.0, 1326.5)(523.0, 1342.0)(348.0, 1342.0)(348.0, 1179.0);GATE
Port:(348.0, 1193.5)(358.0, 1193.5)(358.0, 1327.5)(348.0, 1327.5);SD
Port:(539.0, 1179.0)(539.0, 1326.5)(523.0, 1326.5)(523.0, 1342.0)(363.0, 1342.0)(363.0, 1179.0);GATE
Port:(530.0, 1189.0)(534.0, 1189.0)(534.0, 1312.0)(530.0, 1312.0);SD
Module:M9
Boundary:(516.0, 238.0)(516.0, 313.5)(499.0, 313.5)(499.0, 365.0)(450.0, 365.0)(450.0, 238.0);GATE
Port:(450.0, 252.5)(460.0, 252.5)(460.0, 350.5)(450.0, 350.5);SD
Port:(516.0, 238.0)(516.0, 313.5)(499.0, 313.5)(499.0, 365.0)(465.0, 365.0)(465.0, 238.0);GATE
Port:(507.0, 248.0)(511.0, 248.0)(511.0, 299.0)(507.0, 299.0);SD
Module:M5
Boundary:(550.0, 436.0)(550.0, 583.5)(437.7, 583.5)(437.7, 671.0)(384.0, 671.0)(384.0, 436.0);GATE
Port:(384.0, 450.5)(394.0, 450.5)(394.0, 656.5)(384.0, 656.5);SD
Port:(550.0, 436.0)(550.0, 583.5)(437.7, 583.5)(437.7, 671.0)(399.0, 671.0)(399.0, 436.0);GATE
Port:(541.0, 446.0)(545.0, 446.0)(545.0, 569.0)(541.0, 569.0);SD
Module:M11
Boundary:(106.0, 1435.0)(106.0, 1508.0)(20.0, 1508.0)(20.0, 1435.0);GATE
Port:(20.0, 1449.5)(30.0, 1449.5)(30.0, 1493.5)(20.0, 1493.5);SD
Port:(106.0, 1435.0)(106.0, 1508.0)(35.0, 1508.0)(35.0, 1435.0);GATE
Port:(97.0, 1445.0)(101.0, 1445.0)(101.0, 1498.0)(97.0, 1498.0);SD
Module:M1
Boundary:(390.0, 241.0)(390.0, 298.5)(336.0, 298.5)(336.0, 386.0)(233.0, 386.0)(233.0, 241.0);GATE
Port:(233.0, 255.5)(243.0, 255.5)(243.0, 371.5)(233.0, 371.5);SD
Port:(390.0, 241.0)(390.0, 298.5)(336.0, 298.5)(336.0, 386.0)(248.0, 386.0)(248.0, 241.0);GATE
Port:(381.0, 251.0)(385.0, 251.0)(385.0, 284.0)(381.0, 284.0);SD
Module:M27
Boundary:(512.0, 711.0)(512.0, 822.5)(500.0, 822.5)(500.0, 838.0)(426.0, 838.0)(426.0, 711.0);GATE
Port:(426.0, 725.5)(436.0, 725.5)(436.0, 823.5)(426.0, 823.5);SD
Port:(512.0, 711.0)(512.0, 822.5)(500.0, 822.5)(500.0, 838.0)(441.0, 838.0)(441.0, 711.0);GATE
Port:(503.0, 721.0)(507.0, 721.0)(507.0, 808.0)(503.0, 808.0);SD
Module:M24
Boundary:(259.0, 747.0)(370.5, 747.0)(370.5, 759.0)(386.0, 759.0)(386.0, 847.0)(259.0, 847.0);GATE
Port:(273.5, 837.0)(371.5, 837.0)(371.5, 847.0)(273.5, 847.0);SD
Port:(259.0, 747.0)(370.5, 747.0)(370.5, 759.0)(386.0, 759.0)(386.0, 832.0)(259.0, 832.0);GATE
Port:(269.0, 752.0)(356.0, 752.0)(356.0, 756.0)(269.0, 756.0);SD
Module:M19
Boundary:(279.0, 1404.0)(390.5, 1404.0)(390.5, 1495.0)(514.0, 1495.0)(514.0, 1558.0)(279.0, 1558.0);GATE
Port:(293.5, 1548.0)(499.5, 1548.0)(499.5, 1558.0)(293.5, 1558.0);SD
Port:(279.0, 1404.0)(390.5, 1404.0)(390.5, 1495.0)(514.0, 1495.0)(514.0, 1543.0)(279.0, 1543.0);GATE
Port:(289.0, 1409.0)(376.0, 1409.0)(376.0, 1413.0)(289.0, 1413.0);SD
Module:M6
Boundary:(20.0, 747.0)(113.5, 747.0)(113.5, 814.7)(219.0, 814.7)(219.0, 856.0)(20.0, 856.0);GATE
Port:(34.5, 846.0)(204.5, 846.0)(204.5, 856.0)(34.5, 856.0);SD
Port:(20.0, 747.0)(113.5, 747.0)(113.5, 814.7)(219.0, 814.7)(219.0, 841.0)(20.0, 841.0);GATE
Port:(30.0, 752.0)(99.0, 752.0)(99.0, 756.0)(30.0, 756.0);SD
Module:M21
Boundary:(344.0, 436.0)(344.0, 529.5)(242.5, 529.5)(242.5, 707.0)(189.0, 707.0)(189.0, 436.0);GATE
Port:(189.0, 450.5)(199.0, 450.5)(199.0, 692.5)(189.0, 692.5);SD
Port:(344.0, 436.0)(344.0, 529.5)(242.5, 529.5)(242.5, 707.0)(204.0, 707.0)(204.0, 436.0);GATE
Port:(335.0, 446.0)(339.0, 446.0)(339.0, 515.0)(335.0, 515.0);SD
Module:M2
Boundary:(427.0, 30.0)(520.5, 30.0)(520.5, 40.0)(536.0, 40.0)(536.0, 178.0)(427.0, 178.0);GATE
Port:(441.5, 168.0)(521.5, 168.0)(521.5, 178.0)(441.5, 178.0);SD
Port:(427.0, 30.0)(520.5, 30.0)(520.5, 40.0)(536.0, 40.0)(536.0, 163.0)(427.0, 163.0);GATE
Port:(437.0, 35.0)(506.0, 35.0)(506.0, 39.0)(437.0, 39.0);SD
Module:M16
Boundary:(20.0, 896.0)(93.0, 896.0)(93.0, 1000.0)(20.0, 1000.0);GATE
Port:(34.5, 990.0)(78.5, 990.0)(78.5, 1000.0)(34.5, 1000.0);SD
Port:(20.0, 896.0)(93.0, 896.0)(93.0, 985.0)(20.0, 985.0);GATE
Port:(30.0, 901.0)(83.0, 901.0)(83.0, 905.0)(30.0, 905.0);SD
Module:M13
Boundary:(156.0, 1608.0)(285.5, 1608.0)(285.5, 1641.0)(337.0, 1641.0)(337.0, 1678.0)(156.0, 1678.0);GATE
Port:(170.5, 1668.0)(322.5, 1668.0)(322.5, 1678.0)(170.5, 1678.0);SD
Port:(156.0, 1608.0)(285.5, 1608.0)(285.5, 1641.0)(337.0, 1641.0)(337.0, 1663.0)(156.0, 1663.0);GATE
Port:(166.0, 1613.0)(271.0, 1613.0)(271.0, 1617.0)(166.0, 1617.0);SD
Module:M10
Boundary:(539.0, 887.0)(539.0, 963.0)(531.0, 963.0)(531.0, 978.0)(400.0, 978.0)(400.0, 887.0);GATE
Port:(400.0, 901.5)(410.0, 901.5)(410.0, 963.5)(400.0, 963.5);SD
Port:(539.0, 887.0)(539.0, 963.0)(531.0, 963.0)(531.0, 978.0)(415.0, 978.0)(415.0, 887.0);GATE
Port:(530.0, 897.0)(534.0, 897.0)(534.0, 948.0)(530.0, 948.0);SD
Module:M29
Boundary:(183.0, 259.0)(183.0, 352.5)(173.0, 352.5)(173.0, 368.0)(20.0, 368.0)(20.0, 259.0);GATE
Port:(20.0, 273.5)(30.0, 273.5)(30.0, 353.5)(20.0, 353.5);SD
Port:(183.0, 259.0)(183.0, 352.5)(173.0, 352.5)(173.0, 368.0)(35.0, 368.0)(35.0, 259.0);GATE
Port:(174.0, 269.0)(178.0, 269.0)(178.0, 338.0)(174.0, 338.0);SD
Module:M7
Boundary:(156.0, 20.0)(156.0, 149.5)(98.8, 149.5)(98.8, 219.0)(20.0, 219.0)(20.0, 20.0);GATE
Port:(20.0, 34.5)(30.0, 34.5)(30.0, 204.5)(20.0, 204.5);SD
Port:(156.0, 20.0)(156.0, 149.5)(98.8, 149.5)(98.8, 219.0)(35.0, 219.0)(35.0, 20.0);GATE
Port:(147.0, 30.0)(151.0, 30.0)(151.0, 135.0)(147.0, 135.0);SD
Module:M3
Boundary:(298.0, 1191.0)(298.0, 1338.5)(282.0, 1338.5)(282.0, 1354.0)(156.0, 1354.0)(156.0, 1191.0);GATE
Port:(156.0, 1205.5)(166.0, 1205.5)(166.0, 1339.5)(156.0, 1339.5);SD
Port:(298.0, 1191.0)(298.0, 1338.5)(282.0, 1338.5)(282.0, 1354.0)(171.0, 1354.0)(171.0, 1191.0);GATE
Port:(289.0, 1201.0)(293.0, 1201.0)(293.0, 1324.0)(289.0, 1324.0);SD
Module:M26
Boundary:(116.0, 1268.0)(116.0, 1379.5)(104.0, 1379.5)(104.0, 1395.0)(20.0, 1395.0)(20.0, 1268.0);GATE
Port:(20.0, 1282.5)(30.0, 1282.5)(30.0, 1380.5)(20.0, 1380.5);SD
Port:(116.0, 1268.0)(116.0, 1379.5)(104.0, 1379.5)(104.0, 1395.0)(35.0, 1395.0)(35.0, 1268.0);GATE
Port:(107.0, 1278.0)(111.0, 1278.0)(111.0, 1365.0)(107.0, 1365.0);SD
Module:M23
Boundary:(287.0, 887.0)(360.0, 887.0)(360.0, 1015.0)(287.0, 1015.0);GATE
Port:(301.5, 1005.0)(345.5, 1005.0)(345.5, 1015.0)(301.5, 1015.0);SD
Port:(287.0, 887.0)(360.0, 887.0)(360.0, 1000.0)(287.0, 1000.0);GATE
Port:(297.0, 892.0)(350.0, 892.0)(350.0, 896.0)(297.0, 896.0);SD
Module:M18
Boundary:(530.0, 1028.0)(530.0, 1104.0)(522.0, 1104.0)(522.0, 1119.0)(410.0, 1119.0)(410.0, 1028.0);GATE
Port:(410.0, 1042.5)(420.0, 1042.5)(420.0, 1104.5)(410.0, 1104.5);SD
Port:(530.0, 1028.0)(530.0, 1104.0)(522.0, 1104.0)(522.0, 1119.0)(425.0, 1119.0)(425.0, 1028.0);GATE
Port:(521.0, 1038.0)(525.0, 1038.0)(525.0, 1089.0)(521.0, 1089.0);SD
Module:M20
Boundary:(156.0, 1047.0)(232.0, 1047.0)(232.0, 1055.0)(247.0, 1055.0)(247.0, 1151.0)(156.0, 1151.0);GATE
Port:(170.5, 1141.0)(232.5, 1141.0)(232.5, 1151.0)(170.5, 1151.0);SD
Port:(156.0, 1047.0)(232.0, 1047.0)(232.0, 1055.0)(247.0, 1055.0)(247.0, 1136.0)(156.0, 1136.0);GATE
Port:(166.0, 1052.0)(217.0, 1052.0)(217.0, 1056.0)(166.0, 1056.0);SD
Module:M15
Boundary:(196.0, 20.0)(343.5, 20.0)(343.5, 98.8)(377.0, 98.8)(377.0, 191.0)(196.0, 191.0);GATE
Port:(210.5, 181.0)(362.5, 181.0)(362.5, 191.0)(210.5, 191.0);SD
Port:(196.0, 20.0)(343.5, 20.0)(343.5, 98.8)(377.0, 98.8)(377.0, 176.0)(196.0, 176.0);GATE
Port:(206.0, 25.0)(329.0, 25.0)(329.0, 29.0)(206.0, 29.0);SD
Module:M12
Boundary:(149.0, 611.0)(149.0, 687.0)(141.0, 687.0)(141.0, 702.0)(20.0, 702.0)(20.0, 611.0);GATE
Port:(20.0, 625.5)(30.0, 625.5)(30.0, 687.5)(20.0, 687.5);SD
Port:(149.0, 611.0)(149.0, 687.0)(141.0, 687.0)(141.0, 702.0)(35.0, 702.0)(35.0, 611.0);GATE
Port:(140.0, 621.0)(144.0, 621.0)(144.0, 672.0)(140.0, 672.0);SD
Module:M8
Boundary:(236.0, 906.0)(236.0, 982.0)(228.0, 982.0)(228.0, 997.0)(143.0, 997.0)(143.0, 906.0);GATE
Port:(143.0, 920.5)(153.0, 920.5)(153.0, 982.5)(143.0, 982.5);SD
Port:(236.0, 906.0)(236.0, 982.0)(228.0, 982.0)(228.0, 997.0)(158.0, 997.0)(158.0, 906.0);GATE
Port:(227.0, 916.0)(231.0, 916.0)(231.0, 967.0)(227.0, 967.0);SD
Module:M4
Boundary:(351.0, 1055.0)(351.0, 1128.0)(287.0, 1128.0)(287.0, 1055.0);GATE
Port:(287.0, 1069.5)(297.0, 1069.5)(297.0, 1113.5)(287.0, 1113.5);SD
Port:(351.0, 1055.0)(351.0, 1128.0)(302.0, 1128.0)(302.0, 1055.0);GATE
Port:(342.0, 1065.0)(346.0, 1065.0)(346.0, 1118.0)(342.0, 1118.0);SD
Module:M28
Boundary:(149.0, 408.0)(149.0, 555.5)(133.0, 555.5)(133.0, 571.0)(20.0, 571.0)(20.0, 408.0);GATE
Port:(20.0, 422.5)(30.0, 422.5)(30.0, 556.5)(20.0, 556.5);SD
Port:(149.0, 408.0)(149.0, 555.5)(133.0, 555.5)(133.0, 571.0)(35.0, 571.0)(35.0, 408.0);GATE
Port:(140.0, 418.0)(144.0, 418.0)(144.0, 541.0)(140.0, 541.0);SD
Module:M30
Boundary:(156.0, 1394.0)(229.0, 1394.0)(229.0, 1566.0)(156.0, 1566.0);GATE
Port:(170.5, 1556.0)(214.5, 1556.0)(214.5, 1566.0)(170.5, 1566.0);SD
Port:(156.0, 1394.0)(229.0, 1394.0)(229.0, 1551.0)(156.0, 1551.0);GATE
Port:(166.0, 1399.0)(219.0, 1399.0)(219.0, 1403.0)(166.0, 1403.0);SD
Module:M25
Boundary:(20.0, 1040.0)(93.0, 1040.0)(93.0, 1228.0)(20.0, 1228.0);GATE
Port:(34.5, 1218.0)(78.5, 1218.0)(78.5, 1228.0)(34.5, 1228.0);SD
Port:(20.0, 1040.0)(93.0, 1040.0)(93.0, 1213.0)(20.0, 1213.0);GATE
Port:(30.0, 1045.0)(83.0, 1045.0)(83.0, 1049.0)(30.0, 1049.0);SD
Module:M22
Boundary:(377.0, 1608.0)(452.5, 1608.0)(452.5, 1632.7)(522.0, 1632.7)(522.0, 1682.0)(377.0, 1682.0);GATE
Port:(391.5, 1672.0)(507.5, 1672.0)(507.5, 1682.0)(391.5, 1682.0);SD
Port:(377.0, 1608.0)(452.5, 1608.0)(452.5, 1632.7)(522.0, 1632.7)(522.0, 1667.0)(377.0, 1667.0);GATE
Port:(387.0, 1613.0)(438.0, 1613.0)(438.0, 1617.0)(387.0, 1617.0);SD
Module:M17
Boundary:(104.0, 1548.0)(104.0, 1659.5)(85.0, 1659.5)(85.0, 1675.0)(20.0, 1675.0)(20.0, 1548.0);GATE
Port:(20.0, 1562.5)(30.0, 1562.5)(30.0, 1660.5)(20.0, 1660.5);SD
Port:(104.0, 1548.0)(104.0, 1659.5)(85.0, 1659.5)(85.0, 1675.0)(35.0, 1675.0)(35.0, 1548.0);GATE
Port:(95.0, 1558.0)(99.0, 1558.0)(99.0, 1645.0)(95.0, 1645.0);SD
