Area:(9.0, -11.4)(374.4, -11.4)(374.4, 443.3)(9.0, 443.3)
Rule:GATE(5,5);SD(5,5);GATE_SD(0.5);GATE_ITO(0.5);SD_ITO(0.5)
Module:M3
Boundary:(126.1, 50.7)(204.0, 50.7)(204.0, 50.9)(219.5, 50.9)(219.5, 214.8)(126.1, 214.8);GATE
Port:(138.8, 209.9)(206.8, 209.9)(206.8, 214.8)(138.8, 214.8);SD
Port:(126.1, 50.7)(204.0, 50.7)(204.0, 50.9)(219.5, 50.9)(219.5, 207.6)(126.1, 207.6);GATE
Port:(131.8, 55.4)(198.3, 55.4)(198.3, 60.6)(131.8, 60.6);SD
Module:M2
Boundary:(238.8, 222.2)(299.6, 222.2)(299.6, 138.3)(312.5, 138.3)(312.5, 56.8)(238.8, 56.8);GATE
Port:(251.3, 56.8)(300.0, 56.8)(300.0, 61.9)(251.3, 61.9);SD
Port:(238.8, 222.2)(299.6, 222.2)(299.6, 138.3)(312.5, 138.3)(312.5, 64.3)(238.8, 64.3);GATE
Port:(245.8, 211.6)(291.6, 211.6)(291.6, 216.2)(245.8, 216.2);SD
Module:M5
Boundary:(126.0, 238.9)(59.0, 238.9)(59.0, 28.6)(126.0, 28.6);GATE
Port:(73.6, 28.6)(111.4, 28.6)(111.4, 34.3)(73.6, 34.3);SD
Port:(126.0, 238.9)(59.0, 238.9)(59.0, 36.6)(126.0, 36.6);GATE
Port:(65.5, 226.0)(119.5, 226.0)(119.5, 233.4)(65.5, 233.4);SD
Module:M1
Boundary:(49.0, 344.3)(49.0, 245.1)(209.2, 245.1)(209.2, 344.3);GATE
Port:(204.3, 256.7)(209.2, 256.7)(209.2, 332.7)(204.3, 332.7);SD
Port:(49.0, 344.3)(49.0, 245.1)(201.8, 245.1)(201.8, 344.3);GATE
Port:(53.2, 250.3)(58.4, 250.3)(58.4, 339.1)(53.2, 339.1);SD
Module:M4
Boundary:(217.1, 403.3)(319.0, 403.3)(319.0, 387.9)(334.4, 387.9)(334.4, 222.3)(217.1, 222.3);GATE
Port:(231.4, 222.3)(320.1, 222.3)(320.1, 226.9)(231.4, 226.9);SD
Port:(217.1, 403.3)(319.0, 403.3)(319.0, 387.9)(334.4, 387.9)(334.4, 229.0)(217.1, 229.0);GATE
Port:(222.8, 391.8)(312.3, 391.8)(312.3, 398.6)(222.8, 398.6);SD
