Area:(-4.2, 47.6)(367.0, 47.6)(367.0, 961.3)(-4.2, 961.3)
Rule:GATE(5,5);SD(5,5);GATE_SD(0.5);GATE_ITO(0.5);SD_ITO(0.5)
Module:M2
Boundary:(123.8, 91.4)(123.8, 202.9)(111.8, 202.9)(111.8, 218.4)(35.8, 218.4)(35.8, 91.4);GATE
Port:(35.8, 105.9)(45.8, 105.9)(45.8, 203.9)(35.8, 203.9);SD
Port:(123.8, 91.4)(123.8, 202.9)(111.8, 202.9)(111.8, 218.4)(50.8, 218.4)(50.8, 91.4);GATE
Port:(114.8, 101.4)(118.8, 101.4)(118.8, 188.4)(114.8, 188.4);SD
Module:M5
Boundary:(300.1, 87.6)(300.1, 217.1)(286.1, 217.1)(286.1, 232.6)(150.1, 232.6)(150.1, 87.6);GATE
Port:(150.1, 102.1)(160.1, 102.1)(160.1, 218.1)(150.1, 218.1);SD
Port:(300.1, 87.6)(300.1, 217.1)(286.1, 217.1)(286.1, 232.6)(165.1, 232.6)(165.1, 87.6);GATE
Port:(291.1, 97.6)(295.1, 97.6)(295.1, 202.6)(291.1, 202.6);SD
Module:M6
Boundary:(127.7, 351.8)(127.7, 240.3)(115.7, 240.3)(115.7, 224.8)(51.7, 224.8)(51.7, 351.8);GATE
Port:(51.7, 239.3)(61.7, 239.3)(61.7, 337.3)(51.7, 337.3);SD
Port:(127.7, 351.8)(127.7, 240.3)(115.7, 240.3)(115.7, 224.8)(66.7, 224.8)(66.7, 351.8);GATE
Port:(118.7, 254.8)(122.7, 254.8)(122.7, 341.8)(118.7, 341.8);SD
Module:M4
Boundary:(182.0, 277.6)(239.5, 277.6)(239.5, 333.0)(327.0, 333.0)(327.0, 440.6)(182.0, 440.6);GATE
Port:(196.5, 430.6)(312.5, 430.6)(312.5, 440.6)(196.5, 440.6);SD
Port:(182.0, 277.6)(239.5, 277.6)(239.5, 333.0)(327.0, 333.0)(327.0, 425.6)(182.0, 425.6);GATE
Port:(192.0, 282.6)(225.0, 282.6)(225.0, 286.6)(192.0, 286.6);SD
Module:M7
Boundary:(175.9, 444.3)(175.9, 371.3)(53.9, 371.3)(53.9, 444.3);GATE
Port:(53.9, 385.8)(63.9, 385.8)(63.9, 429.8)(53.9, 429.8);SD
Port:(175.9, 444.3)(175.9, 371.3)(68.9, 371.3)(68.9, 444.3);GATE
Port:(166.9, 381.3)(170.9, 381.3)(170.9, 434.3)(166.9, 434.3);SD
Module:M10
Boundary:(292.9, 624.8)(199.4, 624.8)(199.4, 614.8)(183.9, 614.8)(183.9, 446.8)(292.9, 446.8);GATE
Port:(198.4, 446.8)(278.4, 446.8)(278.4, 456.8)(198.4, 456.8);SD
Port:(292.9, 624.8)(199.4, 624.8)(199.4, 614.8)(183.9, 614.8)(183.9, 461.8)(292.9, 461.8);GATE
Port:(213.9, 615.8)(282.9, 615.8)(282.9, 619.8)(213.9, 619.8);SD
Module:M1
Boundary:(38.7, 450.5)(150.2, 450.5)(150.2, 462.5)(165.7, 462.5)(165.7, 604.5)(38.7, 604.5);GATE
Port:(53.2, 594.5)(151.2, 594.5)(151.2, 604.5)(53.2, 604.5);SD
Port:(38.7, 450.5)(150.2, 450.5)(150.2, 462.5)(165.7, 462.5)(165.7, 589.5)(38.7, 589.5);GATE
Port:(48.7, 455.5)(135.7, 455.5)(135.7, 459.5)(48.7, 459.5);SD
Module:M3
Boundary:(51.9, 746.3)(124.9, 746.3)(124.9, 611.3)(51.9, 611.3);GATE
Port:(66.4, 611.3)(110.4, 611.3)(110.4, 621.3)(66.4, 621.3);SD
Port:(51.9, 746.3)(124.9, 746.3)(124.9, 626.3)(51.9, 626.3);GATE
Port:(61.9, 737.3)(114.9, 737.3)(114.9, 741.3)(61.9, 741.3);SD
Module:M8
Boundary:(324.0, 625.3)(324.0, 754.8)(310.0, 754.8)(310.0, 770.3)(133.0, 770.3)(133.0, 625.3);GATE
Port:(133.0, 639.8)(143.0, 639.8)(143.0, 755.8)(133.0, 755.8);SD
Port:(324.0, 625.3)(324.0, 754.8)(310.0, 754.8)(310.0, 770.3)(148.0, 770.3)(148.0, 625.3);GATE
Port:(315.0, 635.3)(319.0, 635.3)(319.0, 740.3)(315.0, 740.3);SD
Module:M9
Boundary:(283.2, 773.3)(207.7, 773.3)(207.7, 866.5)(48.2, 866.5)(48.2, 921.3)(283.2, 921.3);GATE
Port:(62.7, 911.3)(268.7, 911.3)(268.7, 921.3)(62.7, 921.3);SD
Port:(283.2, 773.3)(207.7, 773.3)(207.7, 866.5)(48.2, 866.5)(48.2, 906.3)(283.2, 906.3);GATE
Port:(222.2, 778.3)(273.2, 778.3)(273.2, 782.3)(222.2, 782.3);SD
