Area:(-8.1, -18.6)(994.9, -18.6)(994.9, 537.5)(-8.1, 537.5)
Rule:GATE(5,5);SD(5,5);GATE_SD(0.5);GATE_ITO(0.5);SD_ITO(0.5)
Module:M4
Boundary:(411.4, 49.8)(540.9, 49.8)(540.9, 82.4)(574.4, 82.4)(574.4, 130.8)(411.4, 130.8);GATE
Port:(425.9, 120.8)(559.9, 120.8)(559.9, 130.8)(425.9, 130.8);SD
Port:(411.4, 49.8)(540.9, 49.8)(540.9, 82.4)(574.4, 82.4)(574.4, 115.8)(411.4, 115.8);GATE
Port:(421.4, 54.8)(526.4, 54.8)(526.4, 58.8)(421.4, 58.8);SD
Module:M11
Boundary:(399.1, 54.8)(399.1, 130.8)(391.1, 130.8)(391.1, 145.8)(217.1, 145.8)(217.1, 54.8);GATE
Port:(217.1, 69.3)(227.1, 69.3)(227.1, 131.3)(217.1, 131.3);SD
Port:(399.1, 54.8)(399.1, 130.8)(391.1, 130.8)(391.1, 145.8)(232.1, 145.8)(232.1, 54.8);GATE
Port:(390.1, 64.8)(394.1, 64.8)(394.1, 115.8)(390.1, 115.8);SD
Module:M15
Boundary:(653.5, 198.4)(653.5, 104.9)(643.5, 104.9)(643.5, 89.4)(574.5, 89.4)(574.5, 198.4);GATE
Port:(574.5, 103.9)(584.5, 103.9)(584.5, 183.9)(574.5, 183.9);SD
Port:(653.5, 198.4)(653.5, 104.9)(643.5, 104.9)(643.5, 89.4)(589.5, 89.4)(589.5, 198.4);GATE
Port:(644.5, 119.4)(648.5, 119.4)(648.5, 188.4)(644.5, 188.4);SD
Module:M8
Boundary:(137.6, 24.7)(61.6, 24.7)(61.6, 32.7)(46.6, 32.7)(46.6, 181.7)(137.6, 181.7);GATE
Port:(61.1, 171.7)(123.1, 171.7)(123.1, 181.7)(61.1, 181.7);SD
Port:(137.6, 24.7)(61.6, 24.7)(61.6, 32.7)(46.6, 32.7)(46.6, 166.7)(137.6, 166.7);GATE
Port:(76.6, 29.7)(127.6, 29.7)(127.6, 33.7)(76.6, 33.7);SD
Module:M13
Boundary:(946.7, 21.4)(946.7, 132.9)(895.0, 132.9)(895.0, 202.4)(820.7, 202.4)(820.7, 21.4);GATE
Port:(820.7, 35.9)(830.7, 35.9)(830.7, 187.9)(820.7, 187.9);SD
Port:(946.7, 21.4)(946.7, 132.9)(895.0, 132.9)(895.0, 202.4)(835.7, 202.4)(835.7, 21.4);GATE
Port:(937.7, 31.4)(941.7, 31.4)(941.7, 118.4)(937.7, 118.4);SD
Module:M18
Boundary:(536.4, 176.7)(536.4, 252.7)(528.4, 252.7)(528.4, 267.7)(398.4, 267.7)(398.4, 176.7);GATE
Port:(398.4, 191.2)(408.4, 191.2)(408.4, 253.2)(398.4, 253.2);SD
Port:(536.4, 176.7)(536.4, 252.7)(528.4, 252.7)(528.4, 267.7)(413.4, 267.7)(413.4, 176.7);GATE
Port:(527.4, 186.7)(531.4, 186.7)(531.4, 237.7)(527.4, 237.7);SD
Module:M7
Boundary:(813.0, 255.7)(813.0, 162.2)(741.0, 162.2)(741.0, 38.7)(685.0, 38.7)(685.0, 255.7);GATE
Port:(685.0, 53.2)(695.0, 53.2)(695.0, 241.2)(685.0, 241.2);SD
Port:(813.0, 255.7)(813.0, 162.2)(741.0, 162.2)(741.0, 38.7)(700.0, 38.7)(700.0, 255.7);GATE
Port:(804.0, 176.7)(808.0, 176.7)(808.0, 245.7)(804.0, 245.7);SD
Module:M5
Boundary:(162.5, 160.2)(235.5, 160.2)(235.5, 272.2)(162.5, 272.2);GATE
Port:(177.0, 262.2)(221.0, 262.2)(221.0, 272.2)(177.0, 272.2);SD
Port:(162.5, 160.2)(235.5, 160.2)(235.5, 257.2)(162.5, 257.2);GATE
Port:(172.5, 165.2)(225.5, 165.2)(225.5, 169.2)(172.5, 169.2);SD
Module:M19
Boundary:(287.2, 270.9)(360.2, 270.9)(360.2, 132.9)(287.2, 132.9);GATE
Port:(301.7, 132.9)(345.7, 132.9)(345.7, 142.9)(301.7, 142.9);SD
Port:(287.2, 270.9)(360.2, 270.9)(360.2, 147.9)(287.2, 147.9);GATE
Port:(297.2, 261.9)(350.2, 261.9)(350.2, 265.9)(297.2, 265.9);SD
Module:M14
Boundary:(827.9, 267.0)(939.4, 267.0)(939.4, 279.0)(954.9, 279.0)(954.9, 357.0)(827.9, 357.0);GATE
Port:(842.4, 347.0)(940.4, 347.0)(940.4, 357.0)(842.4, 357.0);SD
Port:(827.9, 267.0)(939.4, 267.0)(939.4, 279.0)(954.9, 279.0)(954.9, 342.0)(827.9, 342.0);GATE
Port:(837.9, 272.0)(924.9, 272.0)(924.9, 276.0)(837.9, 276.0);SD
Module:M16
Boundary:(551.6, 370.1)(551.6, 222.6)(567.6, 222.6)(567.6, 207.1)(656.6, 207.1)(656.6, 370.1);GATE
Port:(646.6, 221.6)(656.6, 221.6)(656.6, 355.6)(646.6, 355.6);SD
Port:(551.6, 370.1)(551.6, 222.6)(567.6, 222.6)(567.6, 207.1)(641.6, 207.1)(641.6, 370.1);GATE
Port:(556.6, 237.1)(560.6, 237.1)(560.6, 360.1)(556.6, 360.1);SD
Module:M10
Boundary:(756.2, 322.8)(683.2, 322.8)(683.2, 261.8)(756.2, 261.8);GATE
Port:(697.7, 261.8)(741.7, 261.8)(741.7, 271.8)(697.7, 271.8);SD
Port:(756.2, 322.8)(683.2, 322.8)(683.2, 276.8)(756.2, 276.8);GATE
Port:(693.2, 313.8)(746.2, 313.8)(746.2, 317.8)(693.2, 317.8);SD
Module:M12
Boundary:(507.9, 268.5)(507.9, 341.5)(379.9, 341.5)(379.9, 268.5);GATE
Port:(379.9, 283.0)(389.9, 283.0)(389.9, 327.0)(379.9, 327.0);SD
Port:(507.9, 268.5)(507.9, 341.5)(394.9, 341.5)(394.9, 268.5);GATE
Port:(498.9, 278.5)(502.9, 278.5)(502.9, 331.5)(498.9, 331.5);SD
Module:M17
Boundary:(134.7, 334.2)(134.7, 204.7)(120.7, 204.7)(120.7, 189.2)(56.7, 189.2)(56.7, 334.2);GATE
Port:(56.7, 203.7)(66.7, 203.7)(66.7, 319.7)(56.7, 319.7);SD
Port:(134.7, 334.2)(134.7, 204.7)(120.7, 204.7)(120.7, 189.2)(71.7, 189.2)(71.7, 334.2);GATE
Port:(125.7, 219.2)(129.7, 219.2)(129.7, 324.2)(125.7, 324.2);SD
Module:M3
Boundary:(247.7, 303.0)(174.7, 303.0)(174.7, 488.0)(247.7, 488.0);GATE
Port:(189.2, 478.0)(233.2, 478.0)(233.2, 488.0)(189.2, 488.0);SD
Port:(247.7, 303.0)(174.7, 303.0)(174.7, 473.0)(247.7, 473.0);GATE
Port:(184.7, 308.0)(237.7, 308.0)(237.7, 312.0)(184.7, 312.0);SD
Module:M6
Boundary:(109.9, 402.0)(109.9, 478.0)(101.9, 478.0)(101.9, 493.0)(31.9, 493.0)(31.9, 402.0);GATE
Port:(31.9, 416.5)(41.9, 416.5)(41.9, 478.5)(31.9, 478.5);SD
Port:(109.9, 402.0)(109.9, 478.0)(101.9, 478.0)(101.9, 493.0)(46.9, 493.0)(46.9, 402.0);GATE
Port:(100.9, 412.0)(104.9, 412.0)(104.9, 463.0)(100.9, 463.0);SD
Module:M9
Boundary:(504.0, 381.5)(392.5, 381.5)(392.5, 393.5)(377.0, 393.5)(377.0, 497.5)(504.0, 497.5);GATE
Port:(391.5, 487.5)(489.5, 487.5)(489.5, 497.5)(391.5, 497.5);SD
Port:(504.0, 381.5)(392.5, 381.5)(392.5, 393.5)(377.0, 393.5)(377.0, 482.5)(504.0, 482.5);GATE
Port:(407.0, 386.5)(494.0, 386.5)(494.0, 390.5)(407.0, 390.5);SD
Module:M20
Boundary:(531.0, 370.2)(531.0, 481.7)(543.0, 481.7)(543.0, 497.2)(701.0, 497.2)(701.0, 370.2);GATE
Port:(691.0, 384.7)(701.0, 384.7)(701.0, 482.7)(691.0, 482.7);SD
Port:(531.0, 370.2)(531.0, 481.7)(543.0, 481.7)(543.0, 497.2)(686.0, 497.2)(686.0, 370.2);GATE
Port:(536.0, 380.2)(540.0, 380.2)(540.0, 467.2)(536.0, 467.2);SD
Module:M1
Boundary:(340.1, 315.8)(340.1, 427.3)(301.1, 427.3)(301.1, 496.8)(264.1, 496.8)(264.1, 315.8);GATE
Port:(264.1, 330.3)(274.1, 330.3)(274.1, 482.3)(264.1, 482.3);SD
Port:(340.1, 315.8)(340.1, 427.3)(301.1, 427.3)(301.1, 496.8)(279.1, 496.8)(279.1, 315.8);GATE
Port:(331.1, 325.8)(335.1, 325.8)(335.1, 412.8)(331.1, 412.8);SD
Module:M2
Boundary:(709.1, 341.0)(820.6, 341.0)(820.6, 394.9)(926.1, 394.9)(926.1, 473.0)(709.1, 473.0);GATE
Port:(723.6, 463.0)(911.6, 463.0)(911.6, 473.0)(723.6, 473.0);SD
Port:(709.1, 341.0)(820.6, 341.0)(820.6, 394.9)(926.1, 394.9)(926.1, 458.0)(709.1, 458.0);GATE
Port:(719.1, 346.0)(806.1, 346.0)(806.1, 350.0)(719.1, 350.0);SD
