Area:(-20.0, -20.0)(750.1, -20.0)(750.1, 399.4)(-20.0, 399.4)
Rule:GATE(5,5);SD(5,5);GATE_SD(0.5);GATE_ITO(0.5);SD_ITO(0.5)
Module:M9
Boundary:(601.7, 144.1)(694.7, 144.1)(694.7, 144.4)(710.1, 144.4)(710.1, 340.4)(601.7, 340.4);GATE
Port:(613.6, 334.6)(698.2, 334.6)(698.2, 340.4)(613.6, 340.4);SD
Port:(601.7, 144.1)(694.7, 144.1)(694.7, 144.4)(710.1, 144.4)(710.1, 333.2)(601.7, 333.2);GATE
Port:(607.0, 148.4)(689.4, 148.4)(689.4, 153.8)(607.0, 153.8);SD
Module:M5
Boundary:(160.7, 30.0)(207.4, 30.0)(207.4, 30.2)(221.7, 30.2)(221.7, 149.5)(160.7, 149.5);GATE
Port:(173.6, 144.4)(208.8, 144.4)(208.8, 149.5)(173.6, 149.5);SD
Port:(160.7, 30.0)(207.4, 30.0)(207.4, 30.2)(221.7, 30.2)(221.7, 141.9)(160.7, 141.9);GATE
Port:(166.7, 35.0)(201.4, 35.0)(201.4, 41.2)(166.7, 41.2);SD
Module:M1
Boundary:(110.7, 20.0)(110.7, 51.5)(110.6, 51.5)(110.6, 65.5)(20.0, 65.5)(20.0, 20.0);GATE
Port:(20.0, 32.1)(25.7, 32.1)(25.7, 53.4)(20.0, 53.4);SD
Port:(110.7, 20.0)(110.7, 51.5)(110.6, 51.5)(110.6, 65.5)(28.1, 65.5)(28.1, 20.0);GATE
Port:(100.4, 26.7)(105.0, 26.7)(105.0, 44.8)(100.4, 44.8);SD
Module:M6
Boundary:(274.4, 199.5)(274.4, 314.8)(254.5, 314.8)(254.5, 332.2)(150.7, 332.2)(150.7, 199.5);GATE
Port:(150.7, 216.2)(154.7, 216.2)(154.7, 315.5)(150.7, 315.5);SD
Port:(274.4, 199.5)(274.4, 314.8)(254.5, 314.8)(254.5, 332.2)(157.6, 332.2)(157.6, 199.5);GATE
Port:(260.9, 206.3)(268.6, 206.3)(268.6, 307.0)(260.9, 307.0);SD
Module:M2
Boundary:(314.4, 166.5)(421.1, 166.5)(421.1, 166.8)(438.7, 166.8)(438.7, 358.3)(314.4, 358.3);GATE
Port:(328.6, 352.6)(424.5, 352.6)(424.5, 358.3)(328.6, 358.3);SD
Port:(314.4, 166.5)(421.1, 166.5)(421.1, 166.8)(438.7, 166.8)(438.7, 350.2)(314.4, 350.2);GATE
Port:(320.2, 171.3)(415.3, 171.3)(415.3, 177.9)(320.2, 177.9);SD
Module:M10
Boundary:(375.4, 30.0)(375.4, 103.7)(368.7, 103.7)(368.7, 116.5)(281.7, 116.5)(281.7, 30.0);GATE
Port:(281.7, 42.5)(287.2, 42.5)(287.2, 104.0)(281.7, 104.0);SD
Port:(375.4, 30.0)(375.4, 103.7)(368.7, 103.7)(368.7, 116.5)(290.0, 116.5)(290.0, 30.0);GATE
Port:(364.9, 36.1)(370.3, 36.1)(370.3, 96.6)(364.9, 96.6);SD
Module:M7
Boundary:(20.0, 105.5)(102.6, 105.5)(102.6, 314.6)(20.0, 314.6);GATE
Port:(33.7, 310.1)(88.9, 310.1)(88.9, 314.6)(33.7, 314.6);SD
Port:(20.0, 105.5)(102.6, 105.5)(102.6, 309.1)(20.0, 309.1);GATE
Port:(26.0, 110.5)(96.6, 110.5)(96.6, 116.5)(26.0, 116.5);SD
Module:M3
Boundary:(478.7, 166.2)(561.7, 166.2)(561.7, 359.4)(478.7, 359.4);GATE
Port:(493.3, 354.4)(547.1, 354.4)(547.1, 359.4)(493.3, 359.4);SD
Port:(478.7, 166.2)(561.7, 166.2)(561.7, 353.4)(478.7, 353.4);GATE
Port:(485.7, 172.2)(554.7, 172.2)(554.7, 178.8)(485.7, 178.8);SD
Module:M8
Boundary:(708.4, 20.0)(708.4, 88.6)(678.2, 88.6)(678.2, 104.1)(531.2, 104.1)(531.2, 20.0);GATE
Port:(531.2, 33.3)(537.1, 33.3)(537.1, 90.8)(531.2, 90.8);SD
Port:(708.4, 20.0)(708.4, 88.6)(678.2, 88.6)(678.2, 104.1)(538.2, 104.1)(538.2, 20.0);GATE
Port:(697.0, 25.5)(703.9, 25.5)(703.9, 82.1)(697.0, 82.1);SD
Module:M4
Boundary:(425.4, 20.0)(476.2, 20.0)(476.2, 77.0)(491.2, 77.0)(491.2, 126.2)(425.4, 126.2);GATE
Port:(438.5, 120.9)(478.1, 120.9)(478.1, 126.2)(438.5, 126.2);SD
Port:(425.4, 20.0)(476.2, 20.0)(476.2, 77.0)(491.2, 77.0)(491.2, 119.8)(425.4, 119.8);GATE
Port:(431.3, 24.9)(469.3, 24.9)(469.3, 31.3)(431.3, 31.3);SD
