Area:(-20.0, -3.9)(459.4, -3.9)(459.4, 283.0)(-20.0, 283.0)
Rule:GATE(5,5);SD(5,5);GATE_SD(0.5);GATE_ITO(0.5);SD_ITO(0.5)
Module:M3
Boundary:(419.4, 53.2)(419.4, 137.1)(418.9, 137.1)(418.9, 154.5)(240.6, 154.5)(240.6, 53.2);GATE
Port:(240.6, 65.5)(246.5, 65.5)(246.5, 142.2)(240.6, 142.2);SD
Port:(419.4, 53.2)(419.4, 137.1)(418.9, 137.1)(418.9, 154.5)(247.6, 154.5)(247.6, 53.2);GATE
Port:(410.5, 58.2)(415.4, 58.2)(415.4, 132.1)(410.5, 132.1);SD
Module:M4
Boundary:(146.6, 55.0)(210.0, 55.0)(210.0, 110.7)(223.7, 110.7)(223.7, 173.1)(146.6, 173.1);GATE
Port:(159.4, 167.2)(210.9, 167.2)(210.9, 173.1)(159.4, 173.1);SD
Port:(146.6, 55.0)(210.0, 55.0)(210.0, 110.7)(223.7, 110.7)(223.7, 164.8)(146.6, 164.8);GATE
Port:(153.5, 60.9)(202.1, 60.9)(202.1, 66.0)(153.5, 66.0);SD
Module:M2
Boundary:(114.3, 36.1)(64.2, 36.1)(64.2, 92.8)(50.8, 92.8)(50.8, 155.6)(114.3, 155.6);GATE
Port:(64.6, 150.9)(100.5, 150.9)(100.5, 155.6)(64.6, 155.6);SD
Port:(114.3, 36.1)(64.2, 36.1)(64.2, 92.8)(50.8, 92.8)(50.8, 148.8)(114.3, 148.8);GATE
Port:(71.5, 41.4)(108.0, 41.4)(108.0, 48.3)(71.5, 48.3);SD
Module:M5
Boundary:(401.1, 161.3)(401.1, 223.4)(400.9, 223.4)(400.9, 238.3)(264.5, 238.3)(264.5, 161.3);GATE
Port:(264.5, 174.2)(269.7, 174.2)(269.7, 225.4)(264.5, 225.4);SD
Port:(401.1, 161.3)(401.1, 223.4)(400.9, 223.4)(400.9, 238.3)(271.6, 238.3)(271.6, 161.3);GATE
Port:(390.1, 166.9)(396.5, 166.9)(396.5, 217.8)(390.1, 217.8);SD
Module:M1
Boundary:(20.0, 243.0)(20.0, 194.0)(20.1, 194.0)(20.1, 179.5)(224.5, 179.5)(224.5, 243.0);GATE
Port:(220.0, 193.7)(224.5, 193.7)(224.5, 228.8)(220.0, 228.8);SD
Port:(20.0, 243.0)(20.0, 194.0)(20.1, 194.0)(20.1, 179.5)(218.4, 179.5)(218.4, 243.0);GATE
Port:(25.2, 200.2)(32.4, 200.2)(32.4, 236.8)(25.2, 236.8);SD
