Area:(-20.0, -20.0)(1861.6, -20.0)(1861.6, 644.3)(-20.0, 644.3)
Rule:GATE(5,5);SD(5,5);GATE_SD(0.5);GATE_ITO(0.5);SD_ITO(0.5)
Module:M14
Boundary:(773.5, 497.7)(773.5, 588.2)(731.5, 588.2)(731.5, 604.1)(606.2, 604.1)(606.2, 497.7);GATE
Port:(606.2, 513.5)(610.9, 513.5)(610.9, 588.3)(606.2, 588.3);SD
Port:(773.5, 497.7)(773.5, 588.2)(731.5, 588.2)(731.5, 604.1)(613.3, 604.1)(613.3, 497.7);GATE
Port:(760.2, 504.7)(767.5, 504.7)(767.5, 580.2)(760.2, 580.2);SD
Module:M9
Boundary:(221.7, 112.9)(221.7, 171.6)(126.3, 171.6)(126.3, 112.9);GATE
Port:(126.3, 125.3)(132.3, 125.3)(132.3, 159.2)(126.3, 159.2);SD
Port:(221.7, 112.9)(221.7, 171.6)(133.7, 171.6)(133.7, 112.9);GATE
Port:(210.8, 118.7)(216.9, 118.7)(216.9, 165.8)(210.8, 165.8);SD
Module:M5
Boundary:(813.5, 397.4)(896.9, 397.4)(896.9, 397.6)(913.9, 397.6)(913.9, 592.8)(813.5, 592.8);GATE
Port:(826.2, 586.9)(901.2, 586.9)(901.2, 592.8)(826.2, 592.8);SD
Port:(813.5, 397.4)(896.9, 397.4)(896.9, 397.6)(913.9, 397.6)(913.9, 584.2)(813.5, 584.2);GATE
Port:(819.0, 401.9)(891.4, 401.9)(891.4, 406.7)(819.0, 406.7);SD
Module:M11
Boundary:(928.7, 153.8)(928.7, 220.1)(928.5, 220.1)(928.5, 236.3)(720.9, 236.3)(720.9, 153.8);GATE
Port:(720.9, 166.8)(726.8, 166.8)(726.8, 223.3)(720.9, 223.3);SD
Port:(928.7, 153.8)(928.7, 220.1)(928.5, 220.1)(928.5, 236.3)(728.3, 236.3)(728.3, 153.8);GATE
Port:(918.1, 160.0)(923.5, 160.0)(923.5, 213.9)(918.1, 213.9);SD
Module:M1
Boundary:(564.3, 253.7)(564.3, 374.2)(403.5, 374.2)(403.5, 253.7);GATE
Port:(403.5, 267.5)(409.5, 267.5)(409.5, 360.4)(403.5, 360.4);SD
Port:(564.3, 253.7)(564.3, 374.2)(412.3, 374.2)(412.3, 253.7);GATE
Port:(553.2, 260.4)(558.6, 260.4)(558.6, 367.5)(553.2, 367.5);SD
Module:M43
Boundary:(871.6, 276.3)(911.2, 276.3)(911.2, 276.3)(929.6, 276.3)(929.6, 357.4)(871.6, 357.4);GATE
Port:(888.0, 352.9)(913.2, 352.9)(913.2, 357.4)(888.0, 357.4);SD
Port:(871.6, 276.3)(911.2, 276.3)(911.2, 276.3)(929.6, 276.3)(929.6, 350.6)(871.6, 350.6);GATE
Port:(878.1, 281.8)(904.7, 281.8)(904.7, 289.2)(878.1, 289.2);SD
Module:M38
Boundary:(997.9, 180.9)(1090.6, 180.9)(1090.6, 208.3)(1104.3, 208.3)(1104.3, 273.2)(997.9, 273.2);GATE
Port:(1011.2, 268.7)(1091.0, 268.7)(1091.0, 273.2)(1011.2, 273.2);SD
Port:(997.9, 180.9)(1090.6, 180.9)(1090.6, 208.3)(1104.3, 208.3)(1104.3, 267.5)(997.9, 267.5);GATE
Port:(1004.6, 186.6)(1082.9, 186.6)(1082.9, 192.0)(1004.6, 192.0);SD
Module:M40
Boundary:(1529.3, 366.3)(1529.3, 457.3)(1470.6, 457.3)(1470.6, 470.6)(1405.3, 470.6)(1405.3, 366.3);GATE
Port:(1405.3, 379.6)(1410.2, 379.6)(1410.2, 457.3)(1405.3, 457.3);SD
Port:(1529.3, 366.3)(1529.3, 457.3)(1470.6, 457.3)(1470.6, 470.6)(1412.8, 470.6)(1412.8, 366.3);GATE
Port:(1517.9, 372.1)(1524.5, 372.1)(1524.5, 450.5)(1517.9, 450.5);SD
Module:M35
Boundary:(1361.9, 20.0)(1464.7, 20.0)(1464.7, 171.0)(1361.9, 171.0);GATE
Port:(1377.0, 166.7)(1449.6, 166.7)(1449.6, 171.0)(1377.0, 171.0);SD
Port:(1361.9, 20.0)(1464.7, 20.0)(1464.7, 164.1)(1361.9, 164.1);GATE
Port:(1368.8, 25.9)(1457.8, 25.9)(1457.8, 32.9)(1368.8, 32.9);SD
Module:M32
Boundary:(1806.6, 504.7)(1806.6, 579.3)(1751.0, 579.3)(1751.0, 592.9)(1691.8, 592.9)(1691.8, 504.7);GATE
Port:(1691.8, 515.9)(1696.7, 515.9)(1696.7, 581.7)(1691.8, 581.7);SD
Port:(1806.6, 504.7)(1806.6, 579.3)(1751.0, 579.3)(1751.0, 592.9)(1697.8, 592.9)(1697.8, 504.7);GATE
Port:(1797.2, 510.0)(1802.3, 510.0)(1802.3, 573.0)(1797.2, 573.0);SD
Module:M27
Boundary:(1172.0, 512.4)(1172.0, 580.9)(1171.8, 580.9)(1171.8, 598.0)(953.9, 598.0)(953.9, 512.4);GATE
Port:(953.9, 526.5)(959.4, 526.5)(959.4, 583.9)(953.9, 583.9);SD
Port:(1172.0, 512.4)(1172.0, 580.9)(1171.8, 580.9)(1171.8, 598.0)(961.3, 598.0)(961.3, 512.4);GATE
Port:(1161.3, 518.9)(1166.5, 518.9)(1166.5, 574.4)(1161.3, 574.4);SD
Module:M24
Boundary:(1294.7, 356.3)(1355.3, 356.3)(1355.3, 485.8)(1294.7, 485.8);GATE
Port:(1306.8, 480.5)(1343.2, 480.5)(1343.2, 485.8)(1306.8, 485.8);SD
Port:(1294.7, 356.3)(1355.3, 356.3)(1355.3, 478.6)(1294.7, 478.6);GATE
Port:(1300.7, 361.3)(1349.3, 361.3)(1349.3, 366.9)(1300.7, 366.9);SD
Module:M19
Boundary:(979.6, 323.2)(1069.3, 323.2)(1069.3, 459.1)(979.6, 459.1);GATE
Port:(992.0, 453.2)(1056.9, 453.2)(1056.9, 459.1)(992.0, 459.1);SD
Port:(979.6, 323.2)(1069.3, 323.2)(1069.3, 452.1)(979.6, 452.1);GATE
Port:(985.4, 328.0)(1063.5, 328.0)(1063.5, 333.9)(985.4, 333.9);SD
Module:M6
Boundary:(316.9, 414.2)(402.5, 414.2)(402.5, 480.1)(418.5, 480.1)(418.5, 602.1)(316.9, 602.1);GATE
Port:(330.0, 597.3)(405.4, 597.3)(405.4, 602.1)(330.0, 602.1);SD
Port:(316.9, 414.2)(402.5, 414.2)(402.5, 480.1)(418.5, 480.1)(418.5, 595.7)(316.9, 595.7);GATE
Port:(323.1, 419.4)(395.3, 419.4)(395.3, 424.0)(323.1, 424.0);SD
Module:M21
Boundary:(281.0, 123.4)(363.5, 123.4)(363.5, 209.4)(281.0, 209.4);GATE
Port:(295.1, 203.6)(349.4, 203.6)(349.4, 209.4)(295.1, 209.4);SD
Port:(281.0, 123.4)(363.5, 123.4)(363.5, 202.2)(281.0, 202.2);GATE
Port:(286.9, 128.3)(357.6, 128.3)(357.6, 135.3)(286.9, 135.3);SD
Module:M2
Boundary:(364.1, 20.0)(364.1, 69.0)(327.4, 69.0)(327.4, 83.4)(286.9, 83.4)(286.9, 20.0);GATE
Port:(286.9, 32.8)(291.5, 32.8)(291.5, 70.6)(286.9, 70.6);SD
Port:(364.1, 20.0)(364.1, 69.0)(327.4, 69.0)(327.4, 83.4)(293.0, 83.4)(293.0, 20.0);GATE
Port:(353.8, 26.3)(358.8, 26.3)(358.8, 61.7)(353.8, 61.7);SD
Module:M16
Boundary:(1581.5, 185.4)(1643.5, 185.4)(1643.5, 283.9)(1656.9, 283.9)(1656.9, 376.4)(1581.5, 376.4);GATE
Port:(1594.4, 371.5)(1644.0, 371.5)(1644.0, 376.4)(1594.4, 376.4);SD
Port:(1581.5, 185.4)(1643.5, 185.4)(1643.5, 283.9)(1656.9, 283.9)(1656.9, 369.5)(1581.5, 369.5);GATE
Port:(1587.6, 190.5)(1636.4, 190.5)(1636.4, 196.6)(1587.6, 196.6);SD
Module:M13
Boundary:(1820.7, 20.0)(1820.7, 145.4)(1680.6, 145.4)(1680.6, 20.0);GATE
Port:(1680.6, 35.2)(1686.4, 35.2)(1686.4, 130.2)(1680.6, 130.2);SD
Port:(1820.7, 20.0)(1820.7, 145.4)(1688.5, 145.4)(1688.5, 20.0);GATE
Port:(1808.9, 26.3)(1815.4, 26.3)(1815.4, 139.1)(1808.9, 139.1);SD
Module:M45
Boundary:(458.5, 414.2)(547.8, 414.2)(547.8, 414.6)(565.1, 414.6)(565.1, 595.5)(458.5, 595.5);GATE
Port:(474.0, 591.3)(549.6, 591.3)(549.6, 595.5)(474.0, 595.5);SD
Port:(458.5, 414.2)(547.8, 414.2)(547.8, 414.6)(565.1, 414.6)(565.1, 589.3)(458.5, 589.3);GATE
Port:(464.7, 419.4)(541.6, 419.4)(541.6, 426.3)(464.7, 426.3);SD
Module:M10
Boundary:(20.0, 20.0)(72.0, 20.0)(72.0, 33.3)(86.3, 33.3)(86.3, 177.8)(20.0, 177.8);GATE
Port:(34.6, 173.1)(71.7, 173.1)(71.7, 177.8)(34.6, 177.8);SD
Port:(20.0, 20.0)(72.0, 20.0)(72.0, 33.3)(86.3, 33.3)(86.3, 171.3)(20.0, 171.3);GATE
Port:(26.1, 25.1)(64.9, 25.1)(64.9, 32.7)(26.1, 32.7);SD
Module:M42
Boundary:(102.5, 380.7)(102.5, 432.4)(68.5, 432.4)(68.5, 447.2)(20.0, 447.2)(20.0, 380.7);GATE
Port:(20.0, 394.8)(24.0, 394.8)(24.0, 433.1)(20.0, 433.1);SD
Port:(102.5, 380.7)(102.5, 432.4)(68.5, 432.4)(68.5, 447.2)(25.4, 447.2)(25.4, 380.7);GATE
Port:(90.8, 387.5)(96.7, 387.5)(96.7, 424.6)(90.8, 424.6);SD
Module:M37
Boundary:(1233.3, 20.0)(1321.9, 20.0)(1321.9, 132.5)(1233.3, 132.5);GATE
Port:(1247.6, 126.9)(1307.6, 126.9)(1307.6, 132.5)(1247.6, 132.5);SD
Port:(1233.3, 20.0)(1321.9, 20.0)(1321.9, 125.1)(1233.3, 125.1);GATE
Port:(1238.9, 24.6)(1316.3, 24.6)(1316.3, 31.8)(1238.9, 31.8);SD
Module:M34
Boundary:(20.0, 490.0)(101.5, 490.0)(101.5, 531.2)(116.2, 531.2)(116.2, 595.8)(20.0, 595.8);GATE
Port:(33.2, 591.3)(103.0, 591.3)(103.0, 595.8)(33.2, 595.8);SD
Port:(20.0, 490.0)(101.5, 490.0)(101.5, 531.2)(116.2, 531.2)(116.2, 588.5)(20.0, 588.5);GATE
Port:(25.3, 494.3)(95.2, 494.3)(95.2, 501.0)(25.3, 501.0);SD
Module:M29
Boundary:(750.6, 383.5)(750.6, 457.7)(606.2, 457.7)(606.2, 383.5);GATE
Port:(606.2, 396.5)(610.5, 396.5)(610.5, 444.7)(606.2, 444.7);SD
Port:(750.6, 383.5)(750.6, 457.7)(613.1, 457.7)(613.1, 383.5);GATE
Port:(739.6, 390.0)(745.1, 390.0)(745.1, 451.2)(739.6, 451.2);SD
Module:M7
Boundary:(246.9, 20.0)(246.9, 72.9)(126.3, 72.9)(126.3, 20.0);GATE
Port:(126.3, 30.9)(131.2, 30.9)(131.2, 62.0)(126.3, 62.0);SD
Port:(246.9, 20.0)(246.9, 72.9)(133.7, 72.9)(133.7, 20.0);GATE
Port:(237.6, 25.3)(242.6, 25.3)(242.6, 67.6)(237.6, 67.6);SD
Module:M31
Boundary:(404.1, 20.0)(469.0, 20.0)(469.0, 213.7)(404.1, 213.7);GATE
Port:(417.2, 209.6)(455.9, 209.6)(455.9, 213.7)(417.2, 213.7);SD
Port:(404.1, 20.0)(469.0, 20.0)(469.0, 207.7)(404.1, 207.7);GATE
Port:(410.7, 25.6)(462.4, 25.6)(462.4, 31.0)(410.7, 31.0);SD
Module:M3
Boundary:(1524.3, 520.6)(1524.3, 584.5)(1441.4, 584.5)(1441.4, 520.6);GATE
Port:(1441.4, 534.5)(1446.0, 534.5)(1446.0, 570.6)(1441.4, 570.6);SD
Port:(1524.3, 520.6)(1524.3, 584.5)(1448.9, 584.5)(1448.9, 520.6);GATE
Port:(1512.3, 527.3)(1518.6, 527.3)(1518.6, 577.8)(1512.3, 577.8);SD
Module:M26
Boundary:(1706.9, 195.4)(1792.9, 195.4)(1792.9, 226.4)(1809.2, 226.4)(1809.2, 295.1)(1706.9, 295.1);GATE
Port:(1719.7, 289.6)(1796.4, 289.6)(1796.4, 295.1)(1719.7, 295.1);SD
Port:(1706.9, 195.4)(1792.9, 195.4)(1792.9, 226.4)(1809.2, 226.4)(1809.2, 288.2)(1706.9, 288.2);GATE
Port:(1712.3, 199.8)(1786.5, 199.8)(1786.5, 205.6)(1712.3, 205.6);SD
Module:M23
Boundary:(509.0, 20.0)(552.3, 20.0)(552.3, 20.1)(566.2, 20.1)(566.2, 192.0)(509.0, 192.0);GATE
Port:(520.5, 186.8)(554.7, 186.8)(554.7, 192.0)(520.5, 192.0);SD
Port:(509.0, 20.0)(552.3, 20.0)(552.3, 20.1)(566.2, 20.1)(566.2, 185.2)(509.0, 185.2);GATE
Port:(514.6, 24.6)(546.7, 24.6)(546.7, 29.8)(514.6, 29.8);SD
Module:M18
Boundary:(1514.7, 30.0)(1615.3, 30.0)(1615.3, 85.2)(1630.6, 85.2)(1630.6, 132.8)(1514.7, 132.8);GATE
Port:(1528.1, 127.8)(1617.2, 127.8)(1617.2, 132.8)(1528.1, 132.8);SD
Port:(1514.7, 30.0)(1615.3, 30.0)(1615.3, 85.2)(1630.6, 85.2)(1630.6, 126.8)(1514.7, 126.8);GATE
Port:(1520.5, 34.8)(1608.5, 34.8)(1608.5, 41.1)(1520.5, 41.1);SD
Module:M20
Boundary:(156.2, 490.0)(256.3, 490.0)(256.3, 534.3)(271.6, 534.3)(271.6, 604.3)(156.2, 604.3);GATE
Port:(170.0, 598.3)(257.8, 598.3)(257.8, 604.3)(170.0, 604.3);SD
Port:(156.2, 490.0)(256.3, 490.0)(256.3, 534.3)(271.6, 534.3)(271.6, 597.2)(156.2, 597.2);GATE
Port:(161.8, 494.6)(249.7, 494.6)(249.7, 501.2)(161.8, 501.2);SD
Module:M15
Boundary:(1541.5, 211.0)(1541.5, 299.0)(1541.4, 299.0)(1541.4, 316.3)(1361.9, 316.3)(1361.9, 211.0);GATE
Port:(1361.9, 225.3)(1367.9, 225.3)(1367.9, 302.0)(1361.9, 302.0);SD
Port:(1541.5, 211.0)(1541.5, 299.0)(1541.4, 299.0)(1541.4, 316.3)(1369.7, 316.3)(1369.7, 211.0);GATE
Port:(1530.3, 216.7)(1536.8, 216.7)(1536.8, 293.3)(1530.3, 293.3);SD
Module:M12
Boundary:(1821.6, 345.1)(1821.6, 437.5)(1772.7, 437.5)(1772.7, 454.7)(1696.9, 454.7)(1696.9, 345.1);GATE
Port:(1696.9, 359.7)(1701.3, 359.7)(1701.3, 440.1)(1696.9, 440.1);SD
Port:(1821.6, 345.1)(1821.6, 437.5)(1772.7, 437.5)(1772.7, 454.7)(1704.1, 454.7)(1704.1, 345.1);GATE
Port:(1810.5, 351.9)(1815.8, 351.9)(1815.8, 429.7)(1810.5, 429.7);SD
Module:M44
Boundary:(1144.3, 302.2)(1240.8, 302.2)(1240.8, 374.4)(1254.7, 374.4)(1254.7, 472.4)(1144.3, 472.4);GATE
Port:(1159.2, 467.6)(1239.8, 467.6)(1239.8, 472.4)(1159.2, 472.4);SD
Port:(1144.3, 302.2)(1240.8, 302.2)(1240.8, 374.4)(1254.7, 374.4)(1254.7, 466.5)(1144.3, 466.5);GATE
Port:(1150.6, 307.5)(1233.5, 307.5)(1233.5, 315.0)(1150.6, 315.0);SD
Module:M39
Boundary:(1391.4, 535.8)(1391.4, 568.3)(1391.3, 568.3)(1391.3, 586.1)(1222.0, 586.1)(1222.0, 535.8);GATE
Port:(1222.0, 548.1)(1226.7, 548.1)(1226.7, 573.8)(1222.0, 573.8);SD
Port:(1391.4, 535.8)(1391.4, 568.3)(1391.3, 568.3)(1391.3, 586.1)(1229.7, 586.1)(1229.7, 535.8);GATE
Port:(1382.3, 540.8)(1387.4, 540.8)(1387.4, 563.3)(1382.3, 563.3);SD
Module:M8
Boundary:(276.9, 380.7)(276.9, 434.7)(244.4, 434.7)(244.4, 450.0)(142.5, 450.0)(142.5, 380.7);GATE
Port:(142.5, 395.5)(147.4, 395.5)(147.4, 435.2)(142.5, 435.2);SD
Port:(276.9, 380.7)(276.9, 434.7)(244.4, 434.7)(244.4, 450.0)(150.1, 450.0)(150.1, 380.7);GATE
Port:(264.8, 387.1)(271.5, 387.1)(271.5, 427.3)(264.8, 427.3);SD
Module:M41
Boundary:(606.2, 20.0)(662.6, 20.0)(662.6, 20.0)(680.9, 20.0)(680.9, 225.1)(606.2, 225.1);GATE
Port:(621.6, 220.8)(665.5, 220.8)(665.5, 225.1)(621.6, 225.1);SD
Port:(606.2, 20.0)(662.6, 20.0)(662.6, 20.0)(680.9, 20.0)(680.9, 219.8)(606.2, 219.8);GATE
Port:(611.9, 24.7)(656.9, 24.7)(656.9, 32.1)(611.9, 32.1);SD
Module:M4
Boundary:(241.0, 217.8)(241.0, 324.8)(163.2, 324.8)(163.2, 340.7)(20.0, 340.7)(20.0, 217.8);GATE
Port:(20.0, 233.8)(24.1, 233.8)(24.1, 324.7)(20.0, 324.7);SD
Port:(241.0, 217.8)(241.0, 324.8)(163.2, 324.8)(163.2, 340.7)(26.1, 340.7)(26.1, 217.8);GATE
Port:(228.0, 224.5)(235.3, 224.5)(235.3, 317.1)(228.0, 317.1);SD
Module:M36
Boundary:(1312.9, 180.9)(1312.9, 247.8)(1214.2, 247.8)(1214.2, 262.2)(1144.3, 262.2)(1144.3, 180.9);GATE
Port:(1144.3, 195.3)(1149.6, 195.3)(1149.6, 247.8)(1144.3, 247.8);SD
Port:(1312.9, 180.9)(1312.9, 247.8)(1214.2, 247.8)(1214.2, 262.2)(1152.1, 262.2)(1152.1, 180.9);GATE
Port:(1300.6, 186.5)(1308.3, 186.5)(1308.3, 241.2)(1300.6, 241.2);SD
Module:M33
Boundary:(281.0, 249.4)(359.0, 249.4)(359.0, 326.9)(281.0, 326.9);GATE
Port:(294.5, 321.1)(345.5, 321.1)(345.5, 326.9)(294.5, 326.9);SD
Port:(281.0, 249.4)(359.0, 249.4)(359.0, 319.7)(281.0, 319.7);GATE
Port:(286.9, 254.3)(353.1, 254.3)(353.1, 260.5)(286.9, 260.5);SD
Module:M28
Boundary:(831.6, 276.3)(831.6, 328.6)(731.4, 328.6)(731.4, 343.5)(606.2, 343.5)(606.2, 276.3);GATE
Port:(606.2, 290.4)(610.8, 290.4)(610.8, 329.4)(606.2, 329.4);SD
Port:(831.6, 276.3)(831.6, 328.6)(731.4, 328.6)(731.4, 343.5)(612.8, 343.5)(612.8, 276.3);GATE
Port:(820.0, 282.7)(826.2, 282.7)(826.2, 321.2)(820.0, 321.2);SD
Module:M30
Boundary:(1581.5, 416.4)(1628.2, 416.4)(1628.2, 525.4)(1641.8, 525.4)(1641.8, 596.5)(1581.5, 596.5);GATE
Port:(1593.5, 592.1)(1629.8, 592.1)(1629.8, 596.5)(1593.5, 596.5);SD
Port:(1581.5, 416.4)(1628.2, 416.4)(1628.2, 525.4)(1641.8, 525.4)(1641.8, 589.4)(1581.5, 589.4);GATE
Port:(1587.5, 421.4)(1621.2, 421.4)(1621.2, 426.8)(1587.5, 426.8);SD
Module:M25
Boundary:(997.9, 20.0)(1062.4, 20.0)(1062.4, 20.1)(1077.9, 20.1)(1077.9, 133.2)(997.9, 133.2);GATE
Port:(1011.4, 128.5)(1064.4, 128.5)(1064.4, 133.2)(1011.4, 133.2);SD
Port:(997.9, 20.0)(1062.4, 20.0)(1062.4, 20.1)(1077.9, 20.1)(1077.9, 126.2)(997.9, 126.2);GATE
Port:(1004.0, 25.1)(1056.3, 25.1)(1056.3, 30.8)(1004.0, 30.8);SD
Module:M22
Boundary:(1117.9, 20.0)(1180.5, 20.0)(1180.5, 87.0)(1193.3, 87.0)(1193.3, 140.9)(1117.9, 140.9);GATE
Port:(1130.4, 135.4)(1180.8, 135.4)(1180.8, 140.9)(1130.4, 140.9);SD
Port:(1117.9, 20.0)(1180.5, 20.0)(1180.5, 87.0)(1193.3, 87.0)(1193.3, 133.4)(1117.9, 133.4);GATE
Port:(1123.5, 24.6)(1172.9, 24.6)(1172.9, 30.5)(1123.5, 30.5);SD
Module:M17
Boundary:(947.9, 30.0)(947.9, 86.1)(947.7, 86.1)(947.7, 103.8)(730.9, 103.8)(730.9, 30.0);GATE
Port:(730.9, 45.7)(736.5, 45.7)(736.5, 88.1)(730.9, 88.1);SD
Port:(947.9, 30.0)(947.9, 86.1)(947.7, 86.1)(947.7, 103.8)(737.8, 103.8)(737.8, 30.0);GATE
Port:(935.2, 36.5)(942.4, 36.5)(942.4, 79.6)(935.2, 79.6);SD
