Area:(-20.0, -20.0)(939.0, -20.0)(939.0, 779.0)(-20.0, 779.0)
Rule:GATE(5,5);SD(5,5);GATE_SD(0.5);GATE_ITO(0.5);SD_ITO(0.5)
Module:M14
Boundary:(20.0, 20.0)(131.5, 20.0)(131.5, 41.8)(183.0, 41.8)(183.0, 101.0)(20.0, 101.0);GATE
Port:(34.5, 91.0)(168.5, 91.0)(168.5, 101.0)(34.5, 101.0);SD
Port:(20.0, 20.0)(131.5, 20.0)(131.5, 41.8)(183.0, 41.8)(183.0, 86.0)(20.0, 86.0);GATE
Port:(30.0, 25.0)(117.0, 25.0)(117.0, 29.0)(30.0, 29.0);SD
Module:M9
Boundary:(718.0, 569.0)(793.5, 569.0)(793.5, 641.2)(899.0, 641.2)(899.0, 739.0)(718.0, 739.0);GATE
Port:(732.5, 729.0)(884.5, 729.0)(884.5, 739.0)(732.5, 739.0);SD
Port:(718.0, 569.0)(793.5, 569.0)(793.5, 641.2)(899.0, 641.2)(899.0, 724.0)(718.0, 724.0);GATE
Port:(728.0, 574.0)(779.0, 574.0)(779.0, 578.0)(728.0, 578.0);SD
Module:M5
Boundary:(402.0, 20.0)(549.5, 20.0)(549.5, 91.8)(619.0, 91.8)(619.0, 140.0)(402.0, 140.0);GATE
Port:(416.5, 130.0)(604.5, 130.0)(604.5, 140.0)(416.5, 140.0);SD
Port:(402.0, 20.0)(549.5, 20.0)(549.5, 91.8)(619.0, 91.8)(619.0, 125.0)(402.0, 125.0);GATE
Port:(412.0, 25.0)(535.0, 25.0)(535.0, 29.0)(412.0, 29.0);SD
Module:M11
Boundary:(682.0, 297.0)(829.5, 297.0)(829.5, 333.0)(863.0, 333.0)(863.0, 380.0)(682.0, 380.0);GATE
Port:(696.5, 370.0)(848.5, 370.0)(848.5, 380.0)(696.5, 380.0);SD
Port:(682.0, 297.0)(829.5, 297.0)(829.5, 333.0)(863.0, 333.0)(863.0, 365.0)(682.0, 365.0);GATE
Port:(692.0, 302.0)(815.0, 302.0)(815.0, 306.0)(692.0, 306.0);SD
Module:M1
Boundary:(438.0, 365.0)(511.0, 365.0)(511.0, 438.0)(438.0, 438.0);GATE
Port:(452.5, 428.0)(496.5, 428.0)(496.5, 438.0)(452.5, 438.0);SD
Port:(438.0, 365.0)(511.0, 365.0)(511.0, 423.0)(438.0, 423.0);GATE
Port:(448.0, 370.0)(501.0, 370.0)(501.0, 374.0)(448.0, 374.0);SD
Module:M24
Boundary:(790.0, 20.0)(866.0, 20.0)(866.0, 28.0)(881.0, 28.0)(881.0, 154.0)(790.0, 154.0);GATE
Port:(804.5, 144.0)(866.5, 144.0)(866.5, 154.0)(804.5, 154.0);SD
Port:(790.0, 20.0)(866.0, 20.0)(866.0, 28.0)(881.0, 28.0)(881.0, 139.0)(790.0, 139.0);GATE
Port:(800.0, 25.0)(851.0, 25.0)(851.0, 29.0)(800.0, 29.0);SD
Module:M19
Boundary:(511.0, 180.0)(511.0, 273.5)(468.1, 273.5)(468.1, 325.0)(422.0, 325.0)(422.0, 180.0);GATE
Port:(422.0, 194.5)(432.0, 194.5)(432.0, 310.5)(422.0, 310.5);SD
Port:(511.0, 180.0)(511.0, 273.5)(468.1, 273.5)(468.1, 325.0)(437.0, 325.0)(437.0, 180.0);GATE
Port:(502.0, 190.0)(506.0, 190.0)(506.0, 259.0)(502.0, 259.0);SD
Module:M6
Boundary:(551.0, 329.0)(627.0, 329.0)(627.0, 337.0)(642.0, 337.0)(642.0, 435.0)(551.0, 435.0);GATE
Port:(565.5, 425.0)(627.5, 425.0)(627.5, 435.0)(565.5, 435.0);SD
Port:(551.0, 329.0)(627.0, 329.0)(627.0, 337.0)(642.0, 337.0)(642.0, 420.0)(551.0, 420.0);GATE
Port:(561.0, 334.0)(612.0, 334.0)(612.0, 338.0)(561.0, 338.0);SD
Module:M21
Boundary:(20.0, 254.0)(149.5, 254.0)(149.5, 268.0)(165.0, 268.0)(165.0, 397.0)(20.0, 397.0);GATE
Port:(34.5, 387.0)(150.5, 387.0)(150.5, 397.0)(34.5, 397.0);SD
Port:(20.0, 254.0)(149.5, 254.0)(149.5, 268.0)(165.0, 268.0)(165.0, 382.0)(20.0, 382.0);GATE
Port:(30.0, 259.0)(135.0, 259.0)(135.0, 263.0)(30.0, 263.0);SD
Module:M2
Boundary:(826.0, 194.0)(899.0, 194.0)(899.0, 254.0)(826.0, 254.0);GATE
Port:(840.5, 244.0)(884.5, 244.0)(884.5, 254.0)(840.5, 254.0);SD
Port:(826.0, 194.0)(899.0, 194.0)(899.0, 239.0)(826.0, 239.0);GATE
Port:(836.0, 199.0)(889.0, 199.0)(889.0, 203.0)(836.0, 203.0);SD
Module:M16
Boundary:(659.0, 197.0)(752.5, 197.0)(752.5, 217.0)(786.0, 217.0)(786.0, 257.0)(659.0, 257.0);GATE
Port:(673.5, 247.0)(771.5, 247.0)(771.5, 257.0)(673.5, 257.0);SD
Port:(659.0, 197.0)(752.5, 197.0)(752.5, 217.0)(786.0, 217.0)(786.0, 242.0)(659.0, 242.0);GATE
Port:(669.0, 202.0)(738.0, 202.0)(738.0, 206.0)(669.0, 206.0);SD
Module:M13
Boundary:(219.0, 223.0)(366.5, 223.0)(366.5, 239.0)(382.0, 239.0)(382.0, 377.0)(219.0, 377.0);GATE
Port:(233.5, 367.0)(367.5, 367.0)(367.5, 377.0)(233.5, 377.0);SD
Port:(219.0, 223.0)(366.5, 223.0)(366.5, 239.0)(382.0, 239.0)(382.0, 362.0)(219.0, 362.0);GATE
Port:(229.0, 228.0)(352.0, 228.0)(352.0, 232.0)(229.0, 232.0);SD
Module:M10
Boundary:(357.0, 615.0)(486.5, 615.0)(486.5, 651.2)(538.0, 651.2)(538.0, 737.0)(357.0, 737.0);GATE
Port:(371.5, 727.0)(523.5, 727.0)(523.5, 737.0)(371.5, 737.0);SD
Port:(357.0, 615.0)(486.5, 615.0)(486.5, 651.2)(538.0, 651.2)(538.0, 722.0)(357.0, 722.0);GATE
Port:(367.0, 620.0)(472.0, 620.0)(472.0, 624.0)(367.0, 624.0);SD
Module:M7
Boundary:(362.0, 20.0)(362.0, 95.5)(315.0, 95.5)(315.0, 183.0)(223.0, 183.0)(223.0, 20.0);GATE
Port:(223.0, 34.5)(233.0, 34.5)(233.0, 168.5)(223.0, 168.5);SD
Port:(362.0, 20.0)(362.0, 95.5)(315.0, 95.5)(315.0, 183.0)(238.0, 183.0)(238.0, 20.0);GATE
Port:(353.0, 30.0)(357.0, 30.0)(357.0, 81.0)(353.0, 81.0);SD
Module:M3
Boundary:(569.0, 475.0)(662.5, 475.0)(662.5, 485.0)(678.0, 485.0)(678.0, 542.0)(569.0, 542.0);GATE
Port:(583.5, 532.0)(663.5, 532.0)(663.5, 542.0)(583.5, 542.0);SD
Port:(569.0, 475.0)(662.5, 475.0)(662.5, 485.0)(678.0, 485.0)(678.0, 527.0)(569.0, 527.0);GATE
Port:(579.0, 480.0)(648.0, 480.0)(648.0, 484.0)(579.0, 484.0);SD
Module:M23
Boundary:(208.0, 602.0)(301.5, 602.0)(301.5, 612.0)(317.0, 612.0)(317.0, 739.0)(208.0, 739.0);GATE
Port:(222.5, 729.0)(302.5, 729.0)(302.5, 739.0)(222.5, 739.0);SD
Port:(208.0, 602.0)(301.5, 602.0)(301.5, 612.0)(317.0, 612.0)(317.0, 724.0)(208.0, 724.0);GATE
Port:(218.0, 607.0)(287.0, 607.0)(287.0, 611.0)(218.0, 611.0);SD
Module:M18
Boundary:(578.0, 582.0)(651.0, 582.0)(651.0, 738.0)(578.0, 738.0);GATE
Port:(592.5, 728.0)(636.5, 728.0)(636.5, 738.0)(592.5, 738.0);SD
Port:(578.0, 582.0)(651.0, 582.0)(651.0, 723.0)(578.0, 723.0);GATE
Port:(588.0, 587.0)(641.0, 587.0)(641.0, 591.0)(588.0, 591.0);SD
Module:M20
Boundary:(888.0, 420.0)(888.0, 513.5)(878.0, 513.5)(878.0, 529.0)(718.0, 529.0)(718.0, 420.0);GATE
Port:(718.0, 434.5)(728.0, 434.5)(728.0, 514.5)(718.0, 514.5);SD
Port:(888.0, 420.0)(888.0, 513.5)(878.0, 513.5)(878.0, 529.0)(733.0, 529.0)(733.0, 420.0);GATE
Port:(879.0, 430.0)(883.0, 430.0)(883.0, 499.0)(879.0, 499.0);SD
Module:M15
Boundary:(438.0, 478.0)(514.0, 478.0)(514.0, 486.0)(529.0, 486.0)(529.0, 575.0)(438.0, 575.0);GATE
Port:(452.5, 565.0)(514.5, 565.0)(514.5, 575.0)(452.5, 575.0);SD
Port:(438.0, 478.0)(514.0, 478.0)(514.0, 486.0)(529.0, 486.0)(529.0, 560.0)(438.0, 560.0);GATE
Port:(448.0, 483.0)(499.0, 483.0)(499.0, 487.0)(448.0, 487.0);SD
Module:M12
Boundary:(179.0, 141.0)(179.0, 214.0)(20.0, 214.0)(20.0, 141.0);GATE
Port:(20.0, 155.5)(30.0, 155.5)(30.0, 199.5)(20.0, 199.5);SD
Port:(179.0, 141.0)(179.0, 214.0)(35.0, 214.0)(35.0, 141.0);GATE
Port:(170.0, 151.0)(174.0, 151.0)(174.0, 204.0)(170.0, 204.0);SD
Module:M8
Boundary:(398.0, 417.0)(398.0, 546.5)(384.0, 546.5)(384.0, 562.0)(208.0, 562.0)(208.0, 417.0);GATE
Port:(208.0, 431.5)(218.0, 431.5)(218.0, 547.5)(208.0, 547.5);SD
Port:(398.0, 417.0)(398.0, 546.5)(384.0, 546.5)(384.0, 562.0)(223.0, 562.0)(223.0, 417.0);GATE
Port:(389.0, 427.0)(393.0, 427.0)(393.0, 532.0)(389.0, 532.0);SD
Module:M4
Boundary:(20.0, 622.0)(149.5, 622.0)(149.5, 636.0)(165.0, 636.0)(165.0, 739.0)(20.0, 739.0);GATE
Port:(34.5, 729.0)(150.5, 729.0)(150.5, 739.0)(34.5, 739.0);SD
Port:(20.0, 622.0)(149.5, 622.0)(149.5, 636.0)(165.0, 636.0)(165.0, 724.0)(20.0, 724.0);GATE
Port:(30.0, 627.0)(135.0, 627.0)(135.0, 631.0)(30.0, 631.0);SD
Module:M25
Boundary:(659.0, 20.0)(735.0, 20.0)(735.0, 28.0)(750.0, 28.0)(750.0, 157.0)(659.0, 157.0);GATE
Port:(673.5, 147.0)(735.5, 147.0)(735.5, 157.0)(673.5, 157.0);SD
Port:(659.0, 20.0)(735.0, 20.0)(735.0, 28.0)(750.0, 28.0)(750.0, 142.0)(659.0, 142.0);GATE
Port:(669.0, 25.0)(720.0, 25.0)(720.0, 29.0)(669.0, 29.0);SD
Module:M22
Boundary:(168.0, 437.0)(168.0, 566.5)(154.0, 566.5)(154.0, 582.0)(20.0, 582.0)(20.0, 437.0);GATE
Port:(20.0, 451.5)(30.0, 451.5)(30.0, 567.5)(20.0, 567.5);SD
Port:(168.0, 437.0)(168.0, 566.5)(154.0, 566.5)(154.0, 582.0)(35.0, 582.0)(35.0, 437.0);GATE
Port:(159.0, 447.0)(163.0, 447.0)(163.0, 552.0)(159.0, 552.0);SD
Module:M17
Boundary:(617.0, 180.0)(617.0, 289.0)(551.0, 289.0)(551.0, 180.0);GATE
Port:(551.0, 194.5)(561.0, 194.5)(561.0, 274.5)(551.0, 274.5);SD
Port:(617.0, 180.0)(617.0, 289.0)(566.0, 289.0)(566.0, 180.0);GATE
Port:(608.0, 190.0)(612.0, 190.0)(612.0, 279.0)(608.0, 279.0);SD
