Area:(-20.0, -20.0)(666.0, -20.0)(666.0, 1944.0)(-20.0, 1944.0)
Rule:GATE(5,5);SD(5,5);GATE_SD(0.5);GATE_ITO(0.5);SD_ITO(0.5)
Module:M14
Boundary:(320.0, 1318.0)(395.5, 1318.0)(395.5, 1377.0)(447.0, 1377.0)(447.0, 1514.0)(320.0, 1514.0);GATE
Port:(334.5, 1504.0)(432.5, 1504.0)(432.5, 1514.0)(334.5, 1514.0);SD
Port:(320.0, 1318.0)(395.5, 1318.0)(395.5, 1377.0)(447.0, 1377.0)(447.0, 1499.0)(320.0, 1499.0);GATE
Port:(330.0, 1323.0)(381.0, 1323.0)(381.0, 1327.0)(330.0, 1327.0);SD
Module:M9
Boundary:(275.0, 1238.0)(275.0, 1314.0)(267.0, 1314.0)(267.0, 1329.0)(124.0, 1329.0)(124.0, 1238.0);GATE
Port:(124.0, 1252.5)(134.0, 1252.5)(134.0, 1314.5)(124.0, 1314.5);SD
Port:(275.0, 1238.0)(275.0, 1314.0)(267.0, 1314.0)(267.0, 1329.0)(139.0, 1329.0)(139.0, 1238.0);GATE
Port:(266.0, 1248.0)(270.0, 1248.0)(270.0, 1299.0)(266.0, 1299.0);SD
Module:M5
Boundary:(203.0, 566.0)(203.0, 659.5)(193.0, 659.5)(193.0, 675.0)(20.0, 675.0)(20.0, 566.0);GATE
Port:(20.0, 580.5)(30.0, 580.5)(30.0, 660.5)(20.0, 660.5);SD
Port:(203.0, 566.0)(203.0, 659.5)(193.0, 659.5)(193.0, 675.0)(35.0, 675.0)(35.0, 566.0);GATE
Port:(194.0, 576.0)(198.0, 576.0)(198.0, 645.0)(194.0, 645.0);SD
Module:M11
Boundary:(479.0, 667.0)(479.0, 740.0)(374.0, 740.0)(374.0, 667.0);GATE
Port:(374.0, 681.5)(384.0, 681.5)(384.0, 725.5)(374.0, 725.5);SD
Port:(479.0, 667.0)(479.0, 740.0)(389.0, 740.0)(389.0, 667.0);GATE
Port:(470.0, 677.0)(474.0, 677.0)(474.0, 730.0)(470.0, 730.0);SD
Module:M1
Boundary:(463.0, 1585.0)(610.5, 1585.0)(610.5, 1601.0)(626.0, 1601.0)(626.0, 1774.0)(463.0, 1774.0);GATE
Port:(477.5, 1764.0)(611.5, 1764.0)(611.5, 1774.0)(477.5, 1774.0);SD
Port:(463.0, 1585.0)(610.5, 1585.0)(610.5, 1601.0)(626.0, 1601.0)(626.0, 1759.0)(463.0, 1759.0);GATE
Port:(473.0, 1590.0)(596.0, 1590.0)(596.0, 1594.0)(473.0, 1594.0);SD
Module:M38
Boundary:(30.0, 1415.0)(103.0, 1415.0)(103.0, 1547.0)(30.0, 1547.0);GATE
Port:(44.5, 1537.0)(88.5, 1537.0)(88.5, 1547.0)(44.5, 1547.0);SD
Port:(30.0, 1415.0)(103.0, 1415.0)(103.0, 1532.0)(30.0, 1532.0);GATE
Port:(40.0, 1420.0)(93.0, 1420.0)(93.0, 1424.0)(40.0, 1424.0);SD
Module:M40
Boundary:(617.0, 1318.0)(617.0, 1429.5)(569.0, 1429.5)(569.0, 1535.0)(497.0, 1535.0)(497.0, 1318.0);GATE
Port:(497.0, 1332.5)(507.0, 1332.5)(507.0, 1520.5)(497.0, 1520.5);SD
Port:(617.0, 1318.0)(617.0, 1429.5)(569.0, 1429.5)(569.0, 1535.0)(512.0, 1535.0)(512.0, 1318.0);GATE
Port:(608.0, 1328.0)(612.0, 1328.0)(612.0, 1415.0)(608.0, 1415.0);SD
Module:M35
Boundary:(614.0, 216.0)(614.0, 291.5)(572.0, 291.5)(572.0, 397.0)(505.0, 397.0)(505.0, 216.0);GATE
Port:(505.0, 230.5)(515.0, 230.5)(515.0, 382.5)(505.0, 382.5);SD
Port:(614.0, 216.0)(614.0, 291.5)(572.0, 291.5)(572.0, 397.0)(520.0, 397.0)(520.0, 216.0);GATE
Port:(605.0, 226.0)(609.0, 226.0)(609.0, 277.0)(605.0, 277.0);SD
Module:M32
Boundary:(349.0, 1082.0)(425.0, 1082.0)(425.0, 1090.0)(440.0, 1090.0)(440.0, 1278.0)(349.0, 1278.0);GATE
Port:(363.5, 1268.0)(425.5, 1268.0)(425.5, 1278.0)(363.5, 1278.0);SD
Port:(349.0, 1082.0)(425.0, 1082.0)(425.0, 1090.0)(440.0, 1090.0)(440.0, 1263.0)(349.0, 1263.0);GATE
Port:(359.0, 1087.0)(410.0, 1087.0)(410.0, 1091.0)(359.0, 1091.0);SD
Module:M27
Boundary:(306.0, 172.0)(306.0, 319.5)(290.0, 319.5)(290.0, 335.0)(243.0, 335.0)(243.0, 172.0);GATE
Port:(243.0, 186.5)(253.0, 186.5)(253.0, 320.5)(243.0, 320.5);SD
Port:(306.0, 172.0)(306.0, 319.5)(290.0, 319.5)(290.0, 335.0)(258.0, 335.0)(258.0, 172.0);GATE
Port:(297.0, 182.0)(301.0, 182.0)(301.0, 305.0)(297.0, 305.0);SD
Module:M24
Boundary:(153.0, 1369.0)(264.5, 1369.0)(264.5, 1381.0)(280.0, 1381.0)(280.0, 1511.0)(153.0, 1511.0);GATE
Port:(167.5, 1501.0)(265.5, 1501.0)(265.5, 1511.0)(167.5, 1511.0);SD
Port:(153.0, 1369.0)(264.5, 1369.0)(264.5, 1381.0)(280.0, 1381.0)(280.0, 1496.0)(153.0, 1496.0);GATE
Port:(163.0, 1374.0)(250.0, 1374.0)(250.0, 1378.0)(163.0, 1378.0);SD
Module:M19
Boundary:(229.0, 1551.0)(229.0, 1698.5)(213.0, 1698.5)(213.0, 1714.0)(153.0, 1714.0)(153.0, 1551.0);GATE
Port:(153.0, 1565.5)(163.0, 1565.5)(163.0, 1699.5)(153.0, 1699.5);SD
Port:(229.0, 1551.0)(229.0, 1698.5)(213.0, 1698.5)(213.0, 1714.0)(168.0, 1714.0)(168.0, 1551.0);GATE
Port:(220.0, 1561.0)(224.0, 1561.0)(224.0, 1684.0)(220.0, 1684.0);SD
Module:M6
Boundary:(169.0, 715.0)(169.0, 791.0)(161.0, 791.0)(161.0, 806.0)(20.0, 806.0)(20.0, 715.0);GATE
Port:(20.0, 729.5)(30.0, 729.5)(30.0, 791.5)(20.0, 791.5);SD
Port:(169.0, 715.0)(169.0, 791.0)(161.0, 791.0)(161.0, 806.0)(35.0, 806.0)(35.0, 715.0);GATE
Port:(160.0, 725.0)(164.0, 725.0)(164.0, 776.0)(160.0, 776.0);SD
Module:M21
Boundary:(480.0, 1128.0)(573.5, 1128.0)(573.5, 1168.8)(625.0, 1168.8)(625.0, 1268.0)(480.0, 1268.0);GATE
Port:(494.5, 1258.0)(610.5, 1258.0)(610.5, 1268.0)(494.5, 1268.0);SD
Port:(480.0, 1128.0)(573.5, 1128.0)(573.5, 1168.8)(625.0, 1168.8)(625.0, 1253.0)(480.0, 1253.0);GATE
Port:(490.0, 1133.0)(559.0, 1133.0)(559.0, 1137.0)(490.0, 1137.0);SD
Module:M2
Boundary:(413.0, 1564.0)(413.0, 1693.5)(399.0, 1693.5)(399.0, 1709.0)(279.0, 1709.0)(279.0, 1564.0);GATE
Port:(279.0, 1578.5)(289.0, 1578.5)(289.0, 1694.5)(279.0, 1694.5);SD
Port:(413.0, 1564.0)(413.0, 1693.5)(399.0, 1693.5)(399.0, 1709.0)(294.0, 1709.0)(294.0, 1564.0);GATE
Port:(404.0, 1574.0)(408.0, 1574.0)(408.0, 1679.0)(404.0, 1679.0);SD
Module:M16
Boundary:(543.0, 572.0)(616.0, 572.0)(616.0, 716.0)(543.0, 716.0);GATE
Port:(557.5, 706.0)(601.5, 706.0)(601.5, 716.0)(557.5, 716.0);SD
Port:(543.0, 572.0)(616.0, 572.0)(616.0, 701.0)(543.0, 701.0);GATE
Port:(553.0, 577.0)(606.0, 577.0)(606.0, 581.0)(553.0, 581.0);SD
Module:M13
Boundary:(416.0, 1759.0)(416.0, 1870.5)(351.3, 1870.5)(351.3, 1904.0)(269.0, 1904.0)(269.0, 1759.0);GATE
Port:(269.0, 1773.5)(279.0, 1773.5)(279.0, 1889.5)(269.0, 1889.5);SD
Port:(416.0, 1759.0)(416.0, 1870.5)(351.3, 1870.5)(351.3, 1904.0)(284.0, 1904.0)(284.0, 1759.0);GATE
Port:(407.0, 1769.0)(411.0, 1769.0)(411.0, 1856.0)(407.0, 1856.0);SD
Module:M10
Boundary:(503.0, 464.0)(503.0, 611.5)(487.0, 611.5)(487.0, 627.0)(374.0, 627.0)(374.0, 464.0);GATE
Port:(374.0, 478.5)(384.0, 478.5)(384.0, 612.5)(374.0, 612.5);SD
Port:(503.0, 464.0)(503.0, 611.5)(487.0, 611.5)(487.0, 627.0)(389.0, 627.0)(389.0, 464.0);GATE
Port:(494.0, 474.0)(498.0, 474.0)(498.0, 597.0)(494.0, 597.0);SD
Module:M37
Boundary:(346.0, 172.0)(439.5, 172.0)(439.5, 189.0)(455.0, 189.0)(455.0, 239.0)(346.0, 239.0);GATE
Port:(360.5, 229.0)(440.5, 229.0)(440.5, 239.0)(360.5, 239.0);SD
Port:(346.0, 172.0)(439.5, 172.0)(439.5, 189.0)(455.0, 189.0)(455.0, 224.0)(346.0, 224.0);GATE
Port:(356.0, 177.0)(425.0, 177.0)(425.0, 181.0)(356.0, 181.0);SD
Module:M34
Boundary:(455.0, 279.0)(455.0, 354.5)(417.8, 354.5)(417.8, 424.0)(356.0, 424.0)(356.0, 279.0);GATE
Port:(356.0, 293.5)(366.0, 293.5)(366.0, 409.5)(356.0, 409.5);SD
Port:(455.0, 279.0)(455.0, 354.5)(417.8, 354.5)(417.8, 424.0)(371.0, 424.0)(371.0, 279.0);GATE
Port:(446.0, 289.0)(450.0, 289.0)(450.0, 340.0)(446.0, 340.0);SD
Module:M29
Boundary:(611.0, 766.0)(611.0, 877.5)(591.5, 877.5)(591.5, 929.0)(537.0, 929.0)(537.0, 766.0);GATE
Port:(537.0, 780.5)(547.0, 780.5)(547.0, 914.5)(537.0, 914.5);SD
Port:(611.0, 766.0)(611.0, 877.5)(591.5, 877.5)(591.5, 929.0)(552.0, 929.0)(552.0, 766.0);GATE
Port:(602.0, 776.0)(606.0, 776.0)(606.0, 863.0)(602.0, 863.0);SD
Module:M7
Boundary:(199.0, 172.0)(199.0, 319.5)(183.0, 319.5)(183.0, 335.0)(20.0, 335.0)(20.0, 172.0);GATE
Port:(20.0, 186.5)(30.0, 186.5)(30.0, 320.5)(20.0, 320.5);SD
Port:(199.0, 172.0)(199.0, 319.5)(183.0, 319.5)(183.0, 335.0)(35.0, 335.0)(35.0, 172.0);GATE
Port:(190.0, 182.0)(194.0, 182.0)(194.0, 305.0)(190.0, 305.0);SD
Module:M31
Boundary:(243.0, 375.0)(316.0, 375.0)(316.0, 527.0)(243.0, 527.0);GATE
Port:(257.5, 517.0)(301.5, 517.0)(301.5, 527.0)(257.5, 527.0);SD
Port:(243.0, 375.0)(316.0, 375.0)(316.0, 512.0)(243.0, 512.0);GATE
Port:(253.0, 380.0)(306.0, 380.0)(306.0, 384.0)(253.0, 384.0);SD
Module:M3
Boundary:(243.0, 567.0)(319.0, 567.0)(319.0, 575.0)(334.0, 575.0)(334.0, 720.0)(243.0, 720.0);GATE
Port:(257.5, 710.0)(319.5, 710.0)(319.5, 720.0)(257.5, 720.0);SD
Port:(243.0, 567.0)(319.0, 567.0)(319.0, 575.0)(334.0, 575.0)(334.0, 705.0)(243.0, 705.0);GATE
Port:(253.0, 572.0)(304.0, 572.0)(304.0, 576.0)(253.0, 576.0);SD
Module:M26
Boundary:(449.0, 30.0)(449.0, 103.0)(382.0, 103.0)(382.0, 30.0);GATE
Port:(382.0, 44.5)(392.0, 44.5)(392.0, 88.5)(382.0, 88.5);SD
Port:(449.0, 30.0)(449.0, 103.0)(397.0, 103.0)(397.0, 30.0);GATE
Port:(440.0, 40.0)(444.0, 40.0)(444.0, 93.0)(440.0, 93.0);SD
Module:M23
Boundary:(84.0, 1238.0)(84.0, 1349.5)(72.0, 1349.5)(72.0, 1365.0)(20.0, 1365.0)(20.0, 1238.0);GATE
Port:(20.0, 1252.5)(30.0, 1252.5)(30.0, 1350.5)(20.0, 1350.5);SD
Port:(84.0, 1238.0)(84.0, 1349.5)(72.0, 1349.5)(72.0, 1365.0)(35.0, 1365.0)(35.0, 1238.0);GATE
Port:(75.0, 1248.0)(79.0, 1248.0)(79.0, 1335.0)(75.0, 1335.0);SD
Module:M18
Boundary:(463.0, 1814.0)(610.5, 1814.0)(610.5, 1832.0)(626.0, 1832.0)(626.0, 1874.0)(463.0, 1874.0);GATE
Port:(477.5, 1864.0)(611.5, 1864.0)(611.5, 1874.0)(477.5, 1874.0);SD
Port:(463.0, 1814.0)(610.5, 1814.0)(610.5, 1832.0)(626.0, 1832.0)(626.0, 1859.0)(463.0, 1859.0);GATE
Port:(473.0, 1819.0)(596.0, 1819.0)(596.0, 1823.0)(473.0, 1823.0);SD
Module:M20
Boundary:(625.0, 979.0)(625.0, 1072.5)(615.0, 1072.5)(615.0, 1088.0)(485.0, 1088.0)(485.0, 979.0);GATE
Port:(485.0, 993.5)(495.0, 993.5)(495.0, 1073.5)(485.0, 1073.5);SD
Port:(625.0, 979.0)(625.0, 1072.5)(615.0, 1072.5)(615.0, 1088.0)(500.0, 1088.0)(500.0, 979.0);GATE
Port:(616.0, 989.0)(620.0, 989.0)(620.0, 1058.0)(616.0, 1058.0);SD
Module:M15
Boundary:(133.0, 20.0)(244.5, 20.0)(244.5, 88.2)(332.0, 88.2)(332.0, 132.0)(133.0, 132.0);GATE
Port:(147.5, 122.0)(317.5, 122.0)(317.5, 132.0)(147.5, 132.0);SD
Port:(133.0, 20.0)(244.5, 20.0)(244.5, 88.2)(332.0, 88.2)(332.0, 117.0)(133.0, 117.0);GATE
Port:(143.0, 25.0)(230.0, 25.0)(230.0, 29.0)(143.0, 29.0);SD
Module:M12
Boundary:(372.0, 949.0)(445.0, 949.0)(445.0, 1042.0)(372.0, 1042.0);GATE
Port:(386.5, 1032.0)(430.5, 1032.0)(430.5, 1042.0)(386.5, 1042.0);SD
Port:(372.0, 949.0)(445.0, 949.0)(445.0, 1027.0)(372.0, 1027.0);GATE
Port:(382.0, 954.0)(435.0, 954.0)(435.0, 958.0)(382.0, 958.0);SD
Module:M39
Boundary:(20.0, 375.0)(167.5, 375.0)(167.5, 391.0)(183.0, 391.0)(183.0, 526.0)(20.0, 526.0);GATE
Port:(34.5, 516.0)(168.5, 516.0)(168.5, 526.0)(34.5, 526.0);SD
Port:(20.0, 375.0)(167.5, 375.0)(167.5, 391.0)(183.0, 391.0)(183.0, 511.0)(20.0, 511.0);GATE
Port:(30.0, 380.0)(153.0, 380.0)(153.0, 384.0)(30.0, 384.0);SD
Module:M8
Boundary:(543.0, 447.0)(616.0, 447.0)(616.0, 532.0)(543.0, 532.0);GATE
Port:(557.5, 522.0)(601.5, 522.0)(601.5, 532.0)(557.5, 532.0);SD
Port:(543.0, 447.0)(616.0, 447.0)(616.0, 517.0)(543.0, 517.0);GATE
Port:(553.0, 452.0)(606.0, 452.0)(606.0, 456.0)(553.0, 456.0);SD
Module:M4
Boundary:(211.0, 1754.0)(211.0, 1829.5)(167.0, 1829.5)(167.0, 1899.0)(20.0, 1899.0)(20.0, 1754.0);GATE
Port:(20.0, 1768.5)(30.0, 1768.5)(30.0, 1884.5)(20.0, 1884.5);SD
Port:(211.0, 1754.0)(211.0, 1829.5)(167.0, 1829.5)(167.0, 1899.0)(35.0, 1899.0)(35.0, 1754.0);GATE
Port:(202.0, 1764.0)(206.0, 1764.0)(206.0, 1815.0)(202.0, 1815.0);SD
Module:M36
Boundary:(241.0, 760.0)(317.0, 760.0)(317.0, 768.0)(332.0, 768.0)(332.0, 959.0)(241.0, 959.0);GATE
Port:(255.5, 949.0)(317.5, 949.0)(317.5, 959.0)(255.5, 959.0);SD
Port:(241.0, 760.0)(317.0, 760.0)(317.0, 768.0)(332.0, 768.0)(332.0, 944.0)(241.0, 944.0);GATE
Port:(251.0, 765.0)(302.0, 765.0)(302.0, 769.0)(251.0, 769.0);SD
Module:M33
Boundary:(20.0, 1009.0)(113.5, 1009.0)(113.5, 1141.0)(309.0, 1141.0)(309.0, 1198.0)(20.0, 1198.0);GATE
Port:(34.5, 1188.0)(294.5, 1188.0)(294.5, 1198.0)(34.5, 1198.0);SD
Port:(20.0, 1009.0)(113.5, 1009.0)(113.5, 1141.0)(309.0, 1141.0)(309.0, 1183.0)(20.0, 1183.0);GATE
Port:(30.0, 1014.0)(99.0, 1014.0)(99.0, 1018.0)(30.0, 1018.0);SD
Module:M28
Boundary:(20.0, 20.0)(93.0, 20.0)(93.0, 130.0)(20.0, 130.0);GATE
Port:(34.5, 120.0)(78.5, 120.0)(78.5, 130.0)(34.5, 130.0);SD
Port:(20.0, 20.0)(93.0, 20.0)(93.0, 115.0)(20.0, 115.0);GATE
Port:(30.0, 25.0)(83.0, 25.0)(83.0, 29.0)(30.0, 29.0);SD
Module:M30
Boundary:(477.0, 790.0)(477.0, 883.5)(467.0, 883.5)(467.0, 899.0)(384.0, 899.0)(384.0, 790.0);GATE
Port:(384.0, 804.5)(394.0, 804.5)(394.0, 884.5)(384.0, 884.5);SD
Port:(477.0, 790.0)(477.0, 883.5)(467.0, 883.5)(467.0, 899.0)(399.0, 899.0)(399.0, 790.0);GATE
Port:(468.0, 800.0)(472.0, 800.0)(472.0, 869.0)(468.0, 869.0);SD
Module:M25
Boundary:(499.0, 20.0)(610.5, 20.0)(610.5, 32.0)(626.0, 32.0)(626.0, 166.0)(499.0, 166.0);GATE
Port:(513.5, 156.0)(611.5, 156.0)(611.5, 166.0)(513.5, 166.0);SD
Port:(499.0, 20.0)(610.5, 20.0)(610.5, 32.0)(626.0, 32.0)(626.0, 151.0)(499.0, 151.0);GATE
Port:(509.0, 25.0)(596.0, 25.0)(596.0, 29.0)(509.0, 29.0);SD
Module:M22
Boundary:(30.0, 1607.0)(103.0, 1607.0)(103.0, 1668.0)(30.0, 1668.0);GATE
Port:(44.5, 1658.0)(88.5, 1658.0)(88.5, 1668.0)(44.5, 1668.0);SD
Port:(30.0, 1607.0)(103.0, 1607.0)(103.0, 1653.0)(30.0, 1653.0);GATE
Port:(40.0, 1612.0)(93.0, 1612.0)(93.0, 1616.0)(40.0, 1616.0);SD
Module:M17
Boundary:(20.0, 846.0)(167.5, 846.0)(167.5, 900.7)(201.0, 900.7)(201.0, 969.0)(20.0, 969.0);GATE
Port:(34.5, 959.0)(186.5, 959.0)(186.5, 969.0)(34.5, 969.0);SD
Port:(20.0, 846.0)(167.5, 846.0)(167.5, 900.7)(201.0, 900.7)(201.0, 954.0)(20.0, 954.0);GATE
Port:(30.0, 851.0)(153.0, 851.0)(153.0, 855.0)(30.0, 855.0);SD
