Area:(-20.0, -7.3)(827.2, -7.3)(827.2, 1032.3)(-20.0, 1032.3)
Rule:GATE(5,5);SD(5,5);GATE_SD(0.5);GATE_ITO(0.5);SD_ITO(0.5)
Module:M12
Boundary:(335.3, 61.0)(335.3, 134.0)(226.3, 134.0)(226.3, 61.0);GATE
Port:(226.3, 75.5)(236.3, 75.5)(236.3, 119.5)(226.3, 119.5);SD
Port:(335.3, 61.0)(335.3, 134.0)(241.3, 134.0)(241.3, 61.0);GATE
Port:(326.3, 71.0)(330.3, 71.0)(330.3, 124.0)(326.3, 124.0);SD
Module:M9
Boundary:(361.2, 48.3)(434.2, 48.3)(434.2, 121.3)(361.2, 121.3);GATE
Port:(375.7, 111.3)(419.7, 111.3)(419.7, 121.3)(375.7, 121.3);SD
Port:(361.2, 48.3)(434.2, 48.3)(434.2, 106.3)(361.2, 106.3);GATE
Port:(371.2, 53.3)(424.2, 53.3)(424.2, 57.3)(371.2, 57.3);SD
Module:M13
Boundary:(764.4, 151.7)(764.4, 75.6)(756.4, 75.6)(756.4, 60.6)(663.4, 60.6)(663.4, 151.7);GATE
Port:(663.4, 75.2)(673.4, 75.2)(673.4, 137.2)(663.4, 137.2);SD
Port:(764.4, 151.7)(764.4, 75.6)(756.4, 75.6)(756.4, 60.6)(678.4, 60.6)(678.4, 151.7);GATE
Port:(755.4, 90.7)(759.4, 90.7)(759.4, 141.7)(755.4, 141.7);SD
Module:M3
Boundary:(168.0, 32.7)(168.0, 144.2)(149.0, 144.2)(149.0, 159.7)(20.0, 159.7)(20.0, 32.7);GATE
Port:(20.0, 47.2)(30.0, 47.2)(30.0, 145.2)(20.0, 145.2);SD
Port:(168.0, 32.7)(168.0, 144.2)(149.0, 144.2)(149.0, 159.7)(35.0, 159.7)(35.0, 32.7);GATE
Port:(159.0, 42.7)(163.0, 42.7)(163.0, 129.7)(159.0, 129.7);SD
Module:M7
Boundary:(624.3, 87.6)(624.3, 235.1)(608.3, 235.1)(608.3, 250.6)(434.3, 250.6)(434.3, 87.6);GATE
Port:(434.3, 102.1)(444.3, 102.1)(444.3, 236.1)(434.3, 236.1);SD
Port:(624.3, 87.6)(624.3, 235.1)(608.3, 235.1)(608.3, 250.6)(449.3, 250.6)(449.3, 87.6);GATE
Port:(615.3, 97.6)(619.3, 97.6)(619.3, 220.6)(615.3, 220.6);SD
Module:M19
Boundary:(633.9, 157.4)(709.9, 157.4)(709.9, 165.4)(724.9, 165.4)(724.9, 221.4)(633.9, 221.4);GATE
Port:(648.4, 211.4)(710.4, 211.4)(710.4, 221.4)(648.4, 221.4);SD
Port:(633.9, 157.4)(709.9, 157.4)(709.9, 165.4)(724.9, 165.4)(724.9, 206.4)(633.9, 206.4);GATE
Port:(643.9, 162.4)(694.9, 162.4)(694.9, 166.4)(643.9, 166.4);SD
Module:M16
Boundary:(188.9, 224.7)(59.4, 224.7)(59.4, 260.4)(25.9, 260.4)(25.9, 311.7)(188.9, 311.7);GATE
Port:(40.4, 301.7)(174.4, 301.7)(174.4, 311.7)(40.4, 311.7);SD
Port:(188.9, 224.7)(59.4, 224.7)(59.4, 260.4)(25.9, 260.4)(25.9, 296.7)(188.9, 296.7);GATE
Port:(73.9, 229.7)(178.9, 229.7)(178.9, 233.7)(73.9, 233.7);SD
Module:M23
Boundary:(787.2, 272.7)(657.7, 272.7)(657.7, 286.7)(642.2, 286.7)(642.2, 403.7)(787.2, 403.7);GATE
Port:(656.7, 393.7)(772.7, 393.7)(772.7, 403.7)(656.7, 403.7);SD
Port:(787.2, 272.7)(657.7, 272.7)(657.7, 286.7)(642.2, 286.7)(642.2, 388.7)(787.2, 388.7);GATE
Port:(672.2, 277.7)(777.2, 277.7)(777.2, 281.7)(672.2, 281.7);SD
Module:M14
Boundary:(191.0, 388.0)(191.0, 315.0)(20.0, 315.0)(20.0, 388.0);GATE
Port:(20.0, 329.5)(30.0, 329.5)(30.0, 373.5)(20.0, 373.5);SD
Port:(191.0, 388.0)(191.0, 315.0)(35.0, 315.0)(35.0, 388.0);GATE
Port:(182.0, 325.0)(186.0, 325.0)(186.0, 378.0)(182.0, 378.0);SD
Module:M8
Boundary:(416.5, 144.5)(416.5, 274.0)(292.6, 274.0)(292.6, 415.5)(224.5, 415.5)(224.5, 144.5);GATE
Port:(224.5, 159.0)(234.5, 159.0)(234.5, 401.0)(224.5, 401.0);SD
Port:(416.5, 144.5)(416.5, 274.0)(292.6, 274.0)(292.6, 415.5)(239.5, 415.5)(239.5, 144.5);GATE
Port:(407.5, 154.5)(411.5, 154.5)(411.5, 259.5)(407.5, 259.5);SD
Module:M20
Boundary:(581.6, 259.9)(581.6, 371.4)(476.8, 371.4)(476.8, 476.9)(428.6, 476.9)(428.6, 259.9);GATE
Port:(428.6, 274.4)(438.6, 274.4)(438.6, 462.4)(428.6, 462.4);SD
Port:(581.6, 259.9)(581.6, 371.4)(476.8, 371.4)(476.8, 476.9)(443.6, 476.9)(443.6, 259.9);GATE
Port:(572.6, 269.9)(576.6, 269.9)(576.6, 356.9)(572.6, 356.9);SD
Module:M11
Boundary:(415.9, 524.8)(415.9, 448.8)(407.9, 448.8)(407.9, 433.8)(217.9, 433.8)(217.9, 524.8);GATE
Port:(217.9, 448.3)(227.9, 448.3)(227.9, 510.3)(217.9, 510.3);SD
Port:(415.9, 524.8)(415.9, 448.8)(407.9, 448.8)(407.9, 433.8)(232.9, 433.8)(232.9, 524.8);GATE
Port:(406.9, 463.8)(410.9, 463.8)(410.9, 514.8)(406.9, 514.8);SD
Module:M6
Boundary:(20.0, 398.1)(167.5, 398.1)(167.5, 414.2)(183.0, 414.2)(183.0, 562.1)(20.0, 562.1);GATE
Port:(34.5, 552.1)(168.5, 552.1)(168.5, 562.1)(34.5, 562.1);SD
Port:(20.0, 398.1)(167.5, 398.1)(167.5, 414.2)(183.0, 414.2)(183.0, 547.1)(20.0, 547.1);GATE
Port:(30.0, 403.1)(153.0, 403.1)(153.0, 407.1)(30.0, 407.1);SD
Module:M4
Boundary:(609.9, 477.2)(609.9, 624.7)(593.9, 624.7)(593.9, 640.2)(456.9, 640.2)(456.9, 477.2);GATE
Port:(456.9, 491.7)(466.9, 491.7)(466.9, 625.7)(456.9, 625.7);SD
Port:(609.9, 477.2)(609.9, 624.7)(593.9, 624.7)(593.9, 640.2)(471.9, 640.2)(471.9, 477.2);GATE
Port:(600.9, 487.2)(604.9, 487.2)(604.9, 610.2)(600.9, 610.2);SD
Module:M1
Boundary:(781.2, 667.3)(781.2, 537.8)(682.8, 537.8)(682.8, 432.3)(636.2, 432.3)(636.2, 667.3);GATE
Port:(636.2, 446.8)(646.2, 446.8)(646.2, 652.8)(636.2, 652.8);SD
Port:(781.2, 667.3)(781.2, 537.8)(682.8, 537.8)(682.8, 432.3)(651.2, 432.3)(651.2, 667.3);GATE
Port:(772.2, 552.3)(776.2, 552.3)(776.2, 657.3)(772.2, 657.3);SD
Module:M21
Boundary:(20.0, 700.7)(20.0, 627.7)(193.0, 627.7)(193.0, 700.7);GATE
Port:(183.0, 642.2)(193.0, 642.2)(193.0, 686.2)(183.0, 686.2);SD
Port:(20.0, 700.7)(20.0, 627.7)(178.0, 627.7)(178.0, 700.7);GATE
Port:(25.0, 637.7)(29.0, 637.7)(29.0, 690.7)(25.0, 690.7);SD
Module:M10
Boundary:(233.0, 537.3)(344.5, 537.3)(344.5, 608.0)(414.0, 608.0)(414.0, 701.3)(233.0, 701.3);GATE
Port:(247.5, 691.3)(399.5, 691.3)(399.5, 701.3)(247.5, 701.3);SD
Port:(233.0, 537.3)(344.5, 537.3)(344.5, 608.0)(414.0, 608.0)(414.0, 686.3)(233.0, 686.3);GATE
Port:(243.0, 542.3)(330.0, 542.3)(330.0, 546.3)(243.0, 546.3);SD
Module:M25
Boundary:(455.3, 723.3)(548.8, 723.3)(548.8, 696.7)(582.3, 696.7)(582.3, 650.3)(455.3, 650.3);GATE
Port:(469.8, 650.3)(567.8, 650.3)(567.8, 660.3)(469.8, 660.3);SD
Port:(455.3, 723.3)(548.8, 723.3)(548.8, 696.7)(582.3, 696.7)(582.3, 665.3)(455.3, 665.3);GATE
Port:(465.3, 714.3)(534.3, 714.3)(534.3, 718.3)(465.3, 718.3);SD
Module:M17
Boundary:(46.3, 716.7)(119.3, 716.7)(119.3, 783.7)(46.3, 783.7);GATE
Port:(60.8, 773.7)(104.8, 773.7)(104.8, 783.7)(60.8, 783.7);SD
Port:(46.3, 716.7)(119.3, 716.7)(119.3, 768.7)(46.3, 768.7);GATE
Port:(56.3, 721.7)(109.3, 721.7)(109.3, 725.7)(56.3, 725.7);SD
Module:M24
Boundary:(533.3, 749.3)(533.3, 822.3)(394.3, 822.3)(394.3, 749.3);GATE
Port:(394.3, 763.8)(404.3, 763.8)(404.3, 807.8)(394.3, 807.8);SD
Port:(533.3, 749.3)(533.3, 822.3)(409.3, 822.3)(409.3, 749.3);GATE
Port:(524.3, 759.3)(528.3, 759.3)(528.3, 812.3)(524.3, 812.3);SD
Module:M22
Boundary:(242.4, 762.9)(371.9, 762.9)(371.9, 776.9)(387.4, 776.9)(387.4, 857.9)(242.4, 857.9);GATE
Port:(256.9, 847.9)(372.9, 847.9)(372.9, 857.9)(256.9, 857.9);SD
Port:(242.4, 762.9)(371.9, 762.9)(371.9, 776.9)(387.4, 776.9)(387.4, 842.9)(242.4, 842.9);GATE
Port:(252.4, 767.9)(357.4, 767.9)(357.4, 771.9)(252.4, 771.9);SD
Module:M18
Boundary:(565.3, 935.9)(565.3, 859.8)(557.2, 859.8)(557.2, 844.9)(464.3, 844.9)(464.3, 935.9);GATE
Port:(464.3, 859.4)(474.3, 859.4)(474.3, 921.4)(464.3, 921.4);SD
Port:(565.3, 935.9)(565.3, 859.8)(557.2, 859.8)(557.2, 844.9)(479.3, 844.9)(479.3, 935.9);GATE
Port:(556.3, 874.9)(560.3, 874.9)(560.3, 925.9)(556.3, 925.9);SD
Module:M5
Boundary:(458.7, 992.3)(458.7, 916.3)(450.7, 916.3)(450.7, 901.3)(258.7, 901.3)(258.7, 992.3);GATE
Port:(258.7, 915.8)(268.7, 915.8)(268.7, 977.8)(258.7, 977.8);SD
Port:(458.7, 992.3)(458.7, 916.3)(450.7, 916.3)(450.7, 901.3)(273.7, 901.3)(273.7, 992.3);GATE
Port:(449.7, 931.3)(453.7, 931.3)(453.7, 982.3)(449.7, 982.3);SD
Module:M15
Boundary:(25.0, 789.8)(136.5, 789.8)(136.5, 886.8)(206.0, 886.8)(206.0, 944.8)(25.0, 944.8);GATE
Port:(39.5, 934.8)(191.5, 934.8)(191.5, 944.8)(39.5, 944.8);SD
Port:(25.0, 789.8)(136.5, 789.8)(136.5, 886.8)(206.0, 886.8)(206.0, 929.8)(25.0, 929.8);GATE
Port:(35.0, 794.8)(122.0, 794.8)(122.0, 798.8)(35.0, 798.8);SD
Module:M2
Boundary:(763.9, 678.0)(763.9, 825.5)(638.2, 825.5)(638.2, 985.0)(594.9, 985.0)(594.9, 678.0);GATE
Port:(594.9, 692.5)(604.9, 692.5)(604.9, 970.5)(594.9, 970.5);SD
Port:(763.9, 678.0)(763.9, 825.5)(638.2, 825.5)(638.2, 985.0)(609.9, 985.0)(609.9, 678.0);GATE
Port:(754.9, 688.0)(758.9, 688.0)(758.9, 811.0)(754.9, 811.0);SD
