Area:(-20.0, -20.0)(866.6, -20.0)(866.6, 509.8)(-20.0, 509.8)
Rule:GATE(5,5);SD(5,5);GATE_SD(0.5);GATE_ITO(0.5);SD_ITO(0.5)
Module:M14
Boundary:(663.7, 30.0)(663.7, 112.5)(623.9, 112.5)(623.9, 126.9)(571.8, 126.9)(571.8, 30.0);GATE
Port:(571.8, 44.2)(577.8, 44.2)(577.8, 112.7)(571.8, 112.7);SD
Port:(663.7, 30.0)(663.7, 112.5)(623.9, 112.5)(623.9, 126.9)(580.1, 126.9)(580.1, 30.0);GATE
Port:(652.0, 36.4)(658.3, 36.4)(658.3, 105.1)(652.0, 105.1);SD
Module:M9
Boundary:(714.7, 363.0)(714.7, 454.3)(535.4, 454.3)(535.4, 363.0);GATE
Port:(535.4, 378.8)(540.0, 378.8)(540.0, 438.5)(535.4, 438.5);SD
Port:(714.7, 363.0)(714.7, 454.3)(542.9, 454.3)(542.9, 363.0);GATE
Port:(702.2, 368.7)(710.0, 368.7)(710.0, 448.6)(702.2, 448.6);SD
Module:M5
Boundary:(561.8, 176.9)(647.3, 176.9)(647.3, 323.0)(561.8, 323.0);GATE
Port:(574.9, 318.5)(634.2, 318.5)(634.2, 323.0)(574.9, 323.0);SD
Port:(561.8, 176.9)(647.3, 176.9)(647.3, 316.7)(561.8, 316.7);GATE
Port:(567.5, 181.6)(641.6, 181.6)(641.6, 186.8)(567.5, 186.8);SD
Module:M11
Boundary:(476.5, 20.0)(521.8, 20.0)(521.8, 121.4)(476.5, 121.4);GATE
Port:(488.3, 116.9)(510.0, 116.9)(510.0, 121.4)(488.3, 121.4);SD
Port:(476.5, 20.0)(521.8, 20.0)(521.8, 114.2)(476.5, 114.2);GATE
Port:(481.7, 24.2)(516.6, 24.2)(516.6, 29.0)(481.7, 29.0);SD
Module:M1
Boundary:(247.6, 141.4)(368.0, 141.4)(368.0, 225.2)(247.6, 225.2);GATE
Port:(261.1, 220.1)(354.5, 220.1)(354.5, 225.2)(261.1, 225.2);SD
Port:(247.6, 141.4)(368.0, 141.4)(368.0, 217.9)(247.6, 217.9);GATE
Port:(253.5, 146.3)(362.1, 146.3)(362.1, 151.6)(253.5, 151.6);SD
Module:M6
Boundary:(418.0, 311.9)(466.2, 311.9)(466.2, 359.9)(479.6, 359.9)(479.6, 417.2)(418.0, 417.2);GATE
Port:(431.4, 412.5)(466.2, 412.5)(466.2, 417.2)(431.4, 417.2);SD
Port:(418.0, 311.9)(466.2, 311.9)(466.2, 359.9)(479.6, 359.9)(479.6, 410.4)(418.0, 410.4);GATE
Port:(424.4, 317.3)(458.8, 317.3)(458.8, 323.3)(424.4, 323.3);SD
Module:M2
Boundary:(20.0, 20.0)(78.8, 20.0)(78.8, 208.4)(20.0, 208.4);GATE
Port:(31.1, 203.9)(67.7, 203.9)(67.7, 208.4)(31.1, 208.4);SD
Port:(20.0, 20.0)(78.8, 20.0)(78.8, 201.9)(20.0, 201.9);GATE
Port:(25.8, 24.8)(73.0, 24.8)(73.0, 29.5)(25.8, 29.5);SD
Module:M16
Boundary:(118.8, 20.0)(183.4, 20.0)(183.4, 135.1)(197.6, 135.1)(197.6, 234.7)(118.8, 234.7);GATE
Port:(131.4, 229.1)(185.0, 229.1)(185.0, 234.7)(131.4, 234.7);SD
Port:(118.8, 20.0)(183.4, 20.0)(183.4, 135.1)(197.6, 135.1)(197.6, 228.0)(118.8, 228.0);GATE
Port:(124.5, 24.7)(176.7, 24.7)(176.7, 30.6)(124.5, 30.6);SD
Module:M13
Boundary:(163.2, 275.2)(235.1, 275.2)(235.1, 435.6)(163.2, 435.6);GATE
Port:(178.8, 431.6)(219.5, 431.6)(219.5, 435.6)(178.8, 435.6);SD
Port:(163.2, 275.2)(235.1, 275.2)(235.1, 428.9)(163.2, 428.9);GATE
Port:(170.1, 281.1)(228.2, 281.1)(228.2, 287.8)(170.1, 287.8);SD
Module:M10
Boundary:(20.0, 274.7)(107.3, 274.7)(107.3, 308.9)(123.2, 308.9)(123.2, 469.6)(20.0, 469.6);GATE
Port:(34.1, 464.4)(109.1, 464.4)(109.1, 469.6)(34.1, 469.6);SD
Port:(20.0, 274.7)(107.3, 274.7)(107.3, 308.9)(123.2, 308.9)(123.2, 462.4)(20.0, 462.4);GATE
Port:(25.4, 279.1)(100.9, 279.1)(100.9, 286.1)(25.4, 286.1);SD
Module:M7
Boundary:(713.7, 20.0)(804.5, 20.0)(804.5, 20.5)(822.2, 20.5)(822.2, 169.8)(713.7, 169.8);GATE
Port:(728.8, 165.8)(807.1, 165.8)(807.1, 169.8)(728.8, 169.8);SD
Port:(713.7, 20.0)(804.5, 20.0)(804.5, 20.5)(822.2, 20.5)(822.2, 164.4)(713.7, 164.4);GATE
Port:(719.6, 24.9)(798.6, 24.9)(798.6, 32.5)(719.6, 32.5);SD
Module:M3
Boundary:(418.0, 161.4)(495.4, 161.4)(495.4, 271.9)(418.0, 271.9);GATE
Port:(429.9, 267.4)(483.5, 267.4)(483.5, 271.9)(429.9, 271.9);SD
Port:(418.0, 161.4)(495.4, 161.4)(495.4, 265.1)(418.0, 265.1);GATE
Port:(423.5, 165.9)(489.9, 165.9)(489.9, 170.4)(423.5, 170.4);SD
Module:M15
Boundary:(436.5, 20.0)(436.5, 91.4)(237.6, 91.4)(237.6, 20.0);GATE
Port:(237.6, 34.8)(242.2, 34.8)(242.2, 76.6)(237.6, 76.6);SD
Port:(436.5, 20.0)(436.5, 91.4)(243.7, 91.4)(243.7, 20.0);GATE
Port:(424.4, 25.5)(432.0, 25.5)(432.0, 85.9)(424.4, 85.9);SD
Module:M12
Boundary:(275.1, 275.2)(339.8, 275.2)(339.8, 375.8)(353.8, 375.8)(353.8, 468.4)(275.1, 468.4);GATE
Port:(288.9, 463.6)(340.0, 463.6)(340.0, 468.4)(288.9, 468.4);SD
Port:(275.1, 275.2)(339.8, 275.2)(339.8, 375.8)(353.8, 375.8)(353.8, 461.6)(275.1, 461.6);GATE
Port:(280.8, 279.9)(333.1, 279.9)(333.1, 286.2)(280.8, 286.2);SD
Module:M8
Boundary:(826.6, 209.8)(826.6, 298.3)(782.3, 298.3)(782.3, 311.4)(713.7, 311.4)(713.7, 209.8);GATE
Port:(713.7, 222.2)(718.9, 222.2)(718.9, 299.0)(713.7, 299.0);SD
Port:(826.6, 209.8)(826.6, 298.3)(782.3, 298.3)(782.3, 311.4)(720.1, 311.4)(720.1, 209.8);GATE
Port:(816.3, 214.8)(822.6, 214.8)(822.6, 292.3)(816.3, 292.3);SD
Module:M4
Boundary:(754.7, 351.4)(808.3, 351.4)(808.3, 407.3)(824.3, 407.3)(824.3, 469.8)(754.7, 469.8);GATE
Port:(769.0, 464.9)(810.0, 464.9)(810.0, 469.8)(769.0, 469.8);SD
Port:(754.7, 351.4)(808.3, 351.4)(808.3, 407.3)(824.3, 407.3)(824.3, 462.3)(754.7, 462.3);GATE
Port:(761.1, 356.8)(800.9, 356.8)(800.9, 362.5)(761.1, 362.5);SD
