Area:(-20.0, -20.0)(382.0, -20.0)(382.0, 753.0)(-20.0, 753.0)
Rule:GATE(5,5);SD(5,5);GATE_SD(0.5);GATE_ITO(0.5);SD_ITO(0.5)
Module:M9
Boundary:(334.0, 219.0)(334.0, 292.0)(257.0, 292.0)(257.0, 219.0);GATE
Port:(257.0, 233.5)(267.0, 233.5)(267.0, 277.5)(257.0, 277.5);SD
Port:(334.0, 219.0)(334.0, 292.0)(272.0, 292.0)(272.0, 219.0);GATE
Port:(325.0, 229.0)(329.0, 229.0)(329.0, 282.0)(325.0, 282.0);SD
Module:M5
Boundary:(207.0, 143.0)(207.0, 254.5)(181.0, 254.5)(181.0, 288.0)(143.0, 288.0)(143.0, 143.0);GATE
Port:(143.0, 157.5)(153.0, 157.5)(153.0, 273.5)(143.0, 273.5);SD
Port:(207.0, 143.0)(207.0, 254.5)(181.0, 254.5)(181.0, 288.0)(158.0, 288.0)(158.0, 143.0);GATE
Port:(198.0, 153.0)(202.0, 153.0)(202.0, 240.0)(198.0, 240.0);SD
Module:M1
Boundary:(115.0, 353.0)(115.0, 464.5)(78.8, 464.5)(78.8, 534.0)(20.0, 534.0)(20.0, 353.0);GATE
Port:(20.0, 367.5)(30.0, 367.5)(30.0, 519.5)(20.0, 519.5);SD
Port:(115.0, 353.0)(115.0, 464.5)(78.8, 464.5)(78.8, 534.0)(35.0, 534.0)(35.0, 353.0);GATE
Port:(106.0, 363.0)(110.0, 363.0)(110.0, 450.0)(106.0, 450.0);SD
Module:M6
Boundary:(20.0, 574.0)(113.5, 574.0)(113.5, 584.0)(129.0, 584.0)(129.0, 698.0)(20.0, 698.0);GATE
Port:(34.5, 688.0)(114.5, 688.0)(114.5, 698.0)(34.5, 698.0);SD
Port:(20.0, 574.0)(113.5, 574.0)(113.5, 584.0)(129.0, 584.0)(129.0, 683.0)(20.0, 683.0);GATE
Port:(30.0, 579.0)(99.0, 579.0)(99.0, 583.0)(30.0, 583.0);SD
Module:M2
Boundary:(258.0, 20.0)(331.0, 20.0)(331.0, 179.0)(258.0, 179.0);GATE
Port:(272.5, 169.0)(316.5, 169.0)(316.5, 179.0)(272.5, 179.0);SD
Port:(258.0, 20.0)(331.0, 20.0)(331.0, 164.0)(258.0, 164.0);GATE
Port:(268.0, 25.0)(321.0, 25.0)(321.0, 29.0)(268.0, 29.0);SD
Module:M10
Boundary:(179.0, 551.0)(290.5, 551.0)(290.5, 623.2)(324.0, 623.2)(324.0, 713.0)(179.0, 713.0);GATE
Port:(193.5, 703.0)(309.5, 703.0)(309.5, 713.0)(193.5, 713.0);SD
Port:(179.0, 551.0)(290.5, 551.0)(290.5, 623.2)(324.0, 623.2)(324.0, 698.0)(179.0, 698.0);GATE
Port:(189.0, 556.0)(276.0, 556.0)(276.0, 560.0)(189.0, 560.0);SD
Module:M7
Boundary:(20.0, 228.0)(93.0, 228.0)(93.0, 313.0)(20.0, 313.0);GATE
Port:(34.5, 303.0)(78.5, 303.0)(78.5, 313.0)(34.5, 313.0);SD
Port:(20.0, 228.0)(93.0, 228.0)(93.0, 298.0)(20.0, 298.0);GATE
Port:(30.0, 233.0)(83.0, 233.0)(83.0, 237.0)(30.0, 237.0);SD
Module:M3
Boundary:(342.0, 338.0)(342.0, 485.5)(326.0, 485.5)(326.0, 501.0)(155.0, 501.0)(155.0, 338.0);GATE
Port:(155.0, 352.5)(165.0, 352.5)(165.0, 486.5)(155.0, 486.5);SD
Port:(342.0, 338.0)(342.0, 485.5)(326.0, 485.5)(326.0, 501.0)(170.0, 501.0)(170.0, 338.0);GATE
Port:(333.0, 348.0)(337.0, 348.0)(337.0, 471.0)(333.0, 471.0);SD
Module:M8
Boundary:(218.0, 20.0)(218.0, 93.0)(133.0, 93.0)(133.0, 20.0);GATE
Port:(133.0, 34.5)(143.0, 34.5)(143.0, 78.5)(133.0, 78.5);SD
Port:(218.0, 20.0)(218.0, 93.0)(148.0, 93.0)(148.0, 20.0);GATE
Port:(209.0, 30.0)(213.0, 30.0)(213.0, 83.0)(209.0, 83.0);SD
Module:M4
Boundary:(20.0, 20.0)(93.0, 20.0)(93.0, 188.0)(20.0, 188.0);GATE
Port:(34.5, 178.0)(78.5, 178.0)(78.5, 188.0)(34.5, 188.0);SD
Port:(20.0, 20.0)(93.0, 20.0)(93.0, 173.0)(20.0, 173.0);GATE
Port:(30.0, 25.0)(83.0, 25.0)(83.0, 29.0)(30.0, 29.0);SD
