Area:(-17.2, -34.9)(1154.9, -34.9)(1154.9, 650.0)(-17.2, 650.0)
Rule:GATE(5,5);SD(5,5);GATE_SD(0.5);GATE_ITO(0.5);SD_ITO(0.5)
Module:M20
Boundary:(289.6, 50.0)(289.6, 143.5)(279.6, 143.5)(279.6, 159.0)(156.6, 159.0)(156.6, 50.0);GATE
Port:(156.6, 64.5)(166.6, 64.5)(166.6, 144.5)(156.6, 144.5);SD
Port:(289.6, 50.0)(289.6, 143.5)(279.6, 143.5)(279.6, 159.0)(171.6, 159.0)(171.6, 50.0);GATE
Port:(280.6, 60.0)(284.6, 60.0)(284.6, 129.0)(280.6, 129.0);SD
Module:M17
Boundary:(439.6, 149.6)(551.1, 149.6)(551.1, 104.9)(620.6, 104.9)(620.6, 37.6)(439.6, 37.6);GATE
Port:(454.1, 37.6)(606.1, 37.6)(606.1, 47.6)(454.1, 47.6);SD
Port:(439.6, 149.6)(551.1, 149.6)(551.1, 104.9)(620.6, 104.9)(620.6, 52.6)(439.6, 52.6);GATE
Port:(449.6, 140.6)(536.6, 140.6)(536.6, 144.6)(449.6, 144.6);SD
Module:M7
Boundary:(1075.8, 58.0)(982.3, 58.0)(982.3, 68.0)(966.8, 68.0)(966.8, 174.0)(1075.8, 174.0);GATE
Port:(981.3, 164.0)(1061.3, 164.0)(1061.3, 174.0)(981.3, 174.0);SD
Port:(1075.8, 58.0)(982.3, 58.0)(982.3, 68.0)(966.8, 68.0)(966.8, 159.0)(1075.8, 159.0);GATE
Port:(996.8, 63.0)(1065.8, 63.0)(1065.8, 67.0)(996.8, 67.0);SD
Module:M3
Boundary:(91.7, 156.2)(91.7, 44.7)(77.7, 44.7)(77.7, 29.2)(23.7, 29.2)(23.7, 156.2);GATE
Port:(23.7, 43.7)(33.7, 43.7)(33.7, 141.7)(23.7, 141.7);SD
Port:(91.7, 156.2)(91.7, 44.7)(77.7, 44.7)(77.7, 29.2)(38.7, 29.2)(38.7, 156.2);GATE
Port:(82.7, 59.2)(86.7, 59.2)(86.7, 146.2)(82.7, 146.2);SD
Module:M5
Boundary:(775.0, 53.0)(645.5, 53.0)(645.5, 74.0)(630.0, 74.0)(630.0, 226.0)(775.0, 226.0);GATE
Port:(644.5, 216.0)(760.5, 216.0)(760.5, 226.0)(644.5, 226.0);SD
Port:(775.0, 53.0)(645.5, 53.0)(645.5, 74.0)(630.0, 74.0)(630.0, 211.0)(775.0, 211.0);GATE
Port:(660.0, 58.0)(765.0, 58.0)(765.0, 62.0)(660.0, 62.0);SD
Module:M1
Boundary:(416.7, 69.1)(343.7, 69.1)(343.7, 267.1)(416.7, 267.1);GATE
Port:(358.2, 257.1)(402.2, 257.1)(402.2, 267.1)(358.2, 267.1);SD
Port:(416.7, 69.1)(343.7, 69.1)(343.7, 252.1)(416.7, 252.1);GATE
Port:(353.7, 74.1)(406.7, 74.1)(406.7, 78.1)(353.7, 78.1);SD
Module:M11
Boundary:(158.1, 294.0)(158.1, 221.0)(272.1, 221.0)(272.1, 294.0);GATE
Port:(262.1, 235.5)(272.1, 235.5)(272.1, 279.5)(262.1, 279.5);SD
Port:(158.1, 294.0)(158.1, 221.0)(257.1, 221.0)(257.1, 294.0);GATE
Port:(163.1, 231.0)(167.1, 231.0)(167.1, 284.0)(163.1, 284.0);SD
Module:M10
Boundary:(93.8, 306.8)(93.8, 233.8)(22.8, 233.8)(22.8, 306.8);GATE
Port:(22.8, 248.3)(32.8, 248.3)(32.8, 292.3)(22.8, 292.3);SD
Port:(93.8, 306.8)(93.8, 233.8)(37.8, 233.8)(37.8, 306.8);GATE
Port:(84.8, 243.8)(88.8, 243.8)(88.8, 296.8)(84.8, 296.8);SD
Module:M25
Boundary:(954.7, 5.1)(954.7, 134.6)(840.5, 134.6)(840.5, 348.1)(789.7, 348.1)(789.7, 5.1);GATE
Port:(789.7, 19.6)(799.7, 19.6)(799.7, 333.6)(789.7, 333.6);SD
Port:(954.7, 5.1)(954.7, 134.6)(840.5, 134.6)(840.5, 348.1)(804.7, 348.1)(804.7, 5.1);GATE
Port:(945.7, 15.1)(949.7, 15.1)(949.7, 120.1)(945.7, 120.1);SD
Module:M12
Boundary:(487.2, 156.9)(560.2, 156.9)(560.2, 348.9)(487.2, 348.9);GATE
Port:(501.7, 338.9)(545.7, 338.9)(545.7, 348.9)(501.7, 348.9);SD
Port:(487.2, 156.9)(560.2, 156.9)(560.2, 333.9)(487.2, 333.9);GATE
Port:(497.2, 161.9)(550.2, 161.9)(550.2, 165.9)(497.2, 165.9);SD
Module:M21
Boundary:(430.8, 382.3)(430.8, 288.8)(420.8, 288.8)(420.8, 273.3)(368.8, 273.3)(368.8, 382.3);GATE
Port:(368.8, 287.8)(378.8, 287.8)(378.8, 367.8)(368.8, 367.8);SD
Port:(430.8, 382.3)(430.8, 288.8)(420.8, 288.8)(420.8, 273.3)(383.8, 273.3)(383.8, 382.3);GATE
Port:(421.8, 303.3)(425.8, 303.3)(425.8, 372.3)(421.8, 372.3);SD
Module:M13
Boundary:(583.0, 233.0)(712.5, 233.0)(712.5, 299.8)(782.0, 299.8)(782.0, 388.0)(583.0, 388.0);GATE
Port:(597.5, 378.0)(767.5, 378.0)(767.5, 388.0)(597.5, 388.0);SD
Port:(583.0, 233.0)(712.5, 233.0)(712.5, 299.8)(782.0, 299.8)(782.0, 373.0)(583.0, 373.0);GATE
Port:(593.0, 238.0)(698.0, 238.0)(698.0, 242.0)(593.0, 242.0);SD
Module:M18
Boundary:(367.8, 434.4)(367.8, 322.9)(355.8, 322.9)(355.8, 307.4)(201.8, 307.4)(201.8, 434.4);GATE
Port:(201.8, 321.9)(211.8, 321.9)(211.8, 419.9)(201.8, 419.9);SD
Port:(367.8, 434.4)(367.8, 322.9)(355.8, 322.9)(355.8, 307.4)(216.8, 307.4)(216.8, 434.4);GATE
Port:(358.8, 337.4)(362.8, 337.4)(362.8, 424.4)(358.8, 424.4);SD
Module:M6
Boundary:(1002.9, 191.2)(1002.9, 320.7)(1060.9, 320.7)(1060.9, 426.2)(1114.9, 426.2)(1114.9, 191.2);GATE
Port:(1104.9, 205.7)(1114.9, 205.7)(1114.9, 411.7)(1104.9, 411.7);SD
Port:(1002.9, 191.2)(1002.9, 320.7)(1060.9, 320.7)(1060.9, 426.2)(1099.9, 426.2)(1099.9, 191.2);GATE
Port:(1007.9, 201.2)(1011.9, 201.2)(1011.9, 306.2)(1007.9, 306.2);SD
Module:M15
Boundary:(197.5, 423.2)(197.5, 311.7)(185.5, 311.7)(185.5, 296.2)(95.5, 296.2)(95.5, 423.2);GATE
Port:(95.5, 310.7)(105.5, 310.7)(105.5, 408.7)(95.5, 408.7);SD
Port:(197.5, 423.2)(197.5, 311.7)(185.5, 311.7)(185.5, 296.2)(110.5, 296.2)(110.5, 423.2);GATE
Port:(188.5, 326.2)(192.5, 326.2)(192.5, 413.2)(188.5, 413.2);SD
Module:M4
Boundary:(933.6, 392.0)(788.6, 392.0)(788.6, 456.0)(933.6, 456.0);GATE
Port:(803.1, 446.0)(919.1, 446.0)(919.1, 456.0)(803.1, 456.0);SD
Port:(933.6, 392.0)(788.6, 392.0)(788.6, 441.0)(933.6, 441.0);GATE
Port:(798.6, 397.0)(923.6, 397.0)(923.6, 401.0)(798.6, 401.0);SD
Module:M22
Boundary:(546.2, 468.7)(546.2, 395.7)(728.2, 395.7)(728.2, 468.7);GATE
Port:(718.2, 410.2)(728.2, 410.2)(728.2, 454.2)(718.2, 454.2);SD
Port:(546.2, 468.7)(546.2, 395.7)(713.2, 395.7)(713.2, 468.7);GATE
Port:(551.2, 405.7)(555.2, 405.7)(555.2, 458.7)(551.2, 458.7);SD
Module:M8
Boundary:(539.8, 396.6)(428.3, 396.6)(428.3, 436.3)(394.8, 436.3)(394.8, 493.6)(539.8, 493.6);GATE
Port:(409.3, 483.6)(525.3, 483.6)(525.3, 493.6)(409.3, 493.6);SD
Port:(539.8, 396.6)(428.3, 396.6)(428.3, 436.3)(394.8, 436.3)(394.8, 478.6)(539.8, 478.6);GATE
Port:(442.8, 401.6)(529.8, 401.6)(529.8, 405.6)(442.8, 405.6);SD
Module:M19
Boundary:(46.3, 430.5)(46.3, 524.0)(56.3, 524.0)(56.3, 539.5)(150.3, 539.5)(150.3, 430.5);GATE
Port:(140.3, 445.0)(150.3, 445.0)(150.3, 525.0)(140.3, 525.0);SD
Port:(46.3, 430.5)(46.3, 524.0)(56.3, 524.0)(56.3, 539.5)(135.3, 539.5)(135.3, 430.5);GATE
Port:(51.3, 440.5)(55.3, 440.5)(55.3, 509.5)(51.3, 509.5);SD
Module:M2
Boundary:(704.2, 585.4)(631.2, 585.4)(631.2, 519.4)(704.2, 519.4);GATE
Port:(645.7, 519.4)(689.7, 519.4)(689.7, 529.4)(645.7, 529.4);SD
Port:(704.2, 585.4)(631.2, 585.4)(631.2, 534.4)(704.2, 534.4);GATE
Port:(641.2, 576.4)(694.2, 576.4)(694.2, 580.4)(641.2, 580.4);SD
Module:M24
Boundary:(375.1, 518.6)(522.6, 518.6)(522.6, 537.6)(538.1, 537.6)(538.1, 584.6)(375.1, 584.6);GATE
Port:(389.6, 574.6)(523.6, 574.6)(523.6, 584.6)(389.6, 584.6);SD
Port:(375.1, 518.6)(522.6, 518.6)(522.6, 537.6)(538.1, 537.6)(538.1, 569.6)(375.1, 569.6);GATE
Port:(385.1, 523.6)(508.1, 523.6)(508.1, 527.6)(385.1, 527.6);SD
Module:M9
Boundary:(624.7, 610.0)(624.7, 537.0)(545.7, 537.0)(545.7, 610.0);GATE
Port:(545.7, 551.5)(555.7, 551.5)(555.7, 595.5)(545.7, 595.5);SD
Port:(624.7, 610.0)(624.7, 537.0)(560.7, 537.0)(560.7, 610.0);GATE
Port:(615.7, 547.0)(619.7, 547.0)(619.7, 600.0)(615.7, 600.0);SD
Module:M23
Boundary:(1088.2, 432.1)(1088.2, 507.6)(1044.8, 507.6)(1044.8, 595.1)(956.2, 595.1)(956.2, 432.1);GATE
Port:(956.2, 446.6)(966.2, 446.6)(966.2, 580.6)(956.2, 580.6);SD
Port:(1088.2, 432.1)(1088.2, 507.6)(1044.8, 507.6)(1044.8, 595.1)(971.2, 595.1)(971.2, 432.1);GATE
Port:(1079.2, 442.1)(1083.2, 442.1)(1083.2, 493.1)(1079.2, 493.1);SD
Module:M14
Boundary:(335.1, 440.7)(223.6, 440.7)(223.6, 536.7)(172.1, 536.7)(172.1, 606.7)(335.1, 606.7);GATE
Port:(186.6, 596.7)(320.6, 596.7)(320.6, 606.7)(186.6, 606.7);SD
Port:(335.1, 440.7)(223.6, 440.7)(223.6, 536.7)(172.1, 536.7)(172.1, 591.7)(335.1, 591.7);GATE
Port:(238.1, 445.7)(325.1, 445.7)(325.1, 449.7)(238.1, 449.7);SD
Module:M16
Boundary:(740.9, 591.2)(740.9, 497.7)(750.9, 497.7)(750.9, 482.2)(898.9, 482.2)(898.9, 591.2);GATE
Port:(888.9, 496.7)(898.9, 496.7)(898.9, 576.7)(888.9, 576.7);SD
Port:(740.9, 591.2)(740.9, 497.7)(750.9, 497.7)(750.9, 482.2)(883.9, 482.2)(883.9, 591.2);GATE
Port:(745.9, 512.2)(749.9, 512.2)(749.9, 581.2)(745.9, 581.2);SD
