Area:(-20.0, -20.0)(336.0, -20.0)(336.0, 787.0)(-20.0, 787.0)
Rule:GATE(5,5);SD(5,5);GATE_SD(0.5);GATE_ITO(0.5);SD_ITO(0.5)
Module:M5
Boundary:(20.0, 20.0)(131.5, 20.0)(131.5, 32.0)(147.0, 32.0)(147.0, 191.0)(20.0, 191.0);GATE
Port:(34.5, 181.0)(132.5, 181.0)(132.5, 191.0)(34.5, 191.0);SD
Port:(20.0, 20.0)(131.5, 20.0)(131.5, 32.0)(147.0, 32.0)(147.0, 176.0)(20.0, 176.0);GATE
Port:(30.0, 25.0)(117.0, 25.0)(117.0, 29.0)(30.0, 29.0);SD
Module:M1
Boundary:(187.0, 20.0)(263.0, 20.0)(263.0, 28.0)(278.0, 28.0)(278.0, 143.0)(187.0, 143.0);GATE
Port:(201.5, 133.0)(263.5, 133.0)(263.5, 143.0)(201.5, 143.0);SD
Port:(187.0, 20.0)(263.0, 20.0)(263.0, 28.0)(278.0, 28.0)(278.0, 128.0)(187.0, 128.0);GATE
Port:(197.0, 25.0)(248.0, 25.0)(248.0, 29.0)(197.0, 29.0);SD
Module:M2
Boundary:(215.0, 458.0)(215.0, 515.5)(87.0, 515.5)(87.0, 747.0)(20.0, 747.0)(20.0, 458.0);GATE
Port:(20.0, 472.5)(30.0, 472.5)(30.0, 732.5)(20.0, 732.5);SD
Port:(215.0, 458.0)(215.0, 515.5)(87.0, 515.5)(87.0, 747.0)(35.0, 747.0)(35.0, 458.0);GATE
Port:(206.0, 468.0)(210.0, 468.0)(210.0, 501.0)(206.0, 501.0);SD
Module:M3
Boundary:(133.0, 231.0)(280.5, 231.0)(280.5, 247.0)(296.0, 247.0)(296.0, 418.0)(133.0, 418.0);GATE
Port:(147.5, 408.0)(281.5, 408.0)(281.5, 418.0)(147.5, 418.0);SD
Port:(133.0, 231.0)(280.5, 231.0)(280.5, 247.0)(296.0, 247.0)(296.0, 403.0)(133.0, 403.0);GATE
Port:(143.0, 236.0)(266.0, 236.0)(266.0, 240.0)(143.0, 240.0);SD
Module:M4
Boundary:(20.0, 231.0)(93.0, 231.0)(93.0, 329.0)(20.0, 329.0);GATE
Port:(34.5, 319.0)(78.5, 319.0)(78.5, 329.0)(34.5, 329.0);SD
Port:(20.0, 231.0)(93.0, 231.0)(93.0, 314.0)(20.0, 314.0);GATE
Port:(30.0, 236.0)(83.0, 236.0)(83.0, 240.0)(30.0, 240.0);SD
