Area:(-20.0, -20.0)(1803.4, -20.0)(1803.4, 699.1)(-20.0, 699.1)
Rule:GATE(5,5);SD(5,5);GATE_SD(0.5);GATE_ITO(0.5);SD_ITO(0.5)
Module:M14
Boundary:(200.8, 156.7)(200.8, 271.2)(185.4, 271.2)(185.4, 289.0)(20.0, 289.0)(20.0, 156.7);GATE
Port:(20.0, 172.2)(25.4, 172.2)(25.4, 273.5)(20.0, 273.5);SD
Port:(200.8, 156.7)(200.8, 271.2)(185.4, 271.2)(185.4, 289.0)(28.1, 289.0)(28.1, 156.7);GATE
Port:(188.6, 163.4)(195.1, 163.4)(195.1, 263.5)(188.6, 263.5);SD
Module:M9
Boundary:(1484.0, 172.2)(1484.0, 246.2)(1483.9, 246.2)(1483.9, 264.5)(1374.6, 264.5)(1374.6, 172.2);GATE
Port:(1374.6, 187.1)(1380.0, 187.1)(1380.0, 249.6)(1374.6, 249.6);SD
Port:(1484.0, 172.2)(1484.0, 246.2)(1483.9, 246.2)(1483.9, 264.5)(1381.8, 264.5)(1381.8, 172.2);GATE
Port:(1472.6, 178.9)(1478.3, 178.9)(1478.3, 239.5)(1472.6, 239.5);SD
Module:M5
Boundary:(724.5, 397.2)(724.5, 497.1)(583.3, 497.1)(583.3, 397.2);GATE
Port:(583.3, 412.1)(589.2, 412.1)(589.2, 482.2)(583.3, 482.2);SD
Port:(724.5, 397.2)(724.5, 497.1)(591.8, 497.1)(591.8, 397.2);GATE
Port:(711.3, 404.1)(718.6, 404.1)(718.6, 490.2)(711.3, 490.2);SD
Module:M11
Boundary:(1666.8, 152.8)(1744.2, 152.8)(1744.2, 152.8)(1762.9, 152.8)(1762.9, 360.6)(1666.8, 360.6);GATE
Port:(1683.0, 354.9)(1746.7, 354.9)(1746.7, 360.6)(1683.0, 360.6);SD
Port:(1666.8, 152.8)(1744.2, 152.8)(1744.2, 152.8)(1762.9, 152.8)(1762.9, 353.4)(1666.8, 353.4);GATE
Port:(1673.1, 158.1)(1737.9, 158.1)(1737.9, 165.9)(1673.1, 165.9);SD
Module:M1
Boundary:(635.9, 118.2)(635.9, 189.0)(446.9, 189.0)(446.9, 118.2);GATE
Port:(446.9, 131.8)(452.0, 131.8)(452.0, 175.4)(446.9, 175.4);SD
Port:(635.9, 118.2)(635.9, 189.0)(453.7, 189.0)(453.7, 118.2);GATE
Port:(625.4, 123.6)(631.5, 123.6)(631.5, 183.6)(625.4, 183.6);SD
Module:M43
Boundary:(783.6, 437.1)(830.5, 437.1)(830.5, 437.3)(845.4, 437.3)(845.4, 659.1)(783.6, 659.1);GATE
Port:(795.8, 653.4)(833.2, 653.4)(833.2, 659.1)(795.8, 659.1);SD
Port:(783.6, 437.1)(830.5, 437.1)(830.5, 437.3)(845.4, 437.3)(845.4, 652.0)(783.6, 652.0);GATE
Port:(788.6, 441.1)(825.5, 441.1)(825.5, 447.3)(788.6, 447.3);SD
Module:M38
Boundary:(632.6, 239.9)(632.6, 342.0)(552.0, 342.0)(552.0, 357.2)(405.5, 357.2)(405.5, 239.9);GATE
Port:(405.5, 254.9)(409.7, 254.9)(409.7, 342.2)(405.5, 342.2);SD
Port:(632.6, 239.9)(632.6, 342.0)(552.0, 342.0)(552.0, 357.2)(411.8, 357.2)(411.8, 239.9);GATE
Port:(620.1, 245.9)(627.6, 245.9)(627.6, 335.0)(620.1, 335.0);SD
Module:M40
Boundary:(533.3, 407.2)(533.3, 461.2)(495.8, 461.2)(495.8, 477.7)(415.5, 477.7)(415.5, 407.2);GATE
Port:(415.5, 421.4)(420.5, 421.4)(420.5, 463.5)(415.5, 463.5);SD
Port:(533.3, 407.2)(533.3, 461.2)(495.8, 461.2)(495.8, 477.7)(422.1, 477.7)(422.1, 407.2);GATE
Port:(522.2, 413.4)(528.1, 413.4)(528.1, 454.0)(522.2, 454.0);SD
Module:M35
Boundary:(195.3, 329.0)(195.3, 423.0)(115.9, 423.0)(115.9, 329.0);GATE
Port:(115.9, 341.5)(120.9, 341.5)(120.9, 410.5)(115.9, 410.5);SD
Port:(195.3, 329.0)(195.3, 423.0)(122.3, 423.0)(122.3, 329.0);GATE
Port:(184.5, 334.6)(190.7, 334.6)(190.7, 417.4)(184.5, 417.4);SD
Module:M32
Boundary:(1031.6, 216.2)(1031.6, 263.5)(918.4, 263.5)(918.4, 278.0)(817.9, 278.0)(817.9, 216.2);GATE
Port:(817.9, 227.7)(823.1, 227.7)(823.1, 266.5)(817.9, 266.5);SD
Port:(1031.6, 216.2)(1031.6, 263.5)(918.4, 263.5)(918.4, 278.0)(825.4, 278.0)(825.4, 216.2);GATE
Port:(1022.0, 221.3)(1027.5, 221.3)(1027.5, 257.4)(1022.0, 257.4);SD
Module:M27
Boundary:(1670.0, 512.3)(1763.4, 512.3)(1763.4, 655.8)(1670.0, 655.8);GATE
Port:(1682.4, 651.4)(1751.0, 651.4)(1751.0, 655.8)(1682.4, 655.8);SD
Port:(1670.0, 512.3)(1763.4, 512.3)(1763.4, 649.7)(1670.0, 649.7);GATE
Port:(1675.9, 517.2)(1757.5, 517.2)(1757.5, 522.1)(1675.9, 522.1);SD
Module:M24
Boundary:(1389.7, 304.5)(1479.0, 304.5)(1479.0, 374.8)(1495.3, 374.8)(1495.3, 507.0)(1389.7, 507.0);GATE
Port:(1404.2, 501.9)(1480.8, 501.9)(1480.8, 507.0)(1404.2, 507.0);SD
Port:(1389.7, 304.5)(1479.0, 304.5)(1479.0, 374.8)(1495.3, 374.8)(1495.3, 498.9)(1389.7, 498.9);GATE
Port:(1395.8, 309.6)(1471.9, 309.6)(1471.9, 316.4)(1395.8, 316.4);SD
Module:M19
Boundary:(1339.7, 397.6)(1339.7, 508.5)(1143.5, 508.5)(1143.5, 397.6);GATE
Port:(1143.5, 412.0)(1147.8, 412.0)(1147.8, 494.1)(1143.5, 494.1);SD
Port:(1339.7, 397.6)(1339.7, 508.5)(1149.2, 508.5)(1149.2, 397.6);GATE
Port:(1327.0, 404.4)(1333.9, 404.4)(1333.9, 501.7)(1327.0, 501.7);SD
Module:M6
Boundary:(1085.0, 20.0)(1142.9, 20.0)(1142.9, 63.5)(1156.0, 63.5)(1156.0, 151.8)(1085.0, 151.8);GATE
Port:(1095.5, 147.2)(1145.5, 147.2)(1145.5, 151.8)(1095.5, 151.8);SD
Port:(1085.0, 20.0)(1142.9, 20.0)(1142.9, 63.5)(1156.0, 63.5)(1156.0, 145.4)(1085.0, 145.4);GATE
Port:(1090.5, 24.5)(1136.4, 24.5)(1136.4, 29.0)(1090.5, 29.0);SD
Module:M21
Boundary:(206.9, 20.0)(206.9, 100.8)(206.7, 100.8)(206.7, 116.7)(20.0, 116.7)(20.0, 20.0);GATE
Port:(20.0, 33.1)(25.7, 33.1)(25.7, 103.6)(20.0, 103.6);SD
Port:(206.9, 20.0)(206.9, 100.8)(206.7, 100.8)(206.7, 116.7)(27.9, 116.7)(27.9, 20.0);GATE
Port:(196.2, 25.7)(202.2, 25.7)(202.2, 95.1)(196.2, 95.1);SD
Module:M2
Boundary:(1340.6, 558.5)(1340.6, 642.9)(1297.5, 642.9)(1297.5, 658.2)(1227.3, 658.2)(1227.3, 558.5);GATE
Port:(1227.3, 572.7)(1232.0, 572.7)(1232.0, 644.0)(1227.3, 644.0);SD
Port:(1340.6, 558.5)(1340.6, 642.9)(1297.5, 642.9)(1297.5, 658.2)(1234.5, 658.2)(1234.5, 558.5);GATE
Port:(1329.2, 564.6)(1335.5, 564.6)(1335.5, 635.8)(1329.2, 635.8);SD
Module:M16
Boundary:(690.0, 20.0)(753.9, 20.0)(753.9, 98.4)(767.9, 98.4)(767.9, 241.0)(690.0, 241.0);GATE
Port:(703.4, 235.2)(754.5, 235.2)(754.5, 241.0)(703.4, 241.0);SD
Port:(690.0, 20.0)(753.9, 20.0)(753.9, 98.4)(767.9, 98.4)(767.9, 234.2)(690.0, 234.2);GATE
Port:(696.3, 25.3)(746.6, 25.3)(746.6, 30.9)(696.3, 30.9);SD
Module:M13
Boundary:(246.9, 20.0)(277.1, 20.0)(277.1, 20.0)(291.1, 20.0)(291.1, 208.5)(246.9, 208.5);GATE
Port:(258.8, 204.5)(279.2, 204.5)(279.2, 208.5)(258.8, 208.5);SD
Port:(246.9, 20.0)(277.1, 20.0)(277.1, 20.0)(291.1, 20.0)(291.1, 203.4)(246.9, 203.4);GATE
Port:(252.0, 24.1)(272.0, 24.1)(272.0, 29.6)(252.0, 29.6);SD
Module:M45
Boundary:(192.2, 466.8)(192.2, 532.6)(192.0, 532.6)(192.0, 548.4)(20.0, 548.4)(20.0, 466.8);GATE
Port:(20.0, 480.5)(24.4, 480.5)(24.4, 534.7)(20.0, 534.7);SD
Port:(192.2, 466.8)(192.2, 532.6)(192.0, 532.6)(192.0, 548.4)(27.2, 548.4)(27.2, 466.8);GATE
Port:(180.7, 472.0)(188.0, 472.0)(188.0, 527.4)(180.7, 527.4);SD
Module:M10
Boundary:(672.6, 281.0)(717.2, 281.0)(717.2, 286.3)(731.1, 286.3)(731.1, 355.5)(672.6, 355.5);GATE
Port:(683.9, 351.2)(719.8, 351.2)(719.8, 355.5)(683.9, 355.5);SD
Port:(672.6, 281.0)(717.2, 281.0)(717.2, 286.3)(731.1, 286.3)(731.1, 349.2)(672.6, 349.2);GATE
Port:(677.8, 285.2)(711.0, 285.2)(711.0, 289.5)(677.8, 289.5);SD
Module:M42
Boundary:(246.9, 248.5)(350.0, 248.5)(350.0, 256.5)(365.5, 256.5)(365.5, 353.0)(246.9, 353.0);GATE
Port:(261.6, 348.7)(350.8, 348.7)(350.8, 353.0)(261.6, 353.0);SD
Port:(246.9, 248.5)(350.0, 248.5)(350.0, 256.5)(365.5, 256.5)(365.5, 345.9)(246.9, 345.9);GATE
Port:(253.3, 253.9)(342.6, 253.9)(342.6, 260.6)(253.3, 260.6);SD
Module:M37
Boundary:(1502.5, 20.0)(1502.5, 132.2)(1395.6, 132.2)(1395.6, 20.0);GATE
Port:(1395.6, 33.1)(1400.7, 33.1)(1400.7, 119.1)(1395.6, 119.1);SD
Port:(1502.5, 20.0)(1502.5, 132.2)(1402.2, 132.2)(1402.2, 20.0);GATE
Port:(1491.1, 25.2)(1498.3, 25.2)(1498.3, 127.0)(1491.1, 127.0);SD
Module:M34
Boundary:(1012.5, 564.8)(1012.5, 641.3)(949.2, 641.3)(949.2, 655.1)(885.4, 655.1)(885.4, 564.8);GATE
Port:(885.4, 576.8)(889.5, 576.8)(889.5, 643.1)(885.4, 643.1);SD
Port:(1012.5, 564.8)(1012.5, 641.3)(949.2, 641.3)(949.2, 655.1)(891.1, 655.1)(891.1, 564.8);GATE
Port:(1002.4, 570.2)(1008.1, 570.2)(1008.1, 634.9)(1002.4, 634.9);SD
Module:M29
Boundary:(650.0, 20.0)(650.0, 78.2)(446.9, 78.2)(446.9, 20.0);GATE
Port:(446.9, 32.1)(451.9, 32.1)(451.9, 66.1)(446.9, 66.1);SD
Port:(650.0, 20.0)(650.0, 78.2)(453.9, 78.2)(453.9, 20.0);GATE
Port:(639.6, 25.2)(645.8, 25.2)(645.8, 73.0)(639.6, 73.0);SD
Module:M7
Boundary:(331.1, 20.0)(406.9, 20.0)(406.9, 199.9)(331.1, 199.9);GATE
Port:(344.0, 195.6)(394.0, 195.6)(394.0, 199.9)(344.0, 199.9);SD
Port:(331.1, 20.0)(406.9, 20.0)(406.9, 194.2)(331.1, 194.2);GATE
Port:(337.1, 25.0)(400.9, 25.0)(400.9, 31.1)(337.1, 31.1);SD
Module:M31
Boundary:(1052.8, 328.0)(1052.8, 377.3)(1052.8, 377.3)(1052.8, 392.6)(885.4, 392.6)(885.4, 328.0);GATE
Port:(885.4, 341.9)(890.8, 341.9)(890.8, 378.7)(885.4, 378.7);SD
Port:(1052.8, 328.0)(1052.8, 377.3)(1052.8, 377.3)(1052.8, 392.6)(892.4, 392.6)(892.4, 328.0);GATE
Port:(1041.8, 334.4)(1047.4, 334.4)(1047.4, 370.9)(1041.8, 370.9);SD
Module:M3
Boundary:(20.0, 329.0)(57.2, 329.0)(57.2, 329.2)(75.9, 329.2)(75.9, 426.8)(20.0, 426.8);GATE
Port:(34.6, 422.8)(61.3, 422.8)(61.3, 426.8)(34.6, 426.8);SD
Port:(20.0, 329.0)(57.2, 329.0)(57.2, 329.2)(75.9, 329.2)(75.9, 421.6)(20.0, 421.6);GATE
Port:(25.2, 333.2)(52.0, 333.2)(52.0, 340.7)(25.2, 340.7);SD
Module:M26
Boundary:(1620.0, 557.0)(1620.0, 623.9)(1581.0, 623.9)(1581.0, 638.4)(1399.7, 638.4)(1399.7, 557.0);GATE
Port:(1399.7, 570.9)(1404.9, 570.9)(1404.9, 624.5)(1399.7, 624.5);SD
Port:(1620.0, 557.0)(1620.0, 623.9)(1581.0, 623.9)(1581.0, 638.4)(1406.2, 638.4)(1406.2, 557.0);GATE
Port:(1608.4, 563.5)(1614.5, 563.5)(1614.5, 616.4)(1608.4, 616.4);SD
Module:M23
Boundary:(1542.5, 381.4)(1592.9, 381.4)(1592.9, 499.5)(1542.5, 499.5);GATE
Port:(1555.6, 493.6)(1579.8, 493.6)(1579.8, 499.5)(1555.6, 499.5);SD
Port:(1542.5, 381.4)(1592.9, 381.4)(1592.9, 491.4)(1542.5, 491.4);GATE
Port:(1548.6, 386.5)(1586.8, 386.5)(1586.8, 392.0)(1548.6, 392.0);SD
Module:M18
Boundary:(345.0, 549.2)(345.0, 631.3)(305.0, 631.3)(305.0, 646.7)(242.2, 646.7)(242.2, 549.2);GATE
Port:(242.2, 561.3)(247.0, 561.3)(247.0, 634.6)(242.2, 634.6);SD
Port:(345.0, 549.2)(345.0, 631.3)(305.0, 631.3)(305.0, 646.7)(249.3, 646.7)(249.3, 549.2);GATE
Port:(335.4, 554.9)(340.3, 554.9)(340.3, 624.6)(335.4, 624.6);SD
Module:M20
Boundary:(1187.3, 564.8)(1187.3, 633.5)(1176.1, 633.5)(1176.1, 649.3)(1052.5, 649.3)(1052.5, 564.8);GATE
Port:(1052.5, 578.4)(1057.5, 578.4)(1057.5, 635.7)(1052.5, 635.7);SD
Port:(1187.3, 564.8)(1187.3, 633.5)(1176.1, 633.5)(1176.1, 649.3)(1060.3, 649.3)(1060.3, 564.8);GATE
Port:(1176.6, 570.7)(1182.4, 570.7)(1182.4, 626.6)(1176.6, 626.6);SD
Module:M15
Boundary:(1092.8, 191.8)(1200.1, 191.8)(1200.1, 309.7)(1092.8, 309.7);GATE
Port:(1106.4, 304.2)(1186.5, 304.2)(1186.5, 309.7)(1106.4, 309.7);SD
Port:(1092.8, 191.8)(1200.1, 191.8)(1200.1, 301.9)(1092.8, 301.9);GATE
Port:(1098.3, 196.3)(1194.6, 196.3)(1194.6, 203.2)(1098.3, 203.2);SD
Module:M12
Boundary:(1240.1, 159.5)(1316.5, 159.5)(1316.5, 191.3)(1334.6, 191.3)(1334.6, 347.6)(1240.1, 347.6);GATE
Port:(1254.7, 342.0)(1320.0, 342.0)(1320.0, 347.6)(1254.7, 347.6);SD
Port:(1240.1, 159.5)(1316.5, 159.5)(1316.5, 191.3)(1334.6, 191.3)(1334.6, 339.3)(1240.1, 339.3);GATE
Port:(1246.2, 164.6)(1309.4, 164.6)(1309.4, 171.0)(1246.2, 171.0);SD
Module:M44
Boundary:(1093.5, 432.6)(1093.5, 513.0)(1001.8, 513.0)(1001.8, 524.8)(885.4, 524.8)(885.4, 432.6);GATE
Port:(885.4, 443.6)(890.7, 443.6)(890.7, 513.8)(885.4, 513.8);SD
Port:(1093.5, 432.6)(1093.5, 513.0)(1001.8, 513.0)(1001.8, 524.8)(893.3, 524.8)(893.3, 432.6);GATE
Port:(1084.2, 437.6)(1089.5, 437.6)(1089.5, 507.0)(1084.2, 507.0);SD
Module:M39
Boundary:(346.7, 403.0)(346.7, 489.2)(250.8, 489.2)(250.8, 403.0);GATE
Port:(250.8, 418.1)(255.2, 418.1)(255.2, 474.1)(250.8, 474.1);SD
Port:(346.7, 403.0)(346.7, 489.2)(257.0, 489.2)(257.0, 403.0);GATE
Port:(333.5, 409.4)(341.3, 409.4)(341.3, 482.8)(333.5, 482.8);SD
Module:M8
Boundary:(164.4, 588.4)(164.4, 637.8)(80.4, 637.8)(80.4, 653.4)(20.0, 653.4)(20.0, 588.4);GATE
Port:(20.0, 600.5)(25.1, 600.5)(25.1, 641.3)(20.0, 641.3);SD
Port:(164.4, 588.4)(164.4, 637.8)(80.4, 637.8)(80.4, 653.4)(27.7, 653.4)(27.7, 588.4);GATE
Port:(154.7, 593.6)(160.2, 593.6)(160.2, 631.6)(154.7, 631.6);SD
Module:M41
Boundary:(1666.8, 20.0)(1741.8, 20.0)(1741.8, 20.1)(1760.0, 20.1)(1760.0, 112.8)(1666.8, 112.8);GATE
Port:(1682.9, 107.3)(1743.9, 107.3)(1743.9, 112.8)(1682.9, 112.8);SD
Port:(1666.8, 20.0)(1741.8, 20.0)(1741.8, 20.1)(1760.0, 20.1)(1760.0, 105.7)(1666.8, 105.7);GATE
Port:(1673.6, 25.8)(1735.0, 25.8)(1735.0, 32.6)(1673.6, 32.6);SD
Module:M4
Boundary:(1355.6, 20.0)(1355.6, 104.8)(1302.6, 104.8)(1302.6, 119.5)(1196.0, 119.5)(1196.0, 20.0);GATE
Port:(1196.0, 34.9)(1201.2, 34.9)(1201.2, 104.6)(1196.0, 104.6);SD
Port:(1355.6, 20.0)(1355.6, 104.8)(1302.6, 104.8)(1302.6, 119.5)(1203.1, 119.5)(1203.1, 20.0);GATE
Port:(1342.6, 26.4)(1350.2, 26.4)(1350.2, 97.4)(1342.6, 97.4);SD
Module:M36
Boundary:(1542.5, 20.0)(1611.2, 20.0)(1611.2, 100.7)(1626.8, 100.7)(1626.8, 180.2)(1542.5, 180.2);GATE
Port:(1555.8, 175.7)(1613.5, 175.7)(1613.5, 180.2)(1555.8, 180.2);SD
Port:(1542.5, 20.0)(1611.2, 20.0)(1611.2, 100.7)(1626.8, 100.7)(1626.8, 173.4)(1542.5, 173.4);GATE
Port:(1548.5, 25.0)(1604.2, 25.0)(1604.2, 30.8)(1548.5, 30.8);SD
Module:M33
Boundary:(771.1, 328.0)(841.2, 328.0)(841.2, 397.1)(771.1, 397.1);GATE
Port:(784.5, 392.6)(827.8, 392.6)(827.8, 397.1)(784.5, 397.1);SD
Port:(771.1, 328.0)(841.2, 328.0)(841.2, 390.7)(771.1, 390.7);GATE
Port:(777.0, 332.9)(835.3, 332.9)(835.3, 338.1)(777.0, 338.1);SD
Module:M28
Boundary:(600.2, 537.1)(600.2, 639.9)(495.7, 639.9)(495.7, 655.3)(396.7, 655.3)(396.7, 537.1);GATE
Port:(396.7, 552.1)(402.1, 552.1)(402.1, 640.3)(396.7, 640.3);SD
Port:(600.2, 537.1)(600.2, 639.9)(495.7, 639.9)(495.7, 655.3)(404.9, 655.3)(404.9, 537.1);GATE
Port:(587.8, 543.2)(595.1, 543.2)(595.1, 632.8)(587.8, 632.8);SD
Module:M30
Boundary:(1661.3, 400.6)(1749.4, 400.6)(1749.4, 414.1)(1762.2, 414.1)(1762.2, 472.3)(1661.3, 472.3);GATE
Port:(1673.8, 466.9)(1749.7, 466.9)(1749.7, 472.3)(1673.8, 472.3);SD
Port:(1661.3, 400.6)(1749.4, 400.6)(1749.4, 414.1)(1762.2, 414.1)(1762.2, 464.6)(1661.3, 464.6);GATE
Port:(1667.4, 405.7)(1742.3, 405.7)(1742.3, 411.3)(1667.4, 411.3);SD
Module:M25
Boundary:(743.6, 537.1)(743.6, 658.8)(640.2, 658.8)(640.2, 537.1);GATE
Port:(640.2, 550.3)(645.0, 550.3)(645.0, 645.6)(640.2, 645.6);SD
Port:(743.6, 537.1)(743.6, 658.8)(646.9, 658.8)(646.9, 537.1);GATE
Port:(733.4, 542.4)(739.3, 542.4)(739.3, 653.5)(733.4, 653.5);SD
Module:M22
Boundary:(1542.5, 220.2)(1607.6, 220.2)(1607.6, 229.5)(1621.3, 229.5)(1621.3, 341.4)(1542.5, 341.4);GATE
Port:(1556.4, 336.5)(1607.4, 336.5)(1607.4, 341.4)(1556.4, 341.4);SD
Port:(1542.5, 220.2)(1607.6, 220.2)(1607.6, 229.5)(1621.3, 229.5)(1621.3, 333.5)(1542.5, 333.5);GATE
Port:(1549.4, 226.1)(1599.7, 226.1)(1599.7, 232.2)(1549.4, 232.2);SD
Module:M17
Boundary:(1035.0, 30.0)(1035.0, 138.4)(1035.0, 138.4)(1035.0, 156.2)(817.9, 156.2)(817.9, 30.0);GATE
Port:(817.9, 45.2)(823.4, 45.2)(823.4, 141.0)(817.9, 141.0);SD
Port:(1035.0, 30.0)(1035.0, 138.4)(1035.0, 138.4)(1035.0, 156.2)(825.7, 156.2)(825.7, 30.0);GATE
Port:(1023.0, 36.3)(1029.7, 36.3)(1029.7, 132.1)(1023.0, 132.1);SD
