Area:(-20.0, -20.0)(695.0, -20.0)(695.0, 641.0)(-20.0, 641.0)
Rule:GATE(5,5);SD(5,5);GATE_SD(0.5);GATE_ITO(0.5);SD_ITO(0.5)
Module:M14
Boundary:(369.0, 397.0)(498.5, 397.0)(498.5, 411.0)(514.0, 411.0)(514.0, 592.0)(369.0, 592.0);GATE
Port:(383.5, 582.0)(499.5, 582.0)(499.5, 592.0)(383.5, 592.0);SD
Port:(369.0, 397.0)(498.5, 397.0)(498.5, 411.0)(514.0, 411.0)(514.0, 577.0)(369.0, 577.0);GATE
Port:(379.0, 402.0)(484.0, 402.0)(484.0, 406.0)(379.0, 406.0);SD
Module:M9
Boundary:(153.0, 309.0)(153.0, 382.0)(20.0, 382.0)(20.0, 309.0);GATE
Port:(20.0, 323.5)(30.0, 323.5)(30.0, 367.5)(20.0, 367.5);SD
Port:(153.0, 309.0)(153.0, 382.0)(35.0, 382.0)(35.0, 309.0);GATE
Port:(144.0, 319.0)(148.0, 319.0)(148.0, 372.0)(144.0, 372.0);SD
Module:M5
Boundary:(332.0, 242.0)(332.0, 318.0)(324.0, 318.0)(324.0, 333.0)(193.0, 333.0)(193.0, 242.0);GATE
Port:(193.0, 256.5)(203.0, 256.5)(203.0, 318.5)(193.0, 318.5);SD
Port:(332.0, 242.0)(332.0, 318.0)(324.0, 318.0)(324.0, 333.0)(208.0, 333.0)(208.0, 242.0);GATE
Port:(323.0, 252.0)(327.0, 252.0)(327.0, 303.0)(323.0, 303.0);SD
Module:M11
Boundary:(564.0, 294.0)(640.0, 294.0)(640.0, 302.0)(655.0, 302.0)(655.0, 385.0)(564.0, 385.0);GATE
Port:(578.5, 375.0)(640.5, 375.0)(640.5, 385.0)(578.5, 385.0);SD
Port:(564.0, 294.0)(640.0, 294.0)(640.0, 302.0)(655.0, 302.0)(655.0, 370.0)(564.0, 370.0);GATE
Port:(574.0, 299.0)(625.0, 299.0)(625.0, 303.0)(574.0, 303.0);SD
Module:M1
Boundary:(309.0, 383.0)(309.0, 456.0)(203.0, 456.0)(203.0, 383.0);GATE
Port:(203.0, 397.5)(213.0, 397.5)(213.0, 441.5)(203.0, 441.5);SD
Port:(309.0, 383.0)(309.0, 456.0)(218.0, 456.0)(218.0, 383.0);GATE
Port:(300.0, 393.0)(304.0, 393.0)(304.0, 446.0)(300.0, 446.0);SD
Module:M6
Boundary:(212.0, 20.0)(341.5, 20.0)(341.5, 34.0)(357.0, 34.0)(357.0, 202.0)(212.0, 202.0);GATE
Port:(226.5, 192.0)(342.5, 192.0)(342.5, 202.0)(226.5, 202.0);SD
Port:(212.0, 20.0)(341.5, 20.0)(341.5, 34.0)(357.0, 34.0)(357.0, 187.0)(212.0, 187.0);GATE
Port:(222.0, 25.0)(327.0, 25.0)(327.0, 29.0)(222.0, 29.0);SD
Module:M2
Boundary:(572.0, 20.0)(645.0, 20.0)(645.0, 84.0)(572.0, 84.0);GATE
Port:(586.5, 74.0)(630.5, 74.0)(630.5, 84.0)(586.5, 84.0);SD
Port:(572.0, 20.0)(645.0, 20.0)(645.0, 69.0)(572.0, 69.0);GATE
Port:(582.0, 25.0)(635.0, 25.0)(635.0, 29.0)(582.0, 29.0);SD
Module:M16
Boundary:(20.0, 205.0)(131.5, 205.0)(131.5, 217.0)(147.0, 217.0)(147.0, 269.0)(20.0, 269.0);GATE
Port:(34.5, 259.0)(132.5, 259.0)(132.5, 269.0)(34.5, 269.0);SD
Port:(20.0, 205.0)(131.5, 205.0)(131.5, 217.0)(147.0, 217.0)(147.0, 254.0)(20.0, 254.0);GATE
Port:(30.0, 210.0)(117.0, 210.0)(117.0, 214.0)(30.0, 214.0);SD
Module:M13
Boundary:(172.0, 20.0)(172.0, 149.5)(158.0, 149.5)(158.0, 165.0)(20.0, 165.0)(20.0, 20.0);GATE
Port:(20.0, 34.5)(30.0, 34.5)(30.0, 150.5)(20.0, 150.5);SD
Port:(172.0, 20.0)(172.0, 149.5)(158.0, 149.5)(158.0, 165.0)(35.0, 165.0)(35.0, 20.0);GATE
Port:(163.0, 30.0)(167.0, 30.0)(167.0, 135.0)(163.0, 135.0);SD
Module:M10
Boundary:(372.0, 282.0)(501.5, 282.0)(501.5, 296.0)(517.0, 296.0)(517.0, 347.0)(372.0, 347.0);GATE
Port:(386.5, 337.0)(502.5, 337.0)(502.5, 347.0)(386.5, 347.0);SD
Port:(372.0, 282.0)(501.5, 282.0)(501.5, 296.0)(517.0, 296.0)(517.0, 332.0)(372.0, 332.0);GATE
Port:(382.0, 287.0)(487.0, 287.0)(487.0, 291.0)(382.0, 291.0);SD
Module:M7
Boundary:(187.0, 506.0)(298.5, 506.0)(298.5, 518.0)(314.0, 518.0)(314.0, 596.0)(187.0, 596.0);GATE
Port:(201.5, 586.0)(299.5, 586.0)(299.5, 596.0)(201.5, 596.0);SD
Port:(187.0, 506.0)(298.5, 506.0)(298.5, 518.0)(314.0, 518.0)(314.0, 581.0)(187.0, 581.0);GATE
Port:(197.0, 511.0)(284.0, 511.0)(284.0, 515.0)(197.0, 515.0);SD
Module:M3
Boundary:(532.0, 20.0)(532.0, 113.5)(522.0, 113.5)(522.0, 129.0)(397.0, 129.0)(397.0, 20.0);GATE
Port:(397.0, 34.5)(407.0, 34.5)(407.0, 114.5)(397.0, 114.5);SD
Port:(532.0, 20.0)(532.0, 113.5)(522.0, 113.5)(522.0, 129.0)(412.0, 129.0)(412.0, 20.0);GATE
Port:(523.0, 30.0)(527.0, 30.0)(527.0, 99.0)(523.0, 99.0);SD
Module:M15
Boundary:(573.0, 124.0)(646.0, 124.0)(646.0, 254.0)(573.0, 254.0);GATE
Port:(587.5, 244.0)(631.5, 244.0)(631.5, 254.0)(587.5, 254.0);SD
Port:(573.0, 124.0)(646.0, 124.0)(646.0, 239.0)(573.0, 239.0);GATE
Port:(583.0, 129.0)(636.0, 129.0)(636.0, 133.0)(583.0, 133.0);SD
Module:M12
Boundary:(20.0, 422.0)(131.5, 422.0)(131.5, 434.0)(147.0, 434.0)(147.0, 601.0)(20.0, 601.0);GATE
Port:(34.5, 591.0)(132.5, 591.0)(132.5, 601.0)(34.5, 601.0);SD
Port:(20.0, 422.0)(131.5, 422.0)(131.5, 434.0)(147.0, 434.0)(147.0, 586.0)(20.0, 586.0);GATE
Port:(30.0, 427.0)(117.0, 427.0)(117.0, 431.0)(30.0, 431.0);SD
Module:M8
Boundary:(533.0, 169.0)(533.0, 242.0)(397.0, 242.0)(397.0, 169.0);GATE
Port:(397.0, 183.5)(407.0, 183.5)(407.0, 227.5)(397.0, 227.5);SD
Port:(533.0, 169.0)(533.0, 242.0)(412.0, 242.0)(412.0, 169.0);GATE
Port:(524.0, 179.0)(528.0, 179.0)(528.0, 232.0)(524.0, 232.0);SD
Module:M4
Boundary:(654.0, 425.0)(654.0, 554.5)(640.0, 554.5)(640.0, 570.0)(564.0, 570.0)(564.0, 425.0);GATE
Port:(564.0, 439.5)(574.0, 439.5)(574.0, 555.5)(564.0, 555.5);SD
Port:(654.0, 425.0)(654.0, 554.5)(640.0, 554.5)(640.0, 570.0)(579.0, 570.0)(579.0, 425.0);GATE
Port:(645.0, 435.0)(649.0, 435.0)(649.0, 540.0)(645.0, 540.0);SD
