Area:(-20.0, -20.0)(527.0, -20.0)(527.0, 1011.0)(-20.0, 1011.0)
Rule:GATE(5,5);SD(5,5);GATE_SD(0.5);GATE_ITO(0.5);SD_ITO(0.5)
Module:M14
Boundary:(30.0, 463.0)(103.0, 463.0)(103.0, 662.0)(30.0, 662.0);GATE
Port:(44.5, 652.0)(88.5, 652.0)(88.5, 662.0)(44.5, 662.0);SD
Port:(30.0, 463.0)(103.0, 463.0)(103.0, 647.0)(30.0, 647.0);GATE
Port:(40.0, 468.0)(93.0, 468.0)(93.0, 472.0)(40.0, 472.0);SD
Module:M9
Boundary:(20.0, 169.0)(131.5, 169.0)(131.5, 181.0)(147.0, 181.0)(147.0, 230.0)(20.0, 230.0);GATE
Port:(34.5, 220.0)(132.5, 220.0)(132.5, 230.0)(34.5, 230.0);SD
Port:(20.0, 169.0)(131.5, 169.0)(131.5, 181.0)(147.0, 181.0)(147.0, 215.0)(20.0, 215.0);GATE
Port:(30.0, 174.0)(117.0, 174.0)(117.0, 178.0)(30.0, 178.0);SD
Module:M5
Boundary:(484.0, 426.0)(484.0, 573.5)(468.0, 573.5)(468.0, 589.0)(302.0, 589.0)(302.0, 426.0);GATE
Port:(302.0, 440.5)(312.0, 440.5)(312.0, 574.5)(302.0, 574.5);SD
Port:(484.0, 426.0)(484.0, 573.5)(468.0, 573.5)(468.0, 589.0)(317.0, 589.0)(317.0, 426.0);GATE
Port:(475.0, 436.0)(479.0, 436.0)(479.0, 559.0)(475.0, 559.0);SD
Module:M11
Boundary:(204.0, 857.0)(204.0, 933.0)(196.0, 933.0)(196.0, 948.0)(20.0, 948.0)(20.0, 857.0);GATE
Port:(20.0, 871.5)(30.0, 871.5)(30.0, 933.5)(20.0, 933.5);SD
Port:(204.0, 857.0)(204.0, 933.0)(196.0, 933.0)(196.0, 948.0)(35.0, 948.0)(35.0, 857.0);GATE
Port:(195.0, 867.0)(199.0, 867.0)(199.0, 918.0)(195.0, 918.0);SD
Module:M1
Boundary:(299.0, 143.0)(299.0, 219.0)(291.0, 219.0)(291.0, 234.0)(197.0, 234.0)(197.0, 143.0);GATE
Port:(197.0, 157.5)(207.0, 157.5)(207.0, 219.5)(197.0, 219.5);SD
Port:(299.0, 143.0)(299.0, 219.0)(291.0, 219.0)(291.0, 234.0)(212.0, 234.0)(212.0, 143.0);GATE
Port:(290.0, 153.0)(294.0, 153.0)(294.0, 204.0)(290.0, 204.0);SD
Module:M6
Boundary:(487.0, 133.0)(487.0, 244.5)(417.0, 244.5)(417.0, 386.0)(349.0, 386.0)(349.0, 133.0);GATE
Port:(349.0, 147.5)(359.0, 147.5)(359.0, 371.5)(349.0, 371.5);SD
Port:(487.0, 133.0)(487.0, 244.5)(417.0, 244.5)(417.0, 386.0)(364.0, 386.0)(364.0, 133.0);GATE
Port:(478.0, 143.0)(482.0, 143.0)(482.0, 230.0)(478.0, 230.0);SD
Module:M2
Boundary:(487.0, 822.0)(487.0, 951.5)(473.0, 951.5)(473.0, 967.0)(357.0, 967.0)(357.0, 822.0);GATE
Port:(357.0, 836.5)(367.0, 836.5)(367.0, 952.5)(357.0, 952.5);SD
Port:(487.0, 822.0)(487.0, 951.5)(473.0, 951.5)(473.0, 967.0)(372.0, 967.0)(372.0, 822.0);GATE
Port:(478.0, 832.0)(482.0, 832.0)(482.0, 937.0)(478.0, 937.0);SD
Module:M16
Boundary:(20.0, 712.0)(95.5, 712.0)(95.5, 759.2)(183.0, 759.2)(183.0, 817.0)(20.0, 817.0);GATE
Port:(34.5, 807.0)(168.5, 807.0)(168.5, 817.0)(34.5, 817.0);SD
Port:(20.0, 712.0)(95.5, 712.0)(95.5, 759.2)(183.0, 759.2)(183.0, 802.0)(20.0, 802.0);GATE
Port:(30.0, 717.0)(81.0, 717.0)(81.0, 721.0)(30.0, 721.0);SD
Module:M13
Boundary:(153.0, 447.0)(246.5, 447.0)(246.5, 457.0)(262.0, 457.0)(262.0, 580.0)(153.0, 580.0);GATE
Port:(167.5, 570.0)(247.5, 570.0)(247.5, 580.0)(167.5, 580.0);SD
Port:(153.0, 447.0)(246.5, 447.0)(246.5, 457.0)(262.0, 457.0)(262.0, 565.0)(153.0, 565.0);GATE
Port:(163.0, 452.0)(232.0, 452.0)(232.0, 456.0)(163.0, 456.0);SD
Module:M10
Boundary:(123.0, 20.0)(123.0, 113.5)(113.0, 113.5)(113.0, 129.0)(20.0, 129.0)(20.0, 20.0);GATE
Port:(20.0, 34.5)(30.0, 34.5)(30.0, 114.5)(20.0, 114.5);SD
Port:(123.0, 20.0)(123.0, 113.5)(113.0, 113.5)(113.0, 129.0)(35.0, 129.0)(35.0, 20.0);GATE
Port:(114.0, 30.0)(118.0, 30.0)(118.0, 99.0)(114.0, 99.0);SD
Module:M7
Boundary:(20.0, 270.0)(96.0, 270.0)(96.0, 278.0)(111.0, 278.0)(111.0, 413.0)(20.0, 413.0);GATE
Port:(34.5, 403.0)(96.5, 403.0)(96.5, 413.0)(34.5, 413.0);SD
Port:(20.0, 270.0)(96.0, 270.0)(96.0, 278.0)(111.0, 278.0)(111.0, 398.0)(20.0, 398.0);GATE
Port:(30.0, 275.0)(81.0, 275.0)(81.0, 279.0)(30.0, 279.0);SD
Module:M3
Boundary:(244.0, 822.0)(317.0, 822.0)(317.0, 971.0)(244.0, 971.0);GATE
Port:(258.5, 961.0)(302.5, 961.0)(302.5, 971.0)(258.5, 971.0);SD
Port:(244.0, 822.0)(317.0, 822.0)(317.0, 956.0)(244.0, 956.0);GATE
Port:(254.0, 827.0)(307.0, 827.0)(307.0, 831.0)(254.0, 831.0);SD
Module:M15
Boundary:(223.0, 629.0)(316.5, 629.0)(316.5, 699.4)(476.0, 699.4)(476.0, 782.0)(223.0, 782.0);GATE
Port:(237.5, 772.0)(461.5, 772.0)(461.5, 782.0)(237.5, 782.0);SD
Port:(223.0, 629.0)(316.5, 629.0)(316.5, 699.4)(476.0, 699.4)(476.0, 767.0)(223.0, 767.0);GATE
Port:(233.0, 634.0)(302.0, 634.0)(302.0, 638.0)(233.0, 638.0);SD
Module:M12
Boundary:(153.0, 284.0)(246.5, 284.0)(246.5, 294.0)(262.0, 294.0)(262.0, 407.0)(153.0, 407.0);GATE
Port:(167.5, 397.0)(247.5, 397.0)(247.5, 407.0)(167.5, 407.0);SD
Port:(153.0, 284.0)(246.5, 284.0)(246.5, 294.0)(262.0, 294.0)(262.0, 392.0)(153.0, 392.0);GATE
Port:(163.0, 289.0)(232.0, 289.0)(232.0, 293.0)(163.0, 293.0);SD
Module:M8
Boundary:(250.0, 20.0)(250.0, 93.0)(163.0, 93.0)(163.0, 20.0);GATE
Port:(163.0, 34.5)(173.0, 34.5)(173.0, 78.5)(163.0, 78.5);SD
Port:(250.0, 20.0)(250.0, 93.0)(178.0, 93.0)(178.0, 20.0);GATE
Port:(241.0, 30.0)(245.0, 30.0)(245.0, 83.0)(241.0, 83.0);SD
Module:M4
Boundary:(483.0, 20.0)(483.0, 93.0)(290.0, 93.0)(290.0, 20.0);GATE
Port:(290.0, 34.5)(300.0, 34.5)(300.0, 78.5)(290.0, 78.5);SD
Port:(483.0, 20.0)(483.0, 93.0)(305.0, 93.0)(305.0, 20.0);GATE
Port:(474.0, 30.0)(478.0, 30.0)(478.0, 83.0)(474.0, 83.0);SD
