Area:(-20.0, -30.0)(674.3, -30.0)(674.3, 1616.8)(-20.0, 1616.8)
Rule:GATE(5,5);SD(5,5);GATE_SD(0.5);GATE_ITO(0.5);SD_ITO(0.5)
Module:M14
Boundary:(613.4, 1441.6)(613.4, 1550.7)(501.6, 1550.7)(501.6, 1567.4)(402.6, 1567.4)(402.6, 1441.6);GATE
Port:(402.6, 1456.5)(407.9, 1456.5)(407.9, 1552.5)(402.6, 1552.5);SD
Port:(613.4, 1441.6)(613.4, 1550.7)(501.6, 1550.7)(501.6, 1567.4)(409.4, 1567.4)(409.4, 1441.6);GATE
Port:(601.7, 1448.1)(607.9, 1448.1)(607.9, 1543.2)(601.7, 1543.2);SD
Module:M9
Boundary:(257.1, 230.2)(257.1, 319.2)(256.9, 319.2)(256.9, 332.8)(128.8, 332.8)(128.8, 230.2);GATE
Port:(128.8, 244.1)(133.0, 244.1)(133.0, 318.9)(128.8, 318.9);SD
Port:(257.1, 230.2)(257.1, 319.2)(256.9, 319.2)(256.9, 332.8)(135.4, 332.8)(135.4, 230.2);GATE
Port:(244.8, 237.1)(251.2, 237.1)(251.2, 312.3)(244.8, 312.3);SD
Module:M5
Boundary:(244.5, 842.3)(364.2, 842.3)(364.2, 982.9)(244.5, 982.9);GATE
Port:(258.3, 978.5)(350.4, 978.5)(350.4, 982.9)(258.3, 982.9);SD
Port:(244.5, 842.3)(364.2, 842.3)(364.2, 976.5)(244.5, 976.5);GATE
Port:(251.2, 848.0)(357.5, 848.0)(357.5, 853.8)(251.2, 853.8);SD
Module:M11
Boundary:(565.8, 1184.1)(565.8, 1249.9)(565.7, 1249.9)(565.7, 1264.4)(394.7, 1264.4)(394.7, 1184.1);GATE
Port:(394.7, 1199.4)(399.2, 1199.4)(399.2, 1249.1)(394.7, 1249.1);SD
Port:(565.8, 1184.1)(565.8, 1249.9)(565.7, 1249.9)(565.7, 1264.4)(402.1, 1264.4)(402.1, 1184.1);GATE
Port:(552.4, 1191.1)(559.8, 1191.1)(559.8, 1242.9)(552.4, 1242.9);SD
Module:M1
Boundary:(606.3, 1314.4)(606.3, 1381.6)(404.7, 1381.6)(404.7, 1314.4);GATE
Port:(404.7, 1329.1)(410.2, 1329.1)(410.2, 1366.9)(404.7, 1366.9);SD
Port:(606.3, 1314.4)(606.3, 1381.6)(413.1, 1381.6)(413.1, 1314.4);GATE
Port:(594.5, 1320.9)(600.8, 1320.9)(600.8, 1375.1)(594.5, 1375.1);SD
Module:M38
Boundary:(631.6, 175.7)(631.6, 254.8)(604.1, 254.8)(604.1, 269.6)(471.5, 269.6)(471.5, 175.7);GATE
Port:(471.5, 187.6)(477.3, 187.6)(477.3, 257.7)(471.5, 257.7);SD
Port:(631.6, 175.7)(631.6, 254.8)(604.1, 254.8)(604.1, 269.6)(479.2, 269.6)(479.2, 175.7);GATE
Port:(622.6, 181.3)(627.0, 181.3)(627.0, 248.2)(622.6, 248.2);SD
Module:M40
Boundary:(634.3, 557.7)(634.3, 645.3)(599.2, 645.3)(599.2, 658.1)(539.8, 658.1)(539.8, 557.7);GATE
Port:(539.8, 570.2)(544.9, 570.2)(544.9, 645.6)(539.8, 645.6);SD
Port:(634.3, 557.7)(634.3, 645.3)(599.2, 645.3)(599.2, 658.1)(546.2, 658.1)(546.2, 557.7);GATE
Port:(623.6, 563.5)(629.5, 563.5)(629.5, 638.5)(623.6, 638.5);SD
Module:M35
Boundary:(490.4, 20.0)(490.4, 117.1)(423.1, 117.1)(423.1, 20.0);GATE
Port:(423.1, 32.5)(427.1, 32.5)(427.1, 104.6)(423.1, 104.6);SD
Port:(490.4, 20.0)(490.4, 117.1)(429.4, 117.1)(429.4, 20.0);GATE
Port:(481.1, 26.0)(485.4, 26.0)(485.4, 111.1)(481.1, 111.1);SD
Module:M32
Boundary:(601.4, 309.6)(601.4, 363.4)(559.8, 363.4)(559.8, 379.0)(491.5, 379.0)(491.5, 309.6);GATE
Port:(491.5, 324.2)(497.4, 324.2)(497.4, 364.4)(491.5, 364.4);SD
Port:(601.4, 309.6)(601.4, 363.4)(559.8, 363.4)(559.8, 379.0)(499.1, 379.0)(499.1, 309.6);GATE
Port:(589.2, 316.1)(595.9, 316.1)(595.9, 355.9)(589.2, 355.9);SD
Module:M27
Boundary:(20.0, 1208.3)(83.8, 1208.3)(83.8, 1382.3)(20.0, 1382.3);GATE
Port:(34.2, 1377.2)(69.6, 1377.2)(69.6, 1382.3)(34.2, 1382.3);SD
Port:(20.0, 1208.3)(83.8, 1208.3)(83.8, 1375.6)(20.0, 1375.6);GATE
Port:(27.0, 1214.3)(76.8, 1214.3)(76.8, 1220.1)(27.0, 1220.1);SD
Module:M24
Boundary:(549.8, 429.0)(611.0, 429.0)(611.0, 444.1)(624.7, 444.1)(624.7, 527.7)(549.8, 527.7);GATE
Port:(562.1, 522.0)(612.4, 522.0)(612.4, 527.7)(562.1, 527.7);SD
Port:(549.8, 429.0)(611.0, 429.0)(611.0, 444.1)(624.7, 444.1)(624.7, 520.0)(549.8, 520.0);GATE
Port:(555.0, 433.2)(604.8, 433.2)(604.8, 439.3)(555.0, 439.3);SD
Module:M19
Boundary:(407.5, 849.8)(459.4, 849.8)(459.4, 1005.7)(407.5, 1005.7);GATE
Port:(420.7, 1000.0)(446.2, 1000.0)(446.2, 1005.7)(420.7, 1005.7);SD
Port:(407.5, 849.8)(459.4, 849.8)(459.4, 997.5)(407.5, 997.5);GATE
Port:(413.8, 855.1)(453.1, 855.1)(453.1, 859.6)(413.8, 859.6);SD
Module:M6
Boundary:(20.0, 216.1)(76.7, 216.1)(76.7, 273.5)(88.8, 273.5)(88.8, 337.6)(20.0, 337.6);GATE
Port:(31.7, 331.8)(77.1, 331.8)(77.1, 337.6)(31.7, 337.6);SD
Port:(20.0, 216.1)(76.7, 216.1)(76.7, 273.5)(88.8, 273.5)(88.8, 329.8)(20.0, 329.8);GATE
Port:(26.1, 221.2)(69.6, 221.2)(69.6, 226.3)(26.1, 226.3);SD
Module:M21
Boundary:(499.4, 849.8)(626.8, 849.8)(626.8, 1052.9)(499.4, 1052.9);GATE
Port:(514.3, 1048.1)(611.9, 1048.1)(611.9, 1052.9)(514.3, 1052.9);SD
Port:(499.4, 849.8)(626.8, 849.8)(626.8, 1046.2)(499.4, 1046.2);GATE
Port:(505.2, 854.6)(621.0, 854.6)(621.0, 861.5)(505.2, 861.5);SD
Module:M2
Boundary:(530.4, 20.0)(612.3, 20.0)(612.3, 50.3)(627.0, 50.3)(627.0, 145.7)(530.4, 145.7);GATE
Port:(544.1, 140.4)(613.3, 140.4)(613.3, 145.7)(544.1, 145.7);SD
Port:(530.4, 20.0)(612.3, 20.0)(612.3, 50.3)(627.0, 50.3)(627.0, 138.2)(530.4, 138.2);GATE
Port:(537.0, 25.6)(604.7, 25.6)(604.7, 31.3)(537.0, 31.3);SD
Module:M16
Boundary:(422.1, 439.9)(492.9, 439.9)(492.9, 478.0)(509.8, 478.0)(509.8, 559.4)(422.1, 559.4);GATE
Port:(435.4, 554.3)(496.5, 554.3)(496.5, 559.4)(435.4, 559.4);SD
Port:(422.1, 439.9)(492.9, 439.9)(492.9, 478.0)(509.8, 478.0)(509.8, 552.7)(422.1, 552.7);GATE
Port:(428.1, 444.9)(485.9, 444.9)(485.9, 449.8)(428.1, 449.8);SD
Module:M13
Boundary:(138.0, 852.3)(177.0, 852.3)(177.0, 852.4)(194.5, 852.4)(194.5, 1053.0)(138.0, 1053.0);GATE
Port:(154.0, 1048.4)(178.5, 1048.4)(178.5, 1053.0)(154.0, 1053.0);SD
Port:(138.0, 852.3)(177.0, 852.3)(177.0, 852.4)(194.5, 852.4)(194.5, 1045.8)(138.0, 1045.8);GATE
Port:(145.0, 858.3)(170.0, 858.3)(170.0, 864.9)(145.0, 864.9);SD
Module:M10
Boundary:(30.0, 30.0)(141.2, 30.0)(141.2, 107.5)(158.5, 107.5)(158.5, 166.1)(30.0, 166.1);GATE
Port:(45.0, 161.3)(143.5, 161.3)(143.5, 166.1)(45.0, 166.1);SD
Port:(30.0, 30.0)(141.2, 30.0)(141.2, 107.5)(158.5, 107.5)(158.5, 158.9)(30.0, 158.9);GATE
Port:(36.3, 35.3)(133.9, 35.3)(133.9, 41.8)(36.3, 41.8);SD
Module:M37
Boundary:(145.7, 638.8)(268.0, 638.8)(268.0, 812.3)(145.7, 812.3);GATE
Port:(159.0, 806.8)(254.7, 806.8)(254.7, 812.3)(159.0, 812.3);SD
Port:(145.7, 638.8)(268.0, 638.8)(268.0, 805.0)(145.7, 805.0);GATE
Port:(150.8, 642.9)(262.9, 642.9)(262.9, 649.1)(150.8, 649.1);SD
Module:M34
Boundary:(441.5, 319.1)(441.5, 386.1)(400.3, 386.1)(400.3, 399.9)(312.0, 399.9)(312.0, 319.1);GATE
Port:(312.0, 333.8)(316.7, 333.8)(316.7, 385.2)(312.0, 385.2);SD
Port:(441.5, 319.1)(441.5, 386.1)(400.3, 386.1)(400.3, 399.9)(319.1, 399.9)(319.1, 319.1);GATE
Port:(428.5, 325.9)(435.7, 325.9)(435.7, 378.3)(428.5, 378.3);SD
Module:M29
Boundary:(614.8, 1092.9)(614.8, 1144.1)(476.2, 1144.1)(476.2, 1092.9);GATE
Port:(476.2, 1107.0)(482.1, 1107.0)(482.1, 1130.0)(476.2, 1130.0);SD
Port:(614.8, 1092.9)(614.8, 1144.1)(484.0, 1144.1)(484.0, 1092.9);GATE
Port:(603.0, 1099.8)(608.9, 1099.8)(608.9, 1137.2)(603.0, 1137.2);SD
Module:M7
Boundary:(126.1, 1103.0)(210.0, 1103.0)(210.0, 1103.2)(223.6, 1103.2)(223.6, 1276.6)(126.1, 1276.6);GATE
Port:(137.8, 1271.3)(211.9, 1271.3)(211.9, 1276.6)(137.8, 1276.6);SD
Port:(126.1, 1103.0)(210.0, 1103.0)(210.0, 1103.2)(223.6, 1103.2)(223.6, 1269.6)(126.1, 1269.6);GATE
Port:(131.6, 1107.5)(204.5, 1107.5)(204.5, 1113.1)(131.6, 1113.1);SD
Module:M31
Boundary:(20.0, 1022.0)(86.1, 1022.0)(86.1, 1168.3)(20.0, 1168.3);GATE
Port:(33.7, 1162.8)(72.4, 1162.8)(72.4, 1168.3)(33.7, 1168.3);SD
Port:(20.0, 1022.0)(86.1, 1022.0)(86.1, 1160.1)(20.0, 1160.1);GATE
Port:(26.0, 1027.0)(80.1, 1027.0)(80.1, 1033.3)(26.0, 1033.3);SD
Module:M3
Boundary:(284.2, 20.0)(367.1, 20.0)(367.1, 20.1)(383.1, 20.1)(383.1, 107.8)(284.2, 107.8);GATE
Port:(297.9, 103.2)(369.4, 103.2)(369.4, 107.8)(297.9, 107.8);SD
Port:(284.2, 20.0)(367.1, 20.0)(367.1, 20.1)(383.1, 20.1)(383.1, 102.2)(284.2, 102.2);GATE
Port:(290.2, 25.0)(361.1, 25.0)(361.1, 31.3)(290.2, 31.3);SD
Module:M26
Boundary:(20.0, 648.8)(101.3, 648.8)(101.3, 691.5)(115.7, 691.5)(115.7, 781.5)(20.0, 781.5);GATE
Port:(33.8, 775.7)(101.9, 775.7)(101.9, 781.5)(33.8, 781.5);SD
Port:(20.0, 648.8)(101.3, 648.8)(101.3, 691.5)(115.7, 691.5)(115.7, 774.0)(20.0, 774.0);GATE
Port:(26.0, 653.8)(94.3, 653.8)(94.3, 659.7)(26.0, 659.7);SD
Module:M23
Boundary:(273.6, 1184.5)(344.7, 1184.5)(344.7, 1268.2)(273.6, 1268.2);GATE
Port:(288.0, 1263.9)(330.3, 1263.9)(330.3, 1268.2)(288.0, 1268.2);SD
Port:(273.6, 1184.5)(344.7, 1184.5)(344.7, 1261.5)(273.6, 1261.5);GATE
Port:(279.7, 1189.6)(338.6, 1189.6)(338.6, 1195.5)(279.7, 1195.5);SD
Module:M18
Boundary:(113.4, 506.5)(208.7, 506.5)(208.7, 520.0)(222.9, 520.0)(222.9, 598.8)(113.4, 598.8);GATE
Port:(126.4, 593.2)(209.9, 593.2)(209.9, 598.8)(126.4, 598.8);SD
Port:(113.4, 506.5)(208.7, 506.5)(208.7, 520.0)(222.9, 520.0)(222.9, 590.5)(113.4, 590.5);GATE
Port:(119.9, 512.0)(201.2, 512.0)(201.2, 518.0)(119.9, 518.0);SD
Module:M20
Boundary:(417.5, 614.8)(479.0, 614.8)(479.0, 663.4)(493.1, 663.4)(493.1, 799.8)(417.5, 799.8);GATE
Port:(428.8, 794.1)(481.8, 794.1)(481.8, 799.8)(428.8, 799.8);SD
Port:(417.5, 614.8)(479.0, 614.8)(479.0, 663.4)(493.1, 663.4)(493.1, 792.4)(417.5, 792.4);GATE
Port:(423.0, 619.3)(472.5, 619.3)(472.5, 624.1)(423.0, 624.1);SD
Module:M15
Boundary:(314.6, 1328.2)(314.6, 1379.6)(314.3, 1379.6)(314.3, 1397.5)(133.8, 1397.5)(133.8, 1328.2);GATE
Port:(133.8, 1341.6)(138.4, 1341.6)(138.4, 1384.1)(133.8, 1384.1);SD
Port:(314.6, 1328.2)(314.6, 1379.6)(314.3, 1379.6)(314.3, 1397.5)(141.0, 1397.5)(141.0, 1328.2);GATE
Port:(304.5, 1333.7)(310.1, 1333.7)(310.1, 1374.1)(304.5, 1374.1);SD
Module:M12
Boundary:(543.1, 688.1)(613.1, 688.1)(613.1, 745.4)(625.9, 745.4)(625.9, 805.3)(543.1, 805.3);GATE
Port:(553.6, 800.8)(615.4, 800.8)(615.4, 805.3)(553.6, 805.3);SD
Port:(543.1, 688.1)(613.1, 688.1)(613.1, 745.4)(625.9, 745.4)(625.9, 799.4)(543.1, 799.4);GATE
Port:(548.3, 692.3)(606.9, 692.3)(606.9, 696.6)(548.3, 696.6);SD
Module:M39
Boundary:(302.0, 594.8)(377.5, 594.8)(377.5, 799.4)(302.0, 799.4);GATE
Port:(314.6, 795.1)(364.9, 795.1)(364.9, 799.4)(314.6, 799.4);SD
Port:(302.0, 594.8)(377.5, 594.8)(377.5, 794.1)(302.0, 794.1);GATE
Port:(307.2, 599.0)(372.3, 599.0)(372.3, 605.7)(307.2, 605.7);SD
Module:M8
Boundary:(312.0, 439.9)(366.0, 439.9)(366.0, 490.5)(382.1, 490.5)(382.1, 564.8)(312.0, 564.8);GATE
Port:(326.0, 559.2)(368.1, 559.2)(368.1, 564.8)(326.0, 564.8);SD
Port:(312.0, 439.9)(366.0, 439.9)(366.0, 490.5)(382.1, 490.5)(382.1, 558.2)(312.0, 558.2);GATE
Port:(318.8, 445.7)(358.2, 445.7)(358.2, 451.1)(318.8, 451.1);SD
Module:M4
Boundary:(436.2, 1045.7)(436.2, 1118.1)(421.1, 1118.1)(421.1, 1134.5)(263.6, 1134.5)(263.6, 1045.7);GATE
Port:(263.6, 1060.5)(268.0, 1060.5)(268.0, 1119.7)(263.6, 1119.7);SD
Port:(436.2, 1045.7)(436.2, 1118.1)(421.1, 1118.1)(421.1, 1134.5)(269.9, 1134.5)(269.9, 1045.7);GATE
Port:(424.6, 1052.0)(430.9, 1052.0)(430.9, 1110.8)(424.6, 1110.8);SD
Module:M36
Boundary:(198.5, 10.0)(243.5, 10.0)(243.5, 26.6)(254.2, 26.6)(254.2, 200.2)(198.5, 200.2);GATE
Port:(210.6, 195.1)(242.1, 195.1)(242.1, 200.2)(210.6, 200.2);SD
Port:(198.5, 10.0)(243.5, 10.0)(243.5, 26.6)(254.2, 26.6)(254.2, 192.3)(198.5, 192.3);GATE
Port:(203.8, 14.3)(236.2, 14.3)(236.2, 20.5)(203.8, 20.5);SD
Module:M33
Boundary:(20.0, 377.6)(63.4, 377.6)(63.4, 561.0)(20.0, 561.0);GATE
Port:(31.5, 555.7)(51.9, 555.7)(51.9, 561.0)(31.5, 561.0);SD
Port:(20.0, 377.6)(63.4, 377.6)(63.4, 554.1)(20.0, 554.1);GATE
Port:(25.3, 381.9)(58.1, 381.9)(58.1, 387.0)(25.3, 387.0);SD
Module:M28
Boundary:(272.0, 377.6)(272.0, 442.2)(199.9, 442.2)(199.9, 456.5)(103.4, 456.5)(103.4, 377.6);GATE
Port:(103.4, 390.3)(107.7, 390.3)(107.7, 443.8)(103.4, 443.8);SD
Port:(272.0, 377.6)(272.0, 442.2)(199.9, 442.2)(199.9, 456.5)(110.7, 456.5)(110.7, 377.6);GATE
Port:(261.2, 383.5)(267.1, 383.5)(267.1, 435.3)(261.2, 435.3);SD
Module:M30
Boundary:(441.4, 157.1)(441.4, 263.2)(417.8, 263.2)(417.8, 279.1)(297.1, 279.1)(297.1, 157.1);GATE
Port:(297.1, 172.7)(302.1, 172.7)(302.1, 263.5)(297.1, 263.5);SD
Port:(441.4, 157.1)(441.4, 263.2)(417.8, 263.2)(417.8, 279.1)(303.4, 279.1)(303.4, 157.1);GATE
Port:(429.1, 163.6)(435.9, 163.6)(435.9, 255.7)(429.1, 255.7);SD
Module:M25
Boundary:(20.0, 1447.5)(97.3, 1447.5)(97.3, 1576.8)(20.0, 1576.8);GATE
Port:(33.2, 1572.1)(84.1, 1572.1)(84.1, 1576.8)(33.2, 1576.8);SD
Port:(20.0, 1447.5)(97.3, 1447.5)(97.3, 1569.3)(20.0, 1569.3);GATE
Port:(25.8, 1452.3)(91.5, 1452.3)(91.5, 1458.2)(25.8, 1458.2);SD
Module:M22
Boundary:(20.0, 821.5)(72.6, 821.5)(72.6, 904.1)(88.0, 904.1)(88.0, 982.0)(20.0, 982.0);GATE
Port:(33.7, 977.5)(74.3, 977.5)(74.3, 982.0)(33.7, 982.0);SD
Port:(20.0, 821.5)(72.6, 821.5)(72.6, 904.1)(88.0, 904.1)(88.0, 976.1)(20.0, 976.1);GATE
Port:(26.2, 826.7)(65.4, 826.7)(65.4, 833.0)(26.2, 833.0);SD
Module:M17
Boundary:(352.6, 1447.5)(352.6, 1551.9)(352.1, 1551.9)(352.1, 1569.0)(137.3, 1569.0)(137.3, 1447.5);GATE
Port:(137.3, 1461.6)(142.0, 1461.6)(142.0, 1554.9)(137.3, 1554.9);SD
Port:(352.6, 1447.5)(352.6, 1551.9)(352.1, 1551.9)(352.1, 1569.0)(144.1, 1569.0)(144.1, 1447.5);GATE
Port:(341.5, 1453.5)(347.6, 1453.5)(347.6, 1545.9)(341.5, 1545.9);SD
