Area:(-20.0, -20.0)(839.1, -20.0)(839.1, 808.2)(-20.0, 808.2)
Rule:GATE(5,5);SD(5,5);GATE_SD(0.5);GATE_ITO(0.5);SD_ITO(0.5)
Module:M14
Boundary:(507.0, 504.8)(507.0, 607.3)(426.4, 607.3)(426.4, 623.2)(279.8, 623.2)(279.8, 504.8);GATE
Port:(279.8, 518.3)(283.9, 518.3)(283.9, 609.7)(279.8, 609.7);SD
Port:(507.0, 504.8)(507.0, 607.3)(426.4, 607.3)(426.4, 623.2)(286.4, 623.2)(286.4, 504.8);GATE
Port:(496.4, 509.9)(502.9, 509.9)(502.9, 601.2)(496.4, 601.2);SD
Module:M9
Boundary:(160.8, 214.2)(232.8, 214.2)(232.8, 214.3)(250.6, 214.3)(250.6, 306.5)(160.8, 306.5);GATE
Port:(175.2, 301.4)(236.2, 301.4)(236.2, 306.5)(175.2, 306.5);SD
Port:(160.8, 214.2)(232.8, 214.2)(232.8, 214.3)(250.6, 214.3)(250.6, 298.6)(160.8, 298.6);GATE
Port:(166.4, 218.8)(227.2, 218.8)(227.2, 225.9)(166.4, 225.9);SD
Module:M5
Boundary:(725.3, 265.7)(775.2, 265.7)(775.2, 265.7)(790.7, 265.7)(790.7, 374.5)(725.3, 374.5);GATE
Port:(738.6, 369.6)(777.4, 369.6)(777.4, 374.5)(738.6, 374.5);SD
Port:(725.3, 265.7)(775.2, 265.7)(775.2, 265.7)(790.7, 265.7)(790.7, 367.2)(725.3, 367.2);GATE
Port:(731.5, 270.9)(769.0, 270.9)(769.0, 276.8)(731.5, 276.8);SD
Module:M11
Boundary:(415.7, 352.1)(415.7, 449.2)(415.6, 449.2)(415.6, 464.8)(279.8, 464.8)(279.8, 352.1);GATE
Port:(279.8, 366.0)(284.8, 366.0)(284.8, 450.9)(279.8, 450.9);SD
Port:(415.7, 352.1)(415.7, 449.2)(415.6, 449.2)(415.6, 464.8)(286.8, 464.8)(286.8, 352.1);GATE
Port:(404.4, 359.0)(409.8, 359.0)(409.8, 442.3)(404.4, 442.3);SD
Module:M1
Boundary:(407.6, 20.0)(456.3, 20.0)(456.3, 205.6)(407.6, 205.6);GATE
Port:(421.3, 201.4)(442.6, 201.4)(442.6, 205.6)(421.3, 205.6);SD
Port:(407.6, 20.0)(456.3, 20.0)(456.3, 199.3)(407.6, 199.3);GATE
Port:(414.5, 25.9)(449.4, 25.9)(449.4, 32.2)(414.5, 32.2);SD
Module:M24
Boundary:(20.0, 492.3)(100.6, 492.3)(100.6, 499.4)(114.5, 499.4)(114.5, 587.0)(20.0, 587.0);GATE
Port:(33.8, 581.7)(100.7, 581.7)(100.7, 587.0)(33.8, 587.0);SD
Port:(20.0, 492.3)(100.6, 492.3)(100.6, 499.4)(114.5, 499.4)(114.5, 579.9)(20.0, 579.9);GATE
Port:(26.9, 498.2)(92.7, 498.2)(92.7, 504.4)(26.9, 504.4);SD
Module:M19
Boundary:(154.5, 492.3)(239.8, 492.3)(239.8, 609.2)(154.5, 609.2);GATE
Port:(169.2, 604.7)(225.1, 604.7)(225.1, 609.2)(169.2, 609.2);SD
Port:(154.5, 492.3)(239.8, 492.3)(239.8, 602.1)(154.5, 602.1);GATE
Port:(161.2, 498.0)(233.1, 498.0)(233.1, 504.9)(161.2, 504.9);SD
Module:M6
Boundary:(646.4, 373.3)(646.4, 420.9)(529.4, 420.9)(529.4, 434.9)(455.7, 434.9)(455.7, 373.3);GATE
Port:(455.7, 385.8)(460.9, 385.8)(460.9, 422.4)(455.7, 422.4);SD
Port:(646.4, 373.3)(646.4, 420.9)(529.4, 420.9)(529.4, 434.9)(462.1, 434.9)(462.1, 373.3);GATE
Port:(636.5, 379.4)(641.3, 379.4)(641.3, 413.8)(636.5, 413.8);SD
Module:M21
Boundary:(20.0, 283.9)(82.5, 283.9)(82.5, 284.1)(97.5, 284.1)(97.5, 447.0)(20.0, 447.0);GATE
Port:(32.3, 442.3)(85.2, 442.3)(85.2, 447.0)(32.3, 447.0);SD
Port:(20.0, 283.9)(82.5, 283.9)(82.5, 284.1)(97.5, 284.1)(97.5, 441.3)(20.0, 441.3);GATE
Port:(26.9, 289.8)(75.6, 289.8)(75.6, 294.3)(26.9, 294.3);SD
Module:M2
Boundary:(795.4, 679.4)(795.4, 751.1)(753.3, 751.1)(753.3, 768.2)(664.9, 768.2)(664.9, 679.4);GATE
Port:(664.9, 693.1)(669.9, 693.1)(669.9, 754.5)(664.9, 754.5);SD
Port:(795.4, 679.4)(795.4, 751.1)(753.3, 751.1)(753.3, 768.2)(672.7, 768.2)(672.7, 679.4);GATE
Port:(784.8, 685.1)(790.7, 685.1)(790.7, 744.4)(784.8, 744.4);SD
Module:M16
Boundary:(234.5, 346.5)(234.5, 437.3)(234.1, 437.3)(234.1, 452.3)(137.5, 452.3)(137.5, 346.5);GATE
Port:(137.5, 358.1)(142.2, 358.1)(142.2, 440.7)(137.5, 440.7);SD
Port:(234.5, 346.5)(234.5, 437.3)(234.1, 437.3)(234.1, 452.3)(143.6, 452.3)(143.6, 346.5);GATE
Port:(225.0, 352.1)(229.9, 352.1)(229.9, 431.7)(225.0, 431.7);SD
Module:M13
Boundary:(496.3, 20.0)(564.4, 20.0)(564.4, 213.3)(496.3, 213.3);GATE
Port:(510.0, 208.4)(550.7, 208.4)(550.7, 213.3)(510.0, 213.3);SD
Port:(496.3, 20.0)(564.4, 20.0)(564.4, 205.5)(496.3, 205.5);GATE
Port:(502.1, 24.8)(558.6, 24.8)(558.6, 30.5)(502.1, 30.5);SD
Module:M10
Boundary:(160.8, 20.0)(225.6, 20.0)(225.6, 85.3)(239.8, 85.3)(239.8, 174.2)(160.8, 174.2);GATE
Port:(173.6, 169.8)(227.0, 169.8)(227.0, 174.2)(173.6, 174.2);SD
Port:(160.8, 20.0)(225.6, 20.0)(225.6, 85.3)(239.8, 85.3)(239.8, 166.9)(160.8, 166.9);GATE
Port:(166.5, 24.7)(218.9, 24.7)(218.9, 30.8)(166.5, 30.8);SD
Module:M7
Boundary:(699.0, 414.5)(782.5, 414.5)(782.5, 415.0)(799.1, 415.0)(799.1, 635.2)(699.0, 635.2);GATE
Port:(711.9, 631.0)(786.2, 631.0)(786.2, 635.2)(711.9, 635.2);SD
Port:(699.0, 414.5)(782.5, 414.5)(782.5, 415.0)(799.1, 415.0)(799.1, 628.8)(699.0, 628.8);GATE
Port:(705.2, 419.7)(776.3, 419.7)(776.3, 424.6)(705.2, 424.6);SD
Module:M3
Boundary:(279.8, 20.0)(367.6, 20.0)(367.6, 172.4)(279.8, 172.4);GATE
Port:(293.5, 167.6)(353.9, 167.6)(353.9, 172.4)(293.5, 172.4);SD
Port:(279.8, 20.0)(367.6, 20.0)(367.6, 165.7)(279.8, 165.7);GATE
Port:(285.7, 24.9)(361.7, 24.9)(361.7, 31.1)(285.7, 31.1);SD
Module:M23
Boundary:(604.4, 20.0)(673.6, 20.0)(673.6, 20.1)(691.1, 20.1)(691.1, 218.9)(604.4, 218.9);GATE
Port:(617.8, 213.6)(677.7, 213.6)(677.7, 218.9)(617.8, 218.9);SD
Port:(604.4, 20.0)(673.6, 20.0)(673.6, 20.1)(691.1, 20.1)(691.1, 212.3)(604.4, 212.3);GATE
Port:(610.4, 25.0)(667.6, 25.0)(667.6, 30.3)(610.4, 30.3);SD
Module:M18
Boundary:(624.9, 679.4)(624.9, 754.0)(619.6, 754.0)(619.6, 767.4)(547.0, 767.4)(547.0, 679.4);GATE
Port:(547.0, 691.5)(551.1, 691.5)(551.1, 755.3)(547.0, 755.3);SD
Port:(624.9, 679.4)(624.9, 754.0)(619.6, 754.0)(619.6, 767.4)(553.8, 767.4)(553.8, 679.4);GATE
Port:(615.0, 684.7)(620.6, 684.7)(620.6, 747.7)(615.0, 747.7);SD
Module:M20
Boundary:(334.9, 663.2)(334.9, 747.5)(238.5, 747.5)(238.5, 759.7)(150.4, 759.7)(150.4, 663.2);GATE
Port:(150.4, 675.0)(155.9, 675.0)(155.9, 747.9)(150.4, 747.9);SD
Port:(334.9, 663.2)(334.9, 747.5)(238.5, 747.5)(238.5, 759.7)(157.3, 759.7)(157.3, 663.2);GATE
Port:(324.7, 668.6)(330.5, 668.6)(330.5, 741.1)(324.7, 741.1);SD
Module:M15
Boundary:(731.1, 20.0)(775.4, 20.0)(775.4, 20.1)(789.3, 20.1)(789.3, 225.7)(731.1, 225.7);GATE
Port:(743.0, 221.3)(777.4, 221.3)(777.4, 225.7)(743.0, 225.7);SD
Port:(731.1, 20.0)(775.4, 20.0)(775.4, 20.1)(789.3, 20.1)(789.3, 218.6)(731.1, 218.6);GATE
Port:(737.0, 24.9)(769.5, 24.9)(769.5, 30.4)(737.0, 30.4);SD
Module:M12
Boundary:(20.0, 20.0)(104.9, 20.0)(104.9, 100.3)(120.8, 100.3)(120.8, 243.9)(20.0, 243.9);GATE
Port:(33.4, 239.5)(107.4, 239.5)(107.4, 243.9)(33.4, 243.9);SD
Port:(20.0, 20.0)(104.9, 20.0)(104.9, 100.3)(120.8, 100.3)(120.8, 238.4)(20.0, 238.4);GATE
Port:(25.2, 24.2)(98.7, 24.2)(98.7, 30.3)(25.2, 30.3);SD
Module:M8
Boundary:(374.9, 663.2)(487.6, 663.2)(487.6, 670.7)(505.6, 670.7)(505.6, 763.9)(374.9, 763.9);GATE
Port:(389.0, 759.5)(491.5, 759.5)(491.5, 763.9)(389.0, 763.9);SD
Port:(374.9, 663.2)(487.6, 663.2)(487.6, 670.7)(505.6, 670.7)(505.6, 756.6)(374.9, 756.6);GATE
Port:(380.6, 667.9)(480.9, 667.9)(480.9, 674.0)(380.6, 674.0);SD
Module:M4
Boundary:(20.0, 627.0)(96.7, 627.0)(96.7, 672.1)(110.4, 672.1)(110.4, 764.3)(20.0, 764.3);GATE
Port:(32.7, 758.5)(97.7, 758.5)(97.7, 764.3)(32.7, 764.3);SD
Port:(20.0, 627.0)(96.7, 627.0)(96.7, 672.1)(110.4, 672.1)(110.4, 755.8)(20.0, 755.8);GATE
Port:(26.1, 632.1)(89.6, 632.1)(89.6, 637.2)(26.1, 637.2);SD
Module:M25
Boundary:(290.6, 212.4)(345.1, 212.4)(345.1, 212.5)(362.8, 212.5)(362.8, 312.1)(290.6, 312.1);GATE
Port:(305.4, 308.0)(348.0, 308.0)(348.0, 312.1)(305.4, 312.1);SD
Port:(290.6, 212.4)(345.1, 212.4)(345.1, 212.5)(362.8, 212.5)(362.8, 305.1)(290.6, 305.1);GATE
Port:(296.7, 217.5)(339.0, 217.5)(339.0, 224.1)(296.7, 224.1);SD
Module:M22
Boundary:(547.0, 474.9)(644.6, 474.9)(644.6, 559.6)(659.0, 559.6)(659.0, 639.4)(547.0, 639.4);GATE
Port:(561.4, 634.1)(644.6, 634.1)(644.6, 639.4)(561.4, 639.4);SD
Port:(547.0, 474.9)(644.6, 474.9)(644.6, 559.6)(659.0, 559.6)(659.0, 632.9)(547.0, 632.9);GATE
Port:(553.1, 480.0)(637.5, 480.0)(637.5, 486.5)(553.1, 486.5);SD
Module:M17
Boundary:(685.3, 258.9)(685.3, 333.3)(496.3, 333.3)(496.3, 258.9);GATE
Port:(496.3, 272.0)(500.6, 272.0)(500.6, 320.2)(496.3, 320.2);SD
Port:(685.3, 258.9)(685.3, 333.3)(502.3, 333.3)(502.3, 258.9);GATE
Port:(674.4, 265.3)(679.9, 265.3)(679.9, 326.9)(674.4, 326.9);SD
