Area:(-20.0, -20.0)(651.3, -20.0)(651.3, 423.2)(-20.0, 423.2)
Rule:GATE(5,5);SD(5,5);GATE_SD(0.5);GATE_ITO(0.5);SD_ITO(0.5)
Module:M9
Boundary:(278.4, 272.7)(278.4, 364.9)(278.3, 364.9)(278.3, 383.2)(165.9, 383.2)(165.9, 272.7);GATE
Port:(165.9, 287.4)(169.9, 287.4)(169.9, 368.5)(165.9, 368.5);SD
Port:(278.4, 272.7)(278.4, 364.9)(278.3, 364.9)(278.3, 383.2)(172.1, 383.2)(172.1, 272.7);GATE
Port:(267.2, 279.5)(272.6, 279.5)(272.6, 358.1)(267.2, 358.1);SD
Module:M5
Boundary:(477.8, 270.8)(477.8, 370.9)(328.4, 370.9)(328.4, 270.8);GATE
Port:(328.4, 283.3)(334.4, 283.3)(334.4, 358.4)(328.4, 358.4);SD
Port:(477.8, 270.8)(477.8, 370.9)(335.6, 370.9)(335.6, 270.8);GATE
Port:(468.5, 276.9)(472.7, 276.9)(472.7, 364.8)(468.5, 364.8);SD
Module:M1
Boundary:(428.7, 176.6)(428.7, 220.8)(266.1, 220.8)(266.1, 176.6);GATE
Port:(266.1, 188.7)(270.3, 188.7)(270.3, 208.7)(266.1, 208.7);SD
Port:(428.7, 176.6)(428.7, 220.8)(272.6, 220.8)(272.6, 176.6);GATE
Port:(418.4, 183.1)(423.2, 183.1)(423.2, 214.3)(418.4, 214.3);SD
Module:M6
Boundary:(166.9, 20.0)(213.4, 20.0)(213.4, 133.1)(226.1, 133.1)(226.1, 232.7)(166.9, 232.7);GATE
Port:(179.7, 228.1)(213.3, 228.1)(213.3, 232.7)(179.7, 232.7);SD
Port:(166.9, 20.0)(213.4, 20.0)(213.4, 133.1)(226.1, 133.1)(226.1, 226.6)(166.9, 226.6);GATE
Port:(173.8, 25.9)(205.5, 25.9)(205.5, 30.6)(173.8, 30.6);SD
Module:M2
Boundary:(497.6, 20.0)(592.2, 20.0)(592.2, 57.2)(609.3, 57.2)(609.3, 140.3)(497.6, 140.3);GATE
Port:(514.0, 134.6)(592.9, 134.6)(592.9, 140.3)(514.0, 140.3);SD
Port:(497.6, 20.0)(592.2, 20.0)(592.2, 57.2)(609.3, 57.2)(609.3, 132.1)(497.6, 132.1);GATE
Port:(504.1, 25.5)(584.7, 25.5)(584.7, 33.0)(504.1, 33.0);SD
Module:M10
Boundary:(30.0, 202.7)(100.6, 202.7)(100.6, 213.4)(115.9, 213.4)(115.9, 337.8)(30.0, 337.8);GATE
Port:(44.7, 332.6)(101.2, 332.6)(101.2, 337.8)(44.7, 337.8);SD
Port:(30.0, 202.7)(100.6, 202.7)(100.6, 213.4)(115.9, 213.4)(115.9, 331.4)(30.0, 331.4);GATE
Port:(36.5, 208.2)(93.1, 208.2)(93.1, 215.1)(36.5, 215.1);SD
Module:M7
Boundary:(266.1, 20.0)(328.2, 20.0)(328.2, 125.8)(266.1, 125.8);GATE
Port:(279.7, 120.3)(314.6, 120.3)(314.6, 125.8)(279.7, 125.8);SD
Port:(266.1, 20.0)(328.2, 20.0)(328.2, 117.5)(266.1, 117.5);GATE
Port:(272.5, 25.4)(321.8, 25.4)(321.8, 31.8)(272.5, 31.8);SD
Module:M3
Boundary:(368.2, 20.0)(457.6, 20.0)(457.6, 136.6)(368.2, 136.6);GATE
Port:(381.3, 131.5)(444.5, 131.5)(444.5, 136.6)(381.3, 136.6);SD
Port:(368.2, 20.0)(457.6, 20.0)(457.6, 130.0)(368.2, 130.0);GATE
Port:(374.9, 25.7)(450.9, 25.7)(450.9, 30.9)(374.9, 30.9);SD
Module:M8
Boundary:(20.0, 20.0)(113.2, 20.0)(113.2, 63.5)(126.9, 63.5)(126.9, 152.7)(20.0, 152.7);GATE
Port:(32.9, 148.2)(114.0, 148.2)(114.0, 152.7)(32.9, 152.7);SD
Port:(20.0, 20.0)(113.2, 20.0)(113.2, 63.5)(126.9, 63.5)(126.9, 147.0)(20.0, 147.0);GATE
Port:(25.8, 24.8)(106.4, 24.8)(106.4, 31.2)(25.8, 31.2);SD
Module:M4
Boundary:(527.8, 180.3)(595.9, 180.3)(595.9, 264.4)(611.3, 264.4)(611.3, 372.4)(527.8, 372.4);GATE
Port:(541.2, 367.5)(597.9, 367.5)(597.9, 372.4)(541.2, 372.4);SD
Port:(527.8, 180.3)(595.9, 180.3)(595.9, 264.4)(611.3, 264.4)(611.3, 365.7)(527.8, 365.7);GATE
Port:(534.6, 186.1)(588.1, 186.1)(588.1, 191.3)(534.6, 191.3);SD
