Area:(-11.1, -13.8)(411.6, -13.8)(411.6, 998.4)(-11.1, 998.4)
Rule:GATE(5,5);SD(5,5);GATE_SD(0.5);GATE_ITO(0.5);SD_ITO(0.5)
Module:M14
Boundary:(160.7, 79.7)(252.8, 79.7)(252.8, 92.8)(266.9, 92.8)(266.9, 238.7)(160.7, 238.7);GATE
Port:(172.7, 233.8)(254.9, 233.8)(254.9, 238.7)(172.7, 238.7);SD
Port:(160.7, 79.7)(252.8, 79.7)(252.8, 92.8)(266.9, 92.8)(266.9, 232.6)(160.7, 232.6);GATE
Port:(165.8, 83.8)(246.7, 83.8)(246.7, 89.4)(165.8, 89.4);SD
Module:M12
Boundary:(65.1, 202.4)(132.2, 202.4)(132.2, 126.0)(147.8, 126.0)(147.8, 26.2)(65.1, 26.2);GATE
Port:(77.8, 26.2)(135.1, 26.2)(135.1, 31.2)(77.8, 31.2);SD
Port:(65.1, 202.4)(132.2, 202.4)(132.2, 126.0)(147.8, 126.0)(147.8, 33.3)(65.1, 33.3);GATE
Port:(71.3, 192.6)(125.0, 192.6)(125.0, 197.2)(71.3, 197.2);SD
Module:M6
Boundary:(274.2, 73.9)(322.8, 73.9)(322.8, 90.7)(336.5, 90.7)(336.5, 268.2)(274.2, 268.2);GATE
Port:(286.9, 263.1)(323.8, 263.1)(323.8, 268.2)(286.9, 268.2);SD
Port:(274.2, 73.9)(322.8, 73.9)(322.8, 90.7)(336.5, 90.7)(336.5, 261.4)(274.2, 261.4);GATE
Port:(281.1, 79.8)(314.9, 79.8)(314.9, 85.1)(281.1, 85.1);SD
Module:M8
Boundary:(221.5, 278.7)(221.5, 362.7)(204.8, 362.7)(204.8, 377.6)(28.9, 377.6)(28.9, 278.7);GATE
Port:(28.9, 292.4)(34.5, 292.4)(34.5, 363.9)(28.9, 363.9);SD
Port:(221.5, 278.7)(221.5, 362.7)(204.8, 362.7)(204.8, 377.6)(37.4, 377.6)(37.4, 278.7);GATE
Port:(210.3, 285.3)(215.9, 285.3)(215.9, 355.1)(210.3, 355.1);SD
Module:M3
Boundary:(336.5, 375.7)(336.5, 308.3)(336.4, 308.3)(336.4, 292.0)(228.7, 292.0)(228.7, 375.7);GATE
Port:(228.7, 305.5)(234.2, 305.5)(234.2, 362.2)(228.7, 362.2);SD
Port:(336.5, 375.7)(336.5, 308.3)(336.4, 308.3)(336.4, 292.0)(235.6, 292.0)(235.6, 375.7);GATE
Port:(324.8, 313.8)(332.0, 313.8)(332.0, 370.2)(324.8, 370.2);SD
Module:M5
Boundary:(351.7, 437.5)(351.7, 387.5)(221.2, 387.5)(221.2, 437.5);GATE
Port:(221.2, 400.7)(226.1, 400.7)(226.1, 424.3)(221.2, 424.3);SD
Port:(351.7, 437.5)(351.7, 387.5)(227.8, 387.5)(227.8, 437.5);GATE
Port:(341.0, 393.3)(346.9, 393.3)(346.9, 431.7)(341.0, 431.7);SD
Module:M7
Boundary:(209.1, 489.5)(176.2, 489.5)(176.2, 489.5)(162.1, 489.5)(162.1, 385.1)(209.1, 385.1);GATE
Port:(174.9, 385.1)(196.3, 385.1)(196.3, 390.2)(174.9, 390.2);SD
Port:(209.1, 489.5)(176.2, 489.5)(176.2, 489.5)(162.1, 489.5)(162.1, 392.4)(209.1, 392.4);GATE
Port:(182.8, 478.5)(202.5, 478.5)(202.5, 483.9)(182.8, 483.9);SD
Module:M13
Boundary:(143.4, 378.8)(60.7, 378.8)(60.7, 496.5)(143.4, 496.5);GATE
Port:(74.7, 491.2)(129.4, 491.2)(129.4, 496.5)(74.7, 496.5);SD
Port:(143.4, 378.8)(60.7, 378.8)(60.7, 488.3)(143.4, 488.3);GATE
Port:(66.2, 383.3)(137.9, 383.3)(137.9, 390.9)(66.2, 390.9);SD
Module:M11
Boundary:(267.8, 570.4)(354.7, 570.4)(354.7, 570.2)(371.6, 570.2)(371.6, 468.0)(267.8, 468.0);GATE
Port:(282.5, 468.0)(356.9, 468.0)(356.9, 473.4)(282.5, 473.4);SD
Port:(267.8, 570.4)(354.7, 570.4)(354.7, 570.2)(371.6, 570.2)(371.6, 476.1)(267.8, 476.1);GATE
Port:(274.7, 558.5)(347.8, 558.5)(347.8, 564.5)(274.7, 564.5);SD
Module:M10
Boundary:(158.9, 497.6)(218.9, 497.6)(218.9, 536.3)(231.4, 536.3)(231.4, 599.4)(158.9, 599.4);GATE
Port:(171.7, 594.0)(218.6, 594.0)(218.6, 599.4)(171.7, 599.4);SD
Port:(158.9, 497.6)(218.9, 497.6)(218.9, 536.3)(231.4, 536.3)(231.4, 591.9)(158.9, 591.9);GATE
Port:(165.8, 503.5)(211.0, 503.5)(211.0, 508.8)(165.8, 508.8);SD
Module:M16
Boundary:(132.0, 496.6)(50.9, 496.6)(50.9, 580.0)(36.7, 580.0)(36.7, 660.8)(132.0, 660.8);GATE
Port:(50.4, 656.5)(118.3, 656.5)(118.3, 660.8)(50.4, 660.8);SD
Port:(132.0, 496.6)(50.9, 496.6)(50.9, 580.0)(36.7, 580.0)(36.7, 654.0)(132.0, 654.0);GATE
Port:(58.4, 502.1)(125.5, 502.1)(125.5, 508.0)(58.4, 508.0);SD
Module:M15
Boundary:(169.5, 620.2)(218.2, 620.2)(218.2, 620.4)(233.6, 620.4)(233.6, 757.3)(169.5, 757.3);GATE
Port:(182.8, 751.7)(220.3, 751.7)(220.3, 757.3)(182.8, 757.3);SD
Port:(169.5, 620.2)(218.2, 620.2)(218.2, 620.4)(233.6, 620.4)(233.6, 750.6)(169.5, 750.6);GATE
Port:(175.4, 625.1)(212.3, 625.1)(212.3, 630.7)(175.4, 630.7);SD
Module:M9
Boundary:(169.3, 796.4)(58.2, 796.4)(58.2, 724.7)(169.3, 724.7);GATE
Port:(71.2, 724.7)(156.3, 724.7)(156.3, 729.0)(71.2, 729.0);SD
Port:(169.3, 796.4)(58.2, 796.4)(58.2, 731.1)(169.3, 731.1);GATE
Port:(64.1, 785.8)(163.4, 785.8)(163.4, 791.5)(64.1, 791.5);SD
Module:M2
Boundary:(359.4, 595.5)(279.3, 595.5)(279.3, 614.5)(264.3, 614.5)(264.3, 816.4)(359.4, 816.4);GATE
Port:(276.7, 810.4)(347.0, 810.4)(347.0, 816.4)(276.7, 816.4);SD
Port:(359.4, 595.5)(279.3, 595.5)(279.3, 614.5)(264.3, 614.5)(264.3, 807.5)(359.4, 807.5);GATE
Port:(286.3, 600.5)(353.4, 600.5)(353.4, 604.6)(286.3, 604.6);SD
Module:M1
Boundary:(188.3, 958.4)(188.3, 869.0)(359.2, 869.0)(359.2, 958.4);GATE
Port:(353.8, 881.7)(359.2, 881.7)(359.2, 945.7)(353.8, 945.7);SD
Port:(188.3, 958.4)(188.3, 869.0)(352.3, 869.0)(352.3, 958.4);GATE
Port:(193.3, 875.0)(198.5, 875.0)(198.5, 952.4)(193.3, 952.4);SD
Module:M4
Boundary:(156.3, 942.9)(156.3, 837.1)(112.0, 837.1)(112.0, 820.2)(44.8, 820.2)(44.8, 942.9);GATE
Port:(44.8, 832.9)(49.7, 832.9)(49.7, 930.2)(44.8, 930.2);SD
Port:(156.3, 942.9)(156.3, 837.1)(112.0, 837.1)(112.0, 820.2)(51.6, 820.2)(51.6, 942.9);GATE
Port:(146.9, 843.5)(151.9, 843.5)(151.9, 937.5)(146.9, 937.5);SD
