Area:(-20.0, 5.4)(594.0, 5.4)(594.0, 1339.3)(-20.0, 1339.3)
Rule:GATE(5,5);SD(5,5);GATE_SD(0.5);GATE_ITO(0.5);SD_ITO(0.5)
Module:M20
Boundary:(58.1, 203.8)(58.1, 74.3)(75.1, 74.3)(75.1, 58.8)(191.1, 58.8)(191.1, 203.8);GATE
Port:(181.1, 73.3)(191.1, 73.3)(191.1, 189.3)(181.1, 189.3);SD
Port:(58.1, 203.8)(58.1, 74.3)(75.1, 74.3)(75.1, 58.8)(176.1, 58.8)(176.1, 203.8);GATE
Port:(63.1, 88.8)(67.1, 88.8)(67.1, 193.8)(63.1, 193.8);SD
Module:M25
Boundary:(193.0, 45.4)(340.5, 45.4)(340.5, 61.4)(356.0, 61.4)(356.0, 206.4)(193.0, 206.4);GATE
Port:(207.5, 196.4)(341.5, 196.4)(341.5, 206.4)(207.5, 206.4);SD
Port:(193.0, 45.4)(340.5, 45.4)(340.5, 61.4)(356.0, 61.4)(356.0, 191.4)(193.0, 191.4);GATE
Port:(203.0, 50.4)(326.0, 50.4)(326.0, 54.4)(203.0, 54.4);SD
Module:M17
Boundary:(521.6, 230.6)(521.6, 83.1)(505.6, 83.1)(505.6, 67.6)(363.6, 67.6)(363.6, 230.6);GATE
Port:(363.6, 82.1)(373.6, 82.1)(373.6, 216.1)(363.6, 216.1);SD
Port:(521.6, 230.6)(521.6, 83.1)(505.6, 83.1)(505.6, 67.6)(378.6, 67.6)(378.6, 230.6);GATE
Port:(512.6, 97.6)(516.6, 97.6)(516.6, 220.6)(512.6, 220.6);SD
Module:M6
Boundary:(336.4, 306.8)(447.9, 306.8)(447.9, 294.8)(463.4, 294.8)(463.4, 239.8)(336.4, 239.8);GATE
Port:(350.9, 239.8)(448.9, 239.8)(448.9, 249.8)(350.9, 249.8);SD
Port:(336.4, 306.8)(447.9, 306.8)(447.9, 294.8)(463.4, 294.8)(463.4, 254.8)(336.4, 254.8);GATE
Port:(346.4, 297.8)(433.4, 297.8)(433.4, 301.8)(346.4, 301.8);SD
Module:M22
Boundary:(336.3, 268.9)(336.3, 341.9)(138.3, 341.9)(138.3, 268.9);GATE
Port:(138.3, 283.4)(148.3, 283.4)(148.3, 327.4)(138.3, 327.4);SD
Port:(336.3, 268.9)(336.3, 341.9)(153.3, 341.9)(153.3, 268.9);GATE
Port:(327.3, 278.9)(331.3, 278.9)(331.3, 331.9)(327.3, 331.9);SD
Module:M12
Boundary:(20.0, 230.3)(93.0, 230.3)(93.0, 420.3)(20.0, 420.3);GATE
Port:(34.5, 410.3)(78.5, 410.3)(78.5, 420.3)(34.5, 420.3);SD
Port:(20.0, 230.3)(93.0, 230.3)(93.0, 405.3)(20.0, 405.3);GATE
Port:(30.0, 235.3)(83.0, 235.3)(83.0, 239.3)(30.0, 239.3);SD
Module:M21
Boundary:(547.7, 367.8)(547.7, 515.3)(531.7, 515.3)(531.7, 530.8)(418.7, 530.8)(418.7, 367.8);GATE
Port:(418.7, 382.3)(428.7, 382.3)(428.7, 516.3)(418.7, 516.3);SD
Port:(547.7, 367.8)(547.7, 515.3)(531.7, 515.3)(531.7, 530.8)(433.7, 530.8)(433.7, 367.8);GATE
Port:(538.7, 377.8)(542.7, 377.8)(542.7, 500.8)(538.7, 500.8);SD
Module:M11
Boundary:(158.1, 505.6)(251.6, 505.6)(251.6, 385.9)(411.1, 385.9)(411.1, 342.6)(158.1, 342.6);GATE
Port:(172.6, 342.6)(396.6, 342.6)(396.6, 352.6)(172.6, 352.6);SD
Port:(158.1, 505.6)(251.6, 505.6)(251.6, 385.9)(411.1, 385.9)(411.1, 357.6)(158.1, 357.6);GATE
Port:(168.1, 496.6)(237.1, 496.6)(237.1, 500.6)(168.1, 500.6);SD
Module:M3
Boundary:(110.0, 445.0)(37.0, 445.0)(37.0, 616.0)(110.0, 616.0);GATE
Port:(51.5, 606.0)(95.5, 606.0)(95.5, 616.0)(51.5, 616.0);SD
Port:(110.0, 445.0)(37.0, 445.0)(37.0, 601.0)(110.0, 601.0);GATE
Port:(47.0, 450.0)(100.0, 450.0)(100.0, 454.0)(47.0, 454.0);SD
Module:M18
Boundary:(231.7, 555.5)(158.7, 555.5)(158.7, 626.5)(231.7, 626.5);GATE
Port:(173.2, 616.5)(217.2, 616.5)(217.2, 626.5)(173.2, 626.5);SD
Port:(231.7, 555.5)(158.7, 555.5)(158.7, 611.5)(231.7, 611.5);GATE
Port:(168.7, 560.5)(221.7, 560.5)(221.7, 564.5)(168.7, 564.5);SD
Module:M9
Boundary:(389.2, 637.0)(241.7, 637.0)(241.7, 621.0)(226.2, 621.0)(226.2, 557.0)(389.2, 557.0);GATE
Port:(240.7, 557.0)(374.7, 557.0)(374.7, 567.0)(240.7, 567.0);SD
Port:(389.2, 637.0)(241.7, 637.0)(241.7, 621.0)(226.2, 621.0)(226.2, 572.0)(389.2, 572.0);GATE
Port:(256.2, 628.0)(379.2, 628.0)(379.2, 632.0)(256.2, 632.0);SD
Module:M5
Boundary:(553.0, 533.0)(553.0, 609.0)(545.0, 609.0)(545.0, 624.0)(449.0, 624.0)(449.0, 533.0);GATE
Port:(449.0, 547.5)(459.0, 547.5)(459.0, 609.5)(449.0, 609.5);SD
Port:(553.0, 533.0)(553.0, 609.0)(545.0, 609.0)(545.0, 624.0)(464.0, 624.0)(464.0, 533.0);GATE
Port:(544.0, 543.0)(548.0, 543.0)(548.0, 594.0)(544.0, 594.0);SD
Module:M1
Boundary:(525.9, 696.4)(525.9, 807.9)(513.9, 807.9)(513.9, 823.4)(435.9, 823.4)(435.9, 696.4);GATE
Port:(435.9, 710.9)(445.9, 710.9)(445.9, 808.9)(435.9, 808.9);SD
Port:(525.9, 696.4)(525.9, 807.9)(513.9, 807.9)(513.9, 823.4)(450.9, 823.4)(450.9, 696.4);GATE
Port:(516.9, 706.4)(520.9, 706.4)(520.9, 793.4)(516.9, 793.4);SD
Module:M16
Boundary:(404.0, 816.1)(256.5, 816.1)(256.5, 754.9)(223.0, 754.9)(223.0, 680.1)(404.0, 680.1);GATE
Port:(237.5, 680.1)(389.5, 680.1)(389.5, 690.1)(237.5, 690.1);SD
Port:(404.0, 816.1)(256.5, 816.1)(256.5, 754.9)(223.0, 754.9)(223.0, 695.1)(404.0, 695.1);GATE
Port:(271.0, 807.1)(394.0, 807.1)(394.0, 811.1)(271.0, 811.1);SD
Module:M4
Boundary:(48.4, 649.3)(195.9, 649.3)(195.9, 665.3)(211.4, 665.3)(211.4, 813.3)(48.4, 813.3);GATE
Port:(62.9, 803.3)(196.9, 803.3)(196.9, 813.3)(62.9, 813.3);SD
Port:(48.4, 649.3)(195.9, 649.3)(195.9, 665.3)(211.4, 665.3)(211.4, 798.3)(48.4, 798.3);GATE
Port:(58.4, 654.3)(181.4, 654.3)(181.4, 658.3)(58.4, 658.3);SD
Module:M23
Boundary:(554.0, 902.7)(554.0, 829.7)(369.0, 829.7)(369.0, 902.7);GATE
Port:(369.0, 844.2)(379.0, 844.2)(379.0, 888.2)(369.0, 888.2);SD
Port:(554.0, 902.7)(554.0, 829.7)(384.0, 829.7)(384.0, 902.7);GATE
Port:(545.0, 839.7)(549.0, 839.7)(549.0, 892.7)(545.0, 892.7);SD
Module:M2
Boundary:(329.0, 912.3)(329.0, 836.3)(321.0, 836.3)(321.0, 821.3)(151.0, 821.3)(151.0, 912.3);GATE
Port:(151.0, 835.8)(161.0, 835.8)(161.0, 897.8)(151.0, 897.8);SD
Port:(329.0, 912.3)(329.0, 836.3)(321.0, 836.3)(321.0, 821.3)(166.0, 821.3)(166.0, 912.3);GATE
Port:(320.0, 851.3)(324.0, 851.3)(324.0, 902.3)(320.0, 902.3);SD
Module:M13
Boundary:(33.6, 1019.2)(109.7, 1019.2)(109.7, 1011.2)(124.7, 1011.2)(124.7, 836.2)(33.6, 836.2);GATE
Port:(48.1, 836.2)(110.2, 836.2)(110.2, 846.2)(48.1, 846.2);SD
Port:(33.6, 1019.2)(109.7, 1019.2)(109.7, 1011.2)(124.7, 1011.2)(124.7, 851.2)(33.6, 851.2);GATE
Port:(43.6, 1010.2)(94.7, 1010.2)(94.7, 1014.2)(43.6, 1014.2);SD
Module:M19
Boundary:(142.0, 1034.5)(142.0, 1107.5)(20.0, 1107.5)(20.0, 1034.5);GATE
Port:(20.0, 1049.0)(30.0, 1049.0)(30.0, 1093.0)(20.0, 1093.0);SD
Port:(142.0, 1034.5)(142.0, 1107.5)(35.0, 1107.5)(35.0, 1034.5);GATE
Port:(133.0, 1044.5)(137.0, 1044.5)(137.0, 1097.5)(133.0, 1097.5);SD
Module:M10
Boundary:(300.2, 931.7)(170.7, 931.7)(170.7, 945.7)(155.2, 945.7)(155.2, 1105.7)(300.2, 1105.7);GATE
Port:(169.7, 1095.7)(285.7, 1095.7)(285.7, 1105.7)(169.7, 1105.7);SD
Port:(300.2, 931.7)(170.7, 931.7)(170.7, 945.7)(155.2, 945.7)(155.2, 1090.7)(300.2, 1090.7);GATE
Port:(185.2, 936.7)(290.2, 936.7)(290.2, 940.7)(185.2, 940.7);SD
Module:M8
Boundary:(509.6, 904.9)(509.6, 1034.4)(419.7, 1034.4)(419.7, 1121.9)(335.6, 1121.9)(335.6, 904.9);GATE
Port:(335.6, 919.4)(345.6, 919.4)(345.6, 1107.4)(335.6, 1107.4);SD
Port:(509.6, 904.9)(509.6, 1034.4)(419.7, 1034.4)(419.7, 1121.9)(350.6, 1121.9)(350.6, 904.9);GATE
Port:(500.6, 914.9)(504.6, 914.9)(504.6, 1019.9)(500.6, 1019.9);SD
Module:M24
Boundary:(211.6, 1180.1)(211.6, 1273.6)(221.6, 1273.6)(221.6, 1289.1)(274.6, 1289.1)(274.6, 1180.1);GATE
Port:(264.6, 1194.6)(274.6, 1194.6)(274.6, 1274.6)(264.6, 1274.6);SD
Port:(211.6, 1180.1)(211.6, 1273.6)(221.6, 1273.6)(221.6, 1289.1)(259.6, 1289.1)(259.6, 1180.1);GATE
Port:(216.6, 1190.1)(220.6, 1190.1)(220.6, 1259.1)(216.6, 1259.1);SD
Module:M14
Boundary:(203.6, 1299.3)(74.1, 1299.3)(74.1, 1285.3)(58.6, 1285.3)(58.6, 1148.3)(203.6, 1148.3);GATE
Port:(73.1, 1148.3)(189.1, 1148.3)(189.1, 1158.3)(73.1, 1158.3);SD
Port:(203.6, 1299.3)(74.1, 1299.3)(74.1, 1285.3)(58.6, 1285.3)(58.6, 1163.3)(203.6, 1163.3);GATE
Port:(88.6, 1290.3)(193.6, 1290.3)(193.6, 1294.3)(88.6, 1294.3);SD
Module:M15
Boundary:(364.2, 1127.2)(364.2, 1256.7)(347.2, 1256.7)(347.2, 1272.2)(295.2, 1272.2)(295.2, 1127.2);GATE
Port:(295.2, 1141.7)(305.2, 1141.7)(305.2, 1257.7)(295.2, 1257.7);SD
Port:(364.2, 1127.2)(364.2, 1256.7)(347.2, 1256.7)(347.2, 1272.2)(310.2, 1272.2)(310.2, 1127.2);GATE
Port:(355.2, 1137.2)(359.2, 1137.2)(359.2, 1242.2)(355.2, 1242.2);SD
Module:M7
Boundary:(524.0, 1140.7)(524.0, 1270.2)(509.9, 1270.2)(509.9, 1285.7)(385.9, 1285.7)(385.9, 1140.7);GATE
Port:(385.9, 1155.2)(395.9, 1155.2)(395.9, 1271.2)(385.9, 1271.2);SD
Port:(524.0, 1140.7)(524.0, 1270.2)(509.9, 1270.2)(509.9, 1285.7)(400.9, 1285.7)(400.9, 1140.7);GATE
Port:(515.0, 1150.7)(519.0, 1150.7)(519.0, 1255.7)(515.0, 1255.7);SD
