Area:(-20.0, -20.0)(889.0, -20.0)(889.0, 945.1)(-20.0, 945.1)
Rule:GATE(5,5);SD(5,5);GATE_SD(0.5);GATE_ITO(0.5);SD_ITO(0.5)
Module:M14
Boundary:(817.1, 438.2)(817.1, 541.4)(703.9, 541.4)(703.9, 557.1)(601.1, 557.1)(601.1, 438.2);GATE
Port:(601.1, 451.9)(607.0, 451.9)(607.0, 543.4)(601.1, 543.4);SD
Port:(817.1, 438.2)(817.1, 541.4)(703.9, 541.4)(703.9, 557.1)(609.8, 557.1)(609.8, 438.2);GATE
Port:(805.9, 444.1)(812.2, 444.1)(812.2, 534.5)(805.9, 534.5);SD
Module:M9
Boundary:(748.1, 617.1)(820.7, 617.1)(820.7, 617.5)(838.4, 617.5)(838.4, 744.5)(748.1, 744.5);GATE
Port:(762.9, 740.1)(823.6, 740.1)(823.6, 744.5)(762.9, 744.5);SD
Port:(748.1, 617.1)(820.7, 617.1)(820.7, 617.5)(838.4, 617.5)(838.4, 737.5)(748.1, 737.5);GATE
Port:(754.2, 622.2)(814.6, 622.2)(814.6, 628.6)(754.2, 628.6);SD
Module:M5
Boundary:(448.5, 271.3)(533.9, 271.3)(533.9, 271.6)(551.1, 271.6)(551.1, 474.0)(448.5, 474.0);GATE
Port:(461.7, 468.1)(537.9, 468.1)(537.9, 474.0)(461.7, 474.0);SD
Port:(448.5, 271.3)(533.9, 271.3)(533.9, 271.6)(551.1, 271.6)(551.1, 466.0)(448.5, 466.0);GATE
Port:(454.1, 275.9)(528.3, 275.9)(528.3, 281.3)(454.1, 281.3);SD
Module:M11
Boundary:(698.1, 607.1)(698.1, 654.3)(697.9, 654.3)(697.9, 670.5)(617.2, 670.5)(617.2, 607.1);GATE
Port:(617.2, 619.2)(622.6, 619.2)(622.6, 658.4)(617.2, 658.4);SD
Port:(698.1, 607.1)(698.1, 654.3)(697.9, 654.3)(697.9, 670.5)(624.6, 670.5)(624.6, 607.1);GATE
Port:(688.7, 612.4)(693.8, 612.4)(693.8, 649.0)(688.7, 649.0);SD
Module:M1
Boundary:(184.5, 222.7)(258.6, 222.7)(258.6, 391.4)(184.5, 391.4);GATE
Port:(200.2, 387.3)(242.9, 387.3)(242.9, 391.4)(200.2, 391.4);SD
Port:(184.5, 222.7)(258.6, 222.7)(258.6, 385.8)(184.5, 385.8);GATE
Port:(191.1, 228.3)(252.0, 228.3)(252.0, 234.9)(191.1, 234.9);SD
Module:M27
Boundary:(342.9, 567.8)(388.6, 567.8)(388.6, 693.7)(342.9, 693.7);GATE
Port:(354.8, 688.0)(376.7, 688.0)(376.7, 693.7)(354.8, 693.7);SD
Port:(342.9, 567.8)(388.6, 567.8)(388.6, 685.9)(342.9, 685.9);GATE
Port:(348.3, 572.2)(383.2, 572.2)(383.2, 577.2)(348.3, 577.2);SD
Module:M24
Boundary:(386.4, 441.4)(386.4, 511.7)(379.6, 511.7)(379.6, 527.8)(292.4, 527.8)(292.4, 441.4);GATE
Port:(292.4, 455.0)(297.0, 455.0)(297.0, 514.2)(292.4, 514.2);SD
Port:(386.4, 441.4)(386.4, 511.7)(379.6, 511.7)(379.6, 527.8)(299.7, 527.8)(299.7, 441.4);GATE
Port:(375.6, 447.0)(381.8, 447.0)(381.8, 505.1)(375.6, 505.1);SD
Module:M19
Boundary:(601.1, 281.3)(724.5, 281.3)(724.5, 378.2)(601.1, 378.2);GATE
Port:(615.6, 373.3)(710.0, 373.3)(710.0, 378.2)(615.6, 378.2);SD
Port:(601.1, 281.3)(724.5, 281.3)(724.5, 370.5)(601.1, 370.5);GATE
Port:(606.2, 285.4)(719.4, 285.4)(719.4, 292.4)(606.2, 292.4);SD
Module:M6
Boundary:(774.5, 177.7)(835.9, 177.7)(835.9, 285.3)(849.0, 285.3)(849.0, 384.2)(774.5, 384.2);GATE
Port:(787.4, 378.4)(836.1, 378.4)(836.1, 384.2)(787.4, 384.2);SD
Port:(774.5, 177.7)(835.9, 177.7)(835.9, 285.3)(849.0, 285.3)(849.0, 375.6)(774.5, 375.6);GATE
Port:(780.4, 182.6)(829.0, 182.6)(829.0, 189.1)(780.4, 189.1);SD
Module:M21
Boundary:(239.7, 839.5)(239.7, 905.1)(20.0, 905.1)(20.0, 839.5);GATE
Port:(20.0, 853.9)(25.9, 853.9)(25.9, 890.7)(20.0, 890.7);SD
Port:(239.7, 839.5)(239.7, 905.1)(28.6, 905.1)(28.6, 839.5);GATE
Port:(227.2, 846.1)(234.1, 846.1)(234.1, 898.5)(227.2, 898.5);SD
Module:M2
Boundary:(184.5, 30.0)(246.9, 30.0)(246.9, 105.5)(260.8, 105.5)(260.8, 162.7)(184.5, 162.7);GATE
Port:(197.1, 158.2)(248.2, 158.2)(248.2, 162.7)(197.1, 162.7);SD
Port:(184.5, 30.0)(246.9, 30.0)(246.9, 105.5)(260.8, 105.5)(260.8, 156.7)(184.5, 156.7);GATE
Port:(190.1, 34.6)(240.3, 34.6)(240.3, 40.7)(190.1, 40.7);SD
Module:M16
Boundary:(577.2, 636.2)(577.2, 735.5)(515.7, 735.5)(515.7, 751.1)(429.4, 751.1)(429.4, 636.2);GATE
Port:(429.4, 648.9)(435.3, 648.9)(435.3, 738.4)(429.4, 738.4);SD
Port:(577.2, 636.2)(577.2, 735.5)(515.7, 735.5)(515.7, 751.1)(437.1, 751.1)(437.1, 636.2);GATE
Port:(567.7, 641.3)(573.1, 641.3)(573.1, 729.4)(567.7, 729.4);SD
Module:M13
Boundary:(542.9, 514.0)(542.9, 596.2)(448.5, 596.2)(448.5, 514.0);GATE
Port:(448.5, 528.0)(454.3, 528.0)(454.3, 582.2)(448.5, 582.2);SD
Port:(542.9, 514.0)(542.9, 596.2)(456.0, 596.2)(456.0, 514.0);GATE
Port:(531.4, 520.5)(537.4, 520.5)(537.4, 589.7)(531.4, 589.7);SD
Module:M10
Boundary:(308.6, 266.8)(395.6, 266.8)(395.6, 299.8)(408.5, 299.8)(408.5, 399.9)(308.6, 399.9);GATE
Port:(320.3, 395.5)(396.8, 395.5)(396.8, 399.9)(320.3, 399.9);SD
Port:(308.6, 266.8)(395.6, 266.8)(395.6, 299.8)(408.5, 299.8)(408.5, 394.2)(308.6, 394.2);GATE
Port:(314.6, 271.8)(388.6, 271.8)(388.6, 276.9)(314.6, 276.9);SD
Module:M29
Boundary:(310.8, 20.0)(365.9, 20.0)(365.9, 20.2)(378.7, 20.2)(378.7, 193.9)(310.8, 193.9);GATE
Port:(322.4, 188.6)(367.1, 188.6)(367.1, 193.9)(322.4, 193.9);SD
Port:(310.8, 20.0)(365.9, 20.0)(365.9, 20.2)(378.7, 20.2)(378.7, 186.7)(310.8, 186.7);GATE
Port:(317.0, 25.2)(359.7, 25.2)(359.7, 29.9)(317.0, 29.9);SD
Module:M7
Boundary:(574.1, 791.1)(574.1, 881.0)(573.6, 881.0)(573.6, 899.2)(429.4, 899.2)(429.4, 791.1);GATE
Port:(429.4, 804.9)(434.3, 804.9)(434.3, 885.4)(429.4, 885.4);SD
Port:(574.1, 791.1)(574.1, 881.0)(573.6, 881.0)(573.6, 899.2)(435.6, 899.2)(435.6, 791.1);GATE
Port:(563.3, 797.0)(569.2, 797.0)(569.2, 875.1)(563.3, 875.1);SD
Module:M3
Boundary:(776.5, 20.0)(845.4, 20.0)(845.4, 137.7)(776.5, 137.7);GATE
Port:(790.7, 133.0)(831.2, 133.0)(831.2, 137.7)(790.7, 137.7);SD
Port:(776.5, 20.0)(845.4, 20.0)(845.4, 131.0)(776.5, 131.0);GATE
Port:(782.8, 25.3)(839.1, 25.3)(839.1, 31.5)(782.8, 31.5);SD
Module:M26
Boundary:(252.4, 441.4)(252.4, 528.6)(242.8, 528.6)(242.8, 544.4)(134.0, 544.4)(134.0, 441.4);GATE
Port:(134.0, 455.4)(139.0, 455.4)(139.0, 530.4)(134.0, 530.4);SD
Port:(252.4, 441.4)(252.4, 528.6)(242.8, 528.6)(242.8, 544.4)(140.0, 544.4)(140.0, 441.4);GATE
Port:(241.1, 447.6)(247.2, 447.6)(247.2, 521.4)(241.1, 521.4);SD
Module:M23
Boundary:(726.1, 141.6)(726.1, 216.8)(725.9, 216.8)(725.9, 231.3)(527.9, 231.3)(527.9, 141.6);GATE
Port:(527.9, 154.2)(532.4, 154.2)(532.4, 218.7)(527.9, 218.7);SD
Port:(726.1, 141.6)(726.1, 216.8)(725.9, 216.8)(725.9, 231.3)(534.5, 231.3)(534.5, 141.6);GATE
Port:(715.6, 147.8)(720.9, 147.8)(720.9, 210.6)(715.6, 210.6);SD
Module:M18
Boundary:(748.1, 804.5)(820.1, 804.5)(820.1, 816.7)(833.3, 816.7)(833.3, 890.6)(748.1, 890.6);GATE
Port:(758.8, 885.5)(822.6, 885.5)(822.6, 890.6)(758.8, 890.6);SD
Port:(748.1, 804.5)(820.1, 804.5)(820.1, 816.7)(833.3, 816.7)(833.3, 883.5)(748.1, 883.5);GATE
Port:(753.5, 808.9)(813.7, 808.9)(813.7, 813.2)(753.5, 813.2);SD
Module:M20
Boundary:(418.7, 20.0)(475.6, 20.0)(475.6, 92.9)(487.9, 92.9)(487.9, 226.8)(418.7, 226.8);GATE
Port:(430.3, 221.0)(476.3, 221.0)(476.3, 226.8)(430.3, 226.8);SD
Port:(418.7, 20.0)(475.6, 20.0)(475.6, 92.9)(487.9, 92.9)(487.9, 218.2)(418.7, 218.2);GATE
Port:(423.7, 24.0)(469.6, 24.0)(469.6, 29.7)(423.7, 29.7);SD
Module:M15
Boundary:(617.2, 710.5)(687.1, 710.5)(687.1, 893.3)(617.2, 893.3);GATE
Port:(631.1, 887.8)(673.2, 887.8)(673.2, 893.3)(631.1, 893.3);SD
Port:(617.2, 710.5)(687.1, 710.5)(687.1, 885.9)(617.2, 885.9);GATE
Port:(622.5, 714.8)(681.8, 714.8)(681.8, 721.0)(622.5, 721.0);SD
Module:M12
Boundary:(134.0, 703.8)(226.7, 703.8)(226.7, 725.1)(240.3, 725.1)(240.3, 799.5)(134.0, 799.5);GATE
Port:(147.4, 795.4)(226.9, 795.4)(226.9, 799.5)(147.4, 799.5);SD
Port:(134.0, 703.8)(226.7, 703.8)(226.7, 725.1)(240.3, 725.1)(240.3, 794.2)(134.0, 794.2);GATE
Port:(140.8, 709.6)(218.9, 709.6)(218.9, 715.0)(140.8, 715.0);SD
Module:M8
Boundary:(30.0, 30.0)(106.8, 30.0)(106.8, 128.3)(124.5, 128.3)(124.5, 251.8)(30.0, 251.8);GATE
Port:(45.3, 246.7)(109.2, 246.7)(109.2, 251.8)(45.3, 251.8);SD
Port:(30.0, 30.0)(106.8, 30.0)(106.8, 128.3)(124.5, 128.3)(124.5, 244.0)(30.0, 244.0);GATE
Port:(36.9, 35.9)(98.9, 35.9)(98.9, 41.9)(36.9, 41.9);SD
Module:M4
Boundary:(20.0, 423.2)(76.9, 423.2)(76.9, 440.4)(94.0, 440.4)(94.0, 621.4)(20.0, 621.4);GATE
Port:(35.0, 616.1)(79.0, 616.1)(79.0, 621.4)(35.0, 621.4);SD
Port:(20.0, 423.2)(76.9, 423.2)(76.9, 440.4)(94.0, 440.4)(94.0, 613.5)(20.0, 613.5);GATE
Port:(26.1, 428.3)(69.8, 428.3)(69.8, 434.8)(26.1, 434.8);SD
Module:M28
Boundary:(280.3, 733.7)(375.0, 733.7)(375.0, 776.8)(389.4, 776.8)(389.4, 901.3)(280.3, 901.3);GATE
Port:(293.2, 896.5)(376.5, 896.5)(376.5, 901.3)(293.2, 901.3);SD
Port:(280.3, 733.7)(375.0, 733.7)(375.0, 776.8)(389.4, 776.8)(389.4, 894.3)(280.3, 894.3);GATE
Port:(287.0, 739.4)(367.3, 739.4)(367.3, 743.6)(287.0, 743.6);SD
Module:M30
Boundary:(132.8, 301.8)(132.8, 369.3)(115.3, 369.3)(115.3, 383.2)(20.0, 383.2)(20.0, 301.8);GATE
Port:(20.0, 315.3)(25.2, 315.3)(25.2, 369.7)(20.0, 369.7);SD
Port:(132.8, 301.8)(132.8, 369.3)(115.3, 369.3)(115.3, 383.2)(26.4, 383.2)(26.4, 301.8);GATE
Port:(122.3, 308.4)(127.2, 308.4)(127.2, 360.7)(122.3, 360.7);SD
Module:M25
Boundary:(302.9, 584.4)(302.9, 663.8)(134.0, 663.8)(134.0, 584.4);GATE
Port:(134.0, 597.3)(139.2, 597.3)(139.2, 650.9)(134.0, 650.9);SD
Port:(302.9, 584.4)(302.9, 663.8)(141.5, 663.8)(141.5, 584.4);GATE
Port:(292.1, 590.9)(297.4, 590.9)(297.4, 657.3)(292.1, 657.3);SD
Module:M22
Boundary:(736.5, 20.0)(736.5, 86.7)(681.7, 86.7)(681.7, 101.6)(527.9, 101.6)(527.9, 20.0);GATE
Port:(527.9, 33.7)(533.3, 33.7)(533.3, 87.9)(527.9, 87.9);SD
Port:(736.5, 20.0)(736.5, 86.7)(681.7, 86.7)(681.7, 101.6)(535.1, 101.6)(535.1, 20.0);GATE
Port:(725.2, 26.4)(731.1, 26.4)(731.1, 79.3)(725.2, 79.3);SD
Module:M17
Boundary:(20.0, 661.4)(89.5, 661.4)(89.5, 796.5)(20.0, 796.5);GATE
Port:(33.5, 792.4)(76.0, 792.4)(76.0, 796.5)(33.5, 796.5);SD
Port:(20.0, 661.4)(89.5, 661.4)(89.5, 790.1)(20.0, 790.1);GATE
Port:(25.3, 665.7)(84.2, 665.7)(84.2, 671.6)(25.3, 671.6);SD
