Area:(-20.0, -20.0)(768.0, -20.0)(768.0, 1462.4)(-20.0, 1462.4)
Rule:GATE(5,5);SD(5,5);GATE_SD(0.5);GATE_ITO(0.5);SD_ITO(0.5)
Module:M14
Boundary:(174.5, 232.4)(260.9, 232.4)(260.9, 325.6)(276.4, 325.6)(276.4, 443.9)(174.5, 443.9);GATE
Port:(188.7, 439.0)(262.2, 439.0)(262.2, 443.9)(188.7, 443.9);SD
Port:(174.5, 232.4)(260.9, 232.4)(260.9, 325.6)(276.4, 325.6)(276.4, 436.0)(174.5, 436.0);GATE
Port:(181.1, 238.0)(253.3, 238.0)(253.3, 243.9)(181.1, 243.9);SD
Module:M9
Boundary:(725.3, 1314.3)(725.3, 1406.3)(725.2, 1406.3)(725.2, 1421.2)(505.8, 1421.2)(505.8, 1314.3);GATE
Port:(505.8, 1327.5)(511.0, 1327.5)(511.0, 1408.0)(505.8, 1408.0);SD
Port:(725.3, 1314.3)(725.3, 1406.3)(725.2, 1406.3)(725.2, 1421.2)(512.2, 1421.2)(512.2, 1314.3);GATE
Port:(714.2, 1320.5)(720.1, 1320.5)(720.1, 1400.1)(714.2, 1400.1);SD
Module:M5
Boundary:(316.4, 226.7)(366.6, 226.7)(366.6, 227.0)(383.8, 227.0)(383.8, 455.3)(316.4, 455.3);GATE
Port:(329.2, 449.8)(371.0, 449.8)(371.0, 455.3)(329.2, 455.3);SD
Port:(316.4, 226.7)(366.6, 226.7)(366.6, 227.0)(383.8, 227.0)(383.8, 447.8)(316.4, 447.8);GATE
Port:(322.1, 231.4)(360.9, 231.4)(360.9, 236.4)(322.1, 236.4);SD
Module:M11
Boundary:(362.9, 1298.2)(465.8, 1298.2)(465.8, 1413.2)(362.9, 1413.2);GATE
Port:(375.9, 1408.5)(452.8, 1408.5)(452.8, 1413.2)(375.9, 1413.2);SD
Port:(362.9, 1298.2)(465.8, 1298.2)(465.8, 1406.9)(362.9, 1406.9);GATE
Port:(369.4, 1303.7)(459.3, 1303.7)(459.3, 1309.7)(369.4, 1309.7);SD
Module:M1
Boundary:(263.3, 483.9)(263.3, 570.8)(262.9, 570.8)(262.9, 588.0)(174.5, 588.0)(174.5, 483.9);GATE
Port:(174.5, 497.8)(179.2, 497.8)(179.2, 574.1)(174.5, 574.1);SD
Port:(263.3, 483.9)(263.3, 570.8)(262.9, 570.8)(262.9, 588.0)(181.2, 588.0)(181.2, 483.9);GATE
Port:(251.9, 489.0)(259.2, 489.0)(259.2, 565.7)(251.9, 565.7);SD
Module:M38
Boundary:(607.0, 179.9)(607.0, 226.8)(506.5, 226.8)(506.5, 241.2)(441.3, 241.2)(441.3, 179.9);GATE
Port:(441.3, 191.9)(445.6, 191.9)(445.6, 229.2)(441.3, 229.2);SD
Port:(607.0, 179.9)(607.0, 226.8)(506.5, 226.8)(506.5, 241.2)(447.7, 241.2)(447.7, 179.9);GATE
Port:(597.9, 185.6)(602.3, 185.6)(602.3, 220.1)(597.9, 220.1);SD
Module:M40
Boundary:(616.6, 570.0)(702.0, 570.0)(702.0, 680.1)(717.7, 680.1)(717.7, 778.8)(616.6, 778.8);GATE
Port:(630.1, 773.9)(704.2, 773.9)(704.2, 778.8)(630.1, 778.8);SD
Port:(616.6, 570.0)(702.0, 570.0)(702.0, 680.1)(717.7, 680.1)(717.7, 771.0)(616.6, 771.0);GATE
Port:(622.9, 575.3)(694.7, 575.3)(694.7, 581.1)(622.9, 581.1);SD
Module:M35
Boundary:(320.6, 1112.2)(320.6, 1161.2)(165.0, 1161.2)(165.0, 1112.2);GATE
Port:(165.0, 1124.7)(169.2, 1124.7)(169.2, 1148.7)(165.0, 1148.7);SD
Port:(320.6, 1112.2)(320.6, 1161.2)(170.8, 1161.2)(170.8, 1112.2);GATE
Port:(309.8, 1117.2)(316.6, 1117.2)(316.6, 1156.2)(309.8, 1156.2);SD
Module:M32
Boundary:(316.8, 1355.4)(316.8, 1406.5)(286.9, 1406.5)(286.9, 1422.4)(143.8, 1422.4)(143.8, 1355.4);GATE
Port:(143.8, 1368.7)(148.0, 1368.7)(148.0, 1409.1)(143.8, 1409.1);SD
Port:(316.8, 1355.4)(316.8, 1406.5)(286.9, 1406.5)(286.9, 1422.4)(150.3, 1422.4)(150.3, 1355.4);GATE
Port:(306.9, 1361.1)(312.1, 1361.1)(312.1, 1399.8)(306.9, 1399.8);SD
Module:M27
Boundary:(662.0, 828.8)(711.1, 828.8)(711.1, 828.9)(728.0, 828.9)(728.0, 999.2)(662.0, 999.2);GATE
Port:(674.5, 993.9)(715.5, 993.9)(715.5, 999.2)(674.5, 999.2);SD
Port:(662.0, 828.8)(711.1, 828.8)(711.1, 828.9)(728.0, 828.9)(728.0, 992.1)(662.0, 992.1);GATE
Port:(667.4, 833.2)(705.7, 833.2)(705.7, 838.3)(667.4, 838.3);SD
Module:M24
Boundary:(105.3, 1211.1)(105.3, 1275.5)(69.3, 1275.5)(69.3, 1289.3)(20.0, 1289.3)(20.0, 1211.1);GATE
Port:(20.0, 1224.6)(25.0, 1224.6)(25.0, 1275.8)(20.0, 1275.8);SD
Port:(105.3, 1211.1)(105.3, 1275.5)(69.3, 1275.5)(69.3, 1289.3)(27.4, 1289.3)(27.4, 1211.1);GATE
Port:(94.0, 1218.0)(99.4, 1218.0)(99.4, 1267.6)(94.0, 1267.6);SD
Module:M19
Boundary:(654.4, 394.9)(727.6, 394.9)(727.6, 520.0)(654.4, 520.0);GATE
Port:(669.3, 515.2)(712.7, 515.2)(712.7, 520.0)(669.3, 520.0);SD
Port:(654.4, 394.9)(727.6, 394.9)(727.6, 514.0)(654.4, 514.0);GATE
Port:(660.8, 400.3)(721.2, 400.3)(721.2, 407.0)(660.8, 407.0);SD
Module:M6
Boundary:(354.0, 864.6)(354.0, 952.7)(274.9, 952.7)(274.9, 968.6)(170.5, 968.6)(170.5, 864.6);GATE
Port:(170.5, 879.4)(174.8, 879.4)(174.8, 953.8)(170.5, 953.8);SD
Port:(354.0, 864.6)(354.0, 952.7)(274.9, 952.7)(274.9, 968.6)(176.4, 968.6)(176.4, 864.6);GATE
Port:(342.2, 871.0)(348.6, 871.0)(348.6, 945.3)(342.2, 945.3);SD
Module:M21
Boundary:(706.1, 1173.1)(706.1, 1274.3)(510.7, 1274.3)(510.7, 1173.1);GATE
Port:(510.7, 1187.6)(516.1, 1187.6)(516.1, 1259.8)(510.7, 1259.8);SD
Port:(706.1, 1173.1)(706.1, 1274.3)(517.2, 1274.3)(517.2, 1173.1);GATE
Port:(694.9, 1179.2)(701.0, 1179.2)(701.0, 1268.2)(694.9, 1268.2);SD
Module:M2
Boundary:(180.5, 638.0)(229.8, 638.0)(229.8, 742.0)(243.3, 742.0)(243.3, 814.6)(180.5, 814.6);GATE
Port:(193.9, 808.8)(229.9, 808.8)(229.9, 814.6)(193.9, 814.6);SD
Port:(180.5, 638.0)(229.8, 638.0)(229.8, 742.0)(243.3, 742.0)(243.3, 805.9)(180.5, 805.9);GATE
Port:(187.0, 643.5)(222.3, 643.5)(222.3, 649.2)(187.0, 649.2);SD
Module:M16
Boundary:(533.7, 291.2)(599.6, 291.2)(599.6, 320.9)(614.4, 320.9)(614.4, 465.9)(533.7, 465.9);GATE
Port:(546.9, 460.0)(601.2, 460.0)(601.2, 465.9)(546.9, 465.9);SD
Port:(533.7, 291.2)(599.6, 291.2)(599.6, 320.9)(614.4, 320.9)(614.4, 457.6)(533.7, 457.6);GATE
Port:(540.0, 296.5)(592.3, 296.5)(592.3, 301.8)(540.0, 301.8);SD
Module:M13
Boundary:(423.8, 291.2)(480.3, 291.2)(480.3, 291.5)(493.7, 291.5)(493.7, 456.7)(423.8, 456.7);GATE
Port:(435.3, 451.9)(482.2, 451.9)(482.2, 456.7)(435.3, 456.7);SD
Port:(423.8, 291.2)(480.3, 291.2)(480.3, 291.5)(493.7, 291.5)(493.7, 450.9)(423.8, 450.9);GATE
Port:(429.9, 296.3)(474.2, 296.3)(474.2, 300.9)(429.9, 300.9);SD
Module:M10
Boundary:(322.9, 1211.2)(322.9, 1298.8)(229.7, 1298.8)(229.7, 1315.4)(145.3, 1315.4)(145.3, 1211.2);GATE
Port:(145.3, 1224.4)(149.5, 1224.4)(149.5, 1302.2)(145.3, 1302.2);SD
Port:(322.9, 1211.2)(322.9, 1298.8)(229.7, 1298.8)(229.7, 1315.4)(152.1, 1315.4)(152.1, 1211.2);GATE
Port:(313.1, 1217.5)(317.6, 1217.5)(317.6, 1291.5)(313.1, 1291.5);SD
Module:M37
Boundary:(365.3, 1008.6)(365.3, 1062.2)(155.0, 1062.2)(155.0, 1008.6);GATE
Port:(155.0, 1022.0)(159.6, 1022.0)(159.6, 1048.8)(155.0, 1048.8);SD
Port:(365.3, 1008.6)(365.3, 1062.2)(161.9, 1062.2)(161.9, 1008.6);GATE
Port:(355.1, 1013.7)(361.2, 1013.7)(361.2, 1057.1)(355.1, 1057.1);SD
Module:M34
Boundary:(370.6, 1107.8)(455.5, 1107.8)(455.5, 1169.8)(470.7, 1169.8)(470.7, 1258.2)(370.6, 1258.2);GATE
Port:(384.5, 1252.6)(456.8, 1252.6)(456.8, 1258.2)(384.5, 1258.2);SD
Port:(370.6, 1107.8)(455.5, 1107.8)(455.5, 1169.8)(470.7, 1169.8)(470.7, 1250.0)(370.6, 1250.0);GATE
Port:(377.3, 1113.5)(447.8, 1113.5)(447.8, 1119.2)(377.3, 1119.2);SD
Module:M29
Boundary:(705.8, 30.0)(705.8, 77.9)(705.6, 77.9)(705.6, 93.4)(597.1, 93.4)(597.1, 30.0);GATE
Port:(597.1, 42.7)(601.3, 42.7)(601.3, 80.7)(597.1, 80.7);SD
Port:(705.8, 30.0)(705.8, 77.9)(705.6, 77.9)(705.6, 93.4)(602.7, 93.4)(602.7, 30.0);GATE
Port:(695.2, 35.4)(701.4, 35.4)(701.4, 72.5)(695.2, 72.5);SD
Module:M7
Boundary:(426.5, 747.2)(426.5, 802.1)(426.3, 802.1)(426.3, 820.6)(293.3, 820.6)(293.3, 747.2);GATE
Port:(293.3, 761.6)(298.5, 761.6)(298.5, 806.2)(293.3, 806.2);SD
Port:(426.5, 747.2)(426.5, 802.1)(426.3, 802.1)(426.3, 820.6)(301.3, 820.6)(301.3, 747.2);GATE
Port:(415.3, 752.4)(422.3, 752.4)(422.3, 796.9)(415.3, 796.9);SD
Module:M31
Boundary:(322.0, 20.0)(391.3, 20.0)(391.3, 186.7)(322.0, 186.7);GATE
Port:(335.8, 182.4)(377.5, 182.4)(377.5, 186.7)(335.8, 186.7);SD
Port:(322.0, 20.0)(391.3, 20.0)(391.3, 180.4)(322.0, 180.4);GATE
Port:(327.9, 24.9)(385.4, 24.9)(385.4, 30.9)(327.9, 30.9);SD
Module:M3
Boundary:(236.7, 20.0)(282.0, 20.0)(282.0, 157.3)(236.7, 157.3);GATE
Port:(248.3, 151.5)(270.4, 151.5)(270.4, 157.3)(248.3, 157.3);SD
Port:(236.7, 20.0)(282.0, 20.0)(282.0, 149.4)(236.7, 149.4);GATE
Port:(242.1, 24.4)(276.6, 24.4)(276.6, 29.2)(242.1, 29.2);SD
Module:M26
Boundary:(537.1, 30.0)(537.1, 106.2)(501.4, 106.2)(501.4, 119.9)(441.3, 119.9)(441.3, 30.0);GATE
Port:(441.3, 42.4)(445.6, 42.4)(445.6, 107.5)(441.3, 107.5);SD
Port:(537.1, 30.0)(537.1, 106.2)(501.4, 106.2)(501.4, 119.9)(448.3, 119.9)(448.3, 30.0);GATE
Port:(527.4, 35.1)(533.0, 35.1)(533.0, 100.1)(527.4, 100.1);SD
Module:M23
Boundary:(512.3, 830.1)(606.7, 830.1)(606.7, 830.2)(622.0, 830.2)(622.0, 995.1)(512.3, 995.1);GATE
Port:(525.5, 990.9)(608.8, 990.9)(608.8, 995.1)(525.5, 995.1);SD
Port:(512.3, 830.1)(606.7, 830.1)(606.7, 830.2)(622.0, 830.2)(622.0, 989.0)(512.3, 989.0);GATE
Port:(518.5, 835.3)(600.5, 835.3)(600.5, 841.3)(518.5, 841.3);SD
Module:M18
Boundary:(20.0, 1329.3)(91.5, 1329.3)(91.5, 1362.7)(103.8, 1362.7)(103.8, 1419.9)(20.0, 1419.9);GATE
Port:(31.7, 1414.3)(92.1, 1414.3)(92.1, 1419.9)(31.7, 1419.9);SD
Port:(20.0, 1329.3)(91.5, 1329.3)(91.5, 1362.7)(103.8, 1362.7)(103.8, 1412.8)(20.0, 1412.8);GATE
Port:(27.0, 1335.3)(83.5, 1335.3)(83.5, 1339.5)(27.0, 1339.5);SD
Module:M20
Boundary:(20.0, 721.5)(109.2, 721.5)(109.2, 775.3)(124.0, 775.3)(124.0, 924.6)(20.0, 924.6);GATE
Port:(34.4, 920.4)(109.6, 920.4)(109.6, 924.6)(34.4, 924.6);SD
Port:(20.0, 721.5)(109.2, 721.5)(109.2, 775.3)(124.0, 775.3)(124.0, 918.8)(20.0, 918.8);GATE
Port:(26.1, 726.6)(101.1, 726.6)(101.1, 733.8)(26.1, 733.8);SD
Module:M15
Boundary:(405.3, 860.6)(455.6, 860.6)(455.6, 860.7)(472.3, 860.7)(472.3, 1067.8)(405.3, 1067.8);GATE
Port:(419.1, 1062.8)(458.5, 1062.8)(458.5, 1067.8)(419.1, 1067.8);SD
Port:(405.3, 860.6)(455.6, 860.6)(455.6, 860.7)(472.3, 860.7)(472.3, 1061.6)(405.3, 1061.6);GATE
Port:(410.8, 865.1)(450.1, 865.1)(450.1, 871.2)(410.8, 871.2);SD
Module:M12
Boundary:(20.0, 964.6)(101.2, 964.6)(101.2, 1000.8)(115.0, 1000.8)(115.0, 1171.1)(20.0, 1171.1);GATE
Port:(34.8, 1165.4)(100.2, 1165.4)(100.2, 1171.1)(34.8, 1171.1);SD
Port:(20.0, 964.6)(101.2, 964.6)(101.2, 1000.8)(115.0, 1000.8)(115.0, 1163.0)(20.0, 1163.0);GATE
Port:(27.0, 970.6)(93.2, 970.6)(93.2, 977.4)(27.0, 977.4);SD
Module:M39
Boundary:(134.5, 360.0)(134.5, 427.3)(134.4, 427.3)(134.4, 443.9)(20.0, 443.9)(20.0, 360.0);GATE
Port:(20.0, 373.4)(24.5, 373.4)(24.5, 430.5)(20.0, 430.5);SD
Port:(134.5, 360.0)(134.5, 427.3)(134.4, 427.3)(134.4, 443.9)(27.2, 443.9)(27.2, 360.0);GATE
Port:(123.6, 366.4)(129.1, 366.4)(129.1, 420.9)(123.6, 420.9);SD
Module:M8
Boundary:(480.2, 505.9)(550.8, 505.9)(550.8, 565.2)(566.6, 565.2)(566.6, 629.4)(480.2, 629.4);GATE
Port:(494.8, 625.2)(552.0, 625.2)(552.0, 629.4)(494.8, 629.4);SD
Port:(480.2, 505.9)(550.8, 505.9)(550.8, 565.2)(566.6, 565.2)(566.6, 623.4)(480.2, 623.4);GATE
Port:(486.7, 511.4)(543.3, 511.4)(543.3, 517.3)(486.7, 517.3);SD
Module:M4
Boundary:(657.0, 143.4)(709.4, 143.4)(709.4, 161.9)(725.8, 161.9)(725.8, 354.9)(657.0, 354.9);GATE
Port:(670.1, 349.8)(712.7, 349.8)(712.7, 354.9)(670.1, 354.9);SD
Port:(657.0, 143.4)(709.4, 143.4)(709.4, 161.9)(725.8, 161.9)(725.8, 348.5)(657.0, 348.5);GATE
Port:(662.7, 148.1)(702.7, 148.1)(702.7, 153.3)(662.7, 153.3);SD
Module:M36
Boundary:(20.0, 483.9)(113.1, 483.9)(113.1, 587.4)(130.5, 587.4)(130.5, 681.5)(20.0, 681.5);GATE
Port:(34.9, 677.1)(115.6, 677.1)(115.6, 681.5)(34.9, 681.5);SD
Port:(20.0, 483.9)(113.1, 483.9)(113.1, 587.4)(130.5, 587.4)(130.5, 675.1)(20.0, 675.1);GATE
Port:(25.0, 487.9)(107.1, 487.9)(107.1, 495.4)(25.0, 495.4);SD
Module:M33
Boundary:(20.0, 20.0)(89.4, 20.0)(89.4, 194.0)(20.0, 194.0);GATE
Port:(34.1, 189.4)(75.3, 189.4)(75.3, 194.0)(34.1, 194.0);SD
Port:(20.0, 20.0)(89.4, 20.0)(89.4, 187.0)(20.0, 187.0);GATE
Port:(26.7, 25.7)(82.7, 25.7)(82.7, 32.0)(26.7, 32.0);SD
Module:M28
Boundary:(129.4, 20.0)(181.5, 20.0)(181.5, 79.2)(196.7, 79.2)(196.7, 192.4)(129.4, 192.4);GATE
Port:(143.0, 187.0)(183.1, 187.0)(183.1, 192.4)(143.0, 192.4);SD
Port:(129.4, 20.0)(181.5, 20.0)(181.5, 79.2)(196.7, 79.2)(196.7, 185.1)(129.4, 185.1);GATE
Port:(135.8, 25.4)(174.1, 25.4)(174.1, 30.9)(135.8, 30.9);SD
Module:M30
Boundary:(313.3, 506.7)(414.5, 506.7)(414.5, 540.7)(430.2, 540.7)(430.2, 697.2)(313.3, 697.2);GATE
Port:(326.3, 692.2)(417.2, 692.2)(417.2, 697.2)(326.3, 697.2);SD
Port:(313.3, 506.7)(414.5, 506.7)(414.5, 540.7)(430.2, 540.7)(430.2, 690.8)(313.3, 690.8);GATE
Port:(318.8, 511.2)(408.0, 511.2)(408.0, 516.8)(318.8, 516.8);SD
Module:M25
Boundary:(20.0, 234.0)(120.6, 234.0)(120.6, 320.0)(20.0, 320.0);GATE
Port:(32.2, 314.8)(108.4, 314.8)(108.4, 320.0)(32.2, 320.0);SD
Port:(20.0, 234.0)(120.6, 234.0)(120.6, 313.6)(20.0, 313.6);GATE
Port:(26.2, 239.2)(114.4, 239.2)(114.4, 244.4)(26.2, 244.4);SD
Module:M22
Boundary:(709.8, 1049.2)(709.8, 1108.4)(709.5, 1108.4)(709.5, 1123.1)(522.3, 1123.1)(522.3, 1049.2);GATE
Port:(522.3, 1060.2)(526.7, 1060.2)(526.7, 1112.1)(522.3, 1112.1);SD
Port:(709.8, 1049.2)(709.8, 1108.4)(709.5, 1108.4)(709.5, 1123.1)(529.7, 1123.1)(529.7, 1049.2);GATE
Port:(700.6, 1055.1)(704.9, 1055.1)(704.9, 1102.5)(700.6, 1102.5);SD
Module:M17
Boundary:(480.2, 669.4)(542.7, 669.4)(542.7, 669.5)(557.1, 669.5)(557.1, 790.1)(480.2, 790.1);GATE
Port:(494.0, 785.6)(543.3, 785.6)(543.3, 790.1)(494.0, 790.1);SD
Port:(480.2, 669.4)(542.7, 669.4)(542.7, 669.5)(557.1, 669.5)(557.1, 783.9)(480.2, 783.9);GATE
Port:(486.6, 674.8)(536.3, 674.8)(536.3, 680.9)(486.6, 680.9);SD
