Area:(10.8, -10.2)(642.8, -10.2)(642.8, 362.7)(10.8, 362.7)
Rule:GATE(5,5);SD(5,5);GATE_SD(0.5);GATE_ITO(0.5);SD_ITO(0.5)
Module:M9
Boundary:(229.6, 39.4)(229.6, 116.1)(50.8, 116.1)(50.8, 39.4);GATE
Port:(50.8, 51.4)(56.0, 51.4)(56.0, 104.1)(50.8, 104.1);SD
Port:(229.6, 39.4)(229.6, 116.1)(58.9, 116.1)(58.9, 39.4);GATE
Port:(220.4, 44.6)(225.4, 44.6)(225.4, 110.9)(220.4, 110.9);SD
Module:M1
Boundary:(485.7, 29.8)(485.7, 100.9)(485.7, 100.9)(485.7, 114.7)(369.4, 114.7)(369.4, 29.8);GATE
Port:(369.4, 41.5)(374.0, 41.5)(374.0, 103.0)(369.4, 103.0);SD
Port:(485.7, 29.8)(485.7, 100.9)(485.7, 100.9)(485.7, 114.7)(375.5, 114.7)(375.5, 29.8);GATE
Port:(475.7, 35.0)(481.5, 35.0)(481.5, 95.7)(475.7, 95.7);SD
Module:M2
Boundary:(355.7, 48.5)(355.7, 130.9)(304.6, 130.9)(304.6, 145.8)(258.6, 145.8)(258.6, 48.5);GATE
Port:(258.6, 61.7)(263.6, 61.7)(263.6, 132.6)(258.6, 132.6);SD
Port:(355.7, 48.5)(355.7, 130.9)(304.6, 130.9)(304.6, 145.8)(265.1, 145.8)(265.1, 48.5);GATE
Port:(344.4, 54.1)(351.1, 54.1)(351.1, 124.3)(344.4, 124.3);SD
Module:M10
Boundary:(519.8, 159.3)(587.8, 159.3)(587.8, 112.0)(602.8, 112.0)(602.8, 38.7)(519.8, 38.7);GATE
Port:(533.9, 38.7)(588.7, 38.7)(588.7, 44.0)(533.9, 44.0);SD
Port:(519.8, 159.3)(587.8, 159.3)(587.8, 112.0)(602.8, 112.0)(602.8, 46.1)(519.8, 46.1);GATE
Port:(525.9, 147.8)(580.7, 147.8)(580.7, 154.2)(525.9, 154.2);SD
Module:M5
Boundary:(77.9, 180.4)(77.9, 133.3)(181.4, 133.3)(181.4, 180.4);GATE
Port:(176.5, 145.9)(181.4, 145.9)(181.4, 167.8)(176.5, 167.8);SD
Port:(77.9, 180.4)(77.9, 133.3)(174.4, 133.3)(174.4, 180.4);GATE
Port:(82.9, 154.2)(88.1, 154.2)(88.1, 174.4)(82.9, 174.4);SD
Module:M3
Boundary:(367.1, 157.3)(367.1, 224.9)(246.1, 224.9)(246.1, 157.3);GATE
Port:(246.1, 168.3)(251.2, 168.3)(251.2, 213.9)(246.1, 213.9);SD
Port:(367.1, 157.3)(367.1, 224.9)(254.2, 224.9)(254.2, 157.3);GATE
Port:(357.7, 163.5)(361.9, 163.5)(361.9, 218.7)(357.7, 218.7);SD
Module:M7
Boundary:(374.4, 284.9)(374.4, 235.9)(164.3, 235.9)(164.3, 284.9);GATE
Port:(164.3, 249.7)(169.1, 249.7)(169.1, 271.1)(164.3, 271.1);SD
Port:(374.4, 284.9)(374.4, 235.9)(171.3, 235.9)(171.3, 284.9);GATE
Port:(362.5, 241.7)(369.6, 241.7)(369.6, 279.1)(362.5, 279.1);SD
Module:M8
Boundary:(161.3, 210.3)(161.3, 281.3)(56.4, 281.3)(56.4, 210.3);GATE
Port:(56.4, 223.7)(61.6, 223.7)(61.6, 267.9)(56.4, 267.9);SD
Port:(161.3, 210.3)(161.3, 281.3)(64.4, 281.3)(64.4, 210.3);GATE
Port:(149.4, 216.7)(155.9, 216.7)(155.9, 274.9)(149.4, 274.9);SD
Module:M4
Boundary:(472.0, 185.1)(562.3, 185.1)(562.3, 241.6)(578.7, 241.6)(578.7, 304.4)(472.0, 304.4);GATE
Port:(486.7, 299.5)(564.0, 299.5)(564.0, 304.4)(486.7, 304.4);SD
Port:(472.0, 185.1)(562.3, 185.1)(562.3, 241.6)(578.7, 241.6)(578.7, 298.3)(472.0, 298.3);GATE
Port:(478.2, 190.3)(555.1, 190.3)(555.1, 196.7)(478.2, 196.7);SD
Module:M6
Boundary:(391.7, 143.5)(438.8, 143.5)(438.8, 205.7)(453.1, 205.7)(453.1, 322.7)(391.7, 322.7);GATE
Port:(403.8, 317.6)(441.0, 317.6)(441.0, 322.7)(403.8, 322.7);SD
Port:(391.7, 143.5)(438.8, 143.5)(438.8, 205.7)(453.1, 205.7)(453.1, 315.4)(391.7, 315.4);GATE
Port:(397.2, 148.0)(432.3, 148.0)(432.3, 153.0)(397.2, 153.0);SD
