Area:(3.2, -6.9)(415.6, -6.9)(415.6, 722.3)(3.2, 722.3)
Rule:GATE(5,5);SD(5,5);GATE_SD(0.5);GATE_ITO(0.5);SD_ITO(0.5)
Module:M6
Boundary:(60.1, 191.3)(136.0, 191.3)(136.0, 112.8)(153.3, 112.8)(153.3, 33.1)(60.1, 33.1);GATE
Port:(75.4, 33.1)(138.0, 33.1)(138.0, 38.5)(75.4, 38.5);SD
Port:(60.1, 191.3)(136.0, 191.3)(136.0, 112.8)(153.3, 112.8)(153.3, 40.8)(60.1, 40.8);GATE
Port:(66.9, 178.8)(128.2, 178.8)(128.2, 185.5)(66.9, 185.5);SD
Module:M10
Boundary:(198.5, 67.2)(279.0, 67.2)(279.0, 115.3)(293.8, 115.3)(293.8, 253.1)(198.5, 253.1);GATE
Port:(211.0, 247.7)(281.3, 247.7)(281.3, 253.1)(211.0, 253.1);SD
Port:(198.5, 67.2)(279.0, 67.2)(279.0, 115.3)(293.8, 115.3)(293.8, 245.4)(198.5, 245.4);GATE
Port:(204.7, 72.4)(271.8, 72.4)(271.8, 77.1)(204.7, 77.1);SD
Module:M7
Boundary:(305.8, 73.5)(359.0, 73.5)(359.0, 73.7)(375.6, 73.7)(375.6, 295.8)(305.8, 295.8);GATE
Port:(320.6, 291.2)(360.8, 291.2)(360.8, 295.8)(320.6, 295.8);SD
Port:(305.8, 73.5)(359.0, 73.5)(359.0, 73.7)(375.6, 73.7)(375.6, 288.5)(305.8, 288.5);GATE
Port:(312.5, 79.2)(352.3, 79.2)(352.3, 85.8)(312.5, 85.8);SD
Module:M5
Boundary:(362.2, 376.4)(362.2, 312.4)(362.1, 312.4)(362.1, 297.4)(158.2, 297.4)(158.2, 376.4);GATE
Port:(158.2, 311.0)(162.5, 311.0)(162.5, 362.8)(158.2, 362.8);SD
Port:(362.2, 376.4)(362.2, 312.4)(362.1, 312.4)(362.1, 297.4)(164.7, 297.4)(164.7, 376.4);GATE
Port:(350.6, 318.1)(357.5, 318.1)(357.5, 370.7)(350.6, 370.7);SD
Module:M2
Boundary:(144.1, 224.3)(73.8, 224.3)(73.8, 286.2)(58.4, 286.2)(58.4, 405.2)(144.1, 405.2);GATE
Port:(72.7, 400.1)(129.8, 400.1)(129.8, 405.2)(72.7, 405.2);SD
Port:(144.1, 224.3)(73.8, 224.3)(73.8, 286.2)(58.4, 286.2)(58.4, 398.6)(144.1, 398.6);GATE
Port:(81.3, 229.8)(137.6, 229.8)(137.6, 236.4)(81.3, 236.4);SD
Module:M4
Boundary:(264.6, 401.9)(316.3, 401.9)(316.3, 444.7)(333.2, 444.7)(333.2, 511.1)(264.6, 511.1);GATE
Port:(277.1, 506.5)(320.7, 506.5)(320.7, 511.1)(277.1, 511.1);SD
Port:(264.6, 401.9)(316.3, 401.9)(316.3, 444.7)(333.2, 444.7)(333.2, 504.5)(264.6, 504.5);GATE
Port:(269.8, 406.1)(310.1, 406.1)(310.1, 411.1)(269.8, 411.1);SD
Module:M1
Boundary:(154.2, 521.3)(252.9, 521.3)(252.9, 394.4)(154.2, 394.4);GATE
Port:(168.1, 394.4)(239.0, 394.4)(239.0, 399.2)(168.1, 399.2);SD
Port:(154.2, 521.3)(252.9, 521.3)(252.9, 401.9)(154.2, 401.9);GATE
Port:(160.7, 509.6)(246.4, 509.6)(246.4, 515.8)(160.7, 515.8);SD
Module:M9
Boundary:(152.6, 424.4)(52.0, 424.4)(52.0, 580.0)(152.6, 580.0);GATE
Port:(66.0, 574.3)(138.6, 574.3)(138.6, 580.0)(66.0, 580.0);SD
Port:(152.6, 424.4)(52.0, 424.4)(52.0, 572.6)(152.6, 572.6);GATE
Port:(57.2, 428.6)(147.4, 428.6)(147.4, 435.8)(57.2, 435.8);SD
Module:M8
Boundary:(208.4, 522.5)(315.6, 522.5)(315.6, 556.7)(331.0, 556.7)(331.0, 634.3)(208.4, 634.3);GATE
Port:(222.6, 628.6)(316.8, 628.6)(316.8, 634.3)(222.6, 634.3);SD
Port:(208.4, 522.5)(315.6, 522.5)(315.6, 556.7)(331.0, 556.7)(331.0, 626.4)(208.4, 626.4);GATE
Port:(213.8, 526.9)(308.2, 526.9)(308.2, 533.4)(213.8, 533.4);SD
Module:M3
Boundary:(43.2, 615.5)(43.2, 665.2)(43.3, 665.2)(43.3, 682.3)(208.3, 682.3)(208.3, 615.5);GATE
Port:(202.6, 628.0)(208.3, 628.0)(208.3, 669.8)(202.6, 669.8);SD
Port:(43.2, 615.5)(43.2, 665.2)(43.3, 665.2)(43.3, 682.3)(200.1, 682.3)(200.1, 615.5);GATE
Port:(47.5, 620.8)(53.3, 620.8)(53.3, 659.9)(47.5, 659.9);SD
