Area:(-20.0, -20.0)(516.0, -20.0)(516.0, 325.0)(-20.0, 325.0)
Rule:GATE(5,5);SD(5,5);GATE_SD(0.5);GATE_ITO(0.5);SD_ITO(0.5)
Module:M5
Boundary:(20.0, 20.0)(131.5, 20.0)(131.5, 32.0)(147.0, 32.0)(147.0, 129.0)(20.0, 129.0);GATE
Port:(34.5, 119.0)(132.5, 119.0)(132.5, 129.0)(34.5, 129.0);SD
Port:(20.0, 20.0)(131.5, 20.0)(131.5, 32.0)(147.0, 32.0)(147.0, 114.0)(20.0, 114.0);GATE
Port:(30.0, 25.0)(117.0, 25.0)(117.0, 29.0)(30.0, 29.0);SD
Module:M1
Boundary:(187.0, 20.0)(262.5, 20.0)(262.5, 52.2)(314.0, 52.2)(314.0, 136.0)(187.0, 136.0);GATE
Port:(201.5, 126.0)(299.5, 126.0)(299.5, 136.0)(201.5, 136.0);SD
Port:(187.0, 20.0)(262.5, 20.0)(262.5, 52.2)(314.0, 52.2)(314.0, 121.0)(187.0, 121.0);GATE
Port:(197.0, 25.0)(248.0, 25.0)(248.0, 29.0)(197.0, 29.0);SD
Module:M2
Boundary:(476.0, 20.0)(476.0, 113.5)(409.0, 113.5)(409.0, 165.0)(354.0, 165.0)(354.0, 20.0);GATE
Port:(354.0, 34.5)(364.0, 34.5)(364.0, 150.5)(354.0, 150.5);SD
Port:(476.0, 20.0)(476.0, 113.5)(409.0, 113.5)(409.0, 165.0)(369.0, 165.0)(369.0, 20.0);GATE
Port:(467.0, 30.0)(471.0, 30.0)(471.0, 99.0)(467.0, 99.0);SD
Module:M3
Boundary:(228.0, 205.0)(339.5, 205.0)(339.5, 238.4)(391.0, 238.4)(391.0, 279.0)(228.0, 279.0);GATE
Port:(242.5, 269.0)(376.5, 269.0)(376.5, 279.0)(242.5, 279.0);SD
Port:(228.0, 205.0)(339.5, 205.0)(339.5, 238.4)(391.0, 238.4)(391.0, 264.0)(228.0, 264.0);GATE
Port:(238.0, 210.0)(325.0, 210.0)(325.0, 214.0)(238.0, 214.0);SD
Module:M4
Boundary:(188.0, 176.0)(188.0, 269.5)(178.0, 269.5)(178.0, 285.0)(20.0, 285.0)(20.0, 176.0);GATE
Port:(20.0, 190.5)(30.0, 190.5)(30.0, 270.5)(20.0, 270.5);SD
Port:(188.0, 176.0)(188.0, 269.5)(178.0, 269.5)(178.0, 285.0)(35.0, 285.0)(35.0, 176.0);GATE
Port:(179.0, 186.0)(183.0, 186.0)(183.0, 255.0)(179.0, 255.0);SD
