Area:(-20.0, -20.0)(1284.0, -20.0)(1284.0, 737.0)(-20.0, 737.0)
Rule:GATE(5,5);SD(5,5);GATE_SD(0.5);GATE_ITO(0.5);SD_ITO(0.5)
Module:M14
Boundary:(312.0, 199.0)(312.0, 274.5)(292.2, 274.5)(292.2, 326.0)(233.0, 326.0)(233.0, 199.0);GATE
Port:(233.0, 213.5)(243.0, 213.5)(243.0, 311.5)(233.0, 311.5);SD
Port:(312.0, 199.0)(312.0, 274.5)(292.2, 274.5)(292.2, 326.0)(248.0, 326.0)(248.0, 199.0);GATE
Port:(303.0, 209.0)(307.0, 209.0)(307.0, 260.0)(303.0, 260.0);SD
Module:M9
Boundary:(335.0, 577.0)(410.5, 577.0)(410.5, 627.2)(498.0, 627.2)(498.0, 687.0)(335.0, 687.0);GATE
Port:(349.5, 677.0)(483.5, 677.0)(483.5, 687.0)(349.5, 687.0);SD
Port:(335.0, 577.0)(410.5, 577.0)(410.5, 627.2)(498.0, 627.2)(498.0, 672.0)(335.0, 672.0);GATE
Port:(345.0, 582.0)(396.0, 582.0)(396.0, 586.0)(345.0, 586.0);SD
Module:M5
Boundary:(1244.0, 171.0)(1244.0, 246.5)(1157.1, 246.5)(1157.1, 424.0)(1092.0, 424.0)(1092.0, 171.0);GATE
Port:(1092.0, 185.5)(1102.0, 185.5)(1102.0, 409.5)(1092.0, 409.5);SD
Port:(1244.0, 171.0)(1244.0, 246.5)(1157.1, 246.5)(1157.1, 424.0)(1107.0, 424.0)(1107.0, 171.0);GATE
Port:(1235.0, 181.0)(1239.0, 181.0)(1239.0, 232.0)(1235.0, 232.0);SD
Module:M11
Boundary:(1237.0, 584.0)(1237.0, 677.5)(1225.0, 677.5)(1225.0, 693.0)(1146.0, 693.0)(1146.0, 584.0);GATE
Port:(1146.0, 598.5)(1156.0, 598.5)(1156.0, 678.5)(1146.0, 678.5);SD
Port:(1237.0, 584.0)(1237.0, 677.5)(1225.0, 677.5)(1225.0, 693.0)(1161.0, 693.0)(1161.0, 584.0);GATE
Port:(1228.0, 594.0)(1232.0, 594.0)(1232.0, 663.0)(1228.0, 663.0);SD
Module:M1
Boundary:(1240.0, 30.0)(1240.0, 106.0)(1232.0, 106.0)(1232.0, 121.0)(1082.0, 121.0)(1082.0, 30.0);GATE
Port:(1082.0, 44.5)(1092.0, 44.5)(1092.0, 106.5)(1082.0, 106.5);SD
Port:(1240.0, 30.0)(1240.0, 106.0)(1232.0, 106.0)(1232.0, 121.0)(1097.0, 121.0)(1097.0, 30.0);GATE
Port:(1231.0, 40.0)(1235.0, 40.0)(1235.0, 91.0)(1231.0, 91.0);SD
Module:M27
Boundary:(839.0, 20.0)(839.0, 113.5)(829.0, 113.5)(829.0, 129.0)(650.0, 129.0)(650.0, 20.0);GATE
Port:(650.0, 34.5)(660.0, 34.5)(660.0, 114.5)(650.0, 114.5);SD
Port:(839.0, 20.0)(839.0, 113.5)(829.0, 113.5)(829.0, 129.0)(665.0, 129.0)(665.0, 20.0);GATE
Port:(830.0, 30.0)(834.0, 30.0)(834.0, 99.0)(830.0, 99.0);SD
Module:M24
Boundary:(555.0, 629.0)(684.5, 629.0)(684.5, 643.0)(700.0, 643.0)(700.0, 690.0)(555.0, 690.0);GATE
Port:(569.5, 680.0)(685.5, 680.0)(685.5, 690.0)(569.5, 690.0);SD
Port:(555.0, 629.0)(684.5, 629.0)(684.5, 643.0)(700.0, 643.0)(700.0, 675.0)(555.0, 675.0);GATE
Port:(565.0, 634.0)(670.0, 634.0)(670.0, 638.0)(565.0, 638.0);SD
Module:M19
Boundary:(634.0, 213.0)(634.0, 342.5)(604.0, 342.5)(604.0, 376.0)(565.0, 376.0)(565.0, 213.0);GATE
Port:(565.0, 227.5)(575.0, 227.5)(575.0, 361.5)(565.0, 361.5);SD
Port:(634.0, 213.0)(634.0, 342.5)(604.0, 342.5)(604.0, 376.0)(580.0, 376.0)(580.0, 213.0);GATE
Port:(625.0, 223.0)(629.0, 223.0)(629.0, 328.0)(625.0, 328.0);SD
Module:M6
Boundary:(997.0, 613.0)(1090.5, 613.0)(1090.5, 623.0)(1106.0, 623.0)(1106.0, 696.0)(997.0, 696.0);GATE
Port:(1011.5, 686.0)(1091.5, 686.0)(1091.5, 696.0)(1011.5, 696.0);SD
Port:(997.0, 613.0)(1090.5, 613.0)(1090.5, 623.0)(1106.0, 623.0)(1106.0, 681.0)(997.0, 681.0);GATE
Port:(1007.0, 618.0)(1076.0, 618.0)(1076.0, 622.0)(1007.0, 622.0);SD
Module:M21
Boundary:(194.0, 613.0)(270.0, 613.0)(270.0, 621.0)(285.0, 621.0)(285.0, 697.0)(194.0, 697.0);GATE
Port:(208.5, 687.0)(270.5, 687.0)(270.5, 697.0)(208.5, 697.0);SD
Port:(194.0, 613.0)(270.0, 613.0)(270.0, 621.0)(285.0, 621.0)(285.0, 682.0)(194.0, 682.0);GATE
Port:(204.0, 618.0)(255.0, 618.0)(255.0, 622.0)(204.0, 622.0);SD
Module:M2
Boundary:(1042.0, 183.0)(1042.0, 259.0)(1034.0, 259.0)(1034.0, 274.0)(897.0, 274.0)(897.0, 183.0);GATE
Port:(897.0, 197.5)(907.0, 197.5)(907.0, 259.5)(897.0, 259.5);SD
Port:(1042.0, 183.0)(1042.0, 259.0)(1034.0, 259.0)(1034.0, 274.0)(912.0, 274.0)(912.0, 183.0);GATE
Port:(1033.0, 193.0)(1037.0, 193.0)(1037.0, 244.0)(1033.0, 244.0);SD
Module:M16
Boundary:(684.0, 296.0)(813.5, 296.0)(813.5, 329.7)(847.0, 329.7)(847.0, 379.0)(684.0, 379.0);GATE
Port:(698.5, 369.0)(832.5, 369.0)(832.5, 379.0)(698.5, 379.0);SD
Port:(684.0, 296.0)(813.5, 296.0)(813.5, 329.7)(847.0, 329.7)(847.0, 364.0)(684.0, 364.0);GATE
Port:(694.0, 301.0)(799.0, 301.0)(799.0, 305.0)(694.0, 305.0);SD
Module:M13
Boundary:(727.0, 426.0)(727.0, 573.5)(711.0, 573.5)(711.0, 589.0)(555.0, 589.0)(555.0, 426.0);GATE
Port:(555.0, 440.5)(565.0, 440.5)(565.0, 574.5)(555.0, 574.5);SD
Port:(727.0, 426.0)(727.0, 573.5)(711.0, 573.5)(711.0, 589.0)(570.0, 589.0)(570.0, 426.0);GATE
Port:(718.0, 436.0)(722.0, 436.0)(722.0, 559.0)(718.0, 559.0);SD
Module:M10
Boundary:(1015.0, 324.0)(1015.0, 397.0)(887.0, 397.0)(887.0, 324.0);GATE
Port:(887.0, 338.5)(897.0, 338.5)(897.0, 382.5)(887.0, 382.5);SD
Port:(1015.0, 324.0)(1015.0, 397.0)(902.0, 397.0)(902.0, 324.0);GATE
Port:(1006.0, 334.0)(1010.0, 334.0)(1010.0, 387.0)(1006.0, 387.0);SD
Module:M29
Boundary:(370.0, 20.0)(463.5, 20.0)(463.5, 30.0)(479.0, 30.0)(479.0, 163.0)(370.0, 163.0);GATE
Port:(384.5, 153.0)(464.5, 153.0)(464.5, 163.0)(384.5, 163.0);SD
Port:(370.0, 20.0)(463.5, 20.0)(463.5, 30.0)(479.0, 30.0)(479.0, 148.0)(370.0, 148.0);GATE
Port:(380.0, 25.0)(449.0, 25.0)(449.0, 29.0)(380.0, 29.0);SD
Module:M7
Boundary:(20.0, 187.0)(113.5, 187.0)(113.5, 266.3)(183.0, 266.3)(183.0, 369.0)(20.0, 369.0);GATE
Port:(34.5, 359.0)(168.5, 359.0)(168.5, 369.0)(34.5, 369.0);SD
Port:(20.0, 187.0)(113.5, 187.0)(113.5, 266.3)(183.0, 266.3)(183.0, 354.0)(20.0, 354.0);GATE
Port:(30.0, 192.0)(99.0, 192.0)(99.0, 196.0)(30.0, 196.0);SD
Module:M3
Boundary:(194.0, 409.0)(270.0, 409.0)(270.0, 417.0)(285.0, 417.0)(285.0, 573.0)(194.0, 573.0);GATE
Port:(208.5, 563.0)(270.5, 563.0)(270.5, 573.0)(208.5, 573.0);SD
Port:(194.0, 409.0)(270.0, 409.0)(270.0, 417.0)(285.0, 417.0)(285.0, 558.0)(194.0, 558.0);GATE
Port:(204.0, 414.0)(255.0, 414.0)(255.0, 418.0)(204.0, 418.0);SD
Module:M26
Boundary:(887.0, 20.0)(1016.5, 20.0)(1016.5, 34.0)(1032.0, 34.0)(1032.0, 133.0)(887.0, 133.0);GATE
Port:(901.5, 123.0)(1017.5, 123.0)(1017.5, 133.0)(901.5, 133.0);SD
Port:(887.0, 20.0)(1016.5, 20.0)(1016.5, 34.0)(1032.0, 34.0)(1032.0, 118.0)(887.0, 118.0);GATE
Port:(897.0, 25.0)(1002.0, 25.0)(1002.0, 29.0)(897.0, 29.0);SD
Module:M23
Boundary:(957.0, 437.0)(957.0, 548.5)(945.0, 548.5)(945.0, 564.0)(767.0, 564.0)(767.0, 437.0);GATE
Port:(767.0, 451.5)(777.0, 451.5)(777.0, 549.5)(767.0, 549.5);SD
Port:(957.0, 437.0)(957.0, 548.5)(945.0, 548.5)(945.0, 564.0)(782.0, 564.0)(782.0, 437.0);GATE
Port:(948.0, 447.0)(952.0, 447.0)(952.0, 534.0)(948.0, 534.0);SD
Module:M18
Boundary:(335.0, 386.0)(482.5, 386.0)(482.5, 402.0)(498.0, 402.0)(498.0, 517.0)(335.0, 517.0);GATE
Port:(349.5, 507.0)(483.5, 507.0)(483.5, 517.0)(349.5, 517.0);SD
Port:(335.0, 386.0)(482.5, 386.0)(482.5, 402.0)(498.0, 402.0)(498.0, 502.0)(335.0, 502.0);GATE
Port:(345.0, 391.0)(468.0, 391.0)(468.0, 395.0)(345.0, 395.0);SD
Module:M20
Boundary:(20.0, 576.0)(113.5, 576.0)(113.5, 589.0)(129.0, 589.0)(129.0, 695.0)(20.0, 695.0);GATE
Port:(34.5, 685.0)(114.5, 685.0)(114.5, 695.0)(34.5, 695.0);SD
Port:(20.0, 576.0)(113.5, 576.0)(113.5, 589.0)(129.0, 589.0)(129.0, 680.0)(20.0, 680.0);GATE
Port:(30.0, 581.0)(99.0, 581.0)(99.0, 585.0)(30.0, 585.0);SD
Module:M15
Boundary:(1110.0, 464.0)(1221.5, 464.0)(1221.5, 481.0)(1237.0, 481.0)(1237.0, 544.0)(1110.0, 544.0);GATE
Port:(1124.5, 534.0)(1222.5, 534.0)(1222.5, 544.0)(1124.5, 544.0);SD
Port:(1110.0, 464.0)(1221.5, 464.0)(1221.5, 481.0)(1237.0, 481.0)(1237.0, 529.0)(1110.0, 529.0);GATE
Port:(1120.0, 469.0)(1207.0, 469.0)(1207.0, 473.0)(1120.0, 473.0);SD
Module:M12
Boundary:(684.0, 169.0)(831.5, 169.0)(831.5, 185.0)(847.0, 185.0)(847.0, 256.0)(684.0, 256.0);GATE
Port:(698.5, 246.0)(832.5, 246.0)(832.5, 256.0)(698.5, 256.0);SD
Port:(684.0, 169.0)(831.5, 169.0)(831.5, 185.0)(847.0, 185.0)(847.0, 241.0)(684.0, 241.0);GATE
Port:(694.0, 174.0)(817.0, 174.0)(817.0, 178.0)(694.0, 178.0);SD
Module:M8
Boundary:(320.0, 30.0)(320.0, 123.5)(310.0, 123.5)(310.0, 139.0)(247.0, 139.0)(247.0, 30.0);GATE
Port:(247.0, 44.5)(257.0, 44.5)(257.0, 124.5)(247.0, 124.5);SD
Port:(320.0, 30.0)(320.0, 123.5)(310.0, 123.5)(310.0, 139.0)(262.0, 139.0)(262.0, 30.0);GATE
Port:(311.0, 40.0)(315.0, 40.0)(315.0, 109.0)(311.0, 109.0);SD
Module:M4
Boundary:(997.0, 464.0)(1070.0, 464.0)(1070.0, 573.0)(997.0, 573.0);GATE
Port:(1011.5, 563.0)(1055.5, 563.0)(1055.5, 573.0)(1011.5, 573.0);SD
Port:(997.0, 464.0)(1070.0, 464.0)(1070.0, 558.0)(997.0, 558.0);GATE
Port:(1007.0, 469.0)(1060.0, 469.0)(1060.0, 473.0)(1007.0, 473.0);SD
Module:M28
Boundary:(519.0, 20.0)(595.0, 20.0)(595.0, 28.0)(610.0, 28.0)(610.0, 163.0)(519.0, 163.0);GATE
Port:(533.5, 153.0)(595.5, 153.0)(595.5, 163.0)(533.5, 163.0);SD
Port:(519.0, 20.0)(595.0, 20.0)(595.0, 28.0)(610.0, 28.0)(610.0, 148.0)(519.0, 148.0);GATE
Port:(529.0, 25.0)(580.0, 25.0)(580.0, 29.0)(529.0, 29.0);SD
Module:M30
Boundary:(370.0, 203.0)(499.5, 203.0)(499.5, 217.0)(515.0, 217.0)(515.0, 321.0)(370.0, 321.0);GATE
Port:(384.5, 311.0)(500.5, 311.0)(500.5, 321.0)(384.5, 321.0);SD
Port:(370.0, 203.0)(499.5, 203.0)(499.5, 217.0)(515.0, 217.0)(515.0, 306.0)(370.0, 306.0);GATE
Port:(380.0, 208.0)(485.0, 208.0)(485.0, 212.0)(380.0, 212.0);SD
Module:M25
Boundary:(154.0, 409.0)(154.0, 520.5)(142.0, 520.5)(142.0, 536.0)(20.0, 536.0)(20.0, 409.0);GATE
Port:(20.0, 423.5)(30.0, 423.5)(30.0, 521.5)(20.0, 521.5);SD
Port:(154.0, 409.0)(154.0, 520.5)(142.0, 520.5)(142.0, 536.0)(35.0, 536.0)(35.0, 409.0);GATE
Port:(145.0, 419.0)(149.0, 419.0)(149.0, 506.0)(145.0, 506.0);SD
Module:M22
Boundary:(951.0, 604.0)(951.0, 680.0)(943.0, 680.0)(943.0, 695.0)(767.0, 695.0)(767.0, 604.0);GATE
Port:(767.0, 618.5)(777.0, 618.5)(777.0, 680.5)(767.0, 680.5);SD
Port:(951.0, 604.0)(951.0, 680.0)(943.0, 680.0)(943.0, 695.0)(782.0, 695.0)(782.0, 604.0);GATE
Port:(942.0, 614.0)(946.0, 614.0)(946.0, 665.0)(942.0, 665.0);SD
Module:M17
Boundary:(197.0, 20.0)(197.0, 131.5)(185.0, 131.5)(185.0, 147.0)(20.0, 147.0)(20.0, 20.0);GATE
Port:(20.0, 34.5)(30.0, 34.5)(30.0, 132.5)(20.0, 132.5);SD
Port:(197.0, 20.0)(197.0, 131.5)(185.0, 131.5)(185.0, 147.0)(35.0, 147.0)(35.0, 20.0);GATE
Port:(188.0, 30.0)(192.0, 30.0)(192.0, 117.0)(188.0, 117.0);SD
