Area:(-20.0, -20.0)(1032.3, -20.0)(1032.3, 1211.8)(-20.0, 1211.8)
Rule:GATE(5,5);SD(5,5);GATE_SD(0.5);GATE_ITO(0.5);SD_ITO(0.5)
Module:M14
Boundary:(891.3, 246.5)(974.9, 246.5)(974.9, 253.8)(989.3, 253.8)(989.3, 346.8)(891.3, 346.8);GATE
Port:(905.9, 341.4)(974.7, 341.4)(974.7, 346.8)(905.9, 346.8);SD
Port:(891.3, 246.5)(974.9, 246.5)(974.9, 253.8)(989.3, 253.8)(989.3, 339.5)(891.3, 339.5);GATE
Port:(898.2, 252.4)(967.0, 252.4)(967.0, 259.2)(898.2, 259.2);SD
Module:M9
Boundary:(851.2, 1113.9)(851.2, 1148.4)(851.1, 1148.4)(851.1, 1166.4)(747.1, 1166.4)(747.1, 1113.9);GATE
Port:(747.1, 1127.3)(752.9, 1127.3)(752.9, 1153.0)(747.1, 1153.0);SD
Port:(851.2, 1113.9)(851.2, 1148.4)(851.1, 1148.4)(851.1, 1166.4)(755.8, 1166.4)(755.8, 1113.9);GATE
Port:(840.5, 1119.1)(847.0, 1119.1)(847.0, 1143.2)(840.5, 1143.2);SD
Module:M5
Boundary:(636.0, 20.0)(636.0, 114.7)(435.3, 114.7)(435.3, 20.0);GATE
Port:(435.3, 32.8)(440.1, 32.8)(440.1, 101.9)(435.3, 101.9);SD
Port:(636.0, 20.0)(636.0, 114.7)(441.6, 114.7)(441.6, 20.0);GATE
Port:(625.9, 25.5)(631.5, 25.5)(631.5, 109.2)(625.9, 109.2);SD
Module:M11
Boundary:(682.6, 304.2)(682.6, 373.8)(682.3, 373.8)(682.3, 387.3)(549.1, 387.3)(549.1, 304.2);GATE
Port:(549.1, 315.2)(553.8, 315.2)(553.8, 376.3)(549.1, 376.3);SD
Port:(682.6, 304.2)(682.6, 373.8)(682.3, 373.8)(682.3, 387.3)(555.8, 387.3)(555.8, 304.2);GATE
Port:(673.2, 309.4)(678.4, 309.4)(678.4, 368.6)(673.2, 368.6);SD
Module:M1
Boundary:(231.8, 136.4)(231.8, 252.7)(20.0, 252.7)(20.0, 136.4);GATE
Port:(20.0, 150.5)(24.0, 150.5)(24.0, 238.6)(20.0, 238.6);SD
Port:(231.8, 136.4)(231.8, 252.7)(25.1, 252.7)(25.1, 136.4);GATE
Port:(220.3, 142.7)(226.5, 142.7)(226.5, 246.4)(220.3, 246.4);SD
Module:M43
Boundary:(613.5, 655.6)(694.2, 655.6)(694.2, 810.3)(613.5, 810.3);GATE
Port:(625.3, 805.9)(682.4, 805.9)(682.4, 810.3)(625.3, 810.3);SD
Port:(613.5, 655.6)(694.2, 655.6)(694.2, 803.2)(613.5, 803.2);GATE
Port:(618.9, 660.0)(688.8, 660.0)(688.8, 664.5)(618.9, 664.5);SD
Module:M38
Boundary:(514.9, 655.6)(561.6, 655.6)(561.6, 669.5)(573.5, 669.5)(573.5, 820.5)(514.9, 820.5);GATE
Port:(527.9, 816.4)(560.5, 816.4)(560.5, 820.5)(527.9, 820.5);SD
Port:(514.9, 655.6)(561.6, 655.6)(561.6, 669.5)(573.5, 669.5)(573.5, 814.0)(514.9, 814.0);GATE
Port:(521.8, 661.5)(553.7, 661.5)(553.7, 667.1)(521.8, 667.1);SD
Module:M40
Boundary:(748.2, 398.5)(815.0, 398.5)(815.0, 432.0)(831.0, 432.0)(831.0, 587.3)(748.2, 587.3);GATE
Port:(760.3, 581.8)(818.9, 581.8)(818.9, 587.3)(760.3, 587.3);SD
Port:(748.2, 398.5)(815.0, 398.5)(815.0, 432.0)(831.0, 432.0)(831.0, 580.5)(748.2, 580.5);GATE
Port:(753.4, 402.7)(808.8, 402.7)(808.8, 408.1)(753.4, 408.1);SD
Module:M35
Boundary:(20.0, 561.3)(103.4, 561.3)(103.4, 561.3)(119.3, 561.3)(119.3, 757.8)(20.0, 757.8);GATE
Port:(34.8, 753.7)(104.5, 753.7)(104.5, 757.8)(34.8, 757.8);SD
Port:(20.0, 561.3)(103.4, 561.3)(103.4, 561.3)(119.3, 561.3)(119.3, 751.3)(20.0, 751.3);GATE
Port:(26.0, 566.3)(97.4, 566.3)(97.4, 573.5)(26.0, 573.5);SD
Module:M32
Boundary:(232.0, 937.3)(232.0, 1021.7)(126.0, 1021.7)(126.0, 1036.8)(30.0, 1036.8)(30.0, 937.3);GATE
Port:(30.0, 951.0)(35.9, 951.0)(35.9, 1023.1)(30.0, 1023.1);SD
Port:(232.0, 937.3)(232.0, 1021.7)(126.0, 1021.7)(126.0, 1036.8)(37.7, 1036.8)(37.7, 937.3);GATE
Port:(220.1, 943.3)(227.0, 943.3)(227.0, 1014.7)(220.1, 1014.7);SD
Module:M27
Boundary:(825.3, 1023.3)(825.3, 1057.0)(825.1, 1057.0)(825.1, 1073.9)(747.3, 1073.9)(747.3, 1023.3);GATE
Port:(747.3, 1036.3)(751.9, 1036.3)(751.9, 1060.9)(747.3, 1060.9);SD
Port:(825.3, 1023.3)(825.3, 1057.0)(825.1, 1057.0)(825.1, 1073.9)(754.1, 1073.9)(754.1, 1023.3);GATE
Port:(815.3, 1028.5)(821.1, 1028.5)(821.1, 1051.8)(815.3, 1051.8);SD
Module:M24
Boundary:(447.6, 171.7)(447.6, 238.9)(418.1, 238.9)(418.1, 253.6)(271.8, 253.6)(271.8, 171.7);GATE
Port:(271.8, 186.1)(276.8, 186.1)(276.8, 239.2)(271.8, 239.2);SD
Port:(447.6, 171.7)(447.6, 238.9)(418.1, 238.9)(418.1, 253.6)(278.1, 253.6)(278.1, 171.7);GATE
Port:(435.8, 178.7)(441.6, 178.7)(441.6, 230.9)(435.8, 230.9);SD
Module:M19
Boundary:(840.0, 795.7)(840.0, 847.2)(840.0, 847.2)(840.0, 864.4)(757.3, 864.4)(757.3, 795.7);GATE
Port:(757.3, 809.2)(761.3, 809.2)(761.3, 850.9)(757.3, 850.9);SD
Port:(840.0, 795.7)(840.0, 847.2)(840.0, 847.2)(840.0, 864.4)(762.9, 864.4)(762.9, 795.7);GATE
Port:(829.0, 800.8)(835.9, 800.8)(835.9, 842.1)(829.0, 842.1);SD
Module:M6
Boundary:(707.1, 970.2)(707.1, 1049.0)(606.6, 1049.0)(606.6, 1063.3)(514.4, 1063.3)(514.4, 970.2);GATE
Port:(514.4, 983.1)(519.8, 983.1)(519.8, 1050.4)(514.4, 1050.4);SD
Port:(707.1, 970.2)(707.1, 1049.0)(606.6, 1049.0)(606.6, 1063.3)(522.5, 1063.3)(522.5, 970.2);GATE
Port:(697.3, 976.4)(701.9, 976.4)(701.9, 1041.8)(697.3, 1041.8);SD
Module:M21
Boundary:(676.0, 20.0)(749.7, 20.0)(749.7, 224.7)(676.0, 224.7);GATE
Port:(691.4, 220.4)(734.3, 220.4)(734.3, 224.7)(691.4, 224.7);SD
Port:(676.0, 20.0)(749.7, 20.0)(749.7, 218.9)(676.0, 218.9);GATE
Port:(682.4, 25.4)(743.3, 25.4)(743.3, 31.9)(682.4, 31.9);SD
Module:M2
Boundary:(165.0, 618.3)(263.2, 618.3)(263.2, 666.0)(278.4, 666.0)(278.4, 760.3)(165.0, 760.3);GATE
Port:(177.6, 755.8)(265.8, 755.8)(265.8, 760.3)(177.6, 760.3);SD
Port:(165.0, 618.3)(263.2, 618.3)(263.2, 666.0)(278.4, 666.0)(278.4, 754.5)(165.0, 754.5);GATE
Port:(170.6, 622.9)(256.6, 622.9)(256.6, 628.5)(170.6, 628.5);SD
Module:M16
Boundary:(474.4, 936.6)(474.4, 1037.8)(440.3, 1037.8)(440.3, 1052.7)(282.0, 1052.7)(282.0, 936.6);GATE
Port:(282.0, 951.5)(286.2, 951.5)(286.2, 1037.8)(282.0, 1037.8);SD
Port:(474.4, 936.6)(474.4, 1037.8)(440.3, 1037.8)(440.3, 1052.7)(288.5, 1052.7)(288.5, 936.6);GATE
Port:(462.4, 943.4)(468.6, 943.4)(468.6, 1030.0)(462.4, 1030.0);SD
Module:M13
Boundary:(165.0, 489.6)(250.3, 489.6)(250.3, 489.9)(266.9, 489.9)(266.9, 578.3)(165.0, 578.3);GATE
Port:(179.6, 573.9)(252.3, 573.9)(252.3, 578.3)(179.6, 578.3);SD
Port:(165.0, 489.6)(250.3, 489.6)(250.3, 489.9)(266.9, 489.9)(266.9, 572.2)(165.0, 572.2);GATE
Port:(171.9, 495.5)(243.4, 495.5)(243.4, 501.2)(171.9, 501.2);SD
Module:M45
Boundary:(241.5, 20.0)(241.5, 81.7)(241.4, 81.7)(241.4, 96.4)(20.0, 96.4)(20.0, 20.0);GATE
Port:(20.0, 32.8)(24.9, 32.8)(24.9, 83.6)(20.0, 83.6);SD
Port:(241.5, 20.0)(241.5, 81.7)(241.4, 81.7)(241.4, 96.4)(26.8, 96.4)(26.8, 20.0);GATE
Port:(230.6, 26.6)(235.9, 26.6)(235.9, 75.1)(230.6, 75.1);SD
Module:M10
Boundary:(215.3, 1086.8)(215.3, 1156.0)(145.6, 1156.0)(145.6, 1167.8)(20.0, 1167.8)(20.0, 1086.8);GATE
Port:(20.0, 1098.4)(24.6, 1098.4)(24.6, 1156.2)(20.0, 1156.2);SD
Port:(215.3, 1086.8)(215.3, 1156.0)(145.6, 1156.0)(145.6, 1167.8)(26.7, 1167.8)(26.7, 1086.8);GATE
Port:(205.3, 1092.6)(210.5, 1092.6)(210.5, 1149.2)(205.3, 1149.2);SD
Module:M42
Boundary:(212.9, 800.3)(212.9, 871.3)(128.6, 871.3)(128.6, 887.3)(20.0, 887.3)(20.0, 800.3);GATE
Port:(20.0, 814.5)(25.9, 814.5)(25.9, 873.1)(20.0, 873.1);SD
Port:(212.9, 800.3)(212.9, 871.3)(128.6, 871.3)(128.6, 887.3)(27.0, 887.3)(27.0, 800.3);GATE
Port:(201.8, 806.4)(207.8, 806.4)(207.8, 864.2)(201.8, 864.2);SD
Module:M37
Boundary:(789.7, 20.0)(864.0, 20.0)(864.0, 20.3)(882.0, 20.3)(882.0, 206.5)(789.7, 206.5);GATE
Port:(805.2, 201.2)(866.5, 201.2)(866.5, 206.5)(805.2, 206.5);SD
Port:(789.7, 20.0)(864.0, 20.0)(864.0, 20.3)(882.0, 20.3)(882.0, 198.4)(789.7, 198.4);GATE
Port:(796.2, 25.5)(857.5, 25.5)(857.5, 32.4)(796.2, 32.4);SD
Module:M34
Boundary:(395.3, 20.0)(395.3, 114.0)(360.4, 114.0)(360.4, 131.7)(281.5, 131.7)(281.5, 20.0);GATE
Port:(281.5, 34.9)(285.8, 34.9)(285.8, 116.8)(281.5, 116.8);SD
Port:(395.3, 20.0)(395.3, 114.0)(360.4, 114.0)(360.4, 131.7)(287.1, 131.7)(287.1, 20.0);GATE
Port:(383.9, 26.8)(389.5, 26.8)(389.5, 106.2)(383.9, 106.2);SD
Module:M29
Boundary:(318.4, 469.3)(421.8, 469.3)(421.8, 608.1)(318.4, 608.1);GATE
Port:(332.2, 602.8)(408.0, 602.8)(408.0, 608.1)(332.2, 608.1);SD
Port:(318.4, 469.3)(421.8, 469.3)(421.8, 601.6)(318.4, 601.6);GATE
Port:(323.6, 473.5)(416.6, 473.5)(416.6, 480.4)(323.6, 480.4);SD
Module:M7
Boundary:(890.0, 719.7)(969.7, 719.7)(969.7, 719.9)(985.0, 719.9)(985.0, 919.9)(890.0, 919.9);GATE
Port:(903.1, 915.7)(971.9, 915.7)(971.9, 919.9)(903.1, 919.9);SD
Port:(890.0, 719.7)(969.7, 719.7)(969.7, 719.9)(985.0, 719.9)(985.0, 913.4)(890.0, 913.4);GATE
Port:(896.4, 725.1)(963.3, 725.1)(963.3, 731.2)(896.4, 731.2);SD
Module:M31
Boundary:(392.6, 792.8)(474.9, 792.8)(474.9, 896.6)(392.6, 896.6);GATE
Port:(407.2, 891.2)(460.3, 891.2)(460.3, 896.6)(407.2, 896.6);SD
Port:(392.6, 792.8)(474.9, 792.8)(474.9, 888.5)(392.6, 888.5);GATE
Port:(399.4, 798.6)(468.1, 798.6)(468.1, 804.9)(399.4, 804.9);SD
Module:M3
Boundary:(165.0, 293.6)(256.4, 293.6)(256.4, 449.6)(165.0, 449.6);GATE
Port:(180.7, 445.1)(240.7, 445.1)(240.7, 449.6)(180.7, 449.6);SD
Port:(165.0, 293.6)(256.4, 293.6)(256.4, 443.2)(165.0, 443.2);GATE
Port:(171.2, 298.8)(250.2, 298.8)(250.2, 305.8)(171.2, 305.8);SD
Module:M26
Boundary:(841.3, 274.7)(841.3, 324.5)(806.8, 324.5)(806.8, 338.5)(732.6, 338.5)(732.6, 274.7);GATE
Port:(732.6, 286.7)(738.4, 286.7)(738.4, 326.5)(732.6, 326.5);SD
Port:(841.3, 274.7)(841.3, 324.5)(806.8, 324.5)(806.8, 338.5)(740.6, 338.5)(740.6, 274.7);GATE
Port:(831.5, 280.5)(836.5, 280.5)(836.5, 316.7)(831.5, 316.7);SD
Module:M23
Boundary:(889.0, 612.8)(974.9, 612.8)(974.9, 679.7)(889.0, 679.7);GATE
Port:(900.3, 675.1)(963.6, 675.1)(963.6, 679.7)(900.3, 679.7);SD
Port:(889.0, 612.8)(974.9, 612.8)(974.9, 673.7)(889.0, 673.7);GATE
Port:(894.6, 617.4)(969.3, 617.4)(969.3, 622.5)(894.6, 622.5);SD
Module:M18
Boundary:(499.1, 314.2)(499.1, 405.4)(414.6, 405.4)(414.6, 419.3)(306.4, 419.3)(306.4, 314.2);GATE
Port:(306.4, 325.9)(310.9, 325.9)(310.9, 407.6)(306.4, 407.6);SD
Port:(499.1, 314.2)(499.1, 405.4)(414.6, 405.4)(414.6, 419.3)(312.9, 419.3)(312.9, 314.2);GATE
Port:(489.4, 319.3)(495.0, 319.3)(495.0, 399.3)(489.4, 399.3);SD
Module:M20
Boundary:(635.8, 154.7)(635.8, 247.0)(573.2, 247.0)(573.2, 264.2)(487.6, 264.2)(487.6, 154.7);GATE
Port:(487.6, 169.6)(492.0, 169.6)(492.0, 249.3)(487.6, 249.3);SD
Port:(635.8, 154.7)(635.8, 247.0)(573.2, 247.0)(573.2, 264.2)(493.5, 264.2)(493.5, 154.7);GATE
Port:(624.3, 160.4)(631.1, 160.4)(631.1, 240.3)(624.3, 240.3);SD
Module:M15
Boundary:(707.3, 860.5)(707.3, 913.2)(707.2, 913.2)(707.2, 930.2)(514.9, 930.2)(514.9, 860.5);GATE
Port:(514.9, 874.6)(519.4, 874.6)(519.4, 916.1)(514.9, 916.1);SD
Port:(707.3, 860.5)(707.3, 913.2)(707.2, 913.2)(707.2, 930.2)(522.2, 930.2)(522.2, 860.5);GATE
Port:(695.8, 866.6)(702.2, 866.6)(702.2, 907.1)(695.8, 907.1);SD
Module:M12
Boundary:(891.2, 959.9)(976.3, 959.9)(976.3, 1050.3)(991.3, 1050.3)(991.3, 1165.5)(891.2, 1165.5);GATE
Port:(905.3, 1160.3)(977.2, 1160.3)(977.2, 1165.5)(905.3, 1165.5);SD
Port:(891.2, 959.9)(976.3, 959.9)(976.3, 1050.3)(991.3, 1050.3)(991.3, 1159.0)(891.2, 1159.0);GATE
Port:(897.8, 965.5)(968.7, 965.5)(968.7, 972.2)(897.8, 972.2);SD
Module:M44
Boundary:(881.0, 388.5)(969.8, 388.5)(969.8, 388.5)(987.4, 388.5)(987.4, 572.8)(881.0, 572.8);GATE
Port:(895.1, 568.7)(973.3, 568.7)(973.3, 572.8)(895.1, 572.8);SD
Port:(881.0, 388.5)(969.8, 388.5)(969.8, 388.5)(987.4, 388.5)(987.4, 566.2)(881.0, 566.2);GATE
Port:(887.5, 394.0)(963.3, 394.0)(963.3, 399.6)(887.5, 399.6);SD
Module:M39
Boundary:(578.7, 535.7)(666.4, 535.7)(666.4, 605.6)(578.7, 605.6);GATE
Port:(593.6, 600.9)(651.5, 600.9)(651.5, 605.6)(593.6, 605.6);SD
Port:(578.7, 535.7)(666.4, 535.7)(666.4, 599.6)(578.7, 599.6);GATE
Port:(584.7, 540.7)(660.4, 540.7)(660.4, 547.4)(584.7, 547.4);SD
Module:M8
Boundary:(352.6, 800.3)(352.6, 850.6)(321.7, 850.6)(321.7, 864.9)(252.9, 864.9)(252.9, 800.3);GATE
Port:(252.9, 813.5)(257.0, 813.5)(257.0, 851.7)(252.9, 851.7);SD
Port:(352.6, 800.3)(352.6, 850.6)(321.7, 850.6)(321.7, 864.9)(259.0, 864.9)(259.0, 800.3);GATE
Port:(341.7, 806.2)(347.7, 806.2)(347.7, 843.7)(341.7, 843.7);SD
Module:M41
Boundary:(698.2, 427.3)(698.2, 466.8)(698.2, 466.8)(698.2, 485.7)(549.1, 485.7)(549.1, 427.3);GATE
Port:(549.1, 443.4)(554.1, 443.4)(554.1, 469.6)(549.1, 469.6);SD
Port:(698.2, 427.3)(698.2, 466.8)(698.2, 466.8)(698.2, 485.7)(556.0, 485.7)(556.0, 427.3);GATE
Port:(685.5, 434.1)(692.4, 434.1)(692.4, 460.0)(685.5, 460.0);SD
Module:M4
Boundary:(690.0, 1103.3)(690.0, 1156.3)(572.0, 1156.3)(572.0, 1171.3)(495.2, 1171.3)(495.2, 1103.3);GATE
Port:(495.2, 1118.0)(500.5, 1118.0)(500.5, 1156.6)(495.2, 1156.6);SD
Port:(690.0, 1103.3)(690.0, 1156.3)(572.0, 1156.3)(572.0, 1171.3)(503.2, 1171.3)(503.2, 1103.3);GATE
Port:(677.7, 1109.3)(685.0, 1109.3)(685.0, 1149.3)(677.7, 1149.3);SD
Module:M36
Boundary:(461.8, 525.7)(513.6, 525.7)(513.6, 541.8)(528.7, 541.8)(528.7, 605.5)(461.8, 605.5);GATE
Port:(476.0, 599.9)(514.5, 599.9)(514.5, 605.5)(476.0, 605.5);SD
Port:(461.8, 525.7)(513.6, 525.7)(513.6, 541.8)(528.7, 541.8)(528.7, 597.9)(461.8, 597.9);GATE
Port:(467.5, 530.4)(506.9, 530.4)(506.9, 536.8)(467.5, 536.8);SD
Module:M33
Boundary:(455.2, 1092.7)(455.2, 1156.3)(455.2, 1156.3)(455.2, 1171.8)(255.3, 1171.8)(255.3, 1092.7);GATE
Port:(255.3, 1105.2)(259.8, 1105.2)(259.8, 1159.3)(255.3, 1159.3);SD
Port:(455.2, 1092.7)(455.2, 1156.3)(455.2, 1156.3)(455.2, 1171.8)(261.8, 1171.8)(261.8, 1092.7);GATE
Port:(444.2, 1097.7)(451.2, 1097.7)(451.2, 1151.3)(444.2, 1151.3);SD
Module:M28
Boundary:(20.0, 292.7)(109.8, 292.7)(109.8, 435.9)(125.0, 435.9)(125.0, 521.3)(20.0, 521.3);GATE
Port:(34.5, 516.2)(110.5, 516.2)(110.5, 521.3)(34.5, 521.3);SD
Port:(20.0, 292.7)(109.8, 292.7)(109.8, 435.9)(125.0, 435.9)(125.0, 515.1)(20.0, 515.1);GATE
Port:(26.4, 298.1)(101.4, 298.1)(101.4, 304.3)(26.4, 304.3);SD
Module:M30
Boundary:(922.0, 20.0)(977.0, 20.0)(977.0, 82.1)(992.3, 82.1)(992.3, 203.7)(922.0, 203.7);GATE
Port:(937.6, 199.4)(976.7, 199.4)(976.7, 203.7)(937.6, 203.7);SD
Port:(922.0, 20.0)(977.0, 20.0)(977.0, 82.1)(992.3, 82.1)(992.3, 196.6)(922.0, 196.6);GATE
Port:(928.4, 25.4)(969.6, 25.4)(969.6, 33.1)(928.4, 33.1);SD
Module:M25
Boundary:(849.0, 637.3)(849.0, 745.7)(734.2, 745.7)(734.2, 637.3);GATE
Port:(734.2, 651.5)(739.8, 651.5)(739.8, 731.5)(734.2, 731.5);SD
Port:(849.0, 637.3)(849.0, 745.7)(740.8, 745.7)(740.8, 637.3);GATE
Port:(837.6, 643.8)(843.5, 643.8)(843.5, 739.2)(837.6, 739.2);SD
Module:M22
Boundary:(845.4, 914.4)(845.4, 967.7)(823.8, 967.7)(823.8, 983.3)(747.3, 983.3)(747.3, 914.4);GATE
Port:(747.3, 928.6)(752.9, 928.6)(752.9, 969.1)(747.3, 969.1);SD
Port:(845.4, 914.4)(845.4, 967.7)(823.8, 967.7)(823.8, 983.3)(754.5, 983.3)(754.5, 914.4);GATE
Port:(833.8, 921.2)(839.6, 921.2)(839.6, 959.9)(833.8, 959.9);SD
Module:M17
Boundary:(456.7, 658.1)(456.7, 725.5)(456.3, 725.5)(456.3, 742.8)(328.4, 742.8)(328.4, 658.1);GATE
Port:(328.4, 671.1)(333.4, 671.1)(333.4, 729.8)(328.4, 729.8);SD
Port:(456.7, 658.1)(456.7, 725.5)(456.3, 725.5)(456.3, 742.8)(334.6, 742.8)(334.6, 658.1);GATE
Port:(446.9, 663.5)(452.3, 663.5)(452.3, 720.1)(446.9, 720.1);SD
