Area:(-20.0, -20.0)(612.0, -20.0)(612.0, 615.0)(-20.0, 615.0)
Rule:GATE(5,5);SD(5,5);GATE_SD(0.5);GATE_ITO(0.5);SD_ITO(0.5)
Module:M9
Boundary:(153.0, 20.0)(153.0, 149.5)(67.5, 149.5)(67.5, 237.0)(20.0, 237.0)(20.0, 20.0);GATE
Port:(20.0, 34.5)(30.0, 34.5)(30.0, 222.5)(20.0, 222.5);SD
Port:(153.0, 20.0)(153.0, 149.5)(67.5, 149.5)(67.5, 237.0)(35.0, 237.0)(35.0, 20.0);GATE
Port:(144.0, 30.0)(148.0, 30.0)(148.0, 135.0)(144.0, 135.0);SD
Module:M5
Boundary:(449.0, 30.0)(449.0, 103.0)(388.0, 103.0)(388.0, 30.0);GATE
Port:(388.0, 44.5)(398.0, 44.5)(398.0, 88.5)(388.0, 88.5);SD
Port:(449.0, 30.0)(449.0, 103.0)(403.0, 103.0)(403.0, 30.0);GATE
Port:(440.0, 40.0)(444.0, 40.0)(444.0, 93.0)(440.0, 93.0);SD
Module:M1
Boundary:(499.0, 20.0)(572.0, 20.0)(572.0, 143.0)(499.0, 143.0);GATE
Port:(513.5, 133.0)(557.5, 133.0)(557.5, 143.0)(513.5, 143.0);SD
Port:(499.0, 20.0)(572.0, 20.0)(572.0, 128.0)(499.0, 128.0);GATE
Port:(509.0, 25.0)(562.0, 25.0)(562.0, 29.0)(509.0, 29.0);SD
Module:M6
Boundary:(378.0, 183.0)(525.5, 183.0)(525.5, 199.0)(541.0, 199.0)(541.0, 307.0)(378.0, 307.0);GATE
Port:(392.5, 297.0)(526.5, 297.0)(526.5, 307.0)(392.5, 307.0);SD
Port:(378.0, 183.0)(525.5, 183.0)(525.5, 199.0)(541.0, 199.0)(541.0, 292.0)(378.0, 292.0);GATE
Port:(388.0, 188.0)(511.0, 188.0)(511.0, 192.0)(388.0, 192.0);SD
Module:M2
Boundary:(193.0, 20.0)(322.5, 20.0)(322.5, 34.0)(338.0, 34.0)(338.0, 205.0)(193.0, 205.0);GATE
Port:(207.5, 195.0)(323.5, 195.0)(323.5, 205.0)(207.5, 205.0);SD
Port:(193.0, 20.0)(322.5, 20.0)(322.5, 34.0)(338.0, 34.0)(338.0, 190.0)(193.0, 190.0);GATE
Port:(203.0, 25.0)(308.0, 25.0)(308.0, 29.0)(203.0, 29.0);SD
Module:M10
Boundary:(223.0, 404.0)(334.5, 404.0)(334.5, 489.3)(422.0, 489.3)(422.0, 571.0)(223.0, 571.0);GATE
Port:(237.5, 561.0)(407.5, 561.0)(407.5, 571.0)(237.5, 571.0);SD
Port:(223.0, 404.0)(334.5, 404.0)(334.5, 489.3)(422.0, 489.3)(422.0, 556.0)(223.0, 556.0);GATE
Port:(233.0, 409.0)(320.0, 409.0)(320.0, 413.0)(233.0, 413.0);SD
Module:M7
Boundary:(20.0, 462.0)(131.5, 462.0)(131.5, 509.7)(165.0, 509.7)(165.0, 575.0)(20.0, 575.0);GATE
Port:(34.5, 565.0)(150.5, 565.0)(150.5, 575.0)(34.5, 575.0);SD
Port:(20.0, 462.0)(131.5, 462.0)(131.5, 509.7)(165.0, 509.7)(165.0, 560.0)(20.0, 560.0);GATE
Port:(30.0, 467.0)(117.0, 467.0)(117.0, 471.0)(30.0, 471.0);SD
Module:M3
Boundary:(472.0, 347.0)(548.0, 347.0)(548.0, 355.0)(563.0, 355.0)(563.0, 547.0)(472.0, 547.0);GATE
Port:(486.5, 537.0)(548.5, 537.0)(548.5, 547.0)(486.5, 547.0);SD
Port:(472.0, 347.0)(548.0, 347.0)(548.0, 355.0)(563.0, 355.0)(563.0, 532.0)(472.0, 532.0);GATE
Port:(482.0, 352.0)(533.0, 352.0)(533.0, 356.0)(482.0, 356.0);SD
Module:M8
Boundary:(173.0, 277.0)(173.0, 406.5)(159.0, 406.5)(159.0, 422.0)(20.0, 422.0)(20.0, 277.0);GATE
Port:(20.0, 291.5)(30.0, 291.5)(30.0, 407.5)(20.0, 407.5);SD
Port:(173.0, 277.0)(173.0, 406.5)(159.0, 406.5)(159.0, 422.0)(35.0, 422.0)(35.0, 277.0);GATE
Port:(164.0, 287.0)(168.0, 287.0)(168.0, 392.0)(164.0, 392.0);SD
Module:M4
Boundary:(331.0, 245.0)(331.0, 338.5)(321.0, 338.5)(321.0, 354.0)(213.0, 354.0)(213.0, 245.0);GATE
Port:(213.0, 259.5)(223.0, 259.5)(223.0, 339.5)(213.0, 339.5);SD
Port:(331.0, 245.0)(331.0, 338.5)(321.0, 338.5)(321.0, 354.0)(228.0, 354.0)(228.0, 245.0);GATE
Port:(322.0, 255.0)(326.0, 255.0)(326.0, 324.0)(322.0, 324.0);SD
