Area:(-20.0, -20.0)(518.5, -20.0)(518.5, 1224.1)(-20.0, 1224.1)
Rule:GATE(5,5);SD(5,5);GATE_SD(0.5);GATE_ITO(0.5);SD_ITO(0.5)
Module:M14
Boundary:(389.4, 148.1)(458.8, 148.1)(458.8, 265.5)(474.6, 265.5)(474.6, 343.2)(389.4, 343.2);GATE
Port:(403.2, 337.2)(460.8, 337.2)(460.8, 343.2)(403.2, 343.2);SD
Port:(389.4, 148.1)(458.8, 148.1)(458.8, 265.5)(474.6, 265.5)(474.6, 334.7)(389.4, 334.7);GATE
Port:(395.1, 152.8)(452.1, 152.8)(452.1, 159.6)(395.1, 159.6);SD
Module:M9
Boundary:(307.0, 736.6)(307.0, 828.2)(163.5, 828.2)(163.5, 736.6);GATE
Port:(163.5, 752.0)(168.2, 752.0)(168.2, 812.8)(163.5, 812.8);SD
Port:(307.0, 736.6)(307.0, 828.2)(171.1, 828.2)(171.1, 736.6);GATE
Port:(295.0, 742.6)(302.0, 742.6)(302.0, 822.2)(295.0, 822.2);SD
Module:M5
Boundary:(124.8, 608.2)(222.3, 608.2)(222.3, 696.6)(124.8, 696.6);GATE
Port:(138.2, 691.4)(208.9, 691.4)(208.9, 696.6)(138.2, 696.6);SD
Port:(124.8, 608.2)(222.3, 608.2)(222.3, 689.6)(124.8, 689.6);GATE
Port:(130.0, 612.4)(217.1, 612.4)(217.1, 619.2)(130.0, 619.2);SD
Module:M11
Boundary:(472.2, 1002.0)(472.2, 1053.0)(472.1, 1053.0)(472.1, 1069.2)(399.5, 1069.2)(399.5, 1002.0);GATE
Port:(399.5, 1016.0)(404.7, 1016.0)(404.7, 1055.2)(399.5, 1055.2);SD
Port:(472.2, 1002.0)(472.2, 1053.0)(472.1, 1053.0)(472.1, 1069.2)(406.1, 1069.2)(406.1, 1002.0);GATE
Port:(460.5, 1007.9)(467.3, 1007.9)(467.3, 1047.1)(460.5, 1047.1);SD
Module:M1
Boundary:(269.0, 131.7)(333.4, 131.7)(333.4, 131.8)(349.4, 131.8)(349.4, 268.9)(269.0, 268.9);GATE
Port:(281.9, 264.5)(336.5, 264.5)(336.5, 268.9)(281.9, 268.9);SD
Port:(269.0, 131.7)(333.4, 131.7)(333.4, 131.8)(349.4, 131.8)(349.4, 261.7)(269.0, 261.7);GATE
Port:(274.5, 136.2)(327.9, 136.2)(327.9, 142.2)(274.5, 142.2);SD
Module:M24
Boundary:(20.0, 20.0)(64.4, 20.0)(64.4, 60.1)(77.3, 60.1)(77.3, 144.7)(20.0, 144.7);GATE
Port:(31.2, 140.4)(66.1, 140.4)(66.1, 144.7)(31.2, 144.7);SD
Port:(20.0, 20.0)(64.4, 20.0)(64.4, 60.1)(77.3, 60.1)(77.3, 137.9)(20.0, 137.9);GATE
Port:(26.0, 25.0)(57.4, 25.0)(57.4, 29.5)(26.0, 29.5);SD
Module:M19
Boundary:(117.3, 20.0)(181.8, 20.0)(181.8, 20.3)(198.0, 20.3)(198.0, 115.6)(117.3, 115.6);GATE
Port:(130.0, 110.0)(185.3, 110.0)(185.3, 115.6)(130.0, 115.6);SD
Port:(117.3, 20.0)(181.8, 20.0)(181.8, 20.3)(198.0, 20.3)(198.0, 107.9)(117.3, 107.9);GATE
Port:(122.5, 24.2)(176.6, 24.2)(176.6, 30.0)(122.5, 30.0);SD
Module:M6
Boundary:(117.3, 155.6)(214.9, 155.6)(214.9, 174.1)(229.0, 174.1)(229.0, 243.4)(117.3, 243.4);GATE
Port:(131.7, 237.5)(214.6, 237.5)(214.6, 243.4)(131.7, 243.4);SD
Port:(117.3, 155.6)(214.9, 155.6)(214.9, 174.1)(229.0, 174.1)(229.0, 235.4)(117.3, 235.4);GATE
Port:(123.9, 161.2)(207.3, 161.2)(207.3, 168.5)(123.9, 168.5);SD
Module:M21
Boundary:(474.7, 724.4)(474.7, 809.8)(347.0, 809.8)(347.0, 724.4);GATE
Port:(347.0, 735.6)(353.0, 735.6)(353.0, 798.6)(347.0, 798.6);SD
Port:(474.7, 724.4)(474.7, 809.8)(354.7, 809.8)(354.7, 724.4);GATE
Port:(465.3, 730.1)(470.0, 730.1)(470.0, 804.1)(465.3, 804.1);SD
Module:M2
Boundary:(368.5, 868.2)(368.5, 923.3)(259.4, 923.3)(259.4, 934.9)(163.5, 934.9)(163.5, 868.2);GATE
Port:(163.5, 879.5)(169.2, 879.5)(169.2, 923.6)(163.5, 923.6);SD
Port:(368.5, 868.2)(368.5, 923.3)(259.4, 923.3)(259.4, 934.9)(171.0, 934.9)(171.0, 868.2);GATE
Port:(358.8, 874.7)(363.0, 874.7)(363.0, 915.8)(358.8, 915.8);SD
Module:M16
Boundary:(20.0, 815.0)(104.3, 815.0)(104.3, 847.6)(118.7, 847.6)(118.7, 1002.7)(20.0, 1002.7);GATE
Port:(35.0, 998.7)(103.7, 998.7)(103.7, 1002.7)(35.0, 1002.7);SD
Port:(20.0, 815.0)(104.3, 815.0)(104.3, 847.6)(118.7, 847.6)(118.7, 997.3)(20.0, 997.3);GATE
Port:(26.9, 820.9)(96.4, 820.9)(96.4, 828.1)(26.9, 828.1);SD
Module:M13
Boundary:(20.0, 1042.7)(123.5, 1042.7)(123.5, 1184.1)(20.0, 1184.1);GATE
Port:(34.3, 1178.1)(109.2, 1178.1)(109.2, 1184.1)(34.3, 1184.1);SD
Port:(20.0, 1042.7)(123.5, 1042.7)(123.5, 1176.4)(20.0, 1176.4);GATE
Port:(25.5, 1047.2)(118.0, 1047.2)(118.0, 1054.1)(25.5, 1054.1);SD
Module:M10
Boundary:(348.8, 308.9)(348.8, 419.9)(206.4, 419.9)(206.4, 308.9);GATE
Port:(206.4, 321.2)(211.5, 321.2)(211.5, 407.6)(206.4, 407.6);SD
Port:(348.8, 308.9)(348.8, 419.9)(212.6, 419.9)(212.6, 308.9);GATE
Port:(339.1, 314.3)(344.4, 314.3)(344.4, 414.5)(339.1, 414.5);SD
Module:M7
Boundary:(330.9, 459.9)(330.9, 552.9)(330.8, 552.9)(330.8, 568.2)(179.1, 568.2)(179.1, 459.9);GATE
Port:(179.1, 472.2)(184.8, 472.2)(184.8, 555.9)(179.1, 555.9);SD
Port:(330.9, 459.9)(330.9, 552.9)(330.8, 552.9)(330.8, 568.2)(186.0, 568.2)(186.0, 459.9);GATE
Port:(321.1, 466.3)(325.5, 466.3)(325.5, 546.5)(321.1, 546.5);SD
Module:M3
Boundary:(388.8, 383.2)(475.2, 383.2)(475.2, 563.7)(388.8, 563.7);GATE
Port:(403.1, 557.8)(460.9, 557.8)(460.9, 563.7)(403.1, 563.7);SD
Port:(388.8, 383.2)(475.2, 383.2)(475.2, 555.6)(388.8, 555.6);GATE
Port:(395.0, 388.4)(469.0, 388.4)(469.0, 394.2)(395.0, 394.2);SD
Module:M23
Boundary:(20.0, 435.2)(122.1, 435.2)(122.1, 435.6)(139.1, 435.6)(139.1, 534.6)(20.0, 534.6);GATE
Port:(33.3, 529.5)(125.8, 529.5)(125.8, 534.6)(33.3, 534.6);SD
Port:(20.0, 435.2)(122.1, 435.2)(122.1, 435.6)(139.1, 435.6)(139.1, 527.4)(20.0, 527.4);GATE
Port:(26.8, 441.0)(115.3, 441.0)(115.3, 445.4)(26.8, 445.4);SD
Module:M18
Boundary:(468.9, 1109.2)(468.9, 1163.8)(385.6, 1163.8)(385.6, 1181.2)(303.9, 1181.2)(303.9, 1109.2);GATE
Port:(303.9, 1123.4)(309.2, 1123.4)(309.2, 1167.0)(303.9, 1167.0);SD
Port:(468.9, 1109.2)(468.9, 1163.8)(385.6, 1163.8)(385.6, 1181.2)(311.9, 1181.2)(311.9, 1109.2);GATE
Port:(458.1, 1114.7)(464.4, 1114.7)(464.4, 1157.3)(458.1, 1157.3);SD
Module:M20
Boundary:(263.9, 1083.6)(263.9, 1167.7)(218.1, 1167.7)(218.1, 1183.6)(163.5, 1183.6)(163.5, 1083.6);GATE
Port:(163.5, 1096.3)(168.5, 1096.3)(168.5, 1170.9)(163.5, 1170.9);SD
Port:(263.9, 1083.6)(263.9, 1167.7)(218.1, 1167.7)(218.1, 1183.6)(170.5, 1183.6)(170.5, 1083.6);GATE
Port:(254.4, 1088.6)(259.9, 1088.6)(259.9, 1161.7)(254.4, 1161.7);SD
Module:M15
Boundary:(416.7, 20.0)(462.7, 20.0)(462.7, 20.2)(476.8, 20.2)(476.8, 108.1)(416.7, 108.1);GATE
Port:(429.1, 103.7)(464.4, 103.7)(464.4, 108.1)(429.1, 108.1);SD
Port:(416.7, 20.0)(462.7, 20.0)(462.7, 20.2)(476.8, 20.2)(476.8, 101.4)(416.7, 101.4);GATE
Port:(423.4, 25.7)(456.0, 25.7)(456.0, 30.6)(423.4, 30.6);SD
Module:M12
Boundary:(376.7, 20.0)(376.7, 75.3)(321.0, 75.3)(321.0, 91.7)(238.0, 91.7)(238.0, 20.0);GATE
Port:(238.0, 35.3)(242.5, 35.3)(242.5, 76.4)(238.0, 76.4);SD
Port:(376.7, 20.0)(376.7, 75.3)(321.0, 75.3)(321.0, 91.7)(245.3, 91.7)(245.3, 20.0);GATE
Port:(364.9, 26.4)(371.3, 26.4)(371.3, 67.9)(364.9, 67.9);SD
Module:M8
Boundary:(477.5, 849.8)(477.5, 947.3)(446.4, 947.3)(446.4, 962.0)(408.5, 962.0)(408.5, 849.8);GATE
Port:(408.5, 863.0)(414.2, 863.0)(414.2, 948.8)(408.5, 948.8);SD
Port:(477.5, 849.8)(477.5, 947.3)(446.4, 947.3)(446.4, 962.0)(416.0, 962.0)(416.0, 849.8);GATE
Port:(466.3, 856.0)(472.3, 856.0)(472.3, 940.1)(466.3, 940.1);SD
Module:M4
Boundary:(359.5, 974.9)(359.5, 1028.3)(257.4, 1028.3)(257.4, 1043.6)(163.5, 1043.6)(163.5, 974.9);GATE
Port:(163.5, 989.8)(168.6, 989.8)(168.6, 1028.7)(163.5, 1028.7);SD
Port:(359.5, 974.9)(359.5, 1028.3)(257.4, 1028.3)(257.4, 1043.6)(171.0, 1043.6)(171.0, 974.9);GATE
Port:(347.6, 981.4)(354.0, 981.4)(354.0, 1020.8)(347.6, 1020.8);SD
Module:M25
Boundary:(478.5, 608.2)(478.5, 684.4)(262.3, 684.4)(262.3, 608.2);GATE
Port:(262.3, 623.2)(266.7, 623.2)(266.7, 669.4)(262.3, 669.4);SD
Port:(478.5, 608.2)(478.5, 684.4)(269.4, 684.4)(269.4, 608.2);GATE
Port:(466.9, 613.3)(474.4, 613.3)(474.4, 679.3)(466.9, 679.3);SD
Module:M22
Boundary:(20.0, 574.6)(69.0, 574.6)(69.0, 664.2)(84.8, 664.2)(84.8, 775.0)(20.0, 775.0);GATE
Port:(31.7, 770.4)(73.1, 770.4)(73.1, 775.0)(31.7, 775.0);SD
Port:(20.0, 574.6)(69.0, 574.6)(69.0, 664.2)(84.8, 664.2)(84.8, 767.6)(20.0, 767.6);GATE
Port:(25.4, 579.0)(62.6, 579.0)(62.6, 583.4)(25.4, 583.4);SD
Module:M17
Boundary:(166.4, 283.4)(166.4, 395.2)(20.0, 395.2)(20.0, 283.4);GATE
Port:(20.0, 297.5)(25.3, 297.5)(25.3, 381.1)(20.0, 381.1);SD
Port:(166.4, 283.4)(166.4, 395.2)(26.4, 395.2)(26.4, 283.4);GATE
Port:(154.4, 289.7)(161.1, 289.7)(161.1, 388.9)(154.4, 388.9);SD
