Area:(-6.2, -16.1)(668.4, -16.1)(668.4, 538.1)(-6.2, 538.1)
Rule:GATE(5,5);SD(5,5);GATE_SD(0.5);GATE_ITO(0.5);SD_ITO(0.5)
Module:M8
Boundary:(181.6, 33.6)(181.6, 83.8)(192.8, 83.8)(192.8, 98.5)(320.7, 98.5)(320.7, 33.6);GATE
Port:(315.6, 46.8)(320.7, 46.8)(320.7, 85.3)(315.6, 85.3);SD
Port:(181.6, 33.6)(181.6, 83.8)(192.8, 83.8)(192.8, 98.5)(312.7, 98.5)(312.7, 33.6);GATE
Port:(186.1, 39.1)(192.9, 39.1)(192.9, 77.3)(186.1, 77.3);SD
Module:M12
Boundary:(336.1, 23.9)(397.7, 23.9)(397.7, 56.5)(411.6, 56.5)(411.6, 102.2)(336.1, 102.2);GATE
Port:(347.8, 97.2)(399.9, 97.2)(399.9, 102.2)(347.8, 102.2);SD
Port:(336.1, 23.9)(397.7, 23.9)(397.7, 56.5)(411.6, 56.5)(411.6, 95.7)(336.1, 95.7);GATE
Port:(342.3, 29.1)(390.5, 29.1)(390.5, 33.4)(342.3, 33.4);SD
Module:M3
Boundary:(564.4, 27.6)(628.4, 27.6)(628.4, 120.3)(564.4, 120.3);GATE
Port:(579.1, 115.0)(613.7, 115.0)(613.7, 120.3)(579.1, 120.3);SD
Port:(564.4, 27.6)(628.4, 27.6)(628.4, 112.2)(564.4, 112.2);GATE
Port:(571.2, 33.4)(621.6, 33.4)(621.6, 40.2)(571.2, 40.2);SD
Module:M2
Boundary:(493.8, 50.3)(493.8, 136.0)(470.0, 136.0)(470.0, 147.4)(412.5, 147.4)(412.5, 50.3);GATE
Port:(412.5, 62.0)(416.7, 62.0)(416.7, 135.7)(412.5, 135.7);SD
Port:(493.8, 50.3)(493.8, 136.0)(470.0, 136.0)(470.0, 147.4)(419.4, 147.4)(419.4, 50.3);GATE
Port:(483.8, 57.0)(488.1, 57.0)(488.1, 127.3)(483.8, 127.3);SD
Module:M14
Boundary:(44.1, 44.6)(122.8, 44.6)(122.8, 56.9)(136.8, 56.9)(136.8, 187.4)(44.1, 187.4);GATE
Port:(56.6, 182.9)(124.3, 182.9)(124.3, 187.4)(56.6, 187.4);SD
Port:(44.1, 44.6)(122.8, 44.6)(122.8, 56.9)(136.8, 56.9)(136.8, 181.5)(44.1, 181.5);GATE
Port:(49.4, 48.9)(116.5, 48.9)(116.5, 55.1)(49.4, 55.1);SD
Module:M10
Boundary:(191.0, 151.5)(290.2, 151.5)(290.2, 186.9)(305.4, 186.9)(305.4, 247.4)(191.0, 247.4);GATE
Port:(204.0, 242.6)(292.4, 242.6)(292.4, 247.4)(204.0, 247.4);SD
Port:(191.0, 151.5)(290.2, 151.5)(290.2, 186.9)(305.4, 186.9)(305.4, 240.0)(191.0, 240.0);GATE
Port:(197.4, 156.9)(282.8, 156.9)(282.8, 162.1)(197.4, 162.1);SD
Module:M13
Boundary:(409.4, 157.1)(409.4, 245.2)(596.1, 245.2)(596.1, 157.1);GATE
Port:(591.8, 170.8)(596.1, 170.8)(596.1, 231.5)(591.8, 231.5);SD
Port:(409.4, 157.1)(409.4, 245.2)(589.7, 245.2)(589.7, 157.1);GATE
Port:(414.7, 163.4)(419.9, 163.4)(419.9, 238.9)(414.7, 238.9);SD
Module:M11
Boundary:(305.7, 310.5)(389.8, 310.5)(389.8, 310.1)(402.8, 310.1)(402.8, 166.6)(305.7, 166.6);GATE
Port:(318.6, 166.6)(389.9, 166.6)(389.9, 171.9)(318.6, 171.9);SD
Port:(305.7, 310.5)(389.8, 310.5)(389.8, 310.1)(402.8, 310.1)(402.8, 174.9)(305.7, 174.9);GATE
Port:(311.8, 299.4)(383.7, 299.4)(383.7, 305.4)(311.8, 305.4);SD
Module:M15
Boundary:(585.3, 262.2)(521.9, 262.2)(521.9, 339.0)(585.3, 339.0);GATE
Port:(534.8, 333.1)(572.4, 333.1)(572.4, 339.0)(534.8, 339.0);SD
Port:(585.3, 262.2)(521.9, 262.2)(521.9, 331.0)(585.3, 331.0);GATE
Port:(527.0, 266.3)(580.2, 266.3)(580.2, 273.4)(527.0, 273.4);SD
Module:M9
Boundary:(305.0, 275.4)(305.0, 380.1)(159.1, 380.1)(159.1, 275.4);GATE
Port:(159.1, 288.9)(163.4, 288.9)(163.4, 366.6)(159.1, 366.6);SD
Port:(305.0, 275.4)(305.0, 380.1)(164.8, 380.1)(164.8, 275.4);GATE
Port:(293.5, 281.0)(300.4, 281.0)(300.4, 374.5)(293.5, 374.5);SD
Module:M7
Boundary:(427.6, 258.2)(490.2, 258.2)(490.2, 258.5)(505.9, 258.5)(505.9, 358.8)(427.6, 358.8);GATE
Port:(439.4, 354.7)(494.1, 354.7)(494.1, 358.8)(439.4, 358.8);SD
Port:(427.6, 258.2)(490.2, 258.2)(490.2, 258.5)(505.9, 258.5)(505.9, 353.5)(427.6, 353.5);GATE
Port:(433.4, 263.0)(484.4, 263.0)(484.4, 267.6)(433.4, 267.6);SD
Module:M5
Boundary:(33.8, 377.0)(114.7, 377.0)(114.7, 205.7)(33.8, 205.7);GATE
Port:(47.8, 205.7)(100.7, 205.7)(100.7, 211.5)(47.8, 211.5);SD
Port:(33.8, 377.0)(114.7, 377.0)(114.7, 212.8)(33.8, 212.8);GATE
Port:(39.6, 364.7)(108.9, 364.7)(108.9, 372.2)(39.6, 372.2);SD
Module:M1
Boundary:(127.1, 432.1)(127.1, 464.2)(127.0, 464.2)(127.0, 479.3)(35.9, 479.3)(35.9, 432.1);GATE
Port:(35.9, 444.8)(41.3, 444.8)(41.3, 466.6)(35.9, 466.6);SD
Port:(127.1, 432.1)(127.1, 464.2)(127.0, 464.2)(127.0, 479.3)(43.0, 479.3)(43.0, 432.1);GATE
Port:(117.0, 438.5)(121.7, 438.5)(121.7, 457.8)(117.0, 457.8);SD
Module:M4
Boundary:(590.0, 422.3)(590.0, 475.3)(557.2, 475.3)(557.2, 491.6)(400.6, 491.6)(400.6, 422.3);GATE
Port:(400.6, 436.2)(405.2, 436.2)(405.2, 477.7)(400.6, 477.7);SD
Port:(590.0, 422.3)(590.0, 475.3)(557.2, 475.3)(557.2, 491.6)(408.2, 491.6)(408.2, 422.3);GATE
Port:(579.3, 428.0)(585.3, 428.0)(585.3, 468.6)(579.3, 468.6);SD
Module:M16
Boundary:(200.4, 479.8)(287.2, 479.8)(287.2, 445.6)(302.9, 445.6)(302.9, 388.0)(200.4, 388.0);GATE
Port:(214.7, 388.0)(288.6, 388.0)(288.6, 392.5)(214.7, 392.5);SD
Port:(200.4, 479.8)(287.2, 479.8)(287.2, 445.6)(302.9, 445.6)(302.9, 394.7)(200.4, 394.7);GATE
Port:(206.8, 468.3)(279.8, 468.3)(279.8, 474.4)(206.8, 474.4);SD
Module:M6
Boundary:(318.4, 498.1)(384.4, 498.1)(384.4, 482.4)(400.0, 482.4)(400.0, 317.7)(318.4, 317.7);GATE
Port:(330.5, 317.7)(387.9, 317.7)(387.9, 323.1)(330.5, 323.1);SD
Port:(318.4, 498.1)(384.4, 498.1)(384.4, 482.4)(400.0, 482.4)(400.0, 325.3)(318.4, 325.3);GATE
Port:(323.9, 488.8)(377.9, 488.8)(377.9, 493.6)(323.9, 493.6);SD
