Area:(-20.0, 15.5)(382.8, 15.5)(382.8, 1044.8)(-20.0, 1044.8)
Rule:GATE(5,5);SD(5,5);GATE_SD(0.5);GATE_ITO(0.5);SD_ITO(0.5)
Module:M9
Boundary:(27.4, 55.5)(27.4, 185.0)(41.4, 185.0)(41.4, 200.5)(103.4, 200.5)(103.4, 55.5);GATE
Port:(93.4, 70.0)(103.4, 70.0)(103.4, 186.0)(93.4, 186.0);SD
Port:(27.4, 55.5)(27.4, 185.0)(41.4, 185.0)(41.4, 200.5)(88.4, 200.5)(88.4, 55.5);GATE
Port:(32.4, 65.5)(36.4, 65.5)(36.4, 170.5)(32.4, 170.5);SD
Module:M5
Boundary:(136.9, 60.9)(136.9, 208.3)(152.9, 208.3)(152.9, 223.8)(334.9, 223.8)(334.9, 60.9);GATE
Port:(324.9, 75.3)(334.9, 75.3)(334.9, 209.3)(324.9, 209.3);SD
Port:(136.9, 60.9)(136.9, 208.3)(152.9, 208.3)(152.9, 223.8)(319.9, 223.8)(319.9, 60.9);GATE
Port:(141.9, 70.8)(145.9, 70.8)(145.9, 193.8)(141.9, 193.8);SD
Module:M1
Boundary:(44.8, 222.9)(117.8, 222.9)(117.8, 368.9)(44.8, 368.9);GATE
Port:(59.3, 358.9)(103.3, 358.9)(103.3, 368.9)(59.3, 368.9);SD
Port:(44.8, 222.9)(117.8, 222.9)(117.8, 353.9)(44.8, 353.9);GATE
Port:(54.8, 227.9)(107.8, 227.9)(107.8, 231.9)(54.8, 231.9);SD
Module:M4
Boundary:(146.9, 243.0)(222.9, 243.0)(222.9, 251.0)(237.9, 251.0)(237.9, 361.0)(146.9, 361.0);GATE
Port:(161.4, 351.0)(223.4, 351.0)(223.4, 361.0)(161.4, 361.0);SD
Port:(146.9, 243.0)(222.9, 243.0)(222.9, 251.0)(237.9, 251.0)(237.9, 346.0)(146.9, 346.0);GATE
Port:(156.9, 248.0)(207.9, 248.0)(207.9, 252.0)(156.9, 252.0);SD
Module:M2
Boundary:(238.0, 243.0)(314.0, 243.0)(314.0, 251.0)(329.0, 251.0)(329.0, 389.0)(238.0, 389.0);GATE
Port:(252.5, 379.0)(314.5, 379.0)(314.5, 389.0)(252.5, 389.0);SD
Port:(238.0, 243.0)(314.0, 243.0)(314.0, 251.0)(329.0, 251.0)(329.0, 374.0)(238.0, 374.0);GATE
Port:(248.0, 248.0)(299.0, 248.0)(299.0, 252.0)(248.0, 252.0);SD
Module:M6
Boundary:(342.8, 431.6)(231.3, 431.6)(231.3, 443.6)(215.8, 443.6)(215.8, 625.6)(342.8, 625.6);GATE
Port:(230.3, 615.6)(328.3, 615.6)(328.3, 625.6)(230.3, 625.6);SD
Port:(342.8, 431.6)(231.3, 431.6)(231.3, 443.6)(215.8, 443.6)(215.8, 610.6)(342.8, 610.6);GATE
Port:(245.8, 436.6)(332.8, 436.6)(332.8, 440.6)(245.8, 440.6);SD
Module:M3
Boundary:(206.4, 386.9)(206.4, 480.4)(83.1, 480.4)(83.1, 747.9)(35.4, 747.9)(35.4, 386.9);GATE
Port:(35.4, 401.4)(45.4, 401.4)(45.4, 733.4)(35.4, 733.4);SD
Port:(206.4, 386.9)(206.4, 480.4)(83.1, 480.4)(83.1, 747.9)(50.4, 747.9)(50.4, 386.9);GATE
Port:(197.4, 396.9)(201.4, 396.9)(201.4, 465.9)(197.4, 465.9);SD
Module:M10
Boundary:(314.6, 632.2)(314.6, 743.7)(302.6, 743.7)(302.6, 759.2)(241.6, 759.2)(241.6, 632.2);GATE
Port:(241.6, 646.7)(251.6, 646.7)(251.6, 744.7)(241.6, 744.7);SD
Port:(314.6, 632.2)(314.6, 743.7)(302.6, 743.7)(302.6, 759.2)(256.6, 759.2)(256.6, 632.2);GATE
Port:(305.6, 642.2)(309.6, 642.2)(309.6, 729.2)(305.6, 729.2);SD
Module:M8
Boundary:(20.0, 853.6)(167.5, 853.6)(167.5, 813.6)(219.0, 813.6)(219.0, 772.6)(20.0, 772.6);GATE
Port:(34.5, 772.6)(204.5, 772.6)(204.5, 782.6)(34.5, 782.6);SD
Port:(20.0, 853.6)(167.5, 853.6)(167.5, 813.6)(219.0, 813.6)(219.0, 787.6)(20.0, 787.6);GATE
Port:(30.0, 844.6)(153.0, 844.6)(153.0, 848.6)(30.0, 848.6);SD
Module:M7
Boundary:(291.0, 846.8)(179.5, 846.8)(179.5, 934.8)(20.0, 934.8)(20.0, 1004.8)(291.0, 1004.8);GATE
Port:(34.5, 994.8)(276.5, 994.8)(276.5, 1004.8)(34.5, 1004.8);SD
Port:(291.0, 846.8)(179.5, 846.8)(179.5, 934.8)(20.0, 934.8)(20.0, 989.8)(291.0, 989.8);GATE
Port:(194.0, 851.8)(281.0, 851.8)(281.0, 855.8)(194.0, 855.8);SD
