Area:(-14.0, -19.7)(696.2, -19.7)(696.2, 627.4)(-14.0, 627.4)
Rule:GATE(5,5);SD(5,5);GATE_SD(0.5);GATE_ITO(0.5);SD_ITO(0.5)
Module:M3
Boundary:(605.1, 65.5)(475.6, 65.5)(475.6, 79.5)(460.1, 79.5)(460.1, 145.6)(605.1, 145.6);GATE
Port:(474.6, 135.6)(590.6, 135.6)(590.6, 145.6)(474.6, 145.6);SD
Port:(605.1, 65.5)(475.6, 65.5)(475.6, 79.5)(460.1, 79.5)(460.1, 130.6)(605.1, 130.6);GATE
Port:(490.1, 70.5)(595.1, 70.5)(595.1, 74.5)(490.1, 74.5);SD
Module:M1
Boundary:(182.7, 191.5)(182.7, 98.0)(172.7, 98.0)(172.7, 82.5)(57.7, 82.5)(57.7, 191.5);GATE
Port:(57.7, 97.0)(67.7, 97.0)(67.7, 177.0)(57.7, 177.0);SD
Port:(182.7, 191.5)(182.7, 98.0)(172.7, 98.0)(172.7, 82.5)(72.7, 82.5)(72.7, 191.5);GATE
Port:(173.7, 112.5)(177.7, 112.5)(177.7, 181.5)(173.7, 181.5);SD
Module:M15
Boundary:(445.5, 174.3)(445.5, 80.8)(419.8, 80.8)(419.8, 47.3)(374.5, 47.3)(374.5, 174.3);GATE
Port:(374.5, 61.8)(384.5, 61.8)(384.5, 159.8)(374.5, 159.8);SD
Port:(445.5, 174.3)(445.5, 80.8)(419.8, 80.8)(419.8, 47.3)(389.5, 47.3)(389.5, 174.3);GATE
Port:(436.5, 95.3)(440.5, 95.3)(440.5, 164.3)(436.5, 164.3);SD
Module:M11
Boundary:(348.9, 20.3)(219.4, 20.3)(219.4, 82.1)(185.9, 82.1)(185.9, 159.3)(348.9, 159.3);GATE
Port:(200.4, 149.3)(334.4, 149.3)(334.4, 159.3)(200.4, 159.3);SD
Port:(348.9, 20.3)(219.4, 20.3)(219.4, 82.1)(185.9, 82.1)(185.9, 144.3)(348.9, 144.3);GATE
Port:(233.9, 25.3)(338.9, 25.3)(338.9, 29.3)(233.9, 29.3);SD
Module:M14
Boundary:(644.8, 154.2)(644.8, 227.2)(515.8, 227.2)(515.8, 154.2);GATE
Port:(515.8, 168.7)(525.8, 168.7)(525.8, 212.7)(515.8, 212.7);SD
Port:(644.8, 154.2)(644.8, 227.2)(530.8, 227.2)(530.8, 154.2);GATE
Port:(635.8, 164.2)(639.8, 164.2)(639.8, 217.2)(635.8, 217.2);SD
Module:M12
Boundary:(343.8, 265.9)(419.8, 265.9)(419.8, 257.9)(434.8, 257.9)(434.8, 201.9)(343.8, 201.9);GATE
Port:(358.3, 201.9)(420.3, 201.9)(420.3, 211.9)(358.3, 211.9);SD
Port:(343.8, 265.9)(419.8, 265.9)(419.8, 257.9)(434.8, 257.9)(434.8, 216.9)(343.8, 216.9);GATE
Port:(353.8, 256.9)(404.8, 256.9)(404.8, 260.9)(353.8, 260.9);SD
Module:M13
Boundary:(48.9, 196.0)(160.4, 196.0)(160.4, 208.0)(175.9, 208.0)(175.9, 286.0)(48.9, 286.0);GATE
Port:(63.4, 276.0)(161.4, 276.0)(161.4, 286.0)(63.4, 286.0);SD
Port:(48.9, 196.0)(160.4, 196.0)(160.4, 208.0)(175.9, 208.0)(175.9, 271.0)(48.9, 271.0);GATE
Port:(58.9, 201.0)(145.9, 201.0)(145.9, 205.0)(58.9, 205.0);SD
Module:M2
Boundary:(316.6, 214.2)(316.6, 290.2)(308.6, 290.2)(308.6, 305.2)(226.6, 305.2)(226.6, 214.2);GATE
Port:(226.6, 228.7)(236.6, 228.7)(236.6, 290.7)(226.6, 290.7);SD
Port:(316.6, 214.2)(316.6, 290.2)(308.6, 290.2)(308.6, 305.2)(241.6, 305.2)(241.6, 214.2);GATE
Port:(307.6, 224.2)(311.6, 224.2)(311.6, 275.2)(307.6, 275.2);SD
Module:M6
Boundary:(463.7, 393.0)(463.7, 299.5)(473.7, 299.5)(473.7, 284.0)(654.7, 284.0)(654.7, 393.0);GATE
Port:(644.7, 298.5)(654.7, 298.5)(654.7, 378.5)(644.7, 378.5);SD
Port:(463.7, 393.0)(463.7, 299.5)(473.7, 299.5)(473.7, 284.0)(639.7, 284.0)(639.7, 393.0);GATE
Port:(468.7, 314.0)(472.7, 314.0)(472.7, 383.0)(468.7, 383.0);SD
Module:M5
Boundary:(329.7, 311.6)(200.2, 311.6)(200.2, 333.6)(148.7, 333.6)(148.7, 387.6)(329.7, 387.6);GATE
Port:(163.2, 377.6)(315.2, 377.6)(315.2, 387.6)(163.2, 387.6);SD
Port:(329.7, 311.6)(200.2, 311.6)(200.2, 333.6)(148.7, 333.6)(148.7, 372.6)(329.7, 372.6);GATE
Port:(214.7, 316.6)(319.7, 316.6)(319.7, 320.6)(214.7, 320.6);SD
Module:M4
Boundary:(26.0, 294.6)(99.0, 294.6)(99.0, 382.6)(26.0, 382.6);GATE
Port:(40.5, 372.6)(84.5, 372.6)(84.5, 382.6)(40.5, 382.6);SD
Port:(26.0, 294.6)(99.0, 294.6)(99.0, 367.6)(26.0, 367.6);GATE
Port:(36.0, 299.6)(89.0, 299.6)(89.0, 303.6)(36.0, 303.6);SD
Module:M7
Boundary:(409.6, 492.9)(336.6, 492.9)(336.6, 319.9)(409.6, 319.9);GATE
Port:(351.1, 319.9)(395.1, 319.9)(395.1, 329.9)(351.1, 329.9);SD
Port:(409.6, 492.9)(336.6, 492.9)(336.6, 334.9)(409.6, 334.9);GATE
Port:(346.6, 483.9)(399.6, 483.9)(399.6, 487.9)(346.6, 487.9);SD
Module:M16
Boundary:(493.2, 403.0)(656.2, 403.0)(656.2, 582.0)(493.2, 582.0);GATE
Port:(507.7, 572.0)(641.7, 572.0)(641.7, 582.0)(507.7, 582.0);SD
Port:(493.2, 403.0)(656.2, 403.0)(656.2, 567.0)(493.2, 567.0);GATE
Port:(503.2, 408.0)(646.2, 408.0)(646.2, 412.0)(503.2, 412.0);SD
Module:M9
Boundary:(476.9, 494.3)(476.9, 570.3)(468.9, 570.3)(468.9, 585.3)(284.9, 585.3)(284.9, 494.3);GATE
Port:(284.9, 508.8)(294.9, 508.8)(294.9, 570.8)(284.9, 570.8);SD
Port:(476.9, 494.3)(476.9, 570.3)(468.9, 570.3)(468.9, 585.3)(299.9, 585.3)(299.9, 494.3);GATE
Port:(467.9, 504.3)(471.9, 504.3)(471.9, 555.3)(467.9, 555.3);SD
Module:M10
Boundary:(192.4, 587.4)(192.4, 439.9)(208.4, 439.9)(208.4, 424.4)(272.4, 424.4)(272.4, 587.4);GATE
Port:(262.4, 438.9)(272.4, 438.9)(272.4, 572.9)(262.4, 572.9);SD
Port:(192.4, 587.4)(192.4, 439.9)(208.4, 439.9)(208.4, 424.4)(257.4, 424.4)(257.4, 587.4);GATE
Port:(197.4, 454.4)(201.4, 454.4)(201.4, 577.4)(197.4, 577.4);SD
Module:M8
Boundary:(93.7, 572.5)(93.7, 409.5)(181.7, 409.5)(181.7, 572.5);GATE
Port:(171.7, 424.0)(181.7, 424.0)(181.7, 558.0)(171.7, 558.0);SD
Port:(93.7, 572.5)(93.7, 409.5)(166.7, 409.5)(166.7, 572.5);GATE
Port:(98.7, 419.5)(102.7, 419.5)(102.7, 562.5)(98.7, 562.5);SD
