Area:(-20.0, -20.0)(282.0, -20.0)(282.0, 621.0)(-20.0, 621.0)
Rule:GATE(5,5);SD(5,5);GATE_SD(0.5);GATE_ITO(0.5);SD_ITO(0.5)
Module:M5
Boundary:(151.0, 20.0)(227.0, 20.0)(227.0, 28.0)(242.0, 28.0)(242.0, 186.0)(151.0, 186.0);GATE
Port:(165.5, 176.0)(227.5, 176.0)(227.5, 186.0)(165.5, 186.0);SD
Port:(151.0, 20.0)(227.0, 20.0)(227.0, 28.0)(242.0, 28.0)(242.0, 171.0)(151.0, 171.0);GATE
Port:(161.0, 25.0)(212.0, 25.0)(212.0, 29.0)(161.0, 29.0);SD
Module:M1
Boundary:(216.0, 418.0)(216.0, 529.5)(155.8, 529.5)(155.8, 581.0)(20.0, 581.0)(20.0, 418.0);GATE
Port:(20.0, 432.5)(30.0, 432.5)(30.0, 566.5)(20.0, 566.5);SD
Port:(216.0, 418.0)(216.0, 529.5)(155.8, 529.5)(155.8, 581.0)(35.0, 581.0)(35.0, 418.0);GATE
Port:(207.0, 428.0)(211.0, 428.0)(211.0, 515.0)(207.0, 515.0);SD
Module:M2
Boundary:(20.0, 20.0)(96.0, 20.0)(96.0, 28.0)(111.0, 28.0)(111.0, 211.0)(20.0, 211.0);GATE
Port:(34.5, 201.0)(96.5, 201.0)(96.5, 211.0)(34.5, 211.0);SD
Port:(20.0, 20.0)(96.0, 20.0)(96.0, 28.0)(111.0, 28.0)(111.0, 196.0)(20.0, 196.0);GATE
Port:(30.0, 25.0)(81.0, 25.0)(81.0, 29.0)(30.0, 29.0);SD
Module:M3
Boundary:(118.0, 251.0)(118.0, 326.5)(91.8, 326.5)(91.8, 378.0)(20.0, 378.0)(20.0, 251.0);GATE
Port:(20.0, 265.5)(30.0, 265.5)(30.0, 363.5)(20.0, 363.5);SD
Port:(118.0, 251.0)(118.0, 326.5)(91.8, 326.5)(91.8, 378.0)(35.0, 378.0)(35.0, 251.0);GATE
Port:(109.0, 261.0)(113.0, 261.0)(113.0, 312.0)(109.0, 312.0);SD
Module:M4
Boundary:(220.0, 226.0)(220.0, 337.5)(198.0, 337.5)(198.0, 371.0)(158.0, 371.0)(158.0, 226.0);GATE
Port:(158.0, 240.5)(168.0, 240.5)(168.0, 356.5)(158.0, 356.5);SD
Port:(220.0, 226.0)(220.0, 337.5)(198.0, 337.5)(198.0, 371.0)(173.0, 371.0)(173.0, 226.0);GATE
Port:(211.0, 236.0)(215.0, 236.0)(215.0, 323.0)(211.0, 323.0);SD
