Area:(-20.0, -20.0)(689.0, -20.0)(689.0, 2003.0)(-20.0, 2003.0)
Rule:GATE(5,5);SD(5,5);GATE_SD(0.5);GATE_ITO(0.5);SD_ITO(0.5)
Module:M14
Boundary:(542.0, 99.0)(618.0, 99.0)(618.0, 91.0)(633.0, 91.0)(633.0, 23.0)(542.0, 23.0);GATE
Port:(556.5, 23.0)(618.5, 23.0)(618.5, 33.0)(556.5, 33.0);SD
Port:(542.0, 99.0)(618.0, 99.0)(618.0, 91.0)(633.0, 91.0)(633.0, 38.0)(542.0, 38.0);GATE
Port:(552.0, 90.0)(603.0, 90.0)(603.0, 94.0)(552.0, 94.0);SD
Module:M44
Boundary:(493.0, 20.0)(399.5, 20.0)(399.5, 30.0)(384.0, 30.0)(384.0, 113.0)(493.0, 113.0);GATE
Port:(398.5, 103.0)(478.5, 103.0)(478.5, 113.0)(398.5, 113.0);SD
Port:(493.0, 20.0)(399.5, 20.0)(399.5, 30.0)(384.0, 30.0)(384.0, 98.0)(493.0, 98.0);GATE
Port:(414.0, 25.0)(483.0, 25.0)(483.0, 29.0)(414.0, 29.0);SD
Module:M25
Boundary:(200.5, 38.7)(53.0, 38.7)(53.0, 54.7)(37.5, 54.7)(37.5, 153.7)(200.5, 153.7);GATE
Port:(52.0, 143.7)(186.0, 143.7)(186.0, 153.7)(52.0, 153.7);SD
Port:(200.5, 38.7)(53.0, 38.7)(53.0, 54.7)(37.5, 54.7)(37.5, 138.7)(200.5, 138.7);GATE
Port:(67.5, 43.7)(190.5, 43.7)(190.5, 47.7)(67.5, 47.7);SD
Module:M19
Boundary:(334.0, 186.2)(334.0, 74.7)(316.0, 74.7)(316.0, 59.2)(233.0, 59.2)(233.0, 186.2);GATE
Port:(233.0, 73.7)(243.0, 73.7)(243.0, 171.7)(233.0, 171.7);SD
Port:(334.0, 186.2)(334.0, 74.7)(316.0, 74.7)(316.0, 59.2)(248.0, 59.2)(248.0, 186.2);GATE
Port:(325.0, 89.2)(329.0, 89.2)(329.0, 176.2)(325.0, 176.2);SD
Module:M43
Boundary:(501.5, 279.0)(425.5, 279.0)(425.5, 271.0)(410.5, 271.0)(410.5, 159.0)(501.5, 159.0);GATE
Port:(425.0, 159.0)(487.0, 159.0)(487.0, 169.0)(425.0, 169.0);SD
Port:(501.5, 279.0)(425.5, 279.0)(425.5, 271.0)(410.5, 271.0)(410.5, 174.0)(501.5, 174.0);GATE
Port:(440.5, 270.0)(491.5, 270.0)(491.5, 274.0)(440.5, 274.0);SD
Module:M18
Boundary:(625.0, 146.0)(552.0, 146.0)(552.0, 279.0)(625.0, 279.0);GATE
Port:(566.5, 269.0)(610.5, 269.0)(610.5, 279.0)(566.5, 279.0);SD
Port:(625.0, 146.0)(552.0, 146.0)(552.0, 264.0)(625.0, 264.0);GATE
Port:(562.0, 151.0)(615.0, 151.0)(615.0, 155.0)(562.0, 155.0);SD
Module:M4
Boundary:(404.5, 207.0)(404.5, 280.0)(255.5, 280.0)(255.5, 207.0);GATE
Port:(255.5, 221.5)(265.5, 221.5)(265.5, 265.5)(255.5, 265.5);SD
Port:(404.5, 207.0)(404.5, 280.0)(270.5, 280.0)(270.5, 207.0);GATE
Port:(395.5, 217.0)(399.5, 217.0)(399.5, 270.0)(395.5, 270.0);SD
Module:M21
Boundary:(20.0, 182.7)(20.0, 258.2)(75.4, 258.2)(75.4, 345.7)(182.0, 345.7)(182.0, 182.7);GATE
Port:(172.0, 197.2)(182.0, 197.2)(182.0, 331.2)(172.0, 331.2);SD
Port:(20.0, 182.7)(20.0, 258.2)(75.4, 258.2)(75.4, 345.7)(167.0, 345.7)(167.0, 182.7);GATE
Port:(25.0, 192.7)(29.0, 192.7)(29.0, 243.7)(25.0, 243.7);SD
Module:M27
Boundary:(522.0, 338.1)(449.0, 338.1)(449.0, 408.1)(522.0, 408.1);GATE
Port:(463.5, 398.1)(507.5, 398.1)(507.5, 408.1)(463.5, 408.1);SD
Port:(522.0, 338.1)(449.0, 338.1)(449.0, 393.1)(522.0, 393.1);GATE
Port:(459.0, 343.1)(512.0, 343.1)(512.0, 347.1)(459.0, 347.1);SD
Module:M29
Boundary:(243.0, 338.9)(243.0, 414.9)(251.0, 414.9)(251.0, 429.9)(409.0, 429.9)(409.0, 338.9);GATE
Port:(399.0, 353.4)(409.0, 353.4)(409.0, 415.4)(399.0, 415.4);SD
Port:(243.0, 338.9)(243.0, 414.9)(251.0, 414.9)(251.0, 429.9)(394.0, 429.9)(394.0, 338.9);GATE
Port:(248.0, 348.9)(252.0, 348.9)(252.0, 399.9)(248.0, 399.9);SD
Module:M39
Boundary:(629.0, 341.0)(629.0, 414.0)(569.0, 414.0)(569.0, 341.0);GATE
Port:(569.0, 355.5)(579.0, 355.5)(579.0, 399.5)(569.0, 399.5);SD
Port:(629.0, 341.0)(629.0, 414.0)(584.0, 414.0)(584.0, 341.0);GATE
Port:(620.0, 351.0)(624.0, 351.0)(624.0, 404.0)(620.0, 404.0);SD
Module:M42
Boundary:(326.7, 579.3)(326.7, 503.3)(318.6, 503.3)(318.6, 488.3)(227.7, 488.3)(227.7, 579.3);GATE
Port:(227.7, 502.8)(237.7, 502.8)(237.7, 564.8)(227.7, 564.8);SD
Port:(326.7, 579.3)(326.7, 503.3)(318.6, 503.3)(318.6, 488.3)(242.7, 488.3)(242.7, 579.3);GATE
Port:(317.7, 518.3)(321.7, 518.3)(321.7, 569.3)(317.7, 569.3);SD
Module:M20
Boundary:(382.0, 555.4)(382.0, 479.4)(390.0, 479.4)(390.0, 464.4)(514.0, 464.4)(514.0, 555.4);GATE
Port:(504.0, 478.9)(514.0, 478.9)(514.0, 540.9)(504.0, 540.9);SD
Port:(382.0, 555.4)(382.0, 479.4)(390.0, 479.4)(390.0, 464.4)(499.0, 464.4)(499.0, 555.4);GATE
Port:(387.0, 494.4)(391.0, 494.4)(391.0, 545.4)(387.0, 545.4);SD
Module:M32
Boundary:(193.0, 414.7)(63.5, 414.7)(63.5, 490.9)(30.0, 490.9)(30.0, 582.7)(193.0, 582.7);GATE
Port:(44.5, 572.7)(178.5, 572.7)(178.5, 582.7)(44.5, 582.7);SD
Port:(193.0, 414.7)(63.5, 414.7)(63.5, 490.9)(30.0, 490.9)(30.0, 567.7)(193.0, 567.7);GATE
Port:(78.0, 419.7)(183.0, 419.7)(183.0, 423.7)(78.0, 423.7);SD
Module:M23
Boundary:(648.0, 499.0)(648.0, 592.5)(602.0, 592.5)(602.0, 644.0)(556.0, 644.0)(556.0, 499.0);GATE
Port:(556.0, 513.5)(566.0, 513.5)(566.0, 629.5)(556.0, 629.5);SD
Port:(648.0, 499.0)(648.0, 592.5)(602.0, 592.5)(602.0, 644.0)(571.0, 644.0)(571.0, 499.0);GATE
Port:(639.0, 509.0)(643.0, 509.0)(643.0, 578.0)(639.0, 578.0);SD
Module:M31
Boundary:(388.0, 688.5)(276.5, 688.5)(276.5, 647.5)(243.0, 647.5)(243.0, 594.5)(388.0, 594.5);GATE
Port:(257.5, 594.5)(373.5, 594.5)(373.5, 604.5)(257.5, 604.5);SD
Port:(388.0, 688.5)(276.5, 688.5)(276.5, 647.5)(243.0, 647.5)(243.0, 609.5)(388.0, 609.5);GATE
Port:(291.0, 679.5)(378.0, 679.5)(378.0, 683.5)(291.0, 683.5);SD
Module:M9
Boundary:(647.0, 647.0)(571.0, 647.0)(571.0, 655.0)(556.0, 655.0)(556.0, 724.0)(647.0, 724.0);GATE
Port:(570.5, 714.0)(632.5, 714.0)(632.5, 724.0)(570.5, 724.0);SD
Port:(647.0, 647.0)(571.0, 647.0)(571.0, 655.0)(556.0, 655.0)(556.0, 709.0)(647.0, 709.0);GATE
Port:(586.0, 652.0)(637.0, 652.0)(637.0, 656.0)(586.0, 656.0);SD
Module:M2
Boundary:(431.0, 727.0)(431.0, 597.5)(445.0, 597.5)(445.0, 582.0)(516.0, 582.0)(516.0, 727.0);GATE
Port:(506.0, 596.5)(516.0, 596.5)(516.0, 712.5)(506.0, 712.5);SD
Port:(431.0, 727.0)(431.0, 597.5)(445.0, 597.5)(445.0, 582.0)(501.0, 582.0)(501.0, 727.0);GATE
Port:(436.0, 612.0)(440.0, 612.0)(440.0, 717.0)(436.0, 717.0);SD
Module:M45
Boundary:(201.0, 778.0)(71.5, 778.0)(71.5, 725.2)(20.0, 725.2)(20.0, 606.0)(201.0, 606.0);GATE
Port:(34.5, 606.0)(186.5, 606.0)(186.5, 616.0)(34.5, 616.0);SD
Port:(201.0, 778.0)(71.5, 778.0)(71.5, 725.2)(20.0, 725.2)(20.0, 621.0)(201.0, 621.0);GATE
Port:(86.0, 769.0)(191.0, 769.0)(191.0, 773.0)(86.0, 773.0);SD
Module:M7
Boundary:(241.0, 789.0)(241.0, 716.0)(358.0, 716.0)(358.0, 789.0);GATE
Port:(348.0, 730.5)(358.0, 730.5)(358.0, 774.5)(348.0, 774.5);SD
Port:(241.0, 789.0)(241.0, 716.0)(343.0, 716.0)(343.0, 789.0);GATE
Port:(246.0, 726.0)(250.0, 726.0)(250.0, 779.0)(246.0, 779.0);SD
Module:M41
Boundary:(504.0, 890.5)(431.0, 890.5)(431.0, 791.5)(504.0, 791.5);GATE
Port:(445.5, 791.5)(489.5, 791.5)(489.5, 801.5)(445.5, 801.5);SD
Port:(504.0, 890.5)(431.0, 890.5)(431.0, 806.5)(504.0, 806.5);GATE
Port:(441.0, 881.5)(494.0, 881.5)(494.0, 885.5)(441.0, 885.5);SD
Module:M8
Boundary:(613.1, 882.3)(613.1, 788.8)(598.1, 788.8)(598.1, 773.3)(530.1, 773.3)(530.1, 882.3);GATE
Port:(530.1, 787.8)(540.1, 787.8)(540.1, 867.8)(530.1, 867.8);SD
Port:(613.1, 882.3)(613.1, 788.8)(598.1, 788.8)(598.1, 773.3)(545.1, 773.3)(545.1, 882.3);GATE
Port:(604.1, 803.3)(608.1, 803.3)(608.1, 872.3)(604.1, 872.3);SD
Module:M17
Boundary:(33.8, 1023.2)(106.8, 1023.2)(106.8, 860.2)(33.8, 860.2);GATE
Port:(48.3, 860.2)(92.3, 860.2)(92.3, 870.2)(48.3, 870.2);SD
Port:(33.8, 1023.2)(106.8, 1023.2)(106.8, 875.2)(33.8, 875.2);GATE
Port:(43.8, 1014.2)(96.8, 1014.2)(96.8, 1018.2)(43.8, 1018.2);SD
Module:M26
Boundary:(163.0, 1021.0)(292.5, 1021.0)(292.5, 896.2)(380.0, 896.2)(380.0, 839.0)(163.0, 839.0);GATE
Port:(177.5, 839.0)(365.5, 839.0)(365.5, 849.0)(177.5, 849.0);SD
Port:(163.0, 1021.0)(292.5, 1021.0)(292.5, 896.2)(380.0, 896.2)(380.0, 854.0)(163.0, 854.0);GATE
Port:(173.0, 1012.0)(278.0, 1012.0)(278.0, 1016.0)(173.0, 1016.0);SD
Module:M12
Boundary:(648.0, 1061.0)(648.0, 949.5)(604.8, 949.5)(604.8, 916.0)(544.0, 916.0)(544.0, 1061.0);GATE
Port:(544.0, 930.5)(554.0, 930.5)(554.0, 1046.5)(544.0, 1046.5);SD
Port:(648.0, 1061.0)(648.0, 949.5)(604.8, 949.5)(604.8, 916.0)(559.0, 916.0)(559.0, 1061.0);GATE
Port:(639.0, 964.0)(643.0, 964.0)(643.0, 1051.0)(639.0, 1051.0);SD
Module:M11
Boundary:(504.0, 1076.0)(431.0, 1076.0)(431.0, 906.0)(504.0, 906.0);GATE
Port:(445.5, 906.0)(489.5, 906.0)(489.5, 916.0)(445.5, 916.0);SD
Port:(504.0, 1076.0)(431.0, 1076.0)(431.0, 921.0)(504.0, 921.0);GATE
Port:(441.0, 1067.0)(494.0, 1067.0)(494.0, 1071.0)(441.0, 1071.0);SD
Module:M36
Boundary:(224.0, 1064.0)(148.0, 1064.0)(148.0, 1072.0)(133.0, 1072.0)(133.0, 1192.0)(224.0, 1192.0);GATE
Port:(147.5, 1182.0)(209.5, 1182.0)(209.5, 1192.0)(147.5, 1192.0);SD
Port:(224.0, 1064.0)(148.0, 1064.0)(148.0, 1072.0)(133.0, 1072.0)(133.0, 1177.0)(224.0, 1177.0);GATE
Port:(163.0, 1069.0)(214.0, 1069.0)(214.0, 1073.0)(163.0, 1073.0);SD
Module:M24
Boundary:(24.4, 1203.0)(97.4, 1203.0)(97.4, 1041.0)(24.4, 1041.0);GATE
Port:(38.9, 1041.0)(82.9, 1041.0)(82.9, 1051.0)(38.9, 1051.0);SD
Port:(24.4, 1203.0)(97.4, 1203.0)(97.4, 1056.0)(24.4, 1056.0);GATE
Port:(34.4, 1194.0)(87.4, 1194.0)(87.4, 1198.0)(34.4, 1198.0);SD
Module:M15
Boundary:(391.0, 1214.0)(297.5, 1214.0)(297.5, 1152.3)(264.0, 1152.3)(264.0, 1071.0)(391.0, 1071.0);GATE
Port:(278.5, 1071.0)(376.5, 1071.0)(376.5, 1081.0)(278.5, 1081.0);SD
Port:(391.0, 1214.0)(297.5, 1214.0)(297.5, 1152.3)(264.0, 1152.3)(264.0, 1086.0)(391.0, 1086.0);GATE
Port:(312.0, 1205.0)(381.0, 1205.0)(381.0, 1209.0)(312.0, 1209.0);SD
Module:M6
Boundary:(500.9, 1116.0)(427.9, 1116.0)(427.9, 1219.0)(500.9, 1219.0);GATE
Port:(442.4, 1209.0)(486.4, 1209.0)(486.4, 1219.0)(442.4, 1219.0);SD
Port:(500.9, 1116.0)(427.9, 1116.0)(427.9, 1204.0)(500.9, 1204.0);GATE
Port:(437.9, 1121.0)(490.9, 1121.0)(490.9, 1125.0)(437.9, 1125.0);SD
Module:M3
Boundary:(544.0, 1253.0)(620.0, 1253.0)(620.0, 1245.0)(635.0, 1245.0)(635.0, 1101.0)(544.0, 1101.0);GATE
Port:(558.5, 1101.0)(620.5, 1101.0)(620.5, 1111.0)(558.5, 1111.0);SD
Port:(544.0, 1253.0)(620.0, 1253.0)(620.0, 1245.0)(635.0, 1245.0)(635.0, 1116.0)(544.0, 1116.0);GATE
Port:(554.0, 1244.0)(605.0, 1244.0)(605.0, 1248.0)(554.0, 1248.0);SD
Module:M5
Boundary:(481.0, 1293.0)(481.0, 1369.0)(489.0, 1369.0)(489.0, 1384.0)(649.0, 1384.0)(649.0, 1293.0);GATE
Port:(639.0, 1307.5)(649.0, 1307.5)(649.0, 1369.5)(639.0, 1369.5);SD
Port:(481.0, 1293.0)(481.0, 1369.0)(489.0, 1369.0)(489.0, 1384.0)(634.0, 1384.0)(634.0, 1293.0);GATE
Port:(486.0, 1303.0)(490.0, 1303.0)(490.0, 1354.0)(486.0, 1354.0);SD
Module:M16
Boundary:(241.0, 1259.0)(241.0, 1370.5)(332.3, 1370.5)(332.3, 1404.0)(441.0, 1404.0)(441.0, 1259.0);GATE
Port:(431.0, 1273.5)(441.0, 1273.5)(441.0, 1389.5)(431.0, 1389.5);SD
Port:(241.0, 1259.0)(241.0, 1370.5)(332.3, 1370.5)(332.3, 1404.0)(426.0, 1404.0)(426.0, 1259.0);GATE
Port:(246.0, 1269.0)(250.0, 1269.0)(250.0, 1356.0)(246.0, 1356.0);SD
Module:M38
Boundary:(20.0, 1233.4)(20.0, 1380.9)(36.0, 1380.9)(36.0, 1396.4)(201.0, 1396.4)(201.0, 1233.4);GATE
Port:(191.0, 1247.9)(201.0, 1247.9)(201.0, 1381.9)(191.0, 1381.9);SD
Port:(20.0, 1233.4)(20.0, 1380.9)(36.0, 1380.9)(36.0, 1396.4)(186.0, 1396.4)(186.0, 1233.4);GATE
Port:(25.0, 1243.4)(29.0, 1243.4)(29.0, 1366.4)(25.0, 1366.4);SD
Module:M28
Boundary:(601.7, 1580.1)(601.7, 1468.6)(530.1, 1468.6)(530.1, 1417.1)(470.7, 1417.1)(470.7, 1580.1);GATE
Port:(470.7, 1431.6)(480.7, 1431.6)(480.7, 1565.6)(470.7, 1565.6);SD
Port:(601.7, 1580.1)(601.7, 1468.6)(530.1, 1468.6)(530.1, 1417.1)(485.7, 1417.1)(485.7, 1580.1);GATE
Port:(592.7, 1483.1)(596.7, 1483.1)(596.7, 1570.1)(592.7, 1570.1);SD
Module:M30
Boundary:(104.0, 1444.5)(104.0, 1574.0)(87.0, 1574.0)(87.0, 1589.5)(20.0, 1589.5)(20.0, 1444.5);GATE
Port:(20.0, 1459.0)(30.0, 1459.0)(30.0, 1575.0)(20.0, 1575.0);SD
Port:(104.0, 1444.5)(104.0, 1574.0)(87.0, 1574.0)(87.0, 1589.5)(35.0, 1589.5)(35.0, 1444.5);GATE
Port:(95.0, 1454.5)(99.0, 1454.5)(99.0, 1559.5)(95.0, 1559.5);SD
Module:M35
Boundary:(144.0, 1591.0)(144.0, 1461.5)(158.0, 1461.5)(158.0, 1446.0)(278.0, 1446.0)(278.0, 1591.0);GATE
Port:(268.0, 1460.5)(278.0, 1460.5)(278.0, 1576.5)(268.0, 1576.5);SD
Port:(144.0, 1591.0)(144.0, 1461.5)(158.0, 1461.5)(158.0, 1446.0)(263.0, 1446.0)(263.0, 1591.0);GATE
Port:(149.0, 1476.0)(153.0, 1476.0)(153.0, 1581.0)(149.0, 1581.0);SD
Module:M33
Boundary:(434.0, 1442.6)(304.5, 1442.6)(304.5, 1456.6)(289.0, 1456.6)(289.0, 1635.6)(434.0, 1635.6);GATE
Port:(303.5, 1625.6)(419.5, 1625.6)(419.5, 1635.6)(303.5, 1635.6);SD
Port:(434.0, 1442.6)(304.5, 1442.6)(304.5, 1456.6)(289.0, 1456.6)(289.0, 1620.6)(434.0, 1620.6);GATE
Port:(319.0, 1447.6)(424.0, 1447.6)(424.0, 1451.6)(319.0, 1451.6);SD
Module:M37
Boundary:(164.5, 1631.0)(164.5, 1707.0)(156.5, 1707.0)(156.5, 1722.0)(35.5, 1722.0)(35.5, 1631.0);GATE
Port:(35.5, 1645.5)(45.5, 1645.5)(45.5, 1707.5)(35.5, 1707.5);SD
Port:(164.5, 1631.0)(164.5, 1707.0)(156.5, 1707.0)(156.5, 1722.0)(50.5, 1722.0)(50.5, 1631.0);GATE
Port:(155.5, 1641.0)(159.5, 1641.0)(159.5, 1692.0)(155.5, 1692.0);SD
Module:M13
Boundary:(638.2, 1610.9)(526.7, 1610.9)(526.7, 1656.6)(493.2, 1656.6)(493.2, 1719.9)(638.2, 1719.9);GATE
Port:(507.7, 1709.9)(623.7, 1709.9)(623.7, 1719.9)(507.7, 1719.9);SD
Port:(638.2, 1610.9)(526.7, 1610.9)(526.7, 1656.6)(493.2, 1656.6)(493.2, 1704.9)(638.2, 1704.9);GATE
Port:(541.2, 1615.9)(628.2, 1615.9)(628.2, 1619.9)(541.2, 1619.9);SD
Module:M1
Boundary:(189.0, 1631.0)(189.0, 1760.5)(203.0, 1760.5)(203.0, 1776.0)(271.0, 1776.0)(271.0, 1631.0);GATE
Port:(261.0, 1645.5)(271.0, 1645.5)(271.0, 1761.5)(261.0, 1761.5);SD
Port:(189.0, 1631.0)(189.0, 1760.5)(203.0, 1760.5)(203.0, 1776.0)(256.0, 1776.0)(256.0, 1631.0);GATE
Port:(194.0, 1641.0)(198.0, 1641.0)(198.0, 1746.0)(194.0, 1746.0);SD
Module:M34
Boundary:(390.2, 1760.9)(390.2, 1667.4)(380.2, 1667.4)(380.2, 1651.9)(286.2, 1651.9)(286.2, 1760.9);GATE
Port:(286.2, 1666.4)(296.2, 1666.4)(296.2, 1746.4)(286.2, 1746.4);SD
Port:(390.2, 1760.9)(390.2, 1667.4)(380.2, 1667.4)(380.2, 1651.9)(301.2, 1651.9)(301.2, 1760.9);GATE
Port:(381.2, 1681.9)(385.2, 1681.9)(385.2, 1750.9)(381.2, 1750.9);SD
Module:M40
Boundary:(422.3, 1954.0)(310.8, 1954.0)(310.8, 1907.0)(205.3, 1907.0)(205.3, 1836.0)(422.3, 1836.0);GATE
Port:(219.8, 1836.0)(407.8, 1836.0)(407.8, 1846.0)(219.8, 1846.0);SD
Port:(422.3, 1954.0)(310.8, 1954.0)(310.8, 1907.0)(205.3, 1907.0)(205.3, 1851.0)(422.3, 1851.0);GATE
Port:(325.3, 1945.0)(412.3, 1945.0)(412.3, 1949.0)(325.3, 1949.0);SD
Module:M22
Boundary:(32.1, 1758.6)(89.6, 1758.6)(89.6, 1802.9)(159.1, 1802.9)(159.1, 1955.6)(32.1, 1955.6);GATE
Port:(46.6, 1945.6)(144.6, 1945.6)(144.6, 1955.6)(46.6, 1955.6);SD
Port:(32.1, 1758.6)(89.6, 1758.6)(89.6, 1802.9)(159.1, 1802.9)(159.1, 1940.6)(32.1, 1940.6);GATE
Port:(42.1, 1763.6)(75.1, 1763.6)(75.1, 1767.6)(42.1, 1767.6);SD
Module:M10
Boundary:(464.0, 1776.0)(611.5, 1776.0)(611.5, 1792.0)(627.0, 1792.0)(627.0, 1963.0)(464.0, 1963.0);GATE
Port:(478.5, 1953.0)(612.5, 1953.0)(612.5, 1963.0)(478.5, 1963.0);SD
Port:(464.0, 1776.0)(611.5, 1776.0)(611.5, 1792.0)(627.0, 1792.0)(627.0, 1948.0)(464.0, 1948.0);GATE
Port:(474.0, 1781.0)(597.0, 1781.0)(597.0, 1785.0)(474.0, 1785.0);SD
