Area:(-20.0, 16.6)(259.9, 16.6)(259.9, 667.7)(-20.0, 667.7)
Rule:GATE(5,5);SD(5,5);GATE_SD(0.5);GATE_ITO(0.5);SD_ITO(0.5)
Module:M5
Boundary:(218.0, 146.1)(218.0, 56.6)(20.0, 56.6)(20.0, 146.1);GATE
Port:(20.0, 69.3)(24.6, 69.3)(24.6, 133.4)(20.0, 133.4);SD
Port:(218.0, 146.1)(218.0, 56.6)(26.1, 56.6)(26.1, 146.1);GATE
Port:(206.9, 62.7)(212.9, 62.7)(212.9, 140.0)(206.9, 140.0);SD
Module:M4
Boundary:(189.6, 271.6)(189.6, 180.5)(102.1, 180.5)(102.1, 166.5)(20.1, 166.5)(20.1, 271.6);GATE
Port:(20.1, 178.0)(25.5, 178.0)(25.5, 260.1)(20.1, 260.1);SD
Port:(189.6, 271.6)(189.6, 180.5)(102.1, 180.5)(102.1, 166.5)(28.0, 166.5)(28.0, 271.6);GATE
Port:(180.3, 187.2)(184.9, 187.2)(184.9, 265.9)(180.3, 265.9);SD
Module:M3
Boundary:(193.4, 481.1)(158.9, 481.1)(158.9, 480.9)(141.9, 480.9)(141.9, 292.3)(193.4, 292.3);GATE
Port:(155.8, 292.3)(179.5, 292.3)(179.5, 297.2)(155.8, 297.2);SD
Port:(193.4, 481.1)(158.9, 481.1)(158.9, 480.9)(141.9, 480.9)(141.9, 299.9)(193.4, 299.9);GATE
Port:(164.4, 469.9)(187.9, 469.9)(187.9, 476.6)(164.4, 476.6);SD
Module:M2
Boundary:(42.5, 515.3)(136.2, 515.3)(136.2, 308.4)(42.5, 308.4);GATE
Port:(56.2, 308.4)(122.5, 308.4)(122.5, 312.6)(56.2, 312.6);SD
Port:(42.5, 515.3)(136.2, 515.3)(136.2, 314.3)(42.5, 314.3);GATE
Port:(48.8, 504.0)(129.9, 504.0)(129.9, 510.0)(48.8, 510.0);SD
Module:M1
Boundary:(219.9, 627.7)(219.9, 521.7)(20.0, 521.7)(20.0, 627.7);GATE
Port:(20.0, 534.4)(25.5, 534.4)(25.5, 615.0)(20.0, 615.0);SD
Port:(219.9, 627.7)(219.9, 521.7)(26.6, 521.7)(26.6, 627.7);GATE
Port:(209.2, 527.9)(214.7, 527.9)(214.7, 621.5)(209.2, 621.5);SD
