Area:(-20.0, -20.0)(259.9, -20.0)(259.9, 687.5)(-20.0, 687.5)
Rule:GATE(5,5);SD(5,5);GATE_SD(0.5);GATE_ITO(0.5);SD_ITO(0.5)
Module:M5
Boundary:(218.0, 20.0)(218.0, 109.5)(20.0, 109.5)(20.0, 20.0);GATE
Port:(20.0, 32.7)(24.6, 32.7)(24.6, 96.8)(20.0, 96.8);SD
Port:(218.0, 20.0)(218.0, 109.5)(26.1, 109.5)(26.1, 20.0);GATE
Port:(206.9, 26.1)(212.9, 26.1)(212.9, 103.4)(206.9, 103.4);SD
Module:M1
Boundary:(219.9, 541.5)(219.9, 647.5)(20.0, 647.5)(20.0, 541.5);GATE
Port:(20.0, 554.2)(25.5, 554.2)(25.5, 634.8)(20.0, 634.8);SD
Port:(219.9, 541.5)(219.9, 647.5)(26.6, 647.5)(26.6, 541.5);GATE
Port:(209.2, 547.7)(214.7, 547.7)(214.7, 641.3)(209.2, 641.3);SD
Module:M2
Boundary:(20.0, 294.6)(113.7, 294.6)(113.7, 501.5)(20.0, 501.5);GATE
Port:(33.7, 497.3)(100.0, 497.3)(100.0, 501.5)(33.7, 501.5);SD
Port:(20.0, 294.6)(113.7, 294.6)(113.7, 495.6)(20.0, 495.6);GATE
Port:(26.3, 299.9)(107.4, 299.9)(107.4, 305.9)(26.3, 305.9);SD
Module:M3
Boundary:(153.7, 294.6)(188.2, 294.6)(188.2, 294.8)(205.2, 294.8)(205.2, 483.4)(153.7, 483.4);GATE
Port:(167.6, 478.5)(191.3, 478.5)(191.3, 483.4)(167.6, 483.4);SD
Port:(153.7, 294.6)(188.2, 294.6)(188.2, 294.8)(205.2, 294.8)(205.2, 475.8)(153.7, 475.8);GATE
Port:(159.2, 299.1)(182.7, 299.1)(182.7, 305.8)(159.2, 305.8);SD
Module:M4
Boundary:(189.5, 149.5)(189.5, 240.6)(102.0, 240.6)(102.0, 254.6)(20.0, 254.6)(20.0, 149.5);GATE
Port:(20.0, 161.0)(25.4, 161.0)(25.4, 243.1)(20.0, 243.1);SD
Port:(189.5, 149.5)(189.5, 240.6)(102.0, 240.6)(102.0, 254.6)(27.9, 254.6)(27.9, 149.5);GATE
Port:(180.2, 155.2)(184.8, 155.2)(184.8, 233.9)(180.2, 233.9);SD
