Area:(-20.0, -20.0)(523.0, -20.0)(523.0, 336.0)(-20.0, 336.0)
Rule:GATE(5,5);SD(5,5);GATE_SD(0.5);GATE_ITO(0.5);SD_ITO(0.5)
Module:M5
Boundary:(483.0, 20.0)(483.0, 149.5)(469.0, 149.5)(469.0, 165.0)(343.0, 165.0)(343.0, 20.0);GATE
Port:(343.0, 34.5)(353.0, 34.5)(353.0, 150.5)(343.0, 150.5);SD
Port:(483.0, 20.0)(483.0, 149.5)(469.0, 149.5)(469.0, 165.0)(358.0, 165.0)(358.0, 20.0);GATE
Port:(474.0, 30.0)(478.0, 30.0)(478.0, 135.0)(474.0, 135.0);SD
Module:M1
Boundary:(396.0, 205.0)(396.0, 281.0)(388.0, 281.0)(388.0, 296.0)(235.0, 296.0)(235.0, 205.0);GATE
Port:(235.0, 219.5)(245.0, 219.5)(245.0, 281.5)(235.0, 281.5);SD
Port:(396.0, 205.0)(396.0, 281.0)(388.0, 281.0)(388.0, 296.0)(250.0, 296.0)(250.0, 205.0);GATE
Port:(387.0, 215.0)(391.0, 215.0)(391.0, 266.0)(387.0, 266.0);SD
Module:M2
Boundary:(303.0, 20.0)(303.0, 113.5)(218.0, 113.5)(218.0, 165.0)(151.0, 165.0)(151.0, 20.0);GATE
Port:(151.0, 34.5)(161.0, 34.5)(161.0, 150.5)(151.0, 150.5);SD
Port:(303.0, 20.0)(303.0, 113.5)(218.0, 113.5)(218.0, 165.0)(166.0, 165.0)(166.0, 20.0);GATE
Port:(294.0, 30.0)(298.0, 30.0)(298.0, 99.0)(294.0, 99.0);SD
Module:M3
Boundary:(20.0, 20.0)(96.0, 20.0)(96.0, 28.0)(111.0, 28.0)(111.0, 171.0)(20.0, 171.0);GATE
Port:(34.5, 161.0)(96.5, 161.0)(96.5, 171.0)(34.5, 171.0);SD
Port:(20.0, 20.0)(96.0, 20.0)(96.0, 28.0)(111.0, 28.0)(111.0, 156.0)(20.0, 156.0);GATE
Port:(30.0, 25.0)(81.0, 25.0)(81.0, 29.0)(30.0, 29.0);SD
Module:M4
Boundary:(195.0, 211.0)(195.0, 284.0)(20.0, 284.0)(20.0, 211.0);GATE
Port:(20.0, 225.5)(30.0, 225.5)(30.0, 269.5)(20.0, 269.5);SD
Port:(195.0, 211.0)(195.0, 284.0)(35.0, 284.0)(35.0, 211.0);GATE
Port:(186.0, 221.0)(190.0, 221.0)(190.0, 274.0)(186.0, 274.0);SD
