Area:(-20.0, -20.0)(1197.3, -20.0)(1197.3, 979.0)(-20.0, 979.0)
Rule:GATE(5,5);SD(5,5);GATE_SD(0.5);GATE_ITO(0.5);SD_ITO(0.5)
Module:M14
Boundary:(20.0, 582.6)(88.3, 582.6)(88.3, 660.9)(104.6, 660.9)(104.6, 738.4)(20.0, 738.4);GATE
Port:(33.1, 733.5)(91.5, 733.5)(91.5, 738.4)(33.1, 738.4);SD
Port:(20.0, 582.6)(88.3, 582.6)(88.3, 660.9)(104.6, 660.9)(104.6, 731.1)(20.0, 731.1);GATE
Port:(25.0, 586.6)(82.3, 586.6)(82.3, 592.5)(25.0, 592.5);SD
Module:M9
Boundary:(936.1, 772.3)(936.1, 819.2)(818.4, 819.2)(818.4, 772.3);GATE
Port:(818.4, 785.2)(822.7, 785.2)(822.7, 806.3)(818.4, 806.3);SD
Port:(936.1, 772.3)(936.1, 819.2)(824.0, 819.2)(824.0, 772.3);GATE
Port:(925.1, 777.3)(932.1, 777.3)(932.1, 814.2)(925.1, 814.2);SD
Module:M5
Boundary:(1027.1, 653.8)(1027.1, 705.9)(1026.9, 705.9)(1026.9, 722.9)(946.8, 722.9)(946.8, 653.8);GATE
Port:(946.8, 667.7)(950.8, 667.7)(950.8, 709.0)(946.8, 709.0);SD
Port:(1027.1, 653.8)(1027.1, 705.9)(1026.9, 705.9)(1026.9, 722.9)(952.9, 722.9)(952.9, 653.8);GATE
Port:(1015.6, 660.2)(1021.7, 660.2)(1021.7, 699.5)(1015.6, 699.5);SD
Module:M11
Boundary:(453.7, 468.1)(518.9, 468.1)(518.9, 602.3)(453.7, 602.3);GATE
Port:(467.3, 598.3)(505.3, 598.3)(505.3, 602.3)(467.3, 602.3);SD
Port:(453.7, 468.1)(518.9, 468.1)(518.9, 596.0)(453.7, 596.0);GATE
Port:(460.7, 474.1)(511.9, 474.1)(511.9, 478.7)(460.7, 478.7);SD
Module:M1
Boundary:(432.2, 317.1)(523.6, 317.1)(523.6, 428.1)(432.2, 428.1);GATE
Port:(444.5, 423.6)(511.3, 423.6)(511.3, 428.1)(444.5, 428.1);SD
Port:(432.2, 317.1)(523.6, 317.1)(523.6, 421.4)(432.2, 421.4);GATE
Port:(437.9, 321.8)(517.9, 321.8)(517.9, 327.7)(437.9, 327.7);SD
Module:M43
Boundary:(20.0, 321.9)(86.7, 321.9)(86.7, 322.1)(104.1, 322.1)(104.1, 542.6)(20.0, 542.6);GATE
Port:(32.5, 538.2)(91.6, 538.2)(91.6, 542.6)(32.5, 542.6);SD
Port:(20.0, 321.9)(86.7, 321.9)(86.7, 322.1)(104.1, 322.1)(104.1, 536.7)(20.0, 536.7);GATE
Port:(25.1, 326.0)(81.6, 326.0)(81.6, 331.0)(25.1, 331.0);SD
Module:M38
Boundary:(346.2, 20.0)(346.2, 75.1)(295.6, 75.1)(295.6, 91.5)(152.9, 91.5)(152.9, 20.0);GATE
Port:(152.9, 34.4)(157.3, 34.4)(157.3, 77.1)(152.9, 77.1);SD
Port:(346.2, 20.0)(346.2, 75.1)(295.6, 75.1)(295.6, 91.5)(159.8, 91.5)(159.8, 20.0);GATE
Port:(334.2, 26.9)(340.3, 26.9)(340.3, 67.2)(334.2, 67.2);SD
Module:M40
Boundary:(1053.7, 30.0)(1135.1, 30.0)(1135.1, 40.3)(1149.2, 40.3)(1149.2, 158.3)(1053.7, 158.3);GATE
Port:(1067.8, 153.5)(1135.1, 153.5)(1135.1, 158.3)(1067.8, 158.3);SD
Port:(1053.7, 30.0)(1135.1, 30.0)(1135.1, 40.3)(1149.2, 40.3)(1149.2, 150.7)(1053.7, 150.7);GATE
Port:(1059.8, 35.1)(1128.0, 35.1)(1128.0, 42.0)(1059.8, 42.0);SD
Module:M35
Boundary:(148.5, 467.0)(225.7, 467.0)(225.7, 624.8)(148.5, 624.8);GATE
Port:(162.2, 620.8)(212.0, 620.8)(212.0, 624.8)(162.2, 624.8);SD
Port:(148.5, 467.0)(225.7, 467.0)(225.7, 619.8)(148.5, 619.8);GATE
Port:(155.4, 472.9)(218.8, 472.9)(218.8, 478.5)(155.4, 478.5);SD
Module:M32
Boundary:(275.7, 655.7)(376.8, 655.7)(376.8, 721.7)(392.1, 721.7)(392.1, 790.4)(275.7, 790.4);GATE
Port:(289.5, 786.0)(378.3, 786.0)(378.3, 790.4)(289.5, 790.4);SD
Port:(275.7, 655.7)(376.8, 655.7)(376.8, 721.7)(392.1, 721.7)(392.1, 784.0)(275.7, 784.0);GATE
Port:(280.9, 659.9)(370.6, 659.9)(370.6, 667.1)(280.9, 667.1);SD
Module:M27
Boundary:(413.7, 492.7)(413.7, 590.3)(413.4, 590.3)(413.4, 605.7)(265.7, 605.7)(265.7, 492.7);GATE
Port:(265.7, 507.6)(269.9, 507.6)(269.9, 590.8)(265.7, 590.8);SD
Port:(413.7, 492.7)(413.7, 590.3)(413.4, 590.3)(413.4, 605.7)(272.2, 605.7)(272.2, 492.7);GATE
Port:(401.5, 499.5)(407.9, 499.5)(407.9, 583.5)(401.5, 583.5);SD
Module:M24
Boundary:(1003.7, 20.0)(1003.7, 92.9)(961.8, 92.9)(961.8, 109.1)(839.8, 109.1)(839.8, 20.0);GATE
Port:(839.8, 35.7)(845.1, 35.7)(845.1, 93.4)(839.8, 93.4);SD
Port:(1003.7, 20.0)(1003.7, 92.9)(961.8, 92.9)(961.8, 109.1)(846.2, 109.1)(846.2, 20.0);GATE
Port:(991.5, 26.3)(998.4, 26.3)(998.4, 85.6)(991.5, 85.6);SD
Module:M19
Boundary:(612.2, 179.1)(612.2, 253.5)(611.9, 253.5)(611.9, 267.1)(404.1, 267.1)(404.1, 179.1);GATE
Port:(404.1, 192.8)(409.1, 192.8)(409.1, 253.4)(404.1, 253.4);SD
Port:(612.2, 179.1)(612.2, 253.5)(611.9, 253.5)(611.9, 267.1)(410.8, 267.1)(410.8, 179.1);GATE
Port:(600.4, 186.1)(606.2, 186.1)(606.2, 246.5)(600.4, 246.5);SD
Module:M6
Boundary:(967.6, 149.1)(967.6, 223.7)(917.9, 223.7)(917.9, 240.2)(839.8, 240.2)(839.8, 149.1);GATE
Port:(839.8, 164.6)(845.3, 164.6)(845.3, 224.7)(839.8, 224.7);SD
Port:(967.6, 149.1)(967.6, 223.7)(917.9, 223.7)(917.9, 240.2)(847.4, 240.2)(847.4, 149.1);GATE
Port:(954.8, 156.0)(961.7, 156.0)(961.7, 215.8)(954.8, 215.8);SD
Module:M21
Boundary:(1023.4, 859.2)(1023.4, 923.3)(1023.2, 923.3)(1023.2, 939.0)(818.4, 939.0)(818.4, 859.2);GATE
Port:(818.4, 872.5)(824.3, 872.5)(824.3, 925.7)(818.4, 925.7);SD
Port:(1023.4, 859.2)(1023.4, 923.3)(1023.2, 923.3)(1023.2, 939.0)(827.2, 939.0)(827.2, 859.2);GATE
Port:(1012.7, 864.3)(1019.3, 864.3)(1019.3, 918.2)(1012.7, 918.2);SD
Module:M2
Boundary:(536.4, 868.5)(536.4, 918.2)(495.1, 918.2)(495.1, 933.1)(442.1, 933.1)(442.1, 868.5);GATE
Port:(442.1, 881.2)(447.2, 881.2)(447.2, 920.4)(442.1, 920.4);SD
Port:(536.4, 868.5)(536.4, 918.2)(495.1, 918.2)(495.1, 933.1)(449.7, 933.1)(449.7, 868.5);GATE
Port:(526.3, 874.1)(531.8, 874.1)(531.8, 911.6)(526.3, 911.6);SD
Module:M16
Boundary:(1058.4, 208.3)(1141.9, 208.3)(1141.9, 304.7)(1157.0, 304.7)(1157.0, 395.5)(1058.4, 395.5);GATE
Port:(1072.0, 390.4)(1143.4, 390.4)(1143.4, 395.5)(1072.0, 395.5);SD
Port:(1058.4, 208.3)(1141.9, 208.3)(1141.9, 304.7)(1157.0, 304.7)(1157.0, 388.1)(1058.4, 388.1);GATE
Port:(1063.4, 212.3)(1135.9, 212.3)(1135.9, 219.6)(1063.4, 219.6);SD
Module:M13
Boundary:(799.8, 20.0)(799.8, 116.9)(640.8, 116.9)(640.8, 20.0);GATE
Port:(640.8, 33.8)(646.4, 33.8)(646.4, 103.1)(640.8, 103.1);SD
Port:(799.8, 20.0)(799.8, 116.9)(647.5, 116.9)(647.5, 20.0);GATE
Port:(788.8, 26.0)(794.8, 26.0)(794.8, 110.9)(788.8, 110.9);SD
Module:M45
Boundary:(354.1, 131.5)(354.1, 235.1)(354.0, 235.1)(354.0, 252.2)(148.5, 252.2)(148.5, 131.5);GATE
Port:(148.5, 146.0)(153.1, 146.0)(153.1, 237.7)(148.5, 237.7);SD
Port:(354.1, 131.5)(354.1, 235.1)(354.0, 235.1)(354.0, 252.2)(154.8, 252.2)(154.8, 131.5);GATE
Port:(343.0, 137.9)(348.7, 137.9)(348.7, 228.7)(343.0, 228.7);SD
Module:M10
Boundary:(453.7, 642.3)(505.3, 642.3)(505.3, 685.5)(521.2, 685.5)(521.2, 811.6)(453.7, 811.6);GATE
Port:(467.5, 807.2)(507.4, 807.2)(507.4, 811.6)(467.5, 811.6);SD
Port:(453.7, 642.3)(505.3, 642.3)(505.3, 685.5)(521.2, 685.5)(521.2, 804.4)(453.7, 804.4);GATE
Port:(459.7, 647.3)(498.3, 647.3)(498.3, 652.8)(459.7, 652.8);SD
Module:M42
Boundary:(20.0, 124.8)(108.5, 124.8)(108.5, 281.9)(20.0, 281.9);GATE
Port:(32.5, 277.8)(96.0, 277.8)(96.0, 281.9)(32.5, 281.9);SD
Port:(20.0, 124.8)(108.5, 124.8)(108.5, 276.7)(20.0, 276.7);GATE
Port:(25.8, 129.6)(102.7, 129.6)(102.7, 135.7)(25.8, 135.7);SD
Module:M37
Boundary:(1063.4, 849.1)(1141.9, 849.1)(1141.9, 849.3)(1156.9, 849.3)(1156.9, 927.1)(1063.4, 927.1);GATE
Port:(1076.4, 921.2)(1143.9, 921.2)(1143.9, 927.1)(1076.4, 927.1);SD
Port:(1063.4, 849.1)(1141.9, 849.1)(1141.9, 849.3)(1156.9, 849.3)(1156.9, 919.4)(1063.4, 919.4);GATE
Port:(1069.4, 854.1)(1135.9, 854.1)(1135.9, 859.9)(1069.4, 859.9);SD
Module:M34
Boundary:(112.9, 20.0)(112.9, 69.2)(99.2, 69.2)(99.2, 84.8)(20.0, 84.8)(20.0, 20.0);GATE
Port:(20.0, 32.1)(25.9, 32.1)(25.9, 72.7)(20.0, 72.7);SD
Port:(112.9, 20.0)(112.9, 69.2)(99.2, 69.2)(99.2, 84.8)(28.2, 84.8)(28.2, 20.0);GATE
Port:(103.6, 25.3)(108.6, 25.3)(108.6, 62.9)(103.6, 62.9);SD
Module:M29
Boundary:(563.6, 317.1)(626.5, 317.1)(626.5, 460.3)(563.6, 460.3);GATE
Port:(576.1, 455.6)(614.0, 455.6)(614.0, 460.3)(576.1, 460.3);SD
Port:(563.6, 317.1)(626.5, 317.1)(626.5, 454.4)(563.6, 454.4);GATE
Port:(568.7, 321.2)(621.4, 321.2)(621.4, 326.8)(568.7, 326.8);SD
Module:M7
Boundary:(828.7, 480.4)(885.1, 480.4)(885.1, 624.7)(828.7, 624.7);GATE
Port:(840.1, 619.9)(873.7, 619.9)(873.7, 624.7)(840.1, 624.7);SD
Port:(828.7, 480.4)(885.1, 480.4)(885.1, 617.2)(828.7, 617.2);GATE
Port:(834.1, 484.8)(879.7, 484.8)(879.7, 490.2)(834.1, 490.2);SD
Module:M31
Boundary:(774.8, 868.5)(774.8, 928.6)(576.4, 928.6)(576.4, 868.5);GATE
Port:(576.4, 879.8)(581.5, 879.8)(581.5, 917.3)(576.4, 917.3);SD
Port:(774.8, 868.5)(774.8, 928.6)(584.4, 928.6)(584.4, 868.5);GATE
Port:(765.9, 873.7)(770.6, 873.7)(770.6, 923.4)(765.9, 923.4);SD
Module:M3
Boundary:(666.5, 259.0)(788.7, 259.0)(788.7, 479.7)(666.5, 479.7);GATE
Port:(680.6, 475.5)(774.6, 475.5)(774.6, 479.7)(680.6, 479.7);SD
Port:(666.5, 259.0)(788.7, 259.0)(788.7, 473.8)(666.5, 473.8);GATE
Port:(671.8, 263.3)(783.4, 263.3)(783.4, 269.9)(671.8, 269.9);SD
Module:M26
Boundary:(385.8, 850.4)(385.8, 915.5)(324.5, 915.5)(324.5, 927.4)(274.1, 927.4)(274.1, 850.4);GATE
Port:(274.1, 865.0)(278.3, 865.0)(278.3, 912.8)(274.1, 912.8);SD
Port:(385.8, 850.4)(385.8, 915.5)(324.5, 915.5)(324.5, 927.4)(279.9, 927.4)(279.9, 850.4);GATE
Port:(373.0, 857.2)(380.0, 857.2)(380.0, 906.7)(373.0, 906.7);SD
Module:M23
Boundary:(148.5, 292.2)(193.3, 292.2)(193.3, 292.4)(206.1, 292.4)(206.1, 427.0)(148.5, 427.0);GATE
Port:(161.5, 421.5)(193.1, 421.5)(193.1, 427.0)(161.5, 427.0);SD
Port:(148.5, 292.2)(193.3, 292.2)(193.3, 292.4)(206.1, 292.4)(206.1, 419.0)(148.5, 419.0);GATE
Port:(154.6, 297.3)(187.2, 297.3)(187.2, 303.5)(154.6, 303.5);SD
Module:M18
Boundary:(382.2, 327.1)(382.2, 427.5)(326.1, 427.5)(326.1, 442.7)(275.7, 442.7)(275.7, 327.1);GATE
Port:(275.7, 340.7)(280.0, 340.7)(280.0, 429.1)(275.7, 429.1);SD
Port:(382.2, 327.1)(382.2, 427.5)(326.1, 427.5)(326.1, 442.7)(282.8, 442.7)(282.8, 327.1);GATE
Port:(371.0, 333.0)(377.3, 333.0)(377.3, 420.6)(371.0, 420.6);SD
Module:M20
Boundary:(659.5, 728.1)(659.5, 812.6)(631.4, 812.6)(631.4, 828.5)(563.6, 828.5)(563.6, 728.1);GATE
Port:(563.6, 741.2)(568.4, 741.2)(568.4, 815.4)(563.6, 815.4);SD
Port:(659.5, 728.1)(659.5, 812.6)(631.4, 812.6)(631.4, 828.5)(570.7, 828.5)(570.7, 728.1);GATE
Port:(649.9, 733.9)(654.7, 733.9)(654.7, 805.8)(649.9, 805.8);SD
Module:M15
Boundary:(600.8, 20.0)(600.8, 111.4)(600.5, 111.4)(600.5, 129.1)(394.1, 129.1)(394.1, 20.0);GATE
Port:(394.1, 35.3)(398.3, 35.3)(398.3, 113.8)(394.1, 113.8);SD
Port:(600.8, 20.0)(600.8, 111.4)(600.5, 111.4)(600.5, 129.1)(399.9, 129.1)(399.9, 20.0);GATE
Port:(588.5, 26.8)(595.0, 26.8)(595.0, 104.6)(588.5, 104.6);SD
Module:M12
Boundary:(699.5, 699.8)(764.1, 699.8)(764.1, 744.0)(777.9, 744.0)(777.9, 812.3)(699.5, 812.3);GATE
Port:(713.2, 806.8)(764.2, 806.8)(764.2, 812.3)(713.2, 812.3);SD
Port:(699.5, 699.8)(764.1, 699.8)(764.1, 744.0)(777.9, 744.0)(777.9, 805.4)(699.5, 805.4);GATE
Port:(706.0, 705.3)(756.6, 705.3)(756.6, 711.3)(706.0, 711.3);SD
Module:M44
Boundary:(916.6, 280.2)(1002.7, 280.2)(1002.7, 312.3)(1018.4, 312.3)(1018.4, 410.7)(916.6, 410.7);GATE
Port:(930.7, 404.7)(1004.3, 404.7)(1004.3, 410.7)(930.7, 410.7);SD
Port:(916.6, 280.2)(1002.7, 280.2)(1002.7, 312.3)(1018.4, 312.3)(1018.4, 403.6)(916.6, 403.6);GATE
Port:(923.1, 285.7)(995.2, 285.7)(995.2, 291.3)(923.1, 291.3);SD
Module:M39
Boundary:(695.0, 529.7)(768.4, 529.7)(768.4, 649.8)(695.0, 649.8);GATE
Port:(709.3, 645.3)(754.1, 645.3)(754.1, 649.8)(709.3, 649.8);SD
Port:(695.0, 529.7)(768.4, 529.7)(768.4, 644.1)(695.0, 644.1);GATE
Port:(701.1, 534.8)(762.3, 534.8)(762.3, 541.3)(701.1, 541.3);SD
Module:M8
Boundary:(906.8, 664.7)(906.8, 717.0)(869.4, 717.0)(869.4, 732.3)(818.4, 732.3)(818.4, 664.7);GATE
Port:(818.4, 679.1)(823.9, 679.1)(823.9, 717.9)(818.4, 717.9);SD
Port:(906.8, 664.7)(906.8, 717.0)(869.4, 717.0)(869.4, 732.3)(825.0, 732.3)(825.0, 664.7);GATE
Port:(895.1, 671.1)(901.4, 671.1)(901.4, 709.6)(895.1, 709.6);SD
Module:M41
Boundary:(144.6, 664.8)(208.0, 664.8)(208.0, 664.9)(222.7, 664.9)(222.7, 767.8)(144.6, 767.8);GATE
Port:(158.2, 763.4)(209.1, 763.4)(209.1, 767.8)(158.2, 767.8);SD
Port:(144.6, 664.8)(208.0, 664.8)(208.0, 664.9)(222.7, 664.9)(222.7, 761.3)(144.6, 761.3);GATE
Port:(150.8, 670.0)(201.8, 670.0)(201.8, 676.8)(150.8, 676.8);SD
Module:M4
Boundary:(138.9, 807.8)(208.0, 807.8)(208.0, 861.9)(224.1, 861.9)(224.1, 938.8)(138.9, 938.8);GATE
Port:(152.5, 934.3)(210.5, 934.3)(210.5, 938.8)(152.5, 938.8);SD
Port:(138.9, 807.8)(208.0, 807.8)(208.0, 861.9)(224.1, 861.9)(224.1, 932.5)(138.9, 932.5);GATE
Port:(144.5, 812.4)(201.4, 812.4)(201.4, 817.9)(144.5, 817.9);SD
Module:M36
Boundary:(799.5, 156.9)(799.5, 205.6)(733.7, 205.6)(733.7, 219.0)(662.2, 219.0)(662.2, 156.9);GATE
Port:(662.2, 169.9)(667.5, 169.9)(667.5, 206.0)(662.2, 206.0);SD
Port:(799.5, 156.9)(799.5, 205.6)(733.7, 205.6)(733.7, 219.0)(670.4, 219.0)(670.4, 156.9);GATE
Port:(788.2, 163.7)(793.7, 163.7)(793.7, 197.8)(788.2, 197.8);SD
Module:M33
Boundary:(828.7, 280.2)(862.1, 280.2)(862.1, 280.3)(876.6, 280.3)(876.6, 440.4)(828.7, 440.4);GATE
Port:(841.6, 434.9)(863.7, 434.9)(863.7, 440.4)(841.6, 440.4);SD
Port:(828.7, 280.2)(862.1, 280.2)(862.1, 280.3)(876.6, 280.3)(876.6, 432.0)(828.7, 432.0);GATE
Port:(834.8, 285.3)(856.0, 285.3)(856.0, 291.4)(834.8, 291.4);SD
Module:M28
Boundary:(1067.1, 653.8)(1143.6, 653.8)(1143.6, 667.2)(1157.3, 667.2)(1157.3, 809.1)(1067.1, 809.1);GATE
Port:(1079.8, 803.3)(1144.6, 803.3)(1144.6, 809.1)(1079.8, 809.1);SD
Port:(1067.1, 653.8)(1143.6, 653.8)(1143.6, 667.2)(1157.3, 667.2)(1157.3, 801.4)(1067.1, 801.4);GATE
Port:(1072.7, 658.4)(1137.0, 658.4)(1137.0, 664.5)(1072.7, 664.5);SD
Module:M30
Boundary:(925.1, 450.7)(1024.7, 450.7)(1024.7, 492.4)(1039.9, 492.4)(1039.9, 613.8)(925.1, 613.8);GATE
Port:(938.3, 609.5)(1026.7, 609.5)(1026.7, 613.8)(938.3, 613.8);SD
Port:(925.1, 450.7)(1024.7, 450.7)(1024.7, 492.4)(1039.9, 492.4)(1039.9, 607.6)(925.1, 607.6);GATE
Port:(931.3, 455.9)(1017.5, 455.9)(1017.5, 461.6)(931.3, 461.6);SD
Module:M25
Boundary:(1079.9, 435.5)(1134.8, 435.5)(1134.8, 435.6)(1152.9, 435.6)(1152.9, 612.2)(1079.9, 612.2);GATE
Port:(1094.8, 607.3)(1138.0, 607.3)(1138.0, 612.2)(1094.8, 612.2);SD
Port:(1079.9, 435.5)(1134.8, 435.5)(1134.8, 435.6)(1152.9, 435.6)(1152.9, 605.6)(1079.9, 605.6);GATE
Port:(1086.4, 441.0)(1128.3, 441.0)(1128.3, 447.3)(1086.4, 447.3);SD
Module:M22
Boundary:(20.0, 778.4)(84.9, 778.4)(84.9, 852.4)(98.9, 852.4)(98.9, 928.3)(20.0, 928.3);GATE
Port:(33.8, 922.7)(85.1, 922.7)(85.1, 928.3)(33.8, 928.3);SD
Port:(20.0, 778.4)(84.9, 778.4)(84.9, 852.4)(98.9, 852.4)(98.9, 921.1)(20.0, 921.1);GATE
Port:(25.1, 782.5)(78.8, 782.5)(78.8, 790.3)(25.1, 790.3);SD
Module:M17
Boundary:(573.6, 529.7)(620.2, 529.7)(620.2, 529.9)(635.0, 529.9)(635.0, 678.1)(573.6, 678.1);GATE
Port:(586.4, 672.6)(622.2, 672.6)(622.2, 678.1)(586.4, 678.1);SD
Port:(573.6, 529.7)(620.2, 529.7)(620.2, 529.9)(635.0, 529.9)(635.0, 671.0)(573.6, 671.0);GATE
Port:(580.3, 535.4)(613.5, 535.4)(613.5, 539.9)(580.3, 539.9);SD
