Area:(-20.0, -20.0)(676.8, -20.0)(676.8, 388.1)(-20.0, 388.1)
Rule:GATE(5,5);SD(5,5);GATE_SD(0.5);GATE_ITO(0.5);SD_ITO(0.5)
Module:M9
Boundary:(636.8, 267.0)(636.8, 346.3)(495.4, 346.3)(495.4, 267.0);GATE
Port:(495.4, 280.0)(500.7, 280.0)(500.7, 333.3)(495.4, 333.3);SD
Port:(636.8, 267.0)(636.8, 346.3)(503.6, 346.3)(503.6, 267.0);GATE
Port:(625.8, 272.5)(632.3, 272.5)(632.3, 340.8)(625.8, 340.8);SD
Module:M5
Boundary:(619.6, 152.5)(619.6, 201.8)(619.4, 201.8)(619.4, 217.0)(505.4, 217.0)(505.4, 152.5);GATE
Port:(505.4, 165.9)(510.2, 165.9)(510.2, 203.6)(505.4, 203.6);SD
Port:(619.6, 152.5)(619.6, 201.8)(619.4, 201.8)(619.4, 217.0)(511.6, 217.0)(511.6, 152.5);GATE
Port:(608.2, 159.3)(613.8, 159.3)(613.8, 195.0)(608.2, 195.0);SD
Module:M1
Boundary:(20.0, 213.9)(118.4, 213.9)(118.4, 214.3)(134.6, 214.3)(134.6, 328.1)(20.0, 328.1);GATE
Port:(33.5, 323.4)(121.1, 323.4)(121.1, 328.1)(33.5, 328.1);SD
Port:(20.0, 213.9)(118.4, 213.9)(118.4, 214.3)(134.6, 214.3)(134.6, 320.6)(20.0, 320.6);GATE
Port:(25.3, 218.2)(113.1, 218.2)(113.1, 224.2)(25.3, 224.2);SD
Module:M6
Boundary:(631.7, 20.0)(631.7, 87.7)(594.5, 87.7)(594.5, 102.5)(481.3, 102.5)(481.3, 20.0);GATE
Port:(481.3, 34.1)(487.0, 34.1)(487.0, 88.4)(481.3, 88.4);SD
Port:(631.7, 20.0)(631.7, 87.7)(594.5, 87.7)(594.5, 102.5)(489.8, 102.5)(489.8, 20.0);GATE
Port:(619.8, 26.6)(626.1, 26.6)(626.1, 80.1)(619.8, 80.1);SD
Module:M2
Boundary:(320.9, 20.0)(320.9, 98.5)(302.9, 98.5)(302.9, 112.0)(205.2, 112.0)(205.2, 20.0);GATE
Port:(205.2, 34.0)(209.5, 34.0)(209.5, 98.0)(205.2, 98.0);SD
Port:(320.9, 20.0)(320.9, 98.5)(302.9, 98.5)(302.9, 112.0)(212.0, 112.0)(212.0, 20.0);GATE
Port:(308.9, 25.5)(316.4, 25.5)(316.4, 92.0)(308.9, 92.0);SD
Module:M10
Boundary:(30.0, 30.0)(138.5, 30.0)(138.5, 73.2)(155.2, 73.2)(155.2, 163.9)(30.0, 163.9);GATE
Port:(44.4, 158.7)(140.8, 158.7)(140.8, 163.9)(44.4, 163.9);SD
Port:(30.0, 30.0)(138.5, 30.0)(138.5, 73.2)(155.2, 73.2)(155.2, 155.7)(30.0, 155.7);GATE
Port:(37.0, 36.0)(130.5, 36.0)(130.5, 41.4)(37.0, 41.4);SD
Module:M7
Boundary:(381.5, 297.3)(381.5, 332.0)(381.3, 332.0)(381.3, 348.1)(205.2, 348.1)(205.2, 297.3);GATE
Port:(205.2, 311.3)(209.6, 311.3)(209.6, 334.1)(205.2, 334.1);SD
Port:(381.5, 297.3)(381.5, 332.0)(381.3, 332.0)(381.3, 348.1)(211.1, 348.1)(211.1, 297.3);GATE
Port:(370.0, 303.2)(376.6, 303.2)(376.6, 326.1)(370.0, 326.1);SD
Module:M3
Boundary:(343.0, 169.5)(439.6, 169.5)(439.6, 169.6)(455.4, 169.6)(455.4, 253.7)(343.0, 253.7);GATE
Port:(356.4, 248.3)(442.0, 248.3)(442.0, 253.7)(356.4, 253.7);SD
Port:(343.0, 169.5)(439.6, 169.5)(439.6, 169.6)(455.4, 169.6)(455.4, 245.4)(343.0, 245.4);GATE
Port:(348.1, 173.6)(434.5, 173.6)(434.5, 180.2)(348.1, 180.2);SD
Module:M8
Boundary:(360.9, 20.0)(426.1, 20.0)(426.1, 28.7)(441.3, 28.7)(441.3, 129.5)(360.9, 129.5);GATE
Port:(373.5, 123.6)(428.7, 123.6)(428.7, 129.5)(373.5, 129.5);SD
Port:(360.9, 20.0)(426.1, 20.0)(426.1, 28.7)(441.3, 28.7)(441.3, 120.8)(360.9, 120.8);GATE
Port:(365.9, 24.0)(420.1, 24.0)(420.1, 29.7)(365.9, 29.7);SD
Module:M4
Boundary:(303.0, 152.0)(303.0, 242.8)(302.5, 242.8)(302.5, 257.3)(205.2, 257.3)(205.2, 152.0);GATE
Port:(205.2, 165.3)(210.7, 165.3)(210.7, 244.0)(205.2, 244.0);SD
Port:(303.0, 152.0)(303.0, 242.8)(302.5, 242.8)(302.5, 257.3)(212.6, 257.3)(212.6, 152.0);GATE
Port:(291.4, 157.1)(298.9, 157.1)(298.9, 237.7)(291.4, 237.7);SD
