Area:(-20.0, -20.0)(913.8, -20.0)(913.8, 711.3)(-20.0, 711.3)
Rule:GATE(5,5);SD(5,5);GATE_SD(0.5);GATE_ITO(0.5);SD_ITO(0.5)
Module:M14
Boundary:(737.1, 20.0)(737.1, 108.0)(680.4, 108.0)(680.4, 124.1)(630.5, 124.1)(630.5, 20.0);GATE
Port:(630.5, 34.1)(636.5, 34.1)(636.5, 110.0)(630.5, 110.0);SD
Port:(737.1, 20.0)(737.1, 108.0)(680.4, 108.0)(680.4, 124.1)(638.3, 124.1)(638.3, 20.0);GATE
Port:(725.9, 25.8)(732.3, 25.8)(732.3, 101.2)(725.9, 101.2);SD
Module:M9
Boundary:(510.7, 242.1)(558.1, 242.1)(558.1, 242.2)(572.8, 242.2)(572.8, 316.8)(510.7, 316.8);GATE
Port:(523.8, 312.4)(559.7, 312.4)(559.7, 316.8)(523.8, 316.8);SD
Port:(510.7, 242.1)(558.1, 242.1)(558.1, 242.2)(572.8, 242.2)(572.8, 310.3)(510.7, 310.3);GATE
Port:(515.8, 246.2)(553.0, 246.2)(553.0, 253.6)(515.8, 253.6);SD
Module:M5
Boundary:(362.4, 20.0)(362.4, 80.5)(274.8, 80.5)(274.8, 20.0);GATE
Port:(274.8, 32.8)(279.7, 32.8)(279.7, 67.7)(274.8, 67.7);SD
Port:(362.4, 20.0)(362.4, 80.5)(282.5, 80.5)(282.5, 20.0);GATE
Port:(352.2, 26.4)(357.0, 26.4)(357.0, 74.1)(352.2, 74.1);SD
Module:M11
Boundary:(151.4, 393.1)(242.6, 393.1)(242.6, 393.1)(257.0, 393.1)(257.0, 544.9)(151.4, 544.9);GATE
Port:(164.4, 540.9)(244.0, 540.9)(244.0, 544.9)(164.4, 544.9);SD
Port:(151.4, 393.1)(242.6, 393.1)(242.6, 393.1)(257.0, 393.1)(257.0, 539.2)(151.4, 539.2);GATE
Port:(157.5, 398.2)(236.5, 398.2)(236.5, 404.6)(157.5, 404.6);SD
Module:M1
Boundary:(774.6, 348.9)(873.8, 348.9)(873.8, 492.3)(774.6, 492.3);GATE
Port:(788.4, 487.5)(860.0, 487.5)(860.0, 492.3)(788.4, 492.3);SD
Port:(774.6, 348.9)(873.8, 348.9)(873.8, 484.9)(774.6, 484.9);GATE
Port:(780.1, 353.4)(868.3, 353.4)(868.3, 359.8)(780.1, 359.8);SD
Module:M24
Boundary:(274.8, 120.5)(343.1, 120.5)(343.1, 178.8)(358.8, 178.8)(358.8, 242.0)(274.8, 242.0);GATE
Port:(288.6, 237.7)(345.0, 237.7)(345.0, 242.0)(288.6, 242.0);SD
Port:(274.8, 120.5)(343.1, 120.5)(343.1, 178.8)(358.8, 178.8)(358.8, 236.0)(274.8, 236.0);GATE
Port:(280.0, 124.7)(336.9, 124.7)(336.9, 131.3)(280.0, 131.3);SD
Module:M19
Boundary:(777.1, 163.1)(869.9, 163.1)(869.9, 308.9)(777.1, 308.9);GATE
Port:(791.7, 303.3)(855.3, 303.3)(855.3, 308.9)(791.7, 308.9);SD
Port:(777.1, 163.1)(869.9, 163.1)(869.9, 301.5)(777.1, 301.5);GATE
Port:(783.6, 168.6)(863.4, 168.6)(863.4, 174.5)(783.6, 174.5);SD
Module:M6
Boundary:(647.9, 283.5)(717.6, 283.5)(717.6, 375.9)(734.6, 375.9)(734.6, 490.6)(647.9, 490.6);GATE
Port:(660.6, 486.4)(721.9, 486.4)(721.9, 490.6)(660.6, 490.6);SD
Port:(647.9, 283.5)(717.6, 283.5)(717.6, 375.9)(734.6, 375.9)(734.6, 484.1)(647.9, 484.1);GATE
Port:(653.3, 287.9)(711.2, 287.9)(711.2, 292.7)(653.3, 292.7);SD
Module:M21
Boundary:(102.5, 572.4)(102.5, 653.1)(102.2, 653.1)(102.2, 669.0)(20.0, 669.0)(20.0, 572.4);GATE
Port:(20.0, 585.7)(25.9, 585.7)(25.9, 655.7)(20.0, 655.7);SD
Port:(102.5, 572.4)(102.5, 653.1)(102.2, 653.1)(102.2, 669.0)(27.9, 669.0)(27.9, 572.4);GATE
Port:(91.7, 577.7)(98.2, 577.7)(98.2, 647.8)(91.7, 647.8);SD
Module:M2
Boundary:(769.2, 532.3)(851.5, 532.3)(851.5, 542.1)(863.3, 542.1)(863.3, 658.0)(769.2, 658.0);GATE
Port:(781.1, 653.8)(851.4, 653.8)(851.4, 658.0)(781.1, 658.0);SD
Port:(769.2, 532.3)(851.5, 532.3)(851.5, 542.1)(863.3, 542.1)(863.3, 650.9)(769.2, 650.9);GATE
Port:(774.6, 536.7)(845.1, 536.7)(845.1, 542.5)(774.6, 542.5);SD
Module:M16
Boundary:(20.0, 20.0)(112.9, 20.0)(112.9, 66.6)(125.3, 66.6)(125.3, 200.4)(20.0, 200.4);GATE
Port:(33.4, 195.8)(111.9, 195.8)(111.9, 200.4)(33.4, 200.4);SD
Port:(20.0, 20.0)(112.9, 20.0)(112.9, 66.6)(125.3, 66.6)(125.3, 193.0)(20.0, 193.0);GATE
Port:(26.0, 25.0)(104.9, 25.0)(104.9, 31.6)(26.0, 31.6);SD
Module:M13
Boundary:(20.0, 393.1)(93.6, 393.1)(93.6, 393.3)(111.4, 393.3)(111.4, 532.4)(20.0, 532.4);GATE
Port:(35.2, 527.6)(96.2, 527.6)(96.2, 532.4)(35.2, 532.4);SD
Port:(20.0, 393.1)(93.6, 393.1)(93.6, 393.3)(111.4, 393.3)(111.4, 526.6)(20.0, 526.6);GATE
Port:(26.7, 398.8)(86.9, 398.8)(86.9, 405.2)(26.7, 405.2);SD
Module:M10
Boundary:(642.8, 530.6)(713.3, 530.6)(713.3, 552.4)(729.2, 552.4)(729.2, 664.6)(642.8, 664.6);GATE
Port:(657.2, 660.0)(714.8, 660.0)(714.8, 664.6)(657.2, 664.6);SD
Port:(642.8, 530.6)(713.3, 530.6)(713.3, 552.4)(729.2, 552.4)(729.2, 657.5)(642.8, 657.5);GATE
Port:(648.0, 534.8)(707.1, 534.8)(707.1, 542.4)(648.0, 542.4);SD
Module:M7
Boundary:(440.0, 390.6)(440.0, 481.6)(439.9, 481.6)(439.9, 499.7)(297.0, 499.7)(297.0, 390.6);GATE
Port:(297.0, 405.3)(302.5, 405.3)(302.5, 485.0)(297.0, 485.0);SD
Port:(440.0, 390.6)(440.0, 481.6)(439.9, 481.6)(439.9, 499.7)(303.8, 499.7)(303.8, 390.6);GATE
Port:(428.4, 396.1)(435.5, 396.1)(435.5, 476.1)(428.4, 476.1);SD
Module:M3
Boundary:(339.5, 539.7)(434.7, 539.7)(434.7, 540.0)(449.9, 540.0)(449.9, 671.3)(339.5, 671.3);GATE
Port:(353.2, 666.1)(436.2, 666.1)(436.2, 671.3)(353.2, 671.3);SD
Port:(339.5, 539.7)(434.7, 539.7)(434.7, 540.0)(449.9, 540.0)(449.9, 663.7)(339.5, 663.7);GATE
Port:(345.9, 545.1)(428.3, 545.1)(428.3, 550.9)(345.9, 550.9);SD
Module:M23
Boundary:(510.7, 20.0)(590.5, 20.0)(590.5, 202.1)(510.7, 202.1);GATE
Port:(523.6, 196.7)(577.6, 196.7)(577.6, 202.1)(523.6, 202.1);SD
Port:(510.7, 20.0)(590.5, 20.0)(590.5, 194.7)(510.7, 194.7);GATE
Port:(517.3, 25.6)(583.9, 25.6)(583.9, 30.0)(517.3, 30.0);SD
Module:M18
Boundary:(489.9, 460.1)(585.2, 460.1)(585.2, 565.9)(602.8, 565.9)(602.8, 664.9)(489.9, 664.9);GATE
Port:(505.5, 659.4)(587.2, 659.4)(587.2, 664.9)(505.5, 664.9);SD
Port:(489.9, 460.1)(585.2, 460.1)(585.2, 565.9)(602.8, 565.9)(602.8, 656.4)(489.9, 656.4);GATE
Port:(495.5, 464.7)(578.6, 464.7)(578.6, 472.4)(495.5, 472.4);SD
Module:M20
Boundary:(299.5, 584.9)(299.5, 636.4)(245.8, 636.4)(245.8, 652.9)(142.5, 652.9)(142.5, 584.9);GATE
Port:(142.5, 597.5)(147.3, 597.5)(147.3, 640.3)(142.5, 640.3);SD
Port:(299.5, 584.9)(299.5, 636.4)(245.8, 636.4)(245.8, 652.9)(148.4, 652.9)(148.4, 584.9);GATE
Port:(290.1, 590.0)(295.4, 590.0)(295.4, 630.3)(290.1, 630.3);SD
Module:M15
Boundary:(872.8, 20.0)(872.8, 106.3)(872.4, 106.3)(872.4, 123.1)(777.1, 123.1)(777.1, 20.0);GATE
Port:(777.1, 34.0)(782.1, 34.0)(782.1, 109.1)(777.1, 109.1);SD
Port:(872.8, 20.0)(872.8, 106.3)(872.4, 106.3)(872.4, 123.1)(784.9, 123.1)(784.9, 20.0);GATE
Port:(860.8, 25.2)(868.6, 25.2)(868.6, 101.1)(860.8, 101.1);SD
Module:M12
Boundary:(607.9, 356.8)(607.9, 405.6)(560.9, 405.6)(560.9, 420.1)(489.9, 420.1)(489.9, 356.8);GATE
Port:(489.9, 369.4)(493.9, 369.4)(493.9, 407.5)(489.9, 407.5);SD
Port:(607.9, 356.8)(607.9, 405.6)(560.9, 405.6)(560.9, 420.1)(495.4, 420.1)(495.4, 356.8);GATE
Port:(597.7, 362.7)(603.0, 362.7)(603.0, 398.7)(597.7, 398.7);SD
Module:M8
Boundary:(165.3, 20.0)(219.0, 20.0)(219.0, 112.8)(234.8, 112.8)(234.8, 197.8)(165.3, 197.8);GATE
Port:(180.0, 192.8)(220.1, 192.8)(220.1, 197.8)(180.0, 197.8);SD
Port:(165.3, 20.0)(219.0, 20.0)(219.0, 112.8)(234.8, 112.8)(234.8, 191.4)(165.3, 191.4);GATE
Port:(172.0, 25.7)(211.3, 25.7)(211.3, 31.5)(172.0, 31.5);SD
Module:M4
Boundary:(630.5, 164.1)(713.1, 164.1)(713.1, 180.1)(727.4, 180.1)(727.4, 243.5)(630.5, 243.5);GATE
Port:(645.0, 238.0)(712.9, 238.0)(712.9, 243.5)(645.0, 243.5);SD
Port:(630.5, 164.1)(713.1, 164.1)(713.1, 180.1)(727.4, 180.1)(727.4, 236.1)(630.5, 236.1);GATE
Port:(637.3, 169.9)(705.3, 169.9)(705.3, 176.7)(637.3, 176.7);SD
Module:M25
Boundary:(449.8, 282.0)(449.8, 350.6)(241.3, 350.6)(241.3, 282.0);GATE
Port:(241.3, 297.0)(247.2, 297.0)(247.2, 335.6)(241.3, 335.6);SD
Port:(449.8, 282.0)(449.8, 350.6)(249.2, 350.6)(249.2, 282.0);GATE
Port:(438.1, 288.7)(444.1, 288.7)(444.1, 343.9)(438.1, 343.9);SD
Module:M22
Boundary:(402.4, 20.0)(470.7, 20.0)(470.7, 238.0)(402.4, 238.0);GATE
Port:(417.9, 233.7)(455.2, 233.7)(455.2, 238.0)(417.9, 238.0);SD
Port:(402.4, 20.0)(470.7, 20.0)(470.7, 231.8)(402.4, 231.8);GATE
Port:(409.1, 25.7)(464.0, 25.7)(464.0, 33.5)(409.1, 33.5);SD
Module:M17
Boundary:(201.3, 240.4)(201.3, 337.2)(201.1, 337.2)(201.1, 353.1)(20.0, 353.1)(20.0, 240.4);GATE
Port:(20.0, 253.4)(25.8, 253.4)(25.8, 340.1)(20.0, 340.1);SD
Port:(201.3, 240.4)(201.3, 337.2)(201.1, 337.2)(201.1, 353.1)(26.9, 353.1)(26.9, 240.4);GATE
Port:(191.0, 245.5)(197.2, 245.5)(197.2, 332.1)(191.0, 332.1);SD
