Area:(-9.3, -2.2)(651.0, -2.2)(651.0, 443.9)(-9.3, 443.9)
Rule:GATE(5,5);SD(5,5);GATE_SD(0.5);GATE_ITO(0.5);SD_ITO(0.5)
Module:M4
Boundary:(392.1, 45.4)(298.6, 45.4)(298.6, 56.4)(283.1, 56.4)(283.1, 112.4)(392.1, 112.4);GATE
Port:(297.6, 102.4)(377.6, 102.4)(377.6, 112.4)(297.6, 112.4);SD
Port:(392.1, 45.4)(298.6, 45.4)(298.6, 56.4)(283.1, 56.4)(283.1, 97.4)(392.1, 97.4);GATE
Port:(313.1, 50.4)(382.1, 50.4)(382.1, 54.4)(313.1, 54.4);SD
Module:M9
Boundary:(596.3, 159.6)(484.8, 159.6)(484.8, 116.6)(415.3, 116.6)(415.3, 52.6)(596.3, 52.6);GATE
Port:(429.8, 52.6)(581.8, 52.6)(581.8, 62.6)(429.8, 62.6);SD
Port:(596.3, 159.6)(484.8, 159.6)(484.8, 116.6)(415.3, 116.6)(415.3, 67.6)(596.3, 67.6);GATE
Port:(499.3, 150.6)(586.3, 150.6)(586.3, 154.6)(499.3, 154.6);SD
Module:M8
Boundary:(156.7, 164.8)(156.7, 53.3)(144.7, 53.3)(144.7, 37.8)(30.7, 37.8)(30.7, 164.8);GATE
Port:(30.7, 52.3)(40.7, 52.3)(40.7, 150.3)(30.7, 150.3);SD
Port:(156.7, 164.8)(156.7, 53.3)(144.7, 53.3)(144.7, 37.8)(45.7, 37.8)(45.7, 164.8);GATE
Port:(147.7, 67.8)(151.7, 67.8)(151.7, 154.8)(147.7, 154.8);SD
Module:M1
Boundary:(186.0, 82.3)(186.0, 157.8)(224.8, 157.8)(224.8, 245.3)(277.0, 245.3)(277.0, 82.3);GATE
Port:(267.0, 96.8)(277.0, 96.8)(277.0, 230.8)(267.0, 230.8);SD
Port:(186.0, 82.3)(186.0, 157.8)(224.8, 157.8)(224.8, 245.3)(262.0, 245.3)(262.0, 82.3);GATE
Port:(191.0, 92.3)(195.0, 92.3)(195.0, 143.3)(191.0, 143.3);SD
Module:M7
Boundary:(392.9, 124.2)(316.9, 124.2)(316.9, 132.2)(301.9, 132.2)(301.9, 217.2)(392.9, 217.2);GATE
Port:(316.4, 207.2)(378.4, 207.2)(378.4, 217.2)(316.4, 217.2);SD
Port:(392.9, 124.2)(316.9, 124.2)(316.9, 132.2)(301.9, 132.2)(301.9, 202.2)(392.9, 202.2);GATE
Port:(331.9, 129.2)(382.9, 129.2)(382.9, 133.2)(331.9, 133.2);SD
Module:M10
Boundary:(579.1, 265.7)(579.1, 192.7)(403.1, 192.7)(403.1, 265.7);GATE
Port:(403.1, 207.2)(413.1, 207.2)(413.1, 251.2)(403.1, 251.2);SD
Port:(579.1, 265.7)(579.1, 192.7)(418.1, 192.7)(418.1, 265.7);GATE
Port:(570.1, 202.7)(574.1, 202.7)(574.1, 255.7)(570.1, 255.7);SD
Module:M5
Boundary:(50.8, 273.3)(123.8, 273.3)(123.8, 208.3)(50.8, 208.3);GATE
Port:(65.3, 208.3)(109.3, 208.3)(109.3, 218.3)(65.3, 218.3);SD
Port:(50.8, 273.3)(123.8, 273.3)(123.8, 223.3)(50.8, 223.3);GATE
Port:(60.8, 264.3)(113.8, 264.3)(113.8, 268.3)(60.8, 268.3);SD
Module:M3
Boundary:(413.7, 403.9)(413.7, 274.4)(399.7, 274.4)(399.7, 258.9)(256.7, 258.9)(256.7, 403.9);GATE
Port:(256.7, 273.4)(266.7, 273.4)(266.7, 389.4)(256.7, 389.4);SD
Port:(413.7, 403.9)(413.7, 274.4)(399.7, 274.4)(399.7, 258.9)(271.7, 258.9)(271.7, 403.9);GATE
Port:(404.7, 288.9)(408.7, 288.9)(408.7, 393.9)(404.7, 393.9);SD
Module:M2
Boundary:(39.5, 293.3)(151.0, 293.3)(151.0, 330.0)(220.5, 330.0)(220.5, 389.3)(39.5, 389.3);GATE
Port:(54.0, 379.3)(206.0, 379.3)(206.0, 389.3)(54.0, 389.3);SD
Port:(39.5, 293.3)(151.0, 293.3)(151.0, 330.0)(220.5, 330.0)(220.5, 374.3)(39.5, 374.3);GATE
Port:(49.5, 298.3)(136.5, 298.3)(136.5, 302.3)(49.5, 302.3);SD
Module:M6
Boundary:(611.0, 387.5)(611.0, 294.0)(601.0, 294.0)(601.0, 278.5)(421.0, 278.5)(421.0, 387.5);GATE
Port:(421.0, 293.0)(431.0, 293.0)(431.0, 373.0)(421.0, 373.0);SD
Port:(611.0, 387.5)(611.0, 294.0)(601.0, 294.0)(601.0, 278.5)(436.0, 278.5)(436.0, 387.5);GATE
Port:(602.0, 308.5)(606.0, 308.5)(606.0, 377.5)(602.0, 377.5);SD
