Area:(-20.0, -20.0)(361.4, -20.0)(361.4, 401.9)(-20.0, 401.9)
Rule:GATE(5,5);SD(5,5);GATE_SD(0.5);GATE_ITO(0.5);SD_ITO(0.5)
Module:M5
Boundary:(166.6, 20.0)(166.6, 98.1)(166.5, 98.1)(166.5, 113.4)(20.0, 113.4)(20.0, 20.0);GATE
Port:(20.0, 32.9)(25.2, 32.9)(25.2, 100.5)(20.0, 100.5);SD
Port:(166.6, 20.0)(166.6, 98.1)(166.5, 98.1)(166.5, 113.4)(27.6, 113.4)(27.6, 20.0);GATE
Port:(155.9, 25.4)(162.2, 25.4)(162.2, 92.7)(155.9, 92.7);SD
Module:M1
Boundary:(20.0, 153.4)(55.8, 153.4)(55.8, 153.5)(74.1, 153.5)(74.1, 361.9)(20.0, 361.9);GATE
Port:(34.1, 356.7)(60.0, 356.7)(60.0, 361.9)(34.1, 361.9);SD
Port:(20.0, 153.4)(55.8, 153.4)(55.8, 153.5)(74.1, 153.5)(74.1, 354.7)(20.0, 354.7);GATE
Port:(26.1, 158.5)(49.7, 158.5)(49.7, 164.2)(26.1, 164.2);SD
Module:M2
Boundary:(206.6, 20.0)(306.4, 20.0)(306.4, 36.0)(321.4, 36.0)(321.4, 204.6)(206.6, 204.6);GATE
Port:(221.0, 199.8)(307.0, 199.8)(307.0, 204.6)(221.0, 204.6);SD
Port:(206.6, 20.0)(306.4, 20.0)(306.4, 36.0)(321.4, 36.0)(321.4, 198.5)(206.6, 198.5);GATE
Port:(213.4, 25.8)(298.6, 25.8)(298.6, 31.2)(213.4, 31.2);SD
Module:M3
Boundary:(315.0, 244.6)(315.0, 343.4)(243.2, 343.4)(243.2, 244.6);GATE
Port:(243.2, 257.6)(249.1, 257.6)(249.1, 330.4)(243.2, 330.4);SD
Port:(315.0, 244.6)(315.0, 343.4)(251.7, 343.4)(251.7, 244.6);GATE
Port:(304.6, 251.0)(309.6, 251.0)(309.6, 337.0)(304.6, 337.0);SD
Module:M4
Boundary:(114.1, 244.6)(185.9, 244.6)(185.9, 244.8)(203.2, 244.8)(203.2, 339.5)(114.1, 339.5);GATE
Port:(129.1, 335.3)(188.2, 335.3)(188.2, 339.5)(129.1, 339.5);SD
Port:(114.1, 244.6)(185.9, 244.6)(185.9, 244.8)(203.2, 244.8)(203.2, 333.6)(114.1, 333.6);GATE
Port:(120.1, 249.6)(179.9, 249.6)(179.9, 256.6)(120.1, 256.6);SD
