Area:(-18.9, -20.0)(338.8, -20.0)(338.8, 384.4)(-18.9, 384.4)
Rule:GATE(5,5);SD(5,5);GATE_SD(0.5);GATE_ITO(0.5);SD_ITO(0.5)
Module:M5
Boundary:(21.1, 125.5)(21.1, 47.4)(21.3, 47.4)(21.3, 32.1)(167.7, 32.1)(167.7, 125.5);GATE
Port:(162.5, 45.0)(167.7, 45.0)(167.7, 112.6)(162.5, 112.6);SD
Port:(21.1, 125.5)(21.1, 47.4)(21.3, 47.4)(21.3, 32.1)(160.1, 32.1)(160.1, 125.5);GATE
Port:(25.5, 52.8)(31.8, 52.8)(31.8, 120.1)(25.5, 120.1);SD
Module:M2
Boundary:(184.0, 20.0)(283.8, 20.0)(283.8, 36.0)(298.8, 36.0)(298.8, 204.6)(184.0, 204.6);GATE
Port:(198.4, 199.8)(284.4, 199.8)(284.4, 204.6)(198.4, 204.6);SD
Port:(184.0, 20.0)(283.8, 20.0)(283.8, 36.0)(298.8, 36.0)(298.8, 198.5)(184.0, 198.5);GATE
Port:(190.8, 25.8)(276.0, 25.8)(276.0, 31.2)(190.8, 31.2);SD
Module:M4
Boundary:(121.7, 224.0)(193.5, 224.0)(193.5, 224.2)(210.8, 224.2)(210.8, 318.9)(121.7, 318.9);GATE
Port:(136.7, 314.7)(195.8, 314.7)(195.8, 318.9)(136.7, 318.9);SD
Port:(121.7, 224.0)(193.5, 224.0)(193.5, 224.2)(210.8, 224.2)(210.8, 313.0)(121.7, 313.0);GATE
Port:(127.7, 229.0)(187.5, 229.0)(187.5, 236.0)(127.7, 236.0);SD
Module:M3
Boundary:(225.4, 222.5)(225.4, 321.3)(297.2, 321.3)(297.2, 222.5);GATE
Port:(291.3, 235.5)(297.2, 235.5)(297.2, 308.3)(291.3, 308.3);SD
Port:(225.4, 222.5)(225.4, 321.3)(288.7, 321.3)(288.7, 222.5);GATE
Port:(230.8, 228.9)(235.8, 228.9)(235.8, 314.9)(230.8, 314.9);SD
Module:M1
Boundary:(58.7, 344.4)(94.5, 344.4)(94.5, 344.3)(112.8, 344.3)(112.8, 135.9)(58.7, 135.9);GATE
Port:(72.8, 135.9)(98.7, 135.9)(98.7, 141.1)(72.8, 141.1);SD
Port:(58.7, 344.4)(94.5, 344.4)(94.5, 344.3)(112.8, 344.3)(112.8, 143.1)(58.7, 143.1);GATE
Port:(64.8, 333.6)(88.4, 333.6)(88.4, 339.3)(64.8, 339.3);SD
