Area:(-20.0, -20.0)(548.1, -20.0)(548.1, 813.1)(-20.0, 813.1)
Rule:GATE(5,5);SD(5,5);GATE_SD(0.5);GATE_ITO(0.5);SD_ITO(0.5)
Module:M14
Boundary:(273.1, 30.0)(366.2, 30.0)(366.2, 60.5)(380.0, 60.5)(380.0, 159.5)(273.1, 159.5);GATE
Port:(286.3, 153.6)(366.8, 153.6)(366.8, 159.5)(286.3, 159.5);SD
Port:(273.1, 30.0)(366.2, 30.0)(366.2, 60.5)(380.0, 60.5)(380.0, 151.2)(273.1, 151.2);GATE
Port:(279.1, 35.0)(359.2, 35.0)(359.2, 41.3)(279.1, 41.3);SD
Module:M9
Boundary:(370.2, 522.7)(370.2, 636.9)(201.8, 636.9)(201.8, 522.7);GATE
Port:(201.8, 536.6)(206.7, 536.6)(206.7, 623.0)(201.8, 623.0);SD
Port:(370.2, 522.7)(370.2, 636.9)(208.7, 636.9)(208.7, 522.7);GATE
Port:(358.0, 528.6)(365.3, 528.6)(365.3, 631.0)(358.0, 631.0);SD
Module:M5
Boundary:(199.8, 182.2)(199.8, 217.3)(199.6, 217.3)(199.6, 235.8)(20.0, 235.8)(20.0, 182.2);GATE
Port:(20.0, 196.1)(24.4, 196.1)(24.4, 221.9)(20.0, 221.9);SD
Port:(199.8, 182.2)(199.8, 217.3)(199.6, 217.3)(199.6, 235.8)(27.0, 235.8)(27.0, 182.2);GATE
Port:(189.1, 188.0)(195.0, 188.0)(195.0, 211.5)(189.1, 211.5);SD
Module:M11
Boundary:(223.1, 20.0)(223.1, 142.2)(20.0, 142.2)(20.0, 20.0);GATE
Port:(20.0, 34.8)(24.4, 34.8)(24.4, 127.4)(20.0, 127.4);SD
Port:(223.1, 20.0)(223.1, 142.2)(26.9, 142.2)(26.9, 20.0);GATE
Port:(211.4, 26.4)(217.7, 26.4)(217.7, 135.8)(211.4, 135.8);SD
Module:M1
Boundary:(151.8, 573.9)(151.8, 617.2)(151.6, 617.2)(151.6, 630.4)(30.0, 630.4)(30.0, 573.9);GATE
Port:(30.0, 585.9)(34.4, 585.9)(34.4, 618.4)(30.0, 618.4);SD
Port:(151.8, 573.9)(151.8, 617.2)(151.6, 617.2)(151.6, 630.4)(36.5, 630.4)(36.5, 573.9);GATE
Port:(141.8, 580.7)(146.0, 580.7)(146.0, 610.4)(141.8, 610.4);SD
Module:M6
Boundary:(235.2, 680.4)(235.2, 761.6)(158.8, 761.6)(158.8, 773.1)(20.0, 773.1)(20.0, 680.4);GATE
Port:(20.0, 692.5)(25.4, 692.5)(25.4, 761.0)(20.0, 761.0);SD
Port:(235.2, 680.4)(235.2, 761.6)(158.8, 761.6)(158.8, 773.1)(28.1, 773.1)(28.1, 680.4);GATE
Port:(224.7, 687.4)(229.2, 687.4)(229.2, 753.6)(224.7, 753.6);SD
Module:M2
Boundary:(430.0, 20.0)(478.1, 20.0)(478.1, 61.5)(491.2, 61.5)(491.2, 127.8)(430.0, 127.8);GATE
Port:(443.2, 122.6)(478.0, 122.6)(478.0, 127.8)(443.2, 127.8);SD
Port:(430.0, 20.0)(478.1, 20.0)(478.1, 61.5)(491.2, 61.5)(491.2, 121.5)(430.0, 121.5);GATE
Port:(435.2, 24.2)(471.9, 24.2)(471.9, 31.7)(435.2, 31.7);SD
Module:M16
Boundary:(430.0, 167.8)(483.6, 167.8)(483.6, 216.6)(499.3, 216.6)(499.3, 274.5)(430.0, 274.5);GATE
Port:(444.1, 269.9)(485.2, 269.9)(485.2, 274.5)(444.1, 274.5);SD
Port:(430.0, 167.8)(483.6, 167.8)(483.6, 216.6)(499.3, 216.6)(499.3, 268.4)(430.0, 268.4);GATE
Port:(435.6, 172.4)(477.0, 172.4)(477.0, 179.8)(435.6, 179.8);SD
Module:M13
Boundary:(199.5, 275.8)(245.5, 275.8)(245.5, 373.6)(199.5, 373.6);GATE
Port:(211.8, 369.0)(233.2, 369.0)(233.2, 373.6)(211.8, 373.6);SD
Port:(199.5, 275.8)(245.5, 275.8)(245.5, 367.9)(199.5, 367.9);GATE
Port:(205.1, 280.4)(239.9, 280.4)(239.9, 285.9)(205.1, 285.9);SD
Module:M10
Boundary:(350.0, 427.2)(350.0, 471.3)(291.1, 471.3)(291.1, 482.7)(180.5, 482.7)(180.5, 427.2);GATE
Port:(180.5, 438.0)(185.6, 438.0)(185.6, 471.9)(180.5, 471.9);SD
Port:(350.0, 427.2)(350.0, 471.3)(291.1, 471.3)(291.1, 482.7)(188.1, 482.7)(188.1, 427.2);GATE
Port:(340.8, 432.4)(345.8, 432.4)(345.8, 464.1)(340.8, 464.1);SD
Module:M7
Boundary:(422.3, 314.5)(508.1, 314.5)(508.1, 456.0)(422.3, 456.0);GATE
Port:(436.9, 450.9)(493.5, 450.9)(493.5, 456.0)(436.9, 456.0);SD
Port:(422.3, 314.5)(508.1, 314.5)(508.1, 449.7)(422.3, 449.7);GATE
Port:(427.8, 319.0)(502.6, 319.0)(502.6, 326.0)(427.8, 326.0);SD
Module:M3
Boundary:(285.5, 209.5)(382.3, 209.5)(382.3, 387.2)(285.5, 387.2);GATE
Port:(299.0, 381.7)(368.8, 381.7)(368.8, 387.2)(299.0, 387.2);SD
Port:(285.5, 209.5)(382.3, 209.5)(382.3, 380.0)(285.5, 380.0);GATE
Port:(292.2, 215.2)(375.6, 215.2)(375.6, 219.9)(292.2, 219.9);SD
Module:M15
Boundary:(488.8, 676.9)(488.8, 757.1)(488.6, 757.1)(488.6, 772.2)(275.2, 772.2)(275.2, 676.9);GATE
Port:(275.2, 691.1)(280.1, 691.1)(280.1, 758.0)(275.2, 758.0);SD
Port:(488.8, 676.9)(488.8, 757.1)(488.6, 757.1)(488.6, 772.2)(281.8, 772.2)(281.8, 676.9);GATE
Port:(476.9, 683.3)(483.4, 683.3)(483.4, 750.7)(476.9, 750.7);SD
Module:M12
Boundary:(159.5, 275.8)(159.5, 360.3)(115.1, 360.3)(115.1, 374.9)(20.0, 374.9)(20.0, 275.8);GATE
Port:(20.0, 290.7)(25.6, 290.7)(25.6, 360.0)(20.0, 360.0);SD
Port:(159.5, 275.8)(159.5, 360.3)(115.1, 360.3)(115.1, 374.9)(28.1, 374.9)(28.1, 275.8);GATE
Port:(146.5, 282.1)(154.2, 282.1)(154.2, 353.0)(146.5, 353.0);SD
Module:M8
Boundary:(20.0, 414.9)(124.5, 414.9)(124.5, 465.2)(140.5, 465.2)(140.5, 523.9)(20.0, 523.9);GATE
Port:(34.0, 518.7)(126.5, 518.7)(126.5, 523.9)(34.0, 523.9);SD
Port:(20.0, 414.9)(124.5, 414.9)(124.5, 465.2)(140.5, 465.2)(140.5, 516.1)(20.0, 516.1);GATE
Port:(26.4, 420.3)(117.1, 420.3)(117.1, 426.5)(26.4, 426.5);SD
Module:M4
Boundary:(410.2, 496.0)(487.4, 496.0)(487.4, 536.2)(500.9, 536.2)(500.9, 620.8)(410.2, 620.8);GATE
Port:(423.0, 616.8)(488.1, 616.8)(488.1, 620.8)(423.0, 620.8);SD
Port:(410.2, 496.0)(487.4, 496.0)(487.4, 536.2)(500.9, 536.2)(500.9, 614.8)(410.2, 614.8);GATE
Port:(416.8, 501.6)(479.8, 501.6)(479.8, 506.7)(416.8, 506.7);SD
