Area:(-20.0, -20.0)(648.0, -20.0)(648.0, 1239.0)(-20.0, 1239.0)
Rule:GATE(5,5);SD(5,5);GATE_SD(0.5);GATE_ITO(0.5);SD_ITO(0.5)
Module:M14
Boundary:(20.0, 20.0)(113.5, 20.0)(113.5, 30.0)(129.0, 30.0)(129.0, 84.0)(20.0, 84.0);GATE
Port:(34.5, 74.0)(114.5, 74.0)(114.5, 84.0)(34.5, 84.0);SD
Port:(20.0, 20.0)(113.5, 20.0)(113.5, 30.0)(129.0, 30.0)(129.0, 69.0)(20.0, 69.0);GATE
Port:(30.0, 25.0)(99.0, 25.0)(99.0, 29.0)(30.0, 29.0);SD
Module:M9
Boundary:(524.0, 254.0)(597.0, 254.0)(597.0, 420.0)(524.0, 420.0);GATE
Port:(538.5, 410.0)(582.5, 410.0)(582.5, 420.0)(538.5, 420.0);SD
Port:(524.0, 254.0)(597.0, 254.0)(597.0, 405.0)(524.0, 405.0);GATE
Port:(534.0, 259.0)(587.0, 259.0)(587.0, 263.0)(534.0, 263.0);SD
Module:M5
Boundary:(353.0, 169.0)(353.0, 245.0)(345.0, 245.0)(345.0, 260.0)(169.0, 260.0)(169.0, 169.0);GATE
Port:(169.0, 183.5)(179.0, 183.5)(179.0, 245.5)(169.0, 245.5);SD
Port:(353.0, 169.0)(353.0, 245.0)(345.0, 245.0)(345.0, 260.0)(184.0, 260.0)(184.0, 169.0);GATE
Port:(344.0, 179.0)(348.0, 179.0)(348.0, 230.0)(344.0, 230.0);SD
Module:M11
Boundary:(248.0, 886.0)(395.5, 886.0)(395.5, 902.0)(411.0, 902.0)(411.0, 1068.0)(248.0, 1068.0);GATE
Port:(262.5, 1058.0)(396.5, 1058.0)(396.5, 1068.0)(262.5, 1068.0);SD
Port:(248.0, 886.0)(395.5, 886.0)(395.5, 902.0)(411.0, 902.0)(411.0, 1053.0)(248.0, 1053.0);GATE
Port:(258.0, 891.0)(381.0, 891.0)(381.0, 895.0)(258.0, 895.0);SD
Module:M1
Boundary:(416.0, 1108.0)(416.0, 1184.0)(408.0, 1184.0)(408.0, 1199.0)(242.0, 1199.0)(242.0, 1108.0);GATE
Port:(242.0, 1122.5)(252.0, 1122.5)(252.0, 1184.5)(242.0, 1184.5);SD
Port:(416.0, 1108.0)(416.0, 1184.0)(408.0, 1184.0)(408.0, 1199.0)(257.0, 1199.0)(257.0, 1108.0);GATE
Port:(407.0, 1118.0)(411.0, 1118.0)(411.0, 1169.0)(407.0, 1169.0);SD
Module:M24
Boundary:(140.0, 516.0)(140.0, 589.0)(20.0, 589.0)(20.0, 516.0);GATE
Port:(20.0, 530.5)(30.0, 530.5)(30.0, 574.5)(20.0, 574.5);SD
Port:(140.0, 516.0)(140.0, 589.0)(35.0, 589.0)(35.0, 516.0);GATE
Port:(131.0, 526.0)(135.0, 526.0)(135.0, 579.0)(131.0, 579.0);SD
Module:M19
Boundary:(354.0, 340.0)(465.5, 340.0)(465.5, 353.0)(481.0, 353.0)(481.0, 418.0)(354.0, 418.0);GATE
Port:(368.5, 408.0)(466.5, 408.0)(466.5, 418.0)(368.5, 418.0);SD
Port:(354.0, 340.0)(465.5, 340.0)(465.5, 353.0)(481.0, 353.0)(481.0, 403.0)(354.0, 403.0);GATE
Port:(364.0, 345.0)(451.0, 345.0)(451.0, 349.0)(364.0, 349.0);SD
Module:M6
Boundary:(202.0, 1107.0)(202.0, 1183.0)(194.0, 1183.0)(194.0, 1198.0)(20.0, 1198.0)(20.0, 1107.0);GATE
Port:(20.0, 1121.5)(30.0, 1121.5)(30.0, 1183.5)(20.0, 1183.5);SD
Port:(202.0, 1107.0)(202.0, 1183.0)(194.0, 1183.0)(194.0, 1198.0)(35.0, 1198.0)(35.0, 1107.0);GATE
Port:(193.0, 1117.0)(197.0, 1117.0)(197.0, 1168.0)(193.0, 1168.0);SD
Module:M21
Boundary:(456.0, 1071.0)(567.5, 1071.0)(567.5, 1081.0)(601.0, 1081.0)(601.0, 1193.0)(456.0, 1193.0);GATE
Port:(470.5, 1183.0)(586.5, 1183.0)(586.5, 1193.0)(470.5, 1193.0);SD
Port:(456.0, 1071.0)(567.5, 1071.0)(567.5, 1081.0)(601.0, 1081.0)(601.0, 1178.0)(456.0, 1178.0);GATE
Port:(466.0, 1076.0)(553.0, 1076.0)(553.0, 1080.0)(466.0, 1080.0);SD
Module:M2
Boundary:(487.0, 20.0)(487.0, 113.5)(477.0, 113.5)(477.0, 129.0)(407.0, 129.0)(407.0, 20.0);GATE
Port:(407.0, 34.5)(417.0, 34.5)(417.0, 114.5)(407.0, 114.5);SD
Port:(487.0, 20.0)(487.0, 113.5)(477.0, 113.5)(477.0, 129.0)(422.0, 129.0)(422.0, 20.0);GATE
Port:(478.0, 30.0)(482.0, 30.0)(482.0, 99.0)(478.0, 99.0);SD
Module:M16
Boundary:(254.0, 424.0)(254.0, 553.5)(226.0, 553.5)(226.0, 587.0)(187.0, 587.0)(187.0, 424.0);GATE
Port:(187.0, 438.5)(197.0, 438.5)(197.0, 572.5)(187.0, 572.5);SD
Port:(254.0, 424.0)(254.0, 553.5)(226.0, 553.5)(226.0, 587.0)(202.0, 587.0)(202.0, 424.0);GATE
Port:(245.0, 434.0)(249.0, 434.0)(249.0, 539.0)(245.0, 539.0);SD
Module:M13
Boundary:(527.0, 20.0)(600.0, 20.0)(600.0, 214.0)(527.0, 214.0);GATE
Port:(541.5, 204.0)(585.5, 204.0)(585.5, 214.0)(541.5, 214.0);SD
Port:(527.0, 20.0)(600.0, 20.0)(600.0, 199.0)(527.0, 199.0);GATE
Port:(537.0, 25.0)(590.0, 25.0)(590.0, 29.0)(537.0, 29.0);SD
Module:M10
Boundary:(606.0, 663.0)(606.0, 738.5)(532.6, 738.5)(532.6, 862.0)(451.0, 862.0)(451.0, 663.0);GATE
Port:(451.0, 677.5)(461.0, 677.5)(461.0, 847.5)(451.0, 847.5);SD
Port:(606.0, 663.0)(606.0, 738.5)(532.6, 738.5)(532.6, 862.0)(466.0, 862.0)(466.0, 663.0);GATE
Port:(597.0, 673.0)(601.0, 673.0)(601.0, 724.0)(597.0, 724.0);SD
Module:M7
Boundary:(407.0, 458.0)(407.0, 531.0)(294.0, 531.0)(294.0, 458.0);GATE
Port:(294.0, 472.5)(304.0, 472.5)(304.0, 516.5)(294.0, 516.5);SD
Port:(407.0, 458.0)(407.0, 531.0)(309.0, 531.0)(309.0, 458.0);GATE
Port:(398.0, 468.0)(402.0, 468.0)(402.0, 521.0)(398.0, 521.0);SD
Module:M3
Boundary:(20.0, 327.0)(131.5, 327.0)(131.5, 339.0)(147.0, 339.0)(147.0, 476.0)(20.0, 476.0);GATE
Port:(34.5, 466.0)(132.5, 466.0)(132.5, 476.0)(34.5, 476.0);SD
Port:(20.0, 327.0)(131.5, 327.0)(131.5, 339.0)(147.0, 339.0)(147.0, 461.0)(20.0, 461.0);GATE
Port:(30.0, 332.0)(117.0, 332.0)(117.0, 336.0)(30.0, 336.0);SD
Module:M23
Boundary:(367.0, 20.0)(367.0, 113.5)(357.0, 113.5)(357.0, 129.0)(169.0, 129.0)(169.0, 20.0);GATE
Port:(169.0, 34.5)(179.0, 34.5)(179.0, 114.5)(169.0, 114.5);SD
Port:(367.0, 20.0)(367.0, 113.5)(357.0, 113.5)(357.0, 129.0)(184.0, 129.0)(184.0, 20.0);GATE
Port:(358.0, 30.0)(362.0, 30.0)(362.0, 99.0)(358.0, 99.0);SD
Module:M18
Boundary:(202.0, 886.0)(202.0, 1033.5)(117.8, 1033.5)(117.8, 1067.0)(20.0, 1067.0)(20.0, 886.0);GATE
Port:(20.0, 900.5)(30.0, 900.5)(30.0, 1052.5)(20.0, 1052.5);SD
Port:(202.0, 886.0)(202.0, 1033.5)(117.8, 1033.5)(117.8, 1067.0)(35.0, 1067.0)(35.0, 886.0);GATE
Port:(193.0, 896.0)(197.0, 896.0)(197.0, 1019.0)(193.0, 1019.0);SD
Module:M20
Boundary:(121.0, 124.0)(121.0, 199.5)(90.0, 199.5)(90.0, 287.0)(20.0, 287.0)(20.0, 124.0);GATE
Port:(20.0, 138.5)(30.0, 138.5)(30.0, 272.5)(20.0, 272.5);SD
Port:(121.0, 124.0)(121.0, 199.5)(90.0, 199.5)(90.0, 287.0)(35.0, 287.0)(35.0, 124.0);GATE
Port:(112.0, 134.0)(116.0, 134.0)(116.0, 185.0)(112.0, 185.0);SD
Module:M15
Boundary:(248.0, 679.0)(305.5, 679.0)(305.5, 749.4)(411.0, 749.4)(411.0, 846.0)(248.0, 846.0);GATE
Port:(262.5, 836.0)(396.5, 836.0)(396.5, 846.0)(262.5, 846.0);SD
Port:(248.0, 679.0)(305.5, 679.0)(305.5, 749.4)(411.0, 749.4)(411.0, 831.0)(248.0, 831.0);GATE
Port:(258.0, 684.0)(291.0, 684.0)(291.0, 688.0)(258.0, 688.0);SD
Module:M12
Boundary:(294.0, 571.0)(370.0, 571.0)(370.0, 579.0)(385.0, 579.0)(385.0, 639.0)(294.0, 639.0);GATE
Port:(308.5, 629.0)(370.5, 629.0)(370.5, 639.0)(308.5, 639.0);SD
Port:(294.0, 571.0)(370.0, 571.0)(370.0, 579.0)(385.0, 579.0)(385.0, 624.0)(294.0, 624.0);GATE
Port:(304.0, 576.0)(355.0, 576.0)(355.0, 580.0)(304.0, 580.0);SD
Module:M8
Boundary:(608.0, 460.0)(608.0, 589.5)(535.2, 589.5)(535.2, 623.0)(447.0, 623.0)(447.0, 460.0);GATE
Port:(447.0, 474.5)(457.0, 474.5)(457.0, 608.5)(447.0, 608.5);SD
Port:(608.0, 460.0)(608.0, 589.5)(535.2, 589.5)(535.2, 623.0)(462.0, 623.0)(462.0, 460.0);GATE
Port:(599.0, 470.0)(603.0, 470.0)(603.0, 575.0)(599.0, 575.0);SD
Module:M4
Boundary:(451.0, 902.0)(580.5, 902.0)(580.5, 916.0)(596.0, 916.0)(596.0, 1031.0)(451.0, 1031.0);GATE
Port:(465.5, 1021.0)(581.5, 1021.0)(581.5, 1031.0)(465.5, 1031.0);SD
Port:(451.0, 902.0)(580.5, 902.0)(580.5, 916.0)(596.0, 916.0)(596.0, 1016.0)(451.0, 1016.0);GATE
Port:(461.0, 907.0)(566.0, 907.0)(566.0, 911.0)(461.0, 911.0);SD
Module:M25
Boundary:(393.0, 169.0)(469.0, 169.0)(469.0, 177.0)(484.0, 177.0)(484.0, 300.0)(393.0, 300.0);GATE
Port:(407.5, 290.0)(469.5, 290.0)(469.5, 300.0)(407.5, 300.0);SD
Port:(393.0, 169.0)(469.0, 169.0)(469.0, 177.0)(484.0, 177.0)(484.0, 285.0)(393.0, 285.0);GATE
Port:(403.0, 174.0)(454.0, 174.0)(454.0, 178.0)(403.0, 178.0);SD
Module:M22
Boundary:(187.0, 300.0)(298.5, 300.0)(298.5, 312.0)(314.0, 312.0)(314.0, 384.0)(187.0, 384.0);GATE
Port:(201.5, 374.0)(299.5, 374.0)(299.5, 384.0)(201.5, 384.0);SD
Port:(187.0, 300.0)(298.5, 300.0)(298.5, 312.0)(314.0, 312.0)(314.0, 369.0)(187.0, 369.0);GATE
Port:(197.0, 305.0)(284.0, 305.0)(284.0, 309.0)(197.0, 309.0);SD
Module:M17
Boundary:(208.0, 629.0)(208.0, 722.5)(115.4, 722.5)(115.4, 846.0)(20.0, 846.0)(20.0, 629.0);GATE
Port:(20.0, 643.5)(30.0, 643.5)(30.0, 831.5)(20.0, 831.5);SD
Port:(208.0, 629.0)(208.0, 722.5)(115.4, 722.5)(115.4, 846.0)(35.0, 846.0)(35.0, 629.0);GATE
Port:(199.0, 639.0)(203.0, 639.0)(203.0, 708.0)(199.0, 708.0);SD
