Area:(8.9, -12.0)(607.2, -12.0)(607.2, 730.7)(8.9, 730.7)
Rule:GATE(5,5);SD(5,5);GATE_SD(0.5);GATE_ITO(0.5);SD_ITO(0.5)
Module:M2
Boundary:(438.8, 79.3)(438.8, 171.9)(424.1, 171.9)(424.1, 186.1)(338.4, 186.1)(338.4, 79.3);GATE
Port:(338.4, 91.3)(343.6, 91.3)(343.6, 174.1)(338.4, 174.1);SD
Port:(438.8, 79.3)(438.8, 171.9)(424.1, 171.9)(424.1, 186.1)(346.6, 186.1)(346.6, 79.3);GATE
Port:(428.9, 84.6)(434.5, 84.6)(434.5, 165.6)(428.9, 165.6);SD
Module:M9
Boundary:(192.7, 80.3)(192.7, 200.9)(73.8, 200.9)(73.8, 80.3);GATE
Port:(73.8, 94.1)(78.0, 94.1)(78.0, 187.1)(73.8, 187.1);SD
Port:(192.7, 80.3)(192.7, 200.9)(80.1, 200.9)(80.1, 80.3);GATE
Port:(181.6, 86.1)(187.9, 86.1)(187.9, 195.1)(181.6, 195.1);SD
Module:M1
Boundary:(309.9, 54.9)(210.4, 54.9)(210.4, 221.9)(309.9, 221.9);GATE
Port:(225.5, 216.8)(294.8, 216.8)(294.8, 221.9)(225.5, 221.9);SD
Port:(309.9, 54.9)(210.4, 54.9)(210.4, 215.5)(309.9, 215.5);GATE
Port:(216.9, 60.4)(303.4, 60.4)(303.4, 67.7)(216.9, 67.7);SD
Module:M7
Boundary:(541.4, 28.0)(463.6, 28.0)(463.6, 28.1)(449.3, 28.1)(449.3, 215.7)(541.4, 215.7);GATE
Port:(463.4, 211.0)(527.3, 211.0)(527.3, 215.7)(463.4, 215.7);SD
Port:(541.4, 28.0)(463.6, 28.0)(463.6, 28.1)(449.3, 28.1)(449.3, 209.6)(541.4, 209.6);GATE
Port:(469.9, 33.3)(535.1, 33.3)(535.1, 40.5)(469.9, 40.5);SD
Module:M13
Boundary:(323.9, 205.3)(397.3, 205.3)(397.3, 332.8)(323.9, 332.8);GATE
Port:(335.8, 327.9)(385.4, 327.9)(385.4, 332.8)(335.8, 332.8);SD
Port:(323.9, 205.3)(397.3, 205.3)(397.3, 326.7)(323.9, 326.7);GATE
Port:(330.2, 210.6)(391.0, 210.6)(391.0, 215.6)(330.2, 215.6);SD
Module:M14
Boundary:(160.0, 203.6)(101.8, 203.6)(101.8, 236.9)(84.1, 236.9)(84.1, 310.0)(160.0, 310.0);GATE
Port:(99.4, 305.7)(144.7, 305.7)(144.7, 310.0)(99.4, 310.0);SD
Port:(160.0, 203.6)(101.8, 203.6)(101.8, 236.9)(84.1, 236.9)(84.1, 304.4)(160.0, 304.4);GATE
Port:(109.0, 208.8)(153.8, 208.8)(153.8, 215.5)(109.0, 215.5);SD
Module:M6
Boundary:(425.5, 247.7)(511.1, 247.7)(511.1, 257.5)(526.7, 257.5)(526.7, 321.1)(425.5, 321.1);GATE
Port:(439.1, 316.7)(513.1, 316.7)(513.1, 321.1)(439.1, 321.1);SD
Port:(425.5, 247.7)(511.1, 247.7)(511.1, 257.5)(526.7, 257.5)(526.7, 314.7)(425.5, 314.7);GATE
Port:(431.1, 252.3)(504.5, 252.3)(504.5, 258.8)(431.1, 258.8);SD
Module:M10
Boundary:(561.1, 456.7)(561.1, 376.9)(466.9, 376.9)(466.9, 362.6)(376.6, 362.6)(376.6, 456.7);GATE
Port:(376.6, 375.8)(382.4, 375.8)(382.4, 443.5)(376.6, 443.5);SD
Port:(561.1, 456.7)(561.1, 376.9)(466.9, 376.9)(466.9, 362.6)(385.4, 362.6)(385.4, 456.7);GATE
Port:(550.3, 384.1)(555.9, 384.1)(555.9, 450.5)(550.3, 450.5);SD
Module:M12
Boundary:(281.5, 462.4)(331.1, 462.4)(331.1, 422.7)(345.8, 422.7)(345.8, 339.0)(281.5, 339.0);GATE
Port:(294.3, 339.0)(333.0, 339.0)(333.0, 344.1)(294.3, 344.1);SD
Port:(281.5, 462.4)(331.1, 462.4)(331.1, 422.7)(345.8, 422.7)(345.8, 346.0)(281.5, 346.0);GATE
Port:(287.1, 451.4)(324.5, 451.4)(324.5, 457.8)(287.1, 457.8);SD
Module:M11
Boundary:(271.0, 222.1)(187.0, 222.1)(187.0, 447.9)(271.0, 447.9);GATE
Port:(198.8, 442.8)(259.2, 442.8)(259.2, 447.9)(198.8, 447.9);SD
Port:(271.0, 222.1)(187.0, 222.1)(187.0, 441.7)(271.0, 441.7);GATE
Port:(192.4, 226.5)(265.6, 226.5)(265.6, 232.0)(192.4, 232.0);SD
Module:M5
Boundary:(144.3, 554.6)(48.9, 554.6)(48.9, 333.0)(144.3, 333.0);GATE
Port:(61.3, 333.0)(131.9, 333.0)(131.9, 337.1)(61.3, 337.1);SD
Port:(144.3, 554.6)(48.9, 554.6)(48.9, 339.8)(144.3, 339.8);GATE
Port:(54.8, 544.7)(138.4, 544.7)(138.4, 549.7)(54.8, 549.7);SD
Module:M8
Boundary:(567.2, 541.0)(567.2, 475.8)(514.4, 475.8)(514.4, 460.9)(364.1, 460.9)(364.1, 541.0);GATE
Port:(364.1, 473.7)(369.9, 473.7)(369.9, 528.2)(364.1, 528.2);SD
Port:(567.2, 541.0)(567.2, 475.8)(514.4, 475.8)(514.4, 460.9)(372.5, 460.9)(372.5, 541.0);GATE
Port:(557.3, 483.3)(561.7, 483.3)(561.7, 534.5)(557.3, 534.5);SD
Module:M16
Boundary:(344.9, 539.0)(344.9, 479.5)(330.7, 479.5)(330.7, 466.1)(176.7, 466.1)(176.7, 539.0);GATE
Port:(176.7, 477.3)(182.4, 477.3)(182.4, 527.8)(176.7, 527.8);SD
Port:(344.9, 539.0)(344.9, 479.5)(330.7, 479.5)(330.7, 466.1)(184.5, 466.1)(184.5, 539.0);GATE
Port:(335.3, 485.6)(340.8, 485.6)(340.8, 533.9)(335.3, 533.9);SD
Module:M3
Boundary:(346.3, 678.5)(346.3, 623.0)(346.1, 623.0)(346.1, 605.2)(170.3, 605.2)(170.3, 678.5);GATE
Port:(170.3, 620.7)(175.7, 620.7)(175.7, 663.0)(170.3, 663.0);SD
Port:(346.3, 678.5)(346.3, 623.0)(346.1, 623.0)(346.1, 605.2)(177.0, 605.2)(177.0, 678.5);GATE
Port:(333.9, 629.6)(340.7, 629.6)(340.7, 671.9)(333.9, 671.9);SD
Module:M4
Boundary:(553.7, 690.7)(553.7, 600.4)(369.6, 600.4)(369.6, 690.7);GATE
Port:(369.6, 613.7)(375.5, 613.7)(375.5, 677.4)(369.6, 677.4);SD
Port:(553.7, 690.7)(553.7, 600.4)(377.8, 600.4)(377.8, 690.7);GATE
Port:(542.4, 607.0)(548.1, 607.0)(548.1, 684.1)(542.4, 684.1);SD
Module:M15
Boundary:(51.2, 683.0)(51.2, 597.1)(161.6, 597.1)(161.6, 683.0);GATE
Port:(156.1, 608.4)(161.6, 608.4)(161.6, 671.7)(156.1, 671.7);SD
Port:(51.2, 683.0)(51.2, 597.1)(153.2, 597.1)(153.2, 683.0);GATE
Port:(55.6, 602.5)(60.2, 602.5)(60.2, 677.6)(55.6, 677.6);SD
