Area:(-20.0, -20.0)(384.5, -20.0)(384.5, 1120.8)(-20.0, 1120.8)
Rule:GATE(5,5);SD(5,5);GATE_SD(0.5);GATE_ITO(0.5);SD_ITO(0.5)
Module:M14
Boundary:(30.0, 953.2)(140.1, 953.2)(140.1, 982.3)(156.9, 982.3)(156.9, 1078.8)(30.0, 1078.8);GATE
Port:(45.7, 1073.2)(141.2, 1073.2)(141.2, 1078.8)(45.7, 1078.8);SD
Port:(30.0, 953.2)(140.1, 953.2)(140.1, 982.3)(156.9, 982.3)(156.9, 1071.3)(30.0, 1071.3);GATE
Port:(36.6, 958.8)(132.5, 958.8)(132.5, 965.4)(36.6, 965.4);SD
Module:M9
Boundary:(219.2, 20.0)(219.2, 104.2)(119.6, 104.2)(119.6, 20.0);GATE
Port:(119.6, 33.7)(125.4, 33.7)(125.4, 90.5)(119.6, 90.5);SD
Port:(219.2, 20.0)(219.2, 104.2)(127.3, 104.2)(127.3, 20.0);GATE
Port:(208.2, 25.1)(215.1, 25.1)(215.1, 99.1)(208.2, 99.1);SD
Module:M5
Boundary:(251.2, 383.2)(343.0, 383.2)(343.0, 479.8)(251.2, 479.8);GATE
Port:(264.4, 475.4)(329.8, 475.4)(329.8, 479.8)(264.4, 479.8);SD
Port:(251.2, 383.2)(343.0, 383.2)(343.0, 473.7)(251.2, 473.7);GATE
Port:(256.4, 387.4)(337.8, 387.4)(337.8, 393.9)(256.4, 393.9);SD
Module:M11
Boundary:(259.2, 20.0)(335.2, 20.0)(335.2, 107.1)(259.2, 107.1);GATE
Port:(270.7, 101.7)(323.7, 101.7)(323.7, 107.1)(270.7, 107.1);SD
Port:(259.2, 20.0)(335.2, 20.0)(335.2, 99.0)(259.2, 99.0);GATE
Port:(264.9, 24.7)(329.5, 24.7)(329.5, 29.9)(264.9, 29.9);SD
Module:M1
Boundary:(198.5, 154.2)(198.5, 255.5)(129.6, 255.5)(129.6, 154.2);GATE
Port:(129.6, 167.4)(135.1, 167.4)(135.1, 242.3)(129.6, 242.3);SD
Port:(198.5, 154.2)(198.5, 255.5)(138.0, 255.5)(138.0, 154.2);GATE
Port:(188.0, 160.1)(193.6, 160.1)(193.6, 249.6)(188.0, 249.6);SD
Module:M6
Boundary:(174.6, 819.6)(174.6, 887.7)(110.4, 887.7)(110.4, 903.2)(20.0, 903.2)(20.0, 819.6);GATE
Port:(20.0, 833.0)(25.9, 833.0)(25.9, 889.8)(20.0, 889.8);SD
Port:(174.6, 819.6)(174.6, 887.7)(110.4, 887.7)(110.4, 903.2)(28.3, 903.2)(28.3, 819.6);GATE
Port:(163.4, 824.9)(170.3, 824.9)(170.3, 881.4)(163.4, 881.4);SD
Module:M2
Boundary:(232.5, 663.1)(308.5, 663.1)(308.5, 701.6)(326.3, 701.6)(326.3, 786.7)(232.5, 786.7);GATE
Port:(247.4, 780.8)(311.4, 780.8)(311.4, 786.7)(247.4, 786.7);SD
Port:(232.5, 663.1)(308.5, 663.1)(308.5, 701.6)(326.3, 701.6)(326.3, 778.2)(232.5, 778.2);GATE
Port:(239.3, 668.9)(300.7, 668.9)(300.7, 674.5)(239.3, 674.5);SD
Module:M16
Boundary:(214.6, 826.7)(320.2, 826.7)(320.2, 862.2)(336.9, 862.2)(336.9, 941.9)(214.6, 941.9);GATE
Port:(227.7, 936.1)(323.8, 936.1)(323.8, 941.9)(227.7, 941.9);SD
Port:(214.6, 826.7)(320.2, 826.7)(320.2, 862.2)(336.9, 862.2)(336.9, 933.7)(214.6, 933.7);GATE
Port:(220.2, 831.3)(313.6, 831.3)(313.6, 836.3)(220.2, 836.3);SD
Module:M13
Boundary:(20.0, 273.5)(55.9, 273.5)(55.9, 273.6)(74.8, 273.6)(74.8, 456.2)(20.0, 456.2);GATE
Port:(34.0, 450.2)(60.8, 450.2)(60.8, 456.2)(34.0, 456.2);SD
Port:(20.0, 273.5)(55.9, 273.5)(55.9, 273.6)(74.8, 273.6)(74.8, 447.5)(20.0, 447.5);GATE
Port:(26.0, 278.5)(49.9, 278.5)(49.9, 284.3)(26.0, 284.3);SD
Module:M10
Boundary:(20.0, 496.2)(74.2, 496.2)(74.2, 566.6)(90.8, 566.6)(90.8, 622.0)(20.0, 622.0);GATE
Port:(33.9, 616.8)(76.9, 616.8)(76.9, 622.0)(33.9, 622.0);SD
Port:(20.0, 496.2)(74.2, 496.2)(74.2, 566.6)(90.8, 566.6)(90.8, 615.0)(20.0, 615.0);GATE
Port:(25.7, 500.9)(67.5, 500.9)(67.5, 506.9)(25.7, 506.9);SD
Module:M7
Boundary:(206.9, 981.9)(330.4, 981.9)(330.4, 1080.8)(206.9, 1080.8);GATE
Port:(222.7, 1076.7)(314.6, 1076.7)(314.6, 1080.8)(222.7, 1080.8);SD
Port:(206.9, 981.9)(330.4, 981.9)(330.4, 1074.4)(206.9, 1074.4);GATE
Port:(213.7, 987.7)(323.6, 987.7)(323.6, 994.7)(213.7, 994.7);SD
Module:M3
Boundary:(130.8, 305.5)(211.2, 305.5)(211.2, 481.1)(130.8, 481.1);GATE
Port:(144.2, 475.2)(197.8, 475.2)(197.8, 481.1)(144.2, 481.1);SD
Port:(130.8, 305.5)(211.2, 305.5)(211.2, 473.3)(130.8, 473.3);GATE
Port:(136.6, 310.3)(205.4, 310.3)(205.4, 316.5)(136.6, 316.5);SD
Module:M15
Boundary:(251.2, 147.1)(329.3, 147.1)(329.3, 147.4)(344.5, 147.4)(344.5, 343.2)(251.2, 343.2);GATE
Port:(264.1, 338.7)(331.6, 338.7)(331.6, 343.2)(264.1, 343.2);SD
Port:(251.2, 147.1)(329.3, 147.1)(329.3, 147.4)(344.5, 147.4)(344.5, 337.7)(251.2, 337.7);GATE
Port:(256.7, 151.6)(323.8, 151.6)(323.8, 157.4)(256.7, 157.4);SD
Module:M12
Boundary:(192.5, 663.1)(192.5, 761.7)(134.2, 761.7)(134.2, 779.6)(20.0, 779.6)(20.0, 663.1);GATE
Port:(20.0, 679.7)(25.5, 679.7)(25.5, 763.0)(20.0, 763.0);SD
Port:(192.5, 663.1)(192.5, 761.7)(134.2, 761.7)(134.2, 779.6)(27.4, 779.6)(27.4, 663.1);GATE
Port:(179.1, 670.1)(186.5, 670.1)(186.5, 753.7)(179.1, 753.7);SD
Module:M8
Boundary:(20.0, 20.0)(66.5, 20.0)(66.5, 133.1)(79.6, 133.1)(79.6, 233.5)(20.0, 233.5);GATE
Port:(32.6, 227.7)(67.0, 227.7)(67.0, 233.5)(32.6, 233.5);SD
Port:(20.0, 20.0)(66.5, 20.0)(66.5, 133.1)(79.6, 133.1)(79.6, 225.2)(20.0, 225.2);GATE
Port:(26.2, 25.2)(59.3, 25.2)(59.3, 30.2)(26.2, 30.2);SD
Module:M4
Boundary:(337.7, 521.1)(337.7, 607.7)(320.2, 607.7)(320.2, 623.1)(130.8, 623.1)(130.8, 521.1);GATE
Port:(130.8, 535.8)(136.8, 535.8)(136.8, 608.4)(130.8, 608.4);SD
Port:(337.7, 521.1)(337.7, 607.7)(320.2, 607.7)(320.2, 623.1)(139.7, 623.1)(139.7, 521.1);GATE
Port:(325.3, 527.2)(332.6, 527.2)(332.6, 600.6)(325.3, 600.6);SD
