Area:(-16.5, 7.9)(460.0, 7.9)(460.0, 669.9)(-16.5, 669.9)
Rule:GATE(5,5);SD(5,5);GATE_SD(0.5);GATE_ITO(0.5);SD_ITO(0.5)
Module:M7
Boundary:(387.5, 65.5)(387.5, 159.0)(377.5, 159.0)(377.5, 174.5)(225.5, 174.5)(225.5, 65.5);GATE
Port:(225.5, 80.0)(235.5, 80.0)(235.5, 160.0)(225.5, 160.0);SD
Port:(387.5, 65.5)(387.5, 159.0)(377.5, 159.0)(377.5, 174.5)(240.5, 174.5)(240.5, 65.5);GATE
Port:(378.5, 75.5)(382.5, 75.5)(382.5, 144.5)(378.5, 144.5);SD
Module:M6
Boundary:(23.5, 47.9)(23.5, 177.4)(37.5, 177.4)(37.5, 192.9)(218.5, 192.9)(218.5, 47.9);GATE
Port:(208.5, 62.4)(218.5, 62.4)(218.5, 178.4)(208.5, 178.4);SD
Port:(23.5, 47.9)(23.5, 177.4)(37.5, 177.4)(37.5, 192.9)(203.5, 192.9)(203.5, 47.9);GATE
Port:(28.5, 57.9)(32.5, 57.9)(32.5, 162.9)(28.5, 162.9);SD
Module:M1
Boundary:(275.1, 207.5)(275.1, 319.0)(263.1, 319.0)(263.1, 334.5)(125.1, 334.5)(125.1, 207.5);GATE
Port:(125.1, 222.0)(135.1, 222.0)(135.1, 320.0)(125.1, 320.0);SD
Port:(275.1, 207.5)(275.1, 319.0)(263.1, 319.0)(263.1, 334.5)(140.1, 334.5)(140.1, 207.5);GATE
Port:(266.1, 217.5)(270.1, 217.5)(270.1, 304.5)(266.1, 304.5);SD
Module:M3
Boundary:(406.2, 186.1)(406.2, 261.6)(357.1, 261.6)(357.1, 349.1)(298.2, 349.1)(298.2, 186.1);GATE
Port:(298.2, 200.6)(308.2, 200.6)(308.2, 334.6)(298.2, 334.6);SD
Port:(406.2, 186.1)(406.2, 261.6)(357.1, 261.6)(357.1, 349.1)(313.2, 349.1)(313.2, 186.1);GATE
Port:(397.2, 196.1)(401.2, 196.1)(401.2, 247.1)(397.2, 247.1);SD
Module:M9
Boundary:(40.1, 375.2)(40.1, 245.7)(68.1, 245.7)(68.1, 212.2)(106.1, 212.2)(106.1, 375.2);GATE
Port:(96.1, 226.7)(106.1, 226.7)(106.1, 360.7)(96.1, 360.7);SD
Port:(40.1, 375.2)(40.1, 245.7)(68.1, 245.7)(68.1, 212.2)(91.1, 212.2)(91.1, 375.2);GATE
Port:(45.1, 260.2)(49.1, 260.2)(49.1, 365.2)(45.1, 365.2);SD
Module:M8
Boundary:(42.5, 378.6)(154.0, 378.6)(154.0, 390.6)(169.5, 390.6)(169.5, 443.6)(42.5, 443.6);GATE
Port:(57.0, 433.6)(155.0, 433.6)(155.0, 443.6)(57.0, 443.6);SD
Port:(42.5, 378.6)(154.0, 378.6)(154.0, 390.6)(169.5, 390.6)(169.5, 428.6)(42.5, 428.6);GATE
Port:(52.5, 383.6)(139.5, 383.6)(139.5, 387.6)(52.5, 387.6);SD
Module:M10
Boundary:(289.6, 358.9)(365.7, 358.9)(365.7, 366.9)(380.6, 366.9)(380.6, 475.9)(289.6, 475.9);GATE
Port:(304.1, 465.9)(366.1, 465.9)(366.1, 475.9)(304.1, 475.9);SD
Port:(289.6, 358.9)(365.7, 358.9)(365.7, 366.9)(380.6, 366.9)(380.6, 460.9)(289.6, 460.9);GATE
Port:(299.6, 363.9)(350.6, 363.9)(350.6, 367.9)(299.6, 367.9);SD
Module:M5
Boundary:(272.4, 334.6)(272.4, 428.1)(248.8, 428.1)(248.8, 461.6)(205.4, 461.6)(205.4, 334.6);GATE
Port:(205.4, 349.1)(215.4, 349.1)(215.4, 447.1)(205.4, 447.1);SD
Port:(272.4, 334.6)(272.4, 428.1)(248.8, 428.1)(248.8, 461.6)(220.4, 461.6)(220.4, 334.6);GATE
Port:(263.4, 344.6)(267.4, 344.6)(267.4, 413.6)(263.4, 413.6);SD
Module:M2
Boundary:(42.3, 520.9)(42.3, 614.4)(52.3, 614.4)(52.3, 629.9)(223.3, 629.9)(223.3, 520.9);GATE
Port:(213.3, 535.4)(223.3, 535.4)(223.3, 615.4)(213.3, 615.4);SD
Port:(42.3, 520.9)(42.3, 614.4)(52.3, 614.4)(52.3, 629.9)(208.3, 629.9)(208.3, 520.9);GATE
Port:(47.3, 530.9)(51.3, 530.9)(51.3, 599.9)(47.3, 599.9);SD
Module:M4
Boundary:(420.0, 488.2)(420.0, 581.7)(410.0, 581.7)(410.0, 597.2)(241.0, 597.2)(241.0, 488.2);GATE
Port:(241.0, 502.7)(251.0, 502.7)(251.0, 582.7)(241.0, 582.7);SD
Port:(420.0, 488.2)(420.0, 581.7)(410.0, 581.7)(410.0, 597.2)(256.0, 597.2)(256.0, 488.2);GATE
Port:(411.0, 498.2)(415.0, 498.2)(415.0, 567.2)(411.0, 567.2);SD
