Area:(-20.0, -20.0)(1054.0, -20.0)(1054.0, 481.0)(-20.0, 481.0)
Rule:GATE(5,5);SD(5,5);GATE_SD(0.5);GATE_ITO(0.5);SD_ITO(0.5)
Module:M14
Boundary:(99.0, 30.0)(99.0, 193.0)(30.0, 193.0)(30.0, 30.0);GATE
Port:(30.0, 44.5)(40.0, 44.5)(40.0, 178.5)(30.0, 178.5);SD
Port:(99.0, 30.0)(99.0, 193.0)(45.0, 193.0)(45.0, 30.0);GATE
Port:(90.0, 40.0)(94.0, 40.0)(94.0, 183.0)(90.0, 183.0);SD
Module:M9
Boundary:(157.0, 356.0)(157.0, 429.0)(20.0, 429.0)(20.0, 356.0);GATE
Port:(20.0, 370.5)(30.0, 370.5)(30.0, 414.5)(20.0, 414.5);SD
Port:(157.0, 356.0)(157.0, 429.0)(35.0, 429.0)(35.0, 356.0);GATE
Port:(148.0, 366.0)(152.0, 366.0)(152.0, 419.0)(148.0, 419.0);SD
Module:M5
Boundary:(352.0, 20.0)(445.5, 20.0)(445.5, 30.0)(461.0, 30.0)(461.0, 155.0)(352.0, 155.0);GATE
Port:(366.5, 145.0)(446.5, 145.0)(446.5, 155.0)(366.5, 155.0);SD
Port:(352.0, 20.0)(445.5, 20.0)(445.5, 30.0)(461.0, 30.0)(461.0, 140.0)(352.0, 140.0);GATE
Port:(362.0, 25.0)(431.0, 25.0)(431.0, 29.0)(362.0, 29.0);SD
Module:M11
Boundary:(639.0, 343.0)(639.0, 419.0)(631.0, 419.0)(631.0, 434.0)(459.0, 434.0)(459.0, 343.0);GATE
Port:(459.0, 357.5)(469.0, 357.5)(469.0, 419.5)(459.0, 419.5);SD
Port:(639.0, 343.0)(639.0, 419.0)(631.0, 419.0)(631.0, 434.0)(474.0, 434.0)(474.0, 343.0);GATE
Port:(630.0, 353.0)(634.0, 353.0)(634.0, 404.0)(630.0, 404.0);SD
Module:M1
Boundary:(930.0, 30.0)(1003.0, 30.0)(1003.0, 208.0)(930.0, 208.0);GATE
Port:(944.5, 198.0)(988.5, 198.0)(988.5, 208.0)(944.5, 208.0);SD
Port:(930.0, 30.0)(1003.0, 30.0)(1003.0, 193.0)(930.0, 193.0);GATE
Port:(940.0, 35.0)(993.0, 35.0)(993.0, 39.0)(940.0, 39.0);SD
Module:M6
Boundary:(829.0, 223.0)(829.0, 296.0)(686.0, 296.0)(686.0, 223.0);GATE
Port:(686.0, 237.5)(696.0, 237.5)(696.0, 281.5)(686.0, 281.5);SD
Port:(829.0, 223.0)(829.0, 296.0)(701.0, 296.0)(701.0, 223.0);GATE
Port:(820.0, 233.0)(824.0, 233.0)(824.0, 286.0)(820.0, 286.0);SD
Module:M2
Boundary:(690.0, 20.0)(690.0, 96.0)(682.0, 96.0)(682.0, 111.0)(501.0, 111.0)(501.0, 20.0);GATE
Port:(501.0, 34.5)(511.0, 34.5)(511.0, 96.5)(501.0, 96.5);SD
Port:(690.0, 20.0)(690.0, 96.0)(682.0, 96.0)(682.0, 111.0)(516.0, 111.0)(516.0, 20.0);GATE
Port:(681.0, 30.0)(685.0, 30.0)(685.0, 81.0)(681.0, 81.0);SD
Module:M16
Boundary:(432.0, 195.0)(432.0, 271.0)(424.0, 271.0)(424.0, 286.0)(352.0, 286.0)(352.0, 195.0);GATE
Port:(352.0, 209.5)(362.0, 209.5)(362.0, 271.5)(352.0, 271.5);SD
Port:(432.0, 195.0)(432.0, 271.0)(424.0, 271.0)(424.0, 286.0)(367.0, 286.0)(367.0, 195.0);GATE
Port:(423.0, 205.0)(427.0, 205.0)(427.0, 256.0)(423.0, 256.0);SD
Module:M13
Boundary:(127.0, 243.0)(127.0, 316.0)(20.0, 316.0)(20.0, 243.0);GATE
Port:(20.0, 257.5)(30.0, 257.5)(30.0, 301.5)(20.0, 301.5);SD
Port:(127.0, 243.0)(127.0, 316.0)(35.0, 316.0)(35.0, 243.0);GATE
Port:(118.0, 253.0)(122.0, 253.0)(122.0, 306.0)(118.0, 306.0);SD
Module:M10
Boundary:(501.0, 151.0)(630.5, 151.0)(630.5, 165.0)(646.0, 165.0)(646.0, 303.0)(501.0, 303.0);GATE
Port:(515.5, 293.0)(631.5, 293.0)(631.5, 303.0)(515.5, 303.0);SD
Port:(501.0, 151.0)(630.5, 151.0)(630.5, 165.0)(646.0, 165.0)(646.0, 288.0)(501.0, 288.0);GATE
Port:(511.0, 156.0)(616.0, 156.0)(616.0, 160.0)(511.0, 160.0);SD
Module:M7
Boundary:(825.0, 343.0)(825.0, 419.0)(817.0, 419.0)(817.0, 434.0)(679.0, 434.0)(679.0, 343.0);GATE
Port:(679.0, 357.5)(689.0, 357.5)(689.0, 419.5)(679.0, 419.5);SD
Port:(825.0, 343.0)(825.0, 419.0)(817.0, 419.0)(817.0, 434.0)(694.0, 434.0)(694.0, 343.0);GATE
Port:(816.0, 353.0)(820.0, 353.0)(820.0, 404.0)(816.0, 404.0);SD
Module:M3
Boundary:(197.0, 241.0)(290.5, 241.0)(290.5, 251.0)(306.0, 251.0)(306.0, 441.0)(197.0, 441.0);GATE
Port:(211.5, 431.0)(291.5, 431.0)(291.5, 441.0)(211.5, 441.0);SD
Port:(197.0, 241.0)(290.5, 241.0)(290.5, 251.0)(306.0, 251.0)(306.0, 426.0)(197.0, 426.0);GATE
Port:(207.0, 246.0)(276.0, 246.0)(276.0, 250.0)(207.0, 250.0);SD
Module:M15
Boundary:(869.0, 258.0)(998.5, 258.0)(998.5, 272.0)(1014.0, 272.0)(1014.0, 440.0)(869.0, 440.0);GATE
Port:(883.5, 430.0)(999.5, 430.0)(999.5, 440.0)(883.5, 440.0);SD
Port:(869.0, 258.0)(998.5, 258.0)(998.5, 272.0)(1014.0, 272.0)(1014.0, 425.0)(869.0, 425.0);GATE
Port:(879.0, 263.0)(984.0, 263.0)(984.0, 267.0)(879.0, 267.0);SD
Module:M12
Boundary:(312.0, 20.0)(312.0, 167.5)(234.0, 167.5)(234.0, 201.0)(149.0, 201.0)(149.0, 20.0);GATE
Port:(149.0, 34.5)(159.0, 34.5)(159.0, 186.5)(149.0, 186.5);SD
Port:(312.0, 20.0)(312.0, 167.5)(234.0, 167.5)(234.0, 201.0)(164.0, 201.0)(164.0, 20.0);GATE
Port:(303.0, 30.0)(307.0, 30.0)(307.0, 153.0)(303.0, 153.0);SD
Module:M8
Boundary:(880.0, 20.0)(880.0, 167.5)(858.0, 167.5)(858.0, 183.0)(730.0, 183.0)(730.0, 20.0);GATE
Port:(730.0, 34.5)(740.0, 34.5)(740.0, 168.5)(730.0, 168.5);SD
Port:(880.0, 20.0)(880.0, 167.5)(858.0, 167.5)(858.0, 183.0)(745.0, 183.0)(745.0, 20.0);GATE
Port:(871.0, 30.0)(875.0, 30.0)(875.0, 153.0)(871.0, 153.0);SD
Module:M4
Boundary:(346.0, 326.0)(419.0, 326.0)(419.0, 426.0)(346.0, 426.0);GATE
Port:(360.5, 416.0)(404.5, 416.0)(404.5, 426.0)(360.5, 426.0);SD
Port:(346.0, 326.0)(419.0, 326.0)(419.0, 411.0)(346.0, 411.0);GATE
Port:(356.0, 331.0)(409.0, 331.0)(409.0, 335.0)(356.0, 335.0);SD
