Area:(-9.2, -10.7)(620.8, -10.7)(620.8, 488.6)(-9.2, 488.6)
Rule:GATE(5,5);SD(5,5);GATE_SD(0.5);GATE_ITO(0.5);SD_ITO(0.5)
Module:M1
Boundary:(176.8, 126.0)(176.8, 53.0)(30.8, 53.0)(30.8, 126.0);GATE
Port:(30.8, 67.5)(40.8, 67.5)(40.8, 111.5)(30.8, 111.5);SD
Port:(176.8, 126.0)(176.8, 53.0)(45.8, 53.0)(45.8, 126.0);GATE
Port:(167.8, 63.0)(171.8, 63.0)(171.8, 116.0)(167.8, 116.0);SD
Module:M2
Boundary:(398.0, 121.7)(398.0, 45.7)(390.0, 45.7)(390.0, 30.7)(206.0, 30.7)(206.0, 121.7);GATE
Port:(206.0, 45.2)(216.0, 45.2)(216.0, 107.2)(206.0, 107.2);SD
Port:(398.0, 121.7)(398.0, 45.7)(390.0, 45.7)(390.0, 30.7)(221.0, 30.7)(221.0, 121.7);GATE
Port:(389.0, 60.7)(393.0, 60.7)(393.0, 111.7)(389.0, 111.7);SD
Module:M8
Boundary:(398.2, 134.3)(545.7, 134.3)(545.7, 118.3)(561.2, 118.3)(561.2, 29.3)(398.2, 29.3);GATE
Port:(412.7, 29.3)(546.7, 29.3)(546.7, 39.3)(412.7, 39.3);SD
Port:(398.2, 134.3)(545.7, 134.3)(545.7, 118.3)(561.2, 118.3)(561.2, 44.3)(398.2, 44.3);GATE
Port:(408.2, 125.3)(531.2, 125.3)(531.2, 129.3)(408.2, 129.3);SD
Module:M9
Boundary:(494.7, 272.5)(494.7, 196.5)(502.7, 196.5)(502.7, 181.5)(569.7, 181.5)(569.7, 272.5);GATE
Port:(559.7, 196.0)(569.7, 196.0)(569.7, 258.0)(559.7, 258.0);SD
Port:(494.7, 272.5)(494.7, 196.5)(502.7, 196.5)(502.7, 181.5)(554.7, 181.5)(554.7, 272.5);GATE
Port:(499.7, 211.5)(503.7, 211.5)(503.7, 262.5)(499.7, 262.5);SD
Module:M10
Boundary:(451.5, 262.5)(451.5, 151.0)(439.5, 151.0)(439.5, 135.5)(365.5, 135.5)(365.5, 262.5);GATE
Port:(365.5, 150.0)(375.5, 150.0)(375.5, 248.0)(365.5, 248.0);SD
Port:(451.5, 262.5)(451.5, 151.0)(439.5, 151.0)(439.5, 135.5)(380.5, 135.5)(380.5, 262.5);GATE
Port:(442.5, 165.5)(446.5, 165.5)(446.5, 252.5)(442.5, 252.5);SD
Module:M5
Boundary:(198.3, 151.8)(309.8, 151.8)(309.8, 163.8)(325.3, 163.8)(325.3, 309.8)(198.3, 309.8);GATE
Port:(212.8, 299.8)(310.8, 299.8)(310.8, 309.8)(212.8, 309.8);SD
Port:(198.3, 151.8)(309.8, 151.8)(309.8, 163.8)(325.3, 163.8)(325.3, 294.8)(198.3, 294.8);GATE
Port:(208.3, 156.8)(295.3, 156.8)(295.3, 160.8)(208.3, 160.8);SD
Module:M7
Boundary:(49.2, 347.6)(142.7, 347.6)(142.7, 261.9)(176.2, 261.9)(176.2, 156.6)(49.2, 156.6);GATE
Port:(63.7, 156.6)(161.7, 156.6)(161.7, 166.6)(63.7, 166.6);SD
Port:(49.2, 347.6)(142.7, 347.6)(142.7, 261.9)(176.2, 261.9)(176.2, 171.6)(49.2, 171.6);GATE
Port:(59.2, 338.6)(128.2, 338.6)(128.2, 342.6)(59.2, 342.6);SD
Module:M3
Boundary:(393.7, 330.0)(264.2, 330.0)(264.2, 344.0)(248.7, 344.0)(248.7, 410.0)(393.7, 410.0);GATE
Port:(263.2, 400.0)(379.2, 400.0)(379.2, 410.0)(263.2, 410.0);SD
Port:(393.7, 330.0)(264.2, 330.0)(264.2, 344.0)(248.7, 344.0)(248.7, 395.0)(393.7, 395.0);GATE
Port:(278.7, 335.0)(383.7, 335.0)(383.7, 339.0)(278.7, 339.0);SD
Module:M4
Boundary:(243.0, 357.6)(243.0, 433.6)(235.0, 433.6)(235.0, 448.6)(65.0, 448.6)(65.0, 357.6);GATE
Port:(65.0, 372.1)(75.0, 372.1)(75.0, 434.1)(65.0, 434.1);SD
Port:(243.0, 357.6)(243.0, 433.6)(235.0, 433.6)(235.0, 448.6)(80.0, 448.6)(80.0, 357.6);GATE
Port:(234.0, 367.6)(238.0, 367.6)(238.0, 418.6)(234.0, 418.6);SD
Module:M6
Boundary:(580.8, 273.6)(580.8, 367.1)(570.8, 367.1)(570.8, 382.6)(400.8, 382.6)(400.8, 273.6);GATE
Port:(400.8, 288.1)(410.8, 288.1)(410.8, 368.1)(400.8, 368.1);SD
Port:(580.8, 273.6)(580.8, 367.1)(570.8, 367.1)(570.8, 382.6)(415.8, 382.6)(415.8, 273.6);GATE
Port:(571.8, 283.6)(575.8, 283.6)(575.8, 352.6)(571.8, 352.6);SD
