Area:(-10.6, -16.5)(367.4, -16.5)(367.4, 453.5)(-10.6, 453.5)
Rule:GATE(5,5);SD(5,5);GATE_SD(0.5);GATE_ITO(0.5);SD_ITO(0.5)
Module:M3
Boundary:(174.4, 87.5)(44.9, 87.5)(44.9, 73.5)(29.4, 73.5)(29.4, 23.5)(174.4, 23.5);GATE
Port:(43.9, 23.5)(159.9, 23.5)(159.9, 33.5)(43.9, 33.5);SD
Port:(174.4, 87.5)(44.9, 87.5)(44.9, 73.5)(29.4, 73.5)(29.4, 38.5)(174.4, 38.5);GATE
Port:(59.4, 78.5)(164.4, 78.5)(164.4, 82.5)(59.4, 82.5);SD
Module:M1
Boundary:(175.1, 224.5)(175.1, 131.0)(212.1, 131.0)(212.1, 79.5)(297.1, 79.5)(297.1, 224.5);GATE
Port:(287.1, 94.0)(297.1, 94.0)(297.1, 210.0)(287.1, 210.0);SD
Port:(175.1, 224.5)(175.1, 131.0)(212.1, 131.0)(212.1, 79.5)(282.1, 79.5)(282.1, 224.5);GATE
Port:(180.1, 145.5)(184.1, 145.5)(184.1, 214.5)(180.1, 214.5);SD
Module:M4
Boundary:(104.7, 146.1)(31.7, 146.1)(31.7, 274.1)(104.7, 274.1);GATE
Port:(46.2, 264.1)(90.2, 264.1)(90.2, 274.1)(46.2, 274.1);SD
Port:(104.7, 146.1)(31.7, 146.1)(31.7, 259.1)(104.7, 259.1);GATE
Port:(41.7, 151.1)(94.7, 151.1)(94.7, 155.1)(41.7, 155.1);SD
Module:M5
Boundary:(327.4, 413.5)(327.4, 284.0)(274.6, 284.0)(274.6, 232.5)(155.4, 232.5)(155.4, 413.5);GATE
Port:(155.4, 247.0)(165.4, 247.0)(165.4, 399.0)(155.4, 399.0);SD
Port:(327.4, 413.5)(327.4, 284.0)(274.6, 284.0)(274.6, 232.5)(170.4, 232.5)(170.4, 413.5);GATE
Port:(318.4, 298.5)(322.4, 298.5)(322.4, 403.5)(318.4, 403.5);SD
Module:M2
Boundary:(142.5, 285.7)(142.5, 397.2)(130.5, 397.2)(130.5, 412.7)(44.5, 412.7)(44.5, 285.7);GATE
Port:(44.5, 300.2)(54.5, 300.2)(54.5, 398.2)(44.5, 398.2);SD
Port:(142.5, 285.7)(142.5, 397.2)(130.5, 397.2)(130.5, 412.7)(59.5, 412.7)(59.5, 285.7);GATE
Port:(133.5, 295.7)(137.5, 295.7)(137.5, 382.7)(133.5, 382.7);SD
