Area:(-20.0, -20.0)(821.2, -20.0)(821.2, 633.0)(-20.0, 633.0)
Rule:GATE(5,5);SD(5,5);GATE_SD(0.5);GATE_ITO(0.5);SD_ITO(0.5)
Module:M14
Boundary:(200.9, 327.6)(303.8, 327.6)(303.8, 384.2)(319.7, 384.2)(319.7, 466.2)(200.9, 466.2);GATE
Port:(214.7, 461.8)(305.9, 461.8)(305.9, 466.2)(214.7, 466.2);SD
Port:(200.9, 327.6)(303.8, 327.6)(303.8, 384.2)(319.7, 384.2)(319.7, 459.4)(200.9, 459.4);GATE
Port:(206.3, 332.0)(297.4, 332.0)(297.4, 338.8)(206.3, 338.8);SD
Module:M9
Boundary:(776.6, 475.8)(776.6, 584.0)(684.4, 584.0)(684.4, 475.8);GATE
Port:(684.4, 489.4)(689.4, 489.4)(689.4, 570.4)(684.4, 570.4);SD
Port:(776.6, 475.8)(776.6, 584.0)(692.3, 584.0)(692.3, 475.8);GATE
Port:(764.7, 482.4)(771.0, 482.4)(771.0, 577.4)(764.7, 577.4);SD
Module:M5
Boundary:(152.8, 253.5)(152.8, 302.7)(152.8, 302.7)(152.8, 318.9)(20.0, 318.9)(20.0, 253.5);GATE
Port:(20.0, 266.3)(24.4, 266.3)(24.4, 306.1)(20.0, 306.1);SD
Port:(152.8, 253.5)(152.8, 302.7)(152.8, 302.7)(152.8, 318.9)(26.8, 318.9)(26.8, 253.5);GATE
Port:(142.3, 259.6)(147.7, 259.6)(147.7, 296.6)(142.3, 296.6);SD
Module:M11
Boundary:(608.3, 130.4)(608.3, 197.4)(608.1, 197.4)(608.1, 213.3)(415.7, 213.3)(415.7, 130.4);GATE
Port:(415.7, 144.8)(420.3, 144.8)(420.3, 198.9)(415.7, 198.9);SD
Port:(608.3, 130.4)(608.3, 197.4)(608.1, 197.4)(608.1, 213.3)(422.1, 213.3)(422.1, 130.4);GATE
Port:(596.6, 137.3)(602.4, 137.3)(602.4, 190.5)(596.6, 190.5);SD
Module:M1
Boundary:(644.4, 491.3)(644.4, 574.1)(644.1, 574.1)(644.1, 591.1)(575.2, 591.1)(575.2, 491.3);GATE
Port:(575.2, 503.5)(581.0, 503.5)(581.0, 578.9)(575.2, 578.9);SD
Port:(644.4, 491.3)(644.4, 574.1)(644.1, 574.1)(644.1, 591.1)(582.5, 591.1)(582.5, 491.3);GATE
Port:(634.9, 496.4)(640.3, 496.4)(640.3, 569.0)(634.9, 569.0);SD
Module:M19
Boundary:(307.7, 506.2)(307.7, 575.4)(179.4, 575.4)(179.4, 506.2);GATE
Port:(179.4, 519.4)(183.9, 519.4)(183.9, 562.2)(179.4, 562.2);SD
Port:(307.7, 506.2)(307.7, 575.4)(186.7, 575.4)(186.7, 506.2);GATE
Port:(297.9, 511.5)(303.4, 511.5)(303.4, 570.1)(297.9, 570.1);SD
Module:M6
Boundary:(160.9, 358.9)(160.9, 435.1)(149.4, 435.1)(149.4, 448.3)(20.0, 448.3)(20.0, 358.9);GATE
Port:(20.0, 372.1)(25.0, 372.1)(25.0, 435.1)(20.0, 435.1);SD
Port:(160.9, 358.9)(160.9, 435.1)(149.4, 435.1)(149.4, 448.3)(27.9, 448.3)(27.9, 358.9);GATE
Port:(150.0, 364.8)(156.0, 364.8)(156.0, 428.2)(150.0, 428.2);SD
Module:M2
Boundary:(374.2, 123.7)(374.2, 169.6)(294.0, 169.6)(294.0, 182.5)(214.9, 182.5)(214.9, 123.7);GATE
Port:(214.9, 136.0)(219.7, 136.0)(219.7, 170.2)(214.9, 170.2);SD
Port:(374.2, 123.7)(374.2, 169.6)(294.0, 169.6)(294.0, 182.5)(222.6, 182.5)(222.6, 123.7);GATE
Port:(363.8, 129.0)(369.9, 129.0)(369.9, 163.3)(363.8, 163.3);SD
Module:M16
Boundary:(620.1, 20.0)(620.1, 74.6)(525.1, 74.6)(525.1, 90.4)(436.7, 90.4)(436.7, 20.0);GATE
Port:(436.7, 34.8)(440.8, 34.8)(440.8, 75.6)(436.7, 75.6);SD
Port:(620.1, 20.0)(620.1, 74.6)(525.1, 74.6)(525.1, 90.4)(442.1, 90.4)(442.1, 20.0);GATE
Port:(608.0, 25.9)(615.2, 25.9)(615.2, 67.7)(608.0, 67.7);SD
Module:M13
Boundary:(776.5, 342.8)(776.5, 417.7)(776.4, 417.7)(776.4, 435.8)(670.0, 435.8)(670.0, 342.8);GATE
Port:(670.0, 359.0)(675.6, 359.0)(675.6, 419.6)(670.0, 419.6);SD
Port:(776.5, 342.8)(776.5, 417.7)(776.4, 417.7)(776.4, 435.8)(677.3, 435.8)(677.3, 342.8);GATE
Port:(763.7, 349.0)(771.3, 349.0)(771.3, 411.5)(763.7, 411.5);SD
Module:M10
Boundary:(174.9, 20.0)(174.9, 73.4)(109.9, 73.4)(109.9, 89.4)(20.0, 89.4)(20.0, 20.0);GATE
Port:(20.0, 34.0)(25.5, 34.0)(25.5, 75.4)(20.0, 75.4);SD
Port:(174.9, 20.0)(174.9, 73.4)(109.9, 73.4)(109.9, 89.4)(26.9, 89.4)(26.9, 20.0);GATE
Port:(163.8, 26.5)(169.4, 26.5)(169.4, 65.9)(163.8, 65.9);SD
Module:M7
Boundary:(510.5, 253.3)(630.0, 253.3)(630.0, 451.3)(510.5, 451.3);GATE
Port:(524.3, 446.2)(616.2, 446.2)(616.2, 451.3)(524.3, 451.3);SD
Port:(510.5, 253.3)(630.0, 253.3)(630.0, 444.0)(510.5, 444.0);GATE
Port:(515.8, 257.6)(624.7, 257.6)(624.7, 264.5)(515.8, 264.5);SD
Module:M3
Boundary:(20.0, 488.3)(122.8, 488.3)(122.8, 488.9)(139.4, 488.9)(139.4, 593.0)(20.0, 593.0);GATE
Port:(34.5, 587.3)(124.9, 587.3)(124.9, 593.0)(34.5, 593.0);SD
Port:(20.0, 488.3)(122.8, 488.3)(122.8, 488.9)(139.4, 488.9)(139.4, 585.9)(20.0, 585.9);GATE
Port:(26.7, 494.0)(116.1, 494.0)(116.1, 500.0)(26.7, 500.0);SD
Module:M18
Boundary:(359.7, 327.6)(453.4, 327.6)(453.4, 374.6)(470.5, 374.6)(470.5, 468.5)(359.7, 468.5);GATE
Port:(375.1, 464.1)(455.1, 464.1)(455.1, 468.5)(375.1, 468.5);SD
Port:(359.7, 327.6)(453.4, 327.6)(453.4, 374.6)(470.5, 374.6)(470.5, 462.3)(359.7, 462.3);GATE
Port:(366.6, 333.5)(445.5, 333.5)(445.5, 340.0)(366.6, 340.0);SD
Module:M20
Boundary:(171.1, 129.4)(171.1, 199.0)(146.3, 199.0)(146.3, 213.5)(20.0, 213.5)(20.0, 129.4);GATE
Port:(20.0, 145.0)(25.0, 145.0)(25.0, 197.9)(20.0, 197.9);SD
Port:(171.1, 129.4)(171.1, 199.0)(146.3, 199.0)(146.3, 213.5)(26.9, 213.5)(26.9, 129.4);GATE
Port:(157.6, 136.2)(165.3, 136.2)(165.3, 191.2)(157.6, 191.2);SD
Module:M15
Boundary:(781.2, 222.7)(781.2, 287.5)(780.8, 287.5)(780.8, 302.8)(670.0, 302.8)(670.0, 222.7);GATE
Port:(670.0, 236.7)(675.1, 236.7)(675.1, 288.8)(670.0, 288.8);SD
Port:(781.2, 222.7)(781.2, 287.5)(780.8, 287.5)(780.8, 302.8)(677.3, 302.8)(677.3, 222.7);GATE
Port:(769.8, 228.8)(776.1, 228.8)(776.1, 281.4)(769.8, 281.4);SD
Module:M12
Boundary:(535.2, 508.5)(535.2, 577.1)(474.5, 577.1)(474.5, 592.7)(359.7, 592.7)(359.7, 508.5);GATE
Port:(359.7, 521.8)(364.4, 521.8)(364.4, 579.4)(359.7, 579.4);SD
Port:(535.2, 508.5)(535.2, 577.1)(474.5, 577.1)(474.5, 592.7)(365.5, 592.7)(365.5, 508.5);GATE
Port:(524.6, 515.4)(529.3, 515.4)(529.3, 569.2)(524.6, 569.2);SD
Module:M8
Boundary:(660.1, 20.0)(759.4, 20.0)(759.4, 60.4)(774.1, 60.4)(774.1, 182.7)(660.1, 182.7);GATE
Port:(673.9, 176.8)(760.3, 176.8)(760.3, 182.7)(673.9, 182.7);SD
Port:(660.1, 20.0)(759.4, 20.0)(759.4, 60.4)(774.1, 60.4)(774.1, 173.9)(660.1, 173.9);GATE
Port:(666.7, 25.6)(751.8, 25.6)(751.8, 31.6)(666.7, 31.6);SD
Module:M4
Boundary:(375.7, 222.5)(375.7, 271.8)(276.5, 271.8)(276.5, 287.6)(211.1, 287.6)(211.1, 222.5);GATE
Port:(211.1, 234.3)(216.0, 234.3)(216.0, 275.8)(211.1, 275.8);SD
Port:(375.7, 222.5)(375.7, 271.8)(276.5, 271.8)(276.5, 287.6)(218.6, 287.6)(218.6, 222.5);GATE
Port:(366.6, 228.1)(371.1, 228.1)(371.1, 265.2)(366.6, 265.2);SD
Module:M17
Boundary:(396.7, 20.0)(396.7, 83.7)(214.9, 83.7)(214.9, 20.0);GATE
Port:(214.9, 32.9)(219.2, 32.9)(219.2, 70.8)(214.9, 70.8);SD
Port:(396.7, 20.0)(396.7, 83.7)(220.8, 83.7)(220.8, 20.0);GATE
Port:(385.7, 25.9)(391.8, 25.9)(391.8, 77.8)(385.7, 77.8);SD
