Area:(-19.5, -1.4)(377.1, -1.4)(377.1, 1040.7)(-19.5, 1040.7)
Rule:GATE(5,5);SD(5,5);GATE_SD(0.5);GATE_ITO(0.5);SD_ITO(0.5)
Module:M9
Boundary:(142.1, 146.8)(142.1, 59.5)(64.8, 59.5)(64.8, 146.8);GATE
Port:(64.8, 72.2)(70.2, 72.2)(70.2, 134.1)(64.8, 134.1);SD
Port:(142.1, 146.8)(142.1, 59.5)(71.8, 59.5)(71.8, 146.8);GATE
Port:(131.1, 65.1)(137.5, 65.1)(137.5, 141.2)(131.1, 141.2);SD
Module:M6
Boundary:(239.7, 38.6)(166.5, 38.6)(166.5, 84.6)(153.3, 84.6)(153.3, 128.2)(239.7, 128.2);GATE
Port:(165.1, 122.4)(227.9, 122.4)(227.9, 128.2)(165.1, 128.2);SD
Port:(239.7, 38.6)(166.5, 38.6)(166.5, 84.6)(153.3, 84.6)(153.3, 120.4)(239.7, 120.4);GATE
Port:(172.9, 43.0)(234.3, 43.0)(234.3, 47.9)(172.9, 47.9);SD
Module:M3
Boundary:(330.4, 43.6)(271.2, 43.6)(271.2, 43.9)(256.7, 43.9)(256.7, 193.7)(330.4, 193.7);GATE
Port:(268.0, 188.6)(319.1, 188.6)(319.1, 193.7)(268.0, 193.7);SD
Port:(330.4, 43.6)(271.2, 43.6)(271.2, 43.9)(256.7, 43.9)(256.7, 186.5)(330.4, 186.5);GATE
Port:(276.3, 47.7)(325.3, 47.7)(325.3, 53.1)(276.3, 53.1);SD
Module:M8
Boundary:(167.5, 206.0)(167.5, 306.5)(112.5, 306.5)(112.5, 321.7)(34.3, 321.7)(34.3, 206.0);GATE
Port:(34.3, 219.6)(38.4, 219.6)(38.4, 308.1)(34.3, 308.1);SD
Port:(167.5, 206.0)(167.5, 306.5)(112.5, 306.5)(112.5, 321.7)(40.7, 321.7)(40.7, 206.0);GATE
Port:(156.6, 212.4)(162.1, 212.4)(162.1, 299.1)(156.6, 299.1);SD
Module:M15
Boundary:(193.2, 295.3)(193.2, 224.3)(322.2, 224.3)(322.2, 295.3);GATE
Port:(317.1, 239.8)(322.2, 239.8)(322.2, 279.8)(317.1, 279.8);SD
Port:(193.2, 295.3)(193.2, 224.3)(314.9, 224.3)(314.9, 295.3);GATE
Port:(199.1, 231.2)(205.7, 231.2)(205.7, 288.4)(199.1, 288.4);SD
Module:M16
Boundary:(336.7, 397.7)(336.7, 352.5)(259.4, 352.5)(259.4, 339.2)(185.3, 339.2)(185.3, 397.7);GATE
Port:(185.3, 351.0)(191.2, 351.0)(191.2, 385.9)(185.3, 385.9);SD
Port:(336.7, 397.7)(336.7, 352.5)(259.4, 352.5)(259.4, 339.2)(192.6, 339.2)(192.6, 397.7);GATE
Port:(327.3, 358.7)(332.5, 358.7)(332.5, 392.5)(327.3, 392.5);SD
Module:M10
Boundary:(164.4, 347.4)(164.4, 411.3)(138.2, 411.3)(138.2, 425.3)(53.5, 425.3)(53.5, 347.4);GATE
Port:(53.5, 360.8)(57.5, 360.8)(57.5, 411.9)(53.5, 411.9);SD
Port:(164.4, 347.4)(164.4, 411.3)(138.2, 411.3)(138.2, 425.3)(60.5, 425.3)(60.5, 347.4);GATE
Port:(153.8, 353.7)(159.1, 353.7)(159.1, 404.0)(153.8, 404.0);SD
Module:M7
Boundary:(174.3, 444.2)(174.3, 518.4)(20.8, 518.4)(20.8, 444.2);GATE
Port:(20.8, 459.1)(25.1, 459.1)(25.1, 503.5)(20.8, 503.5);SD
Port:(174.3, 444.2)(174.3, 518.4)(27.1, 518.4)(27.1, 444.2);GATE
Port:(162.1, 450.4)(169.1, 450.4)(169.1, 512.2)(162.1, 512.2);SD
Module:M4
Boundary:(319.9, 427.9)(199.7, 427.9)(199.7, 539.4)(319.9, 539.4);GATE
Port:(214.0, 533.6)(305.6, 533.6)(305.6, 539.4)(214.0, 539.4);SD
Port:(319.9, 427.9)(199.7, 427.9)(199.7, 532.5)(319.9, 532.5);GATE
Port:(205.8, 433.0)(313.8, 433.0)(313.8, 439.2)(205.8, 439.2);SD
Module:M11
Boundary:(20.5, 537.4)(129.3, 537.4)(129.3, 658.7)(20.5, 658.7);GATE
Port:(33.4, 653.3)(116.4, 653.3)(116.4, 658.7)(33.4, 658.7);SD
Port:(20.5, 537.4)(129.3, 537.4)(129.3, 651.2)(20.5, 651.2);GATE
Port:(25.7, 541.6)(124.1, 541.6)(124.1, 546.8)(25.7, 546.8);SD
Module:M12
Boundary:(324.4, 545.0)(324.4, 629.6)(267.4, 629.6)(267.4, 643.5)(155.5, 643.5)(155.5, 545.0);GATE
Port:(155.5, 559.0)(161.4, 559.0)(161.4, 629.5)(155.5, 629.5);SD
Port:(324.4, 545.0)(324.4, 629.6)(267.4, 629.6)(267.4, 643.5)(163.0, 643.5)(163.0, 545.0);GATE
Port:(312.9, 551.9)(318.5, 551.9)(318.5, 620.7)(312.9, 620.7);SD
Module:M2
Boundary:(241.0, 709.6)(149.6, 709.6)(149.6, 746.2)(136.7, 746.2)(136.7, 854.7)(241.0, 854.7);GATE
Port:(150.7, 850.6)(227.0, 850.6)(227.0, 854.7)(150.7, 854.7);SD
Port:(241.0, 709.6)(149.6, 709.6)(149.6, 746.2)(136.7, 746.2)(136.7, 849.3)(241.0, 849.3);GATE
Port:(157.6, 715.6)(234.0, 715.6)(234.0, 721.8)(157.6, 721.8);SD
Module:M1
Boundary:(58.2, 708.7)(101.1, 708.7)(101.1, 708.9)(114.4, 708.9)(114.4, 864.5)(58.2, 864.5);GATE
Port:(69.9, 859.7)(102.7, 859.7)(102.7, 864.5)(69.9, 864.5);SD
Port:(58.2, 708.7)(101.1, 708.7)(101.1, 708.9)(114.4, 708.9)(114.4, 858.3)(58.2, 858.3);GATE
Port:(64.1, 713.6)(95.2, 713.6)(95.2, 718.8)(64.1, 718.8);SD
Module:M13
Boundary:(280.5, 709.6)(337.1, 709.6)(337.1, 895.9)(280.5, 895.9);GATE
Port:(292.6, 891.9)(325.0, 891.9)(325.0, 895.9)(292.6, 895.9);SD
Port:(280.5, 709.6)(337.1, 709.6)(337.1, 889.9)(280.5, 889.9);GATE
Port:(286.0, 714.1)(331.6, 714.1)(331.6, 720.0)(286.0, 720.0);SD
Module:M14
Boundary:(30.0, 915.1)(30.0, 985.5)(104.0, 985.5)(104.0, 1000.7)(178.8, 1000.7)(178.8, 915.1);GATE
Port:(174.2, 929.7)(178.8, 929.7)(178.8, 986.1)(174.2, 986.1);SD
Port:(30.0, 915.1)(30.0, 985.5)(104.0, 985.5)(104.0, 1000.7)(172.6, 1000.7)(172.6, 915.1);GATE
Port:(35.9, 922.0)(42.7, 922.0)(42.7, 977.6)(35.9, 977.6);SD
Module:M5
Boundary:(305.2, 902.3)(305.2, 965.7)(305.0, 965.7)(305.0, 980.5)(217.9, 980.5)(217.9, 902.3);GATE
Port:(217.9, 915.3)(222.7, 915.3)(222.7, 967.5)(217.9, 967.5);SD
Port:(305.2, 902.3)(305.2, 965.7)(305.0, 965.7)(305.0, 980.5)(225.4, 980.5)(225.4, 902.3);GATE
Port:(293.8, 908.1)(300.4, 908.1)(300.4, 959.9)(293.8, 959.9);SD
