Area:(10.3, -20.0)(629.0, -20.0)(629.0, 475.5)(10.3, 475.5)
Rule:GATE(5,5);SD(5,5);GATE_SD(0.5);GATE_ITO(0.5);SD_ITO(0.5)
Module:M9
Boundary:(50.3, 133.6)(50.3, 40.1)(60.3, 40.1)(60.3, 24.6)(235.3, 24.6)(235.3, 133.6);GATE
Port:(225.3, 39.1)(235.3, 39.1)(235.3, 119.1)(225.3, 119.1);SD
Port:(50.3, 133.6)(50.3, 40.1)(60.3, 40.1)(60.3, 24.6)(220.3, 24.6)(220.3, 133.6);GATE
Port:(55.3, 54.6)(59.3, 54.6)(59.3, 123.6)(55.3, 123.6);SD
Module:M8
Boundary:(517.7, 21.4)(517.7, 150.9)(531.6, 150.9)(531.6, 166.4)(584.7, 166.4)(584.7, 21.4);GATE
Port:(574.7, 36.0)(584.7, 36.0)(584.7, 151.9)(574.7, 151.9);SD
Port:(517.7, 21.4)(517.7, 150.9)(531.6, 150.9)(531.6, 166.4)(569.7, 166.4)(569.7, 21.4);GATE
Port:(522.7, 31.4)(526.7, 31.4)(526.7, 136.4)(522.7, 136.4);SD
Module:M4
Boundary:(247.8, 20.0)(359.3, 20.0)(359.3, 92.3)(482.8, 92.3)(482.8, 172.0)(247.8, 172.0);GATE
Port:(262.3, 162.0)(468.3, 162.0)(468.3, 172.0)(262.3, 172.0);SD
Port:(247.8, 20.0)(359.3, 20.0)(359.3, 92.3)(482.8, 92.3)(482.8, 157.0)(247.8, 157.0);GATE
Port:(257.8, 25.0)(344.8, 25.0)(344.8, 29.0)(257.8, 29.0);SD
Module:M6
Boundary:(323.0, 208.3)(250.0, 208.3)(250.0, 281.4)(323.0, 281.4);GATE
Port:(264.5, 271.4)(308.5, 271.4)(308.5, 281.4)(264.5, 281.4);SD
Port:(323.0, 208.3)(250.0, 208.3)(250.0, 266.4)(323.0, 266.4);GATE
Port:(260.0, 213.3)(313.0, 213.3)(313.0, 217.3)(260.0, 217.3);SD
Module:M3
Boundary:(450.3, 297.4)(450.3, 224.4)(323.3, 224.4)(323.3, 297.4);GATE
Port:(323.3, 238.9)(333.3, 238.9)(333.3, 282.9)(323.3, 282.9);SD
Port:(450.3, 297.4)(450.3, 224.4)(338.3, 224.4)(338.3, 297.4);GATE
Port:(441.3, 234.4)(445.3, 234.4)(445.3, 287.4)(441.3, 287.4);SD
Module:M7
Boundary:(55.7, 340.3)(167.2, 340.3)(167.2, 253.8)(236.7, 253.8)(236.7, 199.3)(55.7, 199.3);GATE
Port:(70.2, 199.3)(222.2, 199.3)(222.2, 209.3)(70.2, 209.3);SD
Port:(55.7, 340.3)(167.2, 340.3)(167.2, 253.8)(236.7, 253.8)(236.7, 214.3)(55.7, 214.3);GATE
Port:(65.7, 331.3)(152.7, 331.3)(152.7, 335.3)(65.7, 335.3);SD
Module:M2
Boundary:(513.0, 306.6)(513.0, 195.1)(525.0, 195.1)(525.0, 179.6)(589.0, 179.6)(589.0, 306.6);GATE
Port:(579.0, 194.1)(589.0, 194.1)(589.0, 292.1)(579.0, 292.1);SD
Port:(513.0, 306.6)(513.0, 195.1)(525.0, 195.1)(525.0, 179.6)(574.0, 179.6)(574.0, 306.6);GATE
Port:(518.0, 209.6)(522.0, 209.6)(522.0, 296.6)(518.0, 296.6);SD
Module:M5
Boundary:(204.0, 334.3)(204.0, 407.3)(367.0, 407.3)(367.0, 334.3);GATE
Port:(357.0, 348.8)(367.0, 348.8)(367.0, 392.8)(357.0, 392.8);SD
Port:(204.0, 334.3)(204.0, 407.3)(352.0, 407.3)(352.0, 334.3);GATE
Port:(209.0, 344.3)(213.0, 344.3)(213.0, 397.3)(209.0, 397.3);SD
Module:M10
Boundary:(195.7, 344.5)(195.7, 420.5)(187.7, 420.5)(187.7, 435.5)(51.7, 435.5)(51.7, 344.5);GATE
Port:(51.7, 359.0)(61.7, 359.0)(61.7, 421.0)(51.7, 421.0);SD
Port:(195.7, 344.5)(195.7, 420.5)(187.7, 420.5)(187.7, 435.5)(66.7, 435.5)(66.7, 344.5);GATE
Port:(186.7, 354.5)(190.7, 354.5)(190.7, 405.5)(186.7, 405.5);SD
Module:M1
Boundary:(538.2, 339.2)(538.2, 415.2)(530.2, 415.2)(530.2, 430.2)(370.2, 430.2)(370.2, 339.2);GATE
Port:(370.2, 353.7)(380.2, 353.7)(380.2, 415.7)(370.2, 415.7);SD
Port:(538.2, 339.2)(538.2, 415.2)(530.2, 415.2)(530.2, 430.2)(385.2, 430.2)(385.2, 339.2);GATE
Port:(529.2, 349.2)(533.2, 349.2)(533.2, 400.2)(529.2, 400.2);SD
