Area:(-20.0, -20.0)(537.0, -20.0)(537.0, 1595.0)(-20.0, 1595.0)
Rule:GATE(5,5);SD(5,5);GATE_SD(0.5);GATE_ITO(0.5);SD_ITO(0.5)
Module:M14
Boundary:(470.0, 705.0)(470.0, 816.5)(458.0, 816.5)(458.0, 832.0)(376.0, 832.0)(376.0, 705.0);GATE
Port:(376.0, 719.5)(386.0, 719.5)(386.0, 817.5)(376.0, 817.5);SD
Port:(470.0, 705.0)(470.0, 816.5)(458.0, 816.5)(458.0, 832.0)(391.0, 832.0)(391.0, 705.0);GATE
Port:(461.0, 715.0)(465.0, 715.0)(465.0, 802.0)(461.0, 802.0);SD
Module:M9
Boundary:(20.0, 895.0)(93.0, 895.0)(93.0, 1043.0)(20.0, 1043.0);GATE
Port:(34.5, 1033.0)(78.5, 1033.0)(78.5, 1043.0)(34.5, 1043.0);SD
Port:(20.0, 895.0)(93.0, 895.0)(93.0, 1028.0)(20.0, 1028.0);GATE
Port:(30.0, 900.0)(83.0, 900.0)(83.0, 904.0)(30.0, 904.0);SD
Module:M5
Boundary:(20.0, 701.0)(93.0, 701.0)(93.0, 855.0)(20.0, 855.0);GATE
Port:(34.5, 845.0)(78.5, 845.0)(78.5, 855.0)(34.5, 855.0);SD
Port:(20.0, 701.0)(93.0, 701.0)(93.0, 840.0)(20.0, 840.0);GATE
Port:(30.0, 706.0)(83.0, 706.0)(83.0, 710.0)(30.0, 710.0);SD
Module:M11
Boundary:(336.0, 733.0)(336.0, 809.0)(328.0, 809.0)(328.0, 824.0)(142.0, 824.0)(142.0, 733.0);GATE
Port:(142.0, 747.5)(152.0, 747.5)(152.0, 809.5)(142.0, 809.5);SD
Port:(336.0, 733.0)(336.0, 809.0)(328.0, 809.0)(328.0, 824.0)(157.0, 824.0)(157.0, 733.0);GATE
Port:(327.0, 743.0)(331.0, 743.0)(331.0, 794.0)(327.0, 794.0);SD
Module:M1
Boundary:(366.0, 1180.0)(366.0, 1273.5)(356.0, 1273.5)(356.0, 1289.0)(241.0, 1289.0)(241.0, 1180.0);GATE
Port:(241.0, 1194.5)(251.0, 1194.5)(251.0, 1274.5)(241.0, 1274.5);SD
Port:(366.0, 1180.0)(366.0, 1273.5)(356.0, 1273.5)(356.0, 1289.0)(256.0, 1289.0)(256.0, 1180.0);GATE
Port:(357.0, 1190.0)(361.0, 1190.0)(361.0, 1259.0)(357.0, 1259.0);SD
Module:M24
Boundary:(20.0, 1250.0)(131.5, 1250.0)(131.5, 1262.0)(147.0, 1262.0)(147.0, 1447.0)(20.0, 1447.0);GATE
Port:(34.5, 1437.0)(132.5, 1437.0)(132.5, 1447.0)(34.5, 1447.0);SD
Port:(20.0, 1250.0)(131.5, 1250.0)(131.5, 1262.0)(147.0, 1262.0)(147.0, 1432.0)(20.0, 1432.0);GATE
Port:(30.0, 1255.0)(117.0, 1255.0)(117.0, 1259.0)(30.0, 1259.0);SD
Module:M19
Boundary:(20.0, 1086.0)(167.5, 1086.0)(167.5, 1141.2)(201.0, 1141.2)(201.0, 1210.0)(20.0, 1210.0);GATE
Port:(34.5, 1200.0)(186.5, 1200.0)(186.5, 1210.0)(34.5, 1210.0);SD
Port:(20.0, 1086.0)(167.5, 1086.0)(167.5, 1141.2)(201.0, 1141.2)(201.0, 1195.0)(20.0, 1195.0);GATE
Port:(30.0, 1091.0)(153.0, 1091.0)(153.0, 1095.0)(30.0, 1095.0);SD
Module:M6
Boundary:(107.0, 259.0)(107.0, 406.5)(91.0, 406.5)(91.0, 422.0)(20.0, 422.0)(20.0, 259.0);GATE
Port:(20.0, 273.5)(30.0, 273.5)(30.0, 407.5)(20.0, 407.5);SD
Port:(107.0, 259.0)(107.0, 406.5)(91.0, 406.5)(91.0, 422.0)(35.0, 422.0)(35.0, 259.0);GATE
Port:(98.0, 269.0)(102.0, 269.0)(102.0, 392.0)(98.0, 392.0);SD
Module:M21
Boundary:(102.0, 462.0)(102.0, 609.5)(61.9, 609.5)(61.9, 661.0)(20.0, 661.0)(20.0, 462.0);GATE
Port:(20.0, 476.5)(30.0, 476.5)(30.0, 646.5)(20.0, 646.5);SD
Port:(102.0, 462.0)(102.0, 609.5)(61.9, 609.5)(61.9, 661.0)(35.0, 661.0)(35.0, 462.0);GATE
Port:(93.0, 472.0)(97.0, 472.0)(97.0, 595.0)(93.0, 595.0);SD
Module:M2
Boundary:(142.0, 864.0)(289.5, 864.0)(289.5, 887.0)(305.0, 887.0)(305.0, 932.0)(142.0, 932.0);GATE
Port:(156.5, 922.0)(290.5, 922.0)(290.5, 932.0)(156.5, 932.0);SD
Port:(142.0, 864.0)(289.5, 864.0)(289.5, 887.0)(305.0, 887.0)(305.0, 917.0)(142.0, 917.0);GATE
Port:(152.0, 869.0)(275.0, 869.0)(275.0, 873.0)(152.0, 873.0);SD
Module:M16
Boundary:(340.0, 1329.0)(340.0, 1458.5)(262.7, 1458.5)(262.7, 1546.0)(187.0, 1546.0)(187.0, 1329.0);GATE
Port:(187.0, 1343.5)(197.0, 1343.5)(197.0, 1531.5)(187.0, 1531.5);SD
Port:(340.0, 1329.0)(340.0, 1458.5)(262.7, 1458.5)(262.7, 1546.0)(202.0, 1546.0)(202.0, 1329.0);GATE
Port:(331.0, 1339.0)(335.0, 1339.0)(335.0, 1444.0)(331.0, 1444.0);SD
Module:M13
Boundary:(470.0, 151.0)(470.0, 280.5)(456.0, 280.5)(456.0, 296.0)(296.0, 296.0)(296.0, 151.0);GATE
Port:(296.0, 165.5)(306.0, 165.5)(306.0, 281.5)(296.0, 281.5);SD
Port:(470.0, 151.0)(470.0, 280.5)(456.0, 280.5)(456.0, 296.0)(311.0, 296.0)(311.0, 151.0);GATE
Port:(461.0, 161.0)(465.0, 161.0)(465.0, 266.0)(461.0, 266.0);SD
Module:M10
Boundary:(125.0, 20.0)(125.0, 113.5)(72.7, 113.5)(72.7, 219.0)(20.0, 219.0)(20.0, 20.0);GATE
Port:(20.0, 34.5)(30.0, 34.5)(30.0, 204.5)(20.0, 204.5);SD
Port:(125.0, 20.0)(125.0, 113.5)(72.7, 113.5)(72.7, 219.0)(35.0, 219.0)(35.0, 20.0);GATE
Port:(116.0, 30.0)(120.0, 30.0)(120.0, 99.0)(116.0, 99.0);SD
Module:M7
Boundary:(497.0, 1374.0)(497.0, 1449.5)(451.3, 1449.5)(451.3, 1555.0)(380.0, 1555.0)(380.0, 1374.0);GATE
Port:(380.0, 1388.5)(390.0, 1388.5)(390.0, 1540.5)(380.0, 1540.5);SD
Port:(497.0, 1374.0)(497.0, 1449.5)(451.3, 1449.5)(451.3, 1555.0)(395.0, 1555.0)(395.0, 1374.0);GATE
Port:(488.0, 1384.0)(492.0, 1384.0)(492.0, 1435.0)(488.0, 1435.0);SD
Module:M3
Boundary:(406.0, 1180.0)(482.0, 1180.0)(482.0, 1188.0)(497.0, 1188.0)(497.0, 1334.0)(406.0, 1334.0);GATE
Port:(420.5, 1324.0)(482.5, 1324.0)(482.5, 1334.0)(420.5, 1334.0);SD
Port:(406.0, 1180.0)(482.0, 1180.0)(482.0, 1188.0)(497.0, 1188.0)(497.0, 1319.0)(406.0, 1319.0);GATE
Port:(416.0, 1185.0)(467.0, 1185.0)(467.0, 1189.0)(416.0, 1189.0);SD
Module:M23
Boundary:(147.0, 336.0)(294.5, 336.0)(294.5, 425.0)(490.0, 425.0)(490.0, 462.0)(147.0, 462.0);GATE
Port:(161.5, 452.0)(475.5, 452.0)(475.5, 462.0)(161.5, 462.0);SD
Port:(147.0, 336.0)(294.5, 336.0)(294.5, 425.0)(490.0, 425.0)(490.0, 447.0)(147.0, 447.0);GATE
Port:(157.0, 341.0)(280.0, 341.0)(280.0, 345.0)(157.0, 345.0);SD
Module:M18
Boundary:(476.0, 20.0)(476.0, 96.0)(468.0, 96.0)(468.0, 111.0)(293.0, 111.0)(293.0, 20.0);GATE
Port:(293.0, 34.5)(303.0, 34.5)(303.0, 96.5)(293.0, 96.5);SD
Port:(476.0, 20.0)(476.0, 96.0)(468.0, 96.0)(468.0, 111.0)(308.0, 111.0)(308.0, 20.0);GATE
Port:(467.0, 30.0)(471.0, 30.0)(471.0, 81.0)(467.0, 81.0);SD
Module:M20
Boundary:(133.0, 972.0)(209.0, 972.0)(209.0, 980.0)(224.0, 980.0)(224.0, 1046.0)(133.0, 1046.0);GATE
Port:(147.5, 1036.0)(209.5, 1036.0)(209.5, 1046.0)(147.5, 1046.0);SD
Port:(133.0, 972.0)(209.0, 972.0)(209.0, 980.0)(224.0, 980.0)(224.0, 1031.0)(133.0, 1031.0);GATE
Port:(143.0, 977.0)(194.0, 977.0)(194.0, 981.0)(143.0, 981.0);SD
Module:M15
Boundary:(495.0, 502.0)(495.0, 649.5)(479.0, 649.5)(479.0, 665.0)(363.0, 665.0)(363.0, 502.0);GATE
Port:(363.0, 516.5)(373.0, 516.5)(373.0, 650.5)(363.0, 650.5);SD
Port:(495.0, 502.0)(495.0, 649.5)(479.0, 649.5)(479.0, 665.0)(378.0, 665.0)(378.0, 502.0);GATE
Port:(486.0, 512.0)(490.0, 512.0)(490.0, 635.0)(486.0, 635.0);SD
Module:M12
Boundary:(345.0, 872.0)(456.5, 872.0)(456.5, 895.6)(490.0, 895.6)(490.0, 937.0)(345.0, 937.0);GATE
Port:(359.5, 927.0)(475.5, 927.0)(475.5, 937.0)(359.5, 937.0);SD
Port:(345.0, 872.0)(456.5, 872.0)(456.5, 895.6)(490.0, 895.6)(490.0, 922.0)(345.0, 922.0);GATE
Port:(355.0, 877.0)(442.0, 877.0)(442.0, 881.0)(355.0, 881.0);SD
Module:M8
Boundary:(459.0, 977.0)(459.0, 1124.5)(443.0, 1124.5)(443.0, 1140.0)(264.0, 1140.0)(264.0, 977.0);GATE
Port:(264.0, 991.5)(274.0, 991.5)(274.0, 1125.5)(264.0, 1125.5);SD
Port:(459.0, 977.0)(459.0, 1124.5)(443.0, 1124.5)(443.0, 1140.0)(279.0, 1140.0)(279.0, 977.0);GATE
Port:(450.0, 987.0)(454.0, 987.0)(454.0, 1110.0)(450.0, 1110.0);SD
Module:M4
Boundary:(165.0, 187.0)(241.0, 187.0)(241.0, 195.0)(256.0, 195.0)(256.0, 283.0)(165.0, 283.0);GATE
Port:(179.5, 273.0)(241.5, 273.0)(241.5, 283.0)(179.5, 283.0);SD
Port:(165.0, 187.0)(241.0, 187.0)(241.0, 195.0)(256.0, 195.0)(256.0, 268.0)(165.0, 268.0);GATE
Port:(175.0, 192.0)(226.0, 192.0)(226.0, 196.0)(175.0, 196.0);SD
Module:M25
Boundary:(253.0, 20.0)(253.0, 131.5)(241.0, 131.5)(241.0, 147.0)(165.0, 147.0)(165.0, 20.0);GATE
Port:(165.0, 34.5)(175.0, 34.5)(175.0, 132.5)(165.0, 132.5);SD
Port:(253.0, 20.0)(253.0, 131.5)(241.0, 131.5)(241.0, 147.0)(180.0, 147.0)(180.0, 20.0);GATE
Port:(244.0, 30.0)(248.0, 30.0)(248.0, 117.0)(244.0, 117.0);SD
Module:M22
Boundary:(142.0, 502.0)(289.5, 502.0)(289.5, 590.8)(323.0, 590.8)(323.0, 693.0)(142.0, 693.0);GATE
Port:(156.5, 683.0)(308.5, 683.0)(308.5, 693.0)(156.5, 693.0);SD
Port:(142.0, 502.0)(289.5, 502.0)(289.5, 590.8)(323.0, 590.8)(323.0, 678.0)(142.0, 678.0);GATE
Port:(152.0, 507.0)(275.0, 507.0)(275.0, 511.0)(152.0, 511.0);SD
Module:M17
Boundary:(20.0, 1487.0)(131.5, 1487.0)(131.5, 1499.0)(147.0, 1499.0)(147.0, 1555.0)(20.0, 1555.0);GATE
Port:(34.5, 1545.0)(132.5, 1545.0)(132.5, 1555.0)(34.5, 1555.0);SD
Port:(20.0, 1487.0)(131.5, 1487.0)(131.5, 1499.0)(147.0, 1499.0)(147.0, 1540.0)(20.0, 1540.0);GATE
Port:(30.0, 1492.0)(117.0, 1492.0)(117.0, 1496.0)(30.0, 1496.0);SD
