Area:(-20.0, 4.7)(227.0, 4.7)(227.0, 662.3)(-20.0, 662.3)
Rule:GATE(5,5);SD(5,5);GATE_SD(0.5);GATE_ITO(0.5);SD_ITO(0.5)
Module:M3
Boundary:(167.2, 174.7)(37.7, 174.7)(37.7, 160.7)(22.2, 160.7)(22.2, 44.7)(167.2, 44.7);GATE
Port:(36.7, 44.7)(152.7, 44.7)(152.7, 54.7)(36.7, 54.7);SD
Port:(167.2, 174.7)(37.7, 174.7)(37.7, 160.7)(22.2, 160.7)(22.2, 59.7)(167.2, 59.7);GATE
Port:(52.2, 165.7)(157.2, 165.7)(157.2, 169.7)(52.2, 169.7);SD
Module:M1
Boundary:(20.0, 229.9)(167.5, 229.9)(167.5, 245.9)(183.0, 245.9)(183.0, 307.9)(20.0, 307.9);GATE
Port:(34.5, 297.9)(168.5, 297.9)(168.5, 307.9)(34.5, 307.9);SD
Port:(20.0, 229.9)(167.5, 229.9)(167.5, 245.9)(183.0, 245.9)(183.0, 292.9)(20.0, 292.9);GATE
Port:(30.0, 234.9)(153.0, 234.9)(153.0, 238.9)(30.0, 238.9);SD
Module:M2
Boundary:(187.0, 386.5)(187.0, 313.5)(20.0, 313.5)(20.0, 386.5);GATE
Port:(20.0, 328.0)(30.0, 328.0)(30.0, 372.0)(20.0, 372.0);SD
Port:(187.0, 386.5)(187.0, 313.5)(35.0, 313.5)(35.0, 386.5);GATE
Port:(178.0, 323.5)(182.0, 323.5)(182.0, 376.5)(178.0, 376.5);SD
Module:M5
Boundary:(30.3, 507.7)(30.3, 414.2)(40.3, 414.2)(40.3, 398.7)(177.3, 398.7)(177.3, 507.7);GATE
Port:(167.3, 413.2)(177.3, 413.2)(177.3, 493.2)(167.3, 493.2);SD
Port:(30.3, 507.7)(30.3, 414.2)(40.3, 414.2)(40.3, 398.7)(162.3, 398.7)(162.3, 507.7);GATE
Port:(35.3, 428.7)(39.3, 428.7)(39.3, 497.7)(35.3, 497.7);SD
Module:M4
Boundary:(47.8, 622.3)(123.8, 622.3)(123.8, 614.3)(138.8, 614.3)(138.8, 538.3)(47.8, 538.3);GATE
Port:(62.3, 538.3)(124.3, 538.3)(124.3, 548.3)(62.3, 548.3);SD
Port:(47.8, 622.3)(123.8, 622.3)(123.8, 614.3)(138.8, 614.3)(138.8, 553.3)(47.8, 553.3);GATE
Port:(57.8, 613.3)(108.8, 613.3)(108.8, 617.3)(57.8, 617.3);SD
