Area:(-20.0, -20.0)(1697.0, -20.0)(1697.0, 944.0)(-20.0, 944.0)
Rule:GATE(5,5);SD(5,5);GATE_SD(0.5);GATE_ITO(0.5);SD_ITO(0.5)
Module:M49
Boundary:(1633.0, 20.0)(1633.0, 93.0)(1467.0, 93.0)(1467.0, 20.0);GATE
Port:(1467.0, 34.5)(1477.0, 34.5)(1477.0, 78.5)(1467.0, 78.5);SD
Port:(1633.0, 20.0)(1633.0, 93.0)(1482.0, 93.0)(1482.0, 20.0);GATE
Port:(1624.0, 30.0)(1628.0, 30.0)(1628.0, 83.0)(1624.0, 83.0);SD
Module:M14
Boundary:(1125.0, 569.0)(1236.5, 569.0)(1236.5, 581.0)(1252.0, 581.0)(1252.0, 740.0)(1125.0, 740.0);GATE
Port:(1139.5, 730.0)(1237.5, 730.0)(1237.5, 740.0)(1139.5, 740.0);SD
Port:(1125.0, 569.0)(1236.5, 569.0)(1236.5, 581.0)(1252.0, 581.0)(1252.0, 725.0)(1125.0, 725.0);GATE
Port:(1135.0, 574.0)(1222.0, 574.0)(1222.0, 578.0)(1135.0, 578.0);SD
Module:M9
Boundary:(1098.0, 151.0)(1098.0, 262.5)(1086.0, 262.5)(1086.0, 278.0)(958.0, 278.0)(958.0, 151.0);GATE
Port:(958.0, 165.5)(968.0, 165.5)(968.0, 263.5)(958.0, 263.5);SD
Port:(1098.0, 151.0)(1098.0, 262.5)(1086.0, 262.5)(1086.0, 278.0)(973.0, 278.0)(973.0, 151.0);GATE
Port:(1089.0, 161.0)(1093.0, 161.0)(1093.0, 248.0)(1089.0, 248.0);SD
Module:M5
Boundary:(503.0, 20.0)(576.0, 20.0)(576.0, 164.0)(503.0, 164.0);GATE
Port:(517.5, 154.0)(561.5, 154.0)(561.5, 164.0)(517.5, 164.0);SD
Port:(503.0, 20.0)(576.0, 20.0)(576.0, 149.0)(503.0, 149.0);GATE
Port:(513.0, 25.0)(566.0, 25.0)(566.0, 29.0)(513.0, 29.0);SD
Module:M46
Boundary:(685.0, 717.0)(814.5, 717.0)(814.5, 848.8)(920.0, 848.8)(920.0, 902.0)(685.0, 902.0);GATE
Port:(699.5, 892.0)(905.5, 892.0)(905.5, 902.0)(699.5, 902.0);SD
Port:(685.0, 717.0)(814.5, 717.0)(814.5, 848.8)(920.0, 848.8)(920.0, 887.0)(685.0, 887.0);GATE
Port:(695.0, 722.0)(800.0, 722.0)(800.0, 726.0)(695.0, 726.0);SD
Module:M11
Boundary:(169.0, 688.0)(242.0, 688.0)(242.0, 770.0)(169.0, 770.0);GATE
Port:(183.5, 760.0)(227.5, 760.0)(227.5, 770.0)(183.5, 770.0);SD
Port:(169.0, 688.0)(242.0, 688.0)(242.0, 755.0)(169.0, 755.0);GATE
Port:(179.0, 693.0)(232.0, 693.0)(232.0, 697.0)(179.0, 697.0);SD
Module:M1
Boundary:(124.0, 531.0)(124.0, 624.5)(114.0, 624.5)(114.0, 640.0)(20.0, 640.0)(20.0, 531.0);GATE
Port:(20.0, 545.5)(30.0, 545.5)(30.0, 625.5)(20.0, 625.5);SD
Port:(124.0, 531.0)(124.0, 624.5)(114.0, 624.5)(114.0, 640.0)(35.0, 640.0)(35.0, 531.0);GATE
Port:(115.0, 541.0)(119.0, 541.0)(119.0, 610.0)(115.0, 610.0);SD
Module:M43
Boundary:(362.0, 20.0)(362.0, 93.0)(225.0, 93.0)(225.0, 20.0);GATE
Port:(225.0, 34.5)(235.0, 34.5)(235.0, 78.5)(225.0, 78.5);SD
Port:(362.0, 20.0)(362.0, 93.0)(240.0, 93.0)(240.0, 20.0);GATE
Port:(353.0, 30.0)(357.0, 30.0)(357.0, 83.0)(353.0, 83.0);SD
Module:M38
Boundary:(451.0, 487.0)(451.0, 580.5)(441.0, 580.5)(441.0, 596.0)(292.0, 596.0)(292.0, 487.0);GATE
Port:(292.0, 501.5)(302.0, 501.5)(302.0, 581.5)(292.0, 581.5);SD
Port:(451.0, 487.0)(451.0, 580.5)(441.0, 580.5)(441.0, 596.0)(307.0, 596.0)(307.0, 487.0);GATE
Port:(442.0, 497.0)(446.0, 497.0)(446.0, 566.0)(442.0, 566.0);SD
Module:M40
Boundary:(922.0, 545.0)(1051.5, 545.0)(1051.5, 575.6)(1085.0, 575.6)(1085.0, 622.0)(922.0, 622.0);GATE
Port:(936.5, 612.0)(1070.5, 612.0)(1070.5, 622.0)(936.5, 622.0);SD
Port:(922.0, 545.0)(1051.5, 545.0)(1051.5, 575.6)(1085.0, 575.6)(1085.0, 607.0)(922.0, 607.0);GATE
Port:(932.0, 550.0)(1037.0, 550.0)(1037.0, 554.0)(932.0, 554.0);SD
Module:M35
Boundary:(1202.0, 780.0)(1202.0, 873.5)(1191.0, 873.5)(1191.0, 889.0)(1125.0, 889.0)(1125.0, 780.0);GATE
Port:(1125.0, 794.5)(1135.0, 794.5)(1135.0, 874.5)(1125.0, 874.5);SD
Port:(1202.0, 780.0)(1202.0, 873.5)(1191.0, 873.5)(1191.0, 889.0)(1140.0, 889.0)(1140.0, 780.0);GATE
Port:(1193.0, 790.0)(1197.0, 790.0)(1197.0, 859.0)(1193.0, 859.0);SD
Module:M32
Boundary:(817.0, 161.0)(893.0, 161.0)(893.0, 169.0)(908.0, 169.0)(908.0, 254.0)(817.0, 254.0);GATE
Port:(831.5, 244.0)(893.5, 244.0)(893.5, 254.0)(831.5, 254.0);SD
Port:(817.0, 161.0)(893.0, 161.0)(893.0, 169.0)(908.0, 169.0)(908.0, 239.0)(817.0, 239.0);GATE
Port:(827.0, 166.0)(878.0, 166.0)(878.0, 170.0)(827.0, 170.0);SD
Module:M27
Boundary:(1003.0, 20.0)(1003.0, 96.0)(995.0, 96.0)(995.0, 111.0)(807.0, 111.0)(807.0, 20.0);GATE
Port:(807.0, 34.5)(817.0, 34.5)(817.0, 96.5)(807.0, 96.5);SD
Port:(1003.0, 20.0)(1003.0, 96.0)(995.0, 96.0)(995.0, 111.0)(822.0, 111.0)(822.0, 20.0);GATE
Port:(994.0, 30.0)(998.0, 30.0)(998.0, 81.0)(994.0, 81.0);SD
Module:M24
Boundary:(513.0, 215.0)(624.5, 215.0)(624.5, 227.0)(640.0, 227.0)(640.0, 278.0)(513.0, 278.0);GATE
Port:(527.5, 268.0)(625.5, 268.0)(625.5, 278.0)(527.5, 278.0);SD
Port:(513.0, 215.0)(624.5, 215.0)(624.5, 227.0)(640.0, 227.0)(640.0, 263.0)(513.0, 263.0);GATE
Port:(523.0, 220.0)(610.0, 220.0)(610.0, 224.0)(523.0, 224.0);SD
Module:M19
Boundary:(327.0, 133.0)(327.0, 280.5)(311.0, 280.5)(311.0, 296.0)(208.0, 296.0)(208.0, 133.0);GATE
Port:(208.0, 147.5)(218.0, 147.5)(218.0, 281.5)(208.0, 281.5);SD
Port:(327.0, 133.0)(327.0, 280.5)(311.0, 280.5)(311.0, 296.0)(223.0, 296.0)(223.0, 133.0);GATE
Port:(318.0, 143.0)(322.0, 143.0)(322.0, 266.0)(318.0, 266.0);SD
Module:M6
Boundary:(1364.0, 784.0)(1364.0, 877.5)(1354.0, 877.5)(1354.0, 893.0)(1242.0, 893.0)(1242.0, 784.0);GATE
Port:(1242.0, 798.5)(1252.0, 798.5)(1252.0, 878.5)(1242.0, 878.5);SD
Port:(1364.0, 784.0)(1364.0, 877.5)(1354.0, 877.5)(1354.0, 893.0)(1257.0, 893.0)(1257.0, 784.0);GATE
Port:(1355.0, 794.0)(1359.0, 794.0)(1359.0, 863.0)(1355.0, 863.0);SD
Module:M21
Boundary:(1262.0, 366.0)(1262.0, 513.5)(1246.0, 513.5)(1246.0, 529.0)(1133.0, 529.0)(1133.0, 366.0);GATE
Port:(1133.0, 380.5)(1143.0, 380.5)(1143.0, 514.5)(1133.0, 514.5);SD
Port:(1262.0, 366.0)(1262.0, 513.5)(1246.0, 513.5)(1246.0, 529.0)(1148.0, 529.0)(1148.0, 366.0);GATE
Port:(1253.0, 376.0)(1257.0, 376.0)(1257.0, 499.0)(1253.0, 499.0);SD
Module:M2
Boundary:(690.0, 205.0)(763.0, 205.0)(763.0, 268.0)(690.0, 268.0);GATE
Port:(704.5, 258.0)(748.5, 258.0)(748.5, 268.0)(704.5, 268.0);SD
Port:(690.0, 205.0)(763.0, 205.0)(763.0, 253.0)(690.0, 253.0);GATE
Port:(700.0, 210.0)(753.0, 210.0)(753.0, 214.0)(700.0, 214.0);SD
Module:M16
Boundary:(1148.0, 161.0)(1221.0, 161.0)(1221.0, 310.0)(1148.0, 310.0);GATE
Port:(1162.5, 300.0)(1206.5, 300.0)(1206.5, 310.0)(1162.5, 310.0);SD
Port:(1148.0, 161.0)(1221.0, 161.0)(1221.0, 295.0)(1148.0, 295.0);GATE
Port:(1158.0, 166.0)(1211.0, 166.0)(1211.0, 170.0)(1158.0, 170.0);SD
Module:M48
Boundary:(461.0, 336.0)(461.0, 412.0)(453.0, 412.0)(453.0, 427.0)(374.0, 427.0)(374.0, 336.0);GATE
Port:(374.0, 350.5)(384.0, 350.5)(384.0, 412.5)(374.0, 412.5);SD
Port:(461.0, 336.0)(461.0, 412.0)(453.0, 412.0)(453.0, 427.0)(389.0, 427.0)(389.0, 336.0);GATE
Port:(452.0, 346.0)(456.0, 346.0)(456.0, 397.0)(452.0, 397.0);SD
Module:M13
Boundary:(20.0, 680.0)(113.5, 680.0)(113.5, 690.0)(129.0, 690.0)(129.0, 746.0)(20.0, 746.0);GATE
Port:(34.5, 736.0)(114.5, 736.0)(114.5, 746.0)(34.5, 746.0);SD
Port:(20.0, 680.0)(113.5, 680.0)(113.5, 690.0)(129.0, 690.0)(129.0, 731.0)(20.0, 731.0);GATE
Port:(30.0, 685.0)(99.0, 685.0)(99.0, 689.0)(30.0, 689.0);SD
Module:M50
Boundary:(1651.0, 316.0)(1651.0, 392.0)(1643.0, 392.0)(1643.0, 407.0)(1476.0, 407.0)(1476.0, 316.0);GATE
Port:(1476.0, 330.5)(1486.0, 330.5)(1486.0, 392.5)(1476.0, 392.5);SD
Port:(1651.0, 316.0)(1651.0, 392.0)(1643.0, 392.0)(1643.0, 407.0)(1491.0, 407.0)(1491.0, 316.0);GATE
Port:(1642.0, 326.0)(1646.0, 326.0)(1646.0, 377.0)(1642.0, 377.0);SD
Module:M45
Boundary:(158.0, 143.0)(158.0, 290.5)(142.0, 290.5)(142.0, 306.0)(30.0, 306.0)(30.0, 143.0);GATE
Port:(30.0, 157.5)(40.0, 157.5)(40.0, 291.5)(30.0, 291.5);SD
Port:(158.0, 143.0)(158.0, 290.5)(142.0, 290.5)(142.0, 306.0)(45.0, 306.0)(45.0, 143.0);GATE
Port:(149.0, 153.0)(153.0, 153.0)(153.0, 276.0)(149.0, 276.0);SD
Module:M10
Boundary:(796.0, 308.0)(869.0, 308.0)(869.0, 458.0)(796.0, 458.0);GATE
Port:(810.5, 448.0)(854.5, 448.0)(854.5, 458.0)(810.5, 458.0);SD
Port:(796.0, 308.0)(869.0, 308.0)(869.0, 443.0)(796.0, 443.0);GATE
Port:(806.0, 313.0)(859.0, 313.0)(859.0, 317.0)(806.0, 317.0);SD
Module:M42
Boundary:(367.0, 151.0)(443.0, 151.0)(443.0, 159.0)(458.0, 159.0)(458.0, 296.0)(367.0, 296.0);GATE
Port:(381.5, 286.0)(443.5, 286.0)(443.5, 296.0)(381.5, 296.0);SD
Port:(367.0, 151.0)(443.0, 151.0)(443.0, 159.0)(458.0, 159.0)(458.0, 281.0)(367.0, 281.0);GATE
Port:(377.0, 156.0)(428.0, 156.0)(428.0, 160.0)(377.0, 160.0);SD
Module:M37
Boundary:(882.0, 532.0)(882.0, 589.5)(827.8, 589.5)(827.8, 677.0)(722.0, 677.0)(722.0, 532.0);GATE
Port:(722.0, 546.5)(732.0, 546.5)(732.0, 662.5)(722.0, 662.5);SD
Port:(882.0, 532.0)(882.0, 589.5)(827.8, 589.5)(827.8, 677.0)(737.0, 677.0)(737.0, 532.0);GATE
Port:(873.0, 542.0)(877.0, 542.0)(877.0, 575.0)(873.0, 575.0);SD
Module:M34
Boundary:(450.0, 646.0)(450.0, 757.5)(438.0, 757.5)(438.0, 773.0)(282.0, 773.0)(282.0, 646.0);GATE
Port:(282.0, 660.5)(292.0, 660.5)(292.0, 758.5)(282.0, 758.5);SD
Port:(450.0, 646.0)(450.0, 757.5)(438.0, 757.5)(438.0, 773.0)(297.0, 773.0)(297.0, 646.0);GATE
Port:(441.0, 656.0)(445.0, 656.0)(445.0, 743.0)(441.0, 743.0);SD
Module:M29
Boundary:(1415.0, 696.0)(1562.5, 696.0)(1562.5, 828.4)(1650.0, 828.4)(1650.0, 887.0)(1415.0, 887.0);GATE
Port:(1429.5, 877.0)(1635.5, 877.0)(1635.5, 887.0)(1429.5, 887.0);SD
Port:(1415.0, 696.0)(1562.5, 696.0)(1562.5, 828.4)(1650.0, 828.4)(1650.0, 872.0)(1415.0, 872.0);GATE
Port:(1425.0, 701.0)(1548.0, 701.0)(1548.0, 705.0)(1425.0, 705.0);SD
Module:M7
Boundary:(503.0, 328.0)(650.5, 328.0)(650.5, 442.6)(756.0, 442.6)(756.0, 492.0)(503.0, 492.0);GATE
Port:(517.5, 482.0)(741.5, 482.0)(741.5, 492.0)(517.5, 492.0);SD
Port:(503.0, 328.0)(650.5, 328.0)(650.5, 442.6)(756.0, 442.6)(756.0, 477.0)(503.0, 477.0);GATE
Port:(513.0, 333.0)(636.0, 333.0)(636.0, 337.0)(513.0, 337.0);SD
Module:M31
Boundary:(460.0, 813.0)(460.0, 889.0)(452.0, 889.0)(452.0, 904.0)(356.0, 904.0)(356.0, 813.0);GATE
Port:(356.0, 827.5)(366.0, 827.5)(366.0, 889.5)(356.0, 889.5);SD
Port:(460.0, 813.0)(460.0, 889.0)(452.0, 889.0)(452.0, 904.0)(371.0, 904.0)(371.0, 813.0);GATE
Port:(451.0, 823.0)(455.0, 823.0)(455.0, 874.0)(451.0, 874.0);SD
Module:M3
Boundary:(1651.0, 447.0)(1651.0, 558.5)(1513.8, 558.5)(1513.8, 646.0)(1453.0, 646.0)(1453.0, 447.0);GATE
Port:(1453.0, 461.5)(1463.0, 461.5)(1463.0, 631.5)(1453.0, 631.5);SD
Port:(1651.0, 447.0)(1651.0, 558.5)(1513.8, 558.5)(1513.8, 646.0)(1468.0, 646.0)(1468.0, 447.0);GATE
Port:(1642.0, 457.0)(1646.0, 457.0)(1646.0, 544.0)(1642.0, 544.0);SD
Module:M26
Boundary:(682.0, 532.0)(682.0, 605.0)(503.0, 605.0)(503.0, 532.0);GATE
Port:(503.0, 546.5)(513.0, 546.5)(513.0, 590.5)(503.0, 590.5);SD
Port:(682.0, 532.0)(682.0, 605.0)(518.0, 605.0)(518.0, 532.0);GATE
Port:(673.0, 542.0)(677.0, 542.0)(677.0, 595.0)(673.0, 595.0);SD
Module:M23
Boundary:(1093.0, 318.0)(1093.0, 391.0)(909.0, 391.0)(909.0, 318.0);GATE
Port:(909.0, 332.5)(919.0, 332.5)(919.0, 376.5)(909.0, 376.5);SD
Port:(1093.0, 318.0)(1093.0, 391.0)(924.0, 391.0)(924.0, 318.0);GATE
Port:(1084.0, 328.0)(1088.0, 328.0)(1088.0, 381.0)(1084.0, 381.0);SD
Module:M18
Boundary:(1476.0, 133.0)(1587.5, 133.0)(1587.5, 193.2)(1657.0, 193.2)(1657.0, 276.0)(1476.0, 276.0);GATE
Port:(1490.5, 266.0)(1642.5, 266.0)(1642.5, 276.0)(1490.5, 276.0);SD
Port:(1476.0, 133.0)(1587.5, 133.0)(1587.5, 193.2)(1657.0, 193.2)(1657.0, 261.0)(1476.0, 261.0);GATE
Port:(1486.0, 138.0)(1573.0, 138.0)(1573.0, 142.0)(1486.0, 142.0);SD
Module:M20
Boundary:(1224.0, 20.0)(1224.0, 96.0)(1216.0, 96.0)(1216.0, 111.0)(1043.0, 111.0)(1043.0, 20.0);GATE
Port:(1043.0, 34.5)(1053.0, 34.5)(1053.0, 96.5)(1043.0, 96.5);SD
Port:(1224.0, 20.0)(1224.0, 96.0)(1216.0, 96.0)(1216.0, 111.0)(1058.0, 111.0)(1058.0, 20.0);GATE
Port:(1215.0, 30.0)(1219.0, 30.0)(1219.0, 81.0)(1215.0, 81.0);SD
Module:M15
Boundary:(1281.0, 144.0)(1410.5, 144.0)(1410.5, 158.0)(1426.0, 158.0)(1426.0, 316.0)(1281.0, 316.0);GATE
Port:(1295.5, 306.0)(1411.5, 306.0)(1411.5, 316.0)(1295.5, 316.0);SD
Port:(1281.0, 144.0)(1410.5, 144.0)(1410.5, 158.0)(1426.0, 158.0)(1426.0, 301.0)(1281.0, 301.0);GATE
Port:(1291.0, 149.0)(1396.0, 149.0)(1396.0, 153.0)(1291.0, 153.0);SD
Module:M47
Boundary:(922.0, 431.0)(1069.5, 431.0)(1069.5, 447.0)(1085.0, 447.0)(1085.0, 505.0)(922.0, 505.0);GATE
Port:(936.5, 495.0)(1070.5, 495.0)(1070.5, 505.0)(936.5, 505.0);SD
Port:(922.0, 431.0)(1069.5, 431.0)(1069.5, 447.0)(1085.0, 447.0)(1085.0, 490.0)(922.0, 490.0);GATE
Port:(932.0, 436.0)(1055.0, 436.0)(1055.0, 440.0)(932.0, 440.0);SD
Module:M12
Boundary:(185.0, 20.0)(185.0, 93.0)(20.0, 93.0)(20.0, 20.0);GATE
Port:(20.0, 34.5)(30.0, 34.5)(30.0, 78.5)(20.0, 78.5);SD
Port:(185.0, 20.0)(185.0, 93.0)(35.0, 93.0)(35.0, 20.0);GATE
Port:(176.0, 30.0)(180.0, 30.0)(180.0, 83.0)(176.0, 83.0);SD
Module:M44
Boundary:(767.0, 20.0)(767.0, 113.5)(722.5, 113.5)(722.5, 165.0)(616.0, 165.0)(616.0, 20.0);GATE
Port:(616.0, 34.5)(626.0, 34.5)(626.0, 150.5)(616.0, 150.5);SD
Port:(767.0, 20.0)(767.0, 113.5)(722.5, 113.5)(722.5, 165.0)(631.0, 165.0)(631.0, 20.0);GATE
Port:(758.0, 30.0)(762.0, 30.0)(762.0, 99.0)(758.0, 99.0);SD
Module:M39
Boundary:(197.0, 366.0)(308.5, 366.0)(308.5, 378.0)(324.0, 378.0)(324.0, 427.0)(197.0, 427.0);GATE
Port:(211.5, 417.0)(309.5, 417.0)(309.5, 427.0)(211.5, 427.0);SD
Port:(197.0, 366.0)(308.5, 366.0)(308.5, 378.0)(324.0, 378.0)(324.0, 412.0)(197.0, 412.0);GATE
Port:(207.0, 371.0)(294.0, 371.0)(294.0, 375.0)(207.0, 375.0);SD
Module:M8
Boundary:(1312.0, 376.0)(1388.0, 376.0)(1388.0, 384.0)(1403.0, 384.0)(1403.0, 544.0)(1312.0, 544.0);GATE
Port:(1326.5, 534.0)(1388.5, 534.0)(1388.5, 544.0)(1326.5, 544.0);SD
Port:(1312.0, 376.0)(1388.0, 376.0)(1388.0, 384.0)(1403.0, 384.0)(1403.0, 529.0)(1312.0, 529.0);GATE
Port:(1322.0, 381.0)(1373.0, 381.0)(1373.0, 385.0)(1322.0, 385.0);SD
Module:M41
Boundary:(179.0, 823.0)(290.5, 823.0)(290.5, 840.0)(306.0, 840.0)(306.0, 887.0)(179.0, 887.0);GATE
Port:(193.5, 877.0)(291.5, 877.0)(291.5, 887.0)(193.5, 887.0);SD
Port:(179.0, 823.0)(290.5, 823.0)(290.5, 840.0)(306.0, 840.0)(306.0, 872.0)(179.0, 872.0);GATE
Port:(189.0, 828.0)(276.0, 828.0)(276.0, 832.0)(189.0, 832.0);SD
Module:M4
Boundary:(169.0, 531.0)(242.0, 531.0)(242.0, 648.0)(169.0, 648.0);GATE
Port:(183.5, 638.0)(227.5, 638.0)(227.5, 648.0)(183.5, 648.0);SD
Port:(169.0, 531.0)(242.0, 531.0)(242.0, 633.0)(169.0, 633.0);GATE
Port:(179.0, 536.0)(232.0, 536.0)(232.0, 540.0)(179.0, 540.0);SD
Module:M36
Boundary:(119.0, 796.0)(119.0, 872.0)(111.0, 872.0)(111.0, 887.0)(30.0, 887.0)(30.0, 796.0);GATE
Port:(30.0, 810.5)(40.0, 810.5)(40.0, 872.5)(30.0, 872.5);SD
Port:(119.0, 796.0)(119.0, 872.0)(111.0, 872.0)(111.0, 887.0)(45.0, 887.0)(45.0, 796.0);GATE
Port:(110.0, 806.0)(114.0, 806.0)(114.0, 857.0)(110.0, 857.0);SD
Module:M33
Boundary:(20.0, 356.0)(131.5, 356.0)(131.5, 374.0)(147.0, 374.0)(147.0, 491.0)(20.0, 491.0);GATE
Port:(34.5, 481.0)(132.5, 481.0)(132.5, 491.0)(34.5, 491.0);SD
Port:(20.0, 356.0)(131.5, 356.0)(131.5, 374.0)(147.0, 374.0)(147.0, 476.0)(20.0, 476.0);GATE
Port:(30.0, 361.0)(117.0, 361.0)(117.0, 365.0)(30.0, 365.0);SD
Module:M28
Boundary:(1292.0, 594.0)(1365.0, 594.0)(1365.0, 744.0)(1292.0, 744.0);GATE
Port:(1306.5, 734.0)(1350.5, 734.0)(1350.5, 744.0)(1306.5, 744.0);SD
Port:(1292.0, 594.0)(1365.0, 594.0)(1365.0, 729.0)(1292.0, 729.0);GATE
Port:(1302.0, 599.0)(1355.0, 599.0)(1355.0, 603.0)(1302.0, 603.0);SD
Module:M30
Boundary:(1264.0, 20.0)(1411.5, 20.0)(1411.5, 36.0)(1427.0, 36.0)(1427.0, 94.0)(1264.0, 94.0);GATE
Port:(1278.5, 84.0)(1412.5, 84.0)(1412.5, 94.0)(1278.5, 94.0);SD
Port:(1264.0, 20.0)(1411.5, 20.0)(1411.5, 36.0)(1427.0, 36.0)(1427.0, 79.0)(1264.0, 79.0);GATE
Port:(1274.0, 25.0)(1397.0, 25.0)(1397.0, 29.0)(1274.0, 29.0);SD
Module:M25
Boundary:(463.0, 20.0)(463.0, 96.0)(455.0, 96.0)(455.0, 111.0)(402.0, 111.0)(402.0, 20.0);GATE
Port:(402.0, 34.5)(412.0, 34.5)(412.0, 96.5)(402.0, 96.5);SD
Port:(463.0, 20.0)(463.0, 96.0)(455.0, 96.0)(455.0, 111.0)(417.0, 111.0)(417.0, 20.0);GATE
Port:(454.0, 30.0)(458.0, 30.0)(458.0, 81.0)(454.0, 81.0);SD
Module:M22
Boundary:(1074.0, 672.0)(1074.0, 801.5)(1026.2, 801.5)(1026.2, 889.0)(970.0, 889.0)(970.0, 672.0);GATE
Port:(970.0, 686.5)(980.0, 686.5)(980.0, 874.5)(970.0, 874.5);SD
Port:(1074.0, 672.0)(1074.0, 801.5)(1026.2, 801.5)(1026.2, 889.0)(985.0, 889.0)(985.0, 672.0);GATE
Port:(1065.0, 682.0)(1069.0, 682.0)(1069.0, 787.0)(1065.0, 787.0);SD
Module:M17
Boundary:(645.0, 645.0)(645.0, 702.5)(563.9, 702.5)(563.9, 880.0)(501.0, 880.0)(501.0, 645.0);GATE
Port:(501.0, 659.5)(511.0, 659.5)(511.0, 865.5)(501.0, 865.5);SD
Port:(645.0, 645.0)(645.0, 702.5)(563.9, 702.5)(563.9, 880.0)(516.0, 880.0)(516.0, 645.0);GATE
Port:(636.0, 655.0)(640.0, 655.0)(640.0, 688.0)(636.0, 688.0);SD
