Area:(-12.6, -20.0)(1684.7, -20.0)(1684.7, 927.0)(-12.6, 927.0)
Rule:GATE(5,5);SD(5,5);GATE_SD(0.5);GATE_ITO(0.5);SD_ITO(0.5)
Module:M12
Boundary:(244.3, 48.7)(244.3, 121.7)(79.3, 121.7)(79.3, 48.7);GATE
Port:(79.3, 63.2)(89.3, 63.2)(89.3, 107.2)(79.3, 107.2);SD
Port:(244.3, 48.7)(244.3, 121.7)(94.3, 121.7)(94.3, 48.7);GATE
Port:(235.3, 58.7)(239.3, 58.7)(239.3, 111.7)(235.3, 111.7);SD
Module:M43
Boundary:(408.7, 21.3)(408.7, 94.3)(271.7, 94.3)(271.7, 21.3);GATE
Port:(271.7, 35.8)(281.7, 35.8)(281.7, 79.8)(271.7, 79.8);SD
Port:(408.7, 21.3)(408.7, 94.3)(286.7, 94.3)(286.7, 21.3);GATE
Port:(399.7, 31.3)(403.7, 31.3)(403.7, 84.3)(399.7, 84.3);SD
Module:M49
Boundary:(1580.7, 53.6)(1580.7, 126.6)(1414.7, 126.6)(1414.7, 53.6);GATE
Port:(1414.7, 68.1)(1424.7, 68.1)(1424.7, 112.1)(1414.7, 112.1);SD
Port:(1580.7, 53.6)(1580.7, 126.6)(1429.7, 126.6)(1429.7, 53.6);GATE
Port:(1571.7, 63.6)(1575.7, 63.6)(1575.7, 116.6)(1571.7, 116.6);SD
Module:M30
Boundary:(1244.4, 30.9)(1391.9, 30.9)(1391.9, 46.9)(1407.4, 46.9)(1407.4, 104.9)(1244.4, 104.9);GATE
Port:(1258.9, 94.9)(1392.9, 94.9)(1392.9, 104.9)(1258.9, 104.9);SD
Port:(1244.4, 30.9)(1391.9, 30.9)(1391.9, 46.9)(1407.4, 46.9)(1407.4, 89.9)(1244.4, 89.9);GATE
Port:(1254.4, 35.9)(1377.4, 35.9)(1377.4, 39.9)(1254.4, 39.9);SD
Module:M25
Boundary:(482.2, 35.9)(482.2, 111.9)(474.2, 111.9)(474.2, 126.9)(421.2, 126.9)(421.2, 35.9);GATE
Port:(421.2, 50.4)(431.2, 50.4)(431.2, 112.4)(421.2, 112.4);SD
Port:(482.2, 35.9)(482.2, 111.9)(474.2, 111.9)(474.2, 126.9)(436.2, 126.9)(436.2, 35.9);GATE
Port:(473.2, 45.9)(477.2, 45.9)(477.2, 96.9)(473.2, 96.9);SD
Module:M27
Boundary:(982.4, 45.5)(982.4, 121.5)(974.4, 121.5)(974.4, 136.5)(786.4, 136.5)(786.4, 45.5);GATE
Port:(786.4, 60.0)(796.4, 60.0)(796.4, 122.0)(786.4, 122.0);SD
Port:(982.4, 45.5)(982.4, 121.5)(974.4, 121.5)(974.4, 136.5)(801.4, 136.5)(801.4, 45.5);GATE
Port:(973.4, 55.5)(977.4, 55.5)(977.4, 106.5)(973.4, 106.5);SD
Module:M20
Boundary:(1195.0, 20.0)(1195.0, 96.0)(1187.0, 96.0)(1187.0, 111.0)(1014.0, 111.0)(1014.0, 20.0);GATE
Port:(1014.0, 34.5)(1024.0, 34.5)(1024.0, 96.5)(1014.0, 96.5);SD
Port:(1195.0, 20.0)(1195.0, 96.0)(1187.0, 96.0)(1187.0, 111.0)(1029.0, 111.0)(1029.0, 20.0);GATE
Port:(1186.0, 30.0)(1190.0, 30.0)(1190.0, 81.0)(1186.0, 81.0);SD
Module:M5
Boundary:(528.2, 46.6)(601.2, 46.6)(601.2, 190.6)(528.2, 190.6);GATE
Port:(542.7, 180.6)(586.7, 180.6)(586.7, 190.6)(542.7, 190.6);SD
Port:(528.2, 46.6)(601.2, 46.6)(601.2, 175.6)(528.2, 175.6);GATE
Port:(538.2, 51.6)(591.2, 51.6)(591.2, 55.6)(538.2, 55.6);SD
Module:M44
Boundary:(772.3, 40.7)(772.3, 134.2)(727.8, 134.2)(727.8, 185.7)(621.3, 185.7)(621.3, 40.7);GATE
Port:(621.3, 55.2)(631.3, 55.2)(631.3, 171.2)(621.3, 171.2);SD
Port:(772.3, 40.7)(772.3, 134.2)(727.8, 134.2)(727.8, 185.7)(636.3, 185.7)(636.3, 40.7);GATE
Port:(763.3, 50.7)(767.3, 50.7)(767.3, 119.7)(763.3, 119.7);SD
Module:M32
Boundary:(811.0, 172.2)(887.0, 172.2)(887.0, 180.2)(902.0, 180.2)(902.0, 265.2)(811.0, 265.2);GATE
Port:(825.5, 255.2)(887.5, 255.2)(887.5, 265.2)(825.5, 265.2);SD
Port:(811.0, 172.2)(887.0, 172.2)(887.0, 180.2)(902.0, 180.2)(902.0, 250.2)(811.0, 250.2);GATE
Port:(821.0, 177.2)(872.0, 177.2)(872.0, 181.2)(821.0, 181.2);SD
Module:M2
Boundary:(733.4, 220.4)(806.4, 220.4)(806.4, 283.4)(733.4, 283.4);GATE
Port:(747.9, 273.4)(791.9, 273.4)(791.9, 283.4)(747.9, 283.4);SD
Port:(733.4, 220.4)(806.4, 220.4)(806.4, 268.4)(733.4, 268.4);GATE
Port:(743.4, 225.4)(796.4, 225.4)(796.4, 229.4)(743.4, 229.4);SD
Module:M18
Boundary:(1425.8, 144.4)(1537.3, 144.4)(1537.3, 204.7)(1606.8, 204.7)(1606.8, 287.4)(1425.8, 287.4);GATE
Port:(1440.3, 277.4)(1592.3, 277.4)(1592.3, 287.4)(1440.3, 287.4);SD
Port:(1425.8, 144.4)(1537.3, 144.4)(1537.3, 204.7)(1606.8, 204.7)(1606.8, 272.4)(1425.8, 272.4);GATE
Port:(1435.8, 149.4)(1522.8, 149.4)(1522.8, 153.4)(1435.8, 153.4);SD
Module:M24
Boundary:(534.2, 236.5)(645.7, 236.5)(645.7, 248.5)(661.2, 248.5)(661.2, 299.5)(534.2, 299.5);GATE
Port:(548.7, 289.5)(646.7, 289.5)(646.7, 299.5)(548.7, 299.5);SD
Port:(534.2, 236.5)(645.7, 236.5)(645.7, 248.5)(661.2, 248.5)(661.2, 284.5)(534.2, 284.5);GATE
Port:(544.2, 241.5)(631.2, 241.5)(631.2, 245.5)(544.2, 245.5);SD
Module:M9
Boundary:(1068.2, 187.1)(1068.2, 298.6)(1056.2, 298.6)(1056.2, 314.1)(928.2, 314.1)(928.2, 187.1);GATE
Port:(928.2, 201.6)(938.2, 201.6)(938.2, 299.6)(928.2, 299.6);SD
Port:(1068.2, 187.1)(1068.2, 298.6)(1056.2, 298.6)(1056.2, 314.1)(943.2, 314.1)(943.2, 187.1);GATE
Port:(1059.2, 197.1)(1063.2, 197.1)(1063.2, 284.1)(1059.2, 284.1);SD
Module:M19
Boundary:(379.7, 133.0)(379.7, 280.5)(363.6, 280.5)(363.6, 296.0)(260.7, 296.0)(260.7, 133.0);GATE
Port:(260.7, 147.5)(270.7, 147.5)(270.7, 281.5)(260.7, 281.5);SD
Port:(379.7, 133.0)(379.7, 280.5)(363.6, 280.5)(363.6, 296.0)(275.7, 296.0)(275.7, 133.0);GATE
Port:(370.7, 143.0)(374.7, 143.0)(374.7, 266.0)(370.7, 266.0);SD
Module:M42
Boundary:(423.9, 155.3)(499.9, 155.3)(499.9, 163.4)(514.9, 163.4)(514.9, 300.4)(423.9, 300.4);GATE
Port:(438.4, 290.4)(500.4, 290.4)(500.4, 300.4)(438.4, 300.4);SD
Port:(423.9, 155.3)(499.9, 155.3)(499.9, 163.4)(514.9, 163.4)(514.9, 285.4)(423.9, 285.4);GATE
Port:(433.9, 160.3)(484.9, 160.3)(484.9, 164.3)(433.9, 164.3);SD
Module:M45
Boundary:(172.1, 143.0)(172.1, 290.5)(156.1, 290.5)(156.1, 306.0)(44.1, 306.0)(44.1, 143.0);GATE
Port:(44.1, 157.5)(54.1, 157.5)(54.1, 291.5)(44.1, 291.5);SD
Port:(172.1, 143.0)(172.1, 290.5)(156.1, 290.5)(156.1, 306.0)(59.1, 306.0)(59.1, 143.0);GATE
Port:(163.1, 153.0)(167.1, 153.0)(167.1, 276.0)(163.1, 276.0);SD
Module:M16
Boundary:(1136.0, 191.2)(1209.0, 191.2)(1209.0, 340.2)(1136.0, 340.2);GATE
Port:(1150.5, 330.2)(1194.5, 330.2)(1194.5, 340.2)(1150.5, 340.2);SD
Port:(1136.0, 191.2)(1209.0, 191.2)(1209.0, 325.2)(1136.0, 325.2);GATE
Port:(1146.0, 196.2)(1199.0, 196.2)(1199.0, 200.2)(1146.0, 200.2);SD
Module:M15
Boundary:(1228.9, 208.5)(1358.4, 208.5)(1358.4, 222.5)(1373.9, 222.5)(1373.9, 380.5)(1228.9, 380.5);GATE
Port:(1243.4, 370.5)(1359.4, 370.5)(1359.4, 380.5)(1243.4, 380.5);SD
Port:(1228.9, 208.5)(1358.4, 208.5)(1358.4, 222.5)(1373.9, 222.5)(1373.9, 365.5)(1228.9, 365.5);GATE
Port:(1238.9, 213.5)(1343.9, 213.5)(1343.9, 217.5)(1238.9, 217.5);SD
Module:M23
Boundary:(1093.0, 318.0)(1093.0, 391.0)(909.0, 391.0)(909.0, 318.0);GATE
Port:(909.0, 332.5)(919.0, 332.5)(919.0, 376.5)(909.0, 376.5);SD
Port:(1093.0, 318.0)(1093.0, 391.0)(924.0, 391.0)(924.0, 318.0);GATE
Port:(1084.0, 328.0)(1088.0, 328.0)(1088.0, 381.0)(1084.0, 381.0);SD
Module:M50
Boundary:(1625.2, 320.3)(1625.2, 396.3)(1617.2, 396.3)(1617.2, 411.3)(1450.2, 411.3)(1450.2, 320.3);GATE
Port:(1450.2, 334.8)(1460.2, 334.8)(1460.2, 396.8)(1450.2, 396.8);SD
Port:(1625.2, 320.3)(1625.2, 396.3)(1617.2, 396.3)(1617.2, 411.3)(1465.2, 411.3)(1465.2, 320.3);GATE
Port:(1616.2, 330.3)(1620.2, 330.3)(1620.2, 381.3)(1616.2, 381.3);SD
Module:M39
Boundary:(246.8, 383.0)(358.3, 383.0)(358.3, 395.0)(373.8, 395.0)(373.8, 444.0)(246.8, 444.0);GATE
Port:(261.3, 434.0)(359.3, 434.0)(359.3, 444.0)(261.3, 444.0);SD
Port:(246.8, 383.0)(358.3, 383.0)(358.3, 395.0)(373.8, 395.0)(373.8, 429.0)(246.8, 429.0);GATE
Port:(256.8, 388.0)(343.8, 388.0)(343.8, 392.0)(256.8, 392.0);SD
Module:M48
Boundary:(493.2, 355.1)(493.2, 431.1)(485.2, 431.1)(485.2, 446.1)(406.2, 446.1)(406.2, 355.1);GATE
Port:(406.2, 369.6)(416.2, 369.6)(416.2, 431.6)(406.2, 431.6);SD
Port:(493.2, 355.1)(493.2, 431.1)(485.2, 431.1)(485.2, 446.1)(421.2, 446.1)(421.2, 355.1);GATE
Port:(484.2, 365.1)(488.2, 365.1)(488.2, 416.1)(484.2, 416.1);SD
Module:M10
Boundary:(799.6, 326.9)(872.6, 326.9)(872.6, 476.9)(799.6, 476.9);GATE
Port:(814.1, 466.9)(858.1, 466.9)(858.1, 476.9)(814.1, 476.9);SD
Port:(799.6, 326.9)(872.6, 326.9)(872.6, 461.9)(799.6, 461.9);GATE
Port:(809.6, 331.9)(862.6, 331.9)(862.6, 335.9)(809.6, 335.9);SD
Module:M33
Boundary:(39.7, 374.2)(151.2, 374.2)(151.2, 392.2)(166.7, 392.2)(166.7, 509.2)(39.7, 509.2);GATE
Port:(54.2, 499.2)(152.2, 499.2)(152.2, 509.2)(54.2, 509.2);SD
Port:(39.7, 374.2)(151.2, 374.2)(151.2, 392.2)(166.7, 392.2)(166.7, 494.2)(39.7, 494.2);GATE
Port:(49.7, 379.2)(136.7, 379.2)(136.7, 383.2)(49.7, 383.2);SD
Module:M7
Boundary:(646.0, 285.0)(793.5, 285.0)(793.5, 399.7)(899.0, 399.7)(899.0, 449.0)(646.0, 449.0);GATE
Port:(660.5, 439.0)(884.5, 439.0)(884.5, 449.0)(660.5, 449.0);SD
Port:(646.0, 285.0)(793.5, 285.0)(793.5, 399.7)(899.0, 399.7)(899.0, 434.0)(646.0, 434.0);GATE
Port:(656.0, 290.0)(779.0, 290.0)(779.0, 294.0)(656.0, 294.0);SD
Module:M47
Boundary:(922.0, 439.5)(1069.5, 439.5)(1069.5, 455.5)(1085.0, 455.5)(1085.0, 513.5)(922.0, 513.5);GATE
Port:(936.5, 503.5)(1070.5, 503.5)(1070.5, 513.5)(936.5, 513.5);SD
Port:(922.0, 439.5)(1069.5, 439.5)(1069.5, 455.5)(1085.0, 455.5)(1085.0, 498.5)(922.0, 498.5);GATE
Port:(932.0, 444.5)(1055.0, 444.5)(1055.0, 448.5)(932.0, 448.5);SD
Module:M21
Boundary:(1228.6, 366.0)(1228.6, 513.5)(1212.6, 513.5)(1212.6, 529.0)(1099.6, 529.0)(1099.6, 366.0);GATE
Port:(1099.6, 380.5)(1109.6, 380.5)(1109.6, 514.5)(1099.6, 514.5);SD
Port:(1228.6, 366.0)(1228.6, 513.5)(1212.6, 513.5)(1212.6, 529.0)(1114.6, 529.0)(1114.6, 366.0);GATE
Port:(1219.6, 376.0)(1223.6, 376.0)(1223.6, 499.0)(1219.6, 499.0);SD
Module:M8
Boundary:(1285.8, 380.6)(1361.8, 380.6)(1361.8, 388.6)(1376.8, 388.6)(1376.8, 548.6)(1285.8, 548.6);GATE
Port:(1300.3, 538.6)(1362.3, 538.6)(1362.3, 548.6)(1300.3, 548.6);SD
Port:(1285.8, 380.6)(1361.8, 380.6)(1361.8, 388.6)(1376.8, 388.6)(1376.8, 533.6)(1285.8, 533.6);GATE
Port:(1295.8, 385.6)(1346.8, 385.6)(1346.8, 389.6)(1295.8, 389.6);SD
Module:M38
Boundary:(495.5, 446.5)(495.5, 540.0)(485.5, 540.0)(485.5, 555.5)(336.5, 555.5)(336.5, 446.5);GATE
Port:(336.5, 461.0)(346.5, 461.0)(346.5, 541.0)(336.5, 541.0);SD
Port:(495.5, 446.5)(495.5, 540.0)(485.5, 540.0)(485.5, 555.5)(351.5, 555.5)(351.5, 446.5);GATE
Port:(486.5, 456.5)(490.5, 456.5)(490.5, 525.5)(486.5, 525.5);SD
Module:M26
Boundary:(712.0, 507.0)(712.0, 580.0)(533.0, 580.0)(533.0, 507.0);GATE
Port:(533.0, 521.5)(543.0, 521.5)(543.0, 565.5)(533.0, 565.5);SD
Port:(712.0, 507.0)(712.0, 580.0)(548.0, 580.0)(548.0, 507.0);GATE
Port:(703.0, 517.0)(707.0, 517.0)(707.0, 570.0)(703.0, 570.0);SD
Module:M40
Boundary:(921.2, 532.3)(1050.7, 532.3)(1050.7, 562.9)(1084.2, 562.9)(1084.2, 609.3)(921.2, 609.3);GATE
Port:(935.7, 599.3)(1069.7, 599.3)(1069.7, 609.3)(935.7, 609.3);SD
Port:(921.2, 532.3)(1050.7, 532.3)(1050.7, 562.9)(1084.2, 562.9)(1084.2, 594.3)(921.2, 594.3);GATE
Port:(931.2, 537.3)(1036.2, 537.3)(1036.2, 541.3)(931.2, 541.3);SD
Module:M1
Boundary:(168.6, 509.6)(168.6, 603.1)(158.6, 603.1)(158.6, 618.6)(64.6, 618.6)(64.6, 509.6);GATE
Port:(64.6, 524.1)(74.6, 524.1)(74.6, 604.1)(64.6, 604.1);SD
Port:(168.6, 509.6)(168.6, 603.1)(158.6, 603.1)(158.6, 618.6)(79.6, 618.6)(79.6, 509.6);GATE
Port:(159.6, 519.6)(163.6, 519.6)(163.6, 588.6)(159.6, 588.6);SD
Module:M3
Boundary:(1610.9, 415.1)(1610.9, 526.6)(1473.7, 526.6)(1473.7, 614.1)(1412.9, 614.1)(1412.9, 415.1);GATE
Port:(1412.9, 429.6)(1422.9, 429.6)(1422.9, 599.6)(1412.9, 599.6);SD
Port:(1610.9, 415.1)(1610.9, 526.6)(1473.7, 526.6)(1473.7, 614.1)(1427.9, 614.1)(1427.9, 415.1);GATE
Port:(1601.9, 425.1)(1605.9, 425.1)(1605.9, 512.1)(1601.9, 512.1);SD
Module:M4
Boundary:(169.0, 463.4)(242.0, 463.4)(242.0, 580.4)(169.0, 580.4);GATE
Port:(183.5, 570.4)(227.5, 570.4)(227.5, 580.4)(183.5, 580.4);SD
Port:(169.0, 463.4)(242.0, 463.4)(242.0, 565.4)(169.0, 565.4);GATE
Port:(179.0, 468.4)(232.0, 468.4)(232.0, 472.4)(179.0, 472.4);SD
Module:M37
Boundary:(921.0, 485.1)(921.0, 542.6)(866.8, 542.6)(866.8, 630.1)(761.0, 630.1)(761.0, 485.1);GATE
Port:(761.0, 499.6)(771.0, 499.6)(771.0, 615.6)(761.0, 615.6);SD
Port:(921.0, 485.1)(921.0, 542.6)(866.8, 542.6)(866.8, 630.1)(776.0, 630.1)(776.0, 485.1);GATE
Port:(912.0, 495.1)(916.0, 495.1)(916.0, 528.1)(912.0, 528.1);SD
Module:M14
Boundary:(1086.2, 539.1)(1197.7, 539.1)(1197.7, 551.1)(1213.2, 551.1)(1213.2, 710.1)(1086.2, 710.1);GATE
Port:(1100.7, 700.1)(1198.7, 700.1)(1198.7, 710.1)(1100.7, 710.1);SD
Port:(1086.2, 539.1)(1197.7, 539.1)(1197.7, 551.1)(1213.2, 551.1)(1213.2, 695.1)(1086.2, 695.1);GATE
Port:(1096.2, 544.1)(1183.2, 544.1)(1183.2, 548.1)(1096.2, 548.1);SD
Module:M28
Boundary:(1255.5, 548.9)(1328.5, 548.9)(1328.5, 698.9)(1255.5, 698.9);GATE
Port:(1270.0, 688.9)(1314.0, 688.9)(1314.0, 698.9)(1270.0, 698.9);SD
Port:(1255.5, 548.9)(1328.5, 548.9)(1328.5, 683.9)(1255.5, 683.9);GATE
Port:(1265.5, 553.9)(1318.5, 553.9)(1318.5, 557.9)(1265.5, 557.9);SD
Module:M13
Boundary:(27.4, 635.6)(120.9, 635.6)(120.9, 645.6)(136.4, 645.6)(136.4, 701.6)(27.4, 701.6);GATE
Port:(41.9, 691.6)(121.9, 691.6)(121.9, 701.6)(41.9, 701.6);SD
Port:(27.4, 635.6)(120.9, 635.6)(120.9, 645.6)(136.4, 645.6)(136.4, 686.6)(27.4, 686.6);GATE
Port:(37.4, 640.6)(106.4, 640.6)(106.4, 644.6)(37.4, 644.6);SD
Module:M11
Boundary:(172.7, 630.0)(245.7, 630.0)(245.7, 712.0)(172.7, 712.0);GATE
Port:(187.2, 702.0)(231.2, 702.0)(231.2, 712.0)(187.2, 712.0);SD
Port:(172.7, 630.0)(245.7, 630.0)(245.7, 697.0)(172.7, 697.0);GATE
Port:(182.7, 635.0)(235.7, 635.0)(235.7, 639.0)(182.7, 639.0);SD
Module:M34
Boundary:(495.8, 646.0)(495.8, 757.5)(483.8, 757.5)(483.8, 773.0)(327.8, 773.0)(327.8, 646.0);GATE
Port:(327.8, 660.5)(337.8, 660.5)(337.8, 758.5)(327.8, 758.5);SD
Port:(495.8, 646.0)(495.8, 757.5)(483.8, 757.5)(483.8, 773.0)(342.8, 773.0)(342.8, 646.0);GATE
Port:(486.8, 656.0)(490.8, 656.0)(490.8, 743.0)(486.8, 743.0);SD
Module:M17
Boundary:(716.8, 645.0)(716.8, 702.5)(635.6, 702.5)(635.6, 880.0)(572.8, 880.0)(572.8, 645.0);GATE
Port:(572.8, 659.5)(582.8, 659.5)(582.8, 865.5)(572.8, 865.5);SD
Port:(716.8, 645.0)(716.8, 702.5)(635.6, 702.5)(635.6, 880.0)(587.8, 880.0)(587.8, 645.0);GATE
Port:(707.8, 655.0)(711.8, 655.0)(711.8, 688.0)(707.8, 688.0);SD
Module:M36
Boundary:(160.2, 728.0)(160.2, 804.0)(152.2, 804.0)(152.2, 819.0)(71.2, 819.0)(71.2, 728.0);GATE
Port:(71.2, 742.5)(81.2, 742.5)(81.2, 804.5)(71.2, 804.5);SD
Port:(160.2, 728.0)(160.2, 804.0)(152.2, 804.0)(152.2, 819.0)(86.2, 819.0)(86.2, 728.0);GATE
Port:(151.2, 738.0)(155.2, 738.0)(155.2, 789.0)(151.2, 789.0);SD
Module:M41
Boundary:(220.0, 823.0)(331.5, 823.0)(331.5, 840.0)(347.0, 840.0)(347.0, 887.0)(220.0, 887.0);GATE
Port:(234.5, 877.0)(332.5, 877.0)(332.5, 887.0)(234.5, 887.0);SD
Port:(220.0, 823.0)(331.5, 823.0)(331.5, 840.0)(347.0, 840.0)(347.0, 872.0)(220.0, 872.0);GATE
Port:(230.0, 828.0)(317.0, 828.0)(317.0, 832.0)(230.0, 832.0);SD
Module:M29
Boundary:(1409.7, 690.3)(1557.2, 690.3)(1557.2, 822.6)(1644.7, 822.6)(1644.7, 881.3)(1409.7, 881.3);GATE
Port:(1424.2, 871.3)(1630.2, 871.3)(1630.2, 881.3)(1424.2, 881.3);SD
Port:(1409.7, 690.3)(1557.2, 690.3)(1557.2, 822.6)(1644.7, 822.6)(1644.7, 866.3)(1409.7, 866.3);GATE
Port:(1419.7, 695.3)(1542.7, 695.3)(1542.7, 699.3)(1419.7, 699.3);SD
Module:M22
Boundary:(1045.1, 649.8)(1045.1, 779.3)(997.3, 779.3)(997.3, 866.8)(941.1, 866.8)(941.1, 649.8);GATE
Port:(941.1, 664.3)(951.1, 664.3)(951.1, 852.3)(941.1, 852.3);SD
Port:(1045.1, 649.8)(1045.1, 779.3)(997.3, 779.3)(997.3, 866.8)(956.1, 866.8)(956.1, 649.8);GATE
Port:(1036.1, 659.8)(1040.1, 659.8)(1040.1, 764.8)(1036.1, 764.8);SD
Module:M35
Boundary:(1191.8, 758.2)(1191.8, 851.7)(1180.8, 851.7)(1180.8, 867.2)(1114.8, 867.2)(1114.8, 758.2);GATE
Port:(1114.8, 772.7)(1124.8, 772.7)(1124.8, 852.7)(1114.8, 852.7);SD
Port:(1191.8, 758.2)(1191.8, 851.7)(1180.8, 851.7)(1180.8, 867.2)(1129.8, 867.2)(1129.8, 758.2);GATE
Port:(1182.8, 768.2)(1186.8, 768.2)(1186.8, 837.2)(1182.8, 837.2);SD
Module:M6
Boundary:(1316.7, 762.5)(1316.7, 856.0)(1306.7, 856.0)(1306.7, 871.5)(1194.7, 871.5)(1194.7, 762.5);GATE
Port:(1194.7, 777.0)(1204.7, 777.0)(1204.7, 857.0)(1194.7, 857.0);SD
Port:(1316.7, 762.5)(1316.7, 856.0)(1306.7, 856.0)(1306.7, 871.5)(1209.7, 871.5)(1209.7, 762.5);GATE
Port:(1307.7, 772.5)(1311.7, 772.5)(1311.7, 841.5)(1307.7, 841.5);SD
Module:M46
Boundary:(640.9, 621.7)(770.4, 621.7)(770.4, 753.6)(875.9, 753.6)(875.9, 806.7)(640.9, 806.7);GATE
Port:(655.4, 796.7)(861.4, 796.7)(861.4, 806.7)(655.4, 806.7);SD
Port:(640.9, 621.7)(770.4, 621.7)(770.4, 753.6)(875.9, 753.6)(875.9, 791.7)(640.9, 791.7);GATE
Port:(650.9, 626.7)(755.9, 626.7)(755.9, 630.7)(650.9, 630.7);SD
Module:M31
Boundary:(470.9, 785.0)(470.9, 861.0)(462.9, 861.0)(462.9, 876.0)(366.9, 876.0)(366.9, 785.0);GATE
Port:(366.9, 799.5)(376.9, 799.5)(376.9, 861.5)(366.9, 861.5);SD
Port:(470.9, 785.0)(470.9, 861.0)(462.9, 861.0)(462.9, 876.0)(381.9, 876.0)(381.9, 785.0);GATE
Port:(461.9, 795.0)(465.9, 795.0)(465.9, 846.0)(461.9, 846.0);SD
