Area:(-20.0, -20.0)(1026.1, -20.0)(1026.1, 1238.8)(-20.0, 1238.8)
Rule:GATE(5,5);SD(5,5);GATE_SD(0.5);GATE_ITO(0.5);SD_ITO(0.5)
Module:M14
Boundary:(548.7, 508.0)(626.8, 508.0)(626.8, 521.4)(640.7, 521.4)(640.7, 598.9)(548.7, 598.9);GATE
Port:(561.1, 593.4)(628.3, 593.4)(628.3, 598.9)(561.1, 598.9);SD
Port:(548.7, 508.0)(626.8, 508.0)(626.8, 521.4)(640.7, 521.4)(640.7, 590.7)(548.7, 590.7);GATE
Port:(554.1, 512.4)(620.4, 512.4)(620.4, 518.4)(554.1, 518.4);SD
Module:M9
Boundary:(844.2, 508.0)(844.2, 608.9)(844.0, 608.9)(844.0, 624.7)(680.7, 624.7)(680.7, 508.0);GATE
Port:(680.7, 523.1)(685.2, 523.1)(685.2, 609.6)(680.7, 609.6);SD
Port:(844.2, 508.0)(844.2, 608.9)(844.0, 608.9)(844.0, 624.7)(686.6, 624.7)(686.6, 508.0);GATE
Port:(831.1, 515.0)(838.2, 515.0)(838.2, 601.9)(831.1, 601.9);SD
Module:M5
Boundary:(811.9, 20.0)(860.5, 20.0)(860.5, 20.1)(875.9, 20.1)(875.9, 215.9)(811.9, 215.9);GATE
Port:(824.7, 210.3)(863.1, 210.3)(863.1, 215.9)(824.7, 215.9);SD
Port:(811.9, 20.0)(860.5, 20.0)(860.5, 20.1)(875.9, 20.1)(875.9, 208.6)(811.9, 208.6);GATE
Port:(817.4, 24.5)(855.0, 24.5)(855.0, 30.8)(817.4, 30.8);SD
Module:M11
Boundary:(20.0, 796.4)(107.4, 796.4)(107.4, 933.2)(20.0, 933.2);GATE
Port:(35.0, 927.5)(92.4, 927.5)(92.4, 933.2)(35.0, 933.2);SD
Port:(20.0, 796.4)(107.4, 796.4)(107.4, 924.8)(20.0, 924.8);GATE
Port:(26.8, 802.2)(100.6, 802.2)(100.6, 809.1)(26.8, 809.1);SD
Module:M1
Boundary:(915.3, 1000.2)(967.0, 1000.2)(967.0, 1000.2)(982.8, 1000.2)(982.8, 1126.3)(915.3, 1126.3);GATE
Port:(930.1, 1120.4)(968.0, 1120.4)(968.0, 1126.3)(930.1, 1126.3);SD
Port:(915.3, 1000.2)(967.0, 1000.2)(967.0, 1000.2)(982.8, 1000.2)(982.8, 1117.7)(915.3, 1117.7);GATE
Port:(921.2, 1005.1)(961.1, 1005.1)(961.1, 1012.4)(921.2, 1012.4);SD
Module:M43
Boundary:(915.3, 774.0)(969.3, 774.0)(969.3, 774.2)(986.1, 774.2)(986.1, 960.2)(915.3, 960.2);GATE
Port:(930.6, 955.3)(970.8, 955.3)(970.8, 960.2)(930.6, 960.2);SD
Port:(915.3, 774.0)(969.3, 774.0)(969.3, 774.2)(986.1, 774.2)(986.1, 953.5)(915.3, 953.5);GATE
Port:(922.2, 779.9)(962.4, 779.9)(962.4, 786.3)(922.2, 786.3);SD
Module:M38
Boundary:(20.0, 20.0)(82.8, 20.0)(82.8, 48.1)(96.2, 48.1)(96.2, 185.4)(20.0, 185.4);GATE
Port:(32.7, 179.6)(83.5, 179.6)(83.5, 185.4)(32.7, 185.4);SD
Port:(20.0, 20.0)(82.8, 20.0)(82.8, 48.1)(96.2, 48.1)(96.2, 177.3)(20.0, 177.3);GATE
Port:(26.4, 25.4)(75.4, 25.4)(75.4, 30.9)(26.4, 30.9);SD
Module:M40
Boundary:(360.3, 568.9)(464.1, 568.9)(464.1, 597.5)(479.9, 597.5)(479.9, 689.5)(360.3, 689.5);GATE
Port:(374.3, 684.7)(465.9, 684.7)(465.9, 689.5)(374.3, 689.5);SD
Port:(360.3, 568.9)(464.1, 568.9)(464.1, 597.5)(479.9, 597.5)(479.9, 682.0)(360.3, 682.0);GATE
Port:(367.0, 574.6)(456.4, 574.6)(456.4, 580.1)(367.0, 580.1);SD
Module:M35
Boundary:(915.9, 20.0)(982.8, 20.0)(982.8, 202.7)(915.9, 202.7);GATE
Port:(928.7, 198.1)(970.0, 198.1)(970.0, 202.7)(928.7, 202.7);SD
Port:(915.9, 20.0)(982.8, 20.0)(982.8, 196.3)(915.9, 196.3);GATE
Port:(921.1, 24.2)(977.6, 24.2)(977.6, 30.1)(921.1, 30.1);SD
Module:M32
Boundary:(539.9, 648.9)(605.7, 648.9)(605.7, 754.9)(620.3, 754.9)(620.3, 851.8)(539.9, 851.8);GATE
Port:(553.7, 846.4)(606.5, 846.4)(606.5, 851.8)(553.7, 851.8);SD
Port:(539.9, 648.9)(605.7, 648.9)(605.7, 754.9)(620.3, 754.9)(620.3, 843.5)(539.9, 843.5);GATE
Port:(546.9, 654.9)(597.7, 654.9)(597.7, 659.6)(546.9, 659.6);SD
Module:M27
Boundary:(238.8, 180.3)(292.1, 180.3)(292.1, 180.4)(310.3, 180.4)(310.3, 389.7)(238.8, 389.7);GATE
Port:(253.0, 384.7)(296.1, 384.7)(296.1, 389.7)(253.0, 389.7);SD
Port:(238.8, 180.3)(292.1, 180.3)(292.1, 180.4)(310.3, 180.4)(310.3, 382.2)(238.8, 382.2);GATE
Port:(244.3, 184.8)(286.6, 184.8)(286.6, 191.1)(244.3, 191.1);SD
Module:M24
Boundary:(298.4, 673.5)(298.4, 778.8)(227.0, 778.8)(227.0, 794.8)(154.6, 794.8)(154.6, 673.5);GATE
Port:(154.6, 688.2)(158.7, 688.2)(158.7, 780.1)(154.6, 780.1);SD
Port:(298.4, 673.5)(298.4, 778.8)(227.0, 778.8)(227.0, 794.8)(160.4, 794.8)(160.4, 673.5);GATE
Port:(286.4, 680.1)(292.8, 680.1)(292.8, 771.2)(286.4, 771.2);SD
Module:M19
Boundary:(157.4, 844.8)(229.7, 844.8)(229.7, 845.2)(246.6, 845.2)(246.6, 1074.2)(157.4, 1074.2);GATE
Port:(173.6, 1068.6)(230.4, 1068.6)(230.4, 1074.2)(173.6, 1074.2);SD
Port:(157.4, 844.8)(229.7, 844.8)(229.7, 845.2)(246.6, 845.2)(246.6, 1067.1)(157.4, 1067.1);GATE
Port:(164.0, 850.4)(223.1, 850.4)(223.1, 857.8)(164.0, 857.8);SD
Module:M6
Boundary:(20.0, 436.7)(124.8, 436.7)(124.8, 498.1)(140.6, 498.1)(140.6, 617.6)(20.0, 617.6);GATE
Port:(34.4, 612.2)(126.2, 612.2)(126.2, 617.6)(34.4, 617.6);SD
Port:(20.0, 436.7)(124.8, 436.7)(124.8, 498.1)(140.6, 498.1)(140.6, 609.6)(20.0, 609.6);GATE
Port:(26.4, 442.1)(117.4, 442.1)(117.4, 449.0)(26.4, 449.0);SD
Module:M21
Boundary:(689.0, 910.9)(689.0, 944.8)(689.0, 944.8)(689.0, 962.4)(528.3, 962.4)(528.3, 910.9);GATE
Port:(528.3, 924.0)(533.9, 924.0)(533.9, 949.3)(528.3, 949.3);SD
Port:(689.0, 910.9)(689.0, 944.8)(689.0, 944.8)(689.0, 962.4)(535.8, 962.4)(535.8, 910.9);GATE
Port:(679.0, 917.0)(683.9, 917.0)(683.9, 938.7)(679.0, 938.7);SD
Module:M2
Boundary:(115.3, 270.0)(181.0, 270.0)(181.0, 288.1)(196.2, 288.1)(196.2, 382.9)(115.3, 382.9);GATE
Port:(127.6, 378.7)(183.9, 378.7)(183.9, 382.9)(127.6, 382.9);SD
Port:(115.3, 270.0)(181.0, 270.0)(181.0, 288.1)(196.2, 288.1)(196.2, 377.2)(115.3, 377.2);GATE
Port:(121.5, 275.2)(173.8, 275.2)(173.8, 279.9)(121.5, 279.9);SD
Module:M16
Boundary:(362.1, 263.2)(468.8, 263.2)(468.8, 310.4)(485.1, 310.4)(485.1, 366.6)(362.1, 366.6);GATE
Port:(376.8, 360.7)(470.4, 360.7)(470.4, 366.6)(376.8, 366.6);SD
Port:(362.1, 263.2)(468.8, 263.2)(468.8, 310.4)(485.1, 310.4)(485.1, 359.2)(362.1, 359.2);GATE
Port:(368.1, 268.2)(461.8, 268.2)(461.8, 274.7)(368.1, 274.7);SD
Module:M13
Boundary:(875.3, 780.2)(875.3, 870.9)(670.3, 870.9)(670.3, 780.2);GATE
Port:(670.3, 794.7)(676.3, 794.7)(676.3, 856.4)(670.3, 856.4);SD
Port:(875.3, 780.2)(875.3, 870.9)(677.4, 870.9)(677.4, 780.2);GATE
Port:(864.3, 785.2)(871.3, 785.2)(871.3, 865.9)(864.3, 865.9);SD
Module:M45
Boundary:(488.3, 862.8)(488.3, 948.8)(296.6, 948.8)(296.6, 862.8);GATE
Port:(296.6, 877.2)(301.9, 877.2)(301.9, 934.4)(296.6, 934.4);SD
Port:(488.3, 862.8)(488.3, 948.8)(303.0, 948.8)(303.0, 862.8);GATE
Port:(477.0, 869.2)(482.9, 869.2)(482.9, 942.4)(477.0, 942.4);SD
Module:M10
Boundary:(136.2, 20.0)(183.9, 20.0)(183.9, 77.0)(198.8, 77.0)(198.8, 230.0)(136.2, 230.0);GATE
Port:(148.3, 225.6)(186.7, 225.6)(186.7, 230.0)(148.3, 230.0);SD
Port:(136.2, 20.0)(183.9, 20.0)(183.9, 77.0)(198.8, 77.0)(198.8, 224.5)(136.2, 224.5);GATE
Port:(141.7, 24.5)(177.4, 24.5)(177.4, 29.2)(141.7, 29.2);SD
Module:M42
Boundary:(406.8, 988.8)(406.8, 1073.6)(365.0, 1073.6)(365.0, 1089.0)(296.6, 1089.0)(296.6, 988.8);GATE
Port:(296.6, 1002.8)(301.6, 1002.8)(301.6, 1075.0)(296.6, 1075.0);SD
Port:(406.8, 988.8)(406.8, 1073.6)(365.0, 1073.6)(365.0, 1089.0)(303.9, 1089.0)(303.9, 988.8);GATE
Port:(396.0, 995.2)(401.4, 995.2)(401.4, 1066.2)(396.0, 1066.2);SD
Module:M37
Boundary:(238.8, 20.0)(306.3, 20.0)(306.3, 20.3)(322.1, 20.3)(322.1, 140.3)(238.8, 140.3);GATE
Port:(253.2, 134.6)(307.7, 134.6)(307.7, 140.3)(253.2, 140.3);SD
Port:(238.8, 20.0)(306.3, 20.0)(306.3, 20.3)(322.1, 20.3)(322.1, 133.5)(238.8, 133.5);GATE
Port:(244.8, 25.0)(300.3, 25.0)(300.3, 32.1)(244.8, 32.1);SD
Module:M34
Boundary:(362.1, 20.0)(463.3, 20.0)(463.3, 124.8)(478.3, 124.8)(478.3, 219.8)(362.1, 219.8);GATE
Port:(376.5, 214.8)(463.9, 214.8)(463.9, 219.8)(376.5, 219.8);SD
Port:(362.1, 20.0)(463.3, 20.0)(463.3, 124.8)(478.3, 124.8)(478.3, 211.8)(362.1, 211.8);GATE
Port:(368.3, 25.2)(456.1, 25.2)(456.1, 32.3)(368.3, 32.3);SD
Module:M29
Boundary:(508.7, 406.6)(508.7, 518.9)(362.1, 518.9)(362.1, 406.6);GATE
Port:(362.1, 421.4)(367.1, 421.4)(367.1, 504.1)(362.1, 504.1);SD
Port:(508.7, 406.6)(508.7, 518.9)(368.5, 518.9)(368.5, 406.6);GATE
Port:(495.8, 413.5)(502.8, 413.5)(502.8, 512.0)(495.8, 512.0);SD
Module:M7
Boundary:(20.0, 225.4)(75.3, 225.4)(75.3, 396.7)(20.0, 396.7);GATE
Port:(31.5, 391.9)(63.8, 391.9)(63.8, 396.7)(31.5, 396.7);SD
Port:(20.0, 225.4)(75.3, 225.4)(75.3, 390.2)(20.0, 390.2);GATE
Port:(25.8, 230.2)(69.5, 230.2)(69.5, 235.2)(25.8, 235.2);SD
Module:M31
Boundary:(651.5, 20.0)(754.2, 20.0)(754.2, 20.1)(771.9, 20.1)(771.9, 196.0)(651.5, 196.0);GATE
Port:(663.9, 191.3)(759.5, 191.3)(759.5, 196.0)(663.9, 196.0);SD
Port:(651.5, 20.0)(754.2, 20.0)(754.2, 20.1)(771.9, 20.1)(771.9, 188.4)(651.5, 188.4);GATE
Port:(656.5, 24.0)(749.2, 24.0)(749.2, 29.1)(656.5, 29.1);SD
Module:M3
Boundary:(870.5, 1128.6)(870.5, 1181.5)(870.3, 1181.5)(870.3, 1197.3)(741.1, 1197.3)(741.1, 1128.6);GATE
Port:(741.1, 1143.8)(746.4, 1143.8)(746.4, 1182.1)(741.1, 1182.1);SD
Port:(870.5, 1128.6)(870.5, 1181.5)(870.3, 1181.5)(870.3, 1197.3)(749.2, 1197.3)(749.2, 1128.6);GATE
Port:(858.0, 1135.6)(864.5, 1135.6)(864.5, 1174.5)(858.0, 1174.5);SD
Module:M26
Boundary:(190.6, 439.7)(278.7, 439.7)(278.7, 534.0)(294.2, 534.0)(294.2, 623.5)(190.6, 623.5);GATE
Port:(206.3, 619.3)(278.5, 619.3)(278.5, 623.5)(206.3, 623.5);SD
Port:(190.6, 439.7)(278.7, 439.7)(278.7, 534.0)(294.2, 534.0)(294.2, 617.4)(190.6, 617.4);GATE
Port:(197.3, 445.4)(271.0, 445.4)(271.0, 452.6)(197.3, 452.6);SD
Module:M23
Boundary:(20.0, 973.2)(104.4, 973.2)(104.4, 1088.0)(20.0, 1088.0);GATE
Port:(33.3, 1082.0)(91.1, 1082.0)(91.1, 1088.0)(33.3, 1088.0);SD
Port:(20.0, 973.2)(104.4, 973.2)(104.4, 1079.9)(20.0, 1079.9);GATE
Port:(26.4, 978.6)(98.0, 978.6)(98.0, 984.4)(26.4, 984.4);SD
Module:M18
Boundary:(966.4, 265.9)(966.4, 342.0)(883.5, 342.0)(883.5, 354.0)(821.9, 354.0)(821.9, 265.9);GATE
Port:(821.9, 278.7)(827.9, 278.7)(827.9, 341.2)(821.9, 341.2);SD
Port:(966.4, 265.9)(966.4, 342.0)(883.5, 342.0)(883.5, 354.0)(830.1, 354.0)(830.1, 265.9);GATE
Port:(955.7, 272.7)(960.6, 272.7)(960.6, 333.2)(955.7, 333.2);SD
Module:M20
Boundary:(611.5, 20.0)(611.5, 72.2)(575.9, 72.2)(575.9, 88.6)(518.3, 88.6)(518.3, 20.0);GATE
Port:(518.3, 33.8)(522.8, 33.8)(522.8, 74.8)(518.3, 74.8);SD
Port:(611.5, 20.0)(611.5, 72.2)(575.9, 72.2)(575.9, 88.6)(524.0, 88.6)(524.0, 20.0);GATE
Port:(601.2, 25.2)(607.3, 25.2)(607.3, 66.0)(601.2, 66.0);SD
Module:M15
Boundary:(835.5, 910.9)(835.5, 947.4)(835.5, 947.4)(835.5, 965.5)(729.0, 965.5)(729.0, 910.9);GATE
Port:(729.0, 925.4)(734.5, 925.4)(734.5, 951.0)(729.0, 951.0);SD
Port:(835.5, 910.9)(835.5, 947.4)(835.5, 947.4)(835.5, 965.5)(737.5, 965.5)(737.5, 910.9);GATE
Port:(824.3, 916.7)(830.7, 916.7)(830.7, 941.6)(824.3, 941.6);SD
Module:M12
Boundary:(458.1, 739.5)(458.1, 806.8)(449.4, 806.8)(449.4, 822.8)(350.3, 822.8)(350.3, 739.5);GATE
Port:(350.3, 751.9)(355.1, 751.9)(355.1, 810.4)(350.3, 810.4);SD
Port:(458.1, 739.5)(458.1, 806.8)(449.4, 806.8)(449.4, 822.8)(356.5, 822.8)(356.5, 739.5);GATE
Port:(448.7, 745.4)(453.2, 745.4)(453.2, 799.9)(448.7, 799.9);SD
Module:M44
Boundary:(864.8, 1005.5)(864.8, 1072.0)(864.4, 1072.0)(864.4, 1088.6)(723.8, 1088.6)(723.8, 1005.5);GATE
Port:(723.8, 1018.4)(728.2, 1018.4)(728.2, 1075.7)(723.8, 1075.7);SD
Port:(864.8, 1005.5)(864.8, 1072.0)(864.4, 1072.0)(864.4, 1088.6)(729.6, 1088.6)(729.6, 1005.5);GATE
Port:(854.5, 1011.9)(859.4, 1011.9)(859.4, 1065.6)(854.5, 1065.6);SD
Module:M39
Boundary:(30.0, 667.6)(104.6, 667.6)(104.6, 746.4)(30.0, 746.4);GATE
Port:(46.0, 740.8)(88.6, 740.8)(88.6, 746.4)(46.0, 746.4);SD
Port:(30.0, 667.6)(104.6, 667.6)(104.6, 739.5)(30.0, 739.5);GATE
Port:(36.8, 673.4)(97.8, 673.4)(97.8, 680.3)(36.8, 680.3);SD
Module:M8
Boundary:(973.4, 404.0)(973.4, 493.6)(940.4, 493.6)(940.4, 509.6)(884.2, 509.6)(884.2, 404.0);GATE
Port:(884.2, 418.8)(888.5, 418.8)(888.5, 494.8)(884.2, 494.8);SD
Port:(973.4, 404.0)(973.4, 493.6)(940.4, 493.6)(940.4, 509.6)(889.8, 509.6)(889.8, 404.0);GATE
Port:(960.7, 410.6)(967.8, 410.6)(967.8, 486.0)(960.7, 486.0);SD
Module:M41
Boundary:(215.8, 1128.0)(215.8, 1195.7)(20.0, 1195.7)(20.0, 1128.0);GATE
Port:(20.0, 1142.0)(24.1, 1142.0)(24.1, 1181.7)(20.0, 1181.7);SD
Port:(215.8, 1128.0)(215.8, 1195.7)(25.2, 1195.7)(25.2, 1128.0);GATE
Port:(205.0, 1134.5)(210.3, 1134.5)(210.3, 1189.2)(205.0, 1189.2);SD
Module:M4
Boundary:(701.1, 1139.3)(701.1, 1185.7)(599.7, 1185.7)(599.7, 1198.8)(473.1, 1198.8)(473.1, 1139.3);GATE
Port:(473.1, 1151.5)(478.8, 1151.5)(478.8, 1186.6)(473.1, 1186.6);SD
Port:(701.1, 1139.3)(701.1, 1185.7)(599.7, 1185.7)(599.7, 1198.8)(480.6, 1198.8)(480.6, 1139.3);GATE
Port:(690.5, 1145.0)(696.4, 1145.0)(696.4, 1179.0)(690.5, 1179.0);SD
Module:M36
Boundary:(433.1, 1129.0)(433.1, 1180.7)(341.8, 1180.7)(341.8, 1197.0)(255.8, 1197.0)(255.8, 1129.0);GATE
Port:(255.8, 1142.3)(261.8, 1142.3)(261.8, 1183.7)(255.8, 1183.7);SD
Port:(433.1, 1129.0)(433.1, 1180.7)(341.8, 1180.7)(341.8, 1197.0)(263.2, 1197.0)(263.2, 1129.0);GATE
Port:(422.8, 1134.4)(428.7, 1134.4)(428.7, 1174.3)(422.8, 1174.3);SD
Module:M33
Boundary:(884.2, 549.6)(984.9, 549.6)(984.9, 734.0)(884.2, 734.0);GATE
Port:(898.6, 728.2)(970.5, 728.2)(970.5, 734.0)(898.6, 734.0);SD
Port:(884.2, 549.6)(984.9, 549.6)(984.9, 727.1)(884.2, 727.1);GATE
Port:(890.4, 554.8)(978.7, 554.8)(978.7, 560.6)(890.4, 560.6);SD
Module:M28
Boundary:(597.2, 128.6)(597.2, 208.5)(586.6, 208.5)(586.6, 223.2)(518.3, 223.2)(518.3, 128.6);GATE
Port:(518.3, 141.2)(523.5, 141.2)(523.5, 210.6)(518.3, 210.6);SD
Port:(597.2, 128.6)(597.2, 208.5)(586.6, 208.5)(586.6, 223.2)(525.8, 223.2)(525.8, 128.6);GATE
Port:(587.2, 134.4)(592.4, 134.4)(592.4, 201.7)(587.2, 201.7);SD
Module:M30
Boundary:(680.7, 664.7)(763.6, 664.7)(763.6, 674.7)(778.4, 674.7)(778.4, 740.2)(680.7, 740.2);GATE
Port:(694.0, 735.8)(765.1, 735.8)(765.1, 740.2)(694.0, 740.2);SD
Port:(680.7, 664.7)(763.6, 664.7)(763.6, 674.7)(778.4, 674.7)(778.4, 732.9)(680.7, 732.9);GATE
Port:(686.6, 669.6)(756.7, 669.6)(756.7, 676.0)(686.6, 676.0);SD
Module:M25
Boundary:(720.4, 236.0)(754.8, 236.0)(754.8, 236.0)(770.9, 236.0)(770.9, 391.4)(720.4, 391.4);GATE
Port:(734.6, 386.1)(756.7, 386.1)(756.7, 391.4)(734.6, 391.4);SD
Port:(720.4, 236.0)(754.8, 236.0)(754.8, 236.0)(770.9, 236.0)(770.9, 384.4)(720.4, 384.4);GATE
Port:(726.1, 240.7)(749.1, 240.7)(749.1, 247.3)(726.1, 247.3);SD
Module:M22
Boundary:(548.7, 263.2)(662.8, 263.2)(662.8, 371.7)(680.4, 371.7)(680.4, 468.0)(548.7, 468.0);GATE
Port:(564.3, 464.0)(664.8, 464.0)(664.8, 468.0)(564.3, 468.0);SD
Port:(548.7, 263.2)(662.8, 263.2)(662.8, 371.7)(680.4, 371.7)(680.4, 461.7)(548.7, 461.7);GATE
Port:(555.1, 268.6)(655.4, 268.6)(655.4, 275.5)(555.1, 275.5);SD
Module:M17
Boundary:(673.8, 1012.4)(673.8, 1074.4)(673.7, 1074.4)(673.7, 1089.3)(483.1, 1089.3)(483.1, 1012.4);GATE
Port:(483.1, 1025.2)(487.7, 1025.2)(487.7, 1076.5)(483.1, 1076.5);SD
Port:(673.8, 1012.4)(673.8, 1074.4)(673.7, 1074.4)(673.7, 1089.3)(490.1, 1089.3)(490.1, 1012.4);GATE
Port:(663.4, 1017.6)(669.6, 1017.6)(669.6, 1069.2)(663.4, 1069.2);SD
