Area:(-20.0, -20.0)(1487.5, -20.0)(1487.5, 869.6)(-20.0, 869.6)
Rule:GATE(5,5);SD(5,5);GATE_SD(0.5);GATE_ITO(0.5);SD_ITO(0.5)
Module:M49
Boundary:(812.6, 234.8)(812.6, 287.7)(812.5, 287.7)(812.5, 303.8)(619.1, 303.8)(619.1, 234.8);GATE
Port:(619.1, 250.1)(624.4, 250.1)(624.4, 288.5)(619.1, 288.5);SD
Port:(812.6, 234.8)(812.6, 287.7)(812.5, 287.7)(812.5, 303.8)(625.5, 303.8)(625.5, 234.8);GATE
Port:(799.8, 240.8)(807.6, 240.8)(807.6, 281.7)(799.8, 281.7);SD
Module:M14
Boundary:(116.7, 441.3)(116.7, 509.4)(67.4, 509.4)(67.4, 524.6)(20.0, 524.6)(20.0, 441.3);GATE
Port:(20.0, 455.5)(24.5, 455.5)(24.5, 510.4)(20.0, 510.4);SD
Port:(116.7, 441.3)(116.7, 509.4)(67.4, 509.4)(67.4, 524.6)(27.3, 524.6)(27.3, 441.3);GATE
Port:(105.6, 448.3)(110.7, 448.3)(110.7, 501.4)(105.6, 501.4);SD
Module:M9
Boundary:(660.5, 776.9)(660.5, 811.8)(660.5, 811.8)(660.5, 828.9)(486.9, 828.9)(486.9, 776.9);GATE
Port:(486.9, 790.8)(492.6, 790.8)(492.6, 815.0)(486.9, 815.0);SD
Port:(660.5, 776.9)(660.5, 811.8)(660.5, 811.8)(660.5, 828.9)(495.5, 828.9)(495.5, 776.9);GATE
Port:(649.4, 783.5)(654.9, 783.5)(654.9, 805.2)(649.4, 805.2);SD
Module:M5
Boundary:(276.7, 582.7)(349.1, 582.7)(349.1, 683.1)(276.7, 683.1);GATE
Port:(291.8, 678.9)(334.0, 678.9)(334.0, 683.1)(291.8, 683.1);SD
Port:(276.7, 582.7)(349.1, 582.7)(349.1, 677.1)(276.7, 677.1);GATE
Port:(282.0, 587.0)(343.8, 587.0)(343.8, 594.4)(282.0, 594.4);SD
Module:M46
Boundary:(20.0, 564.6)(72.9, 564.6)(72.9, 612.3)(87.6, 612.3)(87.6, 708.2)(20.0, 708.2);GATE
Port:(35.0, 704.0)(72.6, 704.0)(72.6, 708.2)(35.0, 708.2);SD
Port:(20.0, 564.6)(72.9, 564.6)(72.9, 612.3)(87.6, 612.3)(87.6, 702.6)(20.0, 702.6);GATE
Port:(26.8, 570.4)(65.1, 570.4)(65.1, 576.4)(26.8, 576.4);SD
Module:M11
Boundary:(1223.3, 742.7)(1223.3, 829.6)(1059.5, 829.6)(1059.5, 742.7);GATE
Port:(1059.5, 754.0)(1065.2, 754.0)(1065.2, 818.3)(1059.5, 818.3);SD
Port:(1223.3, 742.7)(1223.3, 829.6)(1067.4, 829.6)(1067.4, 742.7);GATE
Port:(1213.8, 749.1)(1217.9, 749.1)(1217.9, 823.2)(1213.8, 823.2);SD
Module:M1
Boundary:(156.7, 450.5)(222.4, 450.5)(222.4, 538.1)(156.7, 538.1);GATE
Port:(170.0, 533.9)(209.1, 533.9)(209.1, 538.1)(170.0, 538.1);SD
Port:(156.7, 450.5)(222.4, 450.5)(222.4, 532.1)(156.7, 532.1);GATE
Port:(162.5, 455.3)(216.6, 455.3)(216.6, 461.1)(162.5, 461.1);SD
Module:M43
Boundary:(1438.2, 20.0)(1438.2, 128.7)(1345.2, 128.7)(1345.2, 20.0);GATE
Port:(1345.2, 34.9)(1350.9, 34.9)(1350.9, 113.8)(1345.2, 113.8);SD
Port:(1438.2, 20.0)(1438.2, 128.7)(1352.1, 128.7)(1352.1, 20.0);GATE
Port:(1426.6, 26.1)(1433.1, 26.1)(1433.1, 122.6)(1426.6, 122.6);SD
Module:M38
Boundary:(1072.5, 592.4)(1154.7, 592.4)(1154.7, 599.8)(1169.2, 599.8)(1169.2, 692.7)(1072.5, 692.7);GATE
Port:(1086.4, 686.9)(1155.3, 686.9)(1155.3, 692.7)(1086.4, 692.7);SD
Port:(1072.5, 592.4)(1154.7, 592.4)(1154.7, 599.8)(1169.2, 599.8)(1169.2, 683.9)(1072.5, 683.9);GATE
Port:(1078.5, 597.4)(1147.7, 597.4)(1147.7, 603.8)(1078.5, 603.8);SD
Module:M40
Boundary:(1071.7, 20.0)(1071.7, 80.9)(1017.0, 80.9)(1017.0, 95.0)(866.3, 95.0)(866.3, 20.0);GATE
Port:(866.3, 31.8)(872.0, 31.8)(872.0, 83.2)(866.3, 83.2);SD
Port:(1071.7, 20.0)(1071.7, 80.9)(1017.0, 80.9)(1017.0, 95.0)(873.8, 95.0)(873.8, 20.0);GATE
Port:(1062.6, 25.4)(1067.3, 25.4)(1067.3, 74.5)(1062.6, 74.5);SD
Module:M35
Boundary:(180.4, 748.2)(180.4, 813.4)(20.0, 813.4)(20.0, 748.2);GATE
Port:(20.0, 761.3)(24.9, 761.3)(24.9, 800.3)(20.0, 800.3);SD
Port:(180.4, 748.2)(180.4, 813.4)(26.6, 813.4)(26.6, 748.2);GATE
Port:(169.3, 754.7)(174.9, 754.7)(174.9, 806.9)(169.3, 806.9);SD
Module:M32
Boundary:(528.0, 414.1)(575.6, 414.1)(575.6, 525.7)(590.2, 525.7)(590.2, 596.5)(528.0, 596.5);GATE
Port:(539.8, 592.0)(578.4, 592.0)(578.4, 596.5)(539.8, 596.5);SD
Port:(528.0, 414.1)(575.6, 414.1)(575.6, 525.7)(590.2, 525.7)(590.2, 590.1)(528.0, 590.1);GATE
Port:(533.3, 418.4)(569.3, 418.4)(569.3, 423.7)(533.3, 423.7);SD
Module:M27
Boundary:(156.2, 20.0)(156.2, 67.4)(20.0, 67.4)(20.0, 20.0);GATE
Port:(20.0, 33.8)(25.0, 33.8)(25.0, 53.6)(20.0, 53.6);SD
Port:(156.2, 20.0)(156.2, 67.4)(26.8, 67.4)(26.8, 20.0);GATE
Port:(144.0, 26.4)(150.8, 26.4)(150.8, 61.0)(144.0, 61.0);SD
Module:M24
Boundary:(1168.6, 161.8)(1168.6, 234.9)(1096.3, 234.9)(1096.3, 252.5)(997.6, 252.5)(997.6, 161.8);GATE
Port:(997.6, 175.3)(1002.9, 175.3)(1002.9, 239.0)(997.6, 239.0);SD
Port:(1168.6, 161.8)(1168.6, 234.9)(1096.3, 234.9)(1096.3, 252.5)(1005.0, 252.5)(1005.0, 161.8);GATE
Port:(1158.2, 167.2)(1164.2, 167.2)(1164.2, 228.5)(1158.2, 228.5);SD
Module:M19
Boundary:(391.2, 736.7)(446.9, 736.7)(446.9, 827.7)(391.2, 827.7);GATE
Port:(406.0, 822.9)(432.1, 822.9)(432.1, 827.7)(406.0, 827.7);SD
Port:(391.2, 736.7)(446.9, 736.7)(446.9, 821.4)(391.2, 821.4);GATE
Port:(398.1, 742.6)(440.0, 742.6)(440.0, 748.1)(398.1, 748.1);SD
Module:M6
Boundary:(640.2, 458.9)(744.8, 458.9)(744.8, 535.7)(761.1, 535.7)(761.1, 611.9)(640.2, 611.9);GATE
Port:(654.0, 606.7)(747.3, 606.7)(747.3, 611.9)(654.0, 611.9);SD
Port:(640.2, 458.9)(744.8, 458.9)(744.8, 535.7)(761.1, 535.7)(761.1, 603.9)(640.2, 603.9);GATE
Port:(646.6, 464.3)(737.4, 464.3)(737.4, 469.4)(646.6, 469.4);SD
Module:M21
Boundary:(756.1, 20.0)(808.5, 20.0)(808.5, 20.3)(826.3, 20.3)(826.3, 187.3)(756.1, 187.3);GATE
Port:(769.5, 182.9)(812.9, 182.9)(812.9, 187.3)(769.5, 187.3);SD
Port:(756.1, 20.0)(808.5, 20.0)(808.5, 20.3)(826.3, 20.3)(826.3, 180.8)(756.1, 180.8);GATE
Port:(761.9, 24.8)(802.7, 24.8)(802.7, 30.2)(761.9, 30.2);SD
Module:M2
Boundary:(1343.6, 536.4)(1429.0, 536.4)(1429.0, 566.5)(1445.2, 566.5)(1445.2, 706.0)(1343.6, 706.0);GATE
Port:(1356.2, 701.9)(1432.6, 701.9)(1432.6, 706.0)(1356.2, 706.0);SD
Port:(1343.6, 536.4)(1429.0, 536.4)(1429.0, 566.5)(1445.2, 566.5)(1445.2, 700.6)(1343.6, 700.6);GATE
Port:(1348.7, 540.5)(1422.9, 540.5)(1422.9, 546.2)(1348.7, 546.2);SD
Module:M16
Boundary:(1009.5, 722.2)(1009.5, 798.7)(941.0, 798.7)(941.0, 816.4)(811.1, 816.4)(811.1, 722.2);GATE
Port:(811.1, 737.5)(816.8, 737.5)(816.8, 801.1)(811.1, 801.1);SD
Port:(1009.5, 722.2)(1009.5, 798.7)(941.0, 798.7)(941.0, 816.4)(819.2, 816.4)(819.2, 722.2);GATE
Port:(997.4, 728.2)(1004.5, 728.2)(1004.5, 791.7)(997.4, 791.7);SD
Module:M48
Boundary:(745.7, 651.9)(745.7, 717.8)(737.8, 717.8)(737.8, 733.1)(640.2, 733.1)(640.2, 651.9);GATE
Port:(640.2, 664.7)(645.3, 664.7)(645.3, 720.3)(640.2, 720.3);SD
Port:(745.7, 651.9)(745.7, 717.8)(737.8, 717.8)(737.8, 733.1)(647.3, 733.1)(647.3, 651.9);GATE
Port:(735.3, 656.9)(741.7, 656.9)(741.7, 711.8)(735.3, 711.8);SD
Module:M13
Boundary:(1303.6, 386.6)(1303.6, 484.2)(1218.7, 484.2)(1218.7, 386.6);GATE
Port:(1218.7, 399.9)(1223.3, 399.9)(1223.3, 470.9)(1218.7, 470.9);SD
Port:(1303.6, 386.6)(1303.6, 484.2)(1225.9, 484.2)(1225.9, 386.6);GATE
Port:(1292.4, 393.1)(1298.1, 393.1)(1298.1, 477.7)(1292.4, 477.7);SD
Module:M50
Boundary:(838.3, 343.8)(838.3, 401.1)(769.5, 401.1)(769.5, 418.9)(640.2, 418.9)(640.2, 343.8);GATE
Port:(640.2, 358.7)(646.2, 358.7)(646.2, 404.0)(640.2, 404.0);SD
Port:(838.3, 343.8)(838.3, 401.1)(769.5, 401.1)(769.5, 418.9)(648.4, 418.9)(648.4, 343.8);GATE
Port:(826.6, 349.3)(833.8, 349.3)(833.8, 394.6)(826.6, 394.6);SD
Module:M45
Boundary:(138.3, 316.0)(138.3, 376.3)(138.0, 376.3)(138.0, 391.3)(30.0, 391.3)(30.0, 316.0);GATE
Port:(30.0, 327.9)(35.0, 327.9)(35.0, 379.4)(30.0, 379.4);SD
Port:(138.3, 316.0)(138.3, 376.3)(138.0, 376.3)(138.0, 391.3)(37.9, 391.3)(37.9, 316.0);GATE
Port:(129.1, 322.0)(133.3, 322.0)(133.3, 370.3)(129.1, 370.3);SD
Module:M10
Boundary:(1442.3, 746.0)(1442.3, 812.2)(1442.1, 812.2)(1442.1, 828.7)(1263.3, 828.7)(1263.3, 746.0);GATE
Port:(1263.3, 759.0)(1267.5, 759.0)(1267.5, 815.7)(1263.3, 815.7);SD
Port:(1442.3, 746.0)(1442.3, 812.2)(1442.1, 812.2)(1442.1, 828.7)(1270.3, 828.7)(1270.3, 746.0);GATE
Port:(1431.7, 751.3)(1438.0, 751.3)(1438.0, 806.9)(1431.7, 806.9);SD
Module:M42
Boundary:(947.6, 135.0)(947.6, 224.6)(929.0, 224.6)(929.0, 238.0)(878.3, 238.0)(878.3, 135.0);GATE
Port:(878.3, 147.4)(883.1, 147.4)(883.1, 225.6)(878.3, 225.6);SD
Port:(947.6, 135.0)(947.6, 224.6)(929.0, 224.6)(929.0, 238.0)(884.3, 238.0)(884.3, 135.0);GATE
Port:(937.3, 140.1)(943.5, 140.1)(943.5, 218.5)(937.3, 218.5);SD
Module:M37
Boundary:(878.3, 278.0)(941.2, 278.0)(941.2, 412.9)(878.3, 412.9);GATE
Port:(891.9, 407.4)(927.6, 407.4)(927.6, 412.9)(891.9, 412.9);SD
Port:(878.3, 278.0)(941.2, 278.0)(941.2, 405.3)(878.3, 405.3);GATE
Port:(884.3, 283.0)(935.2, 283.0)(935.2, 289.7)(884.3, 289.7);SD
Module:M34
Boundary:(220.4, 723.1)(324.8, 723.1)(324.8, 731.6)(340.3, 731.6)(340.3, 828.5)(220.4, 828.5);GATE
Port:(235.6, 823.8)(325.1, 823.8)(325.1, 828.5)(235.6, 828.5);SD
Port:(220.4, 723.1)(324.8, 723.1)(324.8, 731.6)(340.3, 731.6)(340.3, 820.8)(220.4, 820.8);GATE
Port:(227.1, 728.8)(317.1, 728.8)(317.1, 735.5)(227.1, 735.5);SD
Module:M29
Boundary:(357.3, 184.9)(462.0, 184.9)(462.0, 358.5)(357.3, 358.5);GATE
Port:(369.6, 352.6)(449.7, 352.6)(449.7, 358.5)(369.6, 358.5);SD
Port:(357.3, 184.9)(462.0, 184.9)(462.0, 350.3)(357.3, 350.3);GATE
Port:(364.0, 190.6)(455.3, 190.6)(455.3, 195.3)(364.0, 195.3);SD
Module:M7
Boundary:(512.0, 174.9)(578.4, 174.9)(578.4, 364.1)(512.0, 364.1);GATE
Port:(526.2, 359.6)(564.2, 359.6)(564.2, 364.1)(526.2, 364.1);SD
Port:(512.0, 174.9)(578.4, 174.9)(578.4, 357.9)(512.0, 357.9);GATE
Port:(518.9, 180.8)(571.5, 180.8)(571.5, 186.7)(518.9, 186.7);SD
Module:M31
Boundary:(188.3, 126.3)(290.3, 126.3)(290.3, 126.9)(307.3, 126.9)(307.3, 232.3)(188.3, 232.3);GATE
Port:(202.2, 228.3)(293.4, 228.3)(293.4, 232.3)(202.2, 232.3);SD
Port:(188.3, 126.3)(290.3, 126.3)(290.3, 126.9)(307.3, 126.9)(307.3, 225.7)(188.3, 225.7);GATE
Port:(193.9, 130.9)(284.7, 130.9)(284.7, 137.3)(193.9, 137.3);SD
Module:M3
Boundary:(1219.2, 524.2)(1301.9, 524.2)(1301.9, 694.4)(1219.2, 694.4);GATE
Port:(1233.5, 689.0)(1287.6, 689.0)(1287.6, 694.4)(1233.5, 694.4);SD
Port:(1219.2, 524.2)(1301.9, 524.2)(1301.9, 686.3)(1219.2, 686.3);GATE
Port:(1225.3, 529.3)(1295.8, 529.3)(1295.8, 536.0)(1225.3, 536.0);SD
Module:M26
Boundary:(127.6, 582.7)(222.6, 582.7)(222.6, 589.4)(236.7, 589.4)(236.7, 675.9)(127.6, 675.9);GATE
Port:(141.2, 670.0)(223.1, 670.0)(223.1, 675.9)(141.2, 675.9);SD
Port:(127.6, 582.7)(222.6, 582.7)(222.6, 589.4)(236.7, 589.4)(236.7, 668.7)(127.6, 668.7);GATE
Port:(134.5, 588.6)(214.7, 588.6)(214.7, 593.7)(134.5, 593.7);SD
Module:M23
Boundary:(476.3, 589.2)(476.3, 696.7)(391.2, 696.7)(391.2, 589.2);GATE
Port:(391.2, 603.9)(396.7, 603.9)(396.7, 682.0)(391.2, 682.0);SD
Port:(476.3, 589.2)(476.3, 696.7)(398.8, 696.7)(398.8, 589.2);GATE
Port:(464.4, 594.9)(471.6, 594.9)(471.6, 691.0)(464.4, 691.0);SD
Module:M18
Boundary:(579.1, 20.0)(579.1, 120.2)(470.2, 120.2)(470.2, 134.9)(398.4, 134.9)(398.4, 20.0);GATE
Port:(398.4, 34.2)(404.3, 34.2)(404.3, 120.7)(398.4, 120.7);SD
Port:(579.1, 20.0)(579.1, 120.2)(470.2, 120.2)(470.2, 134.9)(405.9, 134.9)(405.9, 20.0);GATE
Port:(566.7, 26.7)(573.4, 26.7)(573.4, 112.5)(566.7, 112.5);SD
Module:M20
Boundary:(619.1, 20.0)(701.3, 20.0)(701.3, 95.2)(716.1, 95.2)(716.1, 194.8)(619.1, 194.8);GATE
Port:(632.5, 189.7)(702.7, 189.7)(702.7, 194.8)(632.5, 194.8);SD
Port:(619.1, 20.0)(701.3, 20.0)(701.3, 95.2)(716.1, 95.2)(716.1, 188.1)(619.1, 188.1);GATE
Port:(625.7, 25.6)(693.7, 25.6)(693.7, 30.8)(625.7, 30.8);SD
Module:M15
Boundary:(811.1, 468.9)(894.7, 468.9)(894.7, 469.3)(910.5, 469.3)(910.5, 559.1)(811.1, 559.1);GATE
Port:(825.7, 553.4)(895.9, 553.4)(895.9, 559.1)(825.7, 559.1);SD
Port:(811.1, 468.9)(894.7, 468.9)(894.7, 469.3)(910.5, 469.3)(910.5, 551.5)(811.1, 551.5);GATE
Port:(817.2, 474.0)(888.6, 474.0)(888.6, 481.3)(817.2, 481.3);SD
Module:M47
Boundary:(262.4, 450.5)(351.2, 450.5)(351.2, 542.7)(262.4, 542.7);GATE
Port:(274.9, 538.1)(338.7, 538.1)(338.7, 542.7)(274.9, 542.7);SD
Port:(262.4, 450.5)(351.2, 450.5)(351.2, 536.1)(262.4, 536.1);GATE
Port:(268.4, 455.5)(345.2, 455.5)(345.2, 461.1)(268.4, 461.1);SD
Module:M12
Boundary:(358.4, 20.0)(358.4, 71.4)(330.9, 71.4)(330.9, 86.3)(196.2, 86.3)(196.2, 20.0);GATE
Port:(196.2, 33.6)(201.3, 33.6)(201.3, 72.7)(196.2, 72.7);SD
Port:(358.4, 20.0)(358.4, 71.4)(330.9, 71.4)(330.9, 86.3)(203.0, 86.3)(203.0, 20.0);GATE
Port:(347.4, 26.6)(352.8, 26.6)(352.8, 63.8)(347.4, 63.8);SD
Module:M44
Boundary:(518.0, 646.5)(585.3, 646.5)(585.3, 652.8)(599.5, 652.8)(599.5, 736.9)(518.0, 736.9);GATE
Port:(532.8, 731.4)(584.7, 731.4)(584.7, 736.9)(532.8, 736.9);SD
Port:(518.0, 646.5)(585.3, 646.5)(585.3, 652.8)(599.5, 652.8)(599.5, 729.0)(518.0, 729.0);GATE
Port:(524.9, 652.4)(577.4, 652.4)(577.4, 659.2)(524.9, 659.2);SD
Module:M39
Boundary:(1166.5, 469.3)(1166.5, 532.4)(970.5, 532.4)(970.5, 469.3);GATE
Port:(970.5, 481.9)(976.1, 481.9)(976.1, 519.8)(970.5, 519.8);SD
Port:(1166.5, 469.3)(1166.5, 532.4)(977.4, 532.4)(977.4, 469.3);GATE
Port:(1156.2, 474.4)(1162.4, 474.4)(1162.4, 527.3)(1156.2, 527.3);SD
Module:M8
Boundary:(1434.7, 414.0)(1434.7, 469.6)(1401.2, 469.6)(1401.2, 486.4)(1353.6, 486.4)(1353.6, 414.0);GATE
Port:(1353.6, 428.6)(1358.5, 428.6)(1358.5, 471.8)(1353.6, 471.8);SD
Port:(1434.7, 414.0)(1434.7, 469.6)(1401.2, 469.6)(1401.2, 486.4)(1360.2, 486.4)(1360.2, 414.0);GATE
Port:(1422.7, 420.2)(1429.5, 420.2)(1429.5, 462.4)(1422.7, 462.4);SD
Module:M41
Boundary:(1228.7, 178.9)(1328.4, 178.9)(1328.4, 336.6)(1228.7, 336.6);GATE
Port:(1242.0, 331.2)(1315.1, 331.2)(1315.1, 336.6)(1242.0, 336.6);SD
Port:(1228.7, 178.9)(1328.4, 178.9)(1328.4, 328.6)(1228.7, 328.6);GATE
Port:(1235.2, 184.4)(1321.9, 184.4)(1321.9, 189.1)(1235.2, 189.1);SD
Module:M4
Boundary:(1229.0, 20.0)(1287.4, 20.0)(1287.4, 68.6)(1305.2, 68.6)(1305.2, 128.9)(1229.0, 128.9);GATE
Port:(1244.6, 124.0)(1289.6, 124.0)(1289.6, 128.9)(1244.6, 128.9);SD
Port:(1229.0, 20.0)(1287.4, 20.0)(1287.4, 68.6)(1305.2, 68.6)(1305.2, 121.6)(1229.0, 121.6);GATE
Port:(1234.6, 24.6)(1280.8, 24.6)(1280.8, 32.4)(1234.6, 32.4);SD
Module:M36
Boundary:(198.3, 282.3)(283.0, 282.3)(283.0, 291.8)(294.6, 291.8)(294.6, 400.5)(198.3, 400.5);GATE
Port:(209.1, 396.4)(283.8, 396.4)(283.8, 400.5)(209.1, 400.5);SD
Port:(198.3, 282.3)(283.0, 282.3)(283.0, 291.8)(294.6, 291.8)(294.6, 393.8)(198.3, 393.8);GATE
Port:(203.4, 286.4)(275.9, 286.4)(275.9, 291.6)(203.4, 291.6);SD
Module:M33
Boundary:(20.0, 107.4)(147.8, 107.4)(147.8, 266.0)(20.0, 266.0);GATE
Port:(33.9, 261.3)(133.9, 261.3)(133.9, 266.0)(33.9, 266.0);SD
Port:(20.0, 107.4)(147.8, 107.4)(147.8, 258.6)(20.0, 258.6);GATE
Port:(26.1, 112.5)(141.7, 112.5)(141.7, 117.9)(26.1, 117.9);SD
Module:M28
Boundary:(1022.5, 609.1)(1022.5, 657.7)(903.7, 657.7)(903.7, 672.2)(801.1, 672.2)(801.1, 609.1);GATE
Port:(801.1, 621.7)(806.0, 621.7)(806.0, 659.6)(801.1, 659.6);SD
Port:(1022.5, 609.1)(1022.5, 657.7)(903.7, 657.7)(903.7, 672.2)(807.7, 672.2)(807.7, 609.1);GATE
Port:(1012.2, 614.6)(1018.0, 614.6)(1018.0, 651.2)(1012.2, 651.2);SD
Module:M30
Boundary:(1178.7, 302.5)(1178.7, 402.7)(1178.6, 402.7)(1178.6, 419.3)(981.2, 419.3)(981.2, 302.5);GATE
Port:(981.2, 315.7)(985.8, 315.7)(985.8, 406.1)(981.2, 406.1);SD
Port:(1178.7, 302.5)(1178.7, 402.7)(1178.6, 402.7)(1178.6, 419.3)(987.6, 419.3)(987.6, 302.5);GATE
Port:(1168.4, 308.0)(1174.2, 308.0)(1174.2, 397.2)(1168.4, 397.2);SD
Module:M25
Boundary:(1111.7, 20.0)(1189.0, 20.0)(1189.0, 111.8)(1111.7, 111.8);GATE
Port:(1124.5, 106.6)(1176.2, 106.6)(1176.2, 111.8)(1124.5, 111.8);SD
Port:(1111.7, 20.0)(1189.0, 20.0)(1189.0, 104.0)(1111.7, 104.0);GATE
Port:(1118.1, 25.4)(1182.6, 25.4)(1182.6, 30.0)(1118.1, 30.0);SD
Module:M22
Boundary:(401.2, 418.5)(452.6, 418.5)(452.6, 477.4)(468.0, 477.4)(468.0, 539.2)(401.2, 539.2);GATE
Port:(414.5, 534.6)(454.7, 534.6)(454.7, 539.2)(414.5, 539.2);SD
Port:(401.2, 418.5)(452.6, 418.5)(452.6, 477.4)(468.0, 477.4)(468.0, 533.4)(401.2, 533.4);GATE
Port:(406.7, 423.0)(446.1, 423.0)(446.1, 429.6)(406.7, 429.6);SD
Module:M17
Boundary:(1378.4, 168.7)(1447.5, 168.7)(1447.5, 364.0)(1378.4, 364.0);GATE
Port:(1392.6, 359.7)(1433.3, 359.7)(1433.3, 364.0)(1392.6, 364.0);SD
Port:(1378.4, 168.7)(1447.5, 168.7)(1447.5, 358.4)(1378.4, 358.4);GATE
Port:(1383.9, 173.2)(1442.0, 173.2)(1442.0, 179.9)(1383.9, 179.9);SD
