Area:(-20.0, -20.0)(276.0, -20.0)(276.0, 691.0)(-20.0, 691.0)
Rule:GATE(5,5);SD(5,5);GATE_SD(0.5);GATE_ITO(0.5);SD_ITO(0.5)
Module:M5
Boundary:(208.0, 488.0)(208.0, 599.5)(98.3, 599.5)(98.3, 651.0)(20.0, 651.0)(20.0, 488.0);GATE
Port:(20.0, 502.5)(30.0, 502.5)(30.0, 636.5)(20.0, 636.5);SD
Port:(208.0, 488.0)(208.0, 599.5)(98.3, 599.5)(98.3, 651.0)(35.0, 651.0)(35.0, 488.0);GATE
Port:(199.0, 498.0)(203.0, 498.0)(203.0, 585.0)(199.0, 585.0);SD
Module:M1
Boundary:(123.0, 20.0)(123.0, 149.5)(109.0, 149.5)(109.0, 165.0)(20.0, 165.0)(20.0, 20.0);GATE
Port:(20.0, 34.5)(30.0, 34.5)(30.0, 150.5)(20.0, 150.5);SD
Port:(123.0, 20.0)(123.0, 149.5)(109.0, 149.5)(109.0, 165.0)(35.0, 165.0)(35.0, 20.0);GATE
Port:(114.0, 30.0)(118.0, 30.0)(118.0, 135.0)(114.0, 135.0);SD
Module:M2
Boundary:(163.0, 20.0)(236.0, 20.0)(236.0, 207.0)(163.0, 207.0);GATE
Port:(177.5, 197.0)(221.5, 197.0)(221.5, 207.0)(177.5, 207.0);SD
Port:(163.0, 20.0)(236.0, 20.0)(236.0, 192.0)(163.0, 192.0);GATE
Port:(173.0, 25.0)(226.0, 25.0)(226.0, 29.0)(173.0, 29.0);SD
Module:M3
Boundary:(20.0, 205.0)(96.0, 205.0)(96.0, 213.0)(111.0, 213.0)(111.0, 278.0)(20.0, 278.0);GATE
Port:(34.5, 268.0)(96.5, 268.0)(96.5, 278.0)(34.5, 278.0);SD
Port:(20.0, 205.0)(96.0, 205.0)(96.0, 213.0)(111.0, 213.0)(111.0, 263.0)(20.0, 263.0);GATE
Port:(30.0, 210.0)(81.0, 210.0)(81.0, 214.0)(30.0, 214.0);SD
Module:M4
Boundary:(20.0, 318.0)(95.5, 318.0)(95.5, 380.3)(183.0, 380.3)(183.0, 448.0)(20.0, 448.0);GATE
Port:(34.5, 438.0)(168.5, 438.0)(168.5, 448.0)(34.5, 448.0);SD
Port:(20.0, 318.0)(95.5, 318.0)(95.5, 380.3)(183.0, 380.3)(183.0, 433.0)(20.0, 433.0);GATE
Port:(30.0, 323.0)(81.0, 323.0)(81.0, 327.0)(30.0, 327.0);SD
