Area:(-20.0, -30.0)(1049.8, -30.0)(1049.8, 1008.7)(-20.0, 1008.7)
Rule:GATE(5,5);SD(5,5);GATE_SD(0.5);GATE_ITO(0.5);SD_ITO(0.5)
Module:M14
Boundary:(626.8, 30.0)(679.3, 30.0)(679.3, 80.3)(694.8, 80.3)(694.8, 154.5)(626.8, 154.5);GATE
Port:(641.0, 148.9)(680.6, 148.9)(680.6, 154.5)(641.0, 154.5);SD
Port:(626.8, 30.0)(679.3, 30.0)(679.3, 80.3)(694.8, 80.3)(694.8, 147.6)(626.8, 147.6);GATE
Port:(632.6, 34.8)(672.5, 34.8)(672.5, 41.2)(632.6, 41.2);SD
Module:M9
Boundary:(639.4, 355.1)(704.8, 355.1)(704.8, 355.5)(720.9, 355.5)(720.9, 533.8)(639.4, 533.8);GATE
Port:(652.6, 528.7)(707.7, 528.7)(707.7, 533.8)(652.6, 533.8);SD
Port:(639.4, 355.1)(704.8, 355.1)(704.8, 355.5)(720.9, 355.5)(720.9, 525.8)(639.4, 525.8);GATE
Port:(645.4, 360.1)(698.8, 360.1)(698.8, 365.7)(645.4, 365.7);SD
Module:M5
Boundary:(404.1, 581.3)(492.3, 581.3)(492.3, 695.1)(404.1, 695.1);GATE
Port:(419.1, 689.4)(477.3, 689.4)(477.3, 695.1)(419.1, 695.1);SD
Port:(404.1, 581.3)(492.3, 581.3)(492.3, 688.1)(404.1, 688.1);GATE
Port:(410.6, 586.8)(485.8, 586.8)(485.8, 593.8)(410.6, 593.8);SD
Module:M11
Boundary:(463.1, 845.9)(463.1, 950.2)(462.9, 950.2)(462.9, 967.7)(359.9, 967.7)(359.9, 845.9);GATE
Port:(359.9, 859.4)(364.4, 859.4)(364.4, 954.2)(359.9, 954.2);SD
Port:(463.1, 845.9)(463.1, 950.2)(462.9, 950.2)(462.9, 967.7)(366.9, 967.7)(366.9, 845.9);GATE
Port:(452.9, 851.9)(458.1, 851.9)(458.1, 944.2)(452.9, 944.2);SD
Module:M1
Boundary:(30.0, 228.8)(83.2, 228.8)(83.2, 229.0)(99.9, 229.0)(99.9, 411.0)(30.0, 411.0);GATE
Port:(44.5, 405.3)(85.4, 405.3)(85.4, 411.0)(44.5, 411.0);SD
Port:(30.0, 228.8)(83.2, 228.8)(83.2, 229.0)(99.9, 229.0)(99.9, 403.2)(30.0, 403.2);GATE
Port:(36.9, 234.7)(76.3, 234.7)(76.3, 240.5)(36.9, 240.5);SD
Module:M38
Boundary:(665.9, 713.9)(665.9, 778.2)(606.7, 778.2)(606.7, 791.6)(522.3, 791.6)(522.3, 713.9);GATE
Port:(522.3, 727.8)(526.8, 727.8)(526.8, 777.7)(522.3, 777.7);SD
Port:(665.9, 713.9)(665.9, 778.2)(606.7, 778.2)(606.7, 791.6)(529.2, 791.6)(529.2, 713.9);GATE
Port:(653.6, 720.6)(660.2, 720.6)(660.2, 770.5)(653.6, 770.5);SD
Module:M40
Boundary:(1009.8, 670.9)(1009.8, 750.1)(974.8, 750.1)(974.8, 764.5)(900.7, 764.5)(900.7, 670.9);GATE
Port:(900.7, 683.0)(905.7, 683.0)(905.7, 752.4)(900.7, 752.4);SD
Port:(1009.8, 670.9)(1009.8, 750.1)(974.8, 750.1)(974.8, 764.5)(907.0, 764.5)(907.0, 670.9);GATE
Port:(999.8, 676.0)(1005.7, 676.0)(1005.7, 744.0)(999.8, 744.0);SD
Module:M35
Boundary:(371.1, 20.0)(371.1, 111.5)(370.7, 111.5)(370.7, 126.2)(167.8, 126.2)(167.8, 20.0);GATE
Port:(167.8, 32.7)(172.6, 32.7)(172.6, 113.5)(167.8, 113.5);SD
Port:(371.1, 20.0)(371.1, 111.5)(370.7, 111.5)(370.7, 126.2)(174.3, 126.2)(174.3, 20.0);GATE
Port:(360.5, 26.1)(366.0, 26.1)(366.0, 105.4)(360.5, 105.4);SD
Module:M32
Boundary:(767.2, 767.8)(846.5, 767.8)(846.5, 784.5)(860.7, 784.5)(860.7, 958.8)(767.2, 958.8);GATE
Port:(780.0, 954.0)(847.9, 954.0)(847.9, 958.8)(780.0, 958.8);SD
Port:(767.2, 767.8)(846.5, 767.8)(846.5, 784.5)(860.7, 784.5)(860.7, 952.1)(767.2, 952.1);GATE
Port:(773.7, 773.3)(839.0, 773.3)(839.0, 778.6)(773.7, 778.6);SD
Module:M27
Boundary:(20.0, 627.2)(95.7, 627.2)(95.7, 798.3)(20.0, 798.3);GATE
Port:(33.4, 793.3)(82.3, 793.3)(82.3, 798.3)(33.4, 798.3);SD
Port:(20.0, 627.2)(95.7, 627.2)(95.7, 791.3)(20.0, 791.3);GATE
Port:(26.6, 632.8)(89.1, 632.8)(89.1, 638.7)(26.6, 638.7);SD
Module:M24
Boundary:(925.8, 353.4)(981.8, 353.4)(981.8, 402.9)(998.6, 402.9)(998.6, 461.0)(925.8, 461.0);GATE
Port:(940.8, 456.5)(983.6, 456.5)(983.6, 461.0)(940.8, 461.0);SD
Port:(925.8, 353.4)(981.8, 353.4)(981.8, 402.9)(998.6, 402.9)(998.6, 454.7)(925.8, 454.7);GATE
Port:(931.9, 358.5)(974.7, 358.5)(974.7, 365.0)(931.9, 365.0);SD
Module:M19
Boundary:(575.5, 162.6)(575.5, 229.8)(575.3, 229.8)(575.3, 245.8)(411.1, 245.8)(411.1, 162.6);GATE
Port:(411.1, 176.3)(416.6, 176.3)(416.6, 232.1)(411.1, 232.1);SD
Port:(575.5, 162.6)(575.5, 229.8)(575.3, 229.8)(575.3, 245.8)(419.0, 245.8)(419.0, 162.6);GATE
Port:(563.5, 169.5)(569.6, 169.5)(569.6, 222.9)(563.5, 222.9);SD
Module:M6
Boundary:(888.2, 501.0)(983.3, 501.0)(983.3, 547.0)(997.4, 547.0)(997.4, 640.9)(888.2, 640.9);GATE
Port:(901.4, 635.3)(984.2, 635.3)(984.2, 640.9)(901.4, 640.9);SD
Port:(888.2, 501.0)(983.3, 501.0)(983.3, 547.0)(997.4, 547.0)(997.4, 633.5)(888.2, 633.5);GATE
Port:(894.1, 505.9)(976.4, 505.9)(976.4, 512.2)(894.1, 512.2);SD
Module:M21
Boundary:(919.7, 173.3)(986.5, 173.3)(986.5, 173.4)(999.2, 173.4)(999.2, 313.4)(919.7, 313.4);GATE
Port:(931.0, 308.8)(987.9, 308.8)(987.9, 313.4)(931.0, 313.4);SD
Port:(919.7, 173.3)(986.5, 173.3)(986.5, 173.4)(999.2, 173.4)(999.2, 307.6)(919.7, 307.6);GATE
Port:(925.3, 177.9)(980.9, 177.9)(980.9, 183.1)(925.3, 183.1);SD
Module:M2
Boundary:(576.8, 285.8)(576.8, 359.3)(471.8, 359.3)(471.8, 372.8)(404.1, 372.8)(404.1, 285.8);GATE
Port:(404.1, 296.7)(409.6, 296.7)(409.6, 361.9)(404.1, 361.9);SD
Port:(576.8, 285.8)(576.8, 359.3)(471.8, 359.3)(471.8, 372.8)(411.4, 372.8)(411.4, 285.8);GATE
Port:(567.6, 290.8)(572.8, 290.8)(572.8, 353.3)(567.6, 353.3);SD
Module:M16
Boundary:(204.4, 814.2)(304.2, 814.2)(304.2, 877.2)(319.9, 877.2)(319.9, 963.6)(204.4, 963.6);GATE
Port:(217.0, 958.1)(307.3, 958.1)(307.3, 963.6)(217.0, 963.6);SD
Port:(204.4, 814.2)(304.2, 814.2)(304.2, 877.2)(319.9, 877.2)(319.9, 955.7)(204.4, 955.7);GATE
Port:(209.7, 818.5)(297.9, 818.5)(297.9, 823.4)(209.7, 823.4);SD
Module:M13
Boundary:(783.3, 177.7)(869.7, 177.7)(869.7, 310.3)(783.3, 310.3);GATE
Port:(795.4, 305.6)(857.6, 305.6)(857.6, 310.3)(795.4, 310.3);SD
Port:(783.3, 177.7)(869.7, 177.7)(869.7, 303.9)(783.3, 303.9);GATE
Port:(788.6, 182.0)(864.4, 182.0)(864.4, 188.3)(788.6, 188.3);SD
Module:M10
Boundary:(920.7, 804.5)(973.3, 804.5)(973.3, 867.5)(988.7, 867.5)(988.7, 955.2)(920.7, 955.2);GATE
Port:(934.3, 950.5)(975.1, 950.5)(975.1, 955.2)(934.3, 955.2);SD
Port:(920.7, 804.5)(973.3, 804.5)(973.3, 867.5)(988.7, 867.5)(988.7, 948.6)(920.7, 948.6);GATE
Port:(926.8, 809.6)(966.2, 809.6)(966.2, 815.9)(926.8, 815.9);SD
Module:M37
Boundary:(911.2, 10.0)(1005.1, 10.0)(1005.1, 143.3)(911.2, 143.3);GATE
Port:(922.4, 137.6)(993.9, 137.6)(993.9, 143.3)(922.4, 143.3);SD
Port:(911.2, 10.0)(1005.1, 10.0)(1005.1, 136.0)(911.2, 136.0);GATE
Port:(916.3, 14.1)(1000.0, 14.1)(1000.0, 18.9)(916.3, 18.9);SD
Module:M34
Boundary:(885.8, 360.3)(885.8, 416.8)(826.4, 416.8)(826.4, 433.9)(760.9, 433.9)(760.9, 360.3);GATE
Port:(760.9, 375.2)(765.5, 375.2)(765.5, 419.0)(760.9, 419.0);SD
Port:(885.8, 360.3)(885.8, 416.8)(826.4, 416.8)(826.4, 433.9)(767.0, 433.9)(767.0, 360.3);GATE
Port:(873.7, 366.0)(881.1, 366.0)(881.1, 410.1)(873.7, 410.1);SD
Module:M29
Boundary:(503.2, 821.6)(566.7, 821.6)(566.7, 968.7)(503.2, 968.7);GATE
Port:(515.5, 963.0)(554.4, 963.0)(554.4, 968.7)(515.5, 968.7);SD
Port:(503.2, 821.6)(566.7, 821.6)(566.7, 960.7)(503.2, 960.7);GATE
Port:(508.8, 826.2)(561.1, 826.2)(561.1, 831.5)(508.8, 831.5);SD
Module:M7
Boundary:(329.5, 728.9)(329.5, 760.4)(329.4, 760.4)(329.4, 774.2)(135.7, 774.2)(135.7, 728.9);GATE
Port:(135.7, 741.4)(139.8, 741.4)(139.8, 761.7)(135.7, 761.7);SD
Port:(329.5, 728.9)(329.5, 760.4)(329.4, 760.4)(329.4, 774.2)(141.9, 774.2)(141.9, 728.9);GATE
Port:(318.8, 734.9)(324.5, 734.9)(324.5, 754.4)(318.8, 754.4);SD
Module:M31
Boundary:(364.1, 465.3)(364.1, 566.5)(222.2, 566.5)(222.2, 465.3);GATE
Port:(222.2, 478.5)(227.4, 478.5)(227.4, 553.3)(222.2, 553.3);SD
Port:(364.1, 465.3)(364.1, 566.5)(228.8, 566.5)(228.8, 465.3);GATE
Port:(353.9, 471.3)(359.1, 471.3)(359.1, 560.5)(353.9, 560.5);SD
Module:M3
Boundary:(347.4, 606.5)(347.4, 688.9)(222.2, 688.9)(222.2, 606.5);GATE
Port:(222.2, 620.4)(227.8, 620.4)(227.8, 675.0)(222.2, 675.0);SD
Port:(347.4, 606.5)(347.4, 688.9)(230.6, 688.9)(230.6, 606.5);GATE
Port:(335.8, 612.8)(342.1, 612.8)(342.1, 682.6)(335.8, 682.6);SD
Module:M26
Boundary:(361.8, 304.1)(361.8, 409.3)(268.3, 409.3)(268.3, 425.3)(149.9, 425.3)(149.9, 304.1);GATE
Port:(149.9, 319.1)(154.8, 319.1)(154.8, 410.3)(149.9, 410.3);SD
Port:(361.8, 304.1)(361.8, 409.3)(268.3, 409.3)(268.3, 425.3)(156.2, 425.3)(156.2, 304.1);GATE
Port:(349.9, 310.7)(356.2, 310.7)(356.2, 401.7)(349.9, 401.7);SD
Module:M23
Boundary:(626.8, 214.5)(723.3, 214.5)(723.3, 305.1)(626.8, 305.1);GATE
Port:(641.4, 300.1)(708.7, 300.1)(708.7, 305.1)(641.4, 305.1);SD
Port:(626.8, 214.5)(723.3, 214.5)(723.3, 298.0)(626.8, 298.0);GATE
Port:(633.3, 220.0)(716.8, 220.0)(716.8, 226.8)(633.3, 226.8);SD
Module:M18
Boundary:(871.2, 30.0)(871.2, 101.3)(824.3, 101.3)(824.3, 117.7)(754.8, 117.7)(754.8, 30.0);GATE
Port:(754.8, 44.2)(759.2, 44.2)(759.2, 103.5)(754.8, 103.5);SD
Port:(871.2, 30.0)(871.2, 101.3)(824.3, 101.3)(824.3, 117.7)(760.3, 117.7)(760.3, 30.0);GATE
Port:(860.4, 36.9)(865.3, 36.9)(865.3, 93.4)(860.4, 93.4);SD
Module:M20
Boundary:(838.2, 616.7)(838.2, 694.4)(830.0, 694.4)(830.0, 707.8)(726.9, 707.8)(726.9, 616.7);GATE
Port:(726.9, 629.9)(732.6, 629.9)(732.6, 694.6)(726.9, 694.6);SD
Port:(838.2, 616.7)(838.2, 694.4)(830.0, 694.4)(830.0, 707.8)(735.6, 707.8)(735.6, 616.7);GATE
Port:(826.9, 622.7)(833.2, 622.7)(833.2, 687.4)(826.9, 687.4);SD
Module:M15
Boundary:(666.9, 591.3)(666.9, 673.9)(542.3, 673.9)(542.3, 591.3);GATE
Port:(542.3, 605.1)(547.0, 605.1)(547.0, 660.1)(542.3, 660.1);SD
Port:(666.9, 591.3)(666.9, 673.9)(549.9, 673.9)(549.9, 591.3);GATE
Port:(655.5, 597.9)(661.3, 597.9)(661.3, 667.3)(655.5, 667.3);SD
Module:M12
Boundary:(369.5, 735.1)(463.2, 735.1)(463.2, 805.9)(369.5, 805.9);GATE
Port:(381.1, 800.0)(451.6, 800.0)(451.6, 805.9)(381.1, 805.9);SD
Port:(369.5, 735.1)(463.2, 735.1)(463.2, 798.9)(369.5, 798.9);GATE
Port:(375.6, 740.2)(457.1, 740.2)(457.1, 744.8)(375.6, 744.8);SD
Module:M39
Boundary:(750.9, 463.9)(838.5, 463.9)(838.5, 576.7)(750.9, 576.7);GATE
Port:(765.9, 571.4)(823.5, 571.4)(823.5, 576.7)(765.9, 576.7);SD
Port:(750.9, 463.9)(838.5, 463.9)(838.5, 569.3)(750.9, 569.3);GATE
Port:(757.8, 469.8)(831.6, 469.8)(831.6, 475.9)(757.8, 475.9);SD
Module:M8
Boundary:(369.8, 166.2)(369.8, 221.8)(327.7, 221.8)(327.7, 238.5)(273.0, 238.5)(273.0, 166.2);GATE
Port:(273.0, 181.0)(277.2, 181.0)(277.2, 223.7)(273.0, 223.7);SD
Port:(369.8, 166.2)(369.8, 221.8)(327.7, 221.8)(327.7, 238.5)(280.0, 238.5)(280.0, 166.2);GATE
Port:(358.2, 172.7)(364.3, 172.7)(364.3, 214.3)(358.2, 214.3);SD
Module:M4
Boundary:(20.0, 461.0)(81.9, 461.0)(81.9, 501.3)(95.4, 501.3)(95.4, 587.2)(20.0, 587.2);GATE
Port:(32.9, 581.3)(82.5, 581.3)(82.5, 587.2)(32.9, 587.2);SD
Port:(20.0, 461.0)(81.9, 461.0)(81.9, 501.3)(95.4, 501.3)(95.4, 578.4)(20.0, 578.4);GATE
Port:(25.3, 465.3)(75.6, 465.3)(75.6, 471.8)(25.3, 471.8);SD
Module:M36
Boundary:(125.7, 455.3)(177.5, 455.3)(177.5, 487.5)(192.2, 487.5)(192.2, 644.3)(125.7, 644.3);GATE
Port:(140.1, 638.3)(177.8, 638.3)(177.8, 644.3)(140.1, 644.3);SD
Port:(125.7, 455.3)(177.5, 455.3)(177.5, 487.5)(192.2, 487.5)(192.2, 636.3)(125.7, 636.3);GATE
Port:(132.2, 460.8)(170.0, 460.8)(170.0, 467.4)(132.2, 467.4);SD
Module:M33
Boundary:(164.4, 838.3)(164.4, 962.1)(20.0, 962.1)(20.0, 838.3);GATE
Port:(20.0, 852.1)(25.7, 852.1)(25.7, 948.3)(20.0, 948.3);SD
Port:(164.4, 838.3)(164.4, 962.1)(28.3, 962.1)(28.3, 838.3);GATE
Port:(153.7, 843.4)(160.3, 843.4)(160.3, 957.0)(153.7, 957.0);SD
Module:M28
Boundary:(606.7, 821.6)(702.9, 821.6)(702.9, 881.9)(717.2, 881.9)(717.2, 965.7)(606.7, 965.7);GATE
Port:(620.5, 961.3)(703.4, 961.3)(703.4, 965.7)(620.5, 965.7);SD
Port:(606.7, 821.6)(702.9, 821.6)(702.9, 881.9)(717.2, 881.9)(717.2, 959.5)(606.7, 959.5);GATE
Port:(611.7, 825.6)(696.9, 825.6)(696.9, 833.4)(611.7, 833.4);SD
Module:M30
Boundary:(599.4, 412.8)(599.4, 524.2)(481.3, 524.2)(481.3, 541.3)(404.1, 541.3)(404.1, 412.8);GATE
Port:(404.1, 427.8)(408.9, 427.8)(408.9, 526.3)(404.1, 526.3);SD
Port:(599.4, 412.8)(599.4, 524.2)(481.3, 524.2)(481.3, 541.3)(411.2, 541.3)(411.2, 412.8);GATE
Port:(587.2, 419.2)(594.0, 419.2)(594.0, 516.8)(587.2, 516.8);SD
Module:M25
Boundary:(167.8, 166.2)(233.0, 166.2)(233.0, 264.1)(167.8, 264.1);GATE
Port:(180.8, 259.3)(220.0, 259.3)(220.0, 264.1)(180.8, 264.1);SD
Port:(167.8, 166.2)(233.0, 166.2)(233.0, 258.2)(167.8, 258.2);GATE
Port:(173.4, 170.8)(227.4, 170.8)(227.4, 177.7)(173.4, 177.7);SD
Module:M22
Boundary:(574.9, 20.0)(574.9, 106.5)(518.3, 106.5)(518.3, 122.6)(411.1, 122.6)(411.1, 20.0);GATE
Port:(411.1, 33.6)(415.7, 33.6)(415.7, 109.0)(411.1, 109.0);SD
Port:(574.9, 20.0)(574.9, 106.5)(518.3, 106.5)(518.3, 122.6)(418.2, 122.6)(418.2, 20.0);GATE
Port:(564.1, 25.7)(570.2, 25.7)(570.2, 99.8)(564.1, 99.8);SD
Module:M17
Boundary:(20.0, 20.0)(127.8, 20.0)(127.8, 178.8)(20.0, 178.8);GATE
Port:(35.8, 173.1)(112.0, 173.1)(112.0, 178.8)(35.8, 178.8);SD
Port:(20.0, 20.0)(127.8, 20.0)(127.8, 171.4)(20.0, 171.4);GATE
Port:(26.7, 25.7)(121.1, 25.7)(121.1, 33.4)(26.7, 33.4);SD
