Area:(-8.1, -20.0)(1777.6, -20.0)(1777.6, 807.1)(-8.1, 807.1)
Rule:GATE(5,5);SD(5,5);GATE_SD(0.5);GATE_ITO(0.5);SD_ITO(0.5)
Module:M19
Boundary:(1287.8, 105.2)(1140.3, 105.2)(1140.3, 89.2)(1124.8, 89.2)(1124.8, 45.1)(1287.8, 45.1);GATE
Port:(1139.3, 45.1)(1273.3, 45.1)(1273.3, 55.1)(1139.3, 55.1);SD
Port:(1287.8, 105.2)(1140.3, 105.2)(1140.3, 89.2)(1124.8, 89.2)(1124.8, 60.1)(1287.8, 60.1);GATE
Port:(1154.8, 96.2)(1277.8, 96.2)(1277.8, 100.2)(1154.8, 100.2);SD
Module:M43
Boundary:(933.8, 32.8)(933.8, 105.8)(1092.8, 105.8)(1092.8, 32.8);GATE
Port:(1082.8, 47.3)(1092.8, 47.3)(1092.8, 91.3)(1082.8, 91.3);SD
Port:(933.8, 32.8)(933.8, 105.8)(1077.8, 105.8)(1077.8, 32.8);GATE
Port:(938.8, 42.8)(942.8, 42.8)(942.8, 95.8)(938.8, 95.8);SD
Module:M5
Boundary:(762.7, 46.3)(874.2, 46.3)(874.2, 58.3)(889.7, 58.3)(889.7, 165.3)(762.7, 165.3);GATE
Port:(777.2, 155.3)(875.2, 155.3)(875.2, 165.3)(777.2, 165.3);SD
Port:(762.7, 46.3)(874.2, 46.3)(874.2, 58.3)(889.7, 58.3)(889.7, 150.3)(762.7, 150.3);GATE
Port:(772.7, 51.3)(859.7, 51.3)(859.7, 55.3)(772.7, 55.3);SD
Module:M37
Boundary:(461.3, 38.4)(461.3, 149.9)(443.3, 149.9)(443.3, 165.4)(378.3, 165.4)(378.3, 38.4);GATE
Port:(378.3, 52.9)(388.3, 52.9)(388.3, 150.9)(378.3, 150.9);SD
Port:(461.3, 38.4)(461.3, 149.9)(443.3, 149.9)(443.3, 165.4)(393.3, 165.4)(393.3, 38.4);GATE
Port:(452.3, 48.4)(456.3, 48.4)(456.3, 135.4)(452.3, 135.4);SD
Module:M32
Boundary:(547.8, 166.4)(474.8, 166.4)(474.8, 40.4)(547.8, 40.4);GATE
Port:(489.3, 40.4)(533.3, 40.4)(533.3, 50.4)(489.3, 50.4);SD
Port:(547.8, 166.4)(474.8, 166.4)(474.8, 55.4)(547.8, 55.4);GATE
Port:(484.8, 157.4)(537.8, 157.4)(537.8, 161.4)(484.8, 161.4);SD
Module:M2
Boundary:(733.1, 167.0)(603.6, 167.0)(603.6, 153.0)(588.1, 153.0)(588.1, 20.0)(733.1, 20.0);GATE
Port:(602.6, 20.0)(718.6, 20.0)(718.6, 30.0)(602.6, 30.0);SD
Port:(733.1, 167.0)(603.6, 167.0)(603.6, 153.0)(588.1, 153.0)(588.1, 35.0)(733.1, 35.0);GATE
Port:(618.1, 158.0)(723.1, 158.0)(723.1, 162.0)(618.1, 162.0);SD
Module:M8
Boundary:(1661.2, 27.0)(1734.2, 27.0)(1734.2, 201.0)(1661.2, 201.0);GATE
Port:(1675.7, 191.0)(1719.7, 191.0)(1719.7, 201.0)(1675.7, 201.0);SD
Port:(1661.2, 27.0)(1734.2, 27.0)(1734.2, 186.0)(1661.2, 186.0);GATE
Port:(1671.2, 32.0)(1724.2, 32.0)(1724.2, 36.0)(1671.2, 36.0);SD
Module:M45
Boundary:(928.2, 162.9)(1039.7, 162.9)(1039.7, 174.9)(1055.2, 174.9)(1055.2, 234.9)(928.2, 234.9);GATE
Port:(942.7, 224.9)(1040.7, 224.9)(1040.7, 234.9)(942.7, 234.9);SD
Port:(928.2, 162.9)(1039.7, 162.9)(1039.7, 174.9)(1055.2, 174.9)(1055.2, 219.9)(928.2, 219.9);GATE
Port:(938.2, 167.9)(1025.2, 167.9)(1025.2, 171.9)(938.2, 171.9);SD
Module:M31
Boundary:(51.2, 55.9)(126.7, 55.9)(126.7, 147.1)(322.2, 147.1)(322.2, 249.9)(51.2, 249.9);GATE
Port:(65.7, 239.9)(307.7, 239.9)(307.7, 249.9)(65.7, 249.9);SD
Port:(51.2, 55.9)(126.7, 55.9)(126.7, 147.1)(322.2, 147.1)(322.2, 234.9)(51.2, 234.9);GATE
Port:(61.2, 60.9)(112.2, 60.9)(112.2, 64.9)(61.2, 64.9);SD
Module:M35
Boundary:(1449.4, 52.7)(1337.9, 52.7)(1337.9, 64.7)(1322.4, 64.7)(1322.4, 250.7)(1449.4, 250.7);GATE
Port:(1336.9, 240.7)(1434.9, 240.7)(1434.9, 250.7)(1336.9, 250.7);SD
Port:(1449.4, 52.7)(1337.9, 52.7)(1337.9, 64.7)(1322.4, 64.7)(1322.4, 235.7)(1449.4, 235.7);GATE
Port:(1352.4, 57.7)(1439.4, 57.7)(1439.4, 61.7)(1352.4, 61.7);SD
Module:M42
Boundary:(1501.8, 44.4)(1501.8, 155.9)(1537.5, 155.9)(1537.5, 243.4)(1612.8, 243.4)(1612.8, 44.4);GATE
Port:(1602.8, 58.9)(1612.8, 58.9)(1612.8, 228.9)(1602.8, 228.9);SD
Port:(1501.8, 44.4)(1501.8, 155.9)(1537.5, 155.9)(1537.5, 243.4)(1597.8, 243.4)(1597.8, 44.4);GATE
Port:(1506.8, 54.4)(1510.8, 54.4)(1510.8, 141.4)(1506.8, 141.4);SD
Module:M18
Boundary:(1284.3, 155.2)(1284.3, 248.7)(1274.2, 248.7)(1274.2, 264.2)(1084.3, 264.2)(1084.3, 155.2);GATE
Port:(1084.3, 169.7)(1094.3, 169.7)(1094.3, 249.7)(1084.3, 249.7);SD
Port:(1284.3, 155.2)(1284.3, 248.7)(1274.2, 248.7)(1274.2, 264.2)(1099.3, 264.2)(1099.3, 155.2);GATE
Port:(1275.3, 165.2)(1279.3, 165.2)(1279.3, 234.2)(1275.3, 234.2);SD
Module:M30
Boundary:(772.0, 270.0)(772.0, 194.0)(780.0, 194.0)(780.0, 179.0)(882.0, 179.0)(882.0, 270.0);GATE
Port:(872.0, 193.5)(882.0, 193.5)(882.0, 255.5)(872.0, 255.5);SD
Port:(772.0, 270.0)(772.0, 194.0)(780.0, 194.0)(780.0, 179.0)(867.0, 179.0)(867.0, 270.0);GATE
Port:(777.0, 209.0)(781.0, 209.0)(781.0, 260.0)(777.0, 260.0);SD
Module:M12
Boundary:(926.5, 317.0)(1020.0, 317.0)(1020.0, 307.0)(1035.5, 307.0)(1035.5, 254.0)(926.5, 254.0);GATE
Port:(941.0, 254.0)(1021.0, 254.0)(1021.0, 264.0)(941.0, 264.0);SD
Port:(926.5, 317.0)(1020.0, 317.0)(1020.0, 307.0)(1035.5, 307.0)(1035.5, 269.0)(926.5, 269.0);GATE
Port:(936.5, 308.0)(1005.5, 308.0)(1005.5, 312.0)(936.5, 312.0);SD
Module:M29
Boundary:(752.5, 332.3)(752.5, 238.8)(742.4, 238.8)(742.4, 223.3)(612.5, 223.3)(612.5, 332.3);GATE
Port:(612.5, 237.8)(622.5, 237.8)(622.5, 317.8)(612.5, 317.8);SD
Port:(752.5, 332.3)(752.5, 238.8)(742.4, 238.8)(742.4, 223.3)(627.5, 223.3)(627.5, 332.3);GATE
Port:(743.5, 253.3)(747.5, 253.3)(747.5, 322.3)(743.5, 322.3);SD
Module:M20
Boundary:(408.1, 339.0)(537.6, 339.0)(537.6, 299.2)(589.1, 299.2)(589.1, 206.0)(408.1, 206.0);GATE
Port:(422.6, 206.0)(574.6, 206.0)(574.6, 216.0)(422.6, 216.0);SD
Port:(408.1, 339.0)(537.6, 339.0)(537.6, 299.2)(589.1, 299.2)(589.1, 221.0)(408.1, 221.0);GATE
Port:(418.1, 330.0)(523.1, 330.0)(523.1, 334.0)(418.1, 334.0);SD
Module:M34
Boundary:(282.6, 371.4)(358.6, 371.4)(358.6, 363.3)(373.6, 363.3)(373.6, 273.4)(282.6, 273.4);GATE
Port:(297.1, 273.4)(359.1, 273.4)(359.1, 283.4)(297.1, 283.4);SD
Port:(282.6, 371.4)(358.6, 371.4)(358.6, 363.3)(373.6, 363.3)(373.6, 288.4)(282.6, 288.4);GATE
Port:(292.6, 362.4)(343.6, 362.4)(343.6, 366.4)(292.6, 366.4);SD
Module:M40
Boundary:(1505.1, 384.7)(1598.6, 384.7)(1598.6, 353.6)(1650.1, 353.6)(1650.1, 273.7)(1505.1, 273.7);GATE
Port:(1519.6, 273.7)(1635.6, 273.7)(1635.6, 283.7)(1519.6, 283.7);SD
Port:(1505.1, 384.7)(1598.6, 384.7)(1598.6, 353.6)(1650.1, 353.6)(1650.1, 288.7)(1505.1, 288.7);GATE
Port:(1515.1, 375.7)(1584.1, 375.7)(1584.1, 379.7)(1515.1, 379.7);SD
Module:M16
Boundary:(1332.0, 258.6)(1407.5, 258.6)(1407.5, 293.1)(1459.0, 293.1)(1459.0, 381.6)(1332.0, 381.6);GATE
Port:(1346.5, 371.6)(1444.5, 371.6)(1444.5, 381.6)(1346.5, 381.6);SD
Port:(1332.0, 258.6)(1407.5, 258.6)(1407.5, 293.1)(1459.0, 293.1)(1459.0, 366.6)(1332.0, 366.6);GATE
Port:(1342.0, 263.6)(1393.0, 263.6)(1393.0, 267.6)(1342.0, 267.6);SD
Module:M7
Boundary:(262.0, 257.0)(262.0, 404.5)(244.0, 404.5)(244.0, 420.0)(93.0, 420.0)(93.0, 257.0);GATE
Port:(93.0, 271.5)(103.0, 271.5)(103.0, 405.5)(93.0, 405.5);SD
Port:(262.0, 257.0)(262.0, 404.5)(244.0, 404.5)(244.0, 420.0)(108.0, 420.0)(108.0, 257.0);GATE
Port:(253.0, 267.0)(257.0, 267.0)(257.0, 390.0)(253.0, 390.0);SD
Module:M6
Boundary:(886.3, 420.1)(886.3, 326.6)(869.3, 326.6)(869.3, 311.1)(772.3, 311.1)(772.3, 420.1);GATE
Port:(772.3, 325.6)(782.3, 325.6)(782.3, 405.6)(772.3, 405.6);SD
Port:(886.3, 420.1)(886.3, 326.6)(869.3, 326.6)(869.3, 311.1)(787.3, 311.1)(787.3, 420.1);GATE
Port:(877.3, 341.1)(881.3, 341.1)(881.3, 410.1)(877.3, 410.1);SD
Module:M9
Boundary:(916.2, 348.0)(916.2, 421.0)(980.2, 421.0)(980.2, 348.0);GATE
Port:(970.2, 362.5)(980.2, 362.5)(980.2, 406.5)(970.2, 406.5);SD
Port:(916.2, 348.0)(916.2, 421.0)(965.2, 421.0)(965.2, 348.0);GATE
Port:(921.2, 358.0)(925.2, 358.0)(925.2, 411.0)(921.2, 411.0);SD
Module:M39
Boundary:(1309.6, 329.1)(1216.1, 329.1)(1216.1, 380.9)(1128.6, 380.9)(1128.6, 441.1)(1309.6, 441.1);GATE
Port:(1143.1, 431.1)(1295.1, 431.1)(1295.1, 441.1)(1143.1, 441.1);SD
Port:(1309.6, 329.1)(1216.1, 329.1)(1216.1, 380.9)(1128.6, 380.9)(1128.6, 426.1)(1309.6, 426.1);GATE
Port:(1230.6, 334.1)(1299.6, 334.1)(1299.6, 338.1)(1230.6, 338.1);SD
Module:M4
Boundary:(739.8, 447.0)(739.8, 371.0)(731.8, 371.0)(731.8, 356.0)(643.8, 356.0)(643.8, 447.0);GATE
Port:(643.8, 370.5)(653.8, 370.5)(653.8, 432.5)(643.8, 432.5);SD
Port:(739.8, 447.0)(739.8, 371.0)(731.8, 371.0)(731.8, 356.0)(658.8, 356.0)(658.8, 447.0);GATE
Port:(730.8, 386.0)(734.8, 386.0)(734.8, 437.0)(730.8, 437.0);SD
Module:M44
Boundary:(1064.1, 348.0)(1064.1, 441.5)(1054.1, 441.5)(1054.1, 457.0)(1001.1, 457.0)(1001.1, 348.0);GATE
Port:(1001.1, 362.5)(1011.1, 362.5)(1011.1, 442.5)(1001.1, 442.5);SD
Port:(1064.1, 348.0)(1064.1, 441.5)(1054.1, 441.5)(1054.1, 457.0)(1016.1, 457.0)(1016.1, 348.0);GATE
Port:(1055.1, 358.0)(1059.1, 358.0)(1059.1, 427.0)(1055.1, 427.0);SD
Module:M38
Boundary:(634.9, 383.2)(523.4, 383.2)(523.4, 395.2)(507.9, 395.2)(507.9, 479.2)(634.9, 479.2);GATE
Port:(522.4, 469.2)(620.4, 469.2)(620.4, 479.2)(522.4, 479.2);SD
Port:(634.9, 383.2)(523.4, 383.2)(523.4, 395.2)(507.9, 395.2)(507.9, 464.2)(634.9, 464.2);GATE
Port:(537.9, 388.2)(624.9, 388.2)(624.9, 392.2)(537.9, 392.2);SD
Module:M17
Boundary:(181.9, 540.9)(181.9, 464.9)(173.9, 464.9)(173.9, 449.9)(31.9, 449.9)(31.9, 540.9);GATE
Port:(31.9, 464.4)(41.9, 464.4)(41.9, 526.4)(31.9, 526.4);SD
Port:(181.9, 540.9)(181.9, 464.9)(173.9, 464.9)(173.9, 449.9)(46.9, 449.9)(46.9, 540.9);GATE
Port:(172.9, 479.9)(176.9, 479.9)(176.9, 530.9)(172.9, 530.9);SD
Module:M26
Boundary:(279.1, 541.9)(426.6, 541.9)(426.6, 525.9)(442.1, 525.9)(442.1, 385.9)(279.1, 385.9);GATE
Port:(293.6, 385.9)(427.6, 385.9)(427.6, 395.9)(293.6, 395.9);SD
Port:(279.1, 541.9)(426.6, 541.9)(426.6, 525.9)(442.1, 525.9)(442.1, 400.9)(279.1, 400.9);GATE
Port:(289.1, 532.9)(412.1, 532.9)(412.1, 536.9)(289.1, 536.9);SD
Module:M41
Boundary:(762.1, 526.1)(686.1, 526.1)(686.1, 518.1)(671.1, 518.1)(671.1, 455.1)(762.1, 455.1);GATE
Port:(685.6, 455.1)(747.6, 455.1)(747.6, 465.1)(685.6, 465.1);SD
Port:(762.1, 526.1)(686.1, 526.1)(686.1, 518.1)(671.1, 518.1)(671.1, 470.1)(762.1, 470.1);GATE
Port:(701.1, 517.1)(752.1, 517.1)(752.1, 521.1)(701.1, 521.1);SD
Module:M28
Boundary:(1417.9, 386.2)(1417.9, 515.7)(1403.9, 515.7)(1403.9, 531.2)(1322.9, 531.2)(1322.9, 386.2);GATE
Port:(1322.9, 400.7)(1332.9, 400.7)(1332.9, 516.7)(1322.9, 516.7);SD
Port:(1417.9, 386.2)(1417.9, 515.7)(1403.9, 515.7)(1403.9, 531.2)(1337.9, 531.2)(1337.9, 386.2);GATE
Port:(1408.9, 396.2)(1412.9, 396.2)(1412.9, 501.2)(1408.9, 501.2);SD
Module:M11
Boundary:(1588.3, 541.9)(1512.3, 541.9)(1512.3, 533.9)(1497.3, 533.9)(1497.3, 405.9)(1588.3, 405.9);GATE
Port:(1511.8, 405.9)(1573.8, 405.9)(1573.8, 415.9)(1511.8, 415.9);SD
Port:(1588.3, 541.9)(1512.3, 541.9)(1512.3, 533.9)(1497.3, 533.9)(1497.3, 420.9)(1588.3, 420.9);GATE
Port:(1527.3, 532.9)(1578.3, 532.9)(1578.3, 536.9)(1527.3, 536.9);SD
Module:M3
Boundary:(776.4, 544.7)(923.9, 544.7)(923.9, 528.7)(939.4, 528.7)(939.4, 432.7)(776.4, 432.7);GATE
Port:(790.9, 432.7)(924.9, 432.7)(924.9, 442.7)(790.9, 442.7);SD
Port:(776.4, 544.7)(923.9, 544.7)(923.9, 528.7)(939.4, 528.7)(939.4, 447.7)(776.4, 447.7);GATE
Port:(786.4, 535.7)(909.4, 535.7)(909.4, 539.7)(786.4, 539.7);SD
Module:M14
Boundary:(1737.6, 375.8)(1662.1, 375.8)(1662.1, 421.3)(1610.6, 421.3)(1610.6, 531.8)(1737.6, 531.8);GATE
Port:(1625.1, 521.8)(1723.1, 521.8)(1723.1, 531.8)(1625.1, 531.8);SD
Port:(1737.6, 375.8)(1662.1, 375.8)(1662.1, 421.3)(1610.6, 421.3)(1610.6, 516.8)(1737.6, 516.8);GATE
Port:(1676.6, 380.8)(1727.6, 380.8)(1727.6, 384.8)(1676.6, 384.8);SD
Module:M36
Boundary:(1102.8, 563.9)(1102.8, 487.9)(1094.8, 487.9)(1094.8, 472.9)(977.8, 472.9)(977.8, 563.9);GATE
Port:(977.8, 487.4)(987.8, 487.4)(987.8, 549.4)(977.8, 549.4);SD
Port:(1102.8, 563.9)(1102.8, 487.9)(1094.8, 487.9)(1094.8, 472.9)(992.8, 472.9)(992.8, 563.9);GATE
Port:(1093.8, 502.9)(1097.8, 502.9)(1097.8, 553.9)(1093.8, 553.9);SD
Module:M25
Boundary:(642.8, 496.5)(567.3, 496.5)(567.3, 532.2)(497.8, 532.2)(497.8, 592.5)(642.8, 592.5);GATE
Port:(512.3, 582.5)(628.3, 582.5)(628.3, 592.5)(512.3, 592.5);SD
Port:(642.8, 496.5)(567.3, 496.5)(567.3, 532.2)(497.8, 532.2)(497.8, 577.5)(642.8, 577.5);GATE
Port:(581.8, 501.5)(632.8, 501.5)(632.8, 505.5)(581.8, 505.5);SD
Module:M1
Boundary:(1287.6, 477.4)(1287.6, 606.9)(1181.3, 606.9)(1181.3, 658.4)(1105.6, 658.4)(1105.6, 477.4);GATE
Port:(1105.6, 491.9)(1115.6, 491.9)(1115.6, 643.9)(1105.6, 643.9);SD
Port:(1287.6, 477.4)(1287.6, 606.9)(1181.3, 606.9)(1181.3, 658.4)(1120.6, 658.4)(1120.6, 477.4);GATE
Port:(1278.6, 487.4)(1282.6, 487.4)(1282.6, 592.4)(1278.6, 592.4);SD
Module:M33
Boundary:(1724.8, 555.0)(1613.3, 555.0)(1613.3, 567.0)(1597.8, 567.0)(1597.8, 695.0)(1724.8, 695.0);GATE
Port:(1612.3, 685.0)(1710.3, 685.0)(1710.3, 695.0)(1612.3, 695.0);SD
Port:(1724.8, 555.0)(1613.3, 555.0)(1613.3, 567.0)(1597.8, 567.0)(1597.8, 680.0)(1724.8, 680.0);GATE
Port:(1627.8, 560.0)(1714.8, 560.0)(1714.8, 564.0)(1627.8, 564.0);SD
Module:M22
Boundary:(276.6, 728.2)(276.6, 580.7)(260.6, 580.7)(260.6, 565.2)(86.6, 565.2)(86.6, 728.2);GATE
Port:(86.6, 579.7)(96.6, 579.7)(96.6, 713.7)(86.6, 713.7);SD
Port:(276.6, 728.2)(276.6, 580.7)(260.6, 580.7)(260.6, 565.2)(101.6, 565.2)(101.6, 728.2);GATE
Port:(267.6, 595.2)(271.6, 595.2)(271.6, 718.2)(267.6, 718.2);SD
Module:M13
Boundary:(448.4, 548.2)(448.4, 659.7)(396.5, 659.7)(396.5, 711.2)(277.4, 711.2)(277.4, 548.2);GATE
Port:(277.4, 562.7)(287.4, 562.7)(287.4, 696.7)(277.4, 696.7);SD
Port:(448.4, 548.2)(448.4, 659.7)(396.5, 659.7)(396.5, 711.2)(292.4, 711.2)(292.4, 548.2);GATE
Port:(439.4, 558.2)(443.4, 558.2)(443.4, 645.2)(439.4, 645.2);SD
Module:M15
Boundary:(672.6, 557.3)(748.6, 557.3)(748.6, 565.3)(763.6, 565.3)(763.6, 730.3)(672.6, 730.3);GATE
Port:(687.1, 720.3)(749.1, 720.3)(749.1, 730.3)(687.1, 730.3);SD
Port:(672.6, 557.3)(748.6, 557.3)(748.6, 565.3)(763.6, 565.3)(763.6, 715.3)(672.6, 715.3);GATE
Port:(682.6, 562.3)(733.6, 562.3)(733.6, 566.3)(682.6, 566.3);SD
Module:M27
Boundary:(476.9, 603.1)(606.5, 603.1)(606.5, 617.1)(622.0, 617.1)(622.0, 725.1)(476.9, 725.1);GATE
Port:(491.4, 715.1)(607.5, 715.1)(607.5, 725.1)(491.4, 725.1);SD
Port:(476.9, 603.1)(606.5, 603.1)(606.5, 617.1)(622.0, 617.1)(622.0, 710.1)(476.9, 710.1);GATE
Port:(486.9, 608.1)(592.0, 608.1)(592.0, 612.1)(486.9, 612.1);SD
Module:M21
Boundary:(777.0, 746.6)(853.0, 746.6)(853.0, 738.6)(868.0, 738.6)(868.0, 586.6)(777.0, 586.6);GATE
Port:(791.5, 586.6)(853.5, 586.6)(853.5, 596.6)(791.5, 596.6);SD
Port:(777.0, 746.6)(853.0, 746.6)(853.0, 738.6)(868.0, 738.6)(868.0, 601.6)(777.0, 601.6);GATE
Port:(787.0, 737.6)(838.0, 737.6)(838.0, 741.6)(787.0, 741.6);SD
Module:M23
Boundary:(874.3, 753.8)(874.3, 624.3)(888.3, 624.3)(888.3, 608.8)(1074.3, 608.8)(1074.3, 753.8);GATE
Port:(1064.3, 623.3)(1074.3, 623.3)(1074.3, 739.3)(1064.3, 739.3);SD
Port:(874.3, 753.8)(874.3, 624.3)(888.3, 624.3)(888.3, 608.8)(1059.3, 608.8)(1059.3, 753.8);GATE
Port:(879.3, 638.8)(883.3, 638.8)(883.3, 743.8)(879.3, 743.8);SD
Module:M24
Boundary:(1125.2, 696.1)(1218.7, 696.1)(1218.7, 729.1)(1270.2, 729.1)(1270.2, 767.1)(1125.2, 767.1);GATE
Port:(1139.7, 757.1)(1255.7, 757.1)(1255.7, 767.1)(1139.7, 767.1);SD
Port:(1125.2, 696.1)(1218.7, 696.1)(1218.7, 729.1)(1270.2, 729.1)(1270.2, 752.1)(1125.2, 752.1);GATE
Port:(1135.2, 701.1)(1204.2, 701.1)(1204.2, 705.1)(1135.2, 705.1);SD
Module:M10
Boundary:(1368.4, 741.3)(1515.9, 741.3)(1515.9, 634.2)(1585.4, 634.2)(1585.4, 574.3)(1368.4, 574.3);GATE
Port:(1382.9, 574.3)(1570.9, 574.3)(1570.9, 584.3)(1382.9, 584.3);SD
Port:(1368.4, 741.3)(1515.9, 741.3)(1515.9, 634.2)(1585.4, 634.2)(1585.4, 589.3)(1368.4, 589.3);GATE
Port:(1378.4, 732.3)(1501.4, 732.3)(1501.4, 736.3)(1378.4, 736.3);SD
