Area:(-15.6, -15.7)(437.4, -15.7)(437.4, 665.9)(-15.6, 665.9)
Rule:GATE(5,5);SD(5,5);GATE_SD(0.5);GATE_ITO(0.5);SD_ITO(0.5)
Module:M6
Boundary:(270.7, 26.8)(270.7, 103.2)(224.2, 103.2)(224.2, 116.9)(128.6, 116.9)(128.6, 26.8);GATE
Port:(128.6, 39.4)(133.8, 39.4)(133.8, 104.3)(128.6, 104.3);SD
Port:(270.7, 26.8)(270.7, 103.2)(224.2, 103.2)(224.2, 116.9)(136.3, 116.9)(136.3, 26.8);GATE
Port:(260.7, 32.6)(265.9, 32.6)(265.9, 96.4)(260.7, 96.4);SD
Module:M7
Boundary:(110.5, 24.3)(42.6, 24.3)(42.6, 119.6)(110.5, 119.6);GATE
Port:(56.4, 114.3)(96.7, 114.3)(96.7, 119.6)(56.4, 119.6);SD
Port:(110.5, 24.3)(42.6, 24.3)(42.6, 111.8)(110.5, 111.8);GATE
Port:(48.4, 29.1)(104.7, 29.1)(104.7, 35.2)(48.4, 35.2);SD
Module:M10
Boundary:(374.8, 30.0)(325.1, 30.0)(325.1, 36.1)(310.5, 36.1)(310.5, 117.7)(374.8, 117.7);GATE
Port:(323.8, 112.2)(361.5, 112.2)(361.5, 117.7)(323.8, 117.7);SD
Port:(374.8, 30.0)(325.1, 30.0)(325.1, 36.1)(310.5, 36.1)(310.5, 109.7)(374.8, 109.7);GATE
Port:(332.2, 35.1)(368.7, 35.1)(368.7, 40.4)(332.2, 40.4);SD
Module:M8
Boundary:(234.3, 192.4)(234.3, 253.3)(169.7, 253.3)(169.7, 271.3)(47.1, 271.3)(47.1, 192.4);GATE
Port:(47.1, 209.3)(51.7, 209.3)(51.7, 254.4)(47.1, 254.4);SD
Port:(234.3, 192.4)(234.3, 253.3)(169.7, 253.3)(169.7, 271.3)(53.0, 271.3)(53.0, 192.4);GATE
Port:(220.9, 199.0)(228.7, 199.0)(228.7, 245.7)(220.9, 245.7);SD
Module:M5
Boundary:(203.9, 340.1)(203.9, 291.4)(30.0, 291.4)(30.0, 340.1);GATE
Port:(30.0, 303.8)(34.2, 303.8)(34.2, 327.7)(30.0, 327.7);SD
Port:(203.9, 340.1)(203.9, 291.4)(36.9, 291.4)(36.9, 340.1);GATE
Port:(194.9, 296.8)(199.5, 296.8)(199.5, 334.7)(194.9, 334.7);SD
Module:M4
Boundary:(377.7, 137.5)(262.7, 137.5)(262.7, 216.0)(244.6, 216.0)(244.6, 361.7)(377.7, 361.7);GATE
Port:(259.7, 356.1)(362.6, 356.1)(362.6, 361.7)(259.7, 361.7);SD
Port:(377.7, 137.5)(262.7, 137.5)(262.7, 216.0)(244.6, 216.0)(244.6, 353.8)(377.7, 353.8);GATE
Port:(269.8, 142.6)(371.6, 142.6)(371.6, 149.1)(269.8, 149.1);SD
Module:M3
Boundary:(194.5, 342.6)(194.5, 396.3)(194.3, 396.3)(194.3, 413.6)(24.4, 413.6)(24.4, 342.6);GATE
Port:(24.4, 357.4)(28.9, 357.4)(28.9, 398.8)(24.4, 398.8);SD
Port:(194.5, 342.6)(194.5, 396.3)(194.3, 396.3)(194.3, 413.6)(31.3, 413.6)(31.3, 342.6);GATE
Port:(182.7, 348.3)(189.8, 348.3)(189.8, 390.6)(182.7, 390.6);SD
Module:M9
Boundary:(224.1, 480.2)(224.1, 424.1)(224.3, 424.1)(224.3, 406.2)(391.8, 406.2)(391.8, 480.2);GATE
Port:(386.5, 421.5)(391.8, 421.5)(391.8, 464.9)(386.5, 464.9);SD
Port:(224.1, 480.2)(224.1, 424.1)(224.3, 424.1)(224.3, 406.2)(384.8, 406.2)(384.8, 480.2);GATE
Port:(229.1, 430.1)(236.6, 430.1)(236.6, 474.2)(229.1, 474.2);SD
Module:M1
Boundary:(221.2, 498.8)(221.2, 574.1)(397.4, 574.1)(397.4, 498.8);GATE
Port:(393.1, 510.7)(397.4, 510.7)(397.4, 562.2)(393.1, 562.2);SD
Port:(221.2, 498.8)(221.2, 574.1)(391.0, 574.1)(391.0, 498.8);GATE
Port:(226.1, 504.7)(231.6, 504.7)(231.6, 568.2)(226.1, 568.2);SD
Module:M2
Boundary:(210.2, 625.9)(210.2, 511.5)(170.7, 511.5)(170.7, 493.9)(49.0, 493.9)(49.0, 625.9);GATE
Port:(49.0, 509.7)(54.8, 509.7)(54.8, 610.1)(49.0, 610.1);SD
Port:(210.2, 625.9)(210.2, 511.5)(170.7, 511.5)(170.7, 493.9)(57.2, 493.9)(57.2, 625.9);GATE
Port:(197.5, 519.3)(204.4, 519.3)(204.4, 619.1)(197.5, 619.1);SD
