Area:(-17.5, 8.9)(427.1, 8.9)(427.1, 1221.4)(-17.5, 1221.4)
Rule:GATE(5,5);SD(5,5);GATE_SD(0.5);GATE_ITO(0.5);SD_ITO(0.5)
Module:M2
Boundary:(350.6, 58.5)(268.0, 58.5)(268.0, 131.7)(255.5, 131.7)(255.5, 228.0)(350.6, 228.0);GATE
Port:(265.6, 222.3)(340.5, 222.3)(340.5, 228.0)(265.6, 228.0);SD
Port:(350.6, 58.5)(268.0, 58.5)(268.0, 131.7)(255.5, 131.7)(255.5, 219.7)(350.6, 219.7);GATE
Port:(274.5, 63.0)(345.1, 63.0)(345.1, 67.1)(274.5, 67.1);SD
Module:M12
Boundary:(240.3, 48.9)(171.5, 48.9)(171.5, 158.6)(156.6, 158.6)(156.6, 232.6)(240.3, 232.6);GATE
Port:(170.7, 226.8)(226.2, 226.8)(226.2, 232.6)(170.7, 232.6);SD
Port:(240.3, 48.9)(171.5, 48.9)(171.5, 158.6)(156.6, 158.6)(156.6, 224.3)(240.3, 224.3);GATE
Port:(178.8, 54.2)(234.0, 54.2)(234.0, 60.8)(178.8, 60.8);SD
Module:M8
Boundary:(23.6, 285.2)(115.9, 285.2)(115.9, 266.8)(133.7, 266.8)(133.7, 76.0)(23.6, 76.0);GATE
Port:(37.1, 76.0)(120.2, 76.0)(120.2, 82.0)(37.1, 82.0);SD
Port:(23.6, 285.2)(115.9, 285.2)(115.9, 266.8)(133.7, 266.8)(133.7, 84.6)(23.6, 84.6);GATE
Port:(29.1, 274.7)(109.4, 274.7)(109.4, 280.7)(29.1, 280.7);SD
Module:M7
Boundary:(284.9, 270.3)(284.9, 335.0)(284.6, 335.0)(284.6, 349.8)(192.0, 349.8)(192.0, 270.3);GATE
Port:(192.0, 284.6)(196.8, 284.6)(196.8, 335.5)(192.0, 335.5);SD
Port:(284.9, 270.3)(284.9, 335.0)(284.6, 335.0)(284.6, 349.8)(198.7, 349.8)(198.7, 270.3);GATE
Port:(272.8, 277.1)(279.1, 277.1)(279.1, 328.2)(272.8, 328.2);SD
Module:M3
Boundary:(286.5, 453.2)(373.6, 453.2)(373.6, 282.0)(286.5, 282.0);GATE
Port:(300.6, 282.0)(359.5, 282.0)(359.5, 287.1)(300.6, 287.1);SD
Port:(286.5, 453.2)(373.6, 453.2)(373.6, 288.2)(286.5, 288.2);GATE
Port:(293.4, 441.7)(366.7, 441.7)(366.7, 447.3)(293.4, 447.3);SD
Module:M5
Boundary:(207.0, 461.6)(110.9, 461.6)(110.9, 371.1)(207.0, 371.1);GATE
Port:(123.0, 371.1)(194.9, 371.1)(194.9, 375.6)(123.0, 375.6);SD
Port:(207.0, 461.6)(110.9, 461.6)(110.9, 377.3)(207.0, 377.3);GATE
Port:(116.5, 452.4)(201.4, 452.4)(201.4, 457.0)(116.5, 457.0);SD
Module:M9
Boundary:(22.5, 479.9)(72.9, 479.9)(72.9, 479.9)(88.2, 479.9)(88.2, 291.2)(22.5, 291.2);GATE
Port:(36.8, 291.2)(73.9, 291.2)(73.9, 295.9)(36.8, 295.9);SD
Port:(22.5, 479.9)(72.9, 479.9)(72.9, 479.9)(88.2, 479.9)(88.2, 298.5)(22.5, 298.5);GATE
Port:(28.9, 468.0)(66.5, 468.0)(66.5, 474.5)(28.9, 474.5);SD
Module:M4
Boundary:(352.1, 480.1)(352.1, 552.7)(326.7, 552.7)(326.7, 569.6)(262.9, 569.6)(262.9, 480.1);GATE
Port:(262.9, 494.1)(267.5, 494.1)(267.5, 555.6)(262.9, 555.6);SD
Port:(352.1, 480.1)(352.1, 552.7)(326.7, 552.7)(326.7, 569.6)(269.8, 569.6)(269.8, 480.1);GATE
Port:(341.2, 486.5)(346.7, 486.5)(346.7, 545.3)(341.2, 545.3);SD
Module:M18
Boundary:(205.2, 482.9)(249.5, 482.9)(249.5, 534.5)(262.3, 534.5)(262.3, 681.4)(205.2, 681.4);GATE
Port:(216.3, 675.7)(251.2, 675.7)(251.2, 681.4)(216.3, 681.4);SD
Port:(205.2, 482.9)(249.5, 482.9)(249.5, 534.5)(262.3, 534.5)(262.3, 672.7)(205.2, 672.7);GATE
Port:(210.2, 486.9)(243.5, 486.9)(243.5, 492.4)(210.2, 492.4);SD
Module:M13
Boundary:(195.7, 501.2)(164.6, 501.2)(164.6, 501.2)(150.4, 501.2)(150.4, 696.2)(195.7, 696.2);GATE
Port:(162.9, 692.0)(183.2, 692.0)(183.2, 696.2)(162.9, 696.2);SD
Port:(195.7, 501.2)(164.6, 501.2)(164.6, 501.2)(150.4, 501.2)(150.4, 690.2)(195.7, 690.2);GATE
Port:(170.6, 506.2)(189.7, 506.2)(189.7, 511.3)(170.6, 511.3);SD
Module:M6
Boundary:(268.4, 730.1)(344.0, 730.1)(344.0, 684.5)(361.7, 684.5)(361.7, 592.0)(268.4, 592.0);GATE
Port:(283.1, 592.0)(347.0, 592.0)(347.0, 596.8)(283.1, 596.8);SD
Port:(268.4, 730.1)(344.0, 730.1)(344.0, 684.5)(361.7, 684.5)(361.7, 599.0)(268.4, 599.0);GATE
Port:(273.7, 718.4)(337.7, 718.4)(337.7, 725.8)(273.7, 725.8);SD
Module:M19
Boundary:(38.4, 497.9)(91.1, 497.9)(91.1, 715.4)(38.4, 715.4);GATE
Port:(52.9, 709.9)(76.6, 709.9)(76.6, 715.4)(52.9, 715.4);SD
Port:(38.4, 497.9)(91.1, 497.9)(91.1, 708.8)(38.4, 708.8);GATE
Port:(44.8, 503.3)(84.7, 503.3)(84.7, 509.2)(44.8, 509.2);SD
Module:M11
Boundary:(148.9, 702.6)(259.9, 702.6)(259.9, 787.9)(148.9, 787.9);GATE
Port:(164.3, 783.0)(244.5, 783.0)(244.5, 787.9)(164.3, 787.9);SD
Port:(148.9, 702.6)(259.9, 702.6)(259.9, 781.1)(148.9, 781.1);GATE
Port:(155.3, 708.0)(253.5, 708.0)(253.5, 715.0)(155.3, 715.0);SD
Module:M17
Boundary:(387.1, 734.0)(297.1, 734.0)(297.1, 734.1)(278.6, 734.1)(278.6, 874.1)(387.1, 874.1);GATE
Port:(292.2, 870.0)(373.5, 870.0)(373.5, 874.1)(292.2, 874.1);SD
Port:(387.1, 734.0)(297.1, 734.0)(297.1, 734.1)(278.6, 734.1)(278.6, 868.2)(387.1, 868.2);GATE
Port:(302.4, 738.3)(381.8, 738.3)(381.8, 744.2)(302.4, 744.2);SD
Module:M1
Boundary:(26.0, 930.1)(77.4, 930.1)(77.4, 929.9)(94.7, 929.9)(94.7, 721.8)(26.0, 721.8);GATE
Port:(39.6, 721.8)(81.1, 721.8)(81.1, 725.9)(39.6, 725.9);SD
Port:(26.0, 930.1)(77.4, 930.1)(77.4, 929.9)(94.7, 929.9)(94.7, 727.9)(26.0, 727.9);GATE
Port:(31.2, 919.5)(72.2, 919.5)(72.2, 925.9)(31.2, 925.9);SD
Module:M20
Boundary:(102.0, 989.1)(186.4, 989.1)(186.4, 946.0)(201.5, 946.0)(201.5, 855.9)(102.0, 855.9);GATE
Port:(116.5, 855.9)(187.0, 855.9)(187.0, 861.5)(116.5, 861.5);SD
Port:(102.0, 989.1)(186.4, 989.1)(186.4, 946.0)(201.5, 946.0)(201.5, 862.6)(102.0, 862.6);GATE
Port:(108.7, 977.6)(178.7, 977.6)(178.7, 983.4)(108.7, 983.4);SD
Module:M15
Boundary:(204.2, 1055.7)(204.2, 989.6)(40.8, 989.6)(40.8, 1055.7);GATE
Port:(40.8, 1003.8)(46.0, 1003.8)(46.0, 1041.5)(40.8, 1041.5);SD
Port:(204.2, 1055.7)(204.2, 989.6)(48.2, 989.6)(48.2, 1055.7);GATE
Port:(193.1, 995.7)(199.1, 995.7)(199.1, 1049.6)(193.1, 1049.6);SD
Module:M16
Boundary:(207.7, 1055.4)(328.0, 1055.4)(328.0, 882.4)(207.7, 882.4);GATE
Port:(223.0, 882.4)(312.7, 882.4)(312.7, 887.2)(223.0, 887.2);SD
Port:(207.7, 1055.4)(328.0, 1055.4)(328.0, 890.0)(207.7, 890.0);GATE
Port:(214.3, 1042.0)(321.4, 1042.0)(321.4, 1049.8)(214.3, 1049.8);SD
Module:M14
Boundary:(376.8, 1181.4)(376.8, 1122.3)(319.7, 1122.3)(319.7, 1104.9)(206.5, 1104.9)(206.5, 1181.4);GATE
Port:(206.5, 1121.1)(211.5, 1121.1)(211.5, 1165.2)(206.5, 1165.2);SD
Port:(376.8, 1181.4)(376.8, 1122.3)(319.7, 1122.3)(319.7, 1104.9)(213.9, 1104.9)(213.9, 1181.4);GATE
Port:(363.8, 1129.6)(371.5, 1129.6)(371.5, 1175.1)(363.8, 1175.1);SD
Module:M10
Boundary:(172.4, 1157.9)(172.4, 1088.3)(106.6, 1088.3)(106.6, 1072.7)(37.8, 1072.7)(37.8, 1157.9);GATE
Port:(37.8, 1087.0)(42.2, 1087.0)(42.2, 1143.6)(37.8, 1143.6);SD
Port:(172.4, 1157.9)(172.4, 1088.3)(106.6, 1088.3)(106.6, 1072.7)(44.4, 1072.7)(44.4, 1157.9);GATE
Port:(160.8, 1096.1)(166.6, 1096.1)(166.6, 1151.1)(160.8, 1151.1);SD
