Area:(-20.0, -20.0)(671.0, -20.0)(671.0, 1940.0)(-20.0, 1940.0)
Rule:GATE(5,5);SD(5,5);GATE_SD(0.5);GATE_ITO(0.5);SD_ITO(0.5)
Module:M14
Boundary:(503.0, 1563.0)(614.5, 1563.0)(614.5, 1575.0)(630.0, 1575.0)(630.0, 1708.0)(503.0, 1708.0);GATE
Port:(517.5, 1698.0)(615.5, 1698.0)(615.5, 1708.0)(517.5, 1708.0);SD
Port:(503.0, 1563.0)(614.5, 1563.0)(614.5, 1575.0)(630.0, 1575.0)(630.0, 1693.0)(503.0, 1693.0);GATE
Port:(513.0, 1568.0)(600.0, 1568.0)(600.0, 1572.0)(513.0, 1572.0);SD
Module:M9
Boundary:(307.0, 1809.0)(307.0, 1885.0)(299.0, 1885.0)(299.0, 1900.0)(185.0, 1900.0)(185.0, 1809.0);GATE
Port:(185.0, 1823.5)(195.0, 1823.5)(195.0, 1885.5)(185.0, 1885.5);SD
Port:(307.0, 1809.0)(307.0, 1885.0)(299.0, 1885.0)(299.0, 1900.0)(200.0, 1900.0)(200.0, 1809.0);GATE
Port:(298.0, 1819.0)(302.0, 1819.0)(302.0, 1870.0)(298.0, 1870.0);SD
Module:M5
Boundary:(557.0, 20.0)(630.0, 20.0)(630.0, 106.0)(557.0, 106.0);GATE
Port:(571.5, 96.0)(615.5, 96.0)(615.5, 106.0)(571.5, 106.0);SD
Port:(557.0, 20.0)(630.0, 20.0)(630.0, 91.0)(557.0, 91.0);GATE
Port:(567.0, 25.0)(620.0, 25.0)(620.0, 29.0)(567.0, 29.0);SD
Module:M11
Boundary:(413.0, 679.0)(486.0, 679.0)(486.0, 826.0)(413.0, 826.0);GATE
Port:(427.5, 816.0)(471.5, 816.0)(471.5, 826.0)(427.5, 826.0);SD
Port:(413.0, 679.0)(486.0, 679.0)(486.0, 811.0)(413.0, 811.0);GATE
Port:(423.0, 684.0)(476.0, 684.0)(476.0, 688.0)(423.0, 688.0);SD
Module:M1
Boundary:(264.0, 932.0)(357.5, 932.0)(357.5, 942.0)(373.0, 942.0)(373.0, 1058.0)(264.0, 1058.0);GATE
Port:(278.5, 1048.0)(358.5, 1048.0)(358.5, 1058.0)(278.5, 1058.0);SD
Port:(264.0, 932.0)(357.5, 932.0)(357.5, 942.0)(373.0, 942.0)(373.0, 1043.0)(264.0, 1043.0);GATE
Port:(274.0, 937.0)(343.0, 937.0)(343.0, 941.0)(274.0, 941.0);SD
Module:M38
Boundary:(453.0, 1573.0)(453.0, 1646.0)(269.0, 1646.0)(269.0, 1573.0);GATE
Port:(269.0, 1587.5)(279.0, 1587.5)(279.0, 1631.5)(269.0, 1631.5);SD
Port:(453.0, 1573.0)(453.0, 1646.0)(284.0, 1646.0)(284.0, 1573.0);GATE
Port:(444.0, 1583.0)(448.0, 1583.0)(448.0, 1636.0)(444.0, 1636.0);SD
Module:M40
Boundary:(214.0, 976.0)(214.0, 1087.5)(202.0, 1087.5)(202.0, 1103.0)(135.0, 1103.0)(135.0, 976.0);GATE
Port:(135.0, 990.5)(145.0, 990.5)(145.0, 1088.5)(135.0, 1088.5);SD
Port:(214.0, 976.0)(214.0, 1087.5)(202.0, 1087.5)(202.0, 1103.0)(150.0, 1103.0)(150.0, 976.0);GATE
Port:(205.0, 986.0)(209.0, 986.0)(209.0, 1073.0)(205.0, 1073.0);SD
Module:M35
Boundary:(260.0, 689.0)(336.0, 689.0)(336.0, 697.0)(351.0, 697.0)(351.0, 882.0)(260.0, 882.0);GATE
Port:(274.5, 872.0)(336.5, 872.0)(336.5, 882.0)(274.5, 882.0);SD
Port:(260.0, 689.0)(336.0, 689.0)(336.0, 697.0)(351.0, 697.0)(351.0, 867.0)(260.0, 867.0);GATE
Port:(270.0, 694.0)(321.0, 694.0)(321.0, 698.0)(270.0, 698.0);SD
Module:M32
Boundary:(123.0, 1349.0)(123.0, 1478.5)(69.4, 1478.5)(69.4, 1530.0)(20.0, 1530.0)(20.0, 1349.0);GATE
Port:(20.0, 1363.5)(30.0, 1363.5)(30.0, 1515.5)(20.0, 1515.5);SD
Port:(123.0, 1349.0)(123.0, 1478.5)(69.4, 1478.5)(69.4, 1530.0)(35.0, 1530.0)(35.0, 1349.0);GATE
Port:(114.0, 1359.0)(118.0, 1359.0)(118.0, 1464.0)(114.0, 1464.0);SD
Module:M27
Boundary:(85.0, 781.0)(85.0, 910.5)(71.0, 910.5)(71.0, 926.0)(20.0, 926.0)(20.0, 781.0);GATE
Port:(20.0, 795.5)(30.0, 795.5)(30.0, 911.5)(20.0, 911.5);SD
Port:(85.0, 781.0)(85.0, 910.5)(71.0, 910.5)(71.0, 926.0)(35.0, 926.0)(35.0, 781.0);GATE
Port:(76.0, 791.0)(80.0, 791.0)(80.0, 896.0)(76.0, 896.0);SD
Module:M24
Boundary:(264.0, 1234.0)(393.5, 1234.0)(393.5, 1248.0)(409.0, 1248.0)(409.0, 1327.0)(264.0, 1327.0);GATE
Port:(278.5, 1317.0)(394.5, 1317.0)(394.5, 1327.0)(278.5, 1327.0);SD
Port:(264.0, 1234.0)(393.5, 1234.0)(393.5, 1248.0)(409.0, 1248.0)(409.0, 1312.0)(264.0, 1312.0);GATE
Port:(274.0, 1239.0)(379.0, 1239.0)(379.0, 1243.0)(274.0, 1243.0);SD
Module:M19
Boundary:(394.0, 20.0)(394.0, 96.0)(386.0, 96.0)(386.0, 111.0)(247.0, 111.0)(247.0, 20.0);GATE
Port:(247.0, 34.5)(257.0, 34.5)(257.0, 96.5)(247.0, 96.5);SD
Port:(394.0, 20.0)(394.0, 96.0)(386.0, 96.0)(386.0, 111.0)(262.0, 111.0)(262.0, 20.0);GATE
Port:(385.0, 30.0)(389.0, 30.0)(389.0, 81.0)(385.0, 81.0);SD
Module:M6
Boundary:(20.0, 1570.0)(167.5, 1570.0)(167.5, 1685.7)(219.0, 1685.7)(219.0, 1765.0)(20.0, 1765.0);GATE
Port:(34.5, 1755.0)(204.5, 1755.0)(204.5, 1765.0)(34.5, 1765.0);SD
Port:(20.0, 1570.0)(167.5, 1570.0)(167.5, 1685.7)(219.0, 1685.7)(219.0, 1750.0)(20.0, 1750.0);GATE
Port:(30.0, 1575.0)(153.0, 1575.0)(153.0, 1579.0)(30.0, 1579.0);SD
Module:M21
Boundary:(595.0, 1121.0)(595.0, 1194.0)(482.0, 1194.0)(482.0, 1121.0);GATE
Port:(482.0, 1135.5)(492.0, 1135.5)(492.0, 1179.5)(482.0, 1179.5);SD
Port:(595.0, 1121.0)(595.0, 1194.0)(497.0, 1194.0)(497.0, 1121.0);GATE
Port:(586.0, 1131.0)(590.0, 1131.0)(590.0, 1184.0)(586.0, 1184.0);SD
Module:M2
Boundary:(197.0, 437.0)(197.0, 548.5)(185.0, 548.5)(185.0, 564.0)(30.0, 564.0)(30.0, 437.0);GATE
Port:(30.0, 451.5)(40.0, 451.5)(40.0, 549.5)(30.0, 549.5);SD
Port:(197.0, 437.0)(197.0, 548.5)(185.0, 548.5)(185.0, 564.0)(45.0, 564.0)(45.0, 437.0);GATE
Port:(188.0, 447.0)(192.0, 447.0)(192.0, 534.0)(188.0, 534.0);SD
Module:M16
Boundary:(526.0, 797.0)(602.0, 797.0)(602.0, 805.0)(617.0, 805.0)(617.0, 928.0)(526.0, 928.0);GATE
Port:(540.5, 918.0)(602.5, 918.0)(602.5, 928.0)(540.5, 928.0);SD
Port:(526.0, 797.0)(602.0, 797.0)(602.0, 805.0)(617.0, 805.0)(617.0, 913.0)(526.0, 913.0);GATE
Port:(536.0, 802.0)(587.0, 802.0)(587.0, 806.0)(536.0, 806.0);SD
Module:M13
Boundary:(333.0, 1098.0)(333.0, 1174.0)(325.0, 1174.0)(325.0, 1189.0)(264.0, 1189.0)(264.0, 1098.0);GATE
Port:(264.0, 1112.5)(274.0, 1112.5)(274.0, 1174.5)(264.0, 1174.5);SD
Port:(333.0, 1098.0)(333.0, 1174.0)(325.0, 1174.0)(325.0, 1189.0)(279.0, 1189.0)(279.0, 1098.0);GATE
Port:(324.0, 1108.0)(328.0, 1108.0)(328.0, 1159.0)(324.0, 1159.0);SD
Module:M10
Boundary:(631.0, 1748.0)(631.0, 1805.5)(586.4, 1805.5)(586.4, 1893.0)(495.0, 1893.0)(495.0, 1748.0);GATE
Port:(495.0, 1762.5)(505.0, 1762.5)(505.0, 1878.5)(495.0, 1878.5);SD
Port:(631.0, 1748.0)(631.0, 1805.5)(586.4, 1805.5)(586.4, 1893.0)(510.0, 1893.0)(510.0, 1748.0);GATE
Port:(622.0, 1758.0)(626.0, 1758.0)(626.0, 1791.0)(622.0, 1791.0);SD
Module:M37
Boundary:(504.0, 508.0)(615.5, 508.0)(615.5, 520.0)(631.0, 520.0)(631.0, 608.0)(504.0, 608.0);GATE
Port:(518.5, 598.0)(616.5, 598.0)(616.5, 608.0)(518.5, 608.0);SD
Port:(504.0, 508.0)(615.5, 508.0)(615.5, 520.0)(631.0, 520.0)(631.0, 593.0)(504.0, 593.0);GATE
Port:(514.0, 513.0)(601.0, 513.0)(601.0, 517.0)(514.0, 517.0);SD
Module:M34
Boundary:(601.0, 972.0)(601.0, 1065.5)(591.0, 1065.5)(591.0, 1081.0)(413.0, 1081.0)(413.0, 972.0);GATE
Port:(413.0, 986.5)(423.0, 986.5)(423.0, 1066.5)(413.0, 1066.5);SD
Port:(601.0, 972.0)(601.0, 1065.5)(591.0, 1065.5)(591.0, 1081.0)(428.0, 1081.0)(428.0, 972.0);GATE
Port:(592.0, 982.0)(596.0, 982.0)(596.0, 1051.0)(592.0, 1051.0);SD
Module:M29
Boundary:(30.0, 1163.0)(123.5, 1163.0)(123.5, 1208.4)(211.0, 1208.4)(211.0, 1299.0)(30.0, 1299.0);GATE
Port:(44.5, 1289.0)(196.5, 1289.0)(196.5, 1299.0)(44.5, 1299.0);SD
Port:(30.0, 1163.0)(123.5, 1163.0)(123.5, 1208.4)(211.0, 1208.4)(211.0, 1284.0)(30.0, 1284.0);GATE
Port:(40.0, 1168.0)(109.0, 1168.0)(109.0, 1172.0)(40.0, 1172.0);SD
Module:M7
Boundary:(196.0, 614.0)(196.0, 725.5)(184.0, 725.5)(184.0, 741.0)(20.0, 741.0)(20.0, 614.0);GATE
Port:(20.0, 628.5)(30.0, 628.5)(30.0, 726.5)(20.0, 726.5);SD
Port:(196.0, 614.0)(196.0, 725.5)(184.0, 725.5)(184.0, 741.0)(35.0, 741.0)(35.0, 614.0);GATE
Port:(187.0, 624.0)(191.0, 624.0)(191.0, 711.0)(187.0, 711.0);SD
Module:M31
Boundary:(517.0, 20.0)(517.0, 96.0)(509.0, 96.0)(509.0, 111.0)(435.0, 111.0)(435.0, 20.0);GATE
Port:(435.0, 34.5)(445.0, 34.5)(445.0, 96.5)(435.0, 96.5);SD
Port:(517.0, 20.0)(517.0, 96.0)(509.0, 96.0)(509.0, 111.0)(450.0, 111.0)(450.0, 20.0);GATE
Port:(508.0, 30.0)(512.0, 30.0)(512.0, 81.0)(508.0, 81.0);SD
Module:M3
Boundary:(607.0, 323.0)(607.0, 434.5)(565.8, 434.5)(565.8, 468.0)(507.0, 468.0)(507.0, 323.0);GATE
Port:(507.0, 337.5)(517.0, 337.5)(517.0, 453.5)(507.0, 453.5);SD
Port:(607.0, 323.0)(607.0, 434.5)(565.8, 434.5)(565.8, 468.0)(522.0, 468.0)(522.0, 323.0);GATE
Port:(598.0, 333.0)(602.0, 333.0)(602.0, 420.0)(598.0, 420.0);SD
Module:M26
Boundary:(173.0, 1377.0)(266.5, 1377.0)(266.5, 1432.6)(372.0, 1432.6)(372.0, 1513.0)(173.0, 1513.0);GATE
Port:(187.5, 1503.0)(357.5, 1503.0)(357.5, 1513.0)(187.5, 1513.0);SD
Port:(173.0, 1377.0)(266.5, 1377.0)(266.5, 1432.6)(372.0, 1432.6)(372.0, 1498.0)(173.0, 1498.0);GATE
Port:(183.0, 1382.0)(252.0, 1382.0)(252.0, 1386.0)(183.0, 1386.0);SD
Module:M23
Boundary:(413.0, 866.0)(486.0, 866.0)(486.0, 932.0)(413.0, 932.0);GATE
Port:(427.5, 922.0)(471.5, 922.0)(471.5, 932.0)(427.5, 932.0);SD
Port:(413.0, 866.0)(486.0, 866.0)(486.0, 917.0)(413.0, 917.0);GATE
Port:(423.0, 871.0)(476.0, 871.0)(476.0, 875.0)(423.0, 875.0);SD
Module:M18
Boundary:(442.0, 1121.0)(442.0, 1194.0)(373.0, 1194.0)(373.0, 1121.0);GATE
Port:(373.0, 1135.5)(383.0, 1135.5)(383.0, 1179.5)(373.0, 1179.5);SD
Port:(442.0, 1121.0)(442.0, 1194.0)(388.0, 1194.0)(388.0, 1121.0);GATE
Port:(433.0, 1131.0)(437.0, 1131.0)(437.0, 1184.0)(433.0, 1184.0);SD
Module:M20
Boundary:(123.0, 20.0)(196.0, 20.0)(196.0, 196.0)(123.0, 196.0);GATE
Port:(137.5, 186.0)(181.5, 186.0)(181.5, 196.0)(137.5, 196.0);SD
Port:(123.0, 20.0)(196.0, 20.0)(196.0, 181.0)(123.0, 181.0);GATE
Port:(133.0, 25.0)(186.0, 25.0)(186.0, 29.0)(133.0, 29.0);SD
Module:M15
Boundary:(451.0, 1696.0)(451.0, 1769.0)(259.0, 1769.0)(259.0, 1696.0);GATE
Port:(259.0, 1710.5)(269.0, 1710.5)(269.0, 1754.5)(259.0, 1754.5);SD
Port:(451.0, 1696.0)(451.0, 1769.0)(274.0, 1769.0)(274.0, 1696.0);GATE
Port:(442.0, 1706.0)(446.0, 1706.0)(446.0, 1759.0)(442.0, 1759.0);SD
Module:M12
Boundary:(435.0, 151.0)(564.5, 151.0)(564.5, 190.5)(616.0, 190.5)(616.0, 283.0)(435.0, 283.0);GATE
Port:(449.5, 273.0)(601.5, 273.0)(601.5, 283.0)(449.5, 283.0);SD
Port:(435.0, 151.0)(564.5, 151.0)(564.5, 190.5)(616.0, 190.5)(616.0, 268.0)(435.0, 268.0);GATE
Port:(445.0, 156.0)(550.0, 156.0)(550.0, 160.0)(445.0, 160.0);SD
Module:M39
Boundary:(83.0, 20.0)(83.0, 167.5)(67.0, 167.5)(67.0, 183.0)(20.0, 183.0)(20.0, 20.0);GATE
Port:(20.0, 34.5)(30.0, 34.5)(30.0, 168.5)(20.0, 168.5);SD
Port:(83.0, 20.0)(83.0, 167.5)(67.0, 167.5)(67.0, 183.0)(35.0, 183.0)(35.0, 20.0);GATE
Port:(74.0, 30.0)(78.0, 30.0)(78.0, 153.0)(74.0, 153.0);SD
Module:M8
Boundary:(614.0, 1234.0)(614.0, 1345.5)(504.0, 1345.5)(504.0, 1523.0)(449.0, 1523.0)(449.0, 1234.0);GATE
Port:(449.0, 1248.5)(459.0, 1248.5)(459.0, 1508.5)(449.0, 1508.5);SD
Port:(614.0, 1234.0)(614.0, 1345.5)(504.0, 1345.5)(504.0, 1523.0)(464.0, 1523.0)(464.0, 1234.0);GATE
Port:(605.0, 1244.0)(609.0, 1244.0)(609.0, 1331.0)(605.0, 1331.0);SD
Module:M4
Boundary:(250.0, 331.0)(325.5, 331.0)(325.5, 389.6)(467.0, 389.6)(467.0, 452.0)(250.0, 452.0);GATE
Port:(264.5, 442.0)(452.5, 442.0)(452.5, 452.0)(264.5, 452.0);SD
Port:(250.0, 331.0)(325.5, 331.0)(325.5, 389.6)(467.0, 389.6)(467.0, 437.0)(250.0, 437.0);GATE
Port:(260.0, 336.0)(311.0, 336.0)(311.0, 340.0)(260.0, 340.0);SD
Module:M36
Boundary:(455.0, 1809.0)(455.0, 1885.0)(447.0, 1885.0)(447.0, 1900.0)(347.0, 1900.0)(347.0, 1809.0);GATE
Port:(347.0, 1823.5)(357.0, 1823.5)(357.0, 1885.5)(347.0, 1885.5);SD
Port:(455.0, 1809.0)(455.0, 1885.0)(447.0, 1885.0)(447.0, 1900.0)(362.0, 1900.0)(362.0, 1809.0);GATE
Port:(446.0, 1819.0)(450.0, 1819.0)(450.0, 1870.0)(446.0, 1870.0);SD
Module:M33
Boundary:(618.0, 648.0)(618.0, 741.5)(608.0, 741.5)(608.0, 757.0)(526.0, 757.0)(526.0, 648.0);GATE
Port:(526.0, 662.5)(536.0, 662.5)(536.0, 742.5)(526.0, 742.5);SD
Port:(618.0, 648.0)(618.0, 741.5)(608.0, 741.5)(608.0, 757.0)(541.0, 757.0)(541.0, 648.0);GATE
Port:(609.0, 658.0)(613.0, 658.0)(613.0, 727.0)(609.0, 727.0);SD
Module:M28
Boundary:(145.0, 1805.0)(145.0, 1881.0)(137.0, 1881.0)(137.0, 1896.0)(20.0, 1896.0)(20.0, 1805.0);GATE
Port:(20.0, 1819.5)(30.0, 1819.5)(30.0, 1881.5)(20.0, 1881.5);SD
Port:(145.0, 1805.0)(145.0, 1881.0)(137.0, 1881.0)(137.0, 1896.0)(35.0, 1896.0)(35.0, 1805.0);GATE
Port:(136.0, 1815.0)(140.0, 1815.0)(140.0, 1866.0)(136.0, 1866.0);SD
Module:M30
Boundary:(30.0, 246.0)(177.5, 246.0)(177.5, 262.0)(193.0, 262.0)(193.0, 377.0)(30.0, 377.0);GATE
Port:(44.5, 367.0)(178.5, 367.0)(178.5, 377.0)(44.5, 377.0);SD
Port:(30.0, 246.0)(177.5, 246.0)(177.5, 262.0)(193.0, 262.0)(193.0, 362.0)(30.0, 362.0);GATE
Port:(40.0, 251.0)(163.0, 251.0)(163.0, 255.0)(40.0, 255.0);SD
Module:M25
Boundary:(210.0, 781.0)(210.0, 892.5)(176.3, 892.5)(176.3, 926.0)(125.0, 926.0)(125.0, 781.0);GATE
Port:(125.0, 795.5)(135.0, 795.5)(135.0, 911.5)(125.0, 911.5);SD
Port:(210.0, 781.0)(210.0, 892.5)(176.3, 892.5)(176.3, 926.0)(140.0, 926.0)(140.0, 781.0);GATE
Port:(201.0, 791.0)(205.0, 791.0)(205.0, 878.0)(201.0, 878.0);SD
Module:M22
Boundary:(454.0, 502.0)(454.0, 595.5)(366.7, 595.5)(366.7, 629.0)(260.0, 629.0)(260.0, 502.0);GATE
Port:(260.0, 516.5)(270.0, 516.5)(270.0, 614.5)(260.0, 614.5);SD
Port:(454.0, 502.0)(454.0, 595.5)(366.7, 595.5)(366.7, 629.0)(275.0, 629.0)(275.0, 502.0);GATE
Port:(445.0, 512.0)(449.0, 512.0)(449.0, 581.0)(445.0, 581.0);SD
Module:M17
Boundary:(250.0, 151.0)(379.5, 151.0)(379.5, 165.0)(395.0, 165.0)(395.0, 291.0)(250.0, 291.0);GATE
Port:(264.5, 281.0)(380.5, 281.0)(380.5, 291.0)(264.5, 291.0);SD
Port:(250.0, 151.0)(379.5, 151.0)(379.5, 165.0)(395.0, 165.0)(395.0, 276.0)(250.0, 276.0);GATE
Port:(260.0, 156.0)(365.0, 156.0)(365.0, 160.0)(260.0, 160.0);SD
