Area:(-20.0, -20.0)(1015.0, -20.0)(1015.0, 1277.2)(-20.0, 1277.2)
Rule:GATE(5,5);SD(5,5);GATE_SD(0.5);GATE_ITO(0.5);SD_ITO(0.5)
Module:M14
Boundary:(188.2, 960.0)(261.3, 960.0)(261.3, 989.0)(277.5, 989.0)(277.5, 1046.2)(188.2, 1046.2);GATE
Port:(203.1, 1040.7)(262.6, 1040.7)(262.6, 1046.2)(203.1, 1046.2);SD
Port:(188.2, 960.0)(261.3, 960.0)(261.3, 989.0)(277.5, 989.0)(277.5, 1038.0)(188.2, 1038.0);GATE
Port:(194.5, 965.3)(254.0, 965.3)(254.0, 972.3)(194.5, 972.3);SD
Module:M9
Boundary:(783.7, 876.2)(783.7, 965.5)(675.4, 965.5)(675.4, 876.2);GATE
Port:(675.4, 887.6)(680.8, 887.6)(680.8, 954.1)(675.4, 954.1);SD
Port:(783.7, 876.2)(783.7, 965.5)(682.3, 965.5)(682.3, 876.2);GATE
Port:(774.3, 881.9)(779.0, 881.9)(779.0, 959.8)(774.3, 959.8);SD
Module:M5
Boundary:(448.7, 1170.8)(448.7, 1206.5)(448.7, 1206.5)(448.7, 1224.7)(328.2, 1224.7)(328.2, 1170.8);GATE
Port:(328.2, 1185.2)(332.9, 1185.2)(332.9, 1210.3)(328.2, 1210.3);SD
Port:(448.7, 1170.8)(448.7, 1206.5)(448.7, 1206.5)(448.7, 1224.7)(334.1, 1224.7)(334.1, 1170.8);GATE
Port:(437.5, 1176.9)(443.6, 1176.9)(443.6, 1200.4)(437.5, 1200.4);SD
Module:M11
Boundary:(460.0, 554.4)(460.0, 636.3)(356.8, 636.3)(356.8, 554.4);GATE
Port:(356.8, 569.6)(362.5, 569.6)(362.5, 621.1)(356.8, 621.1);SD
Port:(460.0, 554.4)(460.0, 636.3)(364.3, 636.3)(364.3, 554.4);GATE
Port:(446.9, 561.0)(454.4, 561.0)(454.4, 629.7)(446.9, 629.7);SD
Module:M1
Boundary:(607.7, 422.6)(607.7, 546.9)(512.3, 546.9)(512.3, 422.6);GATE
Port:(512.3, 438.4)(517.5, 438.4)(517.5, 531.1)(512.3, 531.1);SD
Port:(607.7, 422.6)(607.7, 546.9)(519.6, 546.9)(519.6, 422.6);GATE
Port:(595.1, 429.0)(602.3, 429.0)(602.3, 540.5)(595.1, 540.5);SD
Module:M43
Boundary:(133.7, 20.0)(203.2, 20.0)(203.2, 20.4)(219.6, 20.4)(219.6, 129.0)(133.7, 129.0);GATE
Port:(149.0, 123.6)(204.3, 123.6)(204.3, 129.0)(149.0, 129.0);SD
Port:(133.7, 20.0)(203.2, 20.0)(203.2, 20.4)(219.6, 20.4)(219.6, 121.8)(133.7, 121.8);GATE
Port:(139.8, 25.1)(197.1, 25.1)(197.1, 32.2)(139.8, 32.2);SD
Module:M38
Boundary:(609.3, 138.8)(674.8, 138.8)(674.8, 170.0)(689.4, 170.0)(689.4, 238.9)(609.3, 238.9);GATE
Port:(622.7, 234.4)(676.0, 234.4)(676.0, 238.9)(622.7, 238.9);SD
Port:(609.3, 138.8)(674.8, 138.8)(674.8, 170.0)(689.4, 170.0)(689.4, 232.7)(609.3, 232.7);GATE
Port:(615.5, 144.0)(667.6, 144.0)(667.6, 150.1)(615.5, 150.1);SD
Module:M40
Boundary:(198.2, 703.5)(295.1, 703.5)(295.1, 794.3)(309.7, 794.3)(309.7, 910.0)(198.2, 910.0);GATE
Port:(211.7, 904.1)(296.2, 904.1)(296.2, 910.0)(211.7, 910.0);SD
Port:(198.2, 703.5)(295.1, 703.5)(295.1, 794.3)(309.7, 794.3)(309.7, 902.5)(198.2, 902.5);GATE
Port:(204.6, 708.9)(287.7, 708.9)(287.7, 714.6)(204.6, 714.6);SD
Module:M35
Boundary:(217.9, 446.4)(301.3, 446.4)(301.3, 446.6)(316.8, 446.6)(316.8, 653.5)(217.9, 653.5);GATE
Port:(232.5, 648.5)(302.2, 648.5)(302.2, 653.5)(232.5, 653.5);SD
Port:(217.9, 446.4)(301.3, 446.4)(301.3, 446.6)(316.8, 446.6)(316.8, 646.5)(217.9, 646.5);GATE
Port:(224.9, 452.4)(294.3, 452.4)(294.3, 458.9)(224.9, 458.9);SD
Module:M32
Boundary:(369.7, 686.3)(436.2, 686.3)(436.2, 767.4)(452.3, 767.4)(452.3, 912.0)(369.7, 912.0);GATE
Port:(381.4, 907.1)(440.6, 907.1)(440.6, 912.0)(381.4, 912.0);SD
Port:(369.7, 686.3)(436.2, 686.3)(436.2, 767.4)(452.3, 767.4)(452.3, 904.8)(369.7, 904.8);GATE
Port:(375.1, 690.7)(429.8, 690.7)(429.8, 695.1)(375.1, 695.1);SD
Module:M27
Boundary:(177.9, 463.1)(177.9, 571.4)(20.0, 571.4)(20.0, 463.1);GATE
Port:(20.0, 475.7)(24.9, 475.7)(24.9, 558.8)(20.0, 558.8);SD
Port:(177.9, 463.1)(177.9, 571.4)(26.4, 571.4)(26.4, 463.1);GATE
Port:(167.5, 469.0)(173.0, 469.0)(173.0, 565.5)(167.5, 565.5);SD
Module:M24
Boundary:(721.3, 1156.0)(721.3, 1216.6)(669.5, 1216.6)(669.5, 1234.5)(523.4, 1234.5)(523.4, 1156.0);GATE
Port:(523.4, 1172.4)(528.6, 1172.4)(528.6, 1218.1)(523.4, 1218.1);SD
Port:(721.3, 1156.0)(721.3, 1216.6)(669.5, 1216.6)(669.5, 1234.5)(530.4, 1234.5)(530.4, 1156.0);GATE
Port:(708.1, 1162.7)(715.6, 1162.7)(715.6, 1208.9)(708.1, 1208.9);SD
Module:M19
Boundary:(512.3, 737.5)(609.8, 737.5)(609.8, 737.7)(625.4, 737.7)(625.4, 893.2)(512.3, 893.2);GATE
Port:(526.6, 888.4)(611.1, 888.4)(611.1, 893.2)(526.6, 893.2);SD
Port:(512.3, 737.5)(609.8, 737.5)(609.8, 737.7)(625.4, 737.7)(625.4, 887.0)(512.3, 887.0);GATE
Port:(519.2, 743.4)(602.9, 743.4)(602.9, 749.7)(519.2, 749.7);SD
Module:M6
Boundary:(633.2, 1005.5)(706.5, 1005.5)(706.5, 1043.8)(722.7, 1043.8)(722.7, 1110.4)(633.2, 1110.4);GATE
Port:(648.3, 1104.9)(707.6, 1104.9)(707.6, 1110.4)(648.3, 1110.4);SD
Port:(633.2, 1005.5)(706.5, 1005.5)(706.5, 1043.8)(722.7, 1043.8)(722.7, 1102.7)(633.2, 1102.7);GATE
Port:(640.2, 1011.5)(698.5, 1011.5)(698.5, 1018.0)(640.2, 1018.0);SD
Module:M21
Boundary:(442.5, 299.0)(442.5, 388.8)(442.2, 388.8)(442.2, 406.4)(226.3, 406.4)(226.3, 299.0);GATE
Port:(226.3, 313.7)(232.2, 313.7)(232.2, 391.7)(226.3, 391.7);SD
Port:(442.5, 299.0)(442.5, 388.8)(442.2, 388.8)(442.2, 406.4)(233.3, 406.4)(233.3, 299.0);GATE
Port:(430.4, 304.6)(437.9, 304.6)(437.9, 383.2)(430.4, 383.2);SD
Module:M2
Boundary:(186.3, 169.0)(186.3, 250.4)(143.1, 250.4)(143.1, 265.3)(20.0, 265.3)(20.0, 169.0);GATE
Port:(20.0, 182.2)(24.2, 182.2)(24.2, 252.1)(20.0, 252.1);SD
Port:(186.3, 169.0)(186.3, 250.4)(143.1, 250.4)(143.1, 265.3)(26.8, 265.3)(26.8, 169.0);GATE
Port:(175.6, 174.9)(181.4, 174.9)(181.4, 243.5)(175.6, 243.5);SD
Module:M16
Boundary:(894.6, 1032.4)(959.0, 1032.4)(959.0, 1126.5)(973.6, 1126.5)(973.6, 1211.7)(894.6, 1211.7);GATE
Port:(907.1, 1206.8)(961.1, 1206.8)(961.1, 1211.7)(907.1, 1211.7);SD
Port:(894.6, 1032.4)(959.0, 1032.4)(959.0, 1126.5)(973.6, 1126.5)(973.6, 1205.5)(894.6, 1205.5);GATE
Port:(899.6, 1036.4)(953.0, 1036.4)(953.0, 1043.2)(899.6, 1043.2);SD
Module:M13
Boundary:(93.7, 20.0)(93.7, 110.1)(93.3, 110.1)(93.3, 127.7)(20.0, 127.7)(20.0, 20.0);GATE
Port:(20.0, 35.0)(25.4, 35.0)(25.4, 112.7)(20.0, 112.7);SD
Port:(93.7, 20.0)(93.7, 110.1)(93.3, 110.1)(93.3, 127.7)(27.0, 127.7)(27.0, 20.0);GATE
Port:(82.0, 26.5)(88.2, 26.5)(88.2, 103.6)(82.0, 103.6);SD
Module:M45
Boundary:(973.7, 20.0)(973.7, 94.7)(973.6, 94.7)(973.6, 113.4)(786.5, 113.4)(786.5, 20.0);GATE
Port:(786.5, 34.8)(791.2, 34.8)(791.2, 98.6)(786.5, 98.6);SD
Port:(973.7, 20.0)(973.7, 94.7)(973.6, 94.7)(973.6, 113.4)(793.8, 113.4)(793.8, 20.0);GATE
Port:(962.2, 26.2)(968.5, 26.2)(968.5, 88.5)(962.2, 88.5);SD
Module:M10
Boundary:(950.7, 887.1)(950.7, 978.9)(889.7, 978.9)(889.7, 992.4)(823.7, 992.4)(823.7, 887.1);GATE
Port:(823.7, 900.1)(828.5, 900.1)(828.5, 979.4)(823.7, 979.4);SD
Port:(950.7, 887.1)(950.7, 978.9)(889.7, 978.9)(889.7, 992.4)(830.5, 992.4)(830.5, 887.1);GATE
Port:(939.7, 894.1)(944.7, 894.1)(944.7, 970.9)(939.7, 970.9);SD
Module:M42
Boundary:(933.8, 153.4)(933.8, 201.6)(915.6, 201.6)(915.6, 215.7)(729.4, 215.7)(729.4, 153.4);GATE
Port:(729.4, 166.4)(733.4, 166.4)(733.4, 202.7)(729.4, 202.7);SD
Port:(933.8, 153.4)(933.8, 201.6)(915.6, 201.6)(915.6, 215.7)(735.7, 215.7)(735.7, 153.4);GATE
Port:(923.1, 159.4)(928.8, 159.4)(928.8, 194.6)(923.1, 194.6);SD
Module:M37
Boundary:(471.0, 962.0)(471.0, 1029.9)(317.5, 1029.9)(317.5, 962.0);GATE
Port:(317.5, 976.2)(321.9, 976.2)(321.9, 1015.7)(317.5, 1015.7);SD
Port:(471.0, 962.0)(471.0, 1029.9)(323.4, 1029.9)(323.4, 962.0);GATE
Port:(459.0, 968.0)(466.0, 968.0)(466.0, 1023.9)(459.0, 1023.9);SD
Module:M34
Boundary:(698.7, 288.2)(698.7, 367.8)(602.4, 367.8)(602.4, 382.6)(482.5, 382.6)(482.5, 288.2);GATE
Port:(482.5, 300.7)(488.1, 300.7)(488.1, 370.1)(482.5, 370.1);SD
Port:(698.7, 288.2)(698.7, 367.8)(602.4, 367.8)(602.4, 382.6)(490.3, 382.6)(490.3, 288.2);GATE
Port:(689.5, 293.9)(694.0, 293.9)(694.0, 361.1)(689.5, 361.1);SD
Module:M29
Boundary:(188.2, 1086.2)(288.2, 1086.2)(288.2, 1237.2)(188.2, 1237.2);GATE
Port:(201.8, 1233.1)(274.6, 1233.1)(274.6, 1237.2)(201.8, 1237.2);SD
Port:(188.2, 1086.2)(288.2, 1086.2)(288.2, 1230.8)(188.2, 1230.8);GATE
Port:(193.8, 1090.8)(282.6, 1090.8)(282.6, 1097.2)(193.8, 1097.2);SD
Module:M7
Boundary:(860.0, 431.1)(945.4, 431.1)(945.4, 431.6)(962.1, 431.6)(962.1, 546.4)(860.0, 546.4);GATE
Port:(874.1, 542.2)(948.0, 542.2)(948.0, 546.4)(874.1, 546.4);SD
Port:(860.0, 431.1)(945.4, 431.1)(945.4, 431.6)(962.1, 431.6)(962.1, 540.1)(860.0, 540.1);GATE
Port:(865.6, 435.7)(939.8, 435.7)(939.8, 442.4)(865.6, 442.4);SD
Module:M31
Boundary:(472.3, 446.4)(472.3, 497.8)(472.2, 497.8)(472.2, 514.4)(356.8, 514.4)(356.8, 446.4);GATE
Port:(356.8, 460.0)(361.2, 460.0)(361.2, 500.8)(356.8, 500.8);SD
Port:(472.3, 446.4)(472.3, 497.8)(472.2, 497.8)(472.2, 514.4)(362.9, 514.4)(362.9, 446.4);GATE
Port:(461.0, 452.0)(467.7, 452.0)(467.7, 492.2)(461.0, 492.2);SD
Module:M3
Boundary:(842.2, 727.5)(842.2, 836.2)(675.4, 836.2)(675.4, 727.5);GATE
Port:(675.4, 739.9)(680.3, 739.9)(680.3, 823.8)(675.4, 823.8);SD
Port:(842.2, 727.5)(842.2, 836.2)(682.2, 836.2)(682.2, 727.5);GATE
Port:(831.9, 732.7)(838.0, 732.7)(838.0, 831.0)(831.9, 831.0);SD
Module:M26
Boundary:(30.0, 1018.3)(120.1, 1018.3)(120.1, 1125.1)(133.3, 1125.1)(133.3, 1221.3)(30.0, 1221.3);GATE
Port:(42.6, 1216.1)(120.7, 1216.1)(120.7, 1221.3)(42.6, 1221.3);SD
Port:(30.0, 1018.3)(120.1, 1018.3)(120.1, 1125.1)(133.3, 1125.1)(133.3, 1213.7)(30.0, 1213.7);GATE
Port:(36.9, 1024.2)(112.2, 1024.2)(112.2, 1028.9)(36.9, 1028.9);SD
Module:M23
Boundary:(20.0, 755.2)(148.2, 755.2)(148.2, 968.3)(20.0, 968.3);GATE
Port:(33.1, 962.7)(135.1, 962.7)(135.1, 968.3)(33.1, 968.3);SD
Port:(20.0, 755.2)(148.2, 755.2)(148.2, 960.0)(20.0, 960.0);GATE
Port:(25.0, 759.2)(143.2, 759.2)(143.2, 765.0)(25.0, 765.0);SD
Module:M18
Boundary:(405.9, 30.0)(405.9, 133.7)(361.0, 133.7)(361.0, 149.9)(269.6, 149.9)(269.6, 30.0);GATE
Port:(269.6, 43.6)(274.1, 43.6)(274.1, 136.3)(269.6, 136.3);SD
Port:(405.9, 30.0)(405.9, 133.7)(361.0, 133.7)(361.0, 149.9)(275.8, 149.9)(275.8, 30.0);GATE
Port:(395.6, 36.1)(400.8, 36.1)(400.8, 126.6)(395.6, 126.6);SD
Module:M20
Boundary:(882.2, 717.2)(960.9, 717.2)(960.9, 749.5)(975.0, 749.5)(975.0, 847.1)(882.2, 847.1);GATE
Port:(894.5, 842.9)(962.7, 842.9)(962.7, 847.1)(894.5, 847.1);SD
Port:(882.2, 717.2)(960.9, 717.2)(960.9, 749.5)(975.0, 749.5)(975.0, 840.5)(882.2, 840.5);GATE
Port:(888.6, 722.6)(953.5, 722.6)(953.5, 727.7)(888.6, 727.7);SD
Module:M15
Boundary:(415.7, 199.9)(415.7, 240.3)(415.6, 240.3)(415.6, 259.0)(226.3, 259.0)(226.3, 199.9);GATE
Port:(226.3, 216.1)(231.0, 216.1)(231.0, 242.8)(226.3, 242.8);SD
Port:(415.7, 199.9)(415.7, 240.3)(415.6, 240.3)(415.6, 259.0)(234.0, 259.0)(234.0, 199.9);GATE
Port:(402.5, 206.7)(409.9, 206.7)(409.9, 233.5)(402.5, 233.5);SD
Module:M12
Boundary:(569.3, 134.0)(569.3, 232.9)(506.2, 232.9)(506.2, 248.2)(455.9, 248.2)(455.9, 134.0);GATE
Port:(455.9, 146.4)(460.1, 146.4)(460.1, 235.8)(455.9, 235.8);SD
Port:(569.3, 134.0)(569.3, 232.9)(506.2, 232.9)(506.2, 248.2)(461.7, 248.2)(461.7, 134.0);GATE
Port:(558.7, 139.3)(565.0, 139.3)(565.0, 226.6)(558.7, 226.6);SD
Module:M44
Boundary:(823.2, 591.8)(823.2, 672.6)(760.7, 672.6)(760.7, 687.5)(642.5, 687.5)(642.5, 591.8);GATE
Port:(642.5, 604.3)(647.5, 604.3)(647.5, 675.0)(642.5, 675.0);SD
Port:(823.2, 591.8)(823.2, 672.6)(760.7, 672.6)(760.7, 687.5)(649.7, 687.5)(649.7, 591.8);GATE
Port:(813.0, 597.3)(818.7, 597.3)(818.7, 666.1)(813.0, 666.1);SD
Module:M39
Boundary:(622.5, 30.0)(622.5, 84.0)(465.9, 84.0)(465.9, 30.0);GATE
Port:(465.9, 44.0)(470.6, 44.0)(470.6, 70.0)(465.9, 70.0);SD
Port:(622.5, 30.0)(622.5, 84.0)(473.4, 84.0)(473.4, 30.0);GATE
Port:(611.8, 35.4)(618.1, 35.4)(618.1, 78.6)(611.8, 78.6);SD
Module:M8
Boundary:(820.0, 431.1)(820.0, 535.5)(732.9, 535.5)(732.9, 551.8)(647.7, 551.8)(647.7, 431.1);GATE
Port:(647.7, 444.4)(653.5, 444.4)(653.5, 538.5)(647.7, 538.5);SD
Port:(820.0, 431.1)(820.0, 535.5)(732.9, 535.5)(732.9, 551.8)(656.4, 551.8)(656.4, 431.1);GATE
Port:(809.3, 437.2)(814.9, 437.2)(814.9, 528.4)(809.3, 528.4);SD
Module:M41
Boundary:(762.7, 1032.4)(836.7, 1032.4)(836.7, 1032.7)(854.6, 1032.7)(854.6, 1229.6)(762.7, 1229.6);GATE
Port:(778.0, 1224.1)(839.3, 1224.1)(839.3, 1229.6)(778.0, 1229.6);SD
Port:(762.7, 1032.4)(836.7, 1032.4)(836.7, 1032.7)(854.6, 1032.7)(854.6, 1222.8)(762.7, 1222.8);GATE
Port:(769.2, 1037.9)(830.2, 1037.9)(830.2, 1044.8)(769.2, 1044.8);SD
Module:M4
Boundary:(970.6, 586.4)(970.6, 660.6)(953.9, 660.6)(953.9, 677.2)(863.2, 677.2)(863.2, 586.4);GATE
Port:(863.2, 601.8)(867.8, 601.8)(867.8, 661.8)(863.2, 661.8);SD
Port:(970.6, 586.4)(970.6, 660.6)(953.9, 660.6)(953.9, 677.2)(869.1, 677.2)(869.1, 586.4);GATE
Port:(958.3, 592.8)(965.2, 592.8)(965.2, 653.2)(958.3, 653.2);SD
Module:M36
Boundary:(746.5, 20.0)(746.5, 84.4)(717.0, 84.4)(717.0, 98.8)(672.5, 98.8)(672.5, 20.0);GATE
Port:(672.5, 32.5)(677.0, 32.5)(677.0, 86.3)(672.5, 86.3);SD
Port:(746.5, 20.0)(746.5, 84.4)(717.0, 84.4)(717.0, 98.8)(678.3, 98.8)(678.3, 20.0);GATE
Port:(735.8, 25.9)(741.6, 25.9)(741.6, 77.5)(735.8, 77.5);SD
Module:M33
Boundary:(502.3, 586.9)(602.5, 586.9)(602.5, 685.6)(502.3, 685.6);GATE
Port:(515.8, 681.5)(589.0, 681.5)(589.0, 685.6)(515.8, 685.6);SD
Port:(502.3, 586.9)(602.5, 586.9)(602.5, 679.0)(502.3, 679.0);GATE
Port:(507.4, 591.0)(597.4, 591.0)(597.4, 597.7)(507.4, 597.7);SD
Module:M28
Boundary:(20.0, 305.3)(131.6, 305.3)(131.6, 342.0)(148.7, 342.0)(148.7, 423.1)(20.0, 423.1);GATE
Port:(35.5, 418.0)(133.2, 418.0)(133.2, 423.1)(35.5, 423.1);SD
Port:(20.0, 305.3)(131.6, 305.3)(131.6, 342.0)(148.7, 342.0)(148.7, 415.8)(20.0, 415.8);GATE
Port:(26.3, 310.6)(124.3, 310.6)(124.3, 317.8)(26.3, 317.8);SD
Module:M30
Boundary:(141.7, 611.4)(141.7, 698.0)(141.5, 698.0)(141.5, 715.2)(20.0, 715.2)(20.0, 611.4);GATE
Port:(20.0, 625.4)(25.4, 625.4)(25.4, 701.2)(20.0, 701.2);SD
Port:(141.7, 611.4)(141.7, 698.0)(141.5, 698.0)(141.5, 715.2)(27.4, 715.2)(27.4, 611.4);GATE
Port:(130.5, 617.5)(136.6, 617.5)(136.6, 691.9)(130.5, 691.9);SD
Module:M25
Boundary:(523.4, 943.2)(593.2, 943.2)(593.2, 1116.0)(523.4, 1116.0);GATE
Port:(537.6, 1110.2)(579.0, 1110.2)(579.0, 1116.0)(537.6, 1116.0);SD
Port:(523.4, 943.2)(593.2, 943.2)(593.2, 1109.1)(523.4, 1109.1);GATE
Port:(530.0, 948.8)(586.6, 948.8)(586.6, 954.1)(530.0, 954.1);SD
Module:M22
Boundary:(483.4, 1069.9)(483.4, 1117.1)(403.8, 1117.1)(403.8, 1130.8)(328.2, 1130.8)(328.2, 1069.9);GATE
Port:(328.2, 1082.5)(332.2, 1082.5)(332.2, 1118.2)(328.2, 1118.2);SD
Port:(483.4, 1069.9)(483.4, 1117.1)(403.8, 1117.1)(403.8, 1130.8)(334.3, 1130.8)(334.3, 1069.9);GATE
Port:(473.2, 1075.3)(479.0, 1075.3)(479.0, 1110.7)(473.2, 1110.7);SD
Module:M17
Boundary:(953.4, 265.7)(953.4, 364.8)(953.0, 364.8)(953.0, 381.1)(748.7, 381.1)(748.7, 265.7);GATE
Port:(748.7, 279.0)(753.5, 279.0)(753.5, 367.8)(748.7, 367.8);SD
Port:(953.4, 265.7)(953.4, 364.8)(953.0, 364.8)(953.0, 381.1)(755.2, 381.1)(755.2, 265.7);GATE
Port:(942.3, 270.9)(949.2, 270.9)(949.2, 359.6)(942.3, 359.6);SD
