Area:(-17.2, -20.0)(711.8, -20.0)(711.8, 582.1)(-17.2, 582.1)
Rule:GATE(5,5);SD(5,5);GATE_SD(0.5);GATE_ITO(0.5);SD_ITO(0.5)
Module:M2
Boundary:(281.7, 38.9)(281.7, 103.8)(244.2, 103.8)(244.2, 118.4)(162.0, 118.4)(162.0, 38.9);GATE
Port:(162.0, 52.1)(167.5, 52.1)(167.5, 105.2)(162.0, 105.2);SD
Port:(281.7, 38.9)(281.7, 103.8)(244.2, 103.8)(244.2, 118.4)(169.4, 118.4)(169.4, 38.9);GATE
Port:(271.5, 44.6)(277.0, 44.6)(277.0, 97.1)(271.5, 97.1);SD
Module:M16
Boundary:(426.6, 20.0)(426.6, 95.1)(388.2, 95.1)(388.2, 109.0)(309.1, 109.0)(309.1, 20.0);GATE
Port:(309.1, 31.3)(313.3, 31.3)(313.3, 97.7)(309.1, 97.7);SD
Port:(426.6, 20.0)(426.6, 95.1)(388.2, 95.1)(388.2, 109.0)(314.5, 109.0)(314.5, 20.0);GATE
Port:(417.5, 25.2)(422.4, 25.2)(422.4, 88.9)(417.5, 88.9);SD
Module:M15
Boundary:(139.0, 32.9)(139.0, 128.2)(69.6, 128.2)(69.6, 32.9);GATE
Port:(69.6, 46.1)(75.1, 46.1)(75.1, 115.0)(69.6, 115.0);SD
Port:(139.0, 32.9)(139.0, 128.2)(76.5, 128.2)(76.5, 32.9);GATE
Port:(127.7, 39.1)(133.8, 39.1)(133.8, 122.0)(127.7, 122.0);SD
Module:M13
Boundary:(434.2, 20.0)(529.4, 20.0)(529.4, 20.6)(545.4, 20.6)(545.4, 116.5)(434.2, 116.5);GATE
Port:(446.2, 112.0)(533.4, 112.0)(533.4, 116.5)(446.2, 116.5);SD
Port:(434.2, 20.0)(529.4, 20.0)(529.4, 20.6)(545.4, 20.6)(545.4, 110.4)(434.2, 110.4);GATE
Port:(439.9, 24.7)(523.7, 24.7)(523.7, 29.5)(439.9, 29.5);SD
Module:M11
Boundary:(597.8, 20.0)(662.1, 20.0)(662.1, 119.9)(597.8, 119.9);GATE
Port:(611.4, 115.4)(648.5, 115.4)(648.5, 119.9)(611.4, 119.9);SD
Port:(597.8, 20.0)(662.1, 20.0)(662.1, 113.3)(597.8, 113.3);GATE
Port:(604.4, 25.6)(655.5, 25.6)(655.5, 31.5)(604.4, 31.5);SD
Module:M9
Boundary:(661.8, 174.7)(661.8, 234.4)(527.5, 234.4)(527.5, 174.7);GATE
Port:(527.5, 187.0)(533.5, 187.0)(533.5, 222.1)(527.5, 222.1);SD
Port:(661.8, 174.7)(661.8, 234.4)(535.7, 234.4)(535.7, 174.7);GATE
Port:(651.6, 180.0)(657.5, 180.0)(657.5, 229.1)(651.6, 229.1);SD
Module:M1
Boundary:(467.9, 166.5)(467.9, 225.3)(287.5, 225.3)(287.5, 166.5);GATE
Port:(287.5, 178.5)(291.6, 178.5)(291.6, 213.3)(287.5, 213.3);SD
Port:(467.9, 166.5)(467.9, 225.3)(293.5, 225.3)(293.5, 166.5);GATE
Port:(458.0, 171.9)(463.5, 171.9)(463.5, 219.9)(458.0, 219.9);SD
Module:M10
Boundary:(270.6, 157.2)(270.6, 282.7)(191.2, 282.7)(191.2, 157.2);GATE
Port:(191.2, 170.3)(196.8, 170.3)(196.8, 269.6)(191.2, 269.6);SD
Port:(270.6, 157.2)(270.6, 282.7)(199.1, 282.7)(199.1, 157.2);GATE
Port:(260.9, 162.3)(266.5, 162.3)(266.5, 277.6)(260.9, 277.6);SD
Module:M8
Boundary:(184.7, 155.3)(184.7, 257.6)(160.7, 257.6)(160.7, 271.2)(77.9, 271.2)(77.9, 155.3);GATE
Port:(77.9, 170.6)(83.7, 170.6)(83.7, 255.9)(77.9, 255.9);SD
Port:(184.7, 155.3)(184.7, 257.6)(160.7, 257.6)(160.7, 271.2)(85.5, 271.2)(85.5, 155.3);GATE
Port:(171.1, 162.3)(178.7, 162.3)(178.7, 248.6)(171.1, 248.6);SD
Module:M7
Boundary:(583.9, 273.8)(658.4, 273.8)(658.4, 413.0)(583.9, 413.0);GATE
Port:(598.3, 407.8)(644.0, 407.8)(644.0, 413.0)(598.3, 413.0);SD
Port:(583.9, 273.8)(658.4, 273.8)(658.4, 405.6)(583.9, 405.6);GATE
Port:(589.9, 278.8)(652.4, 278.8)(652.4, 284.9)(589.9, 284.9);SD
Module:M14
Boundary:(539.6, 381.1)(539.6, 278.2)(507.4, 278.2)(507.4, 262.1)(436.7, 262.1)(436.7, 381.1);GATE
Port:(436.7, 275.1)(442.2, 275.1)(442.2, 368.1)(436.7, 368.1);SD
Port:(539.6, 381.1)(539.6, 278.2)(507.4, 278.2)(507.4, 262.1)(444.3, 262.1)(444.3, 381.1);GATE
Port:(529.7, 284.9)(534.9, 284.9)(534.9, 375.4)(529.7, 375.4);SD
Module:M12
Boundary:(246.8, 397.2)(246.8, 288.7)(22.8, 288.7)(22.8, 397.2);GATE
Port:(22.8, 302.3)(27.5, 302.3)(27.5, 383.6)(22.8, 383.6);SD
Port:(246.8, 397.2)(246.8, 288.7)(29.1, 288.7)(29.1, 397.2);GATE
Port:(235.3, 295.0)(241.5, 295.0)(241.5, 390.9)(235.3, 390.9);SD
Module:M6
Boundary:(302.7, 261.2)(387.4, 261.2)(387.4, 303.8)(402.4, 303.8)(402.4, 427.7)(302.7, 427.7);GATE
Port:(317.1, 423.5)(388.0, 423.5)(388.0, 427.7)(317.1, 427.7);SD
Port:(302.7, 261.2)(387.4, 261.2)(387.4, 303.8)(402.4, 303.8)(402.4, 422.4)(302.7, 422.4);GATE
Port:(309.4, 266.9)(379.7, 266.9)(379.7, 273.2)(309.4, 273.2);SD
Module:M5
Boundary:(248.1, 447.3)(248.1, 506.6)(247.8, 506.6)(247.8, 526.2)(39.4, 526.2)(39.4, 447.3);GATE
Port:(39.4, 463.2)(45.0, 463.2)(45.0, 510.3)(39.4, 510.3);SD
Port:(248.1, 447.3)(248.1, 506.6)(247.8, 506.6)(247.8, 526.2)(47.7, 526.2)(47.7, 447.3);GATE
Port:(235.7, 453.0)(243.4, 453.0)(243.4, 500.9)(235.7, 500.9);SD
Module:M4
Boundary:(443.6, 460.0)(443.6, 507.7)(380.3, 507.7)(380.3, 521.0)(261.8, 521.0)(261.8, 460.0);GATE
Port:(261.8, 472.8)(266.7, 472.8)(266.7, 508.2)(261.8, 508.2);SD
Port:(443.6, 460.0)(443.6, 507.7)(380.3, 507.7)(380.3, 521.0)(268.5, 521.0)(268.5, 460.0);GATE
Port:(432.9, 466.7)(437.9, 466.7)(437.9, 500.0)(432.9, 500.0);SD
Module:M3
Boundary:(671.8, 448.4)(671.8, 542.1)(490.5, 542.1)(490.5, 448.4);GATE
Port:(490.5, 459.6)(494.9, 459.6)(494.9, 530.9)(490.5, 530.9);SD
Port:(671.8, 448.4)(671.8, 542.1)(497.3, 542.1)(497.3, 448.4);GATE
Port:(662.4, 454.5)(666.7, 454.5)(666.7, 536.0)(662.4, 536.0);SD
