Area:(-20.0, -20.0)(711.8, -20.0)(711.8, 588.0)(-20.0, 588.0)
Rule:GATE(5,5);SD(5,5);GATE_SD(0.5);GATE_ITO(0.5);SD_ITO(0.5)
Module:M14
Boundary:(541.7, 285.3)(541.7, 388.2)(509.4, 388.2)(509.4, 404.3)(438.8, 404.3)(438.8, 285.3);GATE
Port:(438.8, 298.3)(444.3, 298.3)(444.3, 391.3)(438.8, 391.3);SD
Port:(541.7, 285.3)(541.7, 388.2)(509.4, 388.2)(509.4, 404.3)(446.4, 404.3)(446.4, 285.3);GATE
Port:(531.8, 291.0)(537.0, 291.0)(537.0, 381.5)(531.8, 381.5);SD
Module:M9
Boundary:(663.8, 159.9)(663.8, 219.6)(529.5, 219.6)(529.5, 159.9);GATE
Port:(529.5, 172.2)(535.5, 172.2)(535.5, 207.3)(529.5, 207.3);SD
Port:(663.8, 159.9)(663.8, 219.6)(537.7, 219.6)(537.7, 159.9);GATE
Port:(653.6, 165.2)(659.5, 165.2)(659.5, 214.3)(653.6, 214.3);SD
Module:M5
Boundary:(228.7, 459.7)(228.7, 519.0)(228.4, 519.0)(228.4, 538.6)(20.0, 538.6)(20.0, 459.7);GATE
Port:(20.0, 475.6)(25.6, 475.6)(25.6, 522.7)(20.0, 522.7);SD
Port:(228.7, 459.7)(228.7, 519.0)(228.4, 519.0)(228.4, 538.6)(28.3, 538.6)(28.3, 459.7);GATE
Port:(216.3, 465.4)(224.0, 465.4)(224.0, 513.3)(216.3, 513.3);SD
Module:M11
Boundary:(597.8, 20.0)(662.1, 20.0)(662.1, 119.9)(597.8, 119.9);GATE
Port:(611.4, 115.4)(648.5, 115.4)(648.5, 119.9)(611.4, 119.9);SD
Port:(597.8, 20.0)(662.1, 20.0)(662.1, 113.3)(597.8, 113.3);GATE
Port:(604.4, 25.6)(655.5, 25.6)(655.5, 31.5)(604.4, 31.5);SD
Module:M1
Boundary:(479.5, 166.5)(479.5, 225.3)(299.1, 225.3)(299.1, 166.5);GATE
Port:(299.1, 178.5)(303.2, 178.5)(303.2, 213.3)(299.1, 213.3);SD
Port:(479.5, 166.5)(479.5, 225.3)(305.1, 225.3)(305.1, 166.5);GATE
Port:(469.6, 171.9)(475.1, 171.9)(475.1, 219.9)(469.6, 219.9);SD
Module:M6
Boundary:(289.1, 275.3)(373.8, 275.3)(373.8, 317.9)(388.8, 317.9)(388.8, 441.8)(289.1, 441.8);GATE
Port:(303.5, 437.6)(374.4, 437.6)(374.4, 441.8)(303.5, 441.8);SD
Port:(289.1, 275.3)(373.8, 275.3)(373.8, 317.9)(388.8, 317.9)(388.8, 436.5)(289.1, 436.5);GATE
Port:(295.8, 281.0)(366.1, 281.0)(366.1, 287.3)(295.8, 287.3);SD
Module:M2
Boundary:(249.1, 20.0)(249.1, 84.9)(211.6, 84.9)(211.6, 99.5)(129.4, 99.5)(129.4, 20.0);GATE
Port:(129.4, 33.2)(134.9, 33.2)(134.9, 86.3)(129.4, 86.3);SD
Port:(249.1, 20.0)(249.1, 84.9)(211.6, 84.9)(211.6, 99.5)(136.8, 99.5)(136.8, 20.0);GATE
Port:(238.9, 25.7)(244.4, 25.7)(244.4, 78.2)(238.9, 78.2);SD
Module:M16
Boundary:(406.6, 20.0)(406.6, 95.1)(368.2, 95.1)(368.2, 109.0)(289.1, 109.0)(289.1, 20.0);GATE
Port:(289.1, 31.3)(293.3, 31.3)(293.3, 97.7)(289.1, 97.7);SD
Port:(406.6, 20.0)(406.6, 95.1)(368.2, 95.1)(368.2, 109.0)(294.5, 109.0)(294.5, 20.0);GATE
Port:(397.5, 25.2)(402.4, 25.2)(402.4, 88.9)(397.5, 88.9);SD
Module:M13
Boundary:(446.6, 20.0)(541.8, 20.0)(541.8, 20.6)(557.8, 20.6)(557.8, 116.5)(446.6, 116.5);GATE
Port:(458.6, 112.0)(545.8, 112.0)(545.8, 116.5)(458.6, 116.5);SD
Port:(446.6, 20.0)(541.8, 20.0)(541.8, 20.6)(557.8, 20.6)(557.8, 110.4)(446.6, 110.4);GATE
Port:(452.3, 24.7)(536.1, 24.7)(536.1, 29.5)(452.3, 29.5);SD
Module:M10
Boundary:(246.2, 139.5)(246.2, 265.0)(166.8, 265.0)(166.8, 139.5);GATE
Port:(166.8, 152.6)(172.4, 152.6)(172.4, 251.9)(166.8, 251.9);SD
Port:(246.2, 139.5)(246.2, 265.0)(174.7, 265.0)(174.7, 139.5);GATE
Port:(236.5, 144.6)(242.1, 144.6)(242.1, 259.9)(236.5, 259.9);SD
Module:M7
Boundary:(591.7, 259.6)(666.2, 259.6)(666.2, 398.8)(591.7, 398.8);GATE
Port:(606.1, 393.6)(651.8, 393.6)(651.8, 398.8)(606.1, 398.8);SD
Port:(591.7, 259.6)(666.2, 259.6)(666.2, 391.4)(591.7, 391.4);GATE
Port:(597.7, 264.6)(660.2, 264.6)(660.2, 270.7)(597.7, 270.7);SD
Module:M3
Boundary:(671.8, 454.3)(671.8, 548.0)(490.5, 548.0)(490.5, 454.3);GATE
Port:(490.5, 465.5)(494.9, 465.5)(494.9, 536.8)(490.5, 536.8);SD
Port:(671.8, 454.3)(671.8, 548.0)(497.3, 548.0)(497.3, 454.3);GATE
Port:(662.4, 460.4)(666.7, 460.4)(666.7, 541.9)(662.4, 541.9);SD
Module:M15
Boundary:(89.4, 20.0)(89.4, 115.3)(20.0, 115.3)(20.0, 20.0);GATE
Port:(20.0, 33.2)(25.5, 33.2)(25.5, 102.1)(20.0, 102.1);SD
Port:(89.4, 20.0)(89.4, 115.3)(26.9, 115.3)(26.9, 20.0);GATE
Port:(78.1, 26.2)(84.2, 26.2)(84.2, 109.1)(78.1, 109.1);SD
Module:M12
Boundary:(244.0, 311.2)(244.0, 419.7)(20.0, 419.7)(20.0, 311.2);GATE
Port:(20.0, 324.8)(24.7, 324.8)(24.7, 406.1)(20.0, 406.1);SD
Port:(244.0, 311.2)(244.0, 419.7)(26.3, 419.7)(26.3, 311.2);GATE
Port:(232.5, 317.5)(238.7, 317.5)(238.7, 413.4)(232.5, 413.4);SD
Module:M8
Boundary:(126.8, 155.3)(126.8, 257.6)(102.8, 257.6)(102.8, 271.2)(20.0, 271.2)(20.0, 155.3);GATE
Port:(20.0, 170.6)(25.8, 170.6)(25.8, 255.9)(20.0, 255.9);SD
Port:(126.8, 155.3)(126.8, 257.6)(102.8, 257.6)(102.8, 271.2)(27.6, 271.2)(27.6, 155.3);GATE
Port:(113.2, 162.3)(120.8, 162.3)(120.8, 248.6)(113.2, 248.6);SD
Module:M4
Boundary:(450.5, 481.8)(450.5, 529.5)(387.2, 529.5)(387.2, 542.8)(268.7, 542.8)(268.7, 481.8);GATE
Port:(268.7, 494.6)(273.6, 494.6)(273.6, 530.0)(268.7, 530.0);SD
Port:(450.5, 481.8)(450.5, 529.5)(387.2, 529.5)(387.2, 542.8)(275.4, 542.8)(275.4, 481.8);GATE
Port:(439.8, 488.5)(444.8, 488.5)(444.8, 521.8)(439.8, 521.8);SD
