Area:(-15.2, -20.0)(622.7, -20.0)(622.7, 243.5)(-15.2, 243.5)
Rule:GATE(5,5);SD(5,5);GATE_SD(0.5);GATE_ITO(0.5);SD_ITO(0.5)
Module:M2
Boundary:(215.7, 32.3)(215.7, 108.8)(149.5, 108.8)(149.5, 126.9)(24.8, 126.9)(24.8, 32.3);GATE
Port:(24.8, 47.0)(29.7, 47.0)(29.7, 112.2)(24.8, 112.2);SD
Port:(215.7, 32.3)(215.7, 108.8)(149.5, 108.8)(149.5, 126.9)(32.2, 126.9)(32.2, 32.3);GATE
Port:(204.1, 37.6)(211.4, 37.6)(211.4, 102.5)(204.1, 102.5);SD
Module:M1
Boundary:(240.5, 188.3)(333.0, 188.3)(333.0, 31.7)(240.5, 31.7);GATE
Port:(252.4, 31.7)(321.1, 31.7)(321.1, 36.1)(252.4, 36.1);SD
Port:(240.5, 188.3)(333.0, 188.3)(333.0, 38.1)(240.5, 38.1);GATE
Port:(246.0, 178.5)(327.5, 178.5)(327.5, 183.8)(246.0, 183.8);SD
Module:M4
Boundary:(442.6, 199.6)(349.5, 199.6)(349.5, 122.2)(335.4, 122.2)(335.4, 20.0)(442.6, 20.0);GATE
Port:(348.0, 20.0)(430.0, 20.0)(430.0, 25.9)(348.0, 25.9);SD
Port:(442.6, 199.6)(349.5, 199.6)(349.5, 122.2)(335.4, 122.2)(335.4, 27.3)(442.6, 27.3);GATE
Port:(355.8, 189.7)(437.3, 189.7)(437.3, 195.3)(355.8, 195.3);SD
Module:M3
Boundary:(207.2, 139.4)(207.2, 187.8)(45.5, 187.8)(45.5, 139.4);GATE
Port:(45.5, 151.8)(49.6, 151.8)(49.6, 175.4)(45.5, 175.4);SD
Port:(207.2, 139.4)(207.2, 187.8)(52.1, 187.8)(52.1, 139.4);GATE
Port:(197.4, 144.7)(202.9, 144.7)(202.9, 182.5)(197.4, 182.5);SD
Module:M5
Boundary:(465.0, 203.5)(566.7, 203.5)(566.7, 203.2)(582.7, 203.2)(582.7, 20.0)(465.0, 20.0);GATE
Port:(480.5, 20.0)(567.2, 20.0)(567.2, 25.7)(480.5, 25.7);SD
Port:(465.0, 203.5)(566.7, 203.5)(566.7, 203.2)(582.7, 203.2)(582.7, 28.2)(465.0, 28.2);GATE
Port:(471.7, 190.4)(560.0, 190.4)(560.0, 197.8)(471.7, 197.8);SD
