Area:(-38.7, -16.3)(364.3, -16.3)(364.3, 874.0)(-38.7, 874.0)
Rule:GATE(5,5);SD(5,5);GATE_SD(0.5);GATE_ITO(0.5);SD_ITO(0.5)
Module:M7
Boundary:(7.3, 52.0)(7.3, 145.5)(17.3, 145.5)(17.3, 161.0)(187.3, 161.0)(187.3, 52.0);GATE
Port:(177.3, 66.5)(187.3, 66.5)(187.3, 146.5)(177.3, 146.5);SD
Port:(7.3, 52.0)(7.3, 145.5)(17.3, 145.5)(17.3, 161.0)(172.3, 161.0)(172.3, 52.0);GATE
Port:(12.3, 62.0)(16.3, 62.0)(16.3, 131.0)(12.3, 131.0);SD
Module:M9
Boundary:(204.4, 23.7)(204.4, 171.2)(220.4, 171.2)(220.4, 186.7)(301.4, 186.7)(301.4, 23.7);GATE
Port:(291.4, 38.2)(301.4, 38.2)(301.4, 172.2)(291.4, 172.2);SD
Port:(204.4, 23.7)(204.4, 171.2)(220.4, 171.2)(220.4, 186.7)(286.4, 186.7)(286.4, 23.7);GATE
Port:(209.4, 33.7)(213.4, 33.7)(213.4, 156.7)(209.4, 156.7);SD
Module:M2
Boundary:(20.0, 169.0)(20.0, 242.0)(184.0, 242.0)(184.0, 169.0);GATE
Port:(174.0, 183.5)(184.0, 183.5)(184.0, 227.5)(174.0, 227.5);SD
Port:(20.0, 169.0)(20.0, 242.0)(169.0, 242.0)(169.0, 169.0);GATE
Port:(25.0, 179.0)(29.0, 179.0)(29.0, 232.0)(25.0, 232.0);SD
Module:M3
Boundary:(224.8, 244.3)(300.8, 244.3)(300.8, 252.3)(315.8, 252.3)(315.8, 391.3)(224.8, 391.3);GATE
Port:(239.3, 381.3)(301.3, 381.3)(301.3, 391.3)(239.3, 391.3);SD
Port:(224.8, 244.3)(300.8, 244.3)(300.8, 252.3)(315.8, 252.3)(315.8, 376.3)(224.8, 376.3);GATE
Port:(234.8, 249.3)(285.8, 249.3)(285.8, 253.3)(234.8, 253.3);SD
Module:M6
Boundary:(1.3, 319.9)(1.3, 449.4)(15.4, 449.4)(15.4, 464.9)(186.3, 464.9)(186.3, 319.9);GATE
Port:(176.3, 334.4)(186.3, 334.4)(186.3, 450.4)(176.3, 450.4);SD
Port:(1.3, 319.9)(1.3, 449.4)(15.4, 449.4)(15.4, 464.9)(171.3, 464.9)(171.3, 319.9);GATE
Port:(6.3, 329.9)(10.3, 329.9)(10.3, 434.9)(6.3, 434.9);SD
Module:M1
Boundary:(246.9, 433.0)(319.9, 433.0)(319.9, 616.0)(246.9, 616.0);GATE
Port:(261.4, 606.0)(305.4, 606.0)(305.4, 616.0)(261.4, 616.0);SD
Port:(246.9, 433.0)(319.9, 433.0)(319.9, 601.0)(246.9, 601.0);GATE
Port:(256.9, 438.0)(309.9, 438.0)(309.9, 442.0)(256.9, 442.0);SD
Module:M10
Boundary:(146.0, 477.0)(219.0, 477.0)(219.0, 609.0)(146.0, 609.0);GATE
Port:(160.5, 599.0)(204.5, 599.0)(204.5, 609.0)(160.5, 609.0);SD
Port:(146.0, 477.0)(219.0, 477.0)(219.0, 594.0)(146.0, 594.0);GATE
Port:(156.0, 482.0)(209.0, 482.0)(209.0, 486.0)(156.0, 486.0);SD
Module:M8
Boundary:(88.0, 466.0)(88.0, 577.5)(57.0, 577.5)(57.0, 629.0)(20.0, 629.0)(20.0, 466.0);GATE
Port:(20.0, 480.5)(30.0, 480.5)(30.0, 614.5)(20.0, 614.5);SD
Port:(88.0, 466.0)(88.0, 577.5)(57.0, 577.5)(57.0, 629.0)(35.0, 629.0)(35.0, 466.0);GATE
Port:(79.0, 476.0)(83.0, 476.0)(83.0, 563.0)(79.0, 563.0);SD
Module:M5
Boundary:(324.3, 633.0)(324.3, 762.5)(313.3, 762.5)(313.3, 796.0)(154.3, 796.0)(154.3, 633.0);GATE
Port:(154.3, 647.5)(164.3, 647.5)(164.3, 781.5)(154.3, 781.5);SD
Port:(324.3, 633.0)(324.3, 762.5)(313.3, 762.5)(313.3, 796.0)(169.3, 796.0)(169.3, 633.0);GATE
Port:(315.3, 643.0)(319.3, 643.0)(319.3, 748.0)(315.3, 748.0);SD
Module:M4
Boundary:(108.1, 834.0)(35.1, 834.0)(35.1, 656.0)(108.1, 656.0);GATE
Port:(49.6, 656.0)(93.6, 656.0)(93.6, 666.0)(49.6, 666.0);SD
Port:(108.1, 834.0)(35.1, 834.0)(35.1, 671.0)(108.1, 671.0);GATE
Port:(45.1, 825.0)(98.1, 825.0)(98.1, 829.0)(45.1, 829.0);SD
