Area:(-20.0, -20.0)(1845.0, -20.0)(1845.0, 762.0)(-20.0, 762.0)
Rule:GATE(5,5);SD(5,5);GATE_SD(0.5);GATE_ITO(0.5);SD_ITO(0.5)
Module:M14
Boundary:(1274.0, 356.0)(1347.0, 356.0)(1347.0, 493.0)(1274.0, 493.0);GATE
Port:(1288.5, 483.0)(1332.5, 483.0)(1332.5, 493.0)(1288.5, 493.0);SD
Port:(1274.0, 356.0)(1347.0, 356.0)(1347.0, 478.0)(1274.0, 478.0);GATE
Port:(1284.0, 361.0)(1337.0, 361.0)(1337.0, 365.0)(1284.0, 365.0);SD
Module:M9
Boundary:(1801.0, 20.0)(1801.0, 131.5)(1700.3, 131.5)(1700.3, 237.0)(1624.0, 237.0)(1624.0, 20.0);GATE
Port:(1624.0, 34.5)(1634.0, 34.5)(1634.0, 222.5)(1624.0, 222.5);SD
Port:(1801.0, 20.0)(1801.0, 131.5)(1700.3, 131.5)(1700.3, 237.0)(1639.0, 237.0)(1639.0, 20.0);GATE
Port:(1792.0, 30.0)(1796.0, 30.0)(1796.0, 117.0)(1792.0, 117.0);SD
Module:M5
Boundary:(845.0, 344.0)(845.0, 455.5)(833.0, 455.5)(833.0, 471.0)(704.0, 471.0)(704.0, 344.0);GATE
Port:(704.0, 358.5)(714.0, 358.5)(714.0, 456.5)(704.0, 456.5);SD
Port:(845.0, 344.0)(845.0, 455.5)(833.0, 455.5)(833.0, 471.0)(719.0, 471.0)(719.0, 344.0);GATE
Port:(836.0, 354.0)(840.0, 354.0)(840.0, 441.0)(836.0, 441.0);SD
Module:M11
Boundary:(486.0, 242.0)(486.0, 335.5)(460.0, 335.5)(460.0, 369.0)(421.0, 369.0)(421.0, 242.0);GATE
Port:(421.0, 256.5)(431.0, 256.5)(431.0, 354.5)(421.0, 354.5);SD
Port:(486.0, 242.0)(486.0, 335.5)(460.0, 335.5)(460.0, 369.0)(436.0, 369.0)(436.0, 242.0);GATE
Port:(477.0, 252.0)(481.0, 252.0)(481.0, 321.0)(477.0, 321.0);SD
Module:M1
Boundary:(1274.0, 533.0)(1347.0, 533.0)(1347.0, 718.0)(1274.0, 718.0);GATE
Port:(1288.5, 708.0)(1332.5, 708.0)(1332.5, 718.0)(1288.5, 718.0);SD
Port:(1274.0, 533.0)(1347.0, 533.0)(1347.0, 703.0)(1274.0, 703.0);GATE
Port:(1284.0, 538.0)(1337.0, 538.0)(1337.0, 542.0)(1284.0, 542.0);SD
Module:M38
Boundary:(1220.0, 251.0)(1220.0, 344.5)(1210.0, 344.5)(1210.0, 360.0)(1145.0, 360.0)(1145.0, 251.0);GATE
Port:(1145.0, 265.5)(1155.0, 265.5)(1155.0, 345.5)(1145.0, 345.5);SD
Port:(1220.0, 251.0)(1220.0, 344.5)(1210.0, 344.5)(1210.0, 360.0)(1160.0, 360.0)(1160.0, 251.0);GATE
Port:(1211.0, 261.0)(1215.0, 261.0)(1215.0, 330.0)(1211.0, 330.0);SD
Module:M40
Boundary:(1452.0, 153.0)(1545.5, 153.0)(1545.5, 163.0)(1561.0, 163.0)(1561.0, 296.0)(1452.0, 296.0);GATE
Port:(1466.5, 286.0)(1546.5, 286.0)(1546.5, 296.0)(1466.5, 296.0);SD
Port:(1452.0, 153.0)(1545.5, 153.0)(1545.5, 163.0)(1561.0, 163.0)(1561.0, 281.0)(1452.0, 281.0);GATE
Port:(1462.0, 158.0)(1531.0, 158.0)(1531.0, 162.0)(1462.0, 162.0);SD
Module:M35
Boundary:(652.0, 521.0)(781.5, 521.0)(781.5, 658.0)(905.0, 658.0)(905.0, 708.0)(652.0, 708.0);GATE
Port:(666.5, 698.0)(890.5, 698.0)(890.5, 708.0)(666.5, 708.0);SD
Port:(652.0, 521.0)(781.5, 521.0)(781.5, 658.0)(905.0, 658.0)(905.0, 693.0)(652.0, 693.0);GATE
Port:(662.0, 526.0)(767.0, 526.0)(767.0, 530.0)(662.0, 530.0);SD
Module:M32
Boundary:(1582.0, 649.0)(1582.0, 722.0)(1387.0, 722.0)(1387.0, 649.0);GATE
Port:(1387.0, 663.5)(1397.0, 663.5)(1397.0, 707.5)(1387.0, 707.5);SD
Port:(1582.0, 649.0)(1582.0, 722.0)(1402.0, 722.0)(1402.0, 649.0);GATE
Port:(1573.0, 659.0)(1577.0, 659.0)(1577.0, 712.0)(1573.0, 712.0);SD
Module:M27
Boundary:(1565.0, 356.0)(1565.0, 432.0)(1557.0, 432.0)(1557.0, 447.0)(1387.0, 447.0)(1387.0, 356.0);GATE
Port:(1387.0, 370.5)(1397.0, 370.5)(1397.0, 432.5)(1387.0, 432.5);SD
Port:(1565.0, 356.0)(1565.0, 432.0)(1557.0, 432.0)(1557.0, 447.0)(1402.0, 447.0)(1402.0, 356.0);GATE
Port:(1556.0, 366.0)(1560.0, 366.0)(1560.0, 417.0)(1556.0, 417.0);SD
Module:M24
Boundary:(961.0, 20.0)(961.0, 167.5)(945.0, 167.5)(945.0, 183.0)(765.0, 183.0)(765.0, 20.0);GATE
Port:(765.0, 34.5)(775.0, 34.5)(775.0, 168.5)(765.0, 168.5);SD
Port:(961.0, 20.0)(961.0, 167.5)(945.0, 167.5)(945.0, 183.0)(780.0, 183.0)(780.0, 20.0);GATE
Port:(952.0, 30.0)(956.0, 30.0)(956.0, 153.0)(952.0, 153.0);SD
Module:M19
Boundary:(1797.0, 629.0)(1797.0, 705.0)(1789.0, 705.0)(1789.0, 720.0)(1622.0, 720.0)(1622.0, 629.0);GATE
Port:(1622.0, 643.5)(1632.0, 643.5)(1632.0, 705.5)(1622.0, 705.5);SD
Port:(1797.0, 629.0)(1797.0, 705.0)(1789.0, 705.0)(1789.0, 720.0)(1637.0, 720.0)(1637.0, 629.0);GATE
Port:(1788.0, 639.0)(1792.0, 639.0)(1792.0, 690.0)(1788.0, 690.0);SD
Module:M6
Boundary:(460.0, 129.0)(460.0, 202.0)(290.0, 202.0)(290.0, 129.0);GATE
Port:(290.0, 143.5)(300.0, 143.5)(300.0, 187.5)(290.0, 187.5);SD
Port:(460.0, 129.0)(460.0, 202.0)(305.0, 202.0)(305.0, 129.0);GATE
Port:(451.0, 139.0)(455.0, 139.0)(455.0, 192.0)(451.0, 192.0);SD
Module:M21
Boundary:(1399.0, 20.0)(1399.0, 149.5)(1385.0, 149.5)(1385.0, 165.0)(1274.0, 165.0)(1274.0, 20.0);GATE
Port:(1274.0, 34.5)(1284.0, 34.5)(1284.0, 150.5)(1274.0, 150.5);SD
Port:(1399.0, 20.0)(1399.0, 149.5)(1385.0, 149.5)(1385.0, 165.0)(1289.0, 165.0)(1289.0, 20.0);GATE
Port:(1390.0, 30.0)(1394.0, 30.0)(1394.0, 135.0)(1390.0, 135.0);SD
Module:M2
Boundary:(244.0, 422.0)(355.5, 422.0)(355.5, 452.0)(389.0, 452.0)(389.0, 494.0)(244.0, 494.0);GATE
Port:(258.5, 484.0)(374.5, 484.0)(374.5, 494.0)(258.5, 494.0);SD
Port:(244.0, 422.0)(355.5, 422.0)(355.5, 452.0)(389.0, 452.0)(389.0, 479.0)(244.0, 479.0);GATE
Port:(254.0, 427.0)(341.0, 427.0)(341.0, 431.0)(254.0, 431.0);SD
Module:M16
Boundary:(1783.0, 277.0)(1783.0, 370.5)(1706.8, 370.5)(1706.8, 404.0)(1611.0, 404.0)(1611.0, 277.0);GATE
Port:(1611.0, 291.5)(1621.0, 291.5)(1621.0, 389.5)(1611.0, 389.5);SD
Port:(1783.0, 277.0)(1783.0, 370.5)(1706.8, 370.5)(1706.8, 404.0)(1626.0, 404.0)(1626.0, 277.0);GATE
Port:(1774.0, 287.0)(1778.0, 287.0)(1778.0, 356.0)(1774.0, 356.0);SD
Module:M13
Boundary:(439.0, 410.0)(586.5, 410.0)(586.5, 426.0)(602.0, 426.0)(602.0, 486.0)(439.0, 486.0);GATE
Port:(453.5, 476.0)(587.5, 476.0)(587.5, 486.0)(453.5, 486.0);SD
Port:(439.0, 410.0)(586.5, 410.0)(586.5, 426.0)(602.0, 426.0)(602.0, 471.0)(439.0, 471.0);GATE
Port:(449.0, 415.0)(572.0, 415.0)(572.0, 419.0)(449.0, 419.0);SD
Module:M10
Boundary:(193.0, 627.0)(193.0, 703.0)(185.0, 703.0)(185.0, 718.0)(20.0, 718.0)(20.0, 627.0);GATE
Port:(20.0, 641.5)(30.0, 641.5)(30.0, 703.5)(20.0, 703.5);SD
Port:(193.0, 627.0)(193.0, 703.0)(185.0, 703.0)(185.0, 718.0)(35.0, 718.0)(35.0, 627.0);GATE
Port:(184.0, 637.0)(188.0, 637.0)(188.0, 688.0)(184.0, 688.0);SD
Module:M37
Boundary:(1095.0, 241.0)(1095.0, 317.0)(1087.0, 317.0)(1087.0, 332.0)(896.0, 332.0)(896.0, 241.0);GATE
Port:(896.0, 255.5)(906.0, 255.5)(906.0, 317.5)(896.0, 317.5);SD
Port:(1095.0, 241.0)(1095.0, 317.0)(1087.0, 317.0)(1087.0, 332.0)(911.0, 332.0)(911.0, 241.0);GATE
Port:(1086.0, 251.0)(1090.0, 251.0)(1090.0, 302.0)(1086.0, 302.0);SD
Module:M34
Boundary:(250.0, 201.0)(250.0, 348.5)(234.0, 348.5)(234.0, 364.0)(133.0, 364.0)(133.0, 201.0);GATE
Port:(133.0, 215.5)(143.0, 215.5)(143.0, 349.5)(133.0, 349.5);SD
Port:(250.0, 201.0)(250.0, 348.5)(234.0, 348.5)(234.0, 364.0)(148.0, 364.0)(148.0, 201.0);GATE
Port:(241.0, 211.0)(245.0, 211.0)(245.0, 334.0)(241.0, 334.0);SD
Module:M29
Boundary:(184.0, 414.0)(184.0, 561.5)(168.0, 561.5)(168.0, 577.0)(30.0, 577.0)(30.0, 414.0);GATE
Port:(30.0, 428.5)(40.0, 428.5)(40.0, 562.5)(30.0, 562.5);SD
Port:(184.0, 414.0)(184.0, 561.5)(168.0, 561.5)(168.0, 577.0)(45.0, 577.0)(45.0, 414.0);GATE
Port:(175.0, 424.0)(179.0, 424.0)(179.0, 547.0)(175.0, 547.0);SD
Module:M7
Boundary:(885.0, 372.0)(996.5, 372.0)(996.5, 407.7)(1066.0, 407.7)(1066.0, 466.0)(885.0, 466.0);GATE
Port:(899.5, 456.0)(1051.5, 456.0)(1051.5, 466.0)(899.5, 466.0);SD
Port:(885.0, 372.0)(996.5, 372.0)(996.5, 407.7)(1066.0, 407.7)(1066.0, 451.0)(885.0, 451.0);GATE
Port:(895.0, 377.0)(982.0, 377.0)(982.0, 381.0)(895.0, 381.0);SD
Module:M31
Boundary:(20.0, 20.0)(131.5, 20.0)(131.5, 32.0)(147.0, 32.0)(147.0, 161.0)(20.0, 161.0);GATE
Port:(34.5, 151.0)(132.5, 151.0)(132.5, 161.0)(34.5, 161.0);SD
Port:(20.0, 20.0)(131.5, 20.0)(131.5, 32.0)(147.0, 32.0)(147.0, 146.0)(20.0, 146.0);GATE
Port:(30.0, 25.0)(117.0, 25.0)(117.0, 29.0)(30.0, 29.0);SD
Module:M3
Boundary:(725.0, 20.0)(725.0, 167.5)(709.0, 167.5)(709.0, 183.0)(529.0, 183.0)(529.0, 20.0);GATE
Port:(529.0, 34.5)(539.0, 34.5)(539.0, 168.5)(529.0, 168.5);SD
Port:(725.0, 20.0)(725.0, 167.5)(709.0, 167.5)(709.0, 183.0)(544.0, 183.0)(544.0, 20.0);GATE
Port:(716.0, 30.0)(720.0, 30.0)(720.0, 153.0)(716.0, 153.0);SD
Module:M26
Boundary:(965.0, 528.0)(1058.5, 528.0)(1058.5, 616.2)(1218.0, 616.2)(1218.0, 713.0)(965.0, 713.0);GATE
Port:(979.5, 703.0)(1203.5, 703.0)(1203.5, 713.0)(979.5, 713.0);SD
Port:(965.0, 528.0)(1058.5, 528.0)(1058.5, 616.2)(1218.0, 616.2)(1218.0, 698.0)(965.0, 698.0);GATE
Port:(975.0, 533.0)(1044.0, 533.0)(1044.0, 537.0)(975.0, 537.0);SD
Module:M23
Boundary:(439.0, 526.0)(586.5, 526.0)(586.5, 542.0)(602.0, 542.0)(602.0, 722.0)(439.0, 722.0);GATE
Port:(453.5, 712.0)(587.5, 712.0)(587.5, 722.0)(453.5, 722.0);SD
Port:(439.0, 526.0)(586.5, 526.0)(586.5, 542.0)(602.0, 542.0)(602.0, 707.0)(439.0, 707.0);GATE
Port:(449.0, 531.0)(572.0, 531.0)(572.0, 535.0)(449.0, 535.0);SD
Module:M18
Boundary:(1439.0, 20.0)(1568.5, 20.0)(1568.5, 40.0)(1584.0, 40.0)(1584.0, 103.0)(1439.0, 103.0);GATE
Port:(1453.5, 93.0)(1569.5, 93.0)(1569.5, 103.0)(1453.5, 103.0);SD
Port:(1439.0, 20.0)(1568.5, 20.0)(1568.5, 40.0)(1584.0, 40.0)(1584.0, 88.0)(1439.0, 88.0);GATE
Port:(1449.0, 25.0)(1554.0, 25.0)(1554.0, 29.0)(1449.0, 29.0);SD
Module:M20
Boundary:(1121.0, 20.0)(1121.0, 149.5)(1085.5, 149.5)(1085.5, 201.0)(1001.0, 201.0)(1001.0, 20.0);GATE
Port:(1001.0, 34.5)(1011.0, 34.5)(1011.0, 186.5)(1001.0, 186.5);SD
Port:(1121.0, 20.0)(1121.0, 149.5)(1085.5, 149.5)(1085.5, 201.0)(1016.0, 201.0)(1016.0, 20.0);GATE
Port:(1112.0, 30.0)(1116.0, 30.0)(1116.0, 135.0)(1112.0, 135.0);SD
Module:M15
Boundary:(290.0, 242.0)(366.0, 242.0)(366.0, 250.0)(381.0, 250.0)(381.0, 372.0)(290.0, 372.0);GATE
Port:(304.5, 362.0)(366.5, 362.0)(366.5, 372.0)(304.5, 372.0);SD
Port:(290.0, 242.0)(366.0, 242.0)(366.0, 250.0)(381.0, 250.0)(381.0, 357.0)(290.0, 357.0);GATE
Port:(300.0, 247.0)(351.0, 247.0)(351.0, 251.0)(300.0, 251.0);SD
Module:M12
Boundary:(1387.0, 487.0)(1516.5, 487.0)(1516.5, 553.3)(1568.0, 553.3)(1568.0, 609.0)(1387.0, 609.0);GATE
Port:(1401.5, 599.0)(1553.5, 599.0)(1553.5, 609.0)(1401.5, 609.0);SD
Port:(1387.0, 487.0)(1516.5, 487.0)(1516.5, 553.3)(1568.0, 553.3)(1568.0, 594.0)(1387.0, 594.0);GATE
Port:(1397.0, 492.0)(1502.0, 492.0)(1502.0, 496.0)(1397.0, 496.0);SD
Module:M39
Boundary:(1805.0, 444.0)(1805.0, 573.5)(1791.0, 573.5)(1791.0, 589.0)(1608.0, 589.0)(1608.0, 444.0);GATE
Port:(1608.0, 458.5)(1618.0, 458.5)(1618.0, 574.5)(1608.0, 574.5);SD
Port:(1805.0, 444.0)(1805.0, 573.5)(1791.0, 573.5)(1791.0, 589.0)(1623.0, 589.0)(1623.0, 444.0);GATE
Port:(1796.0, 454.0)(1800.0, 454.0)(1800.0, 559.0)(1796.0, 559.0);SD
Module:M8
Boundary:(20.0, 201.0)(93.0, 201.0)(93.0, 359.0)(20.0, 359.0);GATE
Port:(34.5, 349.0)(78.5, 349.0)(78.5, 359.0)(34.5, 359.0);SD
Port:(20.0, 201.0)(93.0, 201.0)(93.0, 344.0)(20.0, 344.0);GATE
Port:(30.0, 206.0)(83.0, 206.0)(83.0, 210.0)(30.0, 210.0);SD
Module:M4
Boundary:(1106.0, 410.0)(1199.5, 410.0)(1199.5, 434.1)(1233.0, 434.1)(1233.0, 478.0)(1106.0, 478.0);GATE
Port:(1120.5, 468.0)(1218.5, 468.0)(1218.5, 478.0)(1120.5, 478.0);SD
Port:(1106.0, 410.0)(1199.5, 410.0)(1199.5, 434.1)(1233.0, 434.1)(1233.0, 463.0)(1106.0, 463.0);GATE
Port:(1116.0, 415.0)(1185.0, 415.0)(1185.0, 419.0)(1116.0, 419.0);SD
Module:M36
Boundary:(250.0, 20.0)(250.0, 93.0)(187.0, 93.0)(187.0, 20.0);GATE
Port:(187.0, 34.5)(197.0, 34.5)(197.0, 78.5)(187.0, 78.5);SD
Port:(250.0, 20.0)(250.0, 93.0)(202.0, 93.0)(202.0, 20.0);GATE
Port:(241.0, 30.0)(245.0, 30.0)(245.0, 83.0)(241.0, 83.0);SD
Module:M33
Boundary:(1161.0, 20.0)(1234.0, 20.0)(1234.0, 194.0)(1161.0, 194.0);GATE
Port:(1175.5, 184.0)(1219.5, 184.0)(1219.5, 194.0)(1175.5, 194.0);SD
Port:(1161.0, 20.0)(1234.0, 20.0)(1234.0, 179.0)(1161.0, 179.0);GATE
Port:(1171.0, 25.0)(1224.0, 25.0)(1224.0, 29.0)(1171.0, 29.0);SD
Module:M28
Boundary:(765.0, 223.0)(841.0, 223.0)(841.0, 231.0)(856.0, 231.0)(856.0, 304.0)(765.0, 304.0);GATE
Port:(779.5, 294.0)(841.5, 294.0)(841.5, 304.0)(779.5, 304.0);SD
Port:(765.0, 223.0)(841.0, 223.0)(841.0, 231.0)(856.0, 231.0)(856.0, 289.0)(765.0, 289.0);GATE
Port:(775.0, 228.0)(826.0, 228.0)(826.0, 232.0)(775.0, 232.0);SD
Module:M30
Boundary:(1392.0, 215.0)(1392.0, 291.0)(1384.0, 291.0)(1384.0, 306.0)(1284.0, 306.0)(1284.0, 215.0);GATE
Port:(1284.0, 229.5)(1294.0, 229.5)(1294.0, 291.5)(1284.0, 291.5);SD
Port:(1392.0, 215.0)(1392.0, 291.0)(1384.0, 291.0)(1384.0, 306.0)(1299.0, 306.0)(1299.0, 215.0);GATE
Port:(1383.0, 225.0)(1387.0, 225.0)(1387.0, 276.0)(1383.0, 276.0);SD
Module:M25
Boundary:(234.0, 544.0)(345.5, 544.0)(345.5, 617.2)(379.0, 617.2)(379.0, 708.0)(234.0, 708.0);GATE
Port:(248.5, 698.0)(364.5, 698.0)(364.5, 708.0)(248.5, 708.0);SD
Port:(234.0, 544.0)(345.5, 544.0)(345.5, 617.2)(379.0, 617.2)(379.0, 693.0)(234.0, 693.0);GATE
Port:(244.0, 549.0)(331.0, 549.0)(331.0, 553.0)(244.0, 553.0);SD
Module:M22
Boundary:(654.0, 233.0)(654.0, 344.5)(642.0, 344.5)(642.0, 360.0)(539.0, 360.0)(539.0, 233.0);GATE
Port:(539.0, 247.5)(549.0, 247.5)(549.0, 345.5)(539.0, 345.5);SD
Port:(654.0, 233.0)(654.0, 344.5)(642.0, 344.5)(642.0, 360.0)(554.0, 360.0)(554.0, 233.0);GATE
Port:(645.0, 243.0)(649.0, 243.0)(649.0, 330.0)(645.0, 330.0);SD
Module:M17
Boundary:(290.0, 20.0)(437.5, 20.0)(437.5, 52.0)(489.0, 52.0)(489.0, 89.0)(290.0, 89.0);GATE
Port:(304.5, 79.0)(474.5, 79.0)(474.5, 89.0)(304.5, 89.0);SD
Port:(290.0, 20.0)(437.5, 20.0)(437.5, 52.0)(489.0, 52.0)(489.0, 74.0)(290.0, 74.0);GATE
Port:(300.0, 25.0)(423.0, 25.0)(423.0, 29.0)(300.0, 29.0);SD
