Area:(13.9, 3.1)(530.2, 3.1)(530.2, 508.6)(13.9, 508.6)
Rule:GATE(5,5);SD(5,5);GATE_SD(0.5);GATE_ITO(0.5);SD_ITO(0.5)
Module:M4
Boundary:(376.2, 53.5)(376.2, 101.5)(256.8, 101.5)(256.8, 115.8)(153.8, 115.8)(153.8, 53.5);GATE
Port:(153.8, 65.5)(158.5, 65.5)(158.5, 103.8)(153.8, 103.8);SD
Port:(376.2, 53.5)(376.2, 101.5)(256.8, 101.5)(256.8, 115.8)(160.2, 115.8)(160.2, 53.5);GATE
Port:(365.9, 58.6)(372.1, 58.6)(372.1, 95.4)(365.9, 95.4);SD
Module:M7
Boundary:(401.4, 43.1)(490.2, 43.1)(490.2, 220.6)(401.4, 220.6);GATE
Port:(416.1, 216.2)(475.5, 216.2)(475.5, 220.6)(416.1, 220.6);SD
Port:(401.4, 43.1)(490.2, 43.1)(490.2, 214.6)(401.4, 214.6);GATE
Port:(407.2, 47.9)(484.4, 47.9)(484.4, 54.5)(407.2, 54.5);SD
Module:M5
Boundary:(142.8, 59.5)(87.9, 59.5)(87.9, 59.5)(70.3, 59.5)(70.3, 241.9)(142.8, 241.9);GATE
Port:(85.3, 237.4)(127.8, 237.4)(127.8, 241.9)(85.3, 241.9);SD
Port:(142.8, 59.5)(87.9, 59.5)(87.9, 59.5)(70.3, 59.5)(70.3, 235.6)(142.8, 235.6);GATE
Port:(94.8, 65.4)(135.9, 65.4)(135.9, 71.5)(94.8, 71.5);SD
Module:M1
Boundary:(337.6, 256.2)(337.6, 175.1)(337.3, 175.1)(337.3, 159.0)(156.0, 159.0)(156.0, 256.2);GATE
Port:(156.0, 172.4)(160.2, 172.4)(160.2, 242.8)(156.0, 242.8);SD
Port:(337.6, 256.2)(337.6, 175.1)(337.3, 175.1)(337.3, 159.0)(161.5, 159.0)(161.5, 256.2);GATE
Port:(327.6, 180.5)(333.2, 180.5)(333.2, 250.8)(327.6, 250.8);SD
Module:M10
Boundary:(340.6, 266.8)(340.6, 346.4)(277.4, 346.4)(277.4, 360.3)(209.9, 360.3)(209.9, 266.8);GATE
Port:(209.9, 280.6)(215.8, 280.6)(215.8, 346.5)(209.9, 346.5);SD
Port:(340.6, 266.8)(340.6, 346.4)(277.4, 346.4)(277.4, 360.3)(217.0, 360.3)(217.0, 266.8);GATE
Port:(328.7, 273.5)(334.9, 273.5)(334.9, 338.7)(328.7, 338.7);SD
Module:M6
Boundary:(481.5, 228.4)(391.2, 228.4)(391.2, 238.7)(374.9, 238.7)(374.9, 358.8)(481.5, 358.8);GATE
Port:(390.5, 352.9)(465.9, 352.9)(465.9, 358.8)(390.5, 358.8);SD
Port:(481.5, 228.4)(391.2, 228.4)(391.2, 238.7)(374.9, 238.7)(374.9, 351.8)(481.5, 351.8);GATE
Port:(398.7, 233.9)(475.0, 233.9)(475.0, 240.7)(398.7, 240.7);SD
Module:M2
Boundary:(206.9, 256.3)(206.9, 363.7)(184.6, 363.7)(184.6, 379.9)(67.0, 379.9)(67.0, 256.3);GATE
Port:(67.0, 271.4)(72.4, 271.4)(72.4, 364.8)(67.0, 364.8);SD
Port:(206.9, 256.3)(206.9, 363.7)(184.6, 363.7)(184.6, 379.9)(75.1, 379.9)(75.1, 256.3);GATE
Port:(194.7, 262.9)(201.3, 262.9)(201.3, 356.1)(194.7, 356.1);SD
Module:M8
Boundary:(326.5, 388.9)(436.0, 388.9)(436.0, 425.9)(453.0, 425.9)(453.0, 468.6)(326.5, 468.6);GATE
Port:(341.4, 463.9)(438.1, 463.9)(438.1, 468.6)(341.4, 468.6);SD
Port:(326.5, 388.9)(436.0, 388.9)(436.0, 425.9)(453.0, 425.9)(453.0, 461.2)(326.5, 461.2);GATE
Port:(333.1, 394.5)(428.4, 394.5)(428.4, 400.4)(333.1, 400.4);SD
Module:M3
Boundary:(230.7, 367.2)(230.7, 447.8)(325.8, 447.8)(325.8, 367.2);GATE
Port:(320.4, 379.6)(325.8, 379.6)(325.8, 435.4)(320.4, 435.4);SD
Port:(230.7, 367.2)(230.7, 447.8)(317.8, 447.8)(317.8, 367.2);GATE
Port:(235.5, 373.0)(240.3, 373.0)(240.3, 442.0)(235.5, 442.0);SD
Module:M9
Boundary:(225.0, 458.3)(225.0, 389.5)(53.9, 389.5)(53.9, 458.3);GATE
Port:(53.9, 403.9)(58.5, 403.9)(58.5, 443.9)(53.9, 443.9);SD
Port:(225.0, 458.3)(225.0, 389.5)(59.5, 389.5)(59.5, 458.3);GATE
Port:(212.4, 395.3)(220.2, 395.3)(220.2, 452.5)(212.4, 452.5);SD
