Area:(-20.0, -20.0)(1324.0, -20.0)(1324.0, 721.0)(-20.0, 721.0)
Rule:GATE(5,5);SD(5,5);GATE_SD(0.5);GATE_ITO(0.5);SD_ITO(0.5)
Module:M14
Boundary:(197.0, 489.0)(273.0, 489.0)(273.0, 497.0)(288.0, 497.0)(288.0, 665.0)(197.0, 665.0);GATE
Port:(211.5, 655.0)(273.5, 655.0)(273.5, 665.0)(211.5, 665.0);SD
Port:(197.0, 489.0)(273.0, 489.0)(273.0, 497.0)(288.0, 497.0)(288.0, 650.0)(197.0, 650.0);GATE
Port:(207.0, 494.0)(258.0, 494.0)(258.0, 498.0)(207.0, 498.0);SD
Module:M9
Boundary:(679.0, 580.0)(679.0, 656.0)(671.0, 656.0)(671.0, 671.0)(568.0, 671.0)(568.0, 580.0);GATE
Port:(568.0, 594.5)(578.0, 594.5)(578.0, 656.5)(568.0, 656.5);SD
Port:(679.0, 580.0)(679.0, 656.0)(671.0, 656.0)(671.0, 671.0)(583.0, 671.0)(583.0, 580.0);GATE
Port:(670.0, 590.0)(674.0, 590.0)(674.0, 641.0)(670.0, 641.0);SD
Module:M5
Boundary:(650.0, 385.0)(650.0, 496.5)(640.0, 496.5)(640.0, 530.0)(584.0, 530.0)(584.0, 385.0);GATE
Port:(584.0, 399.5)(594.0, 399.5)(594.0, 515.5)(584.0, 515.5);SD
Port:(650.0, 385.0)(650.0, 496.5)(640.0, 496.5)(640.0, 530.0)(599.0, 530.0)(599.0, 385.0);GATE
Port:(641.0, 395.0)(645.0, 395.0)(645.0, 482.0)(641.0, 482.0);SD
Module:M11
Boundary:(234.0, 20.0)(234.0, 113.5)(224.0, 113.5)(224.0, 129.0)(169.0, 129.0)(169.0, 20.0);GATE
Port:(169.0, 34.5)(179.0, 34.5)(179.0, 114.5)(169.0, 114.5);SD
Port:(234.0, 20.0)(234.0, 113.5)(224.0, 113.5)(224.0, 129.0)(184.0, 129.0)(184.0, 20.0);GATE
Port:(225.0, 30.0)(229.0, 30.0)(229.0, 99.0)(225.0, 99.0);SD
Module:M1
Boundary:(1272.0, 153.0)(1272.0, 282.5)(1258.0, 282.5)(1258.0, 298.0)(1097.0, 298.0)(1097.0, 153.0);GATE
Port:(1097.0, 167.5)(1107.0, 167.5)(1107.0, 283.5)(1097.0, 283.5);SD
Port:(1272.0, 153.0)(1272.0, 282.5)(1258.0, 282.5)(1258.0, 298.0)(1112.0, 298.0)(1112.0, 153.0);GATE
Port:(1263.0, 163.0)(1267.0, 163.0)(1267.0, 268.0)(1263.0, 268.0);SD
Module:M27
Boundary:(715.0, 385.0)(844.5, 385.0)(844.5, 409.1)(896.0, 409.1)(896.0, 471.0)(715.0, 471.0);GATE
Port:(729.5, 461.0)(881.5, 461.0)(881.5, 471.0)(729.5, 471.0);SD
Port:(715.0, 385.0)(844.5, 385.0)(844.5, 409.1)(896.0, 409.1)(896.0, 456.0)(715.0, 456.0);GATE
Port:(725.0, 390.0)(830.0, 390.0)(830.0, 394.0)(725.0, 394.0);SD
Module:M24
Boundary:(1067.0, 20.0)(1214.5, 20.0)(1214.5, 64.0)(1284.0, 64.0)(1284.0, 103.0)(1067.0, 103.0);GATE
Port:(1081.5, 93.0)(1269.5, 93.0)(1269.5, 103.0)(1081.5, 103.0);SD
Port:(1067.0, 20.0)(1214.5, 20.0)(1214.5, 64.0)(1284.0, 64.0)(1284.0, 88.0)(1067.0, 88.0);GATE
Port:(1077.0, 25.0)(1200.0, 25.0)(1200.0, 29.0)(1077.0, 29.0);SD
Module:M19
Boundary:(448.0, 30.0)(448.0, 103.0)(384.0, 103.0)(384.0, 30.0);GATE
Port:(384.0, 44.5)(394.0, 44.5)(394.0, 88.5)(384.0, 88.5);SD
Port:(448.0, 30.0)(448.0, 103.0)(399.0, 103.0)(399.0, 30.0);GATE
Port:(439.0, 40.0)(443.0, 40.0)(443.0, 93.0)(439.0, 93.0);SD
Module:M6
Boundary:(693.0, 20.0)(693.0, 93.0)(629.0, 93.0)(629.0, 20.0);GATE
Port:(629.0, 34.5)(639.0, 34.5)(639.0, 78.5)(629.0, 78.5);SD
Port:(693.0, 20.0)(693.0, 93.0)(644.0, 93.0)(644.0, 20.0);GATE
Port:(684.0, 30.0)(688.0, 30.0)(688.0, 83.0)(684.0, 83.0);SD
Module:M21
Boundary:(900.0, 20.0)(1011.5, 20.0)(1011.5, 32.0)(1027.0, 32.0)(1027.0, 113.0)(900.0, 113.0);GATE
Port:(914.5, 103.0)(1012.5, 103.0)(1012.5, 113.0)(914.5, 113.0);SD
Port:(900.0, 20.0)(1011.5, 20.0)(1011.5, 32.0)(1027.0, 32.0)(1027.0, 98.0)(900.0, 98.0);GATE
Port:(910.0, 25.0)(997.0, 25.0)(997.0, 29.0)(910.0, 29.0);SD
Module:M2
Boundary:(30.0, 151.0)(103.0, 151.0)(103.0, 224.0)(30.0, 224.0);GATE
Port:(44.5, 214.0)(88.5, 214.0)(88.5, 224.0)(44.5, 224.0);SD
Port:(30.0, 151.0)(103.0, 151.0)(103.0, 209.0)(30.0, 209.0);GATE
Port:(40.0, 156.0)(93.0, 156.0)(93.0, 160.0)(40.0, 160.0);SD
Module:M16
Boundary:(733.0, 20.0)(844.5, 20.0)(844.5, 33.0)(860.0, 33.0)(860.0, 124.0)(733.0, 124.0);GATE
Port:(747.5, 114.0)(845.5, 114.0)(845.5, 124.0)(747.5, 124.0);SD
Port:(733.0, 20.0)(844.5, 20.0)(844.5, 33.0)(860.0, 33.0)(860.0, 109.0)(733.0, 109.0);GATE
Port:(743.0, 25.0)(830.0, 25.0)(830.0, 29.0)(743.0, 29.0);SD
Module:M13
Boundary:(20.0, 479.0)(113.5, 479.0)(113.5, 504.0)(147.0, 504.0)(147.0, 543.0)(20.0, 543.0);GATE
Port:(34.5, 533.0)(132.5, 533.0)(132.5, 543.0)(34.5, 543.0);SD
Port:(20.0, 479.0)(113.5, 479.0)(113.5, 504.0)(147.0, 504.0)(147.0, 528.0)(20.0, 528.0);GATE
Port:(30.0, 484.0)(99.0, 484.0)(99.0, 488.0)(30.0, 488.0);SD
Module:M10
Boundary:(729.0, 511.0)(876.5, 511.0)(876.5, 527.0)(892.0, 527.0)(892.0, 680.0)(729.0, 680.0);GATE
Port:(743.5, 670.0)(877.5, 670.0)(877.5, 680.0)(743.5, 680.0);SD
Port:(729.0, 511.0)(876.5, 511.0)(876.5, 527.0)(892.0, 527.0)(892.0, 665.0)(729.0, 665.0);GATE
Port:(739.0, 516.0)(862.0, 516.0)(862.0, 520.0)(739.0, 520.0);SD
Module:M29
Boundary:(956.0, 376.0)(1067.5, 376.0)(1067.5, 388.0)(1083.0, 388.0)(1083.0, 462.0)(956.0, 462.0);GATE
Port:(970.5, 452.0)(1068.5, 452.0)(1068.5, 462.0)(970.5, 462.0);SD
Port:(956.0, 376.0)(1067.5, 376.0)(1067.5, 388.0)(1083.0, 388.0)(1083.0, 447.0)(956.0, 447.0);GATE
Port:(966.0, 381.0)(1053.0, 381.0)(1053.0, 385.0)(966.0, 385.0);SD
Module:M7
Boundary:(153.0, 169.0)(282.5, 169.0)(282.5, 184.0)(298.0, 184.0)(298.0, 236.0)(153.0, 236.0);GATE
Port:(167.5, 226.0)(283.5, 226.0)(283.5, 236.0)(167.5, 236.0);SD
Port:(153.0, 169.0)(282.5, 169.0)(282.5, 184.0)(298.0, 184.0)(298.0, 221.0)(153.0, 221.0);GATE
Port:(163.0, 174.0)(268.0, 174.0)(268.0, 178.0)(163.0, 178.0);SD
Module:M3
Boundary:(184.0, 276.0)(184.0, 405.5)(108.0, 405.5)(108.0, 439.0)(20.0, 439.0)(20.0, 276.0);GATE
Port:(20.0, 290.5)(30.0, 290.5)(30.0, 424.5)(20.0, 424.5);SD
Port:(184.0, 276.0)(184.0, 405.5)(108.0, 405.5)(108.0, 439.0)(35.0, 439.0)(35.0, 276.0);GATE
Port:(175.0, 286.0)(179.0, 286.0)(179.0, 391.0)(175.0, 391.0);SD
Module:M26
Boundary:(334.0, 20.0)(334.0, 93.0)(274.0, 93.0)(274.0, 20.0);GATE
Port:(274.0, 34.5)(284.0, 34.5)(284.0, 78.5)(274.0, 78.5);SD
Port:(334.0, 20.0)(334.0, 93.0)(289.0, 93.0)(289.0, 20.0);GATE
Port:(325.0, 30.0)(329.0, 30.0)(329.0, 83.0)(325.0, 83.0);SD
Module:M23
Boundary:(936.0, 502.0)(1011.5, 502.0)(1011.5, 578.5)(1153.0, 578.5)(1153.0, 681.0)(936.0, 681.0);GATE
Port:(950.5, 671.0)(1138.5, 671.0)(1138.5, 681.0)(950.5, 681.0);SD
Port:(936.0, 502.0)(1011.5, 502.0)(1011.5, 578.5)(1153.0, 578.5)(1153.0, 666.0)(936.0, 666.0);GATE
Port:(946.0, 507.0)(997.0, 507.0)(997.0, 511.0)(946.0, 511.0);SD
Module:M18
Boundary:(743.0, 174.0)(906.0, 174.0)(906.0, 335.0)(743.0, 335.0);GATE
Port:(757.5, 325.0)(891.5, 325.0)(891.5, 335.0)(757.5, 335.0);SD
Port:(743.0, 174.0)(906.0, 174.0)(906.0, 320.0)(743.0, 320.0);GATE
Port:(753.0, 179.0)(896.0, 179.0)(896.0, 183.0)(753.0, 183.0);SD
Module:M20
Boundary:(544.0, 153.0)(544.0, 264.5)(411.6, 264.5)(411.6, 478.0)(357.0, 478.0)(357.0, 153.0);GATE
Port:(357.0, 167.5)(367.0, 167.5)(367.0, 463.5)(357.0, 463.5);SD
Port:(544.0, 153.0)(544.0, 264.5)(411.6, 264.5)(411.6, 478.0)(372.0, 478.0)(372.0, 153.0);GATE
Port:(535.0, 163.0)(539.0, 163.0)(539.0, 250.0)(535.0, 250.0);SD
Module:M15
Boundary:(1270.0, 348.0)(1270.0, 441.5)(1260.0, 441.5)(1260.0, 457.0)(1123.0, 457.0)(1123.0, 348.0);GATE
Port:(1123.0, 362.5)(1133.0, 362.5)(1133.0, 442.5)(1123.0, 442.5);SD
Port:(1270.0, 348.0)(1270.0, 441.5)(1260.0, 441.5)(1260.0, 457.0)(1138.0, 457.0)(1138.0, 348.0);GATE
Port:(1261.0, 358.0)(1265.0, 358.0)(1265.0, 427.0)(1261.0, 427.0);SD
Module:M12
Boundary:(584.0, 152.0)(660.0, 152.0)(660.0, 160.0)(675.0, 160.0)(675.0, 345.0)(584.0, 345.0);GATE
Port:(598.5, 335.0)(660.5, 335.0)(660.5, 345.0)(598.5, 345.0);SD
Port:(584.0, 152.0)(660.0, 152.0)(660.0, 160.0)(675.0, 160.0)(675.0, 330.0)(584.0, 330.0);GATE
Port:(594.0, 157.0)(645.0, 157.0)(645.0, 161.0)(594.0, 161.0);SD
Module:M8
Boundary:(234.0, 286.0)(307.0, 286.0)(307.0, 427.0)(234.0, 427.0);GATE
Port:(248.5, 417.0)(292.5, 417.0)(292.5, 427.0)(248.5, 427.0);SD
Port:(234.0, 286.0)(307.0, 286.0)(307.0, 412.0)(234.0, 412.0);GATE
Port:(244.0, 291.0)(297.0, 291.0)(297.0, 295.0)(244.0, 295.0);SD
Module:M4
Boundary:(20.0, 20.0)(113.5, 20.0)(113.5, 30.0)(129.0, 30.0)(129.0, 101.0)(20.0, 101.0);GATE
Port:(34.5, 91.0)(114.5, 91.0)(114.5, 101.0)(34.5, 101.0);SD
Port:(20.0, 20.0)(113.5, 20.0)(113.5, 30.0)(129.0, 30.0)(129.0, 86.0)(20.0, 86.0);GATE
Port:(30.0, 25.0)(99.0, 25.0)(99.0, 29.0)(30.0, 29.0);SD
Module:M28
Boundary:(498.0, 20.0)(574.0, 20.0)(574.0, 28.0)(589.0, 28.0)(589.0, 112.0)(498.0, 112.0);GATE
Port:(512.5, 102.0)(574.5, 102.0)(574.5, 112.0)(512.5, 112.0);SD
Port:(498.0, 20.0)(574.0, 20.0)(574.0, 28.0)(589.0, 28.0)(589.0, 97.0)(498.0, 97.0);GATE
Port:(508.0, 25.0)(559.0, 25.0)(559.0, 29.0)(508.0, 29.0);SD
Module:M30
Boundary:(518.0, 518.0)(518.0, 665.5)(502.0, 665.5)(502.0, 681.0)(338.0, 681.0)(338.0, 518.0);GATE
Port:(338.0, 532.5)(348.0, 532.5)(348.0, 666.5)(338.0, 666.5);SD
Port:(518.0, 518.0)(518.0, 665.5)(502.0, 665.5)(502.0, 681.0)(353.0, 681.0)(353.0, 518.0);GATE
Port:(509.0, 528.0)(513.0, 528.0)(513.0, 651.0)(509.0, 651.0);SD
Module:M25
Boundary:(956.0, 153.0)(1032.0, 153.0)(1032.0, 161.0)(1047.0, 161.0)(1047.0, 336.0)(956.0, 336.0);GATE
Port:(970.5, 326.0)(1032.5, 326.0)(1032.5, 336.0)(970.5, 336.0);SD
Port:(956.0, 153.0)(1032.0, 153.0)(1032.0, 161.0)(1047.0, 161.0)(1047.0, 321.0)(956.0, 321.0);GATE
Port:(966.0, 158.0)(1017.0, 158.0)(1017.0, 162.0)(966.0, 162.0);SD
Module:M22
Boundary:(20.0, 583.0)(131.5, 583.0)(131.5, 595.0)(147.0, 595.0)(147.0, 677.0)(20.0, 677.0);GATE
Port:(34.5, 667.0)(132.5, 667.0)(132.5, 677.0)(34.5, 677.0);SD
Port:(20.0, 583.0)(131.5, 583.0)(131.5, 595.0)(147.0, 595.0)(147.0, 662.0)(20.0, 662.0);GATE
Port:(30.0, 588.0)(117.0, 588.0)(117.0, 592.0)(30.0, 592.0);SD
Module:M17
Boundary:(1193.0, 497.0)(1269.0, 497.0)(1269.0, 505.0)(1284.0, 505.0)(1284.0, 677.0)(1193.0, 677.0);GATE
Port:(1207.5, 667.0)(1269.5, 667.0)(1269.5, 677.0)(1207.5, 677.0);SD
Port:(1193.0, 497.0)(1269.0, 497.0)(1269.0, 505.0)(1284.0, 505.0)(1284.0, 662.0)(1193.0, 662.0);GATE
Port:(1203.0, 502.0)(1254.0, 502.0)(1254.0, 506.0)(1203.0, 506.0);SD
