Area:(-2.6, -14.0)(837.4, -14.0)(837.4, 479.0)(-2.6, 479.0)
Rule:GATE(5,5);SD(5,5);GATE_SD(0.5);GATE_ITO(0.5);SD_ITO(0.5)
Module:M10
Boundary:(415.5, 40.0)(415.5, 116.0)(407.5, 116.0)(407.5, 131.0)(267.5, 131.0)(267.5, 40.0);GATE
Port:(267.5, 54.5)(277.5, 54.5)(277.5, 116.5)(267.5, 116.5);SD
Port:(415.5, 40.0)(415.5, 116.0)(407.5, 116.0)(407.5, 131.0)(282.5, 131.0)(282.5, 40.0);GATE
Port:(406.5, 50.0)(410.5, 50.0)(410.5, 101.0)(406.5, 101.0);SD
Module:M7
Boundary:(590.2, 214.1)(590.2, 102.6)(539.7, 102.6)(539.7, 51.1)(423.2, 51.1)(423.2, 214.1);GATE
Port:(423.2, 65.6)(433.2, 65.6)(433.2, 199.6)(423.2, 199.6);SD
Port:(590.2, 214.1)(590.2, 102.6)(539.7, 102.6)(539.7, 51.1)(438.2, 51.1)(438.2, 214.1);GATE
Port:(581.2, 117.1)(585.2, 117.1)(585.2, 204.1)(581.2, 204.1);SD
Module:M8
Boundary:(612.3, 50.3)(612.3, 197.8)(695.0, 197.8)(695.0, 231.3)(791.3, 231.3)(791.3, 50.3);GATE
Port:(781.3, 64.8)(791.3, 64.8)(791.3, 216.8)(781.3, 216.8);SD
Port:(612.3, 50.3)(612.3, 197.8)(695.0, 197.8)(695.0, 231.3)(776.3, 231.3)(776.3, 50.3);GATE
Port:(617.3, 60.3)(621.3, 60.3)(621.3, 183.3)(617.3, 183.3);SD
Module:M4
Boundary:(42.3, 26.0)(42.3, 155.5)(129.0, 155.5)(129.0, 225.0)(237.3, 225.0)(237.3, 26.0);GATE
Port:(227.3, 40.5)(237.3, 40.5)(237.3, 210.5)(227.3, 210.5);SD
Port:(42.3, 26.0)(42.3, 155.5)(129.0, 155.5)(129.0, 225.0)(222.3, 225.0)(222.3, 26.0);GATE
Port:(47.3, 36.0)(51.3, 36.0)(51.3, 141.0)(47.3, 141.0);SD
Module:M2
Boundary:(263.2, 303.8)(339.2, 303.8)(339.2, 295.8)(354.2, 295.8)(354.2, 157.8)(263.2, 157.8);GATE
Port:(277.7, 157.8)(339.7, 157.8)(339.7, 167.8)(277.7, 167.8);SD
Port:(263.2, 303.8)(339.2, 303.8)(339.2, 295.8)(354.2, 295.8)(354.2, 172.8)(263.2, 172.8);GATE
Port:(273.2, 294.8)(324.2, 294.8)(324.2, 298.8)(273.2, 298.8);SD
Module:M1
Boundary:(42.8, 242.4)(190.3, 242.4)(190.3, 258.4)(205.8, 258.4)(205.8, 309.4)(42.8, 309.4);GATE
Port:(57.3, 299.4)(191.3, 299.4)(191.3, 309.4)(57.3, 309.4);SD
Port:(42.8, 242.4)(190.3, 242.4)(190.3, 258.4)(205.8, 258.4)(205.8, 294.4)(42.8, 294.4);GATE
Port:(52.8, 247.4)(175.8, 247.4)(175.8, 251.4)(52.8, 251.4);SD
Module:M5
Boundary:(572.1, 427.0)(478.6, 427.0)(478.6, 369.5)(373.1, 369.5)(373.1, 233.0)(572.1, 233.0);GATE
Port:(387.6, 233.0)(557.6, 233.0)(557.6, 243.0)(387.6, 243.0);SD
Port:(572.1, 427.0)(478.6, 427.0)(478.6, 369.5)(373.1, 369.5)(373.1, 248.0)(572.1, 248.0);GATE
Port:(493.1, 418.0)(562.1, 418.0)(562.1, 422.0)(493.1, 422.0);SD
Module:M6
Boundary:(797.4, 433.5)(685.9, 433.5)(685.9, 321.5)(580.4, 321.5)(580.4, 239.5)(797.4, 239.5);GATE
Port:(594.9, 239.5)(782.9, 239.5)(782.9, 249.5)(594.9, 249.5);SD
Port:(797.4, 433.5)(685.9, 433.5)(685.9, 321.5)(580.4, 321.5)(580.4, 254.5)(797.4, 254.5);GATE
Port:(700.4, 424.5)(787.4, 424.5)(787.4, 428.5)(700.4, 428.5);SD
Module:M3
Boundary:(154.4, 355.6)(154.4, 428.6)(37.4, 428.6)(37.4, 355.6);GATE
Port:(37.4, 370.1)(47.4, 370.1)(47.4, 414.1)(37.4, 414.1);SD
Port:(154.4, 355.6)(154.4, 428.6)(52.4, 428.6)(52.4, 355.6);GATE
Port:(145.4, 365.6)(149.4, 365.6)(149.4, 418.6)(145.4, 418.6);SD
Module:M9
Boundary:(321.2, 439.0)(321.2, 366.0)(182.2, 366.0)(182.2, 439.0);GATE
Port:(182.2, 380.5)(192.2, 380.5)(192.2, 424.5)(182.2, 424.5);SD
Port:(321.2, 439.0)(321.2, 366.0)(197.2, 366.0)(197.2, 439.0);GATE
Port:(312.2, 376.0)(316.2, 376.0)(316.2, 429.0)(312.2, 429.0);SD
