Area:(-20.0, -20.0)(1334.0, -20.0)(1334.0, 1187.0)(-20.0, 1187.0)
Rule:GATE(5,5);SD(5,5);GATE_SD(0.5);GATE_ITO(0.5);SD_ITO(0.5)
Module:M14
Boundary:(621.0, 1034.0)(768.5, 1034.0)(768.5, 1050.0)(784.0, 1050.0)(784.0, 1140.0)(621.0, 1140.0);GATE
Port:(635.5, 1130.0)(769.5, 1130.0)(769.5, 1140.0)(635.5, 1140.0);SD
Port:(621.0, 1034.0)(768.5, 1034.0)(768.5, 1050.0)(784.0, 1050.0)(784.0, 1125.0)(621.0, 1125.0);GATE
Port:(631.0, 1039.0)(754.0, 1039.0)(754.0, 1043.0)(631.0, 1043.0);SD
Module:M9
Boundary:(633.0, 20.0)(709.0, 20.0)(709.0, 28.0)(724.0, 28.0)(724.0, 122.0)(633.0, 122.0);GATE
Port:(647.5, 112.0)(709.5, 112.0)(709.5, 122.0)(647.5, 122.0);SD
Port:(633.0, 20.0)(709.0, 20.0)(709.0, 28.0)(724.0, 28.0)(724.0, 107.0)(633.0, 107.0);GATE
Port:(643.0, 25.0)(694.0, 25.0)(694.0, 29.0)(643.0, 29.0);SD
Module:M5
Boundary:(479.0, 865.0)(572.5, 865.0)(572.5, 875.0)(588.0, 875.0)(588.0, 928.0)(479.0, 928.0);GATE
Port:(493.5, 918.0)(573.5, 918.0)(573.5, 928.0)(493.5, 928.0);SD
Port:(479.0, 865.0)(572.5, 865.0)(572.5, 875.0)(588.0, 875.0)(588.0, 913.0)(479.0, 913.0);GATE
Port:(489.0, 870.0)(558.0, 870.0)(558.0, 874.0)(489.0, 874.0);SD
Module:M11
Boundary:(786.0, 885.0)(786.0, 978.5)(776.0, 978.5)(776.0, 994.0)(628.0, 994.0)(628.0, 885.0);GATE
Port:(628.0, 899.5)(638.0, 899.5)(638.0, 979.5)(628.0, 979.5);SD
Port:(786.0, 885.0)(786.0, 978.5)(776.0, 978.5)(776.0, 994.0)(643.0, 994.0)(643.0, 885.0);GATE
Port:(777.0, 895.0)(781.0, 895.0)(781.0, 964.0)(777.0, 964.0);SD
Module:M1
Boundary:(826.0, 947.0)(973.5, 947.0)(973.5, 1085.0)(1079.0, 1085.0)(1079.0, 1139.0)(826.0, 1139.0);GATE
Port:(840.5, 1129.0)(1064.5, 1129.0)(1064.5, 1139.0)(840.5, 1139.0);SD
Port:(826.0, 947.0)(973.5, 947.0)(973.5, 1085.0)(1079.0, 1085.0)(1079.0, 1124.0)(826.0, 1124.0);GATE
Port:(836.0, 952.0)(959.0, 952.0)(959.0, 956.0)(836.0, 956.0);SD
Module:M43
Boundary:(593.0, 20.0)(593.0, 113.5)(470.8, 113.5)(470.8, 273.0)(408.0, 273.0)(408.0, 20.0);GATE
Port:(408.0, 34.5)(418.0, 34.5)(418.0, 258.5)(408.0, 258.5);SD
Port:(593.0, 20.0)(593.0, 113.5)(470.8, 113.5)(470.8, 273.0)(423.0, 273.0)(423.0, 20.0);GATE
Port:(584.0, 30.0)(588.0, 30.0)(588.0, 99.0)(584.0, 99.0);SD
Module:M38
Boundary:(771.0, 628.0)(771.0, 739.5)(674.0, 739.5)(674.0, 845.0)(628.0, 845.0)(628.0, 628.0);GATE
Port:(628.0, 642.5)(638.0, 642.5)(638.0, 830.5)(628.0, 830.5);SD
Port:(771.0, 628.0)(771.0, 739.5)(674.0, 739.5)(674.0, 845.0)(643.0, 845.0)(643.0, 628.0);GATE
Port:(762.0, 638.0)(766.0, 638.0)(766.0, 725.0)(762.0, 725.0);SD
Module:M40
Boundary:(1280.0, 30.0)(1280.0, 159.5)(1266.0, 159.5)(1266.0, 175.0)(1144.0, 175.0)(1144.0, 30.0);GATE
Port:(1144.0, 44.5)(1154.0, 44.5)(1154.0, 160.5)(1144.0, 160.5);SD
Port:(1280.0, 30.0)(1280.0, 159.5)(1266.0, 159.5)(1266.0, 175.0)(1159.0, 175.0)(1159.0, 30.0);GATE
Port:(1271.0, 40.0)(1275.0, 40.0)(1275.0, 145.0)(1271.0, 145.0);SD
Module:M35
Boundary:(764.0, 20.0)(911.5, 20.0)(911.5, 36.0)(927.0, 36.0)(927.0, 188.0)(764.0, 188.0);GATE
Port:(778.5, 178.0)(912.5, 178.0)(912.5, 188.0)(778.5, 188.0);SD
Port:(764.0, 20.0)(911.5, 20.0)(911.5, 36.0)(927.0, 36.0)(927.0, 173.0)(764.0, 173.0);GATE
Port:(774.0, 25.0)(897.0, 25.0)(897.0, 29.0)(774.0, 29.0);SD
Module:M32
Boundary:(600.0, 490.0)(711.5, 490.0)(711.5, 525.2)(745.0, 525.2)(745.0, 578.0)(600.0, 578.0);GATE
Port:(614.5, 568.0)(730.5, 568.0)(730.5, 578.0)(614.5, 578.0);SD
Port:(600.0, 490.0)(711.5, 490.0)(711.5, 525.2)(745.0, 525.2)(745.0, 563.0)(600.0, 563.0);GATE
Port:(610.0, 495.0)(697.0, 495.0)(697.0, 499.0)(610.0, 499.0);SD
Module:M27
Boundary:(179.0, 878.0)(308.5, 878.0)(308.5, 892.0)(324.0, 892.0)(324.0, 1016.0)(179.0, 1016.0);GATE
Port:(193.5, 1006.0)(309.5, 1006.0)(309.5, 1016.0)(193.5, 1016.0);SD
Port:(179.0, 878.0)(308.5, 878.0)(308.5, 892.0)(324.0, 892.0)(324.0, 1001.0)(179.0, 1001.0);GATE
Port:(189.0, 883.0)(294.0, 883.0)(294.0, 887.0)(189.0, 887.0);SD
Module:M24
Boundary:(1195.0, 798.0)(1268.0, 798.0)(1268.0, 900.0)(1195.0, 900.0);GATE
Port:(1209.5, 890.0)(1253.5, 890.0)(1253.5, 900.0)(1209.5, 900.0);SD
Port:(1195.0, 798.0)(1268.0, 798.0)(1268.0, 885.0)(1195.0, 885.0);GATE
Port:(1205.0, 803.0)(1258.0, 803.0)(1258.0, 807.0)(1205.0, 807.0);SD
Module:M19
Boundary:(1018.0, 790.0)(1129.5, 790.0)(1129.5, 802.0)(1145.0, 802.0)(1145.0, 886.0)(1018.0, 886.0);GATE
Port:(1032.5, 876.0)(1130.5, 876.0)(1130.5, 886.0)(1032.5, 886.0);SD
Port:(1018.0, 790.0)(1129.5, 790.0)(1129.5, 802.0)(1145.0, 802.0)(1145.0, 871.0)(1018.0, 871.0);GATE
Port:(1028.0, 795.0)(1115.0, 795.0)(1115.0, 799.0)(1028.0, 799.0);SD
Module:M6
Boundary:(968.0, 780.0)(968.0, 891.5)(956.0, 891.5)(956.0, 907.0)(826.0, 907.0)(826.0, 780.0);GATE
Port:(826.0, 794.5)(836.0, 794.5)(836.0, 892.5)(826.0, 892.5);SD
Port:(968.0, 780.0)(968.0, 891.5)(956.0, 891.5)(956.0, 907.0)(841.0, 907.0)(841.0, 780.0);GATE
Port:(959.0, 790.0)(963.0, 790.0)(963.0, 877.0)(959.0, 877.0);SD
Module:M21
Boundary:(169.0, 238.0)(169.0, 349.5)(81.7, 349.5)(81.7, 473.0)(20.0, 473.0)(20.0, 238.0);GATE
Port:(20.0, 252.5)(30.0, 252.5)(30.0, 458.5)(20.0, 458.5);SD
Port:(169.0, 238.0)(169.0, 349.5)(81.7, 349.5)(81.7, 473.0)(35.0, 473.0)(35.0, 238.0);GATE
Port:(160.0, 248.0)(164.0, 248.0)(164.0, 335.0)(160.0, 335.0);SD
Module:M2
Boundary:(277.0, 399.0)(277.0, 472.0)(209.0, 472.0)(209.0, 399.0);GATE
Port:(209.0, 413.5)(219.0, 413.5)(219.0, 457.5)(209.0, 457.5);SD
Port:(277.0, 399.0)(277.0, 472.0)(224.0, 472.0)(224.0, 399.0);GATE
Port:(268.0, 409.0)(272.0, 409.0)(272.0, 462.0)(268.0, 462.0);SD
Module:M16
Boundary:(1291.0, 940.0)(1291.0, 1033.5)(1170.7, 1033.5)(1170.7, 1139.0)(1119.0, 1139.0)(1119.0, 940.0);GATE
Port:(1119.0, 954.5)(1129.0, 954.5)(1129.0, 1124.5)(1119.0, 1124.5);SD
Port:(1291.0, 940.0)(1291.0, 1033.5)(1170.7, 1033.5)(1170.7, 1139.0)(1134.0, 1139.0)(1134.0, 940.0);GATE
Port:(1282.0, 950.0)(1286.0, 950.0)(1286.0, 1019.0)(1282.0, 1019.0);SD
Module:M13
Boundary:(716.0, 162.0)(716.0, 273.5)(683.3, 273.5)(683.3, 307.0)(633.0, 307.0)(633.0, 162.0);GATE
Port:(633.0, 176.5)(643.0, 176.5)(643.0, 292.5)(633.0, 292.5);SD
Port:(716.0, 162.0)(716.0, 273.5)(683.3, 273.5)(683.3, 307.0)(648.0, 307.0)(648.0, 162.0);GATE
Port:(707.0, 172.0)(711.0, 172.0)(711.0, 259.0)(707.0, 259.0);SD
Module:M45
Boundary:(946.0, 647.0)(946.0, 723.0)(938.0, 723.0)(938.0, 738.0)(826.0, 738.0)(826.0, 647.0);GATE
Port:(826.0, 661.5)(836.0, 661.5)(836.0, 723.5)(826.0, 723.5);SD
Port:(946.0, 647.0)(946.0, 723.0)(938.0, 723.0)(938.0, 738.0)(841.0, 738.0)(841.0, 647.0);GATE
Port:(937.0, 657.0)(941.0, 657.0)(941.0, 708.0)(937.0, 708.0);SD
Module:M10
Boundary:(223.0, 20.0)(352.5, 20.0)(352.5, 34.0)(368.0, 34.0)(368.0, 219.0)(223.0, 219.0);GATE
Port:(237.5, 209.0)(353.5, 209.0)(353.5, 219.0)(237.5, 219.0);SD
Port:(223.0, 20.0)(352.5, 20.0)(352.5, 34.0)(368.0, 34.0)(368.0, 204.0)(223.0, 204.0);GATE
Port:(233.0, 25.0)(338.0, 25.0)(338.0, 29.0)(233.0, 29.0);SD
Module:M42
Boundary:(1293.0, 649.0)(1293.0, 742.5)(1283.0, 742.5)(1283.0, 758.0)(1210.0, 758.0)(1210.0, 649.0);GATE
Port:(1210.0, 663.5)(1220.0, 663.5)(1220.0, 743.5)(1210.0, 743.5);SD
Port:(1293.0, 649.0)(1293.0, 742.5)(1283.0, 742.5)(1283.0, 758.0)(1225.0, 758.0)(1225.0, 649.0);GATE
Port:(1284.0, 659.0)(1288.0, 659.0)(1288.0, 728.0)(1284.0, 728.0);SD
Module:M37
Boundary:(550.0, 313.0)(550.0, 460.5)(534.0, 460.5)(534.0, 476.0)(354.0, 476.0)(354.0, 313.0);GATE
Port:(354.0, 327.5)(364.0, 327.5)(364.0, 461.5)(354.0, 461.5);SD
Port:(550.0, 313.0)(550.0, 460.5)(534.0, 460.5)(534.0, 476.0)(369.0, 476.0)(369.0, 313.0);GATE
Port:(541.0, 323.0)(545.0, 323.0)(545.0, 446.0)(541.0, 446.0);SD
Module:M34
Boundary:(20.0, 513.0)(113.5, 513.0)(113.5, 615.3)(291.0, 615.3)(291.0, 669.0)(20.0, 669.0);GATE
Port:(34.5, 659.0)(276.5, 659.0)(276.5, 669.0)(34.5, 669.0);SD
Port:(20.0, 513.0)(113.5, 513.0)(113.5, 615.3)(291.0, 615.3)(291.0, 654.0)(20.0, 654.0);GATE
Port:(30.0, 518.0)(99.0, 518.0)(99.0, 522.0)(30.0, 522.0);SD
Module:M29
Boundary:(756.0, 228.0)(919.0, 228.0)(919.0, 305.0)(756.0, 305.0);GATE
Port:(770.5, 295.0)(904.5, 295.0)(904.5, 305.0)(770.5, 305.0);SD
Port:(756.0, 228.0)(919.0, 228.0)(919.0, 290.0)(756.0, 290.0);GATE
Port:(766.0, 233.0)(909.0, 233.0)(909.0, 237.0)(766.0, 237.0);SD
Module:M7
Boundary:(1126.0, 458.0)(1126.0, 569.5)(1065.8, 569.5)(1065.8, 603.0)(988.0, 603.0)(988.0, 458.0);GATE
Port:(988.0, 472.5)(998.0, 472.5)(998.0, 588.5)(988.0, 588.5);SD
Port:(1126.0, 458.0)(1126.0, 569.5)(1065.8, 569.5)(1065.8, 603.0)(1003.0, 603.0)(1003.0, 458.0);GATE
Port:(1117.0, 468.0)(1121.0, 468.0)(1121.0, 555.0)(1117.0, 555.0);SD
Module:M31
Boundary:(1170.0, 649.0)(1170.0, 725.0)(1162.0, 725.0)(1162.0, 740.0)(988.0, 740.0)(988.0, 649.0);GATE
Port:(988.0, 663.5)(998.0, 663.5)(998.0, 725.5)(988.0, 725.5);SD
Port:(1170.0, 649.0)(1170.0, 725.0)(1162.0, 725.0)(1162.0, 740.0)(1003.0, 740.0)(1003.0, 649.0);GATE
Port:(1161.0, 659.0)(1165.0, 659.0)(1165.0, 710.0)(1161.0, 710.0);SD
Module:M3
Boundary:(20.0, 20.0)(167.5, 20.0)(167.5, 36.0)(183.0, 36.0)(183.0, 198.0)(20.0, 198.0);GATE
Port:(34.5, 188.0)(168.5, 188.0)(168.5, 198.0)(34.5, 198.0);SD
Port:(20.0, 20.0)(167.5, 20.0)(167.5, 36.0)(183.0, 36.0)(183.0, 183.0)(20.0, 183.0);GATE
Port:(30.0, 25.0)(153.0, 25.0)(153.0, 29.0)(30.0, 29.0);SD
Module:M26
Boundary:(895.0, 357.0)(895.0, 430.0)(744.0, 430.0)(744.0, 357.0);GATE
Port:(744.0, 371.5)(754.0, 371.5)(754.0, 415.5)(744.0, 415.5);SD
Port:(895.0, 357.0)(895.0, 430.0)(759.0, 430.0)(759.0, 357.0);GATE
Port:(886.0, 367.0)(890.0, 367.0)(890.0, 420.0)(886.0, 420.0);SD
Module:M23
Boundary:(1289.0, 225.0)(1289.0, 300.5)(1224.2, 300.5)(1224.2, 406.0)(1134.0, 406.0)(1134.0, 225.0);GATE
Port:(1134.0, 239.5)(1144.0, 239.5)(1144.0, 391.5)(1134.0, 391.5);SD
Port:(1289.0, 225.0)(1289.0, 300.5)(1224.2, 300.5)(1224.2, 406.0)(1149.0, 406.0)(1149.0, 225.0);GATE
Port:(1280.0, 235.0)(1284.0, 235.0)(1284.0, 286.0)(1280.0, 286.0);SD
Module:M18
Boundary:(536.0, 526.0)(536.0, 599.0)(341.0, 599.0)(341.0, 526.0);GATE
Port:(341.0, 540.5)(351.0, 540.5)(351.0, 584.5)(341.0, 584.5);SD
Port:(536.0, 526.0)(536.0, 599.0)(356.0, 599.0)(356.0, 526.0);GATE
Port:(527.0, 536.0)(531.0, 536.0)(531.0, 589.0)(527.0, 589.0);SD
Module:M20
Boundary:(179.0, 1056.0)(308.5, 1056.0)(308.5, 1070.0)(324.0, 1070.0)(324.0, 1130.0)(179.0, 1130.0);GATE
Port:(193.5, 1120.0)(309.5, 1120.0)(309.5, 1130.0)(193.5, 1130.0);SD
Port:(179.0, 1056.0)(308.5, 1056.0)(308.5, 1070.0)(324.0, 1070.0)(324.0, 1115.0)(179.0, 1115.0);GATE
Port:(189.0, 1061.0)(294.0, 1061.0)(294.0, 1065.0)(189.0, 1065.0);SD
Module:M15
Boundary:(967.0, 200.0)(1094.0, 200.0)(1094.0, 303.0)(967.0, 303.0);GATE
Port:(981.5, 293.0)(1079.5, 293.0)(1079.5, 303.0)(981.5, 303.0);SD
Port:(967.0, 200.0)(1094.0, 200.0)(1094.0, 288.0)(967.0, 288.0);GATE
Port:(977.0, 205.0)(1084.0, 205.0)(1084.0, 209.0)(977.0, 209.0);SD
Module:M12
Boundary:(497.0, 649.0)(573.0, 649.0)(573.0, 657.0)(588.0, 657.0)(588.0, 825.0)(497.0, 825.0);GATE
Port:(511.5, 815.0)(573.5, 815.0)(573.5, 825.0)(511.5, 825.0);SD
Port:(497.0, 649.0)(573.0, 649.0)(573.0, 657.0)(588.0, 657.0)(588.0, 810.0)(497.0, 810.0);GATE
Port:(507.0, 654.0)(558.0, 654.0)(558.0, 658.0)(507.0, 658.0);SD
Module:M44
Boundary:(694.0, 347.0)(694.0, 423.0)(686.0, 423.0)(686.0, 438.0)(590.0, 438.0)(590.0, 347.0);GATE
Port:(590.0, 361.5)(600.0, 361.5)(600.0, 423.5)(590.0, 423.5);SD
Port:(694.0, 347.0)(694.0, 423.0)(686.0, 423.0)(686.0, 438.0)(605.0, 438.0)(605.0, 347.0);GATE
Port:(685.0, 357.0)(689.0, 357.0)(689.0, 408.0)(685.0, 408.0);SD
Module:M39
Boundary:(316.0, 719.0)(316.0, 812.5)(306.0, 812.5)(306.0, 828.0)(189.0, 828.0)(189.0, 719.0);GATE
Port:(189.0, 733.5)(199.0, 733.5)(199.0, 813.5)(189.0, 813.5);SD
Port:(316.0, 719.0)(316.0, 812.5)(306.0, 812.5)(306.0, 828.0)(204.0, 828.0)(204.0, 719.0);GATE
Port:(307.0, 729.0)(311.0, 729.0)(311.0, 798.0)(307.0, 798.0);SD
Module:M8
Boundary:(948.0, 480.0)(948.0, 591.5)(936.0, 591.5)(936.0, 607.0)(826.0, 607.0)(826.0, 480.0);GATE
Port:(826.0, 494.5)(836.0, 494.5)(836.0, 592.5)(826.0, 592.5);SD
Port:(948.0, 480.0)(948.0, 591.5)(936.0, 591.5)(936.0, 607.0)(841.0, 607.0)(841.0, 480.0);GATE
Port:(939.0, 490.0)(943.0, 490.0)(943.0, 577.0)(939.0, 577.0);SD
Module:M41
Boundary:(139.0, 947.0)(139.0, 1058.5)(100.0, 1058.5)(100.0, 1146.0)(20.0, 1146.0)(20.0, 947.0);GATE
Port:(20.0, 961.5)(30.0, 961.5)(30.0, 1131.5)(20.0, 1131.5);SD
Port:(139.0, 947.0)(139.0, 1058.5)(100.0, 1058.5)(100.0, 1146.0)(35.0, 1146.0)(35.0, 947.0);GATE
Port:(130.0, 957.0)(134.0, 957.0)(134.0, 1044.0)(130.0, 1044.0);SD
Module:M4
Boundary:(1294.0, 446.0)(1294.0, 593.5)(1278.0, 593.5)(1278.0, 609.0)(1166.0, 609.0)(1166.0, 446.0);GATE
Port:(1166.0, 460.5)(1176.0, 460.5)(1176.0, 594.5)(1166.0, 594.5);SD
Port:(1294.0, 446.0)(1294.0, 593.5)(1278.0, 593.5)(1278.0, 609.0)(1181.0, 609.0)(1181.0, 446.0);GATE
Port:(1285.0, 456.0)(1289.0, 456.0)(1289.0, 579.0)(1285.0, 579.0);SD
Module:M36
Boundary:(223.0, 259.0)(299.0, 259.0)(299.0, 267.0)(314.0, 267.0)(314.0, 359.0)(223.0, 359.0);GATE
Port:(237.5, 349.0)(299.5, 349.0)(299.5, 359.0)(237.5, 359.0);SD
Port:(223.0, 259.0)(299.0, 259.0)(299.0, 267.0)(314.0, 267.0)(314.0, 344.0)(223.0, 344.0);GATE
Port:(233.0, 264.0)(284.0, 264.0)(284.0, 268.0)(233.0, 268.0);SD
Module:M33
Boundary:(364.0, 968.0)(493.5, 968.0)(493.5, 1061.0)(581.0, 1061.0)(581.0, 1147.0)(364.0, 1147.0);GATE
Port:(378.5, 1137.0)(566.5, 1137.0)(566.5, 1147.0)(378.5, 1147.0);SD
Port:(364.0, 968.0)(493.5, 968.0)(493.5, 1061.0)(581.0, 1061.0)(581.0, 1132.0)(364.0, 1132.0);GATE
Port:(374.0, 973.0)(479.0, 973.0)(479.0, 977.0)(374.0, 977.0);SD
Module:M28
Boundary:(366.0, 649.0)(442.0, 649.0)(442.0, 657.0)(457.0, 657.0)(457.0, 789.0)(366.0, 789.0);GATE
Port:(380.5, 779.0)(442.5, 779.0)(442.5, 789.0)(380.5, 789.0);SD
Port:(366.0, 649.0)(442.0, 649.0)(442.0, 657.0)(457.0, 657.0)(457.0, 774.0)(366.0, 774.0);GATE
Port:(376.0, 654.0)(427.0, 654.0)(427.0, 658.0)(376.0, 658.0);SD
Module:M30
Boundary:(1091.0, 345.0)(1091.0, 418.0)(945.0, 418.0)(945.0, 345.0);GATE
Port:(945.0, 359.5)(955.0, 359.5)(955.0, 403.5)(945.0, 403.5);SD
Port:(1091.0, 345.0)(1091.0, 418.0)(960.0, 418.0)(960.0, 345.0);GATE
Port:(1082.0, 355.0)(1086.0, 355.0)(1086.0, 408.0)(1082.0, 408.0);SD
Module:M25
Boundary:(967.0, 20.0)(1078.5, 20.0)(1078.5, 32.0)(1094.0, 32.0)(1094.0, 160.0)(967.0, 160.0);GATE
Port:(981.5, 150.0)(1079.5, 150.0)(1079.5, 160.0)(981.5, 160.0);SD
Port:(967.0, 20.0)(1078.5, 20.0)(1078.5, 32.0)(1094.0, 32.0)(1094.0, 145.0)(967.0, 145.0);GATE
Port:(977.0, 25.0)(1064.0, 25.0)(1064.0, 29.0)(977.0, 29.0);SD
Module:M22
Boundary:(366.0, 829.0)(439.0, 829.0)(439.0, 907.0)(366.0, 907.0);GATE
Port:(380.5, 897.0)(424.5, 897.0)(424.5, 907.0)(380.5, 907.0);SD
Port:(366.0, 829.0)(439.0, 829.0)(439.0, 892.0)(366.0, 892.0);GATE
Port:(376.0, 834.0)(429.0, 834.0)(429.0, 838.0)(376.0, 838.0);SD
Module:M17
Boundary:(30.0, 719.0)(106.0, 719.0)(106.0, 727.0)(121.0, 727.0)(121.0, 897.0)(30.0, 897.0);GATE
Port:(44.5, 887.0)(106.5, 887.0)(106.5, 897.0)(44.5, 897.0);SD
Port:(30.0, 719.0)(106.0, 719.0)(106.0, 727.0)(121.0, 727.0)(121.0, 882.0)(30.0, 882.0);GATE
Port:(40.0, 724.0)(91.0, 724.0)(91.0, 728.0)(40.0, 728.0);SD
