Area:(-20.0, -8.7)(725.9, -8.7)(725.9, 672.6)(-20.0, 672.6)
Rule:GATE(5,5);SD(5,5);GATE_SD(0.5);GATE_ITO(0.5);SD_ITO(0.5)
Module:M11
Boundary:(415.0, 84.0)(415.0, 146.1)(415.0, 146.1)(415.0, 161.3)(193.7, 161.3)(193.7, 84.0);GATE
Port:(193.7, 96.3)(199.0, 96.3)(199.0, 149.0)(193.7, 149.0);SD
Port:(415.0, 84.0)(415.0, 146.1)(415.0, 146.1)(415.0, 161.3)(202.0, 161.3)(202.0, 84.0);GATE
Port:(404.5, 89.1)(410.9, 89.1)(410.9, 141.0)(404.5, 141.0);SD
Module:M17
Boundary:(45.0, 182.8)(45.0, 96.1)(45.1, 96.1)(45.1, 79.6)(182.5, 79.6)(182.5, 182.8);GATE
Port:(178.3, 94.2)(182.5, 94.2)(182.5, 168.2)(178.3, 168.2);SD
Port:(45.0, 182.8)(45.0, 96.1)(45.1, 96.1)(45.1, 79.6)(175.6, 79.6)(175.6, 182.8);GATE
Port:(50.9, 103.0)(57.6, 103.0)(57.6, 175.9)(50.9, 175.9);SD
Module:M15
Boundary:(429.2, 54.4)(510.5, 54.4)(510.5, 239.5)(429.2, 239.5);GATE
Port:(442.8, 234.0)(496.9, 234.0)(496.9, 239.5)(442.8, 239.5);SD
Port:(429.2, 54.4)(510.5, 54.4)(510.5, 232.0)(429.2, 232.0);GATE
Port:(436.1, 60.3)(503.6, 60.3)(503.6, 65.3)(436.1, 65.3);SD
Module:M10
Boundary:(386.0, 178.4)(386.0, 240.5)(339.0, 240.5)(339.0, 253.2)(204.0, 253.2)(204.0, 178.4);GATE
Port:(204.0, 192.0)(208.6, 192.0)(208.6, 239.6)(204.0, 239.6);SD
Port:(386.0, 178.4)(386.0, 240.5)(339.0, 240.5)(339.0, 253.2)(210.9, 253.2)(210.9, 178.4);GATE
Port:(374.0, 185.0)(380.4, 185.0)(380.4, 232.9)(374.0, 232.9);SD
Module:M8
Boundary:(657.0, 31.3)(546.0, 31.3)(546.0, 87.4)(528.8, 87.4)(528.8, 246.7)(657.0, 246.7);GATE
Port:(544.0, 241.1)(641.8, 241.1)(641.8, 246.7)(544.0, 246.7);SD
Port:(657.0, 31.3)(546.0, 31.3)(546.0, 87.4)(528.8, 87.4)(528.8, 239.0)(657.0, 239.0);GATE
Port:(552.6, 35.9)(651.4, 35.9)(651.4, 43.2)(552.6, 43.2);SD
Module:M4
Boundary:(187.7, 320.6)(187.7, 218.1)(118.0, 218.1)(118.0, 203.7)(21.2, 203.7)(21.2, 320.6);GATE
Port:(21.2, 218.0)(25.9, 218.0)(25.9, 306.3)(21.2, 306.3);SD
Port:(187.7, 320.6)(187.7, 218.1)(118.0, 218.1)(118.0, 203.7)(27.8, 203.7)(27.8, 320.6);GATE
Port:(176.4, 226.0)(182.8, 226.0)(182.8, 314.7)(176.4, 314.7);SD
Module:M2
Boundary:(226.5, 338.4)(226.5, 274.4)(320.6, 274.4)(320.6, 260.3)(386.6, 260.3)(386.6, 338.4);GATE
Port:(381.1, 273.1)(386.6, 273.1)(386.6, 325.6)(381.1, 325.6);SD
Port:(226.5, 338.4)(226.5, 274.4)(320.6, 274.4)(320.6, 260.3)(379.3, 260.3)(379.3, 338.4);GATE
Port:(232.3, 282.2)(237.1, 282.2)(237.1, 331.6)(232.3, 331.6);SD
Module:M18
Boundary:(667.9, 279.6)(667.9, 329.3)(655.6, 329.3)(655.6, 344.2)(521.0, 344.2)(521.0, 279.6);GATE
Port:(521.0, 292.1)(525.7, 292.1)(525.7, 331.7)(521.0, 331.7);SD
Port:(667.9, 279.6)(667.9, 329.3)(655.6, 329.3)(655.6, 344.2)(527.1, 344.2)(527.1, 279.6);GATE
Port:(657.4, 285.6)(662.9, 285.6)(662.9, 322.3)(657.4, 322.3);SD
Module:M19
Boundary:(512.5, 350.9)(512.5, 257.0)(420.1, 257.0)(420.1, 350.9);GATE
Port:(420.1, 270.3)(425.9, 270.3)(425.9, 337.6)(420.1, 337.6);SD
Port:(512.5, 350.9)(512.5, 257.0)(428.2, 257.0)(428.2, 350.9);GATE
Port:(501.8, 263.3)(507.2, 263.3)(507.2, 344.6)(501.8, 344.6);SD
Module:M16
Boundary:(182.3, 415.4)(182.3, 335.7)(141.1, 335.7)(141.1, 321.3)(20.0, 321.3)(20.0, 415.4);GATE
Port:(20.0, 333.9)(24.4, 333.9)(24.4, 402.8)(20.0, 402.8);SD
Port:(182.3, 415.4)(182.3, 335.7)(141.1, 335.7)(141.1, 321.3)(27.2, 321.3)(27.2, 415.4);GATE
Port:(171.5, 342.0)(178.0, 342.0)(178.0, 410.1)(171.5, 410.1);SD
Module:M14
Boundary:(245.9, 338.8)(327.6, 338.8)(327.6, 360.7)(342.8, 360.7)(342.8, 418.8)(245.9, 418.8);GATE
Port:(258.8, 413.4)(329.9, 413.4)(329.9, 418.8)(258.8, 418.8);SD
Port:(245.9, 338.8)(327.6, 338.8)(327.6, 360.7)(342.8, 360.7)(342.8, 412.0)(245.9, 412.0);GATE
Port:(251.1, 343.0)(321.4, 343.0)(321.4, 349.2)(251.1, 349.2);SD
Module:M12
Boundary:(438.2, 499.1)(368.0, 499.1)(368.0, 476.6)(351.8, 476.6)(351.8, 364.0)(438.2, 364.0);GATE
Port:(366.0, 364.0)(424.0, 364.0)(424.0, 369.5)(366.0, 369.5);SD
Port:(438.2, 499.1)(368.0, 499.1)(368.0, 476.6)(351.8, 476.6)(351.8, 370.7)(438.2, 370.7);GATE
Port:(375.2, 488.3)(432.0, 488.3)(432.0, 493.9)(375.2, 493.9);SD
Module:M20
Boundary:(485.5, 367.0)(534.5, 367.0)(534.5, 415.7)(549.5, 415.7)(549.5, 513.3)(485.5, 513.3);GATE
Port:(497.7, 508.0)(537.3, 508.0)(537.3, 513.3)(497.7, 513.3);SD
Port:(485.5, 367.0)(534.5, 367.0)(534.5, 415.7)(549.5, 415.7)(549.5, 505.4)(485.5, 505.4);GATE
Port:(490.7, 371.2)(528.3, 371.2)(528.3, 376.7)(490.7, 376.7);SD
Module:M7
Boundary:(351.4, 446.8)(351.4, 475.8)(351.3, 475.8)(351.3, 490.2)(206.2, 490.2)(206.2, 446.8);GATE
Port:(206.2, 457.8)(210.4, 457.8)(210.4, 479.2)(206.2, 479.2);SD
Port:(351.4, 446.8)(351.4, 475.8)(351.3, 475.8)(351.3, 490.2)(212.0, 490.2)(212.0, 446.8);GATE
Port:(342.5, 451.9)(347.3, 451.9)(347.3, 470.7)(342.5, 470.7);SD
Module:M1
Boundary:(685.9, 517.6)(603.3, 517.6)(603.3, 517.1)(586.8, 517.1)(586.8, 362.2)(685.9, 362.2);GATE
Port:(600.2, 362.2)(672.5, 362.2)(672.5, 366.7)(600.2, 366.7);SD
Port:(685.9, 517.6)(603.3, 517.6)(603.3, 517.1)(586.8, 517.1)(586.8, 368.1)(685.9, 368.1);GATE
Port:(608.4, 507.4)(680.8, 507.4)(680.8, 513.5)(608.4, 513.5);SD
Module:M13
Boundary:(38.9, 519.4)(38.9, 441.1)(38.9, 441.1)(38.9, 426.2)(171.4, 426.2)(171.4, 519.4);GATE
Port:(166.0, 439.4)(171.4, 439.4)(171.4, 506.2)(166.0, 506.2);SD
Port:(38.9, 519.4)(38.9, 441.1)(38.9, 441.1)(38.9, 426.2)(163.8, 426.2)(163.8, 519.4);GATE
Port:(44.8, 448.0)(50.0, 448.0)(50.0, 512.5)(44.8, 512.5);SD
Module:M3
Boundary:(230.0, 542.8)(296.9, 542.8)(296.9, 543.2)(313.8, 543.2)(313.8, 614.4)(230.0, 614.4);GATE
Port:(243.1, 609.5)(300.7, 609.5)(300.7, 614.4)(243.1, 614.4);SD
Port:(230.0, 542.8)(296.9, 542.8)(296.9, 543.2)(313.8, 543.2)(313.8, 608.1)(230.0, 608.1);GATE
Port:(235.9, 547.7)(291.0, 547.7)(291.0, 552.7)(235.9, 552.7);SD
Module:M6
Boundary:(190.7, 567.3)(190.7, 615.7)(190.4, 615.7)(190.4, 632.6)(38.3, 632.6)(38.3, 567.3);GATE
Port:(38.3, 579.6)(42.3, 579.6)(42.3, 620.3)(38.3, 620.3);SD
Port:(190.7, 567.3)(190.7, 615.7)(190.4, 615.7)(190.4, 632.6)(44.4, 632.6)(44.4, 567.3);GATE
Port:(181.6, 572.4)(186.6, 572.4)(186.6, 610.6)(181.6, 610.6);SD
Module:M9
Boundary:(472.9, 600.1)(472.9, 533.6)(472.9, 533.6)(472.9, 518.0)(322.7, 518.0)(322.7, 600.1);GATE
Port:(322.7, 532.4)(328.1, 532.4)(328.1, 585.7)(322.7, 585.7);SD
Port:(472.9, 600.1)(472.9, 533.6)(472.9, 533.6)(472.9, 518.0)(330.4, 518.0)(330.4, 600.1);GATE
Port:(461.0, 540.4)(467.1, 540.4)(467.1, 593.3)(461.0, 593.3);SD
Module:M5
Boundary:(664.3, 550.9)(664.3, 631.2)(487.4, 631.2)(487.4, 550.9);GATE
Port:(487.4, 563.8)(493.2, 563.8)(493.2, 618.3)(487.4, 618.3);SD
Port:(664.3, 550.9)(664.3, 631.2)(495.2, 631.2)(495.2, 550.9);GATE
Port:(653.6, 556.7)(659.5, 556.7)(659.5, 625.4)(653.6, 625.4);SD
