Area:(-18.3, 4.5)(247.0, 4.5)(247.0, 690.4)(-18.3, 690.4)
Rule:GATE(5,5);SD(5,5);GATE_SD(0.5);GATE_ITO(0.5);SD_ITO(0.5)
Module:M5
Boundary:(134.0, 241.0)(21.7, 241.0)(21.7, 44.5)(134.0, 44.5);GATE
Port:(36.7, 44.5)(119.0, 44.5)(119.0, 50.3)(36.7, 50.3);SD
Port:(134.0, 241.0)(21.7, 241.0)(21.7, 53.0)(134.0, 53.0);GATE
Port:(27.8, 229.5)(127.9, 229.5)(127.9, 235.9)(27.8, 235.9);SD
Module:M2
Boundary:(38.9, 417.4)(113.9, 417.4)(113.9, 388.7)(131.2, 388.7)(131.2, 249.7)(38.9, 249.7);GATE
Port:(53.9, 249.7)(116.2, 249.7)(116.2, 254.5)(53.9, 254.5);SD
Port:(38.9, 417.4)(113.9, 417.4)(113.9, 388.7)(131.2, 388.7)(131.2, 255.8)(38.9, 255.8);GATE
Port:(45.5, 405.6)(106.3, 405.6)(106.3, 411.8)(45.5, 411.8);SD
Module:M3
Boundary:(207.0, 256.5)(155.5, 256.5)(155.5, 256.8)(139.1, 256.8)(139.1, 477.1)(207.0, 477.1);GATE
Port:(153.6, 471.1)(192.5, 471.1)(192.5, 477.1)(153.6, 477.1);SD
Port:(207.0, 256.5)(155.5, 256.5)(155.5, 256.8)(139.1, 256.8)(139.1, 469.6)(207.0, 469.6);GATE
Port:(161.5, 261.5)(201.0, 261.5)(201.0, 267.6)(161.5, 267.6);SD
Module:M4
Boundary:(133.4, 428.6)(133.4, 488.4)(121.9, 488.4)(121.9, 502.3)(53.4, 502.3)(53.4, 428.6);GATE
Port:(53.4, 439.4)(58.0, 439.4)(58.0, 491.5)(53.4, 491.5);SD
Port:(133.4, 428.6)(133.4, 488.4)(121.9, 488.4)(121.9, 502.3)(60.5, 502.3)(60.5, 428.6);GATE
Port:(124.6, 433.8)(129.2, 433.8)(129.2, 482.2)(124.6, 482.2);SD
Module:M1
Boundary:(36.3, 536.2)(36.3, 650.4)(152.8, 650.4)(152.8, 536.2);GATE
Port:(147.3, 548.8)(152.8, 548.8)(152.8, 637.8)(147.3, 637.8);SD
Port:(36.3, 536.2)(36.3, 650.4)(145.3, 650.4)(145.3, 536.2);GATE
Port:(40.4, 541.3)(46.1, 541.3)(46.1, 645.3)(40.4, 645.3);SD
