Area:(-20.0, -20.0)(1001.8, -20.0)(1001.8, 1216.6)(-20.0, 1216.6)
Rule:GATE(5,5);SD(5,5);GATE_SD(0.5);GATE_ITO(0.5);SD_ITO(0.5)
Module:M14
Boundary:(596.2, 354.5)(667.2, 354.5)(667.2, 423.4)(679.7, 423.4)(679.7, 552.1)(596.2, 552.1);GATE
Port:(607.9, 547.8)(668.0, 547.8)(668.0, 552.1)(607.9, 552.1);SD
Port:(596.2, 354.5)(667.2, 354.5)(667.2, 423.4)(679.7, 423.4)(679.7, 545.3)(596.2, 545.3);GATE
Port:(601.7, 359.0)(660.7, 359.0)(660.7, 364.4)(601.7, 364.4);SD
Module:M9
Boundary:(832.4, 1119.8)(832.4, 1151.4)(832.3, 1151.4)(832.3, 1166.2)(673.0, 1166.2)(673.0, 1119.8);GATE
Port:(673.0, 1132.5)(678.2, 1132.5)(678.2, 1153.5)(673.0, 1153.5);SD
Port:(832.4, 1119.8)(832.4, 1151.4)(832.3, 1151.4)(832.3, 1166.2)(680.9, 1166.2)(680.9, 1119.8);GATE
Port:(822.4, 1125.6)(827.6, 1125.6)(827.6, 1145.6)(822.4, 1145.6);SD
Module:M5
Boundary:(539.9, 1052.5)(539.9, 1176.6)(382.1, 1176.6)(382.1, 1052.5);GATE
Port:(382.1, 1067.5)(386.7, 1067.5)(386.7, 1161.6)(382.1, 1161.6);SD
Port:(539.9, 1052.5)(539.9, 1176.6)(387.7, 1176.6)(387.7, 1052.5);GATE
Port:(527.9, 1059.1)(534.3, 1059.1)(534.3, 1170.0)(527.9, 1170.0);SD
Module:M11
Boundary:(794.3, 20.0)(852.0, 20.0)(852.0, 181.3)(794.3, 181.3);GATE
Port:(806.6, 175.7)(839.7, 175.7)(839.7, 181.3)(806.6, 181.3);SD
Port:(794.3, 20.0)(852.0, 20.0)(852.0, 174.6)(794.3, 174.6);GATE
Port:(800.9, 25.6)(845.4, 25.6)(845.4, 30.3)(800.9, 30.3);SD
Module:M1
Boundary:(299.7, 150.0)(358.7, 150.0)(358.7, 272.8)(299.7, 272.8);GATE
Port:(311.2, 267.5)(347.2, 267.5)(347.2, 272.8)(311.2, 272.8);SD
Port:(299.7, 150.0)(358.7, 150.0)(358.7, 264.6)(299.7, 264.6);GATE
Port:(305.4, 154.7)(353.0, 154.7)(353.0, 159.5)(305.4, 159.5);SD
Module:M43
Boundary:(554.5, 279.8)(554.5, 360.8)(554.1, 360.8)(554.1, 376.6)(405.0, 376.6)(405.0, 279.8);GATE
Port:(405.0, 292.9)(410.4, 292.9)(410.4, 363.5)(405.0, 363.5);SD
Port:(554.5, 279.8)(554.5, 360.8)(554.1, 360.8)(554.1, 376.6)(413.2, 376.6)(413.2, 279.8);GATE
Port:(543.7, 286.1)(549.2, 286.1)(549.2, 354.5)(543.7, 354.5);SD
Module:M38
Boundary:(658.6, 20.0)(736.5, 20.0)(736.5, 118.8)(754.3, 118.8)(754.3, 212.9)(658.6, 212.9);GATE
Port:(674.6, 207.0)(738.3, 207.0)(738.3, 212.9)(674.6, 212.9);SD
Port:(658.6, 20.0)(736.5, 20.0)(736.5, 118.8)(754.3, 118.8)(754.3, 204.3)(658.6, 204.3);GATE
Port:(665.4, 25.8)(728.7, 25.8)(728.7, 32.7)(665.4, 32.7);SD
Module:M40
Boundary:(30.0, 248.5)(80.1, 248.5)(80.1, 299.8)(95.5, 299.8)(95.5, 358.5)(30.0, 358.5);GATE
Port:(43.2, 352.8)(82.3, 352.8)(82.3, 358.5)(43.2, 358.5);SD
Port:(30.0, 248.5)(80.1, 248.5)(80.1, 299.8)(95.5, 299.8)(95.5, 350.9)(30.0, 350.9);GATE
Port:(35.7, 253.2)(73.4, 253.2)(73.4, 258.3)(35.7, 258.3);SD
Module:M35
Boundary:(671.6, 592.1)(671.6, 624.2)(671.5, 624.2)(671.5, 640.3)(596.2, 640.3)(596.2, 592.1);GATE
Port:(596.2, 604.6)(600.4, 604.6)(600.4, 627.8)(596.2, 627.8);SD
Port:(671.6, 592.1)(671.6, 624.2)(671.5, 624.2)(671.5, 640.3)(602.9, 640.3)(602.9, 592.1);GATE
Port:(661.6, 597.3)(667.4, 597.3)(667.4, 619.0)(661.6, 619.0);SD
Module:M32
Boundary:(518.9, 30.0)(592.2, 30.0)(592.2, 124.6)(608.6, 124.6)(608.6, 214.8)(518.9, 214.8);GATE
Port:(534.1, 210.6)(593.4, 210.6)(593.4, 214.8)(534.1, 214.8);SD
Port:(518.9, 30.0)(592.2, 30.0)(592.2, 124.6)(608.6, 124.6)(608.6, 208.5)(518.9, 208.5);GATE
Port:(525.6, 35.7)(584.5, 35.7)(584.5, 41.8)(525.6, 41.8);SD
Module:M27
Boundary:(671.9, 264.8)(671.9, 299.3)(671.7, 299.3)(671.7, 314.5)(594.5, 314.5)(594.5, 264.8);GATE
Port:(594.5, 278.9)(600.1, 278.9)(600.1, 300.4)(594.5, 300.4);SD
Port:(671.9, 264.8)(671.9, 299.3)(671.7, 299.3)(671.7, 314.5)(601.9, 314.5)(601.9, 264.8);GATE
Port:(660.2, 271.7)(666.0, 271.7)(666.0, 292.4)(660.2, 292.4);SD
Module:M24
Boundary:(892.0, 20.0)(945.9, 20.0)(945.9, 93.9)(961.8, 93.9)(961.8, 191.0)(892.0, 191.0);GATE
Port:(906.2, 186.6)(947.6, 186.6)(947.6, 191.0)(906.2, 191.0);SD
Port:(892.0, 20.0)(945.9, 20.0)(945.9, 93.9)(961.8, 93.9)(961.8, 184.9)(892.0, 184.9);GATE
Port:(899.0, 26.0)(937.9, 26.0)(937.9, 31.4)(899.0, 31.4);SD
Module:M19
Boundary:(242.0, 750.4)(327.3, 750.4)(327.3, 750.8)(344.3, 750.8)(344.3, 944.0)(242.0, 944.0);GATE
Port:(255.7, 938.6)(330.6, 938.6)(330.6, 944.0)(255.7, 944.0);SD
Port:(242.0, 750.4)(327.3, 750.4)(327.3, 750.8)(344.3, 750.8)(344.3, 936.0)(242.0, 936.0);GATE
Port:(247.8, 755.2)(321.5, 755.2)(321.5, 760.9)(247.8, 760.9);SD
Module:M6
Boundary:(873.3, 971.2)(937.8, 971.2)(937.8, 1097.0)(952.3, 1097.0)(952.3, 1175.4)(873.3, 1175.4);GATE
Port:(885.8, 1170.6)(939.8, 1170.6)(939.8, 1175.4)(885.8, 1175.4);SD
Port:(873.3, 971.2)(937.8, 971.2)(937.8, 1097.0)(952.3, 1097.0)(952.3, 1168.5)(873.3, 1168.5);GATE
Port:(878.7, 975.6)(931.4, 975.6)(931.4, 981.9)(878.7, 981.9);SD
Module:M21
Boundary:(302.3, 495.8)(348.4, 495.8)(348.4, 495.9)(362.4, 495.9)(362.4, 586.8)(302.3, 586.8);GATE
Port:(315.2, 581.5)(349.5, 581.5)(349.5, 586.8)(315.2, 586.8);SD
Port:(302.3, 495.8)(348.4, 495.8)(348.4, 495.9)(362.4, 495.9)(362.4, 578.9)(302.3, 578.9);GATE
Port:(308.3, 500.8)(342.4, 500.8)(342.4, 506.6)(308.3, 506.6);SD
Module:M2
Boundary:(164.3, 408.2)(249.9, 408.2)(249.9, 474.3)(262.3, 474.3)(262.3, 597.6)(164.3, 597.6);GATE
Port:(176.7, 591.6)(249.9, 591.6)(249.9, 597.6)(176.7, 597.6);SD
Port:(164.3, 408.2)(249.9, 408.2)(249.9, 474.3)(262.3, 474.3)(262.3, 590.2)(164.3, 590.2);GATE
Port:(170.6, 413.5)(242.6, 413.5)(242.6, 418.8)(170.6, 418.8);SD
Module:M16
Boundary:(631.5, 680.3)(693.0, 680.3)(693.0, 721.9)(706.3, 721.9)(706.3, 788.0)(631.5, 788.0);GATE
Port:(644.4, 782.1)(693.4, 782.1)(693.4, 788.0)(644.4, 788.0);SD
Port:(631.5, 680.3)(693.0, 680.3)(693.0, 721.9)(706.3, 721.9)(706.3, 779.9)(631.5, 779.9);GATE
Port:(637.0, 684.8)(686.5, 684.8)(686.5, 690.7)(637.0, 690.7);SD
Module:M13
Boundary:(20.0, 20.0)(86.0, 20.0)(86.0, 20.1)(102.6, 20.1)(102.6, 198.5)(20.0, 198.5);GATE
Port:(33.0, 193.1)(89.6, 193.1)(89.6, 198.5)(33.0, 198.5);SD
Port:(20.0, 20.0)(86.0, 20.0)(86.0, 20.1)(102.6, 20.1)(102.6, 191.1)(20.0, 191.1);GATE
Port:(25.6, 24.6)(80.4, 24.6)(80.4, 30.3)(25.6, 30.3);SD
Module:M45
Boundary:(864.0, 814.4)(930.7, 814.4)(930.7, 814.8)(947.4, 814.8)(947.4, 931.2)(864.0, 931.2);GATE
Port:(877.5, 926.4)(933.9, 926.4)(933.9, 931.2)(877.5, 931.2);SD
Port:(864.0, 814.4)(930.7, 814.4)(930.7, 814.8)(947.4, 814.8)(947.4, 924.0)(864.0, 924.0);GATE
Port:(869.6, 819.0)(925.1, 819.0)(925.1, 825.0)(869.6, 825.0);SD
Module:M10
Boundary:(146.1, 150.0)(244.5, 150.0)(244.5, 208.7)(259.7, 208.7)(259.7, 368.2)(146.1, 368.2);GATE
Port:(159.0, 363.7)(246.8, 363.7)(246.8, 368.2)(159.0, 368.2);SD
Port:(146.1, 150.0)(244.5, 150.0)(244.5, 208.7)(259.7, 208.7)(259.7, 362.1)(146.1, 362.1);GATE
Port:(152.3, 155.2)(237.3, 155.2)(237.3, 159.7)(152.3, 159.7);SD
Module:M42
Boundary:(824.0, 829.5)(824.0, 914.4)(723.8, 914.4)(723.8, 928.1)(631.5, 928.1)(631.5, 829.5);GATE
Port:(631.5, 843.5)(637.1, 843.5)(637.1, 914.1)(631.5, 914.1);SD
Port:(824.0, 829.5)(824.0, 914.4)(723.8, 914.4)(723.8, 928.1)(638.6, 928.1)(638.6, 829.5);GATE
Port:(811.8, 835.7)(818.8, 835.7)(818.8, 906.2)(811.8, 906.2);SD
Module:M37
Boundary:(719.7, 502.2)(810.5, 502.2)(810.5, 617.2)(719.7, 617.2);GATE
Port:(734.7, 611.3)(795.5, 611.3)(795.5, 617.2)(734.7, 617.2);SD
Port:(719.7, 502.2)(810.5, 502.2)(810.5, 609.8)(719.7, 609.8);GATE
Port:(726.7, 508.2)(803.5, 508.2)(803.5, 514.5)(726.7, 514.5);SD
Module:M34
Boundary:(347.8, 20.0)(347.8, 96.6)(311.3, 96.6)(311.3, 110.0)(142.6, 110.0)(142.6, 20.0);GATE
Port:(142.6, 32.6)(147.1, 32.6)(147.1, 97.4)(142.6, 97.4);SD
Port:(347.8, 20.0)(347.8, 96.6)(311.3, 96.6)(311.3, 110.0)(148.2, 110.0)(148.2, 20.0);GATE
Port:(337.1, 26.1)(342.7, 26.1)(342.7, 89.5)(337.1, 89.5);SD
Module:M29
Boundary:(20.0, 856.2)(82.0, 856.2)(82.0, 1039.5)(20.0, 1039.5);GATE
Port:(32.9, 1034.5)(69.1, 1034.5)(69.1, 1039.5)(32.9, 1039.5);SD
Port:(20.0, 856.2)(82.0, 856.2)(82.0, 1032.7)(20.0, 1032.7);GATE
Port:(26.6, 861.8)(75.4, 861.8)(75.4, 867.0)(26.6, 867.0);SD
Module:M7
Boundary:(124.3, 762.3)(124.3, 816.2)(20.0, 816.2)(20.0, 762.3);GATE
Port:(20.0, 777.3)(25.7, 777.3)(25.7, 801.2)(20.0, 801.2);SD
Port:(124.3, 762.3)(124.3, 816.2)(28.3, 816.2)(28.3, 762.3);GATE
Port:(112.4, 768.4)(119.2, 768.4)(119.2, 810.1)(112.4, 810.1);SD
Module:M31
Boundary:(428.5, 576.3)(556.2, 576.3)(556.2, 666.5)(428.5, 666.5);GATE
Port:(443.4, 662.5)(541.3, 662.5)(541.3, 666.5)(443.4, 666.5);SD
Port:(428.5, 576.3)(556.2, 576.3)(556.2, 660.2)(428.5, 660.2);GATE
Port:(434.7, 581.5)(550.0, 581.5)(550.0, 587.9)(434.7, 587.9);SD
Module:M3
Boundary:(302.3, 312.8)(349.8, 312.8)(349.8, 313.0)(365.0, 313.0)(365.0, 455.8)(302.3, 455.8);GATE
Port:(315.3, 451.4)(352.0, 451.4)(352.0, 455.8)(315.3, 455.8);SD
Port:(302.3, 312.8)(349.8, 312.8)(349.8, 313.0)(365.0, 313.0)(365.0, 450.2)(302.3, 450.2);GATE
Port:(307.7, 317.2)(344.4, 317.2)(344.4, 322.9)(307.7, 322.9);SD
Module:M26
Boundary:(823.3, 981.2)(823.3, 1056.1)(752.2, 1056.1)(752.2, 1069.8)(683.0, 1069.8)(683.0, 981.2);GATE
Port:(683.0, 993.0)(688.2, 993.0)(688.2, 1058.0)(683.0, 1058.0);SD
Port:(823.3, 981.2)(823.3, 1056.1)(752.2, 1056.1)(752.2, 1069.8)(689.4, 1069.8)(689.4, 981.2);GATE
Port:(814.2, 986.7)(818.8, 986.7)(818.8, 1049.6)(814.2, 1049.6);SD
Module:M23
Boundary:(122.0, 856.2)(175.8, 856.2)(175.8, 856.2)(192.0, 856.2)(192.0, 1046.8)(122.0, 1046.8);GATE
Port:(137.4, 1041.0)(176.6, 1041.0)(176.6, 1046.8)(137.4, 1046.8);SD
Port:(122.0, 856.2)(175.8, 856.2)(175.8, 856.2)(192.0, 856.2)(192.0, 1038.9)(122.0, 1038.9);GATE
Port:(128.5, 861.7)(169.3, 861.7)(169.3, 869.1)(128.5, 869.1);SD
Module:M18
Boundary:(756.3, 667.2)(800.8, 667.2)(800.8, 729.5)(813.9, 729.5)(813.9, 779.5)(756.3, 779.5);GATE
Port:(767.8, 773.7)(802.4, 773.7)(802.4, 779.5)(767.8, 779.5);SD
Port:(756.3, 667.2)(800.8, 667.2)(800.8, 729.5)(813.9, 729.5)(813.9, 771.0)(756.3, 771.0);GATE
Port:(761.5, 671.4)(794.6, 671.4)(794.6, 676.9)(761.5, 676.9);SD
Module:M20
Boundary:(719.7, 252.9)(793.0, 252.9)(793.0, 308.2)(809.7, 308.2)(809.7, 462.2)(719.7, 462.2);GATE
Port:(734.4, 457.3)(795.0, 457.3)(795.0, 462.2)(734.4, 462.2);SD
Port:(719.7, 252.9)(793.0, 252.9)(793.0, 308.2)(809.7, 308.2)(809.7, 454.5)(719.7, 454.5);GATE
Port:(725.9, 258.1)(785.8, 258.1)(785.8, 264.2)(725.9, 264.2);SD
Module:M15
Boundary:(579.9, 1052.5)(633.0, 1052.5)(633.0, 1163.1)(579.9, 1163.1);GATE
Port:(594.7, 1158.4)(618.2, 1158.4)(618.2, 1163.1)(594.7, 1163.1);SD
Port:(579.9, 1052.5)(633.0, 1052.5)(633.0, 1156.5)(579.9, 1156.5);GATE
Port:(586.2, 1057.8)(626.7, 1057.8)(626.7, 1064.4)(586.2, 1064.4);SD
Module:M12
Boundary:(405.0, 20.0)(468.9, 20.0)(468.9, 239.8)(405.0, 239.8);GATE
Port:(419.1, 235.5)(454.8, 235.5)(454.8, 239.8)(419.1, 239.8);SD
Port:(405.0, 20.0)(468.9, 20.0)(468.9, 232.8)(405.0, 232.8);GATE
Port:(411.4, 25.4)(462.5, 25.4)(462.5, 31.6)(411.4, 31.6);SD
Module:M44
Boundary:(584.8, 706.5)(584.8, 809.1)(520.0, 809.1)(520.0, 825.1)(428.5, 825.1)(428.5, 706.5);GATE
Port:(428.5, 720.2)(433.8, 720.2)(433.8, 811.4)(428.5, 811.4);SD
Port:(584.8, 706.5)(584.8, 809.1)(520.0, 809.1)(520.0, 825.1)(436.2, 825.1)(436.2, 706.5);GATE
Port:(574.3, 712.0)(580.3, 712.0)(580.3, 802.6)(574.3, 802.6);SD
Module:M39
Boundary:(860.5, 477.1)(932.4, 477.1)(932.4, 477.4)(945.9, 477.4)(945.9, 551.7)(860.5, 551.7);GATE
Port:(872.7, 547.5)(933.7, 547.5)(933.7, 551.7)(872.7, 551.7);SD
Port:(860.5, 477.1)(932.4, 477.1)(932.4, 477.4)(945.9, 477.4)(945.9, 544.6)(860.5, 544.6);GATE
Port:(866.0, 481.6)(926.9, 481.6)(926.9, 487.6)(866.0, 487.6);SD
Module:M8
Boundary:(863.9, 601.7)(941.4, 601.7)(941.4, 690.7)(955.7, 690.7)(955.7, 774.4)(863.9, 774.4);GATE
Port:(875.8, 769.3)(943.8, 769.3)(943.8, 774.4)(875.8, 774.4);SD
Port:(863.9, 601.7)(941.4, 601.7)(941.4, 690.7)(955.7, 690.7)(955.7, 766.3)(863.9, 766.3);GATE
Port:(869.1, 605.9)(935.2, 605.9)(935.2, 611.0)(869.1, 611.0);SD
Module:M41
Boundary:(20.0, 408.5)(106.1, 408.5)(106.1, 595.7)(20.0, 595.7);GATE
Port:(32.0, 589.8)(94.1, 589.8)(94.1, 595.7)(32.0, 595.7);SD
Port:(20.0, 408.5)(106.1, 408.5)(106.1, 587.9)(20.0, 587.9);GATE
Port:(25.7, 413.2)(100.4, 413.2)(100.4, 418.6)(25.7, 418.6);SD
Module:M4
Boundary:(122.3, 635.7)(122.3, 709.0)(90.2, 709.0)(90.2, 722.3)(20.0, 722.3)(20.0, 635.7);GATE
Port:(20.0, 647.1)(24.4, 647.1)(24.4, 710.9)(20.0, 710.9);SD
Port:(122.3, 635.7)(122.3, 709.0)(90.2, 709.0)(90.2, 722.3)(25.6, 722.3)(25.6, 635.7);GATE
Port:(112.7, 641.1)(117.9, 641.1)(117.9, 702.6)(112.7, 702.6);SD
Module:M36
Boundary:(849.7, 231.0)(937.9, 231.0)(937.9, 316.6)(954.2, 316.6)(954.2, 427.1)(849.7, 427.1);GATE
Port:(863.5, 421.4)(940.4, 421.4)(940.4, 427.1)(863.5, 427.1);SD
Port:(849.7, 231.0)(937.9, 231.0)(937.9, 316.6)(954.2, 316.6)(954.2, 418.6)(849.7, 418.6);GATE
Port:(856.2, 236.5)(930.4, 236.5)(930.4, 241.7)(856.2, 241.7);SD
Module:M33
Boundary:(540.2, 416.6)(540.2, 536.3)(405.0, 536.3)(405.0, 416.6);GATE
Port:(405.0, 430.6)(410.4, 430.6)(410.4, 522.3)(405.0, 522.3);SD
Port:(540.2, 416.6)(540.2, 536.3)(413.3, 536.3)(413.3, 416.6);GATE
Port:(528.9, 423.3)(534.5, 423.3)(534.5, 529.6)(528.9, 529.6);SD
Module:M28
Boundary:(232.0, 994.0)(325.1, 994.0)(325.1, 1024.0)(342.1, 1024.0)(342.1, 1171.0)(232.0, 1171.0);GATE
Port:(247.6, 1165.8)(326.5, 1165.8)(326.5, 1171.0)(247.6, 1171.0);SD
Port:(232.0, 994.0)(325.1, 994.0)(325.1, 1024.0)(342.1, 1024.0)(342.1, 1162.9)(232.0, 1162.9);GATE
Port:(238.1, 999.1)(318.0, 999.1)(318.0, 1006.5)(238.1, 1006.5);SD
Module:M30
Boundary:(489.8, 865.1)(575.3, 865.1)(575.3, 951.3)(591.5, 951.3)(591.5, 1012.5)(489.8, 1012.5);GATE
Port:(502.3, 1007.4)(579.0, 1007.4)(579.0, 1012.5)(502.3, 1012.5);SD
Port:(489.8, 865.1)(575.3, 865.1)(575.3, 951.3)(591.5, 951.3)(591.5, 1005.1)(489.8, 1005.1);GATE
Port:(495.6, 869.9)(568.5, 869.9)(568.5, 874.6)(495.6, 874.6);SD
Module:M25
Boundary:(388.5, 637.6)(388.5, 700.4)(164.3, 700.4)(164.3, 637.6);GATE
Port:(164.3, 650.4)(169.0, 650.4)(169.0, 687.6)(164.3, 687.6);SD
Port:(388.5, 637.6)(388.5, 700.4)(170.4, 700.4)(170.4, 637.6);GATE
Port:(377.5, 643.5)(383.6, 643.5)(383.6, 694.5)(377.5, 694.5);SD
Module:M22
Boundary:(394.3, 865.1)(437.9, 865.1)(437.9, 876.7)(449.8, 876.7)(449.8, 1002.2)(394.3, 1002.2);GATE
Port:(406.0, 997.8)(438.1, 997.8)(438.1, 1002.2)(406.0, 1002.2);SD
Port:(394.3, 865.1)(437.9, 865.1)(437.9, 876.7)(449.8, 876.7)(449.8, 996.5)(394.3, 996.5);GATE
Port:(399.7, 869.5)(431.5, 869.5)(431.5, 875.2)(399.7, 875.2);SD
Module:M17
Boundary:(161.7, 1096.8)(161.7, 1167.3)(30.0, 1167.3)(30.0, 1096.8);GATE
Port:(30.0, 1110.4)(34.8, 1110.4)(34.8, 1153.7)(30.0, 1153.7);SD
Port:(161.7, 1096.8)(161.7, 1167.3)(37.8, 1167.3)(37.8, 1096.8);GATE
Port:(151.0, 1103.0)(156.5, 1103.0)(156.5, 1161.1)(151.0, 1161.1);SD
