Area:(-20.0, -4.0)(643.6, -4.0)(643.6, 1549.5)(-20.0, 1549.5)
Rule:GATE(5,5);SD(5,5);GATE_SD(0.5);GATE_ITO(0.5);SD_ITO(0.5)
Module:M24
Boundary:(156.8, 124.7)(156.8, 51.7)(65.8, 51.7)(65.8, 124.7);GATE
Port:(65.8, 66.2)(75.8, 66.2)(75.8, 110.2)(65.8, 110.2);SD
Port:(156.8, 124.7)(156.8, 51.7)(80.8, 51.7)(80.8, 124.7);GATE
Port:(147.8, 61.7)(151.8, 61.7)(151.8, 114.7)(147.8, 114.7);SD
Module:M10
Boundary:(527.0, 86.7)(527.0, 162.7)(519.0, 162.7)(519.0, 177.7)(394.0, 177.7)(394.0, 86.7);GATE
Port:(394.0, 101.2)(404.0, 101.2)(404.0, 163.2)(394.0, 163.2);SD
Port:(527.0, 86.7)(527.0, 162.7)(519.0, 162.7)(519.0, 177.7)(409.0, 177.7)(409.0, 86.7);GATE
Port:(518.0, 96.7)(522.0, 96.7)(522.0, 147.7)(518.0, 147.7);SD
Module:M12
Boundary:(391.1, 36.0)(318.1, 36.0)(318.1, 224.0)(391.1, 224.0);GATE
Port:(332.6, 214.0)(376.6, 214.0)(376.6, 224.0)(332.6, 224.0);SD
Port:(391.1, 36.0)(318.1, 36.0)(318.1, 209.0)(391.1, 209.0);GATE
Port:(328.1, 41.0)(381.1, 41.0)(381.1, 45.0)(328.1, 45.0);SD
Module:M2
Boundary:(311.2, 267.1)(311.2, 209.6)(258.7, 209.6)(258.7, 86.1)(163.2, 86.1)(163.2, 267.1);GATE
Port:(163.2, 100.6)(173.2, 100.6)(173.2, 252.6)(163.2, 252.6);SD
Port:(311.2, 267.1)(311.2, 209.6)(258.7, 209.6)(258.7, 86.1)(178.2, 86.1)(178.2, 267.1);GATE
Port:(302.2, 224.1)(306.2, 224.1)(306.2, 257.1)(302.2, 257.1);SD
Module:M30
Boundary:(152.3, 137.8)(76.3, 137.8)(76.3, 145.8)(61.3, 145.8)(61.3, 302.8)(152.3, 302.8);GATE
Port:(75.8, 292.8)(137.8, 292.8)(137.8, 302.8)(75.8, 302.8);SD
Port:(152.3, 137.8)(76.3, 137.8)(76.3, 145.8)(61.3, 145.8)(61.3, 287.8)(152.3, 287.8);GATE
Port:(91.3, 142.8)(142.3, 142.8)(142.3, 146.8)(91.3, 146.8);SD
Module:M26
Boundary:(151.0, 388.5)(227.0, 388.5)(227.0, 380.5)(242.0, 380.5)(242.0, 303.5)(151.0, 303.5);GATE
Port:(165.5, 303.5)(227.5, 303.5)(227.5, 313.5)(165.5, 313.5);SD
Port:(151.0, 388.5)(227.0, 388.5)(227.0, 380.5)(242.0, 380.5)(242.0, 318.5)(151.0, 318.5);GATE
Port:(161.0, 379.5)(212.0, 379.5)(212.0, 383.5)(161.0, 383.5);SD
Module:M20
Boundary:(472.0, 201.5)(472.0, 295.0)(538.2, 295.0)(538.2, 436.5)(588.0, 436.5)(588.0, 201.5);GATE
Port:(578.0, 216.0)(588.0, 216.0)(588.0, 422.0)(578.0, 422.0);SD
Port:(472.0, 201.5)(472.0, 295.0)(538.2, 295.0)(538.2, 436.5)(573.0, 436.5)(573.0, 201.5);GATE
Port:(477.0, 211.5)(481.0, 211.5)(481.0, 280.5)(477.0, 280.5);SD
Module:M27
Boundary:(271.0, 463.0)(400.5, 463.0)(400.5, 448.9)(416.0, 448.9)(416.0, 276.0)(271.0, 276.0);GATE
Port:(285.5, 276.0)(401.5, 276.0)(401.5, 286.0)(285.5, 286.0);SD
Port:(271.0, 463.0)(400.5, 463.0)(400.5, 448.9)(416.0, 448.9)(416.0, 291.0)(271.0, 291.0);GATE
Port:(281.0, 454.0)(386.0, 454.0)(386.0, 458.0)(281.0, 458.0);SD
Module:M4
Boundary:(82.0, 368.4)(82.0, 497.9)(68.0, 497.9)(68.0, 513.5)(20.0, 513.5)(20.0, 368.4);GATE
Port:(20.0, 382.9)(30.0, 382.9)(30.0, 498.9)(20.0, 498.9);SD
Port:(82.0, 368.4)(82.0, 497.9)(68.0, 497.9)(68.0, 513.5)(35.0, 513.5)(35.0, 368.4);GATE
Port:(73.0, 378.4)(77.0, 378.4)(77.0, 483.4)(73.0, 483.4);SD
Module:M25
Boundary:(136.9, 408.2)(248.4, 408.2)(248.4, 420.2)(263.9, 420.2)(263.9, 535.2)(136.9, 535.2);GATE
Port:(151.4, 525.2)(249.4, 525.2)(249.4, 535.2)(151.4, 535.2);SD
Port:(136.9, 408.2)(248.4, 408.2)(248.4, 420.2)(263.9, 420.2)(263.9, 520.2)(136.9, 520.2);GATE
Port:(146.9, 413.2)(233.9, 413.2)(233.9, 417.2)(146.9, 417.2);SD
Module:M6
Boundary:(444.0, 461.4)(555.5, 461.4)(555.5, 473.4)(571.0, 473.4)(571.0, 597.4)(444.0, 597.4);GATE
Port:(458.5, 587.4)(556.5, 587.4)(556.5, 597.4)(458.5, 597.4);SD
Port:(444.0, 461.4)(555.5, 461.4)(555.5, 473.4)(571.0, 473.4)(571.0, 582.4)(444.0, 582.4);GATE
Port:(454.0, 466.4)(541.0, 466.4)(541.0, 470.4)(454.0, 470.4);SD
Module:M5
Boundary:(122.0, 578.1)(233.5, 578.1)(233.5, 590.1)(249.0, 590.1)(249.0, 654.1)(122.0, 654.1);GATE
Port:(136.5, 644.1)(234.5, 644.1)(234.5, 654.1)(136.5, 654.1);SD
Port:(122.0, 578.1)(233.5, 578.1)(233.5, 590.1)(249.0, 590.1)(249.0, 639.1)(122.0, 639.1);GATE
Port:(132.0, 583.1)(219.0, 583.1)(219.0, 587.1)(132.0, 587.1);SD
Module:M11
Boundary:(289.0, 502.1)(418.5, 502.1)(418.5, 516.1)(434.0, 516.1)(434.0, 653.1)(289.0, 653.1);GATE
Port:(303.5, 643.1)(419.5, 643.1)(419.5, 653.1)(303.5, 653.1);SD
Port:(289.0, 502.1)(418.5, 502.1)(418.5, 516.1)(434.0, 516.1)(434.0, 638.1)(289.0, 638.1);GATE
Port:(299.0, 507.1)(404.0, 507.1)(404.0, 511.1)(299.0, 511.1);SD
Module:M15
Boundary:(82.0, 714.5)(82.0, 585.0)(63.0, 585.0)(63.0, 569.5)(20.0, 569.5)(20.0, 714.5);GATE
Port:(20.0, 584.0)(30.0, 584.0)(30.0, 700.0)(20.0, 700.0);SD
Port:(82.0, 714.5)(82.0, 585.0)(63.0, 585.0)(63.0, 569.5)(35.0, 569.5)(35.0, 714.5);GATE
Port:(73.0, 599.5)(77.0, 599.5)(77.0, 704.5)(73.0, 704.5);SD
Module:M9
Boundary:(539.8, 640.8)(539.8, 770.3)(525.8, 770.3)(525.8, 785.8)(464.8, 785.8)(464.8, 640.8);GATE
Port:(464.8, 655.3)(474.8, 655.3)(474.8, 771.3)(464.8, 771.3);SD
Port:(539.8, 640.8)(539.8, 770.3)(525.8, 770.3)(525.8, 785.8)(479.8, 785.8)(479.8, 640.8);GATE
Port:(530.8, 650.8)(534.8, 650.8)(534.8, 755.8)(530.8, 755.8);SD
Module:M29
Boundary:(144.1, 704.7)(144.1, 834.2)(158.1, 834.2)(158.1, 849.7)(242.1, 849.7)(242.1, 704.7);GATE
Port:(232.1, 719.2)(242.1, 719.2)(242.1, 835.2)(232.1, 835.2);SD
Port:(144.1, 704.7)(144.1, 834.2)(158.1, 834.2)(158.1, 849.7)(227.1, 849.7)(227.1, 704.7);GATE
Port:(149.1, 714.7)(153.1, 714.7)(153.1, 819.7)(149.1, 819.7);SD
Module:M13
Boundary:(114.8, 715.0)(114.8, 808.5)(104.8, 808.5)(104.8, 824.0)(36.8, 824.0)(36.8, 715.0);GATE
Port:(36.8, 729.5)(46.8, 729.5)(46.8, 809.5)(36.8, 809.5);SD
Port:(114.8, 715.0)(114.8, 808.5)(104.8, 808.5)(104.8, 824.0)(51.8, 824.0)(51.8, 715.0);GATE
Port:(105.8, 725.0)(109.8, 725.0)(109.8, 794.0)(105.8, 794.0);SD
Module:M28
Boundary:(276.0, 661.7)(276.0, 809.2)(292.0, 809.2)(292.0, 824.7)(456.0, 824.7)(456.0, 661.7);GATE
Port:(446.0, 676.2)(456.0, 676.2)(456.0, 810.2)(446.0, 810.2);SD
Port:(276.0, 661.7)(276.0, 809.2)(292.0, 809.2)(292.0, 824.7)(441.0, 824.7)(441.0, 661.7);GATE
Port:(281.0, 671.7)(285.0, 671.7)(285.0, 794.7)(281.0, 794.7);SD
Module:M22
Boundary:(583.7, 791.1)(490.2, 791.1)(490.2, 801.1)(474.7, 801.1)(474.7, 949.1)(583.7, 949.1);GATE
Port:(489.2, 939.1)(569.2, 939.1)(569.2, 949.1)(489.2, 949.1);SD
Port:(583.7, 791.1)(490.2, 791.1)(490.2, 801.1)(474.7, 801.1)(474.7, 934.1)(583.7, 934.1);GATE
Port:(504.7, 796.1)(573.7, 796.1)(573.7, 800.1)(504.7, 800.1);SD
Module:M21
Boundary:(297.5, 841.5)(297.5, 917.5)(305.5, 917.5)(305.5, 932.5)(445.5, 932.5)(445.5, 841.5);GATE
Port:(435.5, 856.0)(445.5, 856.0)(445.5, 918.0)(435.5, 918.0);SD
Port:(297.5, 841.5)(297.5, 917.5)(305.5, 917.5)(305.5, 932.5)(430.5, 932.5)(430.5, 841.5);GATE
Port:(302.5, 851.5)(306.5, 851.5)(306.5, 902.5)(302.5, 902.5);SD
Module:M18
Boundary:(427.7, 951.0)(427.7, 1080.5)(413.7, 1080.5)(413.7, 1096.0)(253.7, 1096.0)(253.7, 951.0);GATE
Port:(253.7, 965.5)(263.7, 965.5)(263.7, 1081.5)(253.7, 1081.5);SD
Port:(427.7, 951.0)(427.7, 1080.5)(413.7, 1080.5)(413.7, 1096.0)(268.7, 1096.0)(268.7, 951.0);GATE
Port:(418.7, 961.0)(422.7, 961.0)(422.7, 1066.0)(418.7, 1066.0);SD
Module:M7
Boundary:(575.8, 970.4)(575.8, 1117.9)(559.8, 1117.9)(559.8, 1133.4)(478.8, 1133.4)(478.8, 970.4);GATE
Port:(478.8, 984.9)(488.8, 984.9)(488.8, 1118.9)(478.8, 1118.9);SD
Port:(575.8, 970.4)(575.8, 1117.9)(559.8, 1117.9)(559.8, 1133.4)(493.8, 1133.4)(493.8, 970.4);GATE
Port:(566.8, 980.4)(570.8, 980.4)(570.8, 1103.4)(566.8, 1103.4);SD
Module:M19
Boundary:(239.3, 867.0)(239.3, 960.5)(107.7, 960.5)(107.7, 1192.0)(55.3, 1192.0)(55.3, 867.0);GATE
Port:(55.3, 881.5)(65.3, 881.5)(65.3, 1177.5)(55.3, 1177.5);SD
Port:(239.3, 867.0)(239.3, 960.5)(107.7, 960.5)(107.7, 1192.0)(70.3, 1192.0)(70.3, 867.0);GATE
Port:(230.3, 877.0)(234.3, 877.0)(234.3, 946.0)(230.3, 946.0);SD
Module:M3
Boundary:(484.3, 1290.8)(484.3, 1197.3)(474.3, 1197.3)(474.3, 1181.8)(388.3, 1181.8)(388.3, 1290.8);GATE
Port:(388.3, 1196.3)(398.3, 1196.3)(398.3, 1276.3)(388.3, 1276.3);SD
Port:(484.3, 1290.8)(484.3, 1197.3)(474.3, 1197.3)(474.3, 1181.8)(403.3, 1181.8)(403.3, 1290.8);GATE
Port:(475.3, 1211.8)(479.3, 1211.8)(479.3, 1280.8)(475.3, 1280.8);SD
Module:M23
Boundary:(524.6, 1138.1)(524.6, 1249.6)(536.6, 1249.6)(536.6, 1265.1)(603.6, 1265.1)(603.6, 1138.1);GATE
Port:(593.6, 1152.6)(603.6, 1152.6)(603.6, 1250.6)(593.6, 1250.6);SD
Port:(524.6, 1138.1)(524.6, 1249.6)(536.6, 1249.6)(536.6, 1265.1)(588.6, 1265.1)(588.6, 1138.1);GATE
Port:(529.6, 1148.1)(533.6, 1148.1)(533.6, 1235.1)(529.6, 1235.1);SD
Module:M8
Boundary:(155.2, 1331.1)(155.2, 1237.6)(103.4, 1237.6)(103.4, 1204.1)(32.2, 1204.1)(32.2, 1331.1);GATE
Port:(32.2, 1218.6)(42.2, 1218.6)(42.2, 1316.6)(32.2, 1316.6);SD
Port:(155.2, 1331.1)(155.2, 1237.6)(103.4, 1237.6)(103.4, 1204.1)(47.2, 1204.1)(47.2, 1331.1);GATE
Port:(146.2, 1252.1)(150.2, 1252.1)(150.2, 1321.1)(146.2, 1321.1);SD
Module:M14
Boundary:(362.9, 1189.8)(362.9, 1301.3)(350.9, 1301.3)(350.9, 1316.8)(243.9, 1316.8)(243.9, 1189.8);GATE
Port:(243.9, 1204.3)(253.9, 1204.3)(253.9, 1302.3)(243.9, 1302.3);SD
Port:(362.9, 1189.8)(362.9, 1301.3)(350.9, 1301.3)(350.9, 1316.8)(258.9, 1316.8)(258.9, 1189.8);GATE
Port:(353.9, 1199.8)(357.9, 1199.8)(357.9, 1286.8)(353.9, 1286.8);SD
Module:M16
Boundary:(121.1, 1412.5)(48.1, 1412.5)(48.1, 1505.5)(121.1, 1505.5);GATE
Port:(62.6, 1495.5)(106.6, 1495.5)(106.6, 1505.5)(62.6, 1505.5);SD
Port:(121.1, 1412.5)(48.1, 1412.5)(48.1, 1490.5)(121.1, 1490.5);GATE
Port:(58.1, 1417.5)(111.1, 1417.5)(111.1, 1421.5)(58.1, 1421.5);SD
Module:M1
Boundary:(584.3, 1482.2)(584.3, 1370.7)(498.5, 1370.7)(498.5, 1337.2)(395.3, 1337.2)(395.3, 1482.2);GATE
Port:(395.3, 1351.7)(405.3, 1351.7)(405.3, 1467.7)(395.3, 1467.7);SD
Port:(584.3, 1482.2)(584.3, 1370.7)(498.5, 1370.7)(498.5, 1337.2)(410.3, 1337.2)(410.3, 1482.2);GATE
Port:(575.3, 1385.2)(579.3, 1385.2)(579.3, 1472.2)(575.3, 1472.2);SD
Module:M17
Boundary:(338.5, 1509.5)(245.0, 1509.5)(245.0, 1449.5)(121.5, 1449.5)(121.5, 1398.5)(338.5, 1398.5);GATE
Port:(136.0, 1398.5)(324.0, 1398.5)(324.0, 1408.5)(136.0, 1408.5);SD
Port:(338.5, 1509.5)(245.0, 1509.5)(245.0, 1449.5)(121.5, 1449.5)(121.5, 1413.5)(338.5, 1413.5);GATE
Port:(259.5, 1500.5)(328.5, 1500.5)(328.5, 1504.5)(259.5, 1504.5);SD
