Area:(-20.0, -20.0)(1017.0, -20.0)(1017.0, 1488.0)(-20.0, 1488.0)
Rule:GATE(5,5);SD(5,5);GATE_SD(0.5);GATE_ITO(0.5);SD_ITO(0.5)
Module:M14
Boundary:(272.0, 1373.0)(272.0, 1446.0)(133.0, 1446.0)(133.0, 1373.0);GATE
Port:(133.0, 1387.5)(143.0, 1387.5)(143.0, 1431.5)(133.0, 1431.5);SD
Port:(272.0, 1373.0)(272.0, 1446.0)(148.0, 1446.0)(148.0, 1373.0);GATE
Port:(263.0, 1383.0)(267.0, 1383.0)(267.0, 1436.0)(263.0, 1436.0);SD
Module:M9
Boundary:(976.0, 1256.0)(976.0, 1349.5)(886.9, 1349.5)(886.9, 1437.0)(802.0, 1437.0)(802.0, 1256.0);GATE
Port:(802.0, 1270.5)(812.0, 1270.5)(812.0, 1422.5)(802.0, 1422.5);SD
Port:(976.0, 1256.0)(976.0, 1349.5)(886.9, 1349.5)(886.9, 1437.0)(817.0, 1437.0)(817.0, 1256.0);GATE
Port:(967.0, 1266.0)(971.0, 1266.0)(971.0, 1335.0)(967.0, 1335.0);SD
Module:M5
Boundary:(422.0, 742.0)(422.0, 871.5)(403.0, 871.5)(403.0, 887.0)(329.0, 887.0)(329.0, 742.0);GATE
Port:(329.0, 756.5)(339.0, 756.5)(339.0, 872.5)(329.0, 872.5);SD
Port:(422.0, 742.0)(422.0, 871.5)(403.0, 871.5)(403.0, 887.0)(344.0, 887.0)(344.0, 742.0);GATE
Port:(413.0, 752.0)(417.0, 752.0)(417.0, 857.0)(413.0, 857.0);SD
Module:M11
Boundary:(428.0, 557.0)(428.0, 686.5)(414.0, 686.5)(414.0, 702.0)(238.0, 702.0)(238.0, 557.0);GATE
Port:(238.0, 571.5)(248.0, 571.5)(248.0, 687.5)(238.0, 687.5);SD
Port:(428.0, 557.0)(428.0, 686.5)(414.0, 686.5)(414.0, 702.0)(253.0, 702.0)(253.0, 557.0);GATE
Port:(419.0, 567.0)(423.0, 567.0)(423.0, 672.0)(419.0, 672.0);SD
Module:M1
Boundary:(20.0, 1315.0)(93.0, 1315.0)(93.0, 1443.0)(20.0, 1443.0);GATE
Port:(34.5, 1433.0)(78.5, 1433.0)(78.5, 1443.0)(34.5, 1443.0);SD
Port:(20.0, 1315.0)(93.0, 1315.0)(93.0, 1428.0)(20.0, 1428.0);GATE
Port:(30.0, 1320.0)(83.0, 1320.0)(83.0, 1324.0)(30.0, 1324.0);SD
Module:M43
Boundary:(20.0, 1186.0)(93.0, 1186.0)(93.0, 1275.0)(20.0, 1275.0);GATE
Port:(34.5, 1265.0)(78.5, 1265.0)(78.5, 1275.0)(34.5, 1275.0);SD
Port:(20.0, 1186.0)(93.0, 1186.0)(93.0, 1260.0)(20.0, 1260.0);GATE
Port:(30.0, 1191.0)(83.0, 1191.0)(83.0, 1195.0)(30.0, 1195.0);SD
Module:M38
Boundary:(552.0, 390.0)(552.0, 519.5)(524.0, 519.5)(524.0, 589.0)(475.0, 589.0)(475.0, 390.0);GATE
Port:(475.0, 404.5)(485.0, 404.5)(485.0, 574.5)(475.0, 574.5);SD
Port:(552.0, 390.0)(552.0, 519.5)(524.0, 519.5)(524.0, 589.0)(490.0, 589.0)(490.0, 390.0);GATE
Port:(543.0, 400.0)(547.0, 400.0)(547.0, 505.0)(543.0, 505.0);SD
Module:M40
Boundary:(30.0, 776.0)(141.5, 776.0)(141.5, 788.0)(157.0, 788.0)(157.0, 852.0)(30.0, 852.0);GATE
Port:(44.5, 842.0)(142.5, 842.0)(142.5, 852.0)(44.5, 852.0);SD
Port:(30.0, 776.0)(141.5, 776.0)(141.5, 788.0)(157.0, 788.0)(157.0, 837.0)(30.0, 837.0);GATE
Port:(40.0, 781.0)(127.0, 781.0)(127.0, 785.0)(40.0, 785.0);SD
Module:M35
Boundary:(613.0, 1357.0)(613.0, 1433.0)(605.0, 1433.0)(605.0, 1448.0)(461.0, 1448.0)(461.0, 1357.0);GATE
Port:(461.0, 1371.5)(471.0, 1371.5)(471.0, 1433.5)(461.0, 1433.5);SD
Port:(613.0, 1357.0)(613.0, 1433.0)(605.0, 1433.0)(605.0, 1448.0)(476.0, 1448.0)(476.0, 1357.0);GATE
Port:(604.0, 1367.0)(608.0, 1367.0)(608.0, 1418.0)(604.0, 1418.0);SD
Module:M32
Boundary:(782.0, 450.0)(782.0, 561.5)(770.0, 561.5)(770.0, 577.0)(602.0, 577.0)(602.0, 450.0);GATE
Port:(602.0, 464.5)(612.0, 464.5)(612.0, 562.5)(602.0, 562.5);SD
Port:(782.0, 450.0)(782.0, 561.5)(770.0, 561.5)(770.0, 577.0)(617.0, 577.0)(617.0, 450.0);GATE
Port:(773.0, 460.0)(777.0, 460.0)(777.0, 547.0)(773.0, 547.0);SD
Module:M27
Boundary:(621.0, 20.0)(697.0, 20.0)(697.0, 28.0)(712.0, 28.0)(712.0, 216.0)(621.0, 216.0);GATE
Port:(635.5, 206.0)(697.5, 206.0)(697.5, 216.0)(635.5, 216.0);SD
Port:(621.0, 20.0)(697.0, 20.0)(697.0, 28.0)(712.0, 28.0)(712.0, 201.0)(621.0, 201.0);GATE
Port:(631.0, 25.0)(682.0, 25.0)(682.0, 29.0)(631.0, 29.0);SD
Module:M24
Boundary:(329.0, 927.0)(405.0, 927.0)(405.0, 935.0)(420.0, 935.0)(420.0, 992.0)(329.0, 992.0);GATE
Port:(343.5, 982.0)(405.5, 982.0)(405.5, 992.0)(343.5, 992.0);SD
Port:(329.0, 927.0)(405.0, 927.0)(405.0, 935.0)(420.0, 935.0)(420.0, 977.0)(329.0, 977.0);GATE
Port:(339.0, 932.0)(390.0, 932.0)(390.0, 936.0)(339.0, 936.0);SD
Module:M19
Boundary:(762.0, 30.0)(837.5, 30.0)(837.5, 98.7)(961.0, 98.7)(961.0, 215.0)(762.0, 215.0);GATE
Port:(776.5, 205.0)(946.5, 205.0)(946.5, 215.0)(776.5, 215.0);SD
Port:(762.0, 30.0)(837.5, 30.0)(837.5, 98.7)(961.0, 98.7)(961.0, 200.0)(762.0, 200.0);GATE
Port:(772.0, 35.0)(823.0, 35.0)(823.0, 39.0)(772.0, 39.0);SD
Module:M6
Boundary:(166.0, 635.0)(166.0, 711.0)(158.0, 711.0)(158.0, 726.0)(20.0, 726.0)(20.0, 635.0);GATE
Port:(20.0, 649.5)(30.0, 649.5)(30.0, 711.5)(20.0, 711.5);SD
Port:(166.0, 635.0)(166.0, 711.0)(158.0, 711.0)(158.0, 726.0)(35.0, 726.0)(35.0, 635.0);GATE
Port:(157.0, 645.0)(161.0, 645.0)(161.0, 696.0)(157.0, 696.0);SD
Module:M21
Boundary:(592.0, 265.0)(703.5, 265.0)(703.5, 321.2)(773.0, 321.2)(773.0, 400.0)(592.0, 400.0);GATE
Port:(606.5, 390.0)(758.5, 390.0)(758.5, 400.0)(606.5, 400.0);SD
Port:(592.0, 265.0)(703.5, 265.0)(703.5, 321.2)(773.0, 321.2)(773.0, 385.0)(592.0, 385.0);GATE
Port:(602.0, 270.0)(689.0, 270.0)(689.0, 274.0)(602.0, 274.0);SD
Module:M2
Boundary:(371.0, 254.0)(482.5, 254.0)(482.5, 290.7)(552.0, 290.7)(552.0, 350.0)(371.0, 350.0);GATE
Port:(385.5, 340.0)(537.5, 340.0)(537.5, 350.0)(385.5, 350.0);SD
Port:(371.0, 254.0)(482.5, 254.0)(482.5, 290.7)(552.0, 290.7)(552.0, 335.0)(371.0, 335.0);GATE
Port:(381.0, 259.0)(468.0, 259.0)(468.0, 263.0)(381.0, 263.0);SD
Module:M16
Boundary:(318.0, 250.0)(318.0, 361.5)(292.4, 361.5)(292.4, 395.0)(249.0, 395.0)(249.0, 250.0);GATE
Port:(249.0, 264.5)(259.0, 264.5)(259.0, 380.5)(249.0, 380.5);SD
Port:(318.0, 250.0)(318.0, 361.5)(292.4, 361.5)(292.4, 395.0)(264.0, 395.0)(264.0, 250.0);GATE
Port:(309.0, 260.0)(313.0, 260.0)(313.0, 347.0)(309.0, 347.0);SD
Module:M13
Boundary:(20.0, 1015.0)(93.0, 1015.0)(93.0, 1146.0)(20.0, 1146.0);GATE
Port:(34.5, 1136.0)(78.5, 1136.0)(78.5, 1146.0)(34.5, 1146.0);SD
Port:(20.0, 1015.0)(93.0, 1015.0)(93.0, 1131.0)(20.0, 1131.0);GATE
Port:(30.0, 1020.0)(83.0, 1020.0)(83.0, 1024.0)(30.0, 1024.0);SD
Module:M45
Boundary:(475.0, 850.0)(568.5, 850.0)(568.5, 949.6)(782.0, 949.6)(782.0, 998.0)(475.0, 998.0);GATE
Port:(489.5, 988.0)(767.5, 988.0)(767.5, 998.0)(489.5, 998.0);SD
Port:(475.0, 850.0)(568.5, 850.0)(568.5, 949.6)(782.0, 949.6)(782.0, 983.0)(475.0, 983.0);GATE
Port:(485.0, 855.0)(554.0, 855.0)(554.0, 859.0)(485.0, 859.0);SD
Module:M10
Boundary:(959.0, 850.0)(959.0, 979.5)(945.0, 979.5)(945.0, 995.0)(822.0, 995.0)(822.0, 850.0);GATE
Port:(822.0, 864.5)(832.0, 864.5)(832.0, 980.5)(822.0, 980.5);SD
Port:(959.0, 850.0)(959.0, 979.5)(945.0, 979.5)(945.0, 995.0)(837.0, 995.0)(837.0, 850.0);GATE
Port:(950.0, 860.0)(954.0, 860.0)(954.0, 965.0)(950.0, 965.0);SD
Module:M42
Boundary:(653.0, 1357.0)(746.5, 1357.0)(746.5, 1367.0)(762.0, 1367.0)(762.0, 1445.0)(653.0, 1445.0);GATE
Port:(667.5, 1435.0)(747.5, 1435.0)(747.5, 1445.0)(667.5, 1445.0);SD
Port:(653.0, 1357.0)(746.5, 1357.0)(746.5, 1367.0)(762.0, 1367.0)(762.0, 1430.0)(653.0, 1430.0);GATE
Port:(663.0, 1362.0)(732.0, 1362.0)(732.0, 1366.0)(663.0, 1366.0);SD
Module:M37
Boundary:(975.0, 1035.0)(975.0, 1164.5)(928.5, 1164.5)(928.5, 1216.0)(822.0, 1216.0)(822.0, 1035.0);GATE
Port:(822.0, 1049.5)(832.0, 1049.5)(832.0, 1201.5)(822.0, 1201.5);SD
Port:(975.0, 1035.0)(975.0, 1164.5)(928.5, 1164.5)(928.5, 1216.0)(837.0, 1216.0)(837.0, 1035.0);GATE
Port:(966.0, 1045.0)(970.0, 1045.0)(970.0, 1150.0)(966.0, 1150.0);SD
Module:M34
Boundary:(312.0, 1361.0)(405.5, 1361.0)(405.5, 1371.0)(421.0, 1371.0)(421.0, 1444.0)(312.0, 1444.0);GATE
Port:(326.5, 1434.0)(406.5, 1434.0)(406.5, 1444.0)(326.5, 1444.0);SD
Port:(312.0, 1361.0)(405.5, 1361.0)(405.5, 1371.0)(421.0, 1371.0)(421.0, 1429.0)(312.0, 1429.0);GATE
Port:(322.0, 1366.0)(391.0, 1366.0)(391.0, 1370.0)(322.0, 1370.0);SD
Module:M29
Boundary:(133.0, 1051.0)(244.5, 1051.0)(244.5, 1063.0)(260.0, 1063.0)(260.0, 1148.0)(133.0, 1148.0);GATE
Port:(147.5, 1138.0)(245.5, 1138.0)(245.5, 1148.0)(147.5, 1148.0);SD
Port:(133.0, 1051.0)(244.5, 1051.0)(244.5, 1063.0)(260.0, 1063.0)(260.0, 1133.0)(133.0, 1133.0);GATE
Port:(143.0, 1056.0)(230.0, 1056.0)(230.0, 1060.0)(143.0, 1060.0);SD
Module:M7
Boundary:(209.0, 20.0)(209.0, 131.5)(197.0, 131.5)(197.0, 147.0)(20.0, 147.0)(20.0, 20.0);GATE
Port:(20.0, 34.5)(30.0, 34.5)(30.0, 132.5)(20.0, 132.5);SD
Port:(209.0, 20.0)(209.0, 131.5)(197.0, 131.5)(197.0, 147.0)(35.0, 147.0)(35.0, 20.0);GATE
Port:(200.0, 30.0)(204.0, 30.0)(204.0, 117.0)(200.0, 117.0);SD
Module:M31
Boundary:(391.0, 1212.0)(391.0, 1305.5)(381.0, 1305.5)(381.0, 1321.0)(270.0, 1321.0)(270.0, 1212.0);GATE
Port:(270.0, 1226.5)(280.0, 1226.5)(280.0, 1306.5)(270.0, 1306.5);SD
Port:(391.0, 1212.0)(391.0, 1305.5)(381.0, 1305.5)(381.0, 1321.0)(285.0, 1321.0)(285.0, 1212.0);GATE
Port:(382.0, 1222.0)(386.0, 1222.0)(386.0, 1291.0)(382.0, 1291.0);SD
Module:M3
Boundary:(435.0, 390.0)(435.0, 501.5)(423.0, 501.5)(423.0, 517.0)(371.0, 517.0)(371.0, 390.0);GATE
Port:(371.0, 404.5)(381.0, 404.5)(381.0, 502.5)(371.0, 502.5);SD
Port:(435.0, 390.0)(435.0, 501.5)(423.0, 501.5)(423.0, 517.0)(386.0, 517.0)(386.0, 390.0);GATE
Port:(426.0, 400.0)(430.0, 400.0)(430.0, 487.0)(426.0, 487.0);SD
Module:M26
Boundary:(462.0, 30.0)(555.5, 30.0)(555.5, 40.0)(571.0, 40.0)(571.0, 204.0)(462.0, 204.0);GATE
Port:(476.5, 194.0)(556.5, 194.0)(556.5, 204.0)(476.5, 204.0);SD
Port:(462.0, 30.0)(555.5, 30.0)(555.5, 40.0)(571.0, 40.0)(571.0, 189.0)(462.0, 189.0);GATE
Port:(472.0, 35.0)(541.0, 35.0)(541.0, 39.0)(472.0, 39.0);SD
Module:M23
Boundary:(977.0, 265.0)(977.0, 358.5)(960.0, 358.5)(960.0, 374.0)(813.0, 374.0)(813.0, 265.0);GATE
Port:(813.0, 279.5)(823.0, 279.5)(823.0, 359.5)(813.0, 359.5);SD
Port:(977.0, 265.0)(977.0, 358.5)(960.0, 358.5)(960.0, 374.0)(828.0, 374.0)(828.0, 265.0);GATE
Port:(968.0, 275.0)(972.0, 275.0)(972.0, 344.0)(968.0, 344.0);SD
Module:M18
Boundary:(30.0, 197.0)(177.5, 197.0)(177.5, 213.0)(193.0, 213.0)(193.0, 321.0)(30.0, 321.0);GATE
Port:(44.5, 311.0)(178.5, 311.0)(178.5, 321.0)(44.5, 321.0);SD
Port:(30.0, 197.0)(177.5, 197.0)(177.5, 213.0)(193.0, 213.0)(193.0, 306.0)(30.0, 306.0);GATE
Port:(40.0, 202.0)(163.0, 202.0)(163.0, 206.0)(40.0, 206.0);SD
Module:M20
Boundary:(201.0, 371.0)(201.0, 447.0)(193.0, 447.0)(193.0, 462.0)(20.0, 462.0)(20.0, 371.0);GATE
Port:(20.0, 385.5)(30.0, 385.5)(30.0, 447.5)(20.0, 447.5);SD
Port:(201.0, 371.0)(201.0, 447.0)(193.0, 447.0)(193.0, 462.0)(35.0, 462.0)(35.0, 371.0);GATE
Port:(192.0, 381.0)(196.0, 381.0)(196.0, 432.0)(192.0, 432.0);SD
Module:M15
Boundary:(468.0, 1038.0)(597.5, 1038.0)(597.5, 1116.7)(775.0, 1116.7)(775.0, 1164.0)(468.0, 1164.0);GATE
Port:(482.5, 1154.0)(760.5, 1154.0)(760.5, 1164.0)(482.5, 1164.0);SD
Port:(468.0, 1038.0)(597.5, 1038.0)(597.5, 1116.7)(775.0, 1116.7)(775.0, 1149.0)(468.0, 1149.0);GATE
Port:(478.0, 1043.0)(583.0, 1043.0)(583.0, 1047.0)(478.0, 1047.0);SD
Module:M12
Boundary:(230.0, 1188.0)(230.0, 1299.5)(190.3, 1299.5)(190.3, 1333.0)(133.0, 1333.0)(133.0, 1188.0);GATE
Port:(133.0, 1202.5)(143.0, 1202.5)(143.0, 1318.5)(133.0, 1318.5);SD
Port:(230.0, 1188.0)(230.0, 1299.5)(190.3, 1299.5)(190.3, 1333.0)(148.0, 1333.0)(148.0, 1188.0);GATE
Port:(221.0, 1198.0)(225.0, 1198.0)(225.0, 1285.0)(221.0, 1285.0);SD
Module:M44
Boundary:(122.0, 902.0)(122.0, 975.0)(20.0, 975.0)(20.0, 902.0);GATE
Port:(20.0, 916.5)(30.0, 916.5)(30.0, 960.5)(20.0, 960.5);SD
Port:(122.0, 902.0)(122.0, 975.0)(35.0, 975.0)(35.0, 902.0);GATE
Port:(113.0, 912.0)(117.0, 912.0)(117.0, 965.0)(113.0, 965.0);SD
Module:M39
Boundary:(836.0, 637.0)(836.0, 766.5)(765.0, 766.5)(765.0, 800.0)(679.0, 800.0)(679.0, 637.0);GATE
Port:(679.0, 651.5)(689.0, 651.5)(689.0, 785.5)(679.0, 785.5);SD
Port:(836.0, 637.0)(836.0, 766.5)(765.0, 766.5)(765.0, 800.0)(694.0, 800.0)(694.0, 637.0);GATE
Port:(827.0, 647.0)(831.0, 647.0)(831.0, 752.0)(827.0, 752.0);SD
Module:M8
Boundary:(162.0, 902.0)(273.5, 902.0)(273.5, 914.0)(289.0, 914.0)(289.0, 1011.0)(162.0, 1011.0);GATE
Port:(176.5, 1001.0)(274.5, 1001.0)(274.5, 1011.0)(176.5, 1011.0);SD
Port:(162.0, 902.0)(273.5, 902.0)(273.5, 914.0)(289.0, 914.0)(289.0, 996.0)(162.0, 996.0);GATE
Port:(172.0, 907.0)(259.0, 907.0)(259.0, 911.0)(172.0, 911.0);SD
Module:M41
Boundary:(977.0, 414.0)(977.0, 561.5)(961.0, 561.5)(961.0, 577.0)(832.0, 577.0)(832.0, 414.0);GATE
Port:(832.0, 428.5)(842.0, 428.5)(842.0, 562.5)(832.0, 562.5);SD
Port:(977.0, 414.0)(977.0, 561.5)(961.0, 561.5)(961.0, 577.0)(847.0, 577.0)(847.0, 414.0);GATE
Port:(968.0, 424.0)(972.0, 424.0)(972.0, 547.0)(968.0, 547.0);SD
Module:M4
Boundary:(331.0, 435.0)(331.0, 508.0)(243.0, 508.0)(243.0, 435.0);GATE
Port:(243.0, 449.5)(253.0, 449.5)(253.0, 493.5)(243.0, 493.5);SD
Port:(331.0, 435.0)(331.0, 508.0)(258.0, 508.0)(258.0, 435.0);GATE
Port:(322.0, 445.0)(326.0, 445.0)(326.0, 498.0)(322.0, 498.0);SD
Module:M36
Boundary:(287.0, 742.0)(287.0, 835.5)(277.0, 835.5)(277.0, 851.0)(207.0, 851.0)(207.0, 742.0);GATE
Port:(207.0, 756.5)(217.0, 756.5)(217.0, 836.5)(207.0, 836.5);SD
Port:(287.0, 742.0)(287.0, 835.5)(277.0, 835.5)(277.0, 851.0)(222.0, 851.0)(222.0, 742.0);GATE
Port:(278.0, 752.0)(282.0, 752.0)(282.0, 821.0)(278.0, 821.0);SD
Module:M33
Boundary:(629.0, 629.0)(629.0, 758.5)(582.2, 758.5)(582.2, 810.0)(475.0, 810.0)(475.0, 629.0);GATE
Port:(475.0, 643.5)(485.0, 643.5)(485.0, 795.5)(475.0, 795.5);SD
Port:(629.0, 629.0)(629.0, 758.5)(582.2, 758.5)(582.2, 810.0)(490.0, 810.0)(490.0, 629.0);GATE
Port:(620.0, 639.0)(624.0, 639.0)(624.0, 744.0)(620.0, 744.0);SD
Module:M28
Boundary:(249.0, 20.0)(324.5, 20.0)(324.5, 86.6)(412.0, 86.6)(412.0, 210.0)(249.0, 210.0);GATE
Port:(263.5, 200.0)(397.5, 200.0)(397.5, 210.0)(263.5, 210.0);SD
Port:(249.0, 20.0)(324.5, 20.0)(324.5, 86.6)(412.0, 86.6)(412.0, 195.0)(249.0, 195.0);GATE
Port:(259.0, 25.0)(310.0, 25.0)(310.0, 29.0)(259.0, 29.0);SD
Module:M30
Boundary:(886.0, 617.0)(962.0, 617.0)(962.0, 625.0)(977.0, 625.0)(977.0, 808.0)(886.0, 808.0);GATE
Port:(900.5, 798.0)(962.5, 798.0)(962.5, 808.0)(900.5, 808.0);SD
Port:(886.0, 617.0)(962.0, 617.0)(962.0, 625.0)(977.0, 625.0)(977.0, 793.0)(886.0, 793.0);GATE
Port:(896.0, 622.0)(947.0, 622.0)(947.0, 626.0)(896.0, 626.0);SD
Module:M25
Boundary:(467.0, 1204.0)(578.5, 1204.0)(578.5, 1280.0)(756.0, 1280.0)(756.0, 1317.0)(467.0, 1317.0);GATE
Port:(481.5, 1307.0)(741.5, 1307.0)(741.5, 1317.0)(481.5, 1317.0);SD
Port:(467.0, 1204.0)(578.5, 1204.0)(578.5, 1280.0)(756.0, 1280.0)(756.0, 1302.0)(467.0, 1302.0);GATE
Port:(477.0, 1209.0)(564.0, 1209.0)(564.0, 1213.0)(477.0, 1213.0);SD
Module:M22
Boundary:(300.0, 1051.0)(411.5, 1051.0)(411.5, 1063.0)(427.0, 1063.0)(427.0, 1172.0)(300.0, 1172.0);GATE
Port:(314.5, 1162.0)(412.5, 1162.0)(412.5, 1172.0)(314.5, 1172.0);SD
Port:(300.0, 1051.0)(411.5, 1051.0)(411.5, 1063.0)(427.0, 1063.0)(427.0, 1157.0)(300.0, 1157.0);GATE
Port:(310.0, 1056.0)(397.0, 1056.0)(397.0, 1060.0)(310.0, 1060.0);SD
Module:M17
Boundary:(188.0, 512.0)(188.0, 585.0)(30.0, 585.0)(30.0, 512.0);GATE
Port:(30.0, 526.5)(40.0, 526.5)(40.0, 570.5)(30.0, 570.5);SD
Port:(188.0, 512.0)(188.0, 585.0)(45.0, 585.0)(45.0, 512.0);GATE
Port:(179.0, 522.0)(183.0, 522.0)(183.0, 575.0)(179.0, 575.0);SD
