Area:(-7.3, -4.8)(837.8, -4.8)(837.8, 609.6)(-7.3, 609.6)
Rule:GATE(5,5);SD(5,5);GATE_SD(0.5);GATE_ITO(0.5);SD_ITO(0.5)
Module:M18
Boundary:(585.6, 66.3)(632.7, 66.3)(632.7, 96.0)(646.2, 96.0)(646.2, 140.1)(585.6, 140.1);GATE
Port:(598.3, 134.2)(633.5, 134.2)(633.5, 140.1)(598.3, 140.1);SD
Port:(585.6, 66.3)(632.7, 66.3)(632.7, 96.0)(646.2, 96.0)(646.2, 133.1)(585.6, 133.1);GATE
Port:(591.4, 71.1)(625.9, 71.1)(625.9, 76.5)(591.4, 76.5);SD
Module:M3
Boundary:(342.2, 156.8)(342.2, 61.2)(202.6, 61.2)(202.6, 156.8);GATE
Port:(202.6, 74.5)(207.2, 74.5)(207.2, 143.5)(202.6, 143.5);SD
Port:(342.2, 156.8)(342.2, 61.2)(208.7, 61.2)(208.7, 156.8);GATE
Port:(330.6, 67.4)(337.0, 67.4)(337.0, 150.6)(330.6, 150.6);SD
Module:M20
Boundary:(797.8, 174.5)(727.0, 174.5)(727.0, 130.9)(709.8, 130.9)(709.8, 77.3)(797.8, 77.3);GATE
Port:(723.1, 77.3)(784.5, 77.3)(784.5, 82.3)(723.1, 82.3);SD
Port:(797.8, 174.5)(727.0, 174.5)(727.0, 130.9)(709.8, 130.9)(709.8, 84.4)(797.8, 84.4);GATE
Port:(733.0, 164.6)(792.8, 164.6)(792.8, 170.5)(733.0, 170.5);SD
Module:M2
Boundary:(550.9, 47.1)(452.2, 47.1)(452.2, 128.3)(437.8, 128.3)(437.8, 236.7)(550.9, 236.7);GATE
Port:(452.4, 231.7)(536.3, 231.7)(536.3, 236.7)(452.4, 236.7);SD
Port:(550.9, 47.1)(452.2, 47.1)(452.2, 128.3)(437.8, 128.3)(437.8, 229.5)(550.9, 229.5);GATE
Port:(460.0, 52.9)(544.1, 52.9)(544.1, 59.3)(460.0, 59.3);SD
Module:M7
Boundary:(432.8, 44.7)(353.7, 44.7)(353.7, 235.4)(432.8, 235.4);GATE
Port:(366.9, 229.6)(419.6, 229.6)(419.6, 235.4)(366.9, 235.4);SD
Port:(432.8, 44.7)(353.7, 44.7)(353.7, 227.8)(432.8, 227.8);GATE
Port:(358.9, 48.9)(427.6, 48.9)(427.6, 55.1)(358.9, 55.1);SD
Module:M9
Boundary:(675.9, 164.8)(675.9, 224.8)(594.0, 224.8)(594.0, 164.8);GATE
Port:(594.0, 176.9)(599.9, 176.9)(599.9, 212.8)(594.0, 212.8);SD
Port:(675.9, 164.8)(675.9, 224.8)(600.9, 224.8)(600.9, 164.8);GATE
Port:(665.6, 170.6)(671.2, 170.6)(671.2, 219.2)(665.6, 219.2);SD
Module:M10
Boundary:(307.3, 232.8)(307.3, 183.7)(250.6, 183.7)(250.6, 169.8)(168.2, 169.8)(168.2, 232.8);GATE
Port:(168.2, 183.2)(173.1, 183.2)(173.1, 219.4)(168.2, 219.4);SD
Port:(307.3, 232.8)(307.3, 183.7)(250.6, 183.7)(250.6, 169.8)(175.5, 169.8)(175.5, 232.8);GATE
Port:(296.1, 190.9)(302.1, 190.9)(302.1, 226.6)(296.1, 226.6);SD
Module:M4
Boundary:(140.9, 35.2)(49.5, 35.2)(49.5, 129.4)(32.7, 129.4)(32.7, 248.8)(140.9, 248.8);GATE
Port:(47.5, 243.6)(126.1, 243.6)(126.1, 248.8)(47.5, 248.8);SD
Port:(140.9, 35.2)(49.5, 35.2)(49.5, 129.4)(32.7, 129.4)(32.7, 241.4)(140.9, 241.4);GATE
Port:(57.5, 41.2)(133.9, 41.2)(133.9, 46.5)(57.5, 46.5);SD
Module:M14
Boundary:(797.3, 137.2)(745.1, 137.2)(745.1, 233.7)(730.4, 233.7)(730.4, 300.8)(797.3, 300.8);GATE
Port:(744.2, 294.9)(783.5, 294.9)(783.5, 300.8)(744.2, 300.8);SD
Port:(797.3, 137.2)(745.1, 137.2)(745.1, 233.7)(730.4, 233.7)(730.4, 293.5)(797.3, 293.5);GATE
Port:(752.7, 142.8)(790.7, 142.8)(790.7, 149.2)(752.7, 149.2);SD
Module:M11
Boundary:(673.6, 257.3)(565.6, 257.3)(565.6, 343.8)(673.6, 343.8);GATE
Port:(579.5, 339.5)(659.7, 339.5)(659.7, 343.8)(579.5, 343.8);SD
Port:(673.6, 257.3)(565.6, 257.3)(565.6, 336.9)(673.6, 336.9);GATE
Port:(570.8, 261.5)(668.4, 261.5)(668.4, 267.9)(570.8, 267.9);SD
Module:M19
Boundary:(528.0, 245.2)(528.0, 339.0)(527.7, 339.0)(527.7, 354.6)(341.6, 354.6)(341.6, 245.2);GATE
Port:(341.6, 257.0)(345.7, 257.0)(345.7, 342.8)(341.6, 342.8);SD
Port:(528.0, 245.2)(528.0, 339.0)(527.7, 339.0)(527.7, 354.6)(348.4, 354.6)(348.4, 245.2);GATE
Port:(518.0, 250.8)(523.4, 250.8)(523.4, 333.4)(518.0, 333.4);SD
Module:M16
Boundary:(306.2, 273.6)(306.2, 356.7)(219.4, 356.7)(219.4, 371.2)(136.3, 371.2)(136.3, 273.6);GATE
Port:(136.3, 288.3)(141.7, 288.3)(141.7, 356.5)(136.3, 356.5);SD
Port:(306.2, 273.6)(306.2, 356.7)(219.4, 356.7)(219.4, 371.2)(144.1, 371.2)(144.1, 273.6);GATE
Port:(293.9, 279.9)(300.9, 279.9)(300.9, 349.4)(293.9, 349.4);SD
Module:M17
Boundary:(35.5, 267.4)(105.0, 267.4)(105.0, 409.6)(35.5, 409.6);GATE
Port:(50.3, 404.9)(90.2, 404.9)(90.2, 409.6)(50.3, 409.6);SD
Port:(35.5, 267.4)(105.0, 267.4)(105.0, 403.4)(35.5, 403.4);GATE
Port:(41.4, 272.3)(99.1, 272.3)(99.1, 279.0)(41.4, 279.0);SD
Module:M1
Boundary:(527.5, 428.5)(527.5, 400.2)(527.4, 400.2)(527.4, 386.0)(347.3, 386.0)(347.3, 428.5);GATE
Port:(347.3, 396.8)(352.6, 396.8)(352.6, 417.7)(347.3, 417.7);SD
Port:(527.5, 428.5)(527.5, 400.2)(527.4, 400.2)(527.4, 386.0)(354.9, 386.0)(354.9, 428.5);GATE
Port:(518.9, 405.5)(523.2, 405.5)(523.2, 423.2)(518.9, 423.2);SD
Module:M15
Boundary:(543.5, 400.1)(585.6, 400.1)(585.6, 400.3)(599.1, 400.3)(599.1, 543.7)(543.5, 543.7);GATE
Port:(554.4, 538.0)(588.2, 538.0)(588.2, 543.7)(554.4, 543.7);SD
Port:(543.5, 400.1)(585.6, 400.1)(585.6, 400.3)(599.1, 400.3)(599.1, 535.7)(543.5, 535.7);GATE
Port:(548.6, 404.2)(580.5, 404.2)(580.5, 409.2)(548.6, 409.2);SD
Module:M12
Boundary:(176.2, 522.2)(281.9, 522.2)(281.9, 474.3)(298.3, 474.3)(298.3, 377.5)(176.2, 377.5);GATE
Port:(189.9, 377.5)(284.6, 377.5)(284.6, 382.3)(189.9, 382.3);SD
Port:(176.2, 522.2)(281.9, 522.2)(281.9, 474.3)(298.3, 474.3)(298.3, 385.1)(176.2, 385.1);GATE
Port:(181.9, 511.8)(275.2, 511.8)(275.2, 517.5)(181.9, 517.5);SD
Module:M6
Boundary:(767.2, 321.1)(725.2, 321.1)(725.2, 411.2)(713.0, 411.2)(713.0, 522.2)(767.2, 522.2);GATE
Port:(723.5, 517.1)(756.7, 517.1)(756.7, 522.2)(723.5, 522.2);SD
Port:(767.2, 321.1)(725.2, 321.1)(725.2, 411.2)(713.0, 411.2)(713.0, 515.6)(767.2, 515.6);GATE
Port:(731.5, 325.4)(761.9, 325.4)(761.9, 330.0)(731.5, 330.0);SD
Module:M5
Boundary:(45.2, 431.6)(148.0, 431.6)(148.0, 542.8)(45.2, 542.8);GATE
Port:(56.9, 538.3)(136.3, 538.3)(136.3, 542.8)(56.9, 542.8);SD
Port:(45.2, 431.6)(148.0, 431.6)(148.0, 536.5)(45.2, 536.5);GATE
Port:(50.8, 436.2)(142.4, 436.2)(142.4, 441.3)(50.8, 441.3);SD
Module:M13
Boundary:(622.8, 353.6)(656.2, 353.6)(656.2, 353.6)(671.5, 353.6)(671.5, 540.9)(622.8, 540.9);GATE
Port:(636.2, 535.2)(658.1, 535.2)(658.1, 540.9)(636.2, 540.9);SD
Port:(622.8, 353.6)(656.2, 353.6)(656.2, 353.6)(671.5, 353.6)(671.5, 533.3)(622.8, 533.3);GATE
Port:(629.4, 359.2)(649.6, 359.2)(649.6, 364.3)(629.4, 364.3);SD
Module:M8
Boundary:(324.9, 476.3)(324.9, 551.5)(390.8, 551.5)(390.8, 569.6)(517.3, 569.6)(517.3, 476.3);GATE
Port:(511.4, 490.4)(517.3, 490.4)(517.3, 555.5)(511.4, 555.5);SD
Port:(324.9, 476.3)(324.9, 551.5)(390.8, 551.5)(390.8, 569.6)(509.1, 569.6)(509.1, 476.3);GATE
Port:(329.9, 482.3)(335.6, 482.3)(335.6, 544.5)(329.9, 544.5);SD
