Area:(-20.0, -20.0)(1593.0, -20.0)(1593.0, 1124.0)(-20.0, 1124.0)
Rule:GATE(5,5);SD(5,5);GATE_SD(0.5);GATE_ITO(0.5);SD_ITO(0.5)
Module:M49
Boundary:(1407.0, 631.0)(1500.5, 631.0)(1500.5, 670.5)(1552.0, 670.5)(1552.0, 715.0)(1407.0, 715.0);GATE
Port:(1421.5, 705.0)(1537.5, 705.0)(1537.5, 715.0)(1421.5, 715.0);SD
Port:(1407.0, 631.0)(1500.5, 631.0)(1500.5, 670.5)(1552.0, 670.5)(1552.0, 700.0)(1407.0, 700.0);GATE
Port:(1417.0, 636.0)(1486.0, 636.0)(1486.0, 640.0)(1417.0, 640.0);SD
Module:M14
Boundary:(718.0, 884.0)(791.0, 884.0)(791.0, 1063.0)(718.0, 1063.0);GATE
Port:(732.5, 1053.0)(776.5, 1053.0)(776.5, 1063.0)(732.5, 1063.0);SD
Port:(718.0, 884.0)(791.0, 884.0)(791.0, 1048.0)(718.0, 1048.0);GATE
Port:(728.0, 889.0)(781.0, 889.0)(781.0, 893.0)(728.0, 893.0);SD
Module:M9
Boundary:(1163.0, 498.0)(1236.0, 498.0)(1236.0, 688.0)(1163.0, 688.0);GATE
Port:(1177.5, 678.0)(1221.5, 678.0)(1221.5, 688.0)(1177.5, 688.0);SD
Port:(1163.0, 498.0)(1236.0, 498.0)(1236.0, 673.0)(1163.0, 673.0);GATE
Port:(1173.0, 503.0)(1226.0, 503.0)(1226.0, 507.0)(1173.0, 507.0);SD
Module:M5
Boundary:(1132.0, 742.0)(1132.0, 835.5)(1122.0, 835.5)(1122.0, 851.0)(1016.0, 851.0)(1016.0, 742.0);GATE
Port:(1016.0, 756.5)(1026.0, 756.5)(1026.0, 836.5)(1016.0, 836.5);SD
Port:(1132.0, 742.0)(1132.0, 835.5)(1122.0, 835.5)(1122.0, 851.0)(1031.0, 851.0)(1031.0, 742.0);GATE
Port:(1123.0, 752.0)(1127.0, 752.0)(1127.0, 821.0)(1123.0, 821.0);SD
Module:M46
Boundary:(1368.0, 361.0)(1368.0, 454.5)(1358.0, 454.5)(1358.0, 470.0)(1289.0, 470.0)(1289.0, 361.0);GATE
Port:(1289.0, 375.5)(1299.0, 375.5)(1299.0, 455.5)(1289.0, 455.5);SD
Port:(1368.0, 361.0)(1368.0, 454.5)(1358.0, 454.5)(1358.0, 470.0)(1304.0, 470.0)(1304.0, 361.0);GATE
Port:(1359.0, 371.0)(1363.0, 371.0)(1363.0, 440.0)(1359.0, 440.0);SD
Module:M11
Boundary:(930.0, 260.0)(930.0, 335.5)(850.2, 335.5)(850.2, 441.0)(745.0, 441.0)(745.0, 260.0);GATE
Port:(745.0, 274.5)(755.0, 274.5)(755.0, 426.5)(745.0, 426.5);SD
Port:(930.0, 260.0)(930.0, 335.5)(850.2, 335.5)(850.2, 441.0)(760.0, 441.0)(760.0, 260.0);GATE
Port:(921.0, 270.0)(925.0, 270.0)(925.0, 321.0)(921.0, 321.0);SD
Module:M1
Boundary:(367.0, 20.0)(496.5, 20.0)(496.5, 34.0)(512.0, 34.0)(512.0, 213.0)(367.0, 213.0);GATE
Port:(381.5, 203.0)(497.5, 203.0)(497.5, 213.0)(381.5, 213.0);SD
Port:(367.0, 20.0)(496.5, 20.0)(496.5, 34.0)(512.0, 34.0)(512.0, 198.0)(367.0, 198.0);GATE
Port:(377.0, 25.0)(482.0, 25.0)(482.0, 29.0)(377.0, 29.0);SD
Module:M43
Boundary:(20.0, 804.0)(96.0, 804.0)(96.0, 812.0)(111.0, 812.0)(111.0, 953.0)(20.0, 953.0);GATE
Port:(34.5, 943.0)(96.5, 943.0)(96.5, 953.0)(34.5, 953.0);SD
Port:(20.0, 804.0)(96.0, 804.0)(96.0, 812.0)(111.0, 812.0)(111.0, 938.0)(20.0, 938.0);GATE
Port:(30.0, 809.0)(81.0, 809.0)(81.0, 813.0)(30.0, 813.0);SD
Module:M38
Boundary:(1118.0, 270.0)(1118.0, 417.5)(1102.0, 417.5)(1102.0, 433.0)(980.0, 433.0)(980.0, 270.0);GATE
Port:(980.0, 284.5)(990.0, 284.5)(990.0, 418.5)(980.0, 418.5);SD
Port:(1118.0, 270.0)(1118.0, 417.5)(1102.0, 417.5)(1102.0, 433.0)(995.0, 433.0)(995.0, 270.0);GATE
Port:(1109.0, 280.0)(1113.0, 280.0)(1113.0, 403.0)(1109.0, 403.0);SD
Module:M40
Boundary:(20.0, 20.0)(131.5, 20.0)(131.5, 130.0)(327.0, 130.0)(327.0, 182.0)(20.0, 182.0);GATE
Port:(34.5, 172.0)(312.5, 172.0)(312.5, 182.0)(34.5, 182.0);SD
Port:(20.0, 20.0)(131.5, 20.0)(131.5, 130.0)(327.0, 130.0)(327.0, 167.0)(20.0, 167.0);GATE
Port:(30.0, 25.0)(117.0, 25.0)(117.0, 29.0)(30.0, 29.0);SD
Module:M35
Boundary:(831.0, 889.0)(924.5, 889.0)(924.5, 1002.0)(976.0, 1002.0)(976.0, 1083.0)(831.0, 1083.0);GATE
Port:(845.5, 1073.0)(961.5, 1073.0)(961.5, 1083.0)(845.5, 1083.0);SD
Port:(831.0, 889.0)(924.5, 889.0)(924.5, 1002.0)(976.0, 1002.0)(976.0, 1068.0)(831.0, 1068.0);GATE
Port:(841.0, 894.0)(910.0, 894.0)(910.0, 898.0)(841.0, 898.0);SD
Module:M32
Boundary:(325.0, 263.0)(436.5, 263.0)(436.5, 315.2)(560.0, 315.2)(560.0, 363.0)(325.0, 363.0);GATE
Port:(339.5, 353.0)(545.5, 353.0)(545.5, 363.0)(339.5, 363.0);SD
Port:(325.0, 263.0)(436.5, 263.0)(436.5, 315.2)(560.0, 315.2)(560.0, 348.0)(325.0, 348.0);GATE
Port:(335.0, 268.0)(422.0, 268.0)(422.0, 272.0)(335.0, 272.0);SD
Module:M27
Boundary:(1552.0, 253.0)(1552.0, 346.5)(1542.0, 346.5)(1542.0, 362.0)(1492.0, 362.0)(1492.0, 253.0);GATE
Port:(1492.0, 267.5)(1502.0, 267.5)(1502.0, 347.5)(1492.0, 347.5);SD
Port:(1552.0, 253.0)(1552.0, 346.5)(1542.0, 346.5)(1542.0, 362.0)(1507.0, 362.0)(1507.0, 253.0);GATE
Port:(1543.0, 263.0)(1547.0, 263.0)(1547.0, 332.0)(1543.0, 332.0);SD
Module:M24
Boundary:(30.0, 232.0)(159.5, 232.0)(159.5, 296.3)(265.0, 296.3)(265.0, 354.0)(30.0, 354.0);GATE
Port:(44.5, 344.0)(250.5, 344.0)(250.5, 354.0)(44.5, 354.0);SD
Port:(30.0, 232.0)(159.5, 232.0)(159.5, 296.3)(265.0, 296.3)(265.0, 339.0)(30.0, 339.0);GATE
Port:(40.0, 237.0)(145.0, 237.0)(145.0, 241.0)(40.0, 241.0);SD
Module:M19
Boundary:(348.0, 798.0)(477.5, 798.0)(477.5, 812.0)(493.0, 812.0)(493.0, 898.0)(348.0, 898.0);GATE
Port:(362.5, 888.0)(478.5, 888.0)(478.5, 898.0)(362.5, 898.0);SD
Port:(348.0, 798.0)(477.5, 798.0)(477.5, 812.0)(493.0, 812.0)(493.0, 883.0)(348.0, 883.0);GATE
Port:(358.0, 803.0)(463.0, 803.0)(463.0, 807.0)(358.0, 807.0);SD
Module:M6
Boundary:(269.0, 807.0)(269.0, 918.5)(257.0, 918.5)(257.0, 934.0)(151.0, 934.0)(151.0, 807.0);GATE
Port:(151.0, 821.5)(161.0, 821.5)(161.0, 919.5)(151.0, 919.5);SD
Port:(269.0, 807.0)(269.0, 918.5)(257.0, 918.5)(257.0, 934.0)(166.0, 934.0)(166.0, 807.0);GATE
Port:(260.0, 817.0)(264.0, 817.0)(264.0, 904.0)(260.0, 904.0);SD
Module:M21
Boundary:(308.0, 622.0)(308.0, 733.5)(238.2, 733.5)(238.2, 767.0)(151.0, 767.0)(151.0, 622.0);GATE
Port:(151.0, 636.5)(161.0, 636.5)(161.0, 752.5)(151.0, 752.5);SD
Port:(308.0, 622.0)(308.0, 733.5)(238.2, 733.5)(238.2, 767.0)(166.0, 767.0)(166.0, 622.0);GATE
Port:(299.0, 632.0)(303.0, 632.0)(303.0, 719.0)(299.0, 719.0);SD
Module:M2
Boundary:(20.0, 622.0)(96.0, 622.0)(96.0, 630.0)(111.0, 630.0)(111.0, 764.0)(20.0, 764.0);GATE
Port:(34.5, 754.0)(96.5, 754.0)(96.5, 764.0)(34.5, 764.0);SD
Port:(20.0, 622.0)(96.0, 622.0)(96.0, 630.0)(111.0, 630.0)(111.0, 749.0)(20.0, 749.0);GATE
Port:(30.0, 627.0)(81.0, 627.0)(81.0, 631.0)(30.0, 631.0);SD
Module:M16
Boundary:(1255.0, 30.0)(1255.0, 141.5)(1242.0, 141.5)(1242.0, 157.0)(1186.0, 157.0)(1186.0, 30.0);GATE
Port:(1186.0, 44.5)(1196.0, 44.5)(1196.0, 142.5)(1186.0, 142.5);SD
Port:(1255.0, 30.0)(1255.0, 141.5)(1242.0, 141.5)(1242.0, 157.0)(1201.0, 157.0)(1201.0, 30.0);GATE
Port:(1246.0, 40.0)(1250.0, 40.0)(1250.0, 127.0)(1246.0, 127.0);SD
Module:M48
Boundary:(547.0, 935.0)(622.5, 935.0)(622.5, 977.5)(674.0, 977.5)(674.0, 1082.0)(547.0, 1082.0);GATE
Port:(561.5, 1072.0)(659.5, 1072.0)(659.5, 1082.0)(561.5, 1082.0);SD
Port:(547.0, 935.0)(622.5, 935.0)(622.5, 977.5)(674.0, 977.5)(674.0, 1067.0)(547.0, 1067.0);GATE
Port:(557.0, 940.0)(608.0, 940.0)(608.0, 944.0)(557.0, 944.0);SD
Module:M13
Boundary:(1401.0, 20.0)(1401.0, 131.5)(1358.4, 131.5)(1358.4, 219.0)(1305.0, 219.0)(1305.0, 20.0);GATE
Port:(1305.0, 34.5)(1315.0, 34.5)(1315.0, 204.5)(1305.0, 204.5);SD
Port:(1401.0, 20.0)(1401.0, 131.5)(1358.4, 131.5)(1358.4, 219.0)(1320.0, 219.0)(1320.0, 20.0);GATE
Port:(1392.0, 30.0)(1396.0, 30.0)(1396.0, 117.0)(1392.0, 117.0);SD
Module:M50
Boundary:(348.0, 616.0)(477.5, 616.0)(477.5, 630.0)(493.0, 630.0)(493.0, 758.0)(348.0, 758.0);GATE
Port:(362.5, 748.0)(478.5, 748.0)(478.5, 758.0)(362.5, 758.0);SD
Port:(348.0, 616.0)(477.5, 616.0)(477.5, 630.0)(493.0, 630.0)(493.0, 743.0)(348.0, 743.0);GATE
Port:(358.0, 621.0)(463.0, 621.0)(463.0, 625.0)(358.0, 625.0);SD
Module:M45
Boundary:(1413.0, 765.0)(1524.5, 765.0)(1524.5, 777.0)(1540.0, 777.0)(1540.0, 871.0)(1413.0, 871.0);GATE
Port:(1427.5, 861.0)(1525.5, 861.0)(1525.5, 871.0)(1427.5, 871.0);SD
Port:(1413.0, 765.0)(1524.5, 765.0)(1524.5, 777.0)(1540.0, 777.0)(1540.0, 856.0)(1413.0, 856.0);GATE
Port:(1423.0, 770.0)(1510.0, 770.0)(1510.0, 774.0)(1423.0, 774.0);SD
Module:M10
Boundary:(1016.0, 900.0)(1127.5, 900.0)(1127.5, 912.0)(1143.0, 912.0)(1143.0, 1082.0)(1016.0, 1082.0);GATE
Port:(1030.5, 1072.0)(1128.5, 1072.0)(1128.5, 1082.0)(1030.5, 1082.0);SD
Port:(1016.0, 900.0)(1127.5, 900.0)(1127.5, 912.0)(1143.0, 912.0)(1143.0, 1067.0)(1016.0, 1067.0);GATE
Port:(1026.0, 905.0)(1113.0, 905.0)(1113.0, 909.0)(1026.0, 909.0);SD
Module:M42
Boundary:(1408.0, 402.0)(1537.5, 402.0)(1537.5, 416.0)(1553.0, 416.0)(1553.0, 591.0)(1408.0, 591.0);GATE
Port:(1422.5, 581.0)(1538.5, 581.0)(1538.5, 591.0)(1422.5, 591.0);SD
Port:(1408.0, 402.0)(1537.5, 402.0)(1537.5, 416.0)(1553.0, 416.0)(1553.0, 576.0)(1408.0, 576.0);GATE
Port:(1418.0, 407.0)(1523.0, 407.0)(1523.0, 411.0)(1418.0, 411.0);SD
Module:M37
Boundary:(20.0, 404.0)(167.5, 404.0)(167.5, 432.0)(201.0, 432.0)(201.0, 469.0)(20.0, 469.0);GATE
Port:(34.5, 459.0)(186.5, 459.0)(186.5, 469.0)(34.5, 469.0);SD
Port:(20.0, 404.0)(167.5, 404.0)(167.5, 432.0)(201.0, 432.0)(201.0, 454.0)(20.0, 454.0);GATE
Port:(30.0, 409.0)(153.0, 409.0)(153.0, 413.0)(30.0, 413.0);SD
Module:M34
Boundary:(507.0, 938.0)(507.0, 1031.5)(391.3, 1031.5)(391.3, 1083.0)(309.0, 1083.0)(309.0, 938.0);GATE
Port:(309.0, 952.5)(319.0, 952.5)(319.0, 1068.5)(309.0, 1068.5);SD
Port:(507.0, 938.0)(507.0, 1031.5)(391.3, 1031.5)(391.3, 1083.0)(324.0, 1083.0)(324.0, 938.0);GATE
Port:(498.0, 948.0)(502.0, 948.0)(502.0, 1017.0)(498.0, 1017.0);SD
Module:M29
Boundary:(562.0, 30.0)(691.5, 30.0)(691.5, 44.0)(707.0, 44.0)(707.0, 201.0)(562.0, 201.0);GATE
Port:(576.5, 191.0)(692.5, 191.0)(692.5, 201.0)(576.5, 201.0);SD
Port:(562.0, 30.0)(691.5, 30.0)(691.5, 44.0)(707.0, 44.0)(707.0, 186.0)(562.0, 186.0);GATE
Port:(572.0, 35.0)(677.0, 35.0)(677.0, 39.0)(572.0, 39.0);SD
Module:M7
Boundary:(538.0, 413.0)(538.0, 560.5)(522.0, 560.5)(522.0, 576.0)(450.0, 576.0)(450.0, 413.0);GATE
Port:(450.0, 427.5)(460.0, 427.5)(460.0, 561.5)(450.0, 561.5);SD
Port:(538.0, 413.0)(538.0, 560.5)(522.0, 560.5)(522.0, 576.0)(465.0, 576.0)(465.0, 413.0);GATE
Port:(529.0, 423.0)(533.0, 423.0)(533.0, 546.0)(529.0, 546.0);SD
Module:M31
Boundary:(1176.0, 323.0)(1249.0, 323.0)(1249.0, 458.0)(1176.0, 458.0);GATE
Port:(1190.5, 448.0)(1234.5, 448.0)(1234.5, 458.0)(1190.5, 458.0);SD
Port:(1176.0, 323.0)(1249.0, 323.0)(1249.0, 443.0)(1176.0, 443.0);GATE
Port:(1186.0, 328.0)(1239.0, 328.0)(1239.0, 332.0)(1186.0, 332.0);SD
Module:M3
Boundary:(1289.0, 259.0)(1436.5, 259.0)(1436.5, 275.0)(1452.0, 275.0)(1452.0, 321.0)(1289.0, 321.0);GATE
Port:(1303.5, 311.0)(1437.5, 311.0)(1437.5, 321.0)(1303.5, 321.0);SD
Port:(1289.0, 259.0)(1436.5, 259.0)(1436.5, 275.0)(1452.0, 275.0)(1452.0, 306.0)(1289.0, 306.0);GATE
Port:(1299.0, 264.0)(1422.0, 264.0)(1422.0, 268.0)(1299.0, 268.0);SD
Module:M26
Boundary:(533.0, 639.0)(626.5, 639.0)(626.5, 668.8)(678.0, 668.8)(678.0, 746.0)(533.0, 746.0);GATE
Port:(547.5, 736.0)(663.5, 736.0)(663.5, 746.0)(547.5, 746.0);SD
Port:(533.0, 639.0)(626.5, 639.0)(626.5, 668.8)(678.0, 668.8)(678.0, 731.0)(533.0, 731.0);GATE
Port:(543.0, 644.0)(612.0, 644.0)(612.0, 648.0)(543.0, 648.0);SD
Module:M23
Boundary:(1363.0, 733.0)(1363.0, 844.5)(1351.0, 844.5)(1351.0, 860.0)(1172.0, 860.0)(1172.0, 733.0);GATE
Port:(1172.0, 747.5)(1182.0, 747.5)(1182.0, 845.5)(1172.0, 845.5);SD
Port:(1363.0, 733.0)(1363.0, 844.5)(1351.0, 844.5)(1351.0, 860.0)(1187.0, 860.0)(1187.0, 733.0);GATE
Port:(1354.0, 743.0)(1358.0, 743.0)(1358.0, 830.0)(1354.0, 830.0);SD
Module:M18
Boundary:(718.0, 645.0)(829.5, 645.0)(829.5, 657.0)(845.0, 657.0)(845.0, 844.0)(718.0, 844.0);GATE
Port:(732.5, 834.0)(830.5, 834.0)(830.5, 844.0)(732.5, 844.0);SD
Port:(718.0, 645.0)(829.5, 645.0)(829.5, 657.0)(845.0, 657.0)(845.0, 829.0)(718.0, 829.0);GATE
Port:(728.0, 650.0)(815.0, 650.0)(815.0, 654.0)(728.0, 654.0);SD
Module:M20
Boundary:(678.0, 786.0)(678.0, 879.5)(668.0, 879.5)(668.0, 895.0)(533.0, 895.0)(533.0, 786.0);GATE
Port:(533.0, 800.5)(543.0, 800.5)(543.0, 880.5)(533.0, 880.5);SD
Port:(678.0, 786.0)(678.0, 879.5)(668.0, 879.5)(668.0, 895.0)(548.0, 895.0)(548.0, 786.0);GATE
Port:(669.0, 796.0)(673.0, 796.0)(673.0, 865.0)(669.0, 865.0);SD
Module:M15
Boundary:(255.0, 423.0)(384.5, 423.0)(384.5, 437.0)(400.0, 437.0)(400.0, 566.0)(255.0, 566.0);GATE
Port:(269.5, 556.0)(385.5, 556.0)(385.5, 566.0)(269.5, 566.0);SD
Port:(255.0, 423.0)(384.5, 423.0)(384.5, 437.0)(400.0, 437.0)(400.0, 551.0)(255.0, 551.0);GATE
Port:(265.0, 428.0)(370.0, 428.0)(370.0, 432.0)(265.0, 432.0);SD
Module:M47
Boundary:(1176.0, 207.0)(1249.0, 207.0)(1249.0, 283.0)(1176.0, 283.0);GATE
Port:(1190.5, 273.0)(1234.5, 273.0)(1234.5, 283.0)(1190.5, 283.0);SD
Port:(1176.0, 207.0)(1249.0, 207.0)(1249.0, 268.0)(1176.0, 268.0);GATE
Port:(1186.0, 212.0)(1239.0, 212.0)(1239.0, 216.0)(1186.0, 216.0);SD
Module:M12
Boundary:(757.0, 20.0)(832.5, 20.0)(832.5, 141.3)(1136.0, 141.3)(1136.0, 220.0)(757.0, 220.0);GATE
Port:(771.5, 210.0)(1121.5, 210.0)(1121.5, 220.0)(771.5, 220.0);SD
Port:(757.0, 20.0)(832.5, 20.0)(832.5, 141.3)(1136.0, 141.3)(1136.0, 205.0)(757.0, 205.0);GATE
Port:(767.0, 25.0)(818.0, 25.0)(818.0, 29.0)(767.0, 29.0);SD
Module:M44
Boundary:(976.0, 776.0)(976.0, 849.0)(885.0, 849.0)(885.0, 776.0);GATE
Port:(885.0, 790.5)(895.0, 790.5)(895.0, 834.5)(885.0, 834.5);SD
Port:(976.0, 776.0)(976.0, 849.0)(900.0, 849.0)(900.0, 776.0);GATE
Port:(967.0, 786.0)(971.0, 786.0)(971.0, 839.0)(967.0, 839.0);SD
Module:M39
Boundary:(755.0, 491.0)(830.5, 491.0)(830.5, 537.6)(918.0, 537.6)(918.0, 595.0)(755.0, 595.0);GATE
Port:(769.5, 585.0)(903.5, 585.0)(903.5, 595.0)(769.5, 595.0);SD
Port:(755.0, 491.0)(830.5, 491.0)(830.5, 537.6)(918.0, 537.6)(918.0, 580.0)(755.0, 580.0);GATE
Port:(765.0, 496.0)(816.0, 496.0)(816.0, 500.0)(765.0, 500.0);SD
Module:M8
Boundary:(1113.0, 493.0)(1113.0, 604.5)(1047.0, 604.5)(1047.0, 692.0)(1005.0, 692.0)(1005.0, 493.0);GATE
Port:(1005.0, 507.5)(1015.0, 507.5)(1015.0, 677.5)(1005.0, 677.5);SD
Port:(1113.0, 493.0)(1113.0, 604.5)(1047.0, 604.5)(1047.0, 692.0)(1020.0, 692.0)(1020.0, 493.0);GATE
Port:(1104.0, 503.0)(1108.0, 503.0)(1108.0, 590.0)(1104.0, 590.0);SD
Module:M41
Boundary:(1357.0, 520.0)(1357.0, 667.5)(1341.0, 667.5)(1341.0, 683.0)(1286.0, 683.0)(1286.0, 520.0);GATE
Port:(1286.0, 534.5)(1296.0, 534.5)(1296.0, 668.5)(1286.0, 668.5);SD
Port:(1357.0, 520.0)(1357.0, 667.5)(1341.0, 667.5)(1341.0, 683.0)(1301.0, 683.0)(1301.0, 520.0);GATE
Port:(1348.0, 530.0)(1352.0, 530.0)(1352.0, 653.0)(1348.0, 653.0);SD
Module:M4
Boundary:(205.0, 509.0)(205.0, 582.0)(20.0, 582.0)(20.0, 509.0);GATE
Port:(20.0, 523.5)(30.0, 523.5)(30.0, 567.5)(20.0, 567.5);SD
Port:(205.0, 509.0)(205.0, 582.0)(35.0, 582.0)(35.0, 509.0);GATE
Port:(196.0, 519.0)(200.0, 519.0)(200.0, 572.0)(196.0, 572.0);SD
Module:M36
Boundary:(1451.0, 30.0)(1524.0, 30.0)(1524.0, 203.0)(1451.0, 203.0);GATE
Port:(1465.5, 193.0)(1509.5, 193.0)(1509.5, 203.0)(1465.5, 203.0);SD
Port:(1451.0, 30.0)(1524.0, 30.0)(1524.0, 188.0)(1451.0, 188.0);GATE
Port:(1461.0, 35.0)(1514.0, 35.0)(1514.0, 39.0)(1461.0, 39.0);SD
Module:M33
Boundary:(705.0, 418.0)(705.0, 547.5)(667.2, 547.5)(667.2, 599.0)(578.0, 599.0)(578.0, 418.0);GATE
Port:(578.0, 432.5)(588.0, 432.5)(588.0, 584.5)(578.0, 584.5);SD
Port:(705.0, 418.0)(705.0, 547.5)(667.2, 547.5)(667.2, 599.0)(593.0, 599.0)(593.0, 418.0);GATE
Port:(696.0, 428.0)(700.0, 428.0)(700.0, 533.0)(696.0, 533.0);SD
Module:M28
Boundary:(955.0, 645.0)(955.0, 721.0)(947.0, 721.0)(947.0, 736.0)(885.0, 736.0)(885.0, 645.0);GATE
Port:(885.0, 659.5)(895.0, 659.5)(895.0, 721.5)(885.0, 721.5);SD
Port:(955.0, 645.0)(955.0, 721.0)(947.0, 721.0)(947.0, 736.0)(900.0, 736.0)(900.0, 645.0);GATE
Port:(946.0, 655.0)(950.0, 655.0)(950.0, 706.0)(946.0, 706.0);SD
Module:M30
Boundary:(699.0, 251.0)(699.0, 362.5)(687.0, 362.5)(687.0, 378.0)(610.0, 378.0)(610.0, 251.0);GATE
Port:(610.0, 265.5)(620.0, 265.5)(620.0, 363.5)(610.0, 363.5);SD
Port:(699.0, 251.0)(699.0, 362.5)(687.0, 362.5)(687.0, 378.0)(625.0, 378.0)(625.0, 251.0);GATE
Port:(690.0, 261.0)(694.0, 261.0)(694.0, 348.0)(690.0, 348.0);SD
Module:M25
Boundary:(214.0, 993.0)(214.0, 1069.0)(206.0, 1069.0)(206.0, 1084.0)(20.0, 1084.0)(20.0, 993.0);GATE
Port:(20.0, 1007.5)(30.0, 1007.5)(30.0, 1069.5)(20.0, 1069.5);SD
Port:(214.0, 993.0)(214.0, 1069.0)(206.0, 1069.0)(206.0, 1084.0)(35.0, 1084.0)(35.0, 993.0);GATE
Port:(205.0, 1003.0)(209.0, 1003.0)(209.0, 1054.0)(205.0, 1054.0);SD
Module:M22
Boundary:(1360.0, 931.0)(1489.5, 931.0)(1489.5, 1011.3)(1541.0, 1011.3)(1541.0, 1074.0)(1360.0, 1074.0);GATE
Port:(1374.5, 1064.0)(1526.5, 1064.0)(1526.5, 1074.0)(1374.5, 1074.0);SD
Port:(1360.0, 931.0)(1489.5, 931.0)(1489.5, 1011.3)(1541.0, 1011.3)(1541.0, 1059.0)(1360.0, 1059.0);GATE
Port:(1370.0, 936.0)(1475.0, 936.0)(1475.0, 940.0)(1370.0, 940.0);SD
Module:M17
Boundary:(1183.0, 900.0)(1294.5, 900.0)(1294.5, 912.0)(1310.0, 912.0)(1310.0, 1071.0)(1183.0, 1071.0);GATE
Port:(1197.5, 1061.0)(1295.5, 1061.0)(1295.5, 1071.0)(1197.5, 1071.0);SD
Port:(1183.0, 900.0)(1294.5, 900.0)(1294.5, 912.0)(1310.0, 912.0)(1310.0, 1056.0)(1183.0, 1056.0);GATE
Port:(1193.0, 905.0)(1280.0, 905.0)(1280.0, 909.0)(1193.0, 909.0);SD
