Area:(-20.0, -20.0)(1081.0, -20.0)(1081.0, 1333.0)(-20.0, 1333.0)
Rule:GATE(5,5);SD(5,5);GATE_SD(0.5);GATE_ITO(0.5);SD_ITO(0.5)
Module:M14
Boundary:(600.0, 20.0)(693.5, 20.0)(693.5, 30.0)(709.0, 30.0)(709.0, 123.0)(600.0, 123.0);GATE
Port:(614.5, 113.0)(694.5, 113.0)(694.5, 123.0)(614.5, 123.0);SD
Port:(600.0, 20.0)(693.5, 20.0)(693.5, 30.0)(709.0, 30.0)(709.0, 108.0)(600.0, 108.0);GATE
Port:(610.0, 25.0)(679.0, 25.0)(679.0, 29.0)(610.0, 29.0);SD
Module:M9
Boundary:(266.0, 20.0)(377.5, 20.0)(377.5, 32.0)(393.0, 32.0)(393.0, 150.0)(266.0, 150.0);GATE
Port:(280.5, 140.0)(378.5, 140.0)(378.5, 150.0)(280.5, 150.0);SD
Port:(266.0, 20.0)(377.5, 20.0)(377.5, 32.0)(393.0, 32.0)(393.0, 135.0)(266.0, 135.0);GATE
Port:(276.0, 25.0)(363.0, 25.0)(363.0, 29.0)(276.0, 29.0);SD
Module:M5
Boundary:(730.0, 961.0)(730.0, 1072.5)(718.0, 1072.5)(718.0, 1088.0)(600.0, 1088.0)(600.0, 961.0);GATE
Port:(600.0, 975.5)(610.0, 975.5)(610.0, 1073.5)(600.0, 1073.5);SD
Port:(730.0, 961.0)(730.0, 1072.5)(718.0, 1072.5)(718.0, 1088.0)(615.0, 1088.0)(615.0, 961.0);GATE
Port:(721.0, 971.0)(725.0, 971.0)(725.0, 1058.0)(721.0, 1058.0);SD
Module:M11
Boundary:(433.0, 242.0)(544.5, 242.0)(544.5, 254.0)(560.0, 254.0)(560.0, 403.0)(433.0, 403.0);GATE
Port:(447.5, 393.0)(545.5, 393.0)(545.5, 403.0)(447.5, 403.0);SD
Port:(433.0, 242.0)(544.5, 242.0)(544.5, 254.0)(560.0, 254.0)(560.0, 388.0)(433.0, 388.0);GATE
Port:(443.0, 247.0)(530.0, 247.0)(530.0, 251.0)(443.0, 251.0);SD
Module:M1
Boundary:(20.0, 886.0)(96.0, 886.0)(96.0, 894.0)(111.0, 894.0)(111.0, 958.0)(20.0, 958.0);GATE
Port:(34.5, 948.0)(96.5, 948.0)(96.5, 958.0)(34.5, 958.0);SD
Port:(20.0, 886.0)(96.0, 886.0)(96.0, 894.0)(111.0, 894.0)(111.0, 943.0)(20.0, 943.0);GATE
Port:(30.0, 891.0)(81.0, 891.0)(81.0, 895.0)(30.0, 895.0);SD
Module:M43
Boundary:(266.0, 501.0)(377.5, 501.0)(377.5, 513.0)(393.0, 513.0)(393.0, 688.0)(266.0, 688.0);GATE
Port:(280.5, 678.0)(378.5, 678.0)(378.5, 688.0)(280.5, 688.0);SD
Port:(266.0, 501.0)(377.5, 501.0)(377.5, 513.0)(393.0, 513.0)(393.0, 673.0)(266.0, 673.0);GATE
Port:(276.0, 506.0)(363.0, 506.0)(363.0, 510.0)(276.0, 510.0);SD
Module:M38
Boundary:(865.0, 986.0)(865.0, 1062.0)(857.0, 1062.0)(857.0, 1077.0)(770.0, 1077.0)(770.0, 986.0);GATE
Port:(770.0, 1000.5)(780.0, 1000.5)(780.0, 1062.5)(770.0, 1062.5);SD
Port:(865.0, 986.0)(865.0, 1062.0)(857.0, 1062.0)(857.0, 1077.0)(785.0, 1077.0)(785.0, 986.0);GATE
Port:(856.0, 996.0)(860.0, 996.0)(860.0, 1047.0)(856.0, 1047.0);SD
Module:M40
Boundary:(883.0, 1168.0)(958.5, 1168.0)(958.5, 1211.0)(1028.0, 1211.0)(1028.0, 1278.0)(883.0, 1278.0);GATE
Port:(897.5, 1268.0)(1013.5, 1268.0)(1013.5, 1278.0)(897.5, 1278.0);SD
Port:(883.0, 1168.0)(958.5, 1168.0)(958.5, 1211.0)(1028.0, 1211.0)(1028.0, 1263.0)(883.0, 1263.0);GATE
Port:(893.0, 1173.0)(944.0, 1173.0)(944.0, 1177.0)(893.0, 1177.0);SD
Module:M35
Boundary:(1041.0, 973.0)(1041.0, 1102.5)(1027.0, 1102.5)(1027.0, 1118.0)(905.0, 1118.0)(905.0, 973.0);GATE
Port:(905.0, 987.5)(915.0, 987.5)(915.0, 1103.5)(905.0, 1103.5);SD
Port:(1041.0, 973.0)(1041.0, 1102.5)(1027.0, 1102.5)(1027.0, 1118.0)(920.0, 1118.0)(920.0, 973.0);GATE
Port:(1032.0, 983.0)(1036.0, 983.0)(1036.0, 1088.0)(1032.0, 1088.0);SD
Module:M32
Boundary:(197.0, 738.0)(344.5, 738.0)(344.5, 754.0)(360.0, 754.0)(360.0, 846.0)(197.0, 846.0);GATE
Port:(211.5, 836.0)(345.5, 836.0)(345.5, 846.0)(211.5, 846.0);SD
Port:(197.0, 738.0)(344.5, 738.0)(344.5, 754.0)(360.0, 754.0)(360.0, 831.0)(197.0, 831.0);GATE
Port:(207.0, 743.0)(330.0, 743.0)(330.0, 747.0)(207.0, 747.0);SD
Module:M27
Boundary:(376.0, 190.0)(376.0, 301.5)(364.0, 301.5)(364.0, 317.0)(266.0, 317.0)(266.0, 190.0);GATE
Port:(266.0, 204.5)(276.0, 204.5)(276.0, 302.5)(266.0, 302.5);SD
Port:(376.0, 190.0)(376.0, 301.5)(364.0, 301.5)(364.0, 317.0)(281.0, 317.0)(281.0, 190.0);GATE
Port:(367.0, 200.0)(371.0, 200.0)(371.0, 287.0)(367.0, 287.0);SD
Module:M24
Boundary:(600.0, 294.0)(711.5, 294.0)(711.5, 306.0)(727.0, 306.0)(727.0, 460.0)(600.0, 460.0);GATE
Port:(614.5, 450.0)(712.5, 450.0)(712.5, 460.0)(614.5, 460.0);SD
Port:(600.0, 294.0)(711.5, 294.0)(711.5, 306.0)(727.0, 306.0)(727.0, 445.0)(600.0, 445.0);GATE
Port:(610.0, 299.0)(697.0, 299.0)(697.0, 303.0)(610.0, 303.0);SD
Module:M19
Boundary:(181.0, 906.0)(274.5, 906.0)(274.5, 1024.0)(362.0, 1024.0)(362.0, 1079.0)(181.0, 1079.0);GATE
Port:(195.5, 1069.0)(347.5, 1069.0)(347.5, 1079.0)(195.5, 1079.0);SD
Port:(181.0, 906.0)(274.5, 906.0)(274.5, 1024.0)(362.0, 1024.0)(362.0, 1064.0)(181.0, 1064.0);GATE
Port:(191.0, 911.0)(260.0, 911.0)(260.0, 915.0)(191.0, 915.0);SD
Module:M6
Boundary:(711.0, 163.0)(711.0, 239.0)(703.0, 239.0)(703.0, 254.0)(600.0, 254.0)(600.0, 163.0);GATE
Port:(600.0, 177.5)(610.0, 177.5)(610.0, 239.5)(600.0, 239.5);SD
Port:(711.0, 163.0)(711.0, 239.0)(703.0, 239.0)(703.0, 254.0)(615.0, 254.0)(615.0, 163.0);GATE
Port:(702.0, 173.0)(706.0, 173.0)(706.0, 224.0)(702.0, 224.0);SD
Module:M21
Boundary:(598.0, 1128.0)(727.5, 1128.0)(727.5, 1244.0)(833.0, 1244.0)(833.0, 1293.0)(598.0, 1293.0);GATE
Port:(612.5, 1283.0)(818.5, 1283.0)(818.5, 1293.0)(612.5, 1293.0);SD
Port:(598.0, 1128.0)(727.5, 1128.0)(727.5, 1244.0)(833.0, 1244.0)(833.0, 1278.0)(598.0, 1278.0);GATE
Port:(608.0, 1133.0)(713.0, 1133.0)(713.0, 1137.0)(608.0, 1137.0);SD
Module:M2
Boundary:(219.0, 596.0)(219.0, 672.0)(211.0, 672.0)(211.0, 687.0)(133.0, 687.0)(133.0, 596.0);GATE
Port:(133.0, 610.5)(143.0, 610.5)(143.0, 672.5)(133.0, 672.5);SD
Port:(219.0, 596.0)(219.0, 672.0)(211.0, 672.0)(211.0, 687.0)(148.0, 687.0)(148.0, 596.0);GATE
Port:(210.0, 606.0)(214.0, 606.0)(214.0, 657.0)(210.0, 657.0);SD
Module:M16
Boundary:(926.0, 520.0)(926.0, 593.0)(824.0, 593.0)(824.0, 520.0);GATE
Port:(824.0, 534.5)(834.0, 534.5)(834.0, 578.5)(824.0, 578.5);SD
Port:(926.0, 520.0)(926.0, 593.0)(839.0, 593.0)(839.0, 520.0);GATE
Port:(917.0, 530.0)(921.0, 530.0)(921.0, 583.0)(917.0, 583.0);SD
Module:M13
Boundary:(20.0, 338.0)(93.0, 338.0)(93.0, 465.0)(20.0, 465.0);GATE
Port:(34.5, 455.0)(78.5, 455.0)(78.5, 465.0)(34.5, 465.0);SD
Port:(20.0, 338.0)(93.0, 338.0)(93.0, 450.0)(20.0, 450.0);GATE
Port:(30.0, 343.0)(83.0, 343.0)(83.0, 347.0)(30.0, 347.0);SD
Module:M45
Boundary:(412.0, 1189.0)(541.5, 1189.0)(541.5, 1203.0)(557.0, 1203.0)(557.0, 1290.0)(412.0, 1290.0);GATE
Port:(426.5, 1280.0)(542.5, 1280.0)(542.5, 1290.0)(426.5, 1290.0);SD
Port:(412.0, 1189.0)(541.5, 1189.0)(541.5, 1203.0)(557.0, 1203.0)(557.0, 1275.0)(412.0, 1275.0);GATE
Port:(422.0, 1194.0)(527.0, 1194.0)(527.0, 1198.0)(422.0, 1198.0);SD
Module:M10
Boundary:(903.0, 245.0)(903.0, 392.5)(814.7, 392.5)(814.7, 480.0)(767.0, 480.0)(767.0, 245.0);GATE
Port:(767.0, 259.5)(777.0, 259.5)(777.0, 465.5)(767.0, 465.5);SD
Port:(903.0, 245.0)(903.0, 392.5)(814.7, 392.5)(814.7, 480.0)(782.0, 480.0)(782.0, 245.0);GATE
Port:(894.0, 255.0)(898.0, 255.0)(898.0, 378.0)(894.0, 378.0);SD
Module:M42
Boundary:(533.0, 635.0)(533.0, 708.0)(433.0, 708.0)(433.0, 635.0);GATE
Port:(433.0, 649.5)(443.0, 649.5)(443.0, 693.5)(433.0, 693.5);SD
Port:(533.0, 635.0)(533.0, 708.0)(448.0, 708.0)(448.0, 635.0);GATE
Port:(524.0, 645.0)(528.0, 645.0)(528.0, 698.0)(524.0, 698.0);SD
Module:M37
Boundary:(20.0, 730.0)(131.5, 730.0)(131.5, 742.0)(147.0, 742.0)(147.0, 846.0)(20.0, 846.0);GATE
Port:(34.5, 836.0)(132.5, 836.0)(132.5, 846.0)(34.5, 846.0);SD
Port:(20.0, 730.0)(131.5, 730.0)(131.5, 742.0)(147.0, 742.0)(147.0, 831.0)(20.0, 831.0);GATE
Port:(30.0, 735.0)(117.0, 735.0)(117.0, 739.0)(30.0, 739.0);SD
Module:M34
Boundary:(131.0, 998.0)(131.0, 1145.5)(115.0, 1145.5)(115.0, 1161.0)(20.0, 1161.0)(20.0, 998.0);GATE
Port:(20.0, 1012.5)(30.0, 1012.5)(30.0, 1146.5)(20.0, 1146.5);SD
Port:(131.0, 998.0)(131.0, 1145.5)(115.0, 1145.5)(115.0, 1161.0)(35.0, 1161.0)(35.0, 998.0);GATE
Port:(122.0, 1008.0)(126.0, 1008.0)(126.0, 1131.0)(122.0, 1131.0);SD
Module:M29
Boundary:(600.0, 520.0)(747.5, 520.0)(747.5, 536.0)(763.0, 536.0)(763.0, 641.0)(600.0, 641.0);GATE
Port:(614.5, 631.0)(748.5, 631.0)(748.5, 641.0)(614.5, 641.0);SD
Port:(600.0, 520.0)(747.5, 520.0)(747.5, 536.0)(763.0, 536.0)(763.0, 626.0)(600.0, 626.0);GATE
Port:(610.0, 525.0)(733.0, 525.0)(733.0, 529.0)(610.0, 529.0);SD
Module:M7
Boundary:(784.0, 681.0)(784.0, 757.0)(776.0, 757.0)(776.0, 772.0)(600.0, 772.0)(600.0, 681.0);GATE
Port:(600.0, 695.5)(610.0, 695.5)(610.0, 757.5)(600.0, 757.5);SD
Port:(784.0, 681.0)(784.0, 757.0)(776.0, 757.0)(776.0, 772.0)(615.0, 772.0)(615.0, 681.0);GATE
Port:(775.0, 691.0)(779.0, 691.0)(779.0, 742.0)(775.0, 742.0);SD
Module:M31
Boundary:(266.0, 357.0)(377.5, 357.0)(377.5, 369.0)(393.0, 369.0)(393.0, 461.0)(266.0, 461.0);GATE
Port:(280.5, 451.0)(378.5, 451.0)(378.5, 461.0)(280.5, 461.0);SD
Port:(266.0, 357.0)(377.5, 357.0)(377.5, 369.0)(393.0, 369.0)(393.0, 446.0)(266.0, 446.0);GATE
Port:(276.0, 362.0)(363.0, 362.0)(363.0, 366.0)(276.0, 366.0);SD
Module:M3
Boundary:(558.0, 860.0)(558.0, 1007.5)(454.0, 1007.5)(454.0, 1149.0)(412.0, 1149.0)(412.0, 860.0);GATE
Port:(412.0, 874.5)(422.0, 874.5)(422.0, 1134.5)(412.0, 1134.5);SD
Port:(558.0, 860.0)(558.0, 1007.5)(454.0, 1007.5)(454.0, 1149.0)(427.0, 1149.0)(427.0, 860.0);GATE
Port:(549.0, 870.0)(553.0, 870.0)(553.0, 993.0)(549.0, 993.0);SD
Module:M26
Boundary:(216.0, 215.0)(216.0, 288.0)(30.0, 288.0)(30.0, 215.0);GATE
Port:(30.0, 229.5)(40.0, 229.5)(40.0, 273.5)(30.0, 273.5);SD
Port:(216.0, 215.0)(216.0, 288.0)(45.0, 288.0)(45.0, 215.0);GATE
Port:(207.0, 225.0)(211.0, 225.0)(211.0, 278.0)(207.0, 278.0);SD
Module:M23
Boundary:(20.0, 505.0)(93.0, 505.0)(93.0, 690.0)(20.0, 690.0);GATE
Port:(34.5, 680.0)(78.5, 680.0)(78.5, 690.0)(34.5, 690.0);SD
Port:(20.0, 505.0)(93.0, 505.0)(93.0, 675.0)(20.0, 675.0);GATE
Port:(30.0, 510.0)(83.0, 510.0)(83.0, 514.0)(30.0, 514.0);SD
Module:M18
Boundary:(1011.0, 832.0)(1011.0, 908.0)(1003.0, 908.0)(1003.0, 923.0)(913.0, 923.0)(913.0, 832.0);GATE
Port:(913.0, 846.5)(923.0, 846.5)(923.0, 908.5)(913.0, 908.5);SD
Port:(1011.0, 832.0)(1011.0, 908.0)(1003.0, 908.0)(1003.0, 923.0)(928.0, 923.0)(928.0, 832.0);GATE
Port:(1002.0, 842.0)(1006.0, 842.0)(1006.0, 893.0)(1002.0, 893.0);SD
Module:M20
Boundary:(433.0, 443.0)(544.5, 443.0)(544.5, 455.0)(560.0, 455.0)(560.0, 595.0)(433.0, 595.0);GATE
Port:(447.5, 585.0)(545.5, 585.0)(545.5, 595.0)(447.5, 595.0);SD
Port:(433.0, 443.0)(544.5, 443.0)(544.5, 455.0)(560.0, 455.0)(560.0, 580.0)(433.0, 580.0);GATE
Port:(443.0, 448.0)(530.0, 448.0)(530.0, 452.0)(443.0, 452.0);SD
Module:M15
Boundary:(244.0, 1129.0)(244.0, 1276.5)(227.0, 1276.5)(227.0, 1292.0)(171.0, 1292.0)(171.0, 1129.0);GATE
Port:(171.0, 1143.5)(181.0, 1143.5)(181.0, 1277.5)(171.0, 1277.5);SD
Port:(244.0, 1129.0)(244.0, 1276.5)(227.0, 1276.5)(227.0, 1292.0)(186.0, 1292.0)(186.0, 1129.0);GATE
Port:(235.0, 1139.0)(239.0, 1139.0)(239.0, 1262.0)(235.0, 1262.0);SD
Module:M12
Boundary:(226.0, 20.0)(226.0, 149.5)(212.0, 149.5)(212.0, 165.0)(130.0, 165.0)(130.0, 20.0);GATE
Port:(130.0, 34.5)(140.0, 34.5)(140.0, 150.5)(130.0, 150.5);SD
Port:(226.0, 20.0)(226.0, 149.5)(212.0, 149.5)(212.0, 165.0)(145.0, 165.0)(145.0, 20.0);GATE
Port:(217.0, 30.0)(221.0, 30.0)(221.0, 135.0)(217.0, 135.0);SD
Module:M44
Boundary:(824.0, 633.0)(953.5, 633.0)(953.5, 707.9)(1041.0, 707.9)(1041.0, 782.0)(824.0, 782.0);GATE
Port:(838.5, 772.0)(1026.5, 772.0)(1026.5, 782.0)(838.5, 782.0);SD
Port:(824.0, 633.0)(953.5, 633.0)(953.5, 707.9)(1041.0, 707.9)(1041.0, 767.0)(824.0, 767.0);GATE
Port:(834.0, 638.0)(939.0, 638.0)(939.0, 642.0)(834.0, 642.0);SD
Module:M39
Boundary:(30.0, 1211.0)(106.0, 1211.0)(106.0, 1219.0)(121.0, 1219.0)(121.0, 1283.0)(30.0, 1283.0);GATE
Port:(44.5, 1273.0)(106.5, 1273.0)(106.5, 1283.0)(44.5, 1283.0);SD
Port:(30.0, 1211.0)(106.0, 1211.0)(106.0, 1219.0)(121.0, 1219.0)(121.0, 1268.0)(30.0, 1268.0);GATE
Port:(40.0, 1216.0)(91.0, 1216.0)(91.0, 1220.0)(40.0, 1220.0);SD
Module:M8
Boundary:(284.0, 1129.0)(357.0, 1129.0)(357.0, 1284.0)(284.0, 1284.0);GATE
Port:(298.5, 1274.0)(342.5, 1274.0)(342.5, 1284.0)(298.5, 1284.0);SD
Port:(284.0, 1129.0)(357.0, 1129.0)(357.0, 1269.0)(284.0, 1269.0);GATE
Port:(294.0, 1134.0)(347.0, 1134.0)(347.0, 1138.0)(294.0, 1138.0);SD
Module:M41
Boundary:(90.0, 20.0)(90.0, 96.0)(82.0, 96.0)(82.0, 111.0)(20.0, 111.0)(20.0, 20.0);GATE
Port:(20.0, 34.5)(30.0, 34.5)(30.0, 96.5)(20.0, 96.5);SD
Port:(90.0, 20.0)(90.0, 96.0)(82.0, 96.0)(82.0, 111.0)(35.0, 111.0)(35.0, 20.0);GATE
Port:(81.0, 30.0)(85.0, 30.0)(85.0, 81.0)(81.0, 81.0);SD
Module:M4
Boundary:(1040.0, 483.0)(1040.0, 559.0)(1032.0, 559.0)(1032.0, 574.0)(966.0, 574.0)(966.0, 483.0);GATE
Port:(966.0, 497.5)(976.0, 497.5)(976.0, 559.5)(966.0, 559.5);SD
Port:(1040.0, 483.0)(1040.0, 559.0)(1032.0, 559.0)(1032.0, 574.0)(981.0, 574.0)(981.0, 483.0);GATE
Port:(1031.0, 493.0)(1035.0, 493.0)(1035.0, 544.0)(1031.0, 544.0);SD
Module:M36
Boundary:(732.0, 812.0)(732.0, 905.5)(722.0, 905.5)(722.0, 921.0)(600.0, 921.0)(600.0, 812.0);GATE
Port:(600.0, 826.5)(610.0, 826.5)(610.0, 906.5)(600.0, 906.5);SD
Port:(732.0, 812.0)(732.0, 905.5)(722.0, 905.5)(722.0, 921.0)(615.0, 921.0)(615.0, 812.0);GATE
Port:(723.0, 822.0)(727.0, 822.0)(727.0, 891.0)(723.0, 891.0);SD
Module:M33
Boundary:(943.0, 245.0)(1019.0, 245.0)(1019.0, 253.0)(1034.0, 253.0)(1034.0, 443.0)(943.0, 443.0);GATE
Port:(957.5, 433.0)(1019.5, 433.0)(1019.5, 443.0)(957.5, 443.0);SD
Port:(943.0, 245.0)(1019.0, 245.0)(1019.0, 253.0)(1034.0, 253.0)(1034.0, 428.0)(943.0, 428.0);GATE
Port:(953.0, 250.0)(1004.0, 250.0)(1004.0, 254.0)(953.0, 254.0);SD
Module:M28
Boundary:(751.0, 20.0)(826.5, 20.0)(826.5, 124.8)(1040.0, 124.8)(1040.0, 205.0)(751.0, 205.0);GATE
Port:(765.5, 195.0)(1025.5, 195.0)(1025.5, 205.0)(765.5, 205.0);SD
Port:(751.0, 20.0)(826.5, 20.0)(826.5, 124.8)(1040.0, 124.8)(1040.0, 190.0)(751.0, 190.0);GATE
Port:(761.0, 25.0)(812.0, 25.0)(812.0, 29.0)(761.0, 29.0);SD
Module:M30
Boundary:(772.0, 822.0)(848.0, 822.0)(848.0, 830.0)(863.0, 830.0)(863.0, 946.0)(772.0, 946.0);GATE
Port:(786.5, 936.0)(848.5, 936.0)(848.5, 946.0)(786.5, 946.0);SD
Port:(772.0, 822.0)(848.0, 822.0)(848.0, 830.0)(863.0, 830.0)(863.0, 931.0)(772.0, 931.0);GATE
Port:(782.0, 827.0)(833.0, 827.0)(833.0, 831.0)(782.0, 831.0);SD
Module:M25
Boundary:(410.0, 748.0)(539.5, 748.0)(539.5, 762.0)(555.0, 762.0)(555.0, 820.0)(410.0, 820.0);GATE
Port:(424.5, 810.0)(540.5, 810.0)(540.5, 820.0)(424.5, 820.0);SD
Port:(410.0, 748.0)(539.5, 748.0)(539.5, 762.0)(555.0, 762.0)(555.0, 805.0)(410.0, 805.0);GATE
Port:(420.0, 753.0)(525.0, 753.0)(525.0, 757.0)(420.0, 757.0);SD
Module:M22
Boundary:(433.0, 20.0)(544.5, 20.0)(544.5, 32.0)(560.0, 32.0)(560.0, 202.0)(433.0, 202.0);GATE
Port:(447.5, 192.0)(545.5, 192.0)(545.5, 202.0)(447.5, 202.0);SD
Port:(433.0, 20.0)(544.5, 20.0)(544.5, 32.0)(560.0, 32.0)(560.0, 187.0)(433.0, 187.0);GATE
Port:(443.0, 25.0)(530.0, 25.0)(530.0, 29.0)(443.0, 29.0);SD
Module:M17
Boundary:(143.0, 348.0)(216.0, 348.0)(216.0, 546.0)(143.0, 546.0);GATE
Port:(157.5, 536.0)(201.5, 536.0)(201.5, 546.0)(157.5, 546.0);SD
Port:(143.0, 348.0)(216.0, 348.0)(216.0, 531.0)(143.0, 531.0);GATE
Port:(153.0, 353.0)(206.0, 353.0)(206.0, 357.0)(153.0, 357.0);SD
