Area:(-20.0, -20.0)(821.1, -20.0)(821.1, 371.8)(-20.0, 371.8)
Rule:GATE(5,5);SD(5,5);GATE_SD(0.5);GATE_ITO(0.5);SD_ITO(0.5)
Module:M9
Boundary:(141.7, 20.0)(141.7, 106.1)(20.0, 106.1)(20.0, 20.0);GATE
Port:(20.0, 32.3)(24.6, 32.3)(24.6, 93.8)(20.0, 93.8);SD
Port:(141.7, 20.0)(141.7, 106.1)(27.1, 106.1)(27.1, 20.0);GATE
Port:(131.6, 25.8)(136.9, 25.8)(136.9, 100.3)(131.6, 100.3);SD
Module:M5
Boundary:(513.8, 30.0)(610.3, 30.0)(610.3, 30.3)(626.1, 30.3)(626.1, 201.1)(513.8, 201.1);GATE
Port:(527.4, 196.8)(612.5, 196.8)(612.5, 201.1)(527.4, 201.1);SD
Port:(513.8, 30.0)(610.3, 30.0)(610.3, 30.3)(626.1, 30.3)(626.1, 194.8)(513.8, 194.8);GATE
Port:(520.4, 35.6)(603.7, 35.6)(603.7, 40.3)(520.4, 40.3);SD
Module:M1
Boundary:(181.7, 20.0)(240.7, 20.0)(240.7, 221.2)(181.7, 221.2);GATE
Port:(193.9, 217.2)(228.5, 217.2)(228.5, 221.2)(193.9, 221.2);SD
Port:(181.7, 20.0)(240.7, 20.0)(240.7, 214.4)(181.7, 214.4);GATE
Port:(187.9, 25.2)(234.5, 25.2)(234.5, 30.4)(187.9, 30.4);SD
Module:M6
Boundary:(356.7, 149.1)(356.7, 205.3)(346.5, 205.3)(346.5, 222.6)(280.7, 222.6)(280.7, 149.1);GATE
Port:(280.7, 163.6)(284.9, 163.6)(284.9, 208.1)(280.7, 208.1);SD
Port:(356.7, 149.1)(356.7, 205.3)(346.5, 205.3)(346.5, 222.6)(286.4, 222.6)(286.4, 149.1);GATE
Port:(345.1, 154.3)(352.5, 154.3)(352.5, 199.1)(345.1, 199.1);SD
Module:M2
Boundary:(463.8, 20.0)(463.8, 95.6)(431.5, 95.6)(431.5, 109.1)(280.7, 109.1)(280.7, 20.0);GATE
Port:(280.7, 32.4)(284.8, 32.4)(284.8, 96.7)(280.7, 96.7);SD
Port:(463.8, 20.0)(463.8, 95.6)(431.5, 95.6)(431.5, 109.1)(286.0, 109.1)(286.0, 20.0);GATE
Port:(453.3, 25.9)(458.9, 25.9)(458.9, 88.7)(453.3, 88.7);SD
Module:M10
Boundary:(599.0, 261.1)(599.0, 309.0)(552.2, 309.0)(552.2, 323.1)(457.5, 323.1)(457.5, 261.1);GATE
Port:(457.5, 273.3)(462.7, 273.3)(462.7, 310.9)(457.5, 310.9);SD
Port:(599.0, 261.1)(599.0, 309.0)(552.2, 309.0)(552.2, 323.1)(464.4, 323.1)(464.4, 261.1);GATE
Port:(588.4, 266.8)(594.3, 266.8)(594.3, 302.3)(588.4, 302.3);SD
Module:M7
Boundary:(676.1, 20.0)(781.1, 20.0)(781.1, 187.9)(676.1, 187.9);GATE
Port:(690.8, 182.8)(766.4, 182.8)(766.4, 187.9)(690.8, 187.9);SD
Port:(676.1, 20.0)(781.1, 20.0)(781.1, 181.0)(676.1, 181.0);GATE
Port:(682.2, 25.1)(775.0, 25.1)(775.0, 31.3)(682.2, 31.3);SD
Module:M3
Boundary:(20.0, 146.1)(120.9, 146.1)(120.9, 146.4)(137.4, 146.4)(137.4, 309.2)(20.0, 309.2);GATE
Port:(33.9, 304.4)(123.5, 304.4)(123.5, 309.2)(33.9, 309.2);SD
Port:(20.0, 146.1)(120.9, 146.1)(120.9, 146.4)(137.4, 146.4)(137.4, 303.2)(20.0, 303.2);GATE
Port:(25.7, 150.8)(115.2, 150.8)(115.2, 157.2)(25.7, 157.2);SD
Module:M8
Boundary:(752.6, 251.1)(752.6, 317.3)(712.3, 317.3)(712.3, 331.8)(649.0, 331.8)(649.0, 251.1);GATE
Port:(649.0, 262.8)(653.1, 262.8)(653.1, 320.1)(649.0, 320.1);SD
Port:(752.6, 251.1)(752.6, 317.3)(712.3, 317.3)(712.3, 331.8)(655.6, 331.8)(655.6, 251.1);GATE
Port:(743.7, 256.7)(748.0, 256.7)(748.0, 309.7)(743.7, 309.7);SD
Module:M4
Boundary:(407.5, 262.6)(407.5, 315.0)(326.4, 315.0)(326.4, 331.3)(181.7, 331.3)(181.7, 262.6);GATE
Port:(181.7, 276.1)(186.6, 276.1)(186.6, 317.8)(181.7, 317.8);SD
Port:(407.5, 262.6)(407.5, 315.0)(326.4, 315.0)(326.4, 331.3)(187.9, 331.3)(187.9, 262.6);GATE
Port:(397.1, 268.1)(403.0, 268.1)(403.0, 308.5)(397.1, 308.5);SD
