Area:(-20.0, -20.0)(834.0, -20.0)(834.0, 1622.0)(-20.0, 1622.0)
Rule:GATE(5,5);SD(5,5);GATE_SD(0.5);GATE_ITO(0.5);SD_ITO(0.5)
Module:M14
Boundary:(397.0, 911.0)(490.5, 911.0)(490.5, 921.0)(506.0, 921.0)(506.0, 1097.0)(397.0, 1097.0);GATE
Port:(411.5, 1087.0)(491.5, 1087.0)(491.5, 1097.0)(411.5, 1097.0);SD
Port:(397.0, 911.0)(490.5, 911.0)(490.5, 921.0)(506.0, 921.0)(506.0, 1082.0)(397.0, 1082.0);GATE
Port:(407.0, 916.0)(476.0, 916.0)(476.0, 920.0)(407.0, 920.0);SD
Module:M9
Boundary:(667.0, 20.0)(742.5, 20.0)(742.5, 56.5)(794.0, 56.5)(794.0, 149.0)(667.0, 149.0);GATE
Port:(681.5, 139.0)(779.5, 139.0)(779.5, 149.0)(681.5, 149.0);SD
Port:(667.0, 20.0)(742.5, 20.0)(742.5, 56.5)(794.0, 56.5)(794.0, 134.0)(667.0, 134.0);GATE
Port:(677.0, 25.0)(728.0, 25.0)(728.0, 29.0)(677.0, 29.0);SD
Module:M5
Boundary:(628.0, 354.0)(628.0, 427.0)(500.0, 427.0)(500.0, 354.0);GATE
Port:(500.0, 368.5)(510.0, 368.5)(510.0, 412.5)(500.0, 412.5);SD
Port:(628.0, 354.0)(628.0, 427.0)(515.0, 427.0)(515.0, 354.0);GATE
Port:(619.0, 364.0)(623.0, 364.0)(623.0, 417.0)(619.0, 417.0);SD
Module:M11
Boundary:(716.0, 932.0)(789.0, 932.0)(789.0, 1094.0)(716.0, 1094.0);GATE
Port:(730.5, 1084.0)(774.5, 1084.0)(774.5, 1094.0)(730.5, 1094.0);SD
Port:(716.0, 932.0)(789.0, 932.0)(789.0, 1079.0)(716.0, 1079.0);GATE
Port:(726.0, 937.0)(779.0, 937.0)(779.0, 941.0)(726.0, 941.0);SD
Module:M1
Boundary:(153.0, 846.0)(153.0, 975.5)(139.0, 975.5)(139.0, 991.0)(20.0, 991.0)(20.0, 846.0);GATE
Port:(20.0, 860.5)(30.0, 860.5)(30.0, 976.5)(20.0, 976.5);SD
Port:(153.0, 846.0)(153.0, 975.5)(139.0, 975.5)(139.0, 991.0)(35.0, 991.0)(35.0, 846.0);GATE
Port:(144.0, 856.0)(148.0, 856.0)(148.0, 961.0)(144.0, 961.0);SD
Module:M43
Boundary:(510.0, 616.0)(586.0, 616.0)(586.0, 624.0)(601.0, 624.0)(601.0, 755.0)(510.0, 755.0);GATE
Port:(524.5, 745.0)(586.5, 745.0)(586.5, 755.0)(524.5, 755.0);SD
Port:(510.0, 616.0)(586.0, 616.0)(586.0, 624.0)(601.0, 624.0)(601.0, 740.0)(510.0, 740.0);GATE
Port:(520.0, 621.0)(571.0, 621.0)(571.0, 625.0)(520.0, 625.0);SD
Module:M38
Boundary:(676.0, 932.0)(676.0, 1079.5)(660.0, 1079.5)(660.0, 1095.0)(546.0, 1095.0)(546.0, 932.0);GATE
Port:(546.0, 946.5)(556.0, 946.5)(556.0, 1080.5)(546.0, 1080.5);SD
Port:(676.0, 932.0)(676.0, 1079.5)(660.0, 1079.5)(660.0, 1095.0)(561.0, 1095.0)(561.0, 932.0);GATE
Port:(667.0, 942.0)(671.0, 942.0)(671.0, 1065.0)(667.0, 1065.0);SD
Module:M40
Boundary:(596.0, 1475.0)(743.5, 1475.0)(743.5, 1514.7)(777.0, 1514.7)(777.0, 1568.0)(596.0, 1568.0);GATE
Port:(610.5, 1558.0)(762.5, 1558.0)(762.5, 1568.0)(610.5, 1568.0);SD
Port:(596.0, 1475.0)(743.5, 1475.0)(743.5, 1514.7)(777.0, 1514.7)(777.0, 1553.0)(596.0, 1553.0);GATE
Port:(606.0, 1480.0)(729.0, 1480.0)(729.0, 1484.0)(606.0, 1484.0);SD
Module:M35
Boundary:(627.0, 20.0)(627.0, 131.5)(615.0, 131.5)(615.0, 147.0)(560.0, 147.0)(560.0, 20.0);GATE
Port:(560.0, 34.5)(570.0, 34.5)(570.0, 132.5)(560.0, 132.5);SD
Port:(627.0, 20.0)(627.0, 131.5)(615.0, 131.5)(615.0, 147.0)(575.0, 147.0)(575.0, 20.0);GATE
Port:(618.0, 30.0)(622.0, 30.0)(622.0, 117.0)(618.0, 117.0);SD
Module:M32
Boundary:(347.0, 719.0)(347.0, 812.5)(337.0, 812.5)(337.0, 828.0)(257.0, 828.0)(257.0, 719.0);GATE
Port:(257.0, 733.5)(267.0, 733.5)(267.0, 813.5)(257.0, 813.5);SD
Port:(347.0, 719.0)(347.0, 812.5)(337.0, 812.5)(337.0, 828.0)(272.0, 828.0)(272.0, 719.0);GATE
Port:(338.0, 729.0)(342.0, 729.0)(342.0, 798.0)(338.0, 798.0);SD
Module:M27
Boundary:(790.0, 189.0)(790.0, 336.5)(774.0, 336.5)(774.0, 352.0)(668.0, 352.0)(668.0, 189.0);GATE
Port:(668.0, 203.5)(678.0, 203.5)(678.0, 337.5)(668.0, 337.5);SD
Port:(790.0, 189.0)(790.0, 336.5)(774.0, 336.5)(774.0, 352.0)(683.0, 352.0)(683.0, 189.0);GATE
Port:(781.0, 199.0)(785.0, 199.0)(785.0, 322.0)(781.0, 322.0);SD
Module:M24
Boundary:(510.0, 795.0)(586.0, 795.0)(586.0, 803.0)(601.0, 803.0)(601.0, 871.0)(510.0, 871.0);GATE
Port:(524.5, 861.0)(586.5, 861.0)(586.5, 871.0)(524.5, 871.0);SD
Port:(510.0, 795.0)(586.0, 795.0)(586.0, 803.0)(601.0, 803.0)(601.0, 856.0)(510.0, 856.0);GATE
Port:(520.0, 800.0)(571.0, 800.0)(571.0, 804.0)(520.0, 804.0);SD
Module:M19
Boundary:(257.0, 477.0)(332.5, 477.0)(332.5, 587.3)(456.0, 587.3)(456.0, 659.0)(257.0, 659.0);GATE
Port:(271.5, 649.0)(441.5, 649.0)(441.5, 659.0)(271.5, 659.0);SD
Port:(257.0, 477.0)(332.5, 477.0)(332.5, 587.3)(456.0, 587.3)(456.0, 644.0)(257.0, 644.0);GATE
Port:(267.0, 482.0)(318.0, 482.0)(318.0, 486.0)(267.0, 486.0);SD
Module:M6
Boundary:(243.0, 1471.0)(372.5, 1471.0)(372.5, 1485.0)(388.0, 1485.0)(388.0, 1581.0)(243.0, 1581.0);GATE
Port:(257.5, 1571.0)(373.5, 1571.0)(373.5, 1581.0)(257.5, 1581.0);SD
Port:(243.0, 1471.0)(372.5, 1471.0)(372.5, 1485.0)(388.0, 1485.0)(388.0, 1566.0)(243.0, 1566.0);GATE
Port:(253.0, 1476.0)(358.0, 1476.0)(358.0, 1480.0)(253.0, 1480.0);SD
Module:M21
Boundary:(397.0, 709.0)(470.0, 709.0)(470.0, 862.0)(397.0, 862.0);GATE
Port:(411.5, 852.0)(455.5, 852.0)(455.5, 862.0)(411.5, 862.0);SD
Port:(397.0, 709.0)(470.0, 709.0)(470.0, 847.0)(397.0, 847.0);GATE
Port:(407.0, 714.0)(460.0, 714.0)(460.0, 718.0)(407.0, 718.0);SD
Module:M2
Boundary:(20.0, 1031.0)(113.5, 1031.0)(113.5, 1086.7)(183.0, 1086.7)(183.0, 1166.0)(20.0, 1166.0);GATE
Port:(34.5, 1156.0)(168.5, 1156.0)(168.5, 1166.0)(34.5, 1166.0);SD
Port:(20.0, 1031.0)(113.5, 1031.0)(113.5, 1086.7)(183.0, 1086.7)(183.0, 1151.0)(20.0, 1151.0);GATE
Port:(30.0, 1036.0)(99.0, 1036.0)(99.0, 1040.0)(30.0, 1040.0);SD
Module:M16
Boundary:(223.0, 1027.0)(316.5, 1027.0)(316.5, 1037.0)(332.0, 1037.0)(332.0, 1217.0)(223.0, 1217.0);GATE
Port:(237.5, 1207.0)(317.5, 1207.0)(317.5, 1217.0)(237.5, 1217.0);SD
Port:(223.0, 1027.0)(316.5, 1027.0)(316.5, 1037.0)(332.0, 1037.0)(332.0, 1202.0)(223.0, 1202.0);GATE
Port:(233.0, 1032.0)(302.0, 1032.0)(302.0, 1036.0)(233.0, 1036.0);SD
Module:M13
Boundary:(207.0, 20.0)(207.0, 113.5)(183.0, 113.5)(183.0, 165.0)(123.0, 165.0)(123.0, 20.0);GATE
Port:(123.0, 34.5)(133.0, 34.5)(133.0, 150.5)(123.0, 150.5);SD
Port:(207.0, 20.0)(207.0, 113.5)(183.0, 113.5)(183.0, 165.0)(138.0, 165.0)(138.0, 20.0);GATE
Port:(198.0, 30.0)(202.0, 30.0)(202.0, 99.0)(198.0, 99.0);SD
Module:M45
Boundary:(20.0, 1206.0)(167.5, 1206.0)(167.5, 1222.0)(183.0, 1222.0)(183.0, 1281.0)(20.0, 1281.0);GATE
Port:(34.5, 1271.0)(168.5, 1271.0)(168.5, 1281.0)(34.5, 1281.0);SD
Port:(20.0, 1206.0)(167.5, 1206.0)(167.5, 1222.0)(183.0, 1222.0)(183.0, 1266.0)(20.0, 1266.0);GATE
Port:(30.0, 1211.0)(153.0, 1211.0)(153.0, 1215.0)(30.0, 1215.0);SD
Module:M10
Boundary:(790.0, 616.0)(790.0, 689.0)(641.0, 689.0)(641.0, 616.0);GATE
Port:(641.0, 630.5)(651.0, 630.5)(651.0, 674.5)(641.0, 674.5);SD
Port:(790.0, 616.0)(790.0, 689.0)(656.0, 689.0)(656.0, 616.0);GATE
Port:(781.0, 626.0)(785.0, 626.0)(785.0, 679.0)(781.0, 679.0);SD
Module:M42
Boundary:(645.0, 1248.0)(645.0, 1395.5)(629.0, 1395.5)(629.0, 1411.0)(536.0, 1411.0)(536.0, 1248.0);GATE
Port:(536.0, 1262.5)(546.0, 1262.5)(546.0, 1396.5)(536.0, 1396.5);SD
Port:(645.0, 1248.0)(645.0, 1395.5)(629.0, 1395.5)(629.0, 1411.0)(551.0, 1411.0)(551.0, 1248.0);GATE
Port:(636.0, 1258.0)(640.0, 1258.0)(640.0, 1381.0)(636.0, 1381.0);SD
Module:M37
Boundary:(83.0, 20.0)(83.0, 149.5)(69.0, 149.5)(69.0, 165.0)(20.0, 165.0)(20.0, 20.0);GATE
Port:(20.0, 34.5)(30.0, 34.5)(30.0, 150.5)(20.0, 150.5);SD
Port:(83.0, 20.0)(83.0, 149.5)(69.0, 149.5)(69.0, 165.0)(35.0, 165.0)(35.0, 20.0);GATE
Port:(74.0, 30.0)(78.0, 30.0)(78.0, 135.0)(74.0, 135.0);SD
Module:M34
Boundary:(351.0, 878.0)(351.0, 971.5)(341.0, 971.5)(341.0, 987.0)(193.0, 987.0)(193.0, 878.0);GATE
Port:(193.0, 892.5)(203.0, 892.5)(203.0, 972.5)(193.0, 972.5);SD
Port:(351.0, 878.0)(351.0, 971.5)(341.0, 971.5)(341.0, 987.0)(208.0, 987.0)(208.0, 878.0);GATE
Port:(342.0, 888.0)(346.0, 888.0)(346.0, 957.0)(342.0, 957.0);SD
Module:M29
Boundary:(166.0, 424.0)(166.0, 517.5)(123.2, 517.5)(123.2, 569.0)(20.0, 569.0)(20.0, 424.0);GATE
Port:(20.0, 438.5)(30.0, 438.5)(30.0, 554.5)(20.0, 554.5);SD
Port:(166.0, 424.0)(166.0, 517.5)(123.2, 517.5)(123.2, 569.0)(35.0, 569.0)(35.0, 424.0);GATE
Port:(157.0, 434.0)(161.0, 434.0)(161.0, 503.0)(157.0, 503.0);SD
Module:M7
Boundary:(460.0, 354.0)(460.0, 427.0)(393.0, 427.0)(393.0, 354.0);GATE
Port:(393.0, 368.5)(403.0, 368.5)(403.0, 412.5)(393.0, 412.5);SD
Port:(460.0, 354.0)(460.0, 427.0)(408.0, 427.0)(408.0, 354.0);GATE
Port:(451.0, 364.0)(455.0, 364.0)(455.0, 417.0)(451.0, 417.0);SD
Module:M31
Boundary:(685.0, 1248.0)(778.5, 1248.0)(778.5, 1258.0)(794.0, 1258.0)(794.0, 1425.0)(685.0, 1425.0);GATE
Port:(699.5, 1415.0)(779.5, 1415.0)(779.5, 1425.0)(699.5, 1425.0);SD
Port:(685.0, 1248.0)(778.5, 1248.0)(778.5, 1258.0)(794.0, 1258.0)(794.0, 1410.0)(685.0, 1410.0);GATE
Port:(695.0, 1253.0)(764.0, 1253.0)(764.0, 1257.0)(695.0, 1257.0);SD
Module:M3
Boundary:(794.0, 729.0)(794.0, 876.5)(778.0, 876.5)(778.0, 892.0)(641.0, 892.0)(641.0, 729.0);GATE
Port:(641.0, 743.5)(651.0, 743.5)(651.0, 877.5)(641.0, 877.5);SD
Port:(794.0, 729.0)(794.0, 876.5)(778.0, 876.5)(778.0, 892.0)(656.0, 892.0)(656.0, 729.0);GATE
Port:(785.0, 739.0)(789.0, 739.0)(789.0, 862.0)(785.0, 862.0);SD
Module:M26
Boundary:(193.0, 1331.0)(193.0, 1407.0)(185.0, 1407.0)(185.0, 1422.0)(30.0, 1422.0)(30.0, 1331.0);GATE
Port:(30.0, 1345.5)(40.0, 1345.5)(40.0, 1407.5)(30.0, 1407.5);SD
Port:(193.0, 1331.0)(193.0, 1407.0)(185.0, 1407.0)(185.0, 1422.0)(45.0, 1422.0)(45.0, 1331.0);GATE
Port:(184.0, 1341.0)(188.0, 1341.0)(188.0, 1392.0)(184.0, 1392.0);SD
Module:M23
Boundary:(247.0, 360.0)(320.0, 360.0)(320.0, 420.0)(247.0, 420.0);GATE
Port:(261.5, 410.0)(305.5, 410.0)(305.5, 420.0)(261.5, 420.0);SD
Port:(247.0, 360.0)(320.0, 360.0)(320.0, 405.0)(247.0, 405.0);GATE
Port:(257.0, 365.0)(310.0, 365.0)(310.0, 369.0)(257.0, 369.0);SD
Module:M18
Boundary:(178.0, 1482.0)(178.0, 1558.0)(170.0, 1558.0)(170.0, 1573.0)(30.0, 1573.0)(30.0, 1482.0);GATE
Port:(30.0, 1496.5)(40.0, 1496.5)(40.0, 1558.5)(30.0, 1558.5);SD
Port:(178.0, 1482.0)(178.0, 1558.0)(170.0, 1558.0)(170.0, 1573.0)(45.0, 1573.0)(45.0, 1482.0);GATE
Port:(169.0, 1492.0)(173.0, 1492.0)(173.0, 1543.0)(169.0, 1543.0);SD
Module:M20
Boundary:(610.0, 187.0)(610.0, 280.5)(572.8, 280.5)(572.8, 314.0)(516.0, 314.0)(516.0, 187.0);GATE
Port:(516.0, 201.5)(526.0, 201.5)(526.0, 299.5)(516.0, 299.5);SD
Port:(610.0, 187.0)(610.0, 280.5)(572.8, 280.5)(572.8, 314.0)(531.0, 314.0)(531.0, 187.0);GATE
Port:(601.0, 197.0)(605.0, 197.0)(605.0, 266.0)(601.0, 266.0);SD
Module:M15
Boundary:(794.0, 1135.0)(794.0, 1208.0)(659.0, 1208.0)(659.0, 1135.0);GATE
Port:(659.0, 1149.5)(669.0, 1149.5)(669.0, 1193.5)(659.0, 1193.5);SD
Port:(794.0, 1135.0)(794.0, 1208.0)(674.0, 1208.0)(674.0, 1135.0);GATE
Port:(785.0, 1145.0)(789.0, 1145.0)(789.0, 1198.0)(785.0, 1198.0);SD
Module:M12
Boundary:(20.0, 609.0)(167.5, 609.0)(167.5, 625.0)(183.0, 625.0)(183.0, 806.0)(20.0, 806.0);GATE
Port:(34.5, 796.0)(168.5, 796.0)(168.5, 806.0)(34.5, 806.0);SD
Port:(20.0, 609.0)(167.5, 609.0)(167.5, 625.0)(183.0, 625.0)(183.0, 791.0)(20.0, 791.0);GATE
Port:(30.0, 614.0)(153.0, 614.0)(153.0, 618.0)(30.0, 618.0);SD
Module:M44
Boundary:(243.0, 1257.0)(319.0, 1257.0)(319.0, 1265.0)(334.0, 1265.0)(334.0, 1431.0)(243.0, 1431.0);GATE
Port:(257.5, 1421.0)(319.5, 1421.0)(319.5, 1431.0)(257.5, 1431.0);SD
Port:(243.0, 1257.0)(319.0, 1257.0)(319.0, 1265.0)(334.0, 1265.0)(334.0, 1416.0)(243.0, 1416.0);GATE
Port:(253.0, 1262.0)(304.0, 1262.0)(304.0, 1266.0)(253.0, 1266.0);SD
Module:M39
Boundary:(784.0, 402.0)(784.0, 513.5)(732.0, 513.5)(732.0, 565.0)(685.0, 565.0)(685.0, 402.0);GATE
Port:(685.0, 416.5)(695.0, 416.5)(695.0, 550.5)(685.0, 550.5);SD
Port:(784.0, 402.0)(784.0, 513.5)(732.0, 513.5)(732.0, 565.0)(700.0, 565.0)(700.0, 402.0);GATE
Port:(775.0, 412.0)(779.0, 412.0)(779.0, 499.0)(775.0, 499.0);SD
Module:M8
Boundary:(635.0, 467.0)(635.0, 560.5)(625.0, 560.5)(625.0, 576.0)(506.0, 576.0)(506.0, 467.0);GATE
Port:(506.0, 481.5)(516.0, 481.5)(516.0, 561.5)(506.0, 561.5);SD
Port:(635.0, 467.0)(635.0, 560.5)(625.0, 560.5)(625.0, 576.0)(521.0, 576.0)(521.0, 467.0);GATE
Port:(626.0, 477.0)(630.0, 477.0)(630.0, 546.0)(626.0, 546.0);SD
Module:M41
Boundary:(496.0, 1137.0)(496.0, 1213.0)(488.0, 1213.0)(488.0, 1228.0)(391.0, 1228.0)(391.0, 1137.0);GATE
Port:(391.0, 1151.5)(401.0, 1151.5)(401.0, 1213.5)(391.0, 1213.5);SD
Port:(496.0, 1137.0)(496.0, 1213.0)(488.0, 1213.0)(488.0, 1228.0)(406.0, 1228.0)(406.0, 1137.0);GATE
Port:(487.0, 1147.0)(491.0, 1147.0)(491.0, 1198.0)(487.0, 1198.0);SD
Module:M4
Boundary:(353.0, 175.0)(353.0, 268.5)(298.8, 268.5)(298.8, 320.0)(247.0, 320.0)(247.0, 175.0);GATE
Port:(247.0, 189.5)(257.0, 189.5)(257.0, 305.5)(247.0, 305.5);SD
Port:(353.0, 175.0)(353.0, 268.5)(298.8, 268.5)(298.8, 320.0)(262.0, 320.0)(262.0, 175.0);GATE
Port:(344.0, 185.0)(348.0, 185.0)(348.0, 254.0)(344.0, 254.0);SD
Module:M36
Boundary:(546.0, 1455.0)(546.0, 1566.5)(531.0, 1566.5)(531.0, 1582.0)(428.0, 1582.0)(428.0, 1455.0);GATE
Port:(428.0, 1469.5)(438.0, 1469.5)(438.0, 1567.5)(428.0, 1567.5);SD
Port:(546.0, 1455.0)(546.0, 1566.5)(531.0, 1566.5)(531.0, 1582.0)(443.0, 1582.0)(443.0, 1455.0);GATE
Port:(537.0, 1465.0)(541.0, 1465.0)(541.0, 1552.0)(537.0, 1552.0);SD
Module:M33
Boundary:(20.0, 205.0)(167.5, 205.0)(167.5, 287.8)(201.0, 287.8)(201.0, 384.0)(20.0, 384.0);GATE
Port:(34.5, 374.0)(186.5, 374.0)(186.5, 384.0)(34.5, 384.0);SD
Port:(20.0, 205.0)(167.5, 205.0)(167.5, 287.8)(201.0, 287.8)(201.0, 369.0)(20.0, 369.0);GATE
Port:(30.0, 210.0)(153.0, 210.0)(153.0, 214.0)(30.0, 214.0);SD
Module:M28
Boundary:(247.0, 20.0)(323.0, 20.0)(323.0, 28.0)(338.0, 28.0)(338.0, 135.0)(247.0, 135.0);GATE
Port:(261.5, 125.0)(323.5, 125.0)(323.5, 135.0)(261.5, 135.0);SD
Port:(247.0, 20.0)(323.0, 20.0)(323.0, 28.0)(338.0, 28.0)(338.0, 120.0)(247.0, 120.0);GATE
Port:(257.0, 25.0)(308.0, 25.0)(308.0, 29.0)(257.0, 29.0);SD
Module:M30
Boundary:(520.0, 20.0)(520.0, 96.0)(512.0, 96.0)(512.0, 111.0)(378.0, 111.0)(378.0, 20.0);GATE
Port:(378.0, 34.5)(388.0, 34.5)(388.0, 96.5)(378.0, 96.5);SD
Port:(520.0, 20.0)(520.0, 96.0)(512.0, 96.0)(512.0, 111.0)(393.0, 111.0)(393.0, 20.0);GATE
Port:(511.0, 30.0)(515.0, 30.0)(515.0, 81.0)(511.0, 81.0);SD
Module:M25
Boundary:(476.0, 151.0)(476.0, 280.5)(442.3, 280.5)(442.3, 314.0)(393.0, 314.0)(393.0, 151.0);GATE
Port:(393.0, 165.5)(403.0, 165.5)(403.0, 299.5)(393.0, 299.5);SD
Port:(476.0, 151.0)(476.0, 280.5)(442.3, 280.5)(442.3, 314.0)(408.0, 314.0)(408.0, 151.0);GATE
Port:(467.0, 161.0)(471.0, 161.0)(471.0, 266.0)(467.0, 266.0);SD
Module:M22
Boundary:(546.0, 1135.0)(619.0, 1135.0)(619.0, 1204.0)(546.0, 1204.0);GATE
Port:(560.5, 1194.0)(604.5, 1194.0)(604.5, 1204.0)(560.5, 1204.0);SD
Port:(546.0, 1135.0)(619.0, 1135.0)(619.0, 1189.0)(546.0, 1189.0);GATE
Port:(556.0, 1140.0)(609.0, 1140.0)(609.0, 1144.0)(556.0, 1144.0);SD
Module:M17
Boundary:(478.0, 1278.0)(478.0, 1389.5)(462.0, 1389.5)(462.0, 1405.0)(384.0, 1405.0)(384.0, 1278.0);GATE
Port:(384.0, 1292.5)(394.0, 1292.5)(394.0, 1390.5)(384.0, 1390.5);SD
Port:(478.0, 1278.0)(478.0, 1389.5)(462.0, 1389.5)(462.0, 1405.0)(399.0, 1405.0)(399.0, 1278.0);GATE
Port:(469.0, 1288.0)(473.0, 1288.0)(473.0, 1375.0)(469.0, 1375.0);SD
