Area:(-20.0, -20.0)(586.0, -20.0)(586.0, 895.0)(-20.0, 895.0)
Rule:GATE(5,5);SD(5,5);GATE_SD(0.5);GATE_ITO(0.5);SD_ITO(0.5)
Module:M14
Boundary:(526.0, 497.0)(526.0, 626.5)(459.1, 626.5)(459.1, 732.0)(400.0, 732.0)(400.0, 497.0);GATE
Port:(400.0, 511.5)(410.0, 511.5)(410.0, 717.5)(400.0, 717.5);SD
Port:(526.0, 497.0)(526.0, 626.5)(459.1, 626.5)(459.1, 732.0)(415.0, 732.0)(415.0, 497.0);GATE
Port:(517.0, 507.0)(521.0, 507.0)(521.0, 612.0)(517.0, 612.0);SD
Module:M9
Boundary:(305.0, 722.0)(305.0, 833.5)(293.0, 833.5)(293.0, 849.0)(151.0, 849.0)(151.0, 722.0);GATE
Port:(151.0, 736.5)(161.0, 736.5)(161.0, 834.5)(151.0, 834.5);SD
Port:(305.0, 722.0)(305.0, 833.5)(293.0, 833.5)(293.0, 849.0)(166.0, 849.0)(166.0, 722.0);GATE
Port:(296.0, 732.0)(300.0, 732.0)(300.0, 819.0)(296.0, 819.0);SD
Module:M5
Boundary:(20.0, 20.0)(93.0, 20.0)(93.0, 181.0)(20.0, 181.0);GATE
Port:(34.5, 171.0)(78.5, 171.0)(78.5, 181.0)(34.5, 181.0);SD
Port:(20.0, 20.0)(93.0, 20.0)(93.0, 166.0)(20.0, 166.0);GATE
Port:(30.0, 25.0)(83.0, 25.0)(83.0, 29.0)(30.0, 29.0);SD
Module:M11
Boundary:(20.0, 751.0)(96.0, 751.0)(96.0, 759.0)(111.0, 759.0)(111.0, 852.0)(20.0, 852.0);GATE
Port:(34.5, 842.0)(96.5, 842.0)(96.5, 852.0)(34.5, 852.0);SD
Port:(20.0, 751.0)(96.0, 751.0)(96.0, 759.0)(111.0, 759.0)(111.0, 837.0)(20.0, 837.0);GATE
Port:(30.0, 756.0)(81.0, 756.0)(81.0, 760.0)(30.0, 760.0);SD
Module:M1
Boundary:(30.0, 231.0)(159.5, 231.0)(159.5, 283.0)(211.0, 283.0)(211.0, 329.0)(30.0, 329.0);GATE
Port:(44.5, 319.0)(196.5, 319.0)(196.5, 329.0)(44.5, 329.0);SD
Port:(30.0, 231.0)(159.5, 231.0)(159.5, 283.0)(211.0, 283.0)(211.0, 314.0)(30.0, 314.0);GATE
Port:(40.0, 236.0)(145.0, 236.0)(145.0, 240.0)(40.0, 240.0);SD
Module:M6
Boundary:(261.0, 282.0)(337.0, 282.0)(337.0, 290.0)(352.0, 290.0)(352.0, 372.0)(261.0, 372.0);GATE
Port:(275.5, 362.0)(337.5, 362.0)(337.5, 372.0)(275.5, 372.0);SD
Port:(261.0, 282.0)(337.0, 282.0)(337.0, 290.0)(352.0, 290.0)(352.0, 357.0)(261.0, 357.0);GATE
Port:(271.0, 287.0)(322.0, 287.0)(322.0, 291.0)(271.0, 291.0);SD
Module:M2
Boundary:(20.0, 600.0)(96.0, 600.0)(96.0, 608.0)(111.0, 608.0)(111.0, 711.0)(20.0, 711.0);GATE
Port:(34.5, 701.0)(96.5, 701.0)(96.5, 711.0)(34.5, 711.0);SD
Port:(20.0, 600.0)(96.0, 600.0)(96.0, 608.0)(111.0, 608.0)(111.0, 696.0)(20.0, 696.0);GATE
Port:(30.0, 605.0)(81.0, 605.0)(81.0, 609.0)(30.0, 609.0);SD
Module:M16
Boundary:(401.0, 20.0)(546.0, 20.0)(546.0, 208.0)(401.0, 208.0);GATE
Port:(415.5, 198.0)(531.5, 198.0)(531.5, 208.0)(415.5, 208.0);SD
Port:(401.0, 20.0)(546.0, 20.0)(546.0, 193.0)(401.0, 193.0);GATE
Port:(411.0, 25.0)(536.0, 25.0)(536.0, 29.0)(411.0, 29.0);SD
Module:M13
Boundary:(542.0, 782.0)(542.0, 855.0)(345.0, 855.0)(345.0, 782.0);GATE
Port:(345.0, 796.5)(355.0, 796.5)(355.0, 840.5)(345.0, 840.5);SD
Port:(542.0, 782.0)(542.0, 855.0)(360.0, 855.0)(360.0, 782.0);GATE
Port:(533.0, 792.0)(537.0, 792.0)(537.0, 845.0)(533.0, 845.0);SD
Module:M10
Boundary:(147.0, 379.0)(147.0, 490.5)(94.8, 490.5)(94.8, 560.0)(20.0, 560.0)(20.0, 379.0);GATE
Port:(20.0, 393.5)(30.0, 393.5)(30.0, 545.5)(20.0, 545.5);SD
Port:(147.0, 379.0)(147.0, 490.5)(94.8, 490.5)(94.8, 560.0)(35.0, 560.0)(35.0, 379.0);GATE
Port:(138.0, 389.0)(142.0, 389.0)(142.0, 476.0)(138.0, 476.0);SD
Module:M7
Boundary:(187.0, 412.0)(298.5, 412.0)(298.5, 436.8)(350.0, 436.8)(350.0, 502.0)(187.0, 502.0);GATE
Port:(201.5, 492.0)(335.5, 492.0)(335.5, 502.0)(201.5, 502.0);SD
Port:(187.0, 412.0)(298.5, 412.0)(298.5, 436.8)(350.0, 436.8)(350.0, 487.0)(187.0, 487.0);GATE
Port:(197.0, 417.0)(284.0, 417.0)(284.0, 421.0)(197.0, 421.0);SD
Module:M3
Boundary:(221.0, 20.0)(221.0, 149.5)(207.0, 149.5)(207.0, 165.0)(133.0, 165.0)(133.0, 20.0);GATE
Port:(133.0, 34.5)(143.0, 34.5)(143.0, 150.5)(133.0, 150.5);SD
Port:(221.0, 20.0)(221.0, 149.5)(207.0, 149.5)(207.0, 165.0)(148.0, 165.0)(148.0, 20.0);GATE
Port:(212.0, 30.0)(216.0, 30.0)(216.0, 135.0)(212.0, 135.0);SD
Module:M15
Boundary:(361.0, 20.0)(361.0, 93.0)(261.0, 93.0)(261.0, 20.0);GATE
Port:(261.0, 34.5)(271.0, 34.5)(271.0, 78.5)(261.0, 78.5);SD
Port:(361.0, 20.0)(361.0, 93.0)(276.0, 93.0)(276.0, 20.0);GATE
Port:(352.0, 30.0)(356.0, 30.0)(356.0, 83.0)(352.0, 83.0);SD
Module:M12
Boundary:(540.0, 248.0)(540.0, 323.5)(470.6, 323.5)(470.6, 447.0)(392.0, 447.0)(392.0, 248.0);GATE
Port:(392.0, 262.5)(402.0, 262.5)(402.0, 432.5)(392.0, 432.5);SD
Port:(540.0, 248.0)(540.0, 323.5)(470.6, 323.5)(470.6, 447.0)(407.0, 447.0)(407.0, 248.0);GATE
Port:(531.0, 258.0)(535.0, 258.0)(535.0, 309.0)(531.0, 309.0);SD
Module:M8
Boundary:(261.0, 133.0)(337.0, 133.0)(337.0, 141.0)(352.0, 141.0)(352.0, 242.0)(261.0, 242.0);GATE
Port:(275.5, 232.0)(337.5, 232.0)(337.5, 242.0)(275.5, 242.0);SD
Port:(261.0, 133.0)(337.0, 133.0)(337.0, 141.0)(352.0, 141.0)(352.0, 227.0)(261.0, 227.0);GATE
Port:(271.0, 138.0)(322.0, 138.0)(322.0, 142.0)(271.0, 142.0);SD
Module:M4
Boundary:(187.0, 542.0)(334.5, 542.0)(334.5, 558.0)(350.0, 558.0)(350.0, 682.0)(187.0, 682.0);GATE
Port:(201.5, 672.0)(335.5, 672.0)(335.5, 682.0)(201.5, 682.0);SD
Port:(187.0, 542.0)(334.5, 542.0)(334.5, 558.0)(350.0, 558.0)(350.0, 667.0)(187.0, 667.0);GATE
Port:(197.0, 547.0)(320.0, 547.0)(320.0, 551.0)(197.0, 551.0);SD
