Area:(-20.0, -20.0)(1442.0, -20.0)(1442.0, 1071.0)(-20.0, 1071.0)
Rule:GATE(5,5);SD(5,5);GATE_SD(0.5);GATE_ITO(0.5);SD_ITO(0.5)
Module:M14
Boundary:(157.0, 20.0)(157.0, 96.0)(149.0, 96.0)(149.0, 111.0)(20.0, 111.0)(20.0, 20.0);GATE
Port:(20.0, 34.5)(30.0, 34.5)(30.0, 96.5)(20.0, 96.5);SD
Port:(157.0, 20.0)(157.0, 96.0)(149.0, 96.0)(149.0, 111.0)(35.0, 111.0)(35.0, 20.0);GATE
Port:(148.0, 30.0)(152.0, 30.0)(152.0, 81.0)(148.0, 81.0);SD
Module:M9
Boundary:(416.0, 590.0)(563.5, 590.0)(563.5, 627.7)(597.0, 627.7)(597.0, 679.0)(416.0, 679.0);GATE
Port:(430.5, 669.0)(582.5, 669.0)(582.5, 679.0)(430.5, 679.0);SD
Port:(416.0, 590.0)(563.5, 590.0)(563.5, 627.7)(597.0, 627.7)(597.0, 664.0)(416.0, 664.0);GATE
Port:(426.0, 595.0)(549.0, 595.0)(549.0, 599.0)(426.0, 599.0);SD
Module:M5
Boundary:(1231.0, 259.0)(1378.5, 259.0)(1378.5, 275.0)(1394.0, 275.0)(1394.0, 427.0)(1231.0, 427.0);GATE
Port:(1245.5, 417.0)(1379.5, 417.0)(1379.5, 427.0)(1245.5, 427.0);SD
Port:(1231.0, 259.0)(1378.5, 259.0)(1378.5, 275.0)(1394.0, 275.0)(1394.0, 412.0)(1231.0, 412.0);GATE
Port:(1241.0, 264.0)(1364.0, 264.0)(1364.0, 268.0)(1241.0, 268.0);SD
Module:M11
Boundary:(804.0, 924.0)(933.5, 924.0)(933.5, 938.0)(949.0, 938.0)(949.0, 1027.0)(804.0, 1027.0);GATE
Port:(818.5, 1017.0)(934.5, 1017.0)(934.5, 1027.0)(818.5, 1027.0);SD
Port:(804.0, 924.0)(933.5, 924.0)(933.5, 938.0)(949.0, 938.0)(949.0, 1012.0)(804.0, 1012.0);GATE
Port:(814.0, 929.0)(919.0, 929.0)(919.0, 933.0)(814.0, 933.0);SD
Module:M1
Boundary:(416.0, 441.0)(489.0, 441.0)(489.0, 550.0)(416.0, 550.0);GATE
Port:(430.5, 540.0)(474.5, 540.0)(474.5, 550.0)(430.5, 550.0);SD
Port:(416.0, 441.0)(489.0, 441.0)(489.0, 535.0)(416.0, 535.0);GATE
Port:(426.0, 446.0)(479.0, 446.0)(479.0, 450.0)(426.0, 450.0);SD
Module:M43
Boundary:(605.0, 452.0)(605.0, 528.0)(597.0, 528.0)(597.0, 543.0)(529.0, 543.0)(529.0, 452.0);GATE
Port:(529.0, 466.5)(539.0, 466.5)(539.0, 528.5)(529.0, 528.5);SD
Port:(605.0, 452.0)(605.0, 528.0)(597.0, 528.0)(597.0, 543.0)(544.0, 543.0)(544.0, 452.0);GATE
Port:(596.0, 462.0)(600.0, 462.0)(600.0, 513.0)(596.0, 513.0);SD
Module:M38
Boundary:(906.0, 223.0)(979.0, 223.0)(979.0, 306.0)(906.0, 306.0);GATE
Port:(920.5, 296.0)(964.5, 296.0)(964.5, 306.0)(920.5, 306.0);SD
Port:(906.0, 223.0)(979.0, 223.0)(979.0, 291.0)(906.0, 291.0);GATE
Port:(916.0, 228.0)(969.0, 228.0)(969.0, 232.0)(916.0, 232.0);SD
Module:M40
Boundary:(1183.0, 875.0)(1183.0, 1004.5)(1169.0, 1004.5)(1169.0, 1020.0)(999.0, 1020.0)(999.0, 875.0);GATE
Port:(999.0, 889.5)(1009.0, 889.5)(1009.0, 1005.5)(999.0, 1005.5);SD
Port:(1183.0, 875.0)(1183.0, 1004.5)(1169.0, 1004.5)(1169.0, 1020.0)(1014.0, 1020.0)(1014.0, 875.0);GATE
Port:(1174.0, 885.0)(1178.0, 885.0)(1178.0, 990.0)(1174.0, 990.0);SD
Module:M35
Boundary:(822.0, 462.0)(915.5, 462.0)(915.5, 516.2)(967.0, 516.2)(967.0, 642.0)(822.0, 642.0);GATE
Port:(836.5, 632.0)(952.5, 632.0)(952.5, 642.0)(836.5, 642.0);SD
Port:(822.0, 462.0)(915.5, 462.0)(915.5, 516.2)(967.0, 516.2)(967.0, 627.0)(822.0, 627.0);GATE
Port:(832.0, 467.0)(901.0, 467.0)(901.0, 471.0)(832.0, 471.0);SD
Module:M32
Boundary:(211.0, 340.0)(211.0, 415.5)(85.6, 415.5)(85.6, 719.0)(30.0, 719.0)(30.0, 340.0);GATE
Port:(30.0, 354.5)(40.0, 354.5)(40.0, 704.5)(30.0, 704.5);SD
Port:(211.0, 340.0)(211.0, 415.5)(85.6, 415.5)(85.6, 719.0)(45.0, 719.0)(45.0, 340.0);GATE
Port:(202.0, 350.0)(206.0, 350.0)(206.0, 401.0)(202.0, 401.0);SD
Module:M27
Boundary:(200.0, 769.0)(200.0, 842.0)(20.0, 842.0)(20.0, 769.0);GATE
Port:(20.0, 783.5)(30.0, 783.5)(30.0, 827.5)(20.0, 827.5);SD
Port:(200.0, 769.0)(200.0, 842.0)(35.0, 842.0)(35.0, 769.0);GATE
Port:(191.0, 779.0)(195.0, 779.0)(195.0, 832.0)(191.0, 832.0);SD
Module:M24
Boundary:(338.0, 310.0)(338.0, 457.5)(322.0, 457.5)(322.0, 473.0)(261.0, 473.0)(261.0, 310.0);GATE
Port:(261.0, 324.5)(271.0, 324.5)(271.0, 458.5)(261.0, 458.5);SD
Port:(338.0, 310.0)(338.0, 457.5)(322.0, 457.5)(322.0, 473.0)(276.0, 473.0)(276.0, 310.0);GATE
Port:(329.0, 320.0)(333.0, 320.0)(333.0, 443.0)(329.0, 443.0);SD
Module:M19
Boundary:(250.0, 857.0)(326.0, 857.0)(326.0, 865.0)(341.0, 865.0)(341.0, 1008.0)(250.0, 1008.0);GATE
Port:(264.5, 998.0)(326.5, 998.0)(326.5, 1008.0)(264.5, 1008.0);SD
Port:(250.0, 857.0)(326.0, 857.0)(326.0, 865.0)(341.0, 865.0)(341.0, 993.0)(250.0, 993.0);GATE
Port:(260.0, 862.0)(311.0, 862.0)(311.0, 866.0)(260.0, 866.0);SD
Module:M6
Boundary:(356.0, 513.0)(356.0, 624.5)(344.0, 624.5)(344.0, 640.0)(261.0, 640.0)(261.0, 513.0);GATE
Port:(261.0, 527.5)(271.0, 527.5)(271.0, 625.5)(261.0, 625.5);SD
Port:(356.0, 513.0)(356.0, 624.5)(344.0, 624.5)(344.0, 640.0)(276.0, 640.0)(276.0, 513.0);GATE
Port:(347.0, 523.0)(351.0, 523.0)(351.0, 610.0)(347.0, 610.0);SD
Module:M21
Boundary:(1233.0, 814.0)(1362.5, 814.0)(1362.5, 828.0)(1378.0, 828.0)(1378.0, 882.0)(1233.0, 882.0);GATE
Port:(1247.5, 872.0)(1363.5, 872.0)(1363.5, 882.0)(1247.5, 882.0);SD
Port:(1233.0, 814.0)(1362.5, 814.0)(1362.5, 828.0)(1378.0, 828.0)(1378.0, 867.0)(1233.0, 867.0);GATE
Port:(1243.0, 819.0)(1348.0, 819.0)(1348.0, 823.0)(1243.0, 823.0);SD
Module:M2
Boundary:(997.0, 20.0)(997.0, 131.5)(971.9, 131.5)(971.9, 183.0)(906.0, 183.0)(906.0, 20.0);GATE
Port:(906.0, 34.5)(916.0, 34.5)(916.0, 168.5)(906.0, 168.5);SD
Port:(997.0, 20.0)(997.0, 131.5)(971.9, 131.5)(971.9, 183.0)(921.0, 183.0)(921.0, 20.0);GATE
Port:(988.0, 30.0)(992.0, 30.0)(992.0, 117.0)(988.0, 117.0);SD
Module:M16
Boundary:(416.0, 20.0)(492.0, 20.0)(492.0, 28.0)(507.0, 28.0)(507.0, 176.0)(416.0, 176.0);GATE
Port:(430.5, 166.0)(492.5, 166.0)(492.5, 176.0)(430.5, 176.0);SD
Port:(416.0, 20.0)(492.0, 20.0)(492.0, 28.0)(507.0, 28.0)(507.0, 161.0)(416.0, 161.0);GATE
Port:(426.0, 25.0)(477.0, 25.0)(477.0, 29.0)(426.0, 29.0);SD
Module:M13
Boundary:(416.0, 216.0)(489.0, 216.0)(489.0, 401.0)(416.0, 401.0);GATE
Port:(430.5, 391.0)(474.5, 391.0)(474.5, 401.0)(430.5, 401.0);SD
Port:(416.0, 216.0)(489.0, 216.0)(489.0, 386.0)(416.0, 386.0);GATE
Port:(426.0, 221.0)(479.0, 221.0)(479.0, 225.0)(426.0, 225.0);SD
Module:M45
Boundary:(962.0, 682.0)(962.0, 755.0)(807.0, 755.0)(807.0, 682.0);GATE
Port:(807.0, 696.5)(817.0, 696.5)(817.0, 740.5)(807.0, 740.5);SD
Port:(962.0, 682.0)(962.0, 755.0)(822.0, 755.0)(822.0, 682.0);GATE
Port:(953.0, 692.0)(957.0, 692.0)(957.0, 745.0)(953.0, 745.0);SD
Module:M10
Boundary:(20.0, 171.0)(149.5, 171.0)(149.5, 185.0)(165.0, 185.0)(165.0, 290.0)(20.0, 290.0);GATE
Port:(34.5, 280.0)(150.5, 280.0)(150.5, 290.0)(34.5, 290.0);SD
Port:(20.0, 171.0)(149.5, 171.0)(149.5, 185.0)(165.0, 185.0)(165.0, 275.0)(20.0, 275.0);GATE
Port:(30.0, 176.0)(135.0, 176.0)(135.0, 180.0)(30.0, 180.0);SD
Module:M42
Boundary:(782.0, 457.0)(782.0, 533.0)(774.0, 533.0)(774.0, 548.0)(645.0, 548.0)(645.0, 457.0);GATE
Port:(645.0, 471.5)(655.0, 471.5)(655.0, 533.5)(645.0, 533.5);SD
Port:(782.0, 457.0)(782.0, 533.0)(774.0, 533.0)(774.0, 548.0)(660.0, 548.0)(660.0, 457.0);GATE
Port:(773.0, 467.0)(777.0, 467.0)(777.0, 518.0)(773.0, 518.0);SD
Module:M37
Boundary:(1401.0, 922.0)(1401.0, 1015.5)(1391.0, 1015.5)(1391.0, 1031.0)(1233.0, 1031.0)(1233.0, 922.0);GATE
Port:(1233.0, 936.5)(1243.0, 936.5)(1243.0, 1016.5)(1233.0, 1016.5);SD
Port:(1401.0, 922.0)(1401.0, 1015.5)(1391.0, 1015.5)(1391.0, 1031.0)(1248.0, 1031.0)(1248.0, 922.0);GATE
Port:(1392.0, 932.0)(1396.0, 932.0)(1396.0, 1001.0)(1392.0, 1001.0);SD
Module:M34
Boundary:(1037.0, 183.0)(1166.5, 183.0)(1166.5, 197.0)(1182.0, 197.0)(1182.0, 250.0)(1037.0, 250.0);GATE
Port:(1051.5, 240.0)(1167.5, 240.0)(1167.5, 250.0)(1051.5, 250.0);SD
Port:(1037.0, 183.0)(1166.5, 183.0)(1166.5, 197.0)(1182.0, 197.0)(1182.0, 235.0)(1037.0, 235.0);GATE
Port:(1047.0, 188.0)(1152.0, 188.0)(1152.0, 192.0)(1047.0, 192.0);SD
Module:M29
Boundary:(619.0, 930.0)(694.5, 930.0)(694.5, 953.0)(746.0, 953.0)(746.0, 1018.0)(619.0, 1018.0);GATE
Port:(633.5, 1008.0)(731.5, 1008.0)(731.5, 1018.0)(633.5, 1018.0);SD
Port:(619.0, 930.0)(694.5, 930.0)(694.5, 953.0)(746.0, 953.0)(746.0, 1003.0)(619.0, 1003.0);GATE
Port:(629.0, 935.0)(680.0, 935.0)(680.0, 939.0)(629.0, 939.0);SD
Module:M7
Boundary:(767.0, 588.0)(767.0, 664.0)(759.0, 664.0)(759.0, 679.0)(645.0, 679.0)(645.0, 588.0);GATE
Port:(645.0, 602.5)(655.0, 602.5)(655.0, 664.5)(645.0, 664.5);SD
Port:(767.0, 588.0)(767.0, 664.0)(759.0, 664.0)(759.0, 679.0)(660.0, 679.0)(660.0, 588.0);GATE
Port:(758.0, 598.0)(762.0, 598.0)(762.0, 649.0)(758.0, 649.0);SD
Module:M31
Boundary:(1402.0, 20.0)(1402.0, 167.5)(1296.0, 167.5)(1296.0, 219.0)(1222.0, 219.0)(1222.0, 20.0);GATE
Port:(1222.0, 34.5)(1232.0, 34.5)(1232.0, 204.5)(1222.0, 204.5);SD
Port:(1402.0, 20.0)(1402.0, 167.5)(1296.0, 167.5)(1296.0, 219.0)(1237.0, 219.0)(1237.0, 20.0);GATE
Port:(1393.0, 30.0)(1397.0, 30.0)(1397.0, 153.0)(1393.0, 153.0);SD
Module:M3
Boundary:(1185.0, 644.0)(1185.0, 737.5)(1093.5, 737.5)(1093.5, 825.0)(1007.0, 825.0)(1007.0, 644.0);GATE
Port:(1007.0, 658.5)(1017.0, 658.5)(1017.0, 810.5)(1007.0, 810.5);SD
Port:(1185.0, 644.0)(1185.0, 737.5)(1093.5, 737.5)(1093.5, 825.0)(1022.0, 825.0)(1022.0, 644.0);GATE
Port:(1176.0, 654.0)(1180.0, 654.0)(1180.0, 723.0)(1176.0, 723.0);SD
Module:M26
Boundary:(406.0, 896.0)(517.5, 896.0)(517.5, 959.6)(569.0, 959.6)(569.0, 1015.0)(406.0, 1015.0);GATE
Port:(420.5, 1005.0)(554.5, 1005.0)(554.5, 1015.0)(420.5, 1015.0);SD
Port:(406.0, 896.0)(517.5, 896.0)(517.5, 959.6)(569.0, 959.6)(569.0, 1000.0)(406.0, 1000.0);GATE
Port:(416.0, 901.0)(503.0, 901.0)(503.0, 905.0)(416.0, 905.0);SD
Module:M23
Boundary:(1402.0, 467.0)(1402.0, 542.5)(1303.0, 542.5)(1303.0, 774.0)(1231.0, 774.0)(1231.0, 467.0);GATE
Port:(1231.0, 481.5)(1241.0, 481.5)(1241.0, 759.5)(1231.0, 759.5);SD
Port:(1402.0, 467.0)(1402.0, 542.5)(1303.0, 542.5)(1303.0, 774.0)(1246.0, 774.0)(1246.0, 467.0);GATE
Port:(1393.0, 477.0)(1397.0, 477.0)(1397.0, 528.0)(1393.0, 528.0);SD
Module:M18
Boundary:(1180.0, 300.0)(1180.0, 411.5)(1168.0, 411.5)(1168.0, 427.0)(1040.0, 427.0)(1040.0, 300.0);GATE
Port:(1040.0, 314.5)(1050.0, 314.5)(1050.0, 412.5)(1040.0, 412.5);SD
Port:(1180.0, 300.0)(1180.0, 411.5)(1168.0, 411.5)(1168.0, 427.0)(1055.0, 427.0)(1055.0, 300.0);GATE
Port:(1171.0, 310.0)(1175.0, 310.0)(1175.0, 397.0)(1171.0, 397.0);SD
Module:M20
Boundary:(205.0, 171.0)(316.5, 171.0)(316.5, 199.0)(368.0, 199.0)(368.0, 270.0)(205.0, 270.0);GATE
Port:(219.5, 260.0)(353.5, 260.0)(353.5, 270.0)(219.5, 270.0);SD
Port:(205.0, 171.0)(316.5, 171.0)(316.5, 199.0)(368.0, 199.0)(368.0, 255.0)(205.0, 255.0);GATE
Port:(215.0, 176.0)(302.0, 176.0)(302.0, 180.0)(215.0, 180.0);SD
Module:M15
Boundary:(696.0, 246.0)(843.5, 246.0)(843.5, 262.0)(859.0, 262.0)(859.0, 417.0)(696.0, 417.0);GATE
Port:(710.5, 407.0)(844.5, 407.0)(844.5, 417.0)(710.5, 417.0);SD
Port:(696.0, 246.0)(843.5, 246.0)(843.5, 262.0)(859.0, 262.0)(859.0, 402.0)(696.0, 402.0);GATE
Port:(706.0, 251.0)(829.0, 251.0)(829.0, 255.0)(706.0, 255.0);SD
Module:M12
Boundary:(739.0, 20.0)(850.5, 20.0)(850.5, 32.0)(866.0, 32.0)(866.0, 206.0)(739.0, 206.0);GATE
Port:(753.5, 196.0)(851.5, 196.0)(851.5, 206.0)(753.5, 206.0);SD
Port:(739.0, 20.0)(850.5, 20.0)(850.5, 32.0)(866.0, 32.0)(866.0, 191.0)(739.0, 191.0);GATE
Port:(749.0, 25.0)(836.0, 25.0)(836.0, 29.0)(749.0, 29.0);SD
Module:M44
Boundary:(637.0, 719.0)(748.5, 719.0)(748.5, 731.0)(764.0, 731.0)(764.0, 890.0)(637.0, 890.0);GATE
Port:(651.5, 880.0)(749.5, 880.0)(749.5, 890.0)(651.5, 890.0);SD
Port:(637.0, 719.0)(748.5, 719.0)(748.5, 731.0)(764.0, 731.0)(764.0, 875.0)(637.0, 875.0);GATE
Port:(647.0, 724.0)(734.0, 724.0)(734.0, 728.0)(647.0, 728.0);SD
Module:M39
Boundary:(366.0, 30.0)(366.0, 106.0)(358.0, 106.0)(358.0, 121.0)(207.0, 121.0)(207.0, 30.0);GATE
Port:(207.0, 44.5)(217.0, 44.5)(217.0, 106.5)(207.0, 106.5);SD
Port:(366.0, 30.0)(366.0, 106.0)(358.0, 106.0)(358.0, 121.0)(222.0, 121.0)(222.0, 30.0);GATE
Port:(357.0, 40.0)(361.0, 40.0)(361.0, 91.0)(357.0, 91.0);SD
Module:M8
Boundary:(352.0, 680.0)(352.0, 791.5)(340.0, 791.5)(340.0, 807.0)(261.0, 807.0)(261.0, 680.0);GATE
Port:(261.0, 694.5)(271.0, 694.5)(271.0, 792.5)(261.0, 792.5);SD
Port:(352.0, 680.0)(352.0, 791.5)(340.0, 791.5)(340.0, 807.0)(276.0, 807.0)(276.0, 680.0);GATE
Port:(343.0, 690.0)(347.0, 690.0)(347.0, 777.0)(343.0, 777.0);SD
Module:M41
Boundary:(899.0, 346.0)(975.0, 346.0)(975.0, 354.0)(990.0, 354.0)(990.0, 422.0)(899.0, 422.0);GATE
Port:(913.5, 412.0)(975.5, 412.0)(975.5, 422.0)(913.5, 422.0);SD
Port:(899.0, 346.0)(975.0, 346.0)(975.0, 354.0)(990.0, 354.0)(990.0, 407.0)(899.0, 407.0);GATE
Port:(909.0, 351.0)(960.0, 351.0)(960.0, 355.0)(909.0, 355.0);SD
Module:M4
Boundary:(592.0, 719.0)(592.0, 776.5)(547.9, 776.5)(547.9, 846.0)(396.0, 846.0)(396.0, 719.0);GATE
Port:(396.0, 733.5)(406.0, 733.5)(406.0, 831.5)(396.0, 831.5);SD
Port:(592.0, 719.0)(592.0, 776.5)(547.9, 776.5)(547.9, 846.0)(411.0, 846.0)(411.0, 719.0);GATE
Port:(583.0, 729.0)(587.0, 729.0)(587.0, 762.0)(583.0, 762.0);SD
Module:M36
Boundary:(1191.0, 477.0)(1191.0, 588.5)(1179.0, 588.5)(1179.0, 604.0)(1007.0, 604.0)(1007.0, 477.0);GATE
Port:(1007.0, 491.5)(1017.0, 491.5)(1017.0, 589.5)(1007.0, 589.5);SD
Port:(1191.0, 477.0)(1191.0, 588.5)(1179.0, 588.5)(1179.0, 604.0)(1022.0, 604.0)(1022.0, 477.0);GATE
Port:(1182.0, 487.0)(1186.0, 487.0)(1186.0, 574.0)(1182.0, 574.0);SD
Module:M33
Boundary:(1037.0, 20.0)(1148.5, 20.0)(1148.5, 75.0)(1182.0, 75.0)(1182.0, 143.0)(1037.0, 143.0);GATE
Port:(1051.5, 133.0)(1167.5, 133.0)(1167.5, 143.0)(1051.5, 143.0);SD
Port:(1037.0, 20.0)(1148.5, 20.0)(1148.5, 75.0)(1182.0, 75.0)(1182.0, 128.0)(1037.0, 128.0);GATE
Port:(1047.0, 25.0)(1134.0, 25.0)(1134.0, 29.0)(1047.0, 29.0);SD
Module:M28
Boundary:(699.0, 20.0)(699.0, 96.0)(691.0, 96.0)(691.0, 111.0)(547.0, 111.0)(547.0, 20.0);GATE
Port:(547.0, 34.5)(557.0, 34.5)(557.0, 96.5)(547.0, 96.5);SD
Port:(699.0, 20.0)(699.0, 96.0)(691.0, 96.0)(691.0, 111.0)(562.0, 111.0)(562.0, 20.0);GATE
Port:(690.0, 30.0)(694.0, 30.0)(694.0, 81.0)(690.0, 81.0);SD
Module:M30
Boundary:(804.0, 795.0)(915.5, 795.0)(915.5, 830.7)(949.0, 830.7)(949.0, 884.0)(804.0, 884.0);GATE
Port:(818.5, 874.0)(934.5, 874.0)(934.5, 884.0)(818.5, 884.0);SD
Port:(804.0, 795.0)(915.5, 795.0)(915.5, 830.7)(949.0, 830.7)(949.0, 869.0)(804.0, 869.0);GATE
Port:(814.0, 800.0)(901.0, 800.0)(901.0, 804.0)(814.0, 804.0);SD
Module:M25
Boundary:(529.0, 259.0)(656.0, 259.0)(656.0, 412.0)(529.0, 412.0);GATE
Port:(543.5, 402.0)(641.5, 402.0)(641.5, 412.0)(543.5, 412.0);SD
Port:(529.0, 259.0)(656.0, 259.0)(656.0, 397.0)(529.0, 397.0);GATE
Port:(539.0, 264.0)(646.0, 264.0)(646.0, 268.0)(539.0, 268.0);SD
Module:M22
Boundary:(547.0, 151.0)(640.5, 151.0)(640.5, 161.0)(656.0, 161.0)(656.0, 219.0)(547.0, 219.0);GATE
Port:(561.5, 209.0)(641.5, 209.0)(641.5, 219.0)(561.5, 219.0);SD
Port:(547.0, 151.0)(640.5, 151.0)(640.5, 161.0)(656.0, 161.0)(656.0, 204.0)(547.0, 204.0);GATE
Port:(557.0, 156.0)(626.0, 156.0)(626.0, 160.0)(557.0, 160.0);SD
Module:M17
Boundary:(30.0, 892.0)(159.5, 892.0)(159.5, 906.0)(175.0, 906.0)(175.0, 1021.0)(30.0, 1021.0);GATE
Port:(44.5, 1011.0)(160.5, 1011.0)(160.5, 1021.0)(44.5, 1021.0);SD
Port:(30.0, 892.0)(159.5, 892.0)(159.5, 906.0)(175.0, 906.0)(175.0, 1006.0)(30.0, 1006.0);GATE
Port:(40.0, 897.0)(145.0, 897.0)(145.0, 901.0)(40.0, 901.0);SD
